1024 1024 6272
107 107 107 258 258 258 258 258 310 310 310 899 901 901 901
9 9 648 648 648 648 664 849 1002 1002 1002
329 329 329 329 329
414 414 414 414 414 452 452 452 915
212 212 212 368
61 61 61 167 167 167 185 185 185 185 185 250 250 250 263 263 263 328 328 328 331 331 331 341 341 341 342 342 342 531 531 531 569 569 569 678 686 686 710 710 710 767 767 767 767 954 954 954 992 992
759 759 759 759
278 278 278 278 278 799
229 229 229 231 231 231 300 300 366 366 366 553 553 553 896 896 896
1 1 648 648 648
347 943 943 943
160 160 160 160 160 748 748
19 82 82 240 240 240 240 240 285 781
212 212 212 803 803 803 825 825 825
51 51 51 51 51 178 178 178 178 787 787 787 954 954 954 1005
69 147 147 147
107 815 954 954 954
82 82 82 172 240 643 643 643
21 21 21 21 21 436 725 725 804 927 927 927 927 927
12 82 82 82
162 162 162 229 229 229 398 766 766 766 766 766
18 18 18 18 18 284 574 574 574 574 922 922 922 927 927 968 968 968
84 117 117 117 117 117 277 277
74 110 110 110 120 120 235 308 308 308 617 617 617 855 879 879 879 1005 1005 1005
31 31 351 351 351 351 351 728 728 728 728 728
478 478 478 780 780 780 971 971 971
244 244 244 244 244 422 422 422 453 584 584 876
447 447 447 447 447 531 886 886 886
463 463 463
121 121 121 121 121 853 853 853
146 146 146 224 224 224 417 417 884 884 954 954 954
24 24 351 351 351 548 548 548 782
229 229 229 405 405 405 405 405 462 603 603 603 746 746 746 822 822 822 998 998 998
77 77 77 442 442 442 442 442 1016 1016 1016 1016 1016
176 532 949 949 949
647 879 879 879 965 965 965 965 965 1005 1005 1005
166 166 166 229 229 229
462 462 462 462 462 602 602 602 628 628 628 628 628 751 751 751 842 842 842 842 842 937 937 954 954 954
229 229 229
990
497 497 497 802 802 802 802 802 954 954 954 965
77 77 77 77 77 82 82 82
98 277 277
497 497 497 954 954 954
91 538 538 538 559 559 559 712 712 712 845 845 845 1003 1003 1003
62 62 62 62 62 399 399 399 399 399 981 981 981 981
176 176 176 451 451 451 451 451 855 855 855 855 855 1019 1019 1019 1019 1019
189 189 324 324 324 324 324
701 701 701 720 720 720
161 903 903 903
277 277 277 555 555 555 700 700 700 700 855 1004 1004 1004 1004 1004
14 14 14 14 14 178 647 647 647 647 647 837 837 837 837 837 998 998 998
452 452 452 530 530 530 708 708 708 708 708
336 336 336 502 502 502 532 532 532 721 721 721 721 838 838 838 838 838 874 874 874 874 874 936 936 936 936 936
279 279 279 279 279 308 308 551 879 879 879
954 954 954 954 954
220 220 220 275 275 275 275 275 582 582 582 582 582 651 651 651 942 942 942 942 942
79 79 79 146 146 146 146 146 344 344 344 524 524 524 524 524 880 880 880 880 880
458 458 458 458 458 610 985 985
159 159 159 159 159 903 903 903
366 366 366 399 399 399 650
5 5 5 328 328 328 686 686 686 686 686 799 799 799 799 799 954 954 954
45 45 45 45 45 109 109 109 109 109
154 154 154 220 382 382 382 382 382 626
229 229 229 277 277 277 278 407 407 407 407 407
272 272 272 274 274 274 449 449 449 449 449
435 435 435 786 786 786 877 877 877 903 903 903 903 903
229 229 461 776 776 776
382 382 810 810 810
15 472 472 472 755 925 925 925
325 325 325 325 589 589 589
151 151 151 448 448 448
277 277 277 282 876 876 876
229 229 229 445 445 445 614 614 614 644 644 644
23 160 160 179 179 179 179 179 564 564 564 646 646 646 717 717 717 839 839 839 879 879 879 879 954 954 954
810 810 810
194 194 194 766 958 958 958
33 33 33 41 41 41 41 41 229 229 544
366 366 366
57 57 57 99 99 99 111 111 229 229 229 241 241 420 420 611 611 611 781 819 819 819 866 866 880 880 905
536 536 536 954 954 954
472 472 472 472 472 604 604 604 606 761 761 761 761 761 826 826
12 12 17 17 17 19 19 19 41 41 41 147 147 147 197 197 197 197 209 209 209 267 267 267 283 283 283 283 283 343 343 343 353 353 353 355 355 355 366 500 500 500 513 513 513 537 537 537 593 593 593 643 643 643 657 657 657 657 657 699 699 699 728 728 728 787 787 787 991
741 741 741 1006 1006 1006
22 277 277 277 419 419 419 430 430 430
123 123 123 462 462 462 462 462 502 780 780 780 863 863 863
170 170 170 170 170 376 376 376 376 376 531 661 661 661 661 661 799 799 799 799 799 1017 1017
674 674 674
569 658 658 658 658 658
422 427 427 427
532 532 692 692 692 692 692
44 241 241 241 241 241
403 403 403 403 403 479 479 479 691 691 691 691 691 1010 1010 1010
266 649 649 649 649 736 736 736 736 736 902 902 902
277 277 277 473 473 902 902 902
667 667 667 667 667 798 798 798 798 798 866 866 866 866 866 1006
601 714 714 714 974 974
928 928 928
42 739 739 739
79 79 79 760 760 760 760 760 804
318 318 318 436 436 436 436 436 963 963
125 488 488 756 756 756 756 843 843 843 843 843
324 324 324 324 324 362 397 397 397 397 397 414 414 414 414 414 480 480 558 980 980 980 980 980
410 410 410
113 113 113 113 113 318 358 358 358 358 358 739 739 739
660 660 660 673 986 986 986
392 392 517 517 517 517 517
0 0 0 16 171 171 171 310 310 310 310 310 633 633 633 661 661 661 837 837 837 901 901 901 954 954 981
366 366 366 409 409 409 458 458 458 458 458 607 607 607
62 62 62 62 62 229 229 229 775 775 775 1021 1021 1021
23 23 23 1005 1005 1005
79 79 420 420 420 778 778 778 778 778
154 154 154
104 104 104 104 104 162 162 162
366 366 366 399 399 399 448 750 750 750 750 750 980 980 980 980 991 991 991 991 991
150 229 229 229 233 233 233 632 632 632 654 654 654 718 963 963 963 963 963 985 985 985
238 238 238 326 326 326 326 326 333 338
22 22 22 22 22 138 138 138 1009
128 128 128 128 128 855 855 855
162 162 227 227 227 227 227 739 739 739 797 797 797 797 797 941 1007
23 23 225 225 225 225 225
29 29 29 29 29 395 529 529 529 529 529 553 569 569 569 744 744 744 744 744
189 189 189 189 323 323 323 323 323
85 85 85 168 168 168 435 435 435 525 525 525 546 550 780 780 780 863 863 863 995 995 995 1004 1004 1004
367 367 367
101 250 250 250 509 509 509 509 569 923 923 923 946
399 640 640 640 833 833 833
402 402 402 465 595 736 736 736 860 860 860 860 860 973 973 973 973 973
118 118 118 118 118 954 954 954
265 265 265 477 477 477 477 486 486 498 498 498 498 498 557 557 557 688 688 688 688 688 898 898 1023
554 554 554 554 554 932 932 932 954 954 954
132 132 132 132 132 271 271 271 271 286 407 407 452
131 131 131 131 131 271 873 873 873 998 998 998
298 298 298 298 298 497 497 497
916 916 916 916 916 954 954 954
199 199 199 567 571 571 571 740 919
252 252 270 270 270 270 270 519
284 284 284 284 684 684 684 954 954 954 954 954
117 117 117 242 242 242 421 421 421 1006 1006 1006 1009 1009 1009
277 277 361 541 541 541 1018
153 181 181 181 181 181
245 245 245 245 245 660 660 660 734 734 734
262 262 262 262 262 400 624 624 651 959 959 959
857 857 857 857 857
407 407 407
169 169 169 169 169 325 505 505 505 1017 1017 1017
30 30 30 57 57 57 57 57 417 417 417 884 884 884 884 884
15 15 15 82 82 82 235 235 235 257 497 497 497 501 501 501 512 536 699 699 699 714 737 737 737 939 940 940 940 940 940 954 954 954
208 208 208
366 399 399 399 399 399 723 981 999 999 999 999
115 700 826 826 826 1006 1006 1006
71 71 71 202 202 202 285 285 309 407 407 407 407 407
432 432 432 432 432 756 756 756
140 323 323 323 357 357 357 522 603 603 603
63 63 63 112 112 112 252 252 252 252 252 360 360 360 617 617 617 856 856 856
193 193 193 193 193 279 279 279 279 279 629 699
389 533 589 589 589 589 589 640 640 640 989 989
173 173 173 173 173 205 205 205 494 494 494 632 632 632 632 632 857 857 857 954 954 954
277 277 277 375 375 375 375
59 59 59 59 59 171 210 582 587 681 700 700 700 700 700 716 942 954 954
11 11 11 11 11 74 74 646 646 646 748 748 748 748 748 839
49 541 541 541 689
20 20 20 113 113 113 119 119 204 204 204 229 229 229 277 277 277 292 303 303 303 321 321 321 392 439 439 439 472 472 472 472 472 490 572 572 572 637 637 637 647 647 647 715 715 715 715 739 739 739 752 758 758 758 797 797 797 903 903 903 925 925
954 954 954 954 954
569 569 569 569 569 673 673
569 569 569 569 660 673 673
36 36 36 256 256 256 635 635 635
5 5 5 328 328 328 576 580 580 580
123 123 123 435 435 525 525 525 858 858 858 858 858
145 145 145 145 145 366 366 366 366 366 592 592 592 592 592 999 999
86 86 86 86 86 192 287 1017 1017 1017
107 107 107 159 210 210 215 215 215 215 588 588 588 954 954 954
17 267 267 267 576 576 576 718 718 718 718 718 915 915
157 157 157 157 157 205 205 205 205 339 339 617 617 617 617 617
273 471 471 471 585 585 585 702 702 702 780 780 780
239 347 347 347 507 507 507 507 507 509 764 764 769 769 769 780 780 780 807 807 807 832 832 832 832 943 943 943 969 969
34 46 46 46 511 511 511 660 660 660 754 754 754
428 428 432 486 486 486 498 498 498 498 498 696 861 861 861 861
14 14 14 14 51 273 273 273 683 772 954 954
74 74 74 74 74 308 308 308
856
140 140 140 140 140 266 266 266 266 266 562 562 562 562 562 831 831 831 831 911 911
229 229 229 329 329 329 387 387 387 796 796 796 994 994 994
277 277 277 858 858 858
333 573
5 5 5 5 5
516 516 516 704 704 704 799 799 799 799 799 954 954 954
434 434 434 488 756 756 756 962
502 502 502 502 502 635 773 773
47 47 122 122 122 122 277 277 277 846 846 846 872 872 872 903 903 903
234 234 382 382 382 382 382 956
328 328 328 328 328 601 601 601 601 601
170 239 239 239 239 239 354 354 354 354 354 391 391 391
155 155 155 155 155 363 699 699 939 939 939 939 939
76 76 76 919 958 958 958
223 223 223 223 223 481 481 481 481 677 978 978 978
199 199 199 218 218 229 229 229 571 571 571 581 581 581 678 678 678 678 678 681 681 681 681 681 694 694 694 694 694 794 794 869 869 869 954 954 954
82 82 82 82 355 355
882 954 954 954
135 135 135 196 196 196 203 203 297 571 571 571 794
568
340 340 340 340 360 684
151 151 151 274 285 407 407 407 584 715
199 199 571 571 571 571 571
162 162 162 303 303 303
157 157 157 173 173 173 173 954 954 954
277 277 277 315 478
247 247 596 596 596 596 596
148 148 148 361 361 361 549 714 714 714 811 811 811 811 811 1006
82 82 82 366 367 905 905 905 905 905 954 954
159 171 171 215 215 215 215 215 723 723 723
241 241 241 241 241 284 284 284 689 689 689 689 689 772
4 4 4 13 13 13 470 470 470 470 470 825 825 825 884 912 912 912 912
314 314 683 683 683 929 929 929 954 954 954
575 575 575 575 575 611 611 611 670 880 880 880
171 171 171 171 210 210 210 210 210
329 329 329
365 365 425 425 425 425 425 434 434 451 451 451 451 451 500 500 500 500 500 515 594 594 594 594 594 610 610 610
196 196 869 954 954 954 1002
887 887 887
56 56 56 63 437 437 437 521 521 521 521 521 595 595 651 651 651
229 229 229 229 377 377 478 478 478 478 478
513 787 787
195 195 195 195 195 694 816 816 816 816 816
30 30 30 508
120 120 120 120 120 465 537 537 537 537 537 795 879
388 388 388 388 388 634 709
119 119 119 119 119 632
699 699 699 699 699 741 1000 1000 1000
8 8 8 20 20 20 32 32 32 36 36 36 38 38 38 64 64 64 67 67 73 73 73 77 77 79 79 79 109 109 109 115 115 115 162 162 162 182 182 182 196 196 196 221 221 221 221 230 230 230 241 241 241 277 277 277 281 281 300 320 320 320 323 323 323 345 345 345 358 358 358 366 366 366 368 368 368 398 398 405 405 405 407 407 407 408 408 408 408 408 424 424 424 427 427 427 430 442 442 442 446 446 446 464 464 464 476 476 485 485 485 500 500 500 500 500 534 534 534 544 544 544 544 544 578 578 578 600 600 600 603 603 603 614 614 630 630 630 632 632 632 655 655 655 681 681 681 691 691 691 706 706 706 719 719 719 722 722 722 722 722 726 726 726 730 730 747 747 747 752 752 752 766 766 775 775 775 776 776 776 776 780 780 780 796 796 796 809 809 809 818 818 818 829 829 829 829 829 830 830 830 863 864 864 864 869 869 869 871 871 871 880 880 885 885 886 886 886 891 891 891 906 906 906 948 948 948 949 949 949 954 954 954 987 987 987 994 994 994 998 998 998 1011 1011 1011 1013 1013 1013
229 229 229 719 719 719 880
8 8 8 366 442 554 554 554
820 916 916 916 916 916
115 115 115 252 632 632 632 689
190 190 631 631 642 642 642 642 642 810 810 810 810 834 834 834 891 891 891 956 956 956 956 956
23 147 147 147 308
775 775 775 775 775 830
966 966 966
116 116 116 309 309 309 609 609 609 609 609 660 660 814 890 922 922 922
175 192 192 192 192 192 273 273 273 273 273 366 366 366 366 366 391 391 391 671 950 950 950 954 954 954 954 954
12 12 12 12 12 17 602 602 602 602 602 907 907 907
79 79 91 91 91 91 91 211 211 211 211 211 229 229 229 524 524 524 524 524 765 765 765 765 765
138 138 138 1013
387 583 583 583 671 671 671 671 671
26 26 26 26 26 617 617 617 642 642 642 642 642
141 141 141 141 141 313 313 313 800 800 800 800 800
536 536 536 1009 1009 1009 1009 1009
207 207 596 596 596
362 362 362 397 397 397 816 816 816
568 568 568 568 568 909 909 909 962 1017 1017 1017
5 5 5 125 125 125 569 621 621 621 686 954 954 954
343 343 343
136 136 154 154 154 154 154 233 376 376 376 819 856 856
335 335 335 335 335 366 366 366 393 393 393
677 677 677 1011 1011 1011
382 382 382 382 597
166 166 166
147 545 545
0 0 0 0 0 791 791 791 791 791
295 502 502 502 532 532 532 850 850 850 850 850 966 966
607 607 607 607 607 714
366 366 366
142 142 142 142 142 363 363 363 366 366 366 412 412 412 440 440 563 563 563 624 624 624 660 660 799 799 799 959 959 959 1017 1017 1017
5 5 5 271 384 384 384 396
288 362 362 362 362 362 518 577 577 577
129 129 129 898 898 898
93 181 181 181 181 181 277 277 277 739 739 739 822 822 822 822 822
82 82 82 172 172 172 654 718 783 783 860 860 860 991 991
877 978 978 978
487 487 487 487 487 954 954 954 954 954 989
136 136 136 136 136 376 376 376 539 539 539
131 131 131 131 132 263 407 407 407 583 583 583 1012 1012 1012 1012 1012
65 65 65 366 407 407 407
174 178 178 178 239 239 239 239 239 302 302 302 542 542 542 926 926 926
65 65 65 202 366 366 366 402 407 407 407 627 779 779 779
56 56 56 56 56 666 666 666
479 479 479 769 769 769 769 769
22 22 42 42 50 50 50 64 64 64 72 72 72 84 84 84 94 94 94 139 139 158 158 158 162 162 162 183 183 183 189 189 189 206 206 206 229 229 229 266 266 266 298 298 298 323 323 323 323 323 324 324 324 339 339 339 346 346 354 383 383 383 419 419 419 423 423 423 439 439 439 449 449 453 453 453 459 459 459 473 475 475 475 529 529 529 533 533 541 541 541 543 543 558 558 558 570 570 570 666 666 666 697 697 707 707 707 739 739 739 758 758 758 758 758 802 802 802 837 837 837 837 837 852 852 852 852 852 858 858 858 858 868 868 868 868 872 872 872 874 874 874 876 876 876 900 900 900 902 902 902 903 903 903 941 941 941 954 954 954 957 957 957 960 960 960 988 988 988 1016 1016 1016 1018 1018 1018
7 7 7 7 7 64 345 345 387 387 387 387 387
54 54 54 54 54 155 155 155 155 155 722 722 722
725 725 725 745 745 745 745 745 804 804 804
229 229 759 759 759 854
72 744 744 744 744 744 876 876 884 884 884 884 884 935
82 82 82 82 82 353 429 429 429 954 954 954
21 137 137 137 137 211 211 211 619 619 619 619 619 954 954 954
12 151 151 202 407 407 407 723 723 723 723 723 725
131 547 547 765 782 782 782 782 782 954 954 954 954
170 673 673 673
264 553 553 553 553 553 921 921 921 956 956
355 355 355 355 355 546 546 546 647 647 647 780 780 780 780 780
314 314 314 491 491 491 955 955 955
366 847 847 847 847 847
162 954 954 954
362 362 362
469 469 469 898
259 966 966
802 802 802 802 802
199 545 545 545 620 620 620 620 745 745 745 745 745
133 133 133 133 133 277 277 277
642 642 642 642 642
8 8 229 366 366 510 740 740 740 740 740
684 684 684 892 892 892
273 273 273 732 732 732 732 732 926 926 926
162 162 162 204 204 204
1015
602 602 602 602 602 954 954 1012
385 385 419 419 419 419 419 901 901 901 901 901
326 326 326 777 777 777
23 23 23 54 54 179 179 179 235 814 814 814 814 814 838 964 964 964
151 238 238 238
0 0 0 107 107 107 107 107 317 317 317 454 454 454 456 456 456 711 711 711 711 711 954 954 954
577 922 922 922
760 760 760 803 803 803 825 825 825
245 245 245 502 502 502 529 529 529 529 529
213 213 290 290 290 491 491 491 683 683 683 683 683
206 411 648 648 648 648 648 935 935 935 1006
379 379 379 903 903 903
310 310 310 724 781 781 781 781 781
100 100 100 104 416 416 416 416 416 954 954 954 963 963 963
831 831 831
229 229 229 420 476 476 476 781 781 785
162 162 162
395 503 503 503 660 660 878 878 878 938 938 938 938 938
122 122 122 122 122 153 153 153 229 229 229 277 277 277 277 277 357 357 357 485 706 706 706 744 744 744 827 827 827 864 864 864 910
47 47 47 47 47 102 102 102 102 102 277 277 277 346 346 346 558 558 558 846 903 903 903
70 70 70 70 145 355 355 355 589 762
116 116 116 116 116 307 307 307 660 660 660 660 660 777 777 777
549 727 1006 1006 1006
5 5 5 61 61 61 167 167 167 191 191 191 191 191 331 331 331 384 531 531 580 580 580 625 686
2 2 2 2 2 182 182 182 216 216 216 796 796 796
378 879 879 879 983
5 5 5 328 328 328 388 486 509 625 625 625 625 686 686 686 686 686
616 616 616 706
116 184
366 366 366 530 530 530 530 530 999
253 253 253 253 253 480 502 502 502 873
53 53 53 800 800 800 821 966
810 810 810 921 956 956 956 956 956
116 825 825 825 825 825 880 919 919 919 919 919 924 924 924 1001
173 173 277 277 277 617 1020
201 201 201 201 418 418 418 684 684 684 684
5 5 5 597 597 597 772 954 954 954 992 992 992
5 5 5 767 767 767 825 853 853 853
82 82 82 251 251 251
57 57 57 450 611 611 611 611 611 619 773
229 229 229 278 278 387
277 277 324 324 324 407 422 616
10 175 175 175 733 832 832 832
568 568 568 568 568 988 988 988 988 988
399 399 399 823 823 823
428 428 428 758 758 758 758 758
24 24 24 24 24 31 31 31 457 457 457 460 460 460 460 460 469 469 469 548 548 548 592 592 592 782 782 782 810 810 810
922 922 922 922
82 82 82 283 429 429 429 429
192 192 192 192 192 277 749 954 954 995 1007 1007 1007
82 82 82 197 197 289 289 289 289 289 325 325 325
780 780 780 850 850 850 850 850
153 153 153 323 323 323
104 104 104 104 104 229 229 229
502 502 528 528 528 659
154 154 154 201 684 684 684 684 755 755 755 755 755
139 208 208 208 410 410 410 410 410 714 714 714
102 248 248 248 264 264 264 264 264 293 293 293 502 502 502 518 518 518 518 518 615 615 615 743 743 743 788 788 788 788 788 816 816 816 984 984 984
193 262 262 262 366 366 366 790 790 790 916 944
586 586 586 946 946 946 979
217 217 391 451 451 451 451 451 920
8 8 8 60 60 60 78 78 78 82 108 108 108 114 114 114 149 169 169 169 169 169 209 229 229 229 231 239 239 239 239 239 253 253 253 261 261 261 262 262 262 272 274 274 274 291 300 300 334 334 334 363 363 363 372 372 372 393 393 393 399 399 399 407 407 407 409 409 409 441 441 441 450 450 450 470 470 470 470 470 476 476 476 502 502 502 510 510 523 523 523 607 607 616 616 616 657 660 660 660 668 668 668 688 688 688 700 700 700 719 719 719 745 745 745 763 763 763 777 777 777 790 790 790 847 847 847 847 871 871 871 871 871 889 889 889 922 922 922 950 950 950 963 963 963 976 980 980 980 981 981 981 999 999 1017 1017 1017 1017 1022 1022 1022
124 124 124 209
4 229 229 229 487 487 487 487 487 733 733 733 733 733 878 878 878 878 878
937 937 937
737 737 737 954 954 954
520 680 680 680 680 797 797 797
366 366 366 523 523 523 817 817 817 963 963 963
605 605 605 605 605
954 954 954 954 954
158 158 158 158 988 988 988
86 86 86 86 86 252 252 252 270 270 270 513 513 513 513 513 526 820
221 221 442 442 442 442 442
330 618 618 618 879 879
316 316 316 502 713
843
419 419 988 988 988 988 988
63 63 63 63 63 68 68 190 190 190 190 190 255 255 255 255 810 810 810 810 956
277 277 277 852 852 852 852
263 263 263 328 396 396 684 684 684 684 684 767 767 767
306 306 419 419 419 988 988 988
524 524 524 524 722 722 722 736 787 918
182 182 182 243 278 278 278 278 278 345 577
226 226 226 226 226 331 426 426 426 568 568 568 634 924 924 924 1002 1002 1002
156 954
400 400 400 778 778 778 805 805 805
192 192 192 239 239 239 365 950 950 950 950 950 954 954
106 106 162 406 406 406 517 517 517 527 527 527
253 253 253 366 366 366 466 466 466
451 451 451 770 770 770 770
121 322 530 805 805 805
263 384 384 767 767 767
102 102 102 102 102 248 248 248 802 816 816 816
20 229 229 706 706 706
45 45 45 45 45 60 60 60 114 114 114 126 149 149 149 149 149 349 349 349 366 366 366 594 594 594 594 594 627 627 650 650 750 750 816 823 823 823 944 981 981 981 999 999 999
142 390 390 390
645 645 645 697 732 732 732 732 732 757 757 757 843 949 949 949 1013 1013 1013 1014 1014
127 127 127 274 477 736 736 736 736
92 92 92 92 92 954 954 954
603 603 603
32 32 32 32 32 229 229 229 565 565 565 869 869 869
392 392 392 527 527 527
64 64 64 64 64 131 131 144 144 144 151 151 151 151 151 202 202 202 229 229 229 271 271 271 272 272 272 274 274 274 285 285 285 346 366 366 366 422 422 422 427 427 427 583 583 583 584 584 584 584 584 894 894 894 894 894
229 229 229 229 229 909
108 108 108 366 366 366 572 652 652 652 652 652 904 904 904 904 904
103 103 103 361 361 361 361 361 526 526 526 526 526 660 660 660 678 919 919 919 977 977 977
315 492 492 492 903 903 903 990 990 990
262 262 262
586 586 586 841 841 841 841 946 946 946
3 3 3 3 3 102 102 102 102 102 891 950 950 950 954 954 954 954 954 997 997
960 960 960 960 960 1007 1007 1007
318 318 318 318 318 664 963
30 30 146 146 146 591 591 591 636 636 636 636 636 884
340 340 340
84 84 84 277 277 277 306 306 306 306 306 381 381 385 385 385 707 707 707 988 988 988
79 79 111 111 111 320 573 573 573 642 642 642 642 642 866
138 138 138
26 26 26 89 346 407 407 407 561 561 561 579 579 579 584 584
277 277 277 449
229 229 229 579
217 217 217 217 217 539 539 539 539 539
388 388 388 653 653 653 653 653 1002 1002 1002
89 89 89 229 229 229 407 407 407 474 474 474 483 483 483 583 583 583 583 604 695 695 695 780 780 780 826 826 826 826 826 854 854 854 918 975 975 975 1012 1012
177 177 350 350 350 431 431 455 463 463 463 486 486 486 486 498 498 557 557 557 628 684 684 684 755 755 755 843 843 861 861 861 934 937 937
283 283 283 353 353 353 353 966
84 84 84 229 551 774
428 428 755 902 902 902 902 902
152 152 152 152 152 177 486 486 486 486 780 780 780
954 954 954
187 187 187 217 217 515 515 515 640 640 640 756 756 756 768 768 768 820 820 820 954 954 954
66 66 66 123 123 123 168 168 550 550 550 550 550 786 786 786 877 877 877 995 995 995
18 100 100 100 100 100 922 922 922
220 220 220 686 887 887 887 887 887
733 733 733 913 913 913 913 913 1007 1007 1007 1007 1007
162 162 162 277 277 277 603 603 603 603 603 855 855 855
262 262 563 609 609 609 660 660 660 662
366 366 366
33 33 33 33 33 229 229 229 231 377 377 377 377 377 690
708 708 708 708 708 726 726 726 747 747 747 894 894
539 539 539 998
73 73 73 811
229 229 229 885 885 885 885 885
27 27 27 27 27 709 709 709
71 71 71 114 802
65 65 65 65 65 277 277 423 777
344 366 366 366 976
46 46 46 46 46 217 217 217 217 217 365 365 365 365 365 394 394 394 770 780 780 780 1015 1015 1015
3 3 3 52 52 52 131 530 530 530
26 277 277 277 503 550 550 550 903 903 903 963
310 310 310 661 661 661 899 899 899
428
310 310 310
351 351 351 592 592 592 592 592
58 58 58 58 58 108 108 108 108 108 777 777 777 985 985 985 985 985
277 277 277 957 957 957
351 351 351 351 351 575 575 575 575 575 782 875 875 875 875 875
67 566 805 949 949 949 949 954
32 37 37 37 37 37 85 85 85 85 85 546 546 546
28 28 28 428 428 428 623 623 623 623 623 709 709 709
229 229 229 779 779 779 779 779 988 988 988 988 988
127 225 954 954 954
393 393 393 909 909 909 909 909
639 639 639 639 815 815 815 888 888 888 895 895 895 954 954 954 997
475 475 475 502 1010
294 294 294 351 351 351 511 806 806 806 810 810 810
212 212 212 212 212 366 366 366 366 366
174 174 174 780 780 780
69 69 69 81 81 81 81 81 162 162 162 162 162 735 735 735 761 761 925 925 925
94 94 277 881 881 881 902 902 902 967 967 967 967 967
427 427 427 929 929 929 929 929 1012 1012 1012
277 277 277 468 468 468 802 802 802 837 914 914 914
229 229 320 320 320 366 366 366 745 745 745 781 781 781 809
129 129 129 129 402 486 736 1023 1023
25 25 25 206 221 221 221 221 221 971 971 971
92 92 92 276 276 276 491 491 491 518 518 518 954 954 954 1010 1010 1010
102 102 335 502 502
195 195 195 195 712 712 712 750 784 784 784
855 855 855 855 855 919 958 958 958 958 958
427 427 427 780 780 840 840 840 840 840
889 889 889 950 950
229 229 229 323 783
129 129 177 177 177 331 428 428 428 428 432 432 432 432 477 696 696 861 861 861 861 861
269 269 269 269 269 368 368 368 368 368 540 540 540 714 714 714 771 771 771 771 771 862 862 862 1006 1006 1006
101 101 187 693 693 693 756 756
747 747 747 747
162 797 797 797 797 797
290 290 290 314 314 314 479 479 479 545 954 954 954 955 955 955
411 411 411 920
982 982 982
157 157 157
568 568 568
521 563 563 563 706 957 959 959 959
40 40 40 43 43 43 133 133 133 147 147 147 817 817 817 817 817 940 940 954 954 954
129 129 129 129 129 177 177 177 177 177 428 428 861 861 861 898 898 898 898 898
530 530 530 568 789 789 789
82 82 82 217 217 217 217 217 229 229 229 229 229 820 820 820 820 820
147 147 147 504
53 53 53 85 188 188 188 188 188 259 259 259 313 313 313 335 335 335 359 359 362 362 362 366 366 366 379 468 480 480 528 528 532 532 532 556 556 607 607 607 659 659 659 674 674 674 685 685 685 685 685 720 720 731 731 731 763 763 763 773 773 773 836 836 836 859 859 859 922 922 922 953 953 953 966 966 966 984 984 984
322 322 322 453
501 993 1007 1007 1007 1007 1007
145 145 145 885 885 885 885 885
573 622 622 622 622 622 632 632 632 632 756 756 756 810
175 175 175 175 175 662 662 662 969 969 969 969 969
224 662 662 662
125 125 125 125 175 331 946 946 946 946 1017 1017 1017
300 366 366 700 700 700 700 700
176 176 176 469 878
147 719 719 789 789 789 789 789
82 82 82 222 376 376 376 376 376 787 787 787
758 758 758 925
217 434 434 434 820 820 820 961 961 961
186 186 186 954 954 954
106 106 106 106 106 392 392 392 527 527 527 537 537 537 537 537 546
264 362 362 362 362 362 479 479 479 548 577 577 577 954 954 954
136 727 727 727 727 727 780 780 780
371 680 680 680 680 680 759 759 759
220 220 220 220 220 496 595 595 595 595 595 626
153 530 530 530 530 530
366 366 366 372 372 372 817 817 817 967
57 57 57 57 57 241 241 241 241 241 386 386 386 386 736 736 736 889
123 123 123 168 168 168
376 410 410 410 410 410 767 767 767 844 844 844 954 954 954 979 979 979 979 979
392 392 392 406 406 406 517 517 517
359 359 359 502 502 836
121 121 121 121 121 277 277 277 313 313 313 313 313 954 954 954
52 52 52 334 334 334 334 334 395 452 452 452 499 499 499 522 522 522 522 522 555 555 555 555 555 789 789 789 954 954 954
5 5 5 27 86 328 328 992 992 992 992 992
34 53 53 53 90 90 259 259 259 502 502 502 650 692 692 692 721 796
156 277 277 739 739 739 739 739 928 1006
229 229 229 636 948 948 948
592 592 592 592 592
80 80 80 147 246 246 246 571
82 82 82 225 225 225 225 225 517 517 517 517 517
44 44 44 1003 1003 1003
270 270 270 425 425 425 425 425 444 444 444 808 808 808 856 856 856 856 856
487 487 487
139 139 139 161 161 161 277 277 277
273 273 273 840 840 840 840 840 926 926 926
277 277 744 884 884 884 884 884 941
77 229 229 229 229 229 998 998
257 257 297 297 297 491 562 562 562 596 596 596 922 922 922 939 978 978 978
123 289 289 289 462 462 462 517 647 647 647 647 647 780 780 780 835 835 835 835 835
286 286 857 857 857 857 857 954 954 954
31 31 31 351 351 351 518 792 792 792 810 810 810 835 835 835 954 954 954 956 956 956
208 327 667 667 667 667 667 714 714 714 1006 1006 1006
123 435 435 435 435 435 453 453 453 858 858 858 858 858
54 430 879 879 879 964 964 964
601 810 810 810 956 956 956
8 8 8 121 288 288 288 288 288
130 130 130 130 130 231 231 231
50 50 50 530 530 530 530 530 698 698 698 698 698 1003
502 502 731 1021
129 129 129 428 428 428 861 861 861 877 877 877 877 877 937 937 937 947 947 947 947 947
102 277 277 277 324 324 324 619 619 619 619 619 862
44 44 44 712 712 712 712 712 784 784 922 922 922
676 676 676 1006 1006 1006
422 422 422 584 584 584 584 584 687
181 181 181 181 181 545 545 545 729 922 922 922
262 262 262 440 496 496 496 959 959 959
74 74 74
405 405 405
461 978 978 978
135 876 876 876 876 876
200 249 249 249 249 249 348 348 348 348 348 388 388 388 495 495 495 499 621 621 621 621 621 1002 1002 1002
5 5 5 88 121 121 121 125 164 164 164 164 164 165 165 165 165 250 673 673 673 673 673 767 767 767 931 931 931 983 983 983
277 277 277 957 957 957
135 135 135 196 196 196 199 199 199 203 203 203 203 203 536 881 881 881 881 881
162 162 162 409
184 420 420 420 506
21 21 21 21 684 684 684 709 709 709 709 709 937 937 937 968 968 968 968 968
214 214 214 214 214 460 460 460 460 460 653 653 653 653 653 886 886 886
167 172 172 172 670 670 670 670 670 915 915 915 915 915
264 264 264 311 387 518 518 518
229 229 229
422 422 422 424 851 851 851
167 167 167 328 328 328 648
196 196 196
56 56 56 56 56 159 587 587 587 880 942 942 950 950 950 954 954 954
243 243 243 271 271 271 407 407 407 427 427 427 427
26 26 202 407 407 407 407 407 422 422 561 561 561 561 561 979 979 979
174 174 174 656 702 702 702
364 364 364 413 413 413 689 689 884 946 946 946 946
159 582 582 582 681 681 681 681
171 171 171
70 70 70 156 156 156 156 156 325 954 954 954
926 926 926
417 417 417
169 169 169 169 169 351 351 351 457 457 457 457 457 535 535 535 535 535 746 746 746 746 746 810
82 82 82 699 699 699
217 217 217 217 217 399 399 399 399 399 627 640 640 640 855
127 220 220 521 521 521 521 521
207 207 207 207 207 247 247 247 545 545 545 712 805 805 805 805 805 922 922
255 341 341 341 917 917 992 992 992
819 819 819
879 879 879 879 879
229 229 229 871 871 871
96 191 191 191 191 191 552 801 801 801 805 805 878 954 954 954
37 37 37 240 240 240 240 240 305 305 305 305 305 751 907 907 907 907 907 954 954 954
32 32 32 153 153 153 229 229 229 404 404 404 439 439 439 439 439
81 81 81 427 683 1006 1006 1006
373 373 373 373 373 706
81 903 903
108 108 108 260 260 260 260 260 366 366 502 502 502 612 612 612 612 612 675 790 790 790 790 790
759 759 759
238 238 238 238 238 440 440 440 660 660 660 678 754
58 217 217 217 820 820 820 945
79 79 79 214 214 214 344 344 344 344 344 819 819 819 880 880 880
607 607 607 607 607 660 660 660 675 675 675 675 805
753 753 753 988 988 988 988
73 73 73 229 229 620 620 620 620 620 745 745 745 745 745 830 830 830
362 362 362
332 332 332 346 366 366 366 663 663 663 687 687 687 982 982 982 982 982
23 23 23 154 154 154 173 173 173 173 173 244 244 244 339 642 642
378 378 378
284 284 284 284 284 344 558 558 558 558 558 714 714 714 714 1006
297 297 297 297 614 614 614 614 614 745 745 745 745
250 250 250 568 568 568 568 568 887 887 887
506 506 506 506 506 632 632 632 951 951 951
463 463 463 463 463 780 780 780
142 142 262 262 262 959 959 959
328 331 331 331 331
63 521 734
274 399 399 594
37 37 37 37 37 428 937 937 937
155 695 695 695 908 908 908 908 908
229 229 229 634 888 888 888 888 888
234 234 956
115 115 115 157 157 157 157 157 227 229 229 229 233 233 233 506 506 506 506 622 622 622 951 951 951
107 107 107 823 997
226 388 630 680
166 166 166 188 857 857 857 857 857
417 417 417 417 417 534
162 162 162 705 705 705 705 705 852 852 852 852 852
679 679 679 831 831
467 467 467 467 888 888 895 895 895
126 126 126 156 156 156 434 434 434 594 594 594 833 833 833 954 954 954
954 963 991
234 234 234 234 234 244 244 244 244 244 299 299 299 299 299 420 420 420 420 420 617 617
17 17 17 82 82 82
73 73 73 747
401 401 401 886 1014 1014 1014
74 74 74 160 160 160 717 717 717
35 51 51 51 51 51 162 162 162 289 289 289 546 546 546 546 546 737 737 737 737 737
1 1 1 1 9 9 9 315 315 315 315 315 580 664 935 935 935 935 935
93 93 93 93 720 736 736 736
60 399 399 532
56 56 56 142 220 220 220 694 694 694 791 791 791
409 409 409 409 409 777 777 777
426 426 426 426 426 575 575 575 575 575 780 780 840 886 886
115 115 115 267 896 896 896 896 896
229 229 229 864 864 864
585 969 969 969 969 969
82 82 82 82 82 366
88 88 88 88 88 810 810 810 810
359 502 502 502 762 762 762 763 763 763 784 784 784 784 784
105 105 105 141 141 141 165 176 176 176 238 238 262 262 322 322 326 326 326 326 326 366 366 366 410 410 410 440 440 440 609 609 609 612 612 612 673 673 673 678 705 705 705 705 705 733 733 733 734 734 734 805 805 805 814 878 878 878 878 883 883 883 919 919 919 922 922 922 954 954 954 959 959 959 959 959
86 86 86 86 86 107 107 107 454 454 454 837 837 837
440 507 507 507 508 508 508 717
616 616 616 982 982 982
1 416 648
989 989 989
275 275 275 277 277 277 852 852 852 852 852
95 95 95 95 95 549 549 549 549 549 676 676 676
366 366 366
864 864 864
214 576 576 576 576 576
239 243 243 243 243 243 697
709 710 710 710 710 710 1000 1000 1000
105 164 164 165 165 287 287 287 569 569 569 569 569 660 660 660 791 791 791 913
87 87 87 502 502 502 692 692 692 692 692 844
607 612 612 612 612 793 793 793
560 560 560 667 667 667 1006 1006 1006
195 254 254 254
5 196 196 196 196 196 410 609 660
638 638 638 831 831 831
371 371 371 371 520 520 520 520 520 634
159 196 196 196 196 196 229 229 229 587 587 587 587 722 722 722 954 954 954
756 756 756 756 756 954 954 954 954
178 213 213 213 314 314 314 314 314 604 865 865 865 955
137 137 137 201 301 301 301 340 340 340 340 360 360 360 360 384 384 384 384 384 428 428 428 574 574 574 755 755 755 892 892 892 929 937 937 937 954 954 954
502 502 502 502 502
5 5 61 61 61 61 61 250 328 331 331 331 331 331 437
561 616 616 616 982 982 1016
129 129 129 129 129 366 366 366 868 999 999 999 999 999
161 211 211 211 211 211 233 586 586 946 946 946
442 844
92 92 92 92 92 229 229 229
90 90 90 90 90 532 532 532 674 674 674 674 674
488 488 488
196 196 196 196 196 223 651 651 651 791 791 791 874
427 427 427 629 629 629 724 724 724 812 812 812 943
177 486 486
277 277 401 671 952 1016 1016 1016 1016 1016
555 555 555 555 555 756 756 756 756 756
82 82 82 147 147 147 155 193 193 228 228 228 228 228 593 593 593 745 745 745 745 745 897 897 897 897 897 939 939
50 50 50 50 150 159 159 159 159 159 366 366 366 510 510 510 510 510 772 950 950 950 1004 1004 1004 1004 1004
48 48 48 841 841 841 841 841
174 174 174 585 585 585
886 886 886 886 886 1017
186 186 186 954 954 954
637 637 637 637 637 660 660 660 660 660
229 229 229 323 323 323 332 398 398 398 496 605 871 871 871 951
277 277 277 419 419 419 949 949 949 949 1018 1018 1018
52 52 52 52 52 443 443 443 443 443 726 726 726 726 730 730 730 730 730
226 447 447 447 463 463 463 574 574 574 574 574 672 920 920 920
5 5 5 672 672 672 672 672 954 954 954
310 310 310 310 310 817
44 44 44 481 481 481 559 559 559 559 559 596 784 784 784 845 845 845 922 922 922
379 1006 1006 1006 1006 1006
96 96 96 147 208 208 208 260 361 361 361 487 487 487 549 549 549 619 619 619 619 790 790 790 790 790 974 974 974 974 1006 1006 1006
162 162 162 162 202 797 797 797 925
159 1004 1004
74 74 74 646 646 646 662 839 839 839
115 172 172 172 172 172 267
229 229 229 230 230 230 366 366 366 512 512 939 970
48 48 48 502 502 649 773 773 773 836 836 836 836 836
53 53 53 53 532 841 841 841 841 841 954 954 954
229 229 229 229 229 279 279 279 386 386 386 681 681 681
149 210 210 210 285 285 285 285 285 803 803 803 803 803 950 954
317 695 695 695 812 812 812
18 18 280 280 280 285 954 954 954 963
229 229 229 443 443 443 708 708 708 708 730 730 747 747 747 894 894 894 894
327 519 519 519 519 519 902 902 902
24 24 24 24 24 82 82 82
562
229 229 708 708 708 708 708 726 726 747 747 747 747 747
502 502 502 556 738 738 738 738 738
302 302 302 302 302 401 401 401 401 401 1013 1013 1013 1014 1014 1014
347 368 368 368 368 368 438 438 438 660 660 660 787 954 954 954
141 141 141 626 660 660 660
472 472 472 973 973 973
93 93 93 93 93 127 127 127 386 402 402 402 402 477 524 524 524 649 649 649 954 954 954 1023 1023 1023
147 147 147 370 370 370 647 647 647 647 647 954 954 954
731 731 731 731 731 966 966 966
98 98 98 104 104 104 119 119 119 162 162 162 266 266 266 277 277 277 533 533 533 533 533
135 300 300 300 300 300 780 780 780 789 886 886 886
83 83 83 228 826 826 826 826 975 975 975 975 975 1006 1006
907 907 907
362 362 362 801
121 121 121 121 121 282 282 282 282 282 323 323 323 543 827 827 827
280 280 280 280 280 297 297 297 297 297 366 366 366 476 476 476 614 614 614 614 614 620 620 620 620 699 699 699 699 699
32 32 32 592 592 592 592 592
229 229 229 443 443 443 489 489 489 489 644 726 726 726 730 730 730 730 730
11 11 160 160 160 160 160
354 841 841 841
114 114 114 114 114 399 399 481 961
37 37 37 602 1006
162 229 229 229
613 613 613 988 988 988
176 176 176 609
69 360 360 360 360 360 428 428 428 431 684 684 684 758 771 771 771 843
101 101 101 101 152 152 152 187 187 187 434 434 434 488 488 506 506 506 682 682 682 682 682 698 698 698 698 698 768 768 768 954 954 954
401 401 401 949 949 949
162 162 162 277 277 277 277 277 350 350 350 350 350 514 514 514 755
6 6 6 6 281 281 281 520 520 520 608 608 608 987
99 99 99 99 99 312 312 312 803 803 803
81 81 81 81 81 472 472
325 659 659 659 763 763 763
366 366 366 502 502 502 659 659 659 762 762 762
175 175 943
241 241 241 241 241 286 881 965
20 20 20 20 20 76 229 229
5 5 5 5 342 342 342 384 384 384 396 396 396 526 526 526 569 569 569 830 830 830 830 830 853 853 853 954 954 1023
434 434 434 756 756 756
175 175 175 276 276 276 276 276 780 780 780 780 780 936
394 394 394 394 451 780 780 780
487 487 487 487 487 755 755 755 989
178 211 341 700 954
188 188 344 502 502 502 720 720 720
430 783 928 928 928
109 109 109 229 229 229 236 236 236 236 236 933 933 933 933 933
67 67 67 229 229 229 229
307 307 307 326 326 326 366 366 366 449 458 458 458 652 652 652
111 111 111 111 111 390 390 390 805 805 893 893 893
274 274 274 464 464 464 464 464
25 25 25 85 85 85 123 123 123 174 174 174 175 175 175 229 229 229 289 289 289 289 289 356 356 356 427 427 427 432 432 432 451 451 451 471 471 471 483 483 519 519 519 546 546 546 623 623 623 653 653 740 740 740 769 769 769 769 769 770 770 770 812 840 840 840 849 849 849 854 854 854 875 875 875 886 886 886 943 943 943 967 967 969 969 969 1015 1015 1015
12 79 317 317 317 317 317 320 320 476 476 476 964 964 964 964 964
31 286 286 286 286 286 351 351 351 460 795 795 795
267 267 485 774 860 860 860 860 860
481 481 481 559 559 659 659 659 659 659 712 712 712
320 956 956
66 66 66 435 435 435 890 890 890
14 14 14 82 82 82 222 222 386 513 513 513 733
362 362 362 362 362 845 845 845 845 845
499 499 499 512 512 512 512 512 530 530 530 740
363 363 363 366 366 366 607 607 607 607 607 714 714 714 714 714
258 258 258 258 258 651 651 651 673 673 673 694 694 694 1019 1019 1019
548 548 548
675 675 675
196 196 199
225 782 782 782 835 835 835 1001 1001
182 182 182 229 229 229 329 329 329 532
119 119 119 119 119 162 162 162 371 371 371 490 490 490 490 490 715 715 715
95 95 95 95 95 1006 1006 1006 1009
7 61 61 61 61 61 86 86 86 86 86 186 186 186 186 186 262 262 262 1017 1017 1017
245 245 245 245 245 336 336 336
601 601 601 743 954 954 1006 1006 1006 1006 1006
40 40 40 40 40 277 277 277 296 296 296 296 296 397 448 475 475 475 816 816 816 816 816
13 13 13 312 312 312 723 723 723 723 723 760 760 760 825 825 825
18 99 280 280 280 846 846 846 846 846
390 390 390 395 395 395 461 596 596 596 596 596 601 601 612 660 660 660 778 778 878 878 878 893 893 893 954 954 954
469 469 469 810 810 810 934 934 934 934 934
175 175 175 832 832 832
539 539 539
229 229 229 476 906 906 906 906 906 1011 1011 1011
68 68 68 75 75 75 234 234 234 234 337 337 337 351 351 351 382 382 382 382 469 469 469 506 548 548 548 552 552 552 592 658 658 658 658 806 806 806 917 917 917 917 917 956 956
208 208 208 208 208 445
695 695 695 724 724 724 780 1019 1019 1019 1019 1019
922 922 922
238 308 308 308 308 308 660
16 467 467 467 841 888 888
223 223 223 223 223 248 248 248 362 362 362 397 397 397 399 802 802 802 802 802
372 372 372 497 497 497 497 497 523 523 523 711
229 229 229
79 79 79 252 598 598 598 611 611 611 1009 1009 1009 1009 1009
232 376 434 434 434 500 500 500 500 500 515 515 515 610 610 610 916 916
336 966 966 966
32 32 32 266 266 266 266 266
349 349 349 399 399 399 633
963 963 963
13 13 13 212 212 212 312 312 312 338 338 338 338 338 342 803 803 803 1001
81 81 150 150 150 427 427 427 427 427 741 741 741 741 903 1006 1006 1006 1006
323 323 323 744 744 744
922 922 922 978 978 978
229 229 229 229 229 954 954 954
229 229 229 236 614 614 614 767 767 767 767 767 844 844 844 844 844 864
181 181 181 181 319 319 319 638 638 679 679 679 911 911 911 959 959 959
175 175 175 175 347 347 347 807 807 807
126 126 126 640 640 640
234 234 234
546 546 546 546 546 548 548 548 795 795 795 1001 1001 1001 1001 1001
502 502 502 528 720 720 720 720 720 859 859 859
51 51 51 51 51 107 107 107 277 277 277 277 277 475 661 661 661
53 53 53 53 53 308 952 952 952 954 954 954 1020 1020 1020
74 74 74 160 717 717 717 974
483 483 483 483 483 542 542 542 542 542 653 780 780 780
413 413 413 413 701 701 701 701 701 721 721 721 721 721 749 749 749 815 888 930 930 930 946 946 946 954 954 954
37 37 37 37 37
101 101 101 101 101 380 401 428 428 755
526 526 526 674 690 830 830 830 830 830
44 44 44 712 712 712 788 788 788 788 788
189 189 189 324 804 804 804 804 804
291 291 291 291 291 366 366 366 366 909 919 1017
1005 1005 1005
1 780 780 780
259 259 259 259 259 356 356 356 356 356 905 905 905 966 966 966
579 579 579
277 277 277 277 277 383 383 383 383 637 637 637 637 637 666 666 666 666 666 954
29 29 29 342 342 342 767 767 767
281 427 427 427 780 780 780
23 46 46 46 46 46 50 118 118 118 439 439 439 482 482 482 482 482 594 958 958 958
154 154 154 180 252 252 539 539 539 539 539
143 143 143 143 143 157 157 157 547 547 547 547 547 635 635 635 635 635
168 168 168 168 168 183 183 183 277 277 277 277 550 550 550 550 550 903 903 903 1016 1016 1016 1016 1016
502 502 502 836 836 836 988 988 988 988 988
127 127 127 127 127 267 267 267 783 783 783 783 783 973 973 973 973 991 991 991
177 177 177 177 428 428 428 486 486 486 486 486 498 498 498 557 557 557
487 487 487 558
85 85 85 123 123 123 229
229 229 229 323 323 323 655 655 655 669 669 669 830
683 683 683 954
79 79 95 95 95 95 95 420 1009
935 935 935
277 277 277 277 688 937
196 196 196 218 229 229 229 405 405 405
937 937 954 954 954 954 954
229 229 229 366 366 366 366 366 600 600 600 706 706 706
189 189 189 277 277 277
132 132 132 335
53 53 53 53 53 277 277 277 694 900 900 900
460 460 460 460 460 780 780 780 886 886 886
26 72 72 72 277 277 277 282 282 567 567 567 567 567
66 66 66 268 435 435 435 557 557 557 557 557 890 1023
322 322 322 368 368 368 368 368 511 601 660 660 660 660 805 805 805 945 945 945 945 945
23 23 23 35 35 35 54 54 54 74 74 74 74 225 330 330 330 378 378 551 551 551 599 599 599 599 599 964 964 964 964 964 1005 1005 1005
57 57 57 57 57 79 79 214 214 214 229 229 230 338 582 611 611 611 982 996 996 996
473 473 473 571 571 571 571 571 765 902 902 902
198 907 907 907
660 660 660
30 30 146 146 146 146 146 212 282 282 282 282 282 417 543 543 543 543 543 586
229 229 446 446 446 446 446 505 505 505 505 505
27 27 27 229 229 229 575 575 575 645 653 653 703 703 703 703 703 740 740 740 780 780 780 875 875 875
219 219 219 437 437 437 437 437 621 621 621
467 467 467 630 630 630 630 630 639 639 815 815 841
366 366 366 484 484 484 524 950 950 950 950 950 976
238 786 786 786 877
229 229 229 234 234 234 414
301 301 301 684 684 684
778 778 778 805 805 805
407 407 407 407 407 443 443 726 726 726 726
467 467 467 639 639 639
8 8 8 654 654 654 654 654 981
699 699 699 699 699
129 129 265 265 265 294 498 498 498 498 498
0 454 454 454
277 277 277 874 874 874
0 0 0 107 107 107 306 306 306 306 306
93 93 93 94 94 94 277 277 277 431 431 431 431 431 473 473 473 727 727 727 881 881 881 908 908 908
49 49 49 59 59 59 66 66 66 66 66 162 162 162 189 189 189 277 277 277 316 316 316 324 324 324 411 411 411 453 453 453 606 606 826 858 858 858 972 972 972
409 409 409 409 409
79 209 209 209 209 209 850 850 850 948 966 966 966
229 229 229 809 809 809 809 809
240 240 240 602 602 602 602 602 742 742 742 882 882 882 954 954 954
629 629 629 629 629 902 902 902
249 249 249 408 466 466 466 466 466 847
323
181 181 831 831 831
212 212 212 212
438 438 438 438 438 673
475 475 475
3 172 172 576 576 576 576 576
134 134 134 134 134 232 232 232 232 232 363 820 820
597 597 810 810 810 810 810
386 427
135 194 338 338 338 338 338 410 410 410 482 660 660 660 847 938 938 938
365 492 709 709 709
288 288 288 337 956 956
21 21 21 238 238 238 311 311 311 352 352 352 352 366 366 366 436 436 436 502 502 502 545 545 545 559 559 559 562 562 562 596 596 660 660 660 712 712 712 813 813 813 828 828 828 968 968 968 978 978 978
125 125 125
338 338 338 388 388 388 1002 1002 1002
69 69 69 162 162 472 472 472 514 715
273 273 273 302 302 302 542 542 542 590 590 590
18 18 18 18 18 21 21
97 97 97 533 774 774 774 935 935 935 1006 1006 1006
213 213 213 474 474 474 474 474 684 954 954 954
841 841 841
569 569 569
130 130 130
775 775 775 775 775 963 963 963 1019 1019 1019 1019 1019
428 806 806 806 806 806
282 315 315 315 648 648 648 648 648 867 867 867 928 928 928 975 1002 1002 1002 1006 1006 1006 1008 1008 1008
53 53 53 53 53 769
37 37 369 369 369 428 428 557 557 557 574 574 574 628 628 628 684 684 684 868 870 870 954 954 954 1023 1023 1023
322 322 322 322 322 919 919 919
147 193 193 193 193 193 545 699 699 719
147 147 147 147 147 497 497
119 277 277 277 543
56 56 56 56 56 159 582 582
10 10 10 175 175 175 695 764 780 780 780 967 967 967 967 967
363 399 980 980 980 991
610 878 878 878 878 878
125 364 364 364 413 413 413 509 509 509 509 586 586 586 586 689 689 689 841 841 841 1017 1017 1017 1017 1017
557 557 557 557 557
229 229 229 534 534 534 905
34 34 34 229 229 229 401 401 401 461 461 461 461 707 707 707 707 757 757 757 1013 1013 1013
239 239 239 366 366 366 391 391 391 391 391 414 414 414 484 484 582 582 582 700 700 700 723 889 889 889 889 889 954 954 954
622 622 622 632 632 632 706
697 838 838 838 954 954 954
502 502 502
5 5 5 14 14 14 16 16 16 30 30 30 37 37 37 40 40 40 43 43 43 55 55 55 55 55 61 61 61 74 74 74 80 80 80 107 107 128 128 128 130 130 130 134 134 134 137 137 137 137 137 147 147 147 157 157 157 159 159 163 163 163 163 163 171 171 171 178 178 186 186 186 196 196 196 198 198 198 205 205 205 209 209 213 213 213 218 218 218 229 229 229 239 239 239 239 239 250 250 250 269 269 269 269 269 277 277 277 283 283 283 284 284 284 286 286 286 286 292 292 292 305 305 310 310 310 318 318 318 341 341 341 354 354 370 370 370 374 374 374 374 374 389 391 391 403 403 403 414 414 414 414 414 433 433 433 434 434 434 461 465 465 465 467 467 467 479 479 479 491 491 491 497 497 497 516 516 516 518 518 518 526 526 526 529 529 529 530 530 530 547 547 547 548 548 548 582 582 582 589 589 589 601 601 601 602 602 602 640 640 640 641 660 660 660 681 681 681 682 682 682 682 684 684 684 704 704 704 710 710 710 721 721 721 723 725 725 725 733 733 733 736 736 736 737 737 737 756 756 756 767 767 772 801 801 805 805 805 829 829 829 838 838 838 841 841 841 852 865 870 870 870 870 870 907 907 907 929 929 929 937 937 937 950 950 950 952 952 952 963 963 963 1006 1006 1006 1007 1007 1007 1023 1023 1023
290 290 290 491 491 491 683
190 234 234 234 234 234 288 288 337 337 337 337 337 382 548 548 548 552 552 552 631 785 785 810 810 921 921
277 277 277 459 459 459 496 570 570 570
76 76 76 194 194 194 482 482 482 482 482 855 855 855 993
142 142 142 262 262 262 496 496 496 563 563 563 624 624 624 660 660 660 660 660 831 831 831 986
277 277 277 415 415 415 415 415
515 515 515 750
187 249
100 100 115 115 115 115 115 318 318 318 366 366 366 372 372 372 416 453 641 725 824 824 824 933 933 933 954 954 954
308 308 308 551 551 551 781 781 781 781 781 879 879 879 879 879
35 35 35 35 35 40 765
237 237 237 259 259 295 295 336 429 502 502 502 738 738 738 821 821 821 850 850 850 905 905 905
473 473 473 473 473 523 780 780 943 943 943 943 943
21 21 21 574 574 574 574 574 922 922 922 993
175 175 507 507 507 507 507 656 656 656 656 656 780 780 780
719
25 25 25 478 478 478
903 903 903
127 127 127 127 127 735 735 735 860 860 860 860
96 96 714 714 714 714 839
427 427 427 741 741 741 741 741 935 1012 1012 1012
366 450 889 980 980
410 410 410
195 195 195 268 268 268 545 545 545 566 566 566 828 828 828 922 922 922
364 526 526 526 526 526 584 584 584
102 102 102 102 102 114 114 114 114 366 366 366 944 944 944 976 976
45 45 45 45 107 149 366 366 366 399 399 399 896
493 493 493 616 616 616 616 616 663 663 663 687 687 880
330 569 569 569
362 362 362 502 502 502
58 58 115 115 115 458 458 458 458 458
105 105 105 959
229 229 229 759
277 277 277 348 348 348 348 348 375 375 375 381 381 381 381 381 385 385 385 419 419 419 464 464 464 464 464 613 613 613 613 753 753 753 859 859 859 859 859
156 156 269 665 665 665 771
39 411 411 411
82 114 114 114 114 114 267 267 641 860 860 860 944
5 5 341 341 341 531 531 531 531 531 597 597 597
504 958 968
182 182 182 229 229 229
123 123 123 354 435 435 435
880 880 880
414 414 467 633
32 32 32 51 51 51 132 132 132 229 229 229 444 544 544
149 149 149 149 169 169 334 366 366 399 399 399 688 688 688 688 688
228 228 228 672 672 672 1013 1013 1013
338 795 795 825 835 835 835 835 835
1 1 1 218 388 388 388 426 426 426 568 568 568 924 924 924 935 935 935 1006 1006 1006 1008 1008 1008
44 44 44 538 538 538 555
50 50 50 50 50 123 123 123 700 700 700 700 700 716 716
14 23 23 23 35 35 35 110 110 110 848 848 848 879 879 879
83 83 83 95 138 138 138 150 150 150 208 315 327 327 327 487 487 487 533 549 549 549 560 560 560 604 604 604 619 676 676 676 713 713 713 713 713 714 714 714 741 741 751 798 798 798 801 801 801 801 801 826 826 826 826 928 928 928 935 935 935 954 954 954 1002 1002 1002 1009 1009 1009
119 354 354 354 415 415 415 438 438 438 438 438 504 504 504 504 504 954 954 954
935 935 935 1002 1002 1002
117 138 138 138 246 246 246 246 246 798 819 819 819 819 819 866 1006 1006 1006
92 92 92 468 479 479 479
229 229 229 254 254 254 809 809 809
271 271 271 271 271 305 427 427 474 474 474 975 975 975
229 229 229 242 401 401 401 732 732 732 949 949 949 1000 1000 1000
401 401 645 645 645 732 732 732
304 451 451 451 780 780 780
33 33 33 33 33 277 277 277 687 697 697 697 697 697 858 858 858 858 858
86 86 145 145 145 170 170 170 249 249 249 262 262 262 366 366 366 366 509 509 509 703 799 799 799 847 946 946 946 946 946
139 277 277 277 707 707 707
46 46 46 46 46 791 791 791 812 812 812 812 812 933 933 933 933 933
339 838 838 838
109 109 109 556
366 366 366
129 477 477 736 736 736 767 877 937 937 937 954 954 954

