nodes: 256 edges: 472
60 119 119 236 236 
21 105 153 164 232 
153 
90 238 
14 18 18 32 138 138 208 208 
26 33 38 50 68 81 81 98 98 102 103 103 114 117 123 133 159 227 227 227 234 234 235 235 238 238 244 244 248 
212 212 253 253 
97 220 
71 81 168 228 228 247 247 
41 41 41 182 
14 14 
33 96 96 
56 56 56 205 205 222 

4 10 10 18 32 47 47 146 146 152 208 
26 183 183 231 
78 78 89 89 93 95 
84 84 84 84 
4 4 14 51 60 60 60 63 90 90 105 152 186 223 223 
62 
114 114 166 
1 228 
43 180 180 245 
192 192 
152 225 225 
81 153 
5 15 44 70 70 82 84 98 108 117 122 141 196 213 213 231 231 237 
68 153 153 221 250 
108 
228 
175 182 182 239 
146 152 152 
4 14 
5 11 37 37 37 44 44 122 134 169 197 222 222 226 
137 
53 147 
75 171 171 
33 33 33 
5 222 
134 146 
203 
9 9 9 101 101 101 101 
94 102 102 102 125 222 235 235 235 
22 
26 33 33 59 188 222 222 
52 57 57 148 
106 106 117 
14 14 152 152 
58 152 163 

5 
18 112 
45 
35 81 
109 246 
238 238 
12 12 12 150 150 227 
45 45 93 154 154 154 186 241 
48 152 203 203 203 252 252 
44 70 70 
0 18 18 18 76 76 152 152 206 236 
250 250 
19 
18 90 90 137 
182 182 182 182 
81 93 93 
84 

5 27 
88 88 146 165 203 
26 26 59 59 84 84 84 122 222 222 222 222 249 249 
8 228 247 247 
213 
122 160 
156 203 
36 147 191 203 205 205 233 233 233 
60 60 
122 122 243 243 
16 16 89 93 93 93 
111 
137 
5 5 8 25 53 65 93 93 93 153 153 160 176 203 203 203 238 
26 108 
101 177 204 204 
17 17 17 17 26 66 70 70 70 127 183 189 249 249 249 
131 131 
203 218 
98 
69 69 203 203 203 
16 16 78 
3 18 18 63 63 201 202 206 242 242 
121 238 
203 203 
16 57 65 65 78 78 78 81 81 81 95 95 95 176 176 
42 
16 93 93 93 
11 11 122 127 144 240 240 
7 130 
5 5 26 87 213 213 237 
147 
109 198 255 
41 41 41 41 83 
5 42 42 42 181 203 
5 5 231 231 231 
129 129 152 
1 18 153 155 
46 46 195 244 
119 152 
26 28 82 
54 100 127 194 194 194 

79 154 
51 
204 
5 20 20 209 235 


5 26 46 
188 
0 0 107 152 
170 
91 179 179 238 
26 33 70 73 77 77 96 210 
5 160 160 161 196 

42 
203 
84 96 109 187 
228 228 228 
104 104 
97 
85 85 151 151 151 151 228 228 
222 222 
5 141 234 
33 39 197 
175 175 
196 196 
34 63 80 202 250 250 
4 4 
251 
158 158 158 158 168 
26 133 248 
159 
149 165 165 203 203 
96 

14 14 31 39 69 
35 75 99 
45 153 
143 203 
56 56 181 
131 131 131 131 
14 18 24 31 31 47 47 48 58 60 60 104 107 119 157 225 
1 2 25 27 27 81 81 105 148 228 228 
57 57 57 111 176 241 
105 
74 199 
152 
140 140 140 140 164 
5 142 
73 81 123 123 251 
123 
238 
48 
1 158 232 
69 143 143 
20 
184 184 184 
8 140 
33 
120 206 
36 36 188 
197 197 

206 206 206 
30 135 135 196 
81 93 93 154 
83 204 

121 121 
22 22 
102 150 
9 30 30 64 64 64 64 196 196 
15 15 84 
167 167 167 228 
197 
18 57 
127 229 
44 118 171 
84 
236 
75 205 205 
23 23 
253 253 
109 109 109 
106 204 
26 123 136 136 175 182 182 239 
33 134 172 172 185 
100 
156 

90 
90 137 
40 58 58 58 69 74 75 81 81 81 86 88 88 88 92 92 102 126 143 143 149 252 
83 83 113 177 195 246 
12 12 75 75 191 191 
60 90 170 174 174 174 

4 4 14 
114 
122 

6 6 222 
26 26 72 98 98 

247 

233 
86 

7 
27 
12 33 33 38 42 44 44 70 70 70 70 132 132 212 
18 18 
238 238 
24 24 152 
33 
5 5 5 56 
8 8 21 29 71 128 128 128 131 131 153 153 184 
187 240 
238 238 
15 26 26 103 103 103 
1 164 
75 75 75 217 
5 5 133 
5 5 42 42 42 114 
0 0 60 190 
26 98 253 253 
3 5 5 55 55 81 91 121 162 224 224 230 230 
30 196 
96 96 229 
57 154 
90 90 
77 77 
5 5 106 248 248 248 248 
22 
54 204 
8 8 71 71 215 
5 141 244 244 244 244 
70 70 84 84 84 
27 61 61 137 137 
139 160 
58 58 203 
6 6 193 193 237 237 

100 
