nodes: 256 edges: 472
60 236 
21 105 164 164 232 

90 90 238 
8 14 14 18 32 85 138 
26 26 33 38 50 56 56 81 81 81 98 98 102 102 108 114 117 117 123 123 136 142 203 203 203 227 234 235 235 238 238 238 243 243 244 244 
253 253 
86 218 220 
4 71 71 228 228 
41 41 

96 96 
56 205 
33 33 122 122 
4 4 18 32 47 51 51 58 138 139 139 146 146 
26 26 115 115 183 183 
78 95 
66 84 84 84 
4 14 51 60 90 137 152 186 223 223 
62 
98 166 166 
1 45 143 
43 180 221 

152 225 225 
45 81 153 153 
5 5 15 15 33 33 33 36 44 62 67 70 70 82 84 84 84 98 98 117 117 122 122 141 141 196 196 222 231 
68 153 250 250 
108 108 

175 196 
146 146 
4 14 
5 13 13 26 26 26 37 44 122 122 134 134 134 169 197 207 222 222 226 226 

65 
26 72 75 75 75 171 
33 169 
5 42 222 222 
134 134 146 146 
203 203 
9 9 101 101 
38 81 81 81 94 102 102 125 125 176 222 222 222 235 235 235 235 
22 195 195 
26 33 59 59 122 150 222 222 
21 25 52 57 85 
106 
14 
163 163 251 
84 
5 
14 14 18 112 
45 228 

109 109 
238 
5 5 12 142 142 227 227 
45 93 93 186 186 186 224 241 
14 152 152 214 251 
44 44 70 70 70 
0 18 76 76 152 206 236 
206 250 250 
19 26 

182 182 
35 
17 
26 
27 
88 146 146 165 165 165 165 203 203 203 203 
26 26 59 59 59 122 122 210 210 222 222 222 
8 8 119 131 131 167 
36 213 
122 122 220 
203 203 
36 36 36 99 99 99 203 203 203 205 205 
60 60 170 
122 243 
16 89 
111 
137 137 
5 5 5 25 42 42 42 153 153 160 160 176 176 176 176 203 203 238 238 238 251 251 251 
26 
101 177 
17 17 17 26 26 26 49 249 
4 45 131 131 
7 203 218 

69 203 
78 
3 3 18 
238 

57 57 95 111 111 176 201 224 241 
42 248 
16 93 
11 11 144 144 200 216 
124 
5 5 20 26 26 213 
75 75 75 251 
194 194 
41 41 83 113 113 113 145 
5 5 42 42 181 181 203 203 

111 129 152 152 
1 153 153 155 
46 145 
119 119 152 
5 28 28 
54 54 194 198 

79 93 93 104 
51 
101 101 101 204 246 246 246 
5 227 235 
15 15 
203 
5 5 26 26 

71 107 107 152 223 

179 179 
13 13 26 26 33 33 44 70 70 73 73 77 243 
5 5 160 160 161 161 161 196 
97 
42 42 
203 247 247 247 
187 189 189 229 229 
228 
104 

71 71 85 85 151 228 
222 
141 234 234 
33 33 33 39 39 211 
175 
5 196 196 
18 80 80 153 250 250 250 
4 14 
14 14 
158 158 168 168 168 
26 26 133 248 248 248 
5 56 56 
21 149 165 
96 96 
101 106 
14 14 31 31 39 39 69 69 223 
222 

143 203 
44 181 
131 153 153 
18 24 58 58 60 104 104 107 119 163 170 
25 25 27 81 81 105 105 137 151 151 179 228 228 228 
176 176 238 
105 


140 140 164 164 

81 81 123 123 251 
123 123 123 
239 239 
48 48 152 
1 1 158 158 
69 69 69 69 143 203 
20 20 
71 173 184 
140 140 140 
33 37 
76 152 
36 188 
197 
167 
202 206 
30 135 
42 81 81 81 81 93 154 154 235 
83 

121 121 153 
22 
102 102 150 
64 64 196 196 244 
15 15 
167 228 
197 197 
18 57 57 57 
127 229 
171 
127 127 
236 236 

206 
237 253 
100 100 109 
43 43 204 245 245 245 
26 26 30 123 136 136 182 182 239 
33 172 185 185 
109 

96 229 
93 
174 
5 5 5 40 40 69 69 69 69 74 74 75 75 75 81 81 86 88 102 102 116 126 149 165 220 234 251 251 251 
113 195 245 246 
12 75 75 222 
60 61 174 192 
33 


70 70 
134 
222 222 
72 98 
58 

96 
233 
7 86 

7 73 203 251 251 
22 
26 33 33 38 38 42 42 42 44 44 70 70 70 132 147 205 212 212 
18 18 119 146 
57 93 238 238 
24 24 
33 33 
5 56 56 114 
8 8 52 128 131 153 153 153 184 238 
127 127 187 200 240 

26 
1 
217 
5 133 133 203 
5 5 42 42 42 42 114 176 
0 60 190 190 
193 
3 5 5 5 55 81 81 81 91 154 224 224 228 
162 162 196 
229 
57 93 

5 5 77 122 
5 5 182 
195 195 195 204 
113 113 113 204 
126 126 126 
94 141 141 141 
84 
27 27 61 61 137 137 137 
48 58 81 81 81 99 160 203 203 203 220 220 

6 6 193 


