nodes: 256 edges: 468
60 119 236 236 236 
21 153 153 158 
153 
90 90 238 238 
8 14 14 18 32 85 138 208 208 
26 26 33 38 38 56 56 81 81 81 98 102 102 108 117 123 123 133 136 142 142 143 203 203 203 227 234 235 238 238 240 243 244 244 244 
212 253 
74 86 86 203 203 203 220 220 
4 71 81 81 247 
41 41 182 
14 
96 
56 205 205 222 
122 
4 4 10 18 47 51 51 138 138 146 152 180 
115 115 183 
89 93 93 
66 84 
4 14 60 60 61 90 105 120 120 120 137 152 186 186 206 223 
62 
98 114 166 166 
1 45 140 143 228 
43 180 180 
192 192 
146 225 225 
71 81 81 81 
5 5 33 33 33 36 44 44 70 70 84 84 84 98 98 108 108 117 122 196 196 213 222 231 231 237 
68 68 250 
88 108 
51 
175 196 196 196 
146 146 152 
4 
5 26 26 26 37 44 122 122 134 226 

65 65 65 81 81 
26 75 171 171 179 203 203 
33 122 
5 5 222 222 
134 134 146 146 

9 9 
81 81 102 102 102 114 125 176 222 222 222 222 243 
22 
26 26 33 59 122 122 122 150 188 188 
21 52 52 52 57 153 153 
106 106 106 
14 152 152 
152 163 
84 
98 123 123 
14 14 29 112 112 
45 45 45 228 

127 

5 5 12 142 150 150 150 
45 93 93 241 241 241 
104 104 104 203 203 251 
44 
0 18 18 76 76 206 206 206 
18 250 250 
19 
90 137 
182 
35 35 35 81 93 93 
17 84 
213 
27 27 
126 
26 26 77 77 84 122 210 222 249 
8 25 119 131 131 131 167 228 247 247 

122 122 160 
7 156 156 
36 99 203 
60 60 170 
70 70 
89 

137 
5 5 5 8 8 25 25 25 35 35 42 42 65 93 93 153 153 160 176 176 203 203 238 238 238 251 251 


17 26 26 26 49 66 70 100 100 249 
4 131 
7 7 218 218 
98 220 
28 203 
16 78 
3 3 18 63 137 201 201 206 242 242 242 
121 

16 16 57 57 65 65 81 81 95 95 111 176 201 201 241 
112 112 
93 93 
11 127 144 144 200 229 240 
130 130 226 
5 20 26 26 50 87 209 213 213 237 
75 147 251 
84 84 255 255 
113 113 145 
5 5 42 42 42 203 234 234 

58 58 58 111 111 
18 153 155 155 
46 46 46 145 195 195 
119 119 
5 26 26 28 
127 194 198 198 

93 104 104 154 154 173 
51 51 94 94 
101 101 
20 42 209 209 227 227 235 235 
15 15 

5 26 
188 232 
0 71 107 107 152 223 223 223 
18 18 18 170 
91 133 179 238 238 
13 26 33 33 37 44 44 44 70 73 73 210 243 
5 5 50 50 196 

42 
69 203 247 
54 96 109 161 187 229 
228 

97 97 
71 71 71 85 151 151 228 
222 
5 121 234 234 234 
33 39 39 

5 196 
18 63 80 90 153 202 250 250 250 
4 14 14 
251 
21 158 
248 
5 5 56 
5 21 203 
96 96 197 
101 106 
14 24 31 31 39 39 157 
99 
153 
203 
44 56 56 56 181 181 181 
131 131 228 
14 18 31 47 47 48 119 163 170 170 170 225 225 
1 1 2 45 45 81 81 105 137 148 228 
111 111 241 
105 105 
74 74 199 
146 
1 140 164 
178 
73 81 251 
127 
238 239 239 239 
48 152 
158 
203 203 203 
20 20 
71 173 173 

219 
76 120 152 152 152 
36 36 

111 167 167 

30 196 
42 81 81 93 
204 
159 
36 121 
14 22 22 
150 150 150 
9 64 196 244 
15 

197 
18 18 
127 229 
44 44 118 



23 23 
253 
109 
106 106 
26 26 30 30 30 123 136 175 182 
144 185 
109 109 
156 
96 229 
90 90 93 93 
137 
5 5 5 7 7 7 36 36 58 58 75 81 81 88 102 126 143 149 165 165 165 220 234 251 251 251 252 
177 245 246 246 
12 12 
18 60 60 60 90 

4 4 
98 114 114 
70 122 

6 
26 67 98 98 




86 86 
169 
7 7 87 203 

12 26 38 38 42 42 42 42 70 132 
18 119 119 119 
238 
24 24 152 152 
33 97 
5 114 114 
21 52 71 128 131 151 153 238 
96 127 187 200 
238 238 
26 26 
118 

5 102 102 133 133 133 203 
5 114 114 
0 0 0 
26 98 253 
3 3 5 5 81 81 81 121 121 162 224 228 230 230 
162 162 162 
5 96 
57 57 57 93 154 
90 90 90 
5 42 122 
5 5 5 182 248 
204 
204 204 
8 71 71 126 
141 244 
70 84 
27 61 61 137 137 137 
58 81 81 99 139 160 203 203 203 
203 
6 193 237 

100 100 
