nodes: 256 edges: 467
60 119 119 
105 153 
153 
90 238 
14 18 18 32 85 138 138 138 
26 26 33 56 81 81 98 98 102 102 103 108 108 114 117 123 133 133 143 159 203 203 227 227 227 234 238 238 238 240 244 244 
42 
74 86 97 203 203 218 
71 81 81 168 168 168 228 247 


96 96 96 
56 205 222 222 
33 122 122 122 
4 18 32 51 51 58 152 208 
26 26 183 
78 78 89 
84 84 
4 4 14 51 51 60 60 61 63 90 120 137 137 152 206 223 223 223 
62 62 
114 114 114 
52 140 153 228 228 
43 221 
192 

81 153 
5 5 15 15 33 33 36 44 44 62 67 67 70 72 82 84 84 84 98 98 108 108 117 122 122 196 213 222 231 237 
250 250 
88 88 108 
228 
175 175 182 196 239 
146 146 
4 14 
5 13 26 26 37 37 37 122 122 122 134 150 169 169 207 222 226 
137 137 
53 81 81 81 
26 75 75 75 171 
33 33 33 169 
42 222 
134 134 146 

101 
6 38 81 81 81 94 102 102 114 125 176 222 222 222 222 235 235 243 
22 195 195 
26 26 122 222 
52 52 57 85 153 
106 106 
152 152 
58 152 163 163 

123 
14 14 18 18 112 112 112 112 
21 45 45 
35 81 81 
109 246 
238 
5 12 227 
45 93 154 186 241 241 
14 48 152 203 203 214 252 
70 70 
0 18 18 206 
18 250 
19 19 26 
18 90 90 
182 182 182 
81 93 
84 
26 26 

88 126 165 165 203 203 203 
26 59 59 122 210 222 222 249 
8 131 228 247 
26 213 
122 
7 156 156 203 
36 36 36 99 147 203 203 203 205 205 217 233 233 


16 16 89 89 93 

137 
5 5 8 8 25 35 35 35 42 42 42 53 53 65 93 153 153 160 160 203 238 238 238 238 251 
26 108 
101 204 
17 17 26 26 26 66 100 127 183 189 189 249 249 
4 45 131 131 228 
7 203 203 
98 253 253 
28 28 69 
16 78 78 
3 18 63 63 140 201 206 242 

203 
57 65 78 81 95 111 111 224 241 
42 112 
93 
11 11 11 114 127 144 200 240 240 240 
7 130 130 226 
5 5 26 26 87 213 
75 251 
84 198 
41 83 113 113 
5 5 42 42 181 181 203 203 203 
5 153 231 
111 111 129 152 
1 153 153 153 155 155 155 
46 46 195 
119 152 
5 5 26 26 28 82 
54 127 194 194 198 
153 
93 93 104 104 154 154 
51 51 51 51 94 
101 101 145 246 
5 20 20 20 42 96 209 209 227 235 235 

203 
5 26 
188 
0 0 107 152 152 223 223 
18 
133 
13 13 13 26 26 33 33 33 44 70 73 210 243 
5 50 160 196 

42 
69 203 203 247 247 247 247 
84 96 109 
228 
104 190 
97 97 
71 85 85 228 
222 222 
5 5 121 234 234 
33 39 39 211 
175 
196 196 
18 18 34 34 80 153 
4 4 4 

21 90 158 
248 
159 
5 149 149 165 
96 
113 
31 31 39 223 
75 222 

143 143 
33 181 181 

14 18 47 47 48 58 104 107 119 119 157 163 170 225 
1 2 21 25 45 81 81 103 105 105 105 110 137 228 228 
57 111 111 
105 105 105 206 
74 74 203 
152 
140 164 
5 142 
81 81 123 

238 238 238 
48 48 152 
158 232 
69 69 143 203 
209 
173 184 184 
8 8 8 
33 33 37 
152 
36 

167 
202 206 206 206 
30 30 135 196 
42 
204 204 204 



102 102 150 150 
30 64 64 64 244 244 244 
15 84 
167 167 
197 197 
57 

118 
84 84 
129 

23 
253 
109 109 
43 43 106 204 245 245 
26 30 123 136 136 175 
185 185 
100 109 

96 
90 
174 
5 5 7 7 58 58 69 69 69 74 75 75 75 81 86 86 92 102 102 102 116 126 126 156 165 218 234 251 252 
83 177 177 177 195 245 246 246 
12 75 75 
18 60 90 155 174 174 174 
33 
14 
114 114 166 
70 122 
134 

26 72 98 
58 
247 

75 233 
7 203 


22 
12 12 26 33 38 42 42 42 42 44 70 70 132 132 147 
18 18 18 119 119 146 
93 238 238 238 
152 
33 97 
5 5 5 56 114 
8 21 21 29 71 85 128 131 153 153 

238 238 
26 103 
164 
75 75 217 
5 133 133 203 
42 42 114 114 

26 253 
3 5 5 5 55 81 81 81 81 162 162 162 224 224 224 230 230 
30 
5 96 96 96 
57 57 93 
90 
42 122 
5 5 182 182 182 248 
195 195 204 
54 113 204 204 
8 71 126 126 126 126 215 
141 244 
70 84 84 
27 27 61 
81 99 203 
58 203 
87 87 193 237 


