nodes: 768 edges: 1387


65 317 317 
89 141 141 633 633 
203 247 247 247 341 357 402 
6 6 53 53 59 99 101 101 115 115 119 144 163 194 194 210 210 213 239 239 239 240 292 307 307 307 340 340 340 365 387 387 395 466 488 506 506 533 537 567 567 623 623 654 654 700 739 
5 5 161 
49 550 613 741 
81 177 316 343 763 
124 
81 121 121 121 224 224 224 252 257 257 265 265 265 274 285 285 312 312 312 472 599 599 649 649 721 739 739 739 
501 
35 35 
159 409 
493 493 493 
376 
35 35 35 173 198 198 198 214 278 278 296 296 333 333 333 376 378 400 400 442 442 485 505 505 548 548 548 553 561 561 569 600 601 601 601 611 626 626 633 633 633 724 724 739 739 739 741 
443 443 466 466 
34 34 34 
665 
395 
72 72 128 128 
53 67 67 
218 218 262 481 501 
689 

111 111 203 203 266 385 428 428 462 540 667 676 712 712 
30 203 203 
203 203 625 
73 484 569 569 569 607 
27 203 203 681 

308 516 615 
207 423 423 
18 18 18 
12 12 16 16 16 278 327 432 556 569 624 624 645 741 741 
395 522 
733 
172 172 298 309 456 
355 355 
118 
342 
323 323 323 
449 585 615 
246 337 346 

379 
112 171 213 271 307 736 
304 421 421 588 
7 613 613 
312 711 


5 5 22 99 99 99 99 

272 375 392 484 484 484 
64 64 86 156 239 242 242 255 
569 569 
199 203 238 238 
5 
106 106 479 479 

433 517 517 517 562 599 607 
647 
56 56 156 156 255 430 430 499 766 
2 117 131 131 551 750 
352 352 395 
22 22 120 159 159 213 213 213 354 446 515 521 
108 363 
157 157 341 
307 307 307 569 716 
634 
21 21 257 381 381 
29 460 747 
299 
297 583 667 
133 133 
472 472 
473 488 569 
239 239 597 
241 241 739 739 
8 10 136 136 170 206 206 206 257 300 312 312 343 422 433 433 571 599 599 607 607 618 618 729 
688 
117 224 228 228 228 500 680 


56 


3 547 633 
256 382 734 739 
380 
589 633 716 716 

184 212 253 253 679 679 
399 399 464 464 726 
189 189 189 556 556 627 
653 759 
510 510 715 
5 53 53 53 53 618 618 618 618 618 679 
444 
5 5 
395 395 
342 342 704 
359 

60 60 156 
544 
68 312 312 668 739 
356 486 486 
339 339 
26 26 203 
47 
257 701 
428 428 675 
5 5 213 213 
446 446 446 534 534 
65 83 224 342 342 628 657 683 750 
40 348 370 370 654 
5 424 424 621 621 
67 
10 10 10 203 203 

215 354 469 469 469 
9 344 506 582 

385 385 582 582 
507 
21 21 
190 190 203 203 203 203 672 
704 
65 65 286 

76 76 
581 
326 326 505 505 
81 81 274 
721 748 
682 
739 739 
387 617 
3 3 179 179 179 241 455 455 606 620 
741 
672 
5 163 506 
523 
207 207 534 534 

568 568 
342 739 
214 739 756 756 
221 221 739 739 

317 317 
622 
340 340 448 
56 64 64 106 239 239 239 242 280 280 280 448 460 463 463 590 590 
69 69 203 341 
616 725 
13 67 67 238 304 304 354 409 461 461 710 
184 342 459 739 739 739 
6 278 
254 254 639 
5 144 213 353 528 528 528 

584 584 
171 171 703 
191 247 341 
176 176 473 
566 
81 283 283 435 
47 166 166 243 496 
38 38 
16 397 

292 292 489 489 667 
168 168 504 699 
8 704 704 754 
208 357 357 
141 141 141 218 218 218 218 239 239 367 435 713 713 
607 614 739 739 
271 271 688 688 745 
318 

94 160 256 679 679 
739 

756 
272 272 272 
96 96 96 398 
129 129 402 657 739 739 739 748 
167 
677 677 
323 674 674 
5 5 631 631 
312 672 
577 577 603 603 
203 203 543 666 
16 16 16 351 416 601 664 
58 

752 752 752 

4 26 26 27 27 28 28 30 30 58 111 121 121 129 129 129 129 157 197 197 253 262 262 264 266 266 290 290 322 337 341 341 342 342 342 374 377 386 386 399 423 486 501 501 501 539 540 540 541 544 544 544 577 592 630 631 648 666 715 723 
443 

81 81 81 240 599 661 676 
33 146 146 633 633 655 735 
178 357 357 

5 5 531 531 
595 595 
94 253 
5 47 67 67 67 115 115 163 222 299 353 353 446 446 498 504 504 593 595 595 595 620 620 719 719 719 
16 150 741 741 
123 607 656 
752 
282 282 282 282 
23 23 179 179 179 179 262 501 
559 
324 324 
151 151 403 758 
213 428 428 718 719 
255 
10 10 10 83 117 342 342 417 438 750 758 758 
275 396 593 659 728 738 
675 
559 596 
83 83 83 
284 284 284 284 
288 399 399 
264 
383 383 

595 

274 274 739 745 745 745 

58 58 159 369 
5 5 5 56 79 79 156 156 156 179 179 580 590 594 713 757 757 757 
5 206 488 488 676 676 
80 80 141 312 312 312 606 618 649 649 649 739 739 745 767 
56 56 156 503 713 757 
171 331 428 

601 
44 337 342 411 414 456 589 589 611 
4 4 4 167 
655 708 

358 358 424 760 760 760 
433 506 686 
10 
94 94 203 212 554 
162 162 489 639 667 667 
56 64 223 561 635 
90 184 679 
10 10 72 81 113 381 529 649 
318 454 626 626 626 739 739 
278 
364 
333 333 415 415 618 618 633 
23 203 203 218 

203 231 
10 10 10 688 688 739 
26 203 203 462 568 712 

298 
284 675 675 675 
286 286 332 
47 181 181 535 535 756 756 
55 188 188 188 
598 760 
10 136 236 236 389 389 
225 542 
718 718 
346 632 
16 16 35 161 259 287 404 432 522 633 633 740 
312 312 
156 156 156 590 
387 561 561 561 611 633 
217 217 217 217 
170 170 
229 229 229 229 269 289 372 
10 10 519 519 519 
131 270 270 341 464 551 
278 434 
230 
284 
203 203 648 
716 716 
5 175 175 366 366 366 370 370 687 687 700 739 739 

298 309 584 691 691 

16 16 347 376 376 424 473 473 487 
75 
38 268 294 493 642 686 686 687 692 739 739 
74 213 353 363 363 
81 
715 723 

428 428 428 
48 159 159 323 409 

323 
5 5 5 47 70 70 70 387 387 560 604 
32 516 516 
38 294 

385 385 385 579 
10 10 10 50 81 81 108 108 195 241 241 241 279 279 342 342 402 486 486 536 536 711 739 

575 

8 436 
2 2 153 153 
182 258 354 354 

508 
333 713 
203 577 
42 42 42 193 304 306 421 588 
220 220 572 572 572 708 708 

135 135 505 
35 

708 708 
373 595 595 595 595 601 
243 428 
270 577 
16 16 16 261 261 321 547 573 626 633 658 


633 633 
44 203 246 342 
609 
110 110 
5 5 5 155 155 448 
4 69 157 167 203 203 286 357 357 417 483 483 544 544 578 684 720 752 
41 103 103 117 117 149 160 203 203 203 224 224 246 312 312 337 428 428 518 518 539 539 643 653 653 667 667 667 704 739 739 754 
8 81 433 585 640 761 
124 466 

44 277 
296 
118 


198 368 368 
66 66 395 395 432 
163 213 213 299 
67 123 159 318 318 360 469 
39 39 618 
109 568 
4 178 178 208 208 341 341 
250 250 
104 
354 
569 
744 744 
68 299 299 406 530 539 539 576 694 763 
260 
5 
292 292 292 510 725 739 739 
179 742 
351 351 665 665 
238 648 
118 118 292 292 
690 
284 548 689 
330 498 498 498 498 595 
203 
55 379 
15 16 296 296 553 553 
203 425 648 648 
16 
46 375 388 
91 569 
72 72 257 
90 632 632 701 734 
232 232 
728 
26 126 126 311 311 311 579 
203 203 631 
5 5 140 281 307 307 
379 696 
274 274 755 755 755 
591 701 
570 570 570 
55 484 484 
625 634 696 
429 429 
5 20 36 66 102 102 352 352 663 682 
225 
173 582 
189 
95 95 203 230 230 
16 16 473 

4 190 312 739 739 
221 758 758 
278 430 430 430 
635 
363 
601 601 

13 159 304 575 
546 546 546 
246 455 455 455 575 

739 
246 633 633 
261 261 
198 665 665 665 
224 341 

693 693 
633 633 677 708 
48 48 323 
81 475 599 729 
33 33 203 755 
119 119 250 296 473 
377 648 
498 

26 26 114 114 222 222 243 303 303 303 331 342 342 478 478 566 652 689 
394 394 553 553 
64 64 404 404 404 499 701 701 701 

35 278 352 
62 81 81 251 343 
287 
170 179 
316 
511 582 
224 531 
545 
521 662 733 

16 16 590 590 590 600 626 747 
17 17 204 695 695 695 
100 546 643 721 721 
743 
67 116 116 116 213 213 
601 677 
155 156 340 
43 733 
657 
767 767 
514 514 
720 
258 
141 141 411 411 411 
38 246 

496 
160 545 612 612 
73 156 
159 159 710 
26 266 
156 156 
95 95 286 

5 17 17 344 

606 
123 123 123 354 


10 77 77 
78 168 296 296 400 424 
761 
422 
633 
522 
428 428 595 
60 60 
532 532 
23 501 

341 341 
29 55 55 55 392 392 605 605 
16 626 
109 109 203 312 312 
296 654 
5 78 240 240 
175 175 254 639 

605 605 

14 14 14 298 

695 695 
171 458 597 597 

213 373 373 373 373 426 
64 430 
83 638 
11 23 203 203 203 218 481 603 603 603 719 722 
667 
242 
176 213 213 595 
16 16 135 135 326 
5 5 124 144 251 
127 693 693 695 695 
320 

98 98 366 725 725 
437 
747 
703 716 
452 452 
67 521 
32 308 308 638 
62 62 62 742 742 742 
342 342 638 
285 285 285 705 

67 440 515 
36 278 477 
145 
696 696 
716 716 716 


163 163 163 669 669 
257 701 701 705 727 
363 
210 210 438 540 
480 480 696 739 739 
5 594 
116 116 146 146 765 765 765 765 
271 271 756 
312 312 
5 737 737 
563 588 
203 342 342 363 363 
26 203 203 531 541 570 570 
203 540 
275 679 738 
197 
107 203 203 203 341 341 
439 459 643 
410 410 410 444 643 
89 333 563 573 573 702 
16 16 16 372 739 

7 
65 286 637 637 

16 376 376 429 429 
253 697 697 

35 96 96 
739 
632 632 
219 227 
307 
16 16 255 281 281 281 611 
62 599 599 676 
538 547 


169 428 599 
5 5 
148 148 266 356 
16 29 29 29 35 57 57 70 78 361 380 670 
391 391 391 540 540 574 
81 
324 324 324 
333 547 547 
570 
314 409 411 
363 
196 196 203 322 332 
341 
311 385 
239 757 
134 
124 126 126 397 437 739 739 764 764 
75 
165 165 294 
43 343 
589 
658 
48 323 538 635 
92 246 246 586 633 
156 156 239 280 442 442 442 626 
390 
203 
213 225 
239 533 
211 211 213 213 213 234 330 330 330 330 373 478 504 699 699 
227 
79 496 496 
273 624 
10 10 62 81 81 206 422 562 562 566 661 
16 442 
16 16 16 198 245 330 407 407 447 660 664 664 
660 660 660 
196 196 501 501 501 722 722 722 
307 
484 484 491 491 
141 241 468 
29 62 81 81 180 215 
649 
338 705 
686 686 
16 246 281 561 
459 459 
7 49 49 746 
180 759 
32 43 
158 
140 648 
81 81 99 99 99 99 99 241 261 261 355 

141 213 213 
119 119 
154 743 
5 5 
35 35 598 
28 393 
16 16 258 258 258 333 442 485 590 
96 
117 

203 
194 194 203 386 
277 382 382 558 558 739 739 
3 3 16 16 16 89 92 207 207 261 278 278 281 333 336 336 414 414 420 420 476 589 708 708 708 
71 393 
255 405 588 759 

551 551 
500 516 518 
162 254 489 
343 

298 
342 444 545 546 704 704 704 

35 741 
751 751 
63 
203 290 369 377 377 425 617 
10 10 241 241 241 257 608 
739 

428 754 
97 342 342 
5 5 118 487 679 
207 248 
215 760 
117 190 450 
333 587 674 690 
225 
601 602 602 602 
206 599 
440 733 
395 
198 601 601 
19 368 368 416 416 416 
197 203 
26 75 175 254 254 342 342 342 502 739 739 762 
108 
528 528 
569 

129 143 195 

193 193 658 
114 226 269 269 269 
26 206 240 240 562 
192 192 420 447 
733 
94 94 99 184 184 256 542 654 
83 751 
30 
138 395 
117 
341 
739 739 739 739 
251 298 298 610 610 
292 292 298 
82 181 181 265 265 717 739 739 739 739 
24 372 428 754 
371 658 
294 294 
298 739 
419 419 507 507 
363 
443 443 443 495 495 507 507 
388 393 524 524 532 717 739 
554 554 
725 
176 595 595 
5 292 
113 382 390 430 430 430 529 529 
547 
166 513 
103 130 177 177 342 643 643 643 
519 529 609 


248 324 324 329 329 420 633 633 633 733 733 749 

159 461 
50 312 
26 26 266 
179 179 239 242 321 

98 203 301 
70 92 92 291 291 513 525 525 525 
688 696 
222 276 276 
213 213 213 222 501 
341 453 
10 137 444 444 739 739 
501 603 603 603 
203 301 
16 16 
158 366 510 510 698 
95 
529 
225 384 
81 422 


763 
37 440 449 662 678 708 708 756 
90 382 
207 
47 
537 537 739 
225 542 
5 10 10 10 16 16 16 80 80 90 108 139 139 149 150 151 151 160 160 160 180 180 185 190 190 190 236 241 241 258 258 265 292 292 298 298 312 342 342 366 366 402 402 413 532 532 548 557 582 582 632 632 650 667 667 685 685 685 685 688 688 688 688 692 696 721 721 737 745 745 
278 
7 16 35 35 142 214 214 645 
367 517 517 517 
445 622 
362 362 
181 236 236 236 241 739 739 
613 
73 442 512 
137 190 
708 753 
65 117 224 
646 646 680 
201 201 201 216 341 
749 
177 342 652 689 
389 389 389 423 
150 150 187 271 271 535 733 
239 239 239 242 580 759 
221 224 224 403 403 
97 614 635 757 
250 250 250 273 656 
343 474 
667 
8 363 732 
582 582 
534 534 534 534 
64 
241 451 451 
