nodes: 768 edges: 2305
5 5 
64 64 64 313 313 313 
65 117 117 282 317 427 427 
89 141 141 141 633 
157 191 203 247 247 341 341 357 357 
0 0 6 6 6 40 53 53 53 55 55 59 59 59 79 79 99 101 101 101 115 115 115 118 118 118 144 144 144 144 147 147 163 163 163 174 174 174 194 210 221 221 239 239 240 240 240 272 272 272 292 292 307 307 307 340 340 340 340 340 348 348 365 367 367 367 370 370 387 387 395 395 405 405 448 451 451 451 466 466 484 484 484 488 488 488 504 504 504 506 533 533 537 567 586 586 623 623 623 635 635 651 651 651 654 654 663 663 682 682 682 700 700 719 739 739 739 759 759 759 
5 5 5 
49 49 49 49 550 613 613 613 613 
81 316 343 552 
124 
81 81 105 105 121 224 224 252 257 265 274 274 274 285 285 312 312 472 472 472 472 529 649 649 649 721 721 739 739 
501 
35 35 35 
159 
493 493 493 649 739 739 
60 296 296 376 
35 35 35 35 198 278 278 296 296 296 333 333 333 376 378 400 485 492 492 492 505 505 547 547 548 548 548 548 561 561 561 569 600 601 601 601 611 611 611 626 633 633 633 702 702 709 739 739 
443 443 466 466 466 
34 
665 665 
352 395 395 395 
72 72 72 72 72 128 128 626 
53 53 53 53 67 232 521 521 
218 218 218 262 262 262 481 501 707 
190 312 312 503 503 503 689 739 
123 
41 111 111 203 266 385 385 428 428 428 474 667 712 712 
30 506 
203 625 
73 73 73 484 484 550 556 556 569 569 569 569 607 607 607 607 
27 203 290 609 609 681 681 
533 
308 308 308 308 516 
207 423 423 423 423 
18 142 
12 12 12 16 16 16 16 278 278 327 327 327 327 432 556 556 569 569 624 645 645 741 741 
352 352 395 395 404 432 522 
339 733 733 733 733 
172 172 309 456 456 456 456 
355 355 415 
5 118 118 118 118 
26 
323 
316 449 449 585 615 615 
337 337 337 

379 459 
106 112 171 271 271 307 560 560 560 
304 304 304 304 421 421 588 658 
7 7 7 7 601 613 
248 312 312 711 711 
203 203 666 
457 580 
5 5 5 22 22 22 22 99 99 99 99 99 
600 
5 5 272 272 272 272 272 392 478 484 484 484 
64 156 156 239 239 255 503 503 503 
477 
199 238 238 238 
5 5 5 365 
15 106 156 156 476 476 479 
444 
433 517 599 607 607 607 
366 470 647 
1 1 1 56 223 223 430 430 430 499 499 766 766 
2 117 117 131 131 131 551 551 551 750 
352 352 395 395 704 
22 159 159 213 213 213 260 305 305 354 354 446 446 515 515 
108 108 363 739 
98 157 157 341 341 341 
307 569 569 569 634 716 716 
393 634 634 634 634 
21 21 21 21 21 381 
29 29 29 460 460 460 741 747 
84 84 84 491 491 491 491 
502 583 583 583 667 
133 133 133 133 133 402 673 750 750 750 
352 352 472 472 472 
473 473 488 
5 5 239 239 239 448 448 597 597 
241 241 241 622 622 739 739 
8 10 10 136 136 136 136 136 195 195 206 257 257 257 312 312 343 343 422 433 433 599 599 607 618 618 
688 688 
224 224 228 228 228 342 417 417 500 500 500 680 680 
74 74 74 
601 613 
248 248 248 248 
284 
124 282 282 282 342 342 
3 547 547 547 633 633 
256 382 382 382 382 739 
380 
336 703 703 703 716 716 716 716 
279 279 
184 184 203 203 212 212 253 253 679 679 
129 392 392 392 392 399 464 464 464 464 
189 189 189 556 556 556 556 556 627 667 667 
653 
69 366 366 510 510 510 715 
5 53 53 53 53 53 618 618 618 679 679 679 716 

5 5 5 581 
395 395 395 395 
342 704 
299 
10 10 529 529 
47 60 476 
544 544 
68 68 312 312 668 739 739 739 
356 486 486 
339 339 733 733 
26 26 148 157 157 203 203 
47 307 
257 257 701 
342 342 428 428 
5 5 5 213 213 635 
213 213 446 446 534 534 
2 2 65 65 224 224 342 342 628 657 677 677 683 
5 5 5 40 40 40 40 194 216 348 348 654 654 654 654 696 
424 621 621 621 621 621 

10 203 205 205 205 205 
565 565 640 640 
25 215 354 469 469 469 
9 88 344 582 
490 490 496 496 
374 582 582 
507 
21 21 442 614 
95 190 190 203 203 203 552 552 552 672 
342 342 342 704 
65 65 65 286 

76 76 76 76 76 
158 158 581 581 581 581 581 616 
326 326 397 397 397 397 397 505 663 
81 81 81 81 81 228 228 228 274 274 
721 721 748 748 748 
313 313 682 708 
739 
244 387 387 525 525 716 
3 3 3 179 179 179 241 241 241 455 455 455 606 606 620 620 
34 735 741 
320 672 672 672 
5 5 5 5 163 163 163 
523 523 
207 534 
5 5 654 
111 568 568 568 
342 342 667 667 667 739 739 739 
214 214 739 756 756 
221 221 221 221 739 739 
739 739 
317 
622 
340 340 340 340 448 739 
56 56 60 60 239 448 460 463 463 590 590 
4 69 69 111 111 203 203 263 341 578 720 720 750 
134 134 581 581 581 616 616 616 725 
13 67 67 238 304 304 304 354 354 710 710 
342 459 739 739 739 
201 201 201 278 278 
639 639 
5 5 5 144 144 144 213 353 353 528 528 528 
393 634 
294 294 584 584 584 584 
171 171 
191 191 191 247 247 262 262 341 341 654 
176 176 176 176 176 243 243 243 537 
320 566 
283 283 283 435 435 571 
47 166 166 496 496 496 593 
38 38 294 
397 
5 5 5 
292 292 427 427 427 489 667 
168 168 168 168 168 504 504 504 699 699 699 
704 704 704 704 739 
208 357 357 
141 141 141 218 218 218 218 239 367 700 713 
418 418 418 607 614 739 739 
271 271 271 688 688 688 688 688 745 


94 94 679 
393 739 739 

756 756 
272 272 
96 96 96 
24 129 129 402 402 402 657 739 739 748 
4 167 167 167 
222 677 677 677 677 

5 118 210 631 631 631 
81 81 312 672 
203 203 203 603 
203 203 203 543 
16 416 664 664 
58 203 203 648 
524 524 524 
161 161 161 667 752 752 752 752 
741 741 
4 26 28 30 51 51 94 94 111 111 121 129 129 129 157 157 196 196 196 197 197 197 199 199 218 262 264 266 266 266 290 290 322 337 341 341 341 342 342 386 386 399 423 423 486 486 501 501 501 539 539 540 540 544 570 570 577 577 592 592 630 630 644 648 648 648 666 666 666 673 673 673 715 723 
275 443 
121 121 121 121 
81 240 599 599 599 661 676 676 676 676 
33 146 633 735 
178 357 357 357 357 
246 246 246 337 
5 194 531 
286 335 335 595 
94 94 253 
67 67 67 115 115 116 116 163 222 222 222 225 225 273 353 446 446 498 498 504 504 534 545 545 593 593 593 595 620 620 620 646 719 719 760 760 760 
150 150 
123 354 354 354 
118 752 752 
282 282 290 
23 23 23 179 179 179 179 203 262 
270 559 559 559 596 
324 324 
5 5 151 151 151 151 387 387 403 403 452 736 758 
192 213 213 213 401 401 428 428 428 428 718 718 718 719 719 
64 64 255 255 
10 10 83 83 117 117 342 342 342 417 438 438 758 
213 213 275 396 396 542 542 593 659 738 738 
428 
514 544 596 596 596 
83 83 83 136 136 136 
284 284 284 
288 288 295 295 295 399 399 
264 
22 383 383 383 


305 
274 274 274 632 739 739 745 745 745 745 
739 739 
58 58 58 159 
5 5 56 56 79 79 79 156 179 408 408 408 580 580 594 594 713 713 713 757 757 
5 5 5 206 488 488 676 676 676 
80 80 80 141 141 141 312 312 455 606 618 649 649 649 649 739 739 745 767 
503 503 713 713 757 
168 168 168 331 428 428 508 
140 

209 209 209 337 342 342 411 411 456 611 611 611 
4 4 167 167 341 341 
50 86 86 86 86 420 420 655 708 

358 424 424 424 424 760 
433 433 433 433 433 506 506 686 686 686 686 
10 705 
94 94 212 377 
489 489 639 639 667 
56 223 223 561 635 
90 679 
10 81 81 81 113 113 522 529 529 649 649 649 
318 318 626 739 
278 278 
67 364 364 364 
302 302 302 333 333 355 618 618 618 633 633 633 655 655 
23 23 23 167 167 203 218 
157 
203 231 
10 688 739 739 
26 203 203 203 568 568 712 712 
725 
563 563 563 
284 675 675 675 675 
219 286 332 332 332 
47 47 181 181 181 535 677 756 756 756 756 
5 5 5 55 55 55 55 55 188 188 
213 656 760 
10 10 10 136 136 236 236 236 389 389 389 739 739 
204 225 

346 346 346 346 632 632 
16 16 35 35 161 161 259 259 287 287 287 432 432 434 434 434 434 476 477 477 633 633 633 
93 93 312 312 425 
638 638 638 638 
509 561 561 561 561 561 611 611 633 
2 88 88 88 217 217 
170 170 170 
87 229 229 229 269 548 548 
10 10 519 519 519 519 705 705 718 
131 211 270 335 335 341 341 464 464 551 
278 278 278 434 
230 230 
489 
30 203 203 217 648 

5 5 175 175 366 366 366 370 370 370 470 470 470 687 687 687 687 687 700 

165 165 172 309 309 584 584 584 
230 230 230 342 342 342 731 
15 15 16 16 16 326 347 347 376 487 

493 493 610 610 642 642 686 687 692 692 739 739 
104 353 353 363 363 363 406 406 

715 715 723 
261 261 261 
428 428 
48 48 48 48 159 159 159 323 
67 67 235 446 446 446 
549 
5 5 5 47 70 112 387 387 387 604 604 
32 32 32 32 516 516 
38 294 294 691 691 
607 
385 385 385 385 
10 10 24 24 50 50 81 81 108 108 195 241 241 279 279 342 342 342 402 402 486 486 486 536 536 596 739 739 
1 1 1 138 138 
409 409 575 
704 739 
8 43 343 436 436 436 
2 153 
258 258 354 354 354 
707 707 
143 169 508 508 
333 548 713 713 
203 
42 304 421 421 421 588 588 588 658 658 
220 220 572 572 572 572 572 
708 
135 135 296 505 505 
35 35 35 35 741 

708 708 708 
373 373 373 595 595 601 601 601 
243 
270 270 270 
16 16 16 261 261 321 547 547 573 626 633 633 633 
760 
211 211 286 286 
92 452 633 633 
44 44 44 203 209 246 342 
609 
37 110 110 733 
5 5 5 5 5 155 155 155 155 448 448 448 
4 4 69 69 69 157 167 167 203 203 203 247 247 286 286 357 357 357 417 417 417 417 464 464 464 483 684 706 720 720 752 752 
83 88 88 103 114 114 117 117 130 130 130 149 149 160 203 203 224 224 224 246 246 295 295 295 312 312 312 337 399 399 399 465 465 539 539 643 653 667 667 667 704 704 704 704 731 731 731 731 739 739 762 762 
8 81 81 316 433 433 585 585 
124 466 466 
691 691 691 
277 277 277 277 
296 296 591 627 627 627 627 
5 5 118 118 441 441 
497 507 695 
622 
368 368 
20 36 36 66 66 77 77 395 432 432 432 472 
163 163 213 299 299 
67 67 123 159 159 215 215 215 318 318 318 360 469 527 
39 39 261 
109 568 568 568 
4 4 178 178 208 208 208 208 341 341 341 
250 359 359 
358 358 
354 737 
569 569 
378 744 744 744 744 
68 299 299 299 406 406 498 530 530 530 530 539 539 576 576 
260 260 260 
5 59 
63 98 98 292 292 292 470 510 510 510 510 510 739 739 739 751 751 
5 5 5 179 719 742 742 
351 351 665 665 665 665 
648 648 
5 5 292 292 292 
658 658 690 690 
548 548 548 689 689 
330 330 330 406 406 406 406 406 498 498 498 498 498 595 
126 
379 379 392 642 
15 16 296 553 
253 425 554 554 617 617 617 648 697 697 
16 362 
46 375 375 388 388 388 
91 569 
72 
90 90 90 90 632 701 734 734 
232 232 232 

26 26 311 311 311 311 579 579 579 579 
203 203 631 
5 5 140 140 221 221 307 307 307 716 716 
379 379 379 696 739 739 739 
274 274 274 755 755 755 
591 591 701 701 
570 570 712 712 739 
55 95 95 95 95 375 484 484 
71 164 185 625 634 634 696 696 696 
429 429 
5 5 20 20 20 36 36 66 66 102 102 102 102 352 663 663 682 682 
225 225 
135 135 135 135 135 173 582 

95 203 230 230 342 342 342 726 726 726 
16 424 
222 222 
76 190 190 190 312 312 657 739 739 
221 221 758 
36 430 430 430 
5 5 635 635 
299 299 363 363 373 373 373 373 373 

239 239 239 
314 314 575 575 
460 546 
246 246 455 455 455 
432 
558 558 688 739 739 
633 633 
39 521 
198 665 
83 83 224 341 341 341 341 
180 180 180 511 511 739 739 739 739 
693 693 
248 248 633 633 677 677 708 
48 48 323 323 323 
81 475 599 729 729 729 729 
33 33 33 33 203 203 755 755 
119 250 250 250 250 400 473 473 473 473 473 621 
279 377 431 431 431 555 555 555 648 648 

2 2 175 175 175 
26 26 26 114 114 222 222 222 222 226 243 243 303 303 478 566 652 652 652 652 689 689 
394 394 
64 64 64 404 404 404 
425 425 425 
35 36 278 278 352 352 352 412 
62 81 81 251 251 251 251 251 343 343 
278 278 278 278 287 
170 170 729 
316 316 316 

224 224 531 531 531 
545 545 545 612 
521 662 
348 348 
128 590 590 600 600 600 614 614 614 614 747 
17 17 204 695 695 695 
61 546 643 643 721 721 721 721 

67 67 116 116 213 213 305 305 305 
601 601 677 
5 79 79 155 156 340 340 340 
43 43 733 733 733 
657 657 657 
5 5 5 537 767 767 767 
221 336 514 514 514 514 589 633 
720 720 

141 141 141 241 411 411 411 
38 38 38 38 246 
52 583 
496 
46 160 545 612 612 
73 73 73 156 410 
710 

156 156 
95 95 95 95 286 286 341 341 341 
342 342 
5 5 17 17 17 344 344 

606 739 739 739 739 
123 123 123 354 
63 292 292 292 366 
595 
10 10 10 10 77 77 77 352 
78 78 424 424 424 424 424 
26 761 761 
422 487 487 487 
60 60 106 278 633 633 
57 278 278 
55 428 595 595 595 
60 
532 532 617 617 617 
23 501 501 501 

341 752 
5 5 5 29 29 55 55 55 392 392 
16 626 626 724 
109 109 203 203 312 312 312 
296 475 475 475 
5 5 5 78 240 240 
175 254 254 289 639 639 639 
125 125 
74 74 74 74 605 
16 16 16 
14 14 14 298 298 739 
719 719 
507 507 693 693 693 693 695 695 695 
125 125 171 171 171 458 597 
349 664 664 695 695 695 
213 213 363 373 373 373 373 373 530 
64 64 
83 83 83 
11 23 203 203 203 481 481 481 603 603 603 722 
75 667 667 
24 24 24 56 56 56 242 242 
5 5 5 176 176 176 213 213 595 595 
16 16 135 326 326 
5 27 251 251 
127 349 495 495 664 664 693 693 695 
243 320 320 566 
281 
98 98 98 366 366 366 366 366 
418 418 669 669 669 739 
747 747 
703 703 703 716 
227 452 452 452 452 596 
67 67 521 521 521 
32 308 308 638 711 711 
62 742 742 742 742 
638 638 
285 285 285 285 705 705 

22 22 415 440 515 515 515 
36 257 
145 145 
200 200 200 696 
140 140 716 
748 753 
354 
163 163 163 563 563 669 669 669 
10 105 105 257 257 701 705 705 727 727 
363 363 363 363 498 576 763 763 
210 438 438 438 540 540 
480 480 696 717 
5 5 31 594 
116 116 146 213 733 765 
271 756 756 756 756 
312 312 
5 168 451 719 719 737 737 737 737 737 
563 588 
203 203 342 342 363 363 
203 203 531 531 541 570 570 
540 
225 225 593 593 593 724 738 
197 544 544 
107 107 203 227 543 543 
213 213 439 439 439 459 643 
410 444 
16 16 89 89 89 333 333 563 573 702 702 
16 16 16 16 284 284 321 372 372 372 739 739 739 
306 
7 29 741 741 741 741 
65 65 65 286 637 637 637 637 
8 129 129 129 
376 
377 377 697 697 
425 425 425 648 648 
29 29 35 35 96 96 96 96 96 
622 622 739 739 739 
413 413 
219 219 219 
47 47 47 
16 16 16 255 281 281 281 281 281 569 569 569 611 611 
599 599 
268 268 268 528 528 538 547 
613 613 
122 122 763 763 
169 428 508 599 
5 
148 148 148 266 266 356 356 356 
16 29 29 29 29 35 35 70 70 70 361 361 380 561 561 561 670 670 670 670 670 
203 203 391 391 540 540 574 574 574 
170 
324 324 324 324 324 708 
333 547 
570 570 570 739 
314 409 409 
363 363 530 
203 203 
157 706 
385 385 385 385 
52 239 239 757 757 
101 134 134 134 134 134 158 158 158 
124 126 126 397 739 739 739 
75 75 75 457 667 739 739 
165 165 165 165 294 294 294 636 636 
43 343 343 761 761 
5 5 
658 
48 323 323 323 538 635 658 658 
452 633 
156 156 442 442 626 
347 390 390 
203 203 
171 213 213 213 225 542 542 542 
239 239 533 
211 213 330 330 373 471 478 478 478 504 504 699 699 
219 227 227 227 312 514 719 725 
79 79 496 
624 624 
62 81 81 206 206 206 422 562 562 566 661 
16 54 442 442 442 
16 16 16 49 85 330 330 330 447 447 613 613 647 647 730 
660 660 660 
196 501 501 501 722 722 
307 307 
491 
141 141 241 468 
29 29 29 29 62 62 62 81 180 310 

30 30 338 705 
298 298 686 745 745 
16 16 16 246 246 246 281 281 561 561 
439 459 459 
7 7 7 7 49 85 564 564 601 601 746 746 
128 180 442 442 442 442 759 759 759 759 759 
43 43 
134 158 158 158 
377 377 377 480 480 480 648 
81 81 99 99 99 241 261 261 261 
745 745 
141 141 213 213 213 
119 119 119 119 119 424 
80 80 154 350 557 557 642 642 642 739 743 743 743 743 743 
5 5 5 
35 598 598 
28 393 
16 21 258 333 485 485 590 
96 347 347 347 347 
117 

203 203 
194 194 194 386 
236 277 277 382 739 739 741 
3 16 16 16 89 89 207 261 261 261 278 278 278 281 333 333 333 336 336 414 414 420 420 452 476 476 589 655 708 708 708 
70 71 71 71 71 164 393 393 
5 5 115 255 405 405 588 759 759 
584 584 
551 551 551 551 643 
280 280 280 280 516 518 518 
162 162 254 254 489 489 489 
122 122 662 662 662 

298 298 375 622 622 622 739 739 
342 444 444 545 637 667 704 704 704 704 704 
203 
35 35 746 746 
213 751 
63 601 601 730 
199 203 203 203 290 369 369 377 425 425 555 555 617 
10 10 10 14 241 241 241 241 257 257 257 
739 739 
5 5 5 
428 428 428 428 754 754 
97 342 
5 5 118 118 118 118 147 167 679 
248 261 261 633 
273 
117 190 402 450 450 450 
48 323 323 371 371 587 588 588 674 690 
225 
602 602 602 
206 599 
440 640 640 640 733 
5 5 135 395 395 
198 198 497 497 507 507 695 695 
19 19 368 368 368 368 416 
51 203 203 203 
26 75 96 96 149 149 149 175 201 254 342 342 342 502 502 583 643 739 739 762 
108 
511 511 511 528 528 528 
569 569 569 569 569 
694 694 694 
129 143 143 143 195 
76 203 203 203 
658 
269 269 269 269 
206 206 206 206 240 240 240 
117 117 192 192 192 192 271 420 420 447 726 
733 733 
94 94 99 99 99 184 256 654 
83 83 
30 30 
5 5 5 138 395 395 
117 
341 706 706 706 
739 739 739 
251 251 251 251 298 610 
292 292 292 292 292 298 737 737 739 739 
82 82 181 181 181 181 181 265 413 739 739 739 
24 372 372 428 428 
371 371 658 
309 309 345 345 345 
298 298 739 739 
419 419 495 495 495 495 507 507 
671 671 671 745 
349 443 443 443 495 495 495 497 497 497 507 664 664 
118 388 393 393 393 524 532 714 717 717 739 739 
377 377 554 554 
725 
176 176 176 595 595 
5 5 179 292 
113 382 390 390 529 
16 16 547 547 
92 92 92 513 513 513 716 716 
66 103 130 177 177 177 177 315 342 342 342 342 643 643 643 643 643 
252 285 285 519 519 529 529 609 
341 578 684 684 684 
23 319 319 
138 248 325 329 329 329 420 572 633 633 633 756 756 756 
16 
159 159 461 
50 50 516 516 
26 26 266 266 391 391 
179 239 239 239 242 242 321 321 
696 
98 203 301 301 
70 70 92 92 92 92 99 140 387 387 513 525 703 703 
532 696 696 
222 222 222 285 
5 213 213 222 222 367 494 494 537 537 596 
157 157 341 341 453 453 
10 10 137 137 444 444 444 444 739 739 739 
501 603 603 
203 301 
485 542 
158 267 596 698 
399 399 399 677 
529 529 

422 422 422 422 435 
601 647 
295 342 342 342 342 
763 763 763 763 
37 37 37 37 110 110 339 449 449 449 534 662 678 678 753 753 756 
382 382 
142 207 
221 
360 537 537 537 537 537 687 687 739 
225 225 542 
5 5 5 10 10 14 14 16 16 24 68 80 80 90 108 108 108 139 149 149 149 150 151 151 152 152 155 160 160 160 177 180 180 185 185 190 190 236 236 237 237 241 241 258 265 265 274 274 298 298 312 312 315 342 342 366 366 366 388 388 388 391 402 402 413 413 418 418 418 418 468 468 468 468 493 511 548 548 548 557 557 557 574 582 582 582 583 583 622 632 632 642 642 650 650 667 667 685 685 685 687 687 688 688 688 692 692 696 696 721 721 721 737 745 745 748 748 751 751 751 

35 35 73 142 202 202 327 550 550 550 550 632 
367 367 517 517 517 517 
622 622 622 622 622 
362 362 362 362 
181 236 236 236 236 241 610 610 619 619 694 739 739 
613 613 645 645 
73 442 512 512 
137 137 137 190 526 739 739 
753 
65 76 76 76 157 
366 366 646 739 739 739 
201 201 201 201 216 216 341 341 483 
526 733 733 749 
652 652 
389 389 389 423 423 
150 150 187 187 271 271 271 271 535 535 535 535 708 708 708 733 
239 239 242 580 580 759 759 759 759 
221 224 403 
5 5 5 614 614 614 614 614 635 635 757 757 757 757 
213 213 213 250 273 334 
474 474 585 585 
342 342 667 
530 530 565 565 732 732 732 732 

534 
64 64 
241 451 451 451 
