nodes: 768 edges: 1390
5 
64 313 
282 317 317 427 
633 
357 357 
0 53 79 99 115 115 118 155 163 163 174 188 210 213 221 240 272 292 292 292 340 340 340 348 387 395 405 448 451 466 484 488 537 567 567 586 623 623 635 635 635 651 651 654 682 682 739 739 759 759 
161 
49 550 613 613 
81 81 177 195 316 316 343 
124 124 314 
81 81 81 121 224 224 257 257 274 274 312 312 472 529 599 599 649 649 649 705 739 

16 35 35 376 

739 739 
296 
12 35 35 57 57 173 198 214 278 278 278 296 296 296 296 296 333 333 333 376 394 400 442 442 492 505 505 548 561 561 569 569 600 601 601 601 611 626 626 633 633 633 709 724 739 739 741 741 741 
404 404 404 443 466 466 
34 34 550 
665 
352 
72 72 128 
67 67 
218 262 481 501 707 
190 503 739 739 739 
123 
41 111 111 203 203 203 266 266 385 428 428 540 568 568 667 676 676 712 
30 30 203 506 
301 625 
73 484 484 484 484 569 569 569 607 
27 27 203 203 290 609 

308 308 516 516 615 
423 
18 18 
12 12 16 16 278 327 432 432 556 624 741 741 
352 352 395 404 432 432 472 522 
110 
298 
261 355 
118 
26 342 526 
323 
316 449 615 615 615 
246 337 337 346 

79 459 
171 
551 551 
7 613 613 

203 666 

5 79 
600 
272 272 272 375 484 
64 156 156 239 239 242 242 255 255 
16 16 569 569 
199 238 238 

106 156 156 449 

433 433 599 599 607 607 

1 56 156 255 430 499 766 
117 131 551 750 
352 352 395 
22 22 159 159 213 213 213 260 260 260 260 305 354 397 446 446 521 
739 
98 157 
307 307 307 569 569 569 569 
634 
21 21 257 257 381 381 
29 297 741 741 
84 299 491 
583 
133 133 750 750 
352 472 

5 46 53 597 
350 761 
8 8 10 10 10 136 136 195 206 300 312 312 343 343 422 422 433 433 436 571 599 618 618 618 

117 117 117 224 228 342 417 680 
74 
601 
248 

342 342 
547 547 547 633 
280 734 734 

633 703 703 703 716 
279 279 312 
184 203 203 
129 392 399 464 
189 189 556 627 627 

69 366 366 366 510 715 
5 716 

581 
395 

299 299 359 
529 
60 
544 
312 739 
486 486 
37 339 733 
26 26 148 148 

390 512 

5 5 213 213 700 
213 431 446 534 
65 83 83 83 224 342 342 628 628 683 
5 40 171 348 370 654 
424 

10 205 205 205 
640 640 
25 354 469 
9 9 344 507 
490 496 
374 385 
507 507 
21 148 614 
95 190 190 190 190 203 203 203 203 552 672 672 

65 286 286 286 286 

76 76 
158 158 158 408 581 581 
663 
81 81 228 228 
721 721 748 
708 708 

525 525 617 716 
179 241 455 455 606 606 620 620 
741 
222 672 
163 506 506 
523 
207 534 
654 
111 111 128 
342 667 739 739 739 
756 756 756 756 
221 221 739 

317 
622 
5 340 340 388 448 448 
56 56 60 60 64 239 460 460 463 
69 203 203 203 263 263 341 720 
134 134 134 581 616 725 
67 67 238 304 354 354 409 409 461 
459 739 739 
6 201 201 278 
254 254 
5 5 144 353 528 528 528 528 
393 393 393 634 
294 
703 
247 341 654 
176 176 176 176 243 473 

435 435 
47 118 
294 309 
16 
5 639 
427 
168 168 168 168 504 699 699 699 
8 704 739 
208 357 
141 218 218 218 218 713 713 

271 271 271 688 688 745 


94 256 679 


756 
5 272 272 
96 96 
24 129 129 129 129 402 657 739 

222 
323 674 
631 
8 81 
203 332 445 577 577 603 603 
543 666 
16 351 416 664 664 
58 
717 
161 161 667 667 
609 
26 26 26 27 30 30 51 94 94 129 129 129 129 157 157 157 196 218 262 262 262 290 290 328 337 341 341 341 342 342 342 377 377 386 393 399 423 423 467 467 486 501 501 539 539 539 540 540 544 544 570 570 577 592 630 631 631 648 673 715 
443 542 
121 121 121 402 409 
81 599 676 676 
146 633 633 655 735 
178 357 357 
246 
5 531 
335 335 464 595 595 
253 
5 67 67 67 115 115 116 222 225 225 273 273 273 299 353 353 446 446 498 498 504 504 534 593 593 595 595 620 646 646 719 719 760 
16 741 
354 
752 752 
282 282 
23 179 179 179 179 203 501 
559 559 559 596 

5 151 151 387 387 403 403 758 758 
143 192 213 428 718 718 718 718 719 
255 
10 10 83 117 342 342 758 758 
213 213 396 396 542 659 738 
428 428 675 675 
544 
83 136 136 
284 284 
288 399 399 501 570 

383 383 
710 710 
373 
305 
274 745 745 

58 58 159 
56 56 156 408 509 580 590 713 757 757 
5 676 676 
141 312 312 312 618 649 649 739 745 
56 56 503 713 713 757 
168 508 508 598 

601 
44 209 337 337 342 414 456 589 589 611 611 
167 
86 708 

358 358 358 760 760 
433 433 433 506 686 
705 
212 377 377 
162 162 489 639 639 667 
56 56 64 223 635 
184 
10 10 72 72 529 649 649 
318 318 318 626 626 626 626 739 739 

67 67 67 67 364 364 
39 302 302 333 333 333 355 415 618 618 633 
23 203 203 203 648 
157 157 

661 739 
26 26 462 568 712 
366 725 725 
563 
548 
286 
181 181 181 756 756 
5 55 55 55 188 188 
213 213 213 
10 10 236 739 
493 542 
718 
346 
16 16 16 35 161 434 477 633 633 740 740 
93 93 312 
90 638 638 
387 509 561 561 561 611 633 633 
2 217 217 

229 229 
385 705 718 
131 131 131 131 270 335 335 551 

230 

30 203 203 648 648 
716 716 
5 5 5 366 470 470 

165 172 298 309 584 636 691 691 691 
342 
15 16 16 16 16 16 326 376 424 424 487 487 505 
73 
38 294 493 493 610 686 686 686 686 
74 104 104 213 353 
81 422 422 
28 715 723 
261 261 
428 
159 323 409 
67 235 

70 70 70 387 387 560 
32 32 
172 294 691 
607 

10 10 81 81 93 108 241 241 241 279 342 342 402 486 536 596 711 739 
1 
9 409 409 409 575 575 

8 8 43 343 436 585 585 
2 2 153 
258 258 258 354 354 
619 707 707 707 
508 
333 
577 625 
42 193 304 421 588 588 658 
572 572 572 572 708 

296 505 
35 
203 
708 708 
373 595 595 595 601 601 601 
428 
196 577 577 
16 16 16 261 261 261 321 626 626 633 633 633 
760 
211 211 286 286 

44 44 203 246 246 342 342 444 
609 
110 733 
5 5 5 155 155 
157 167 203 203 203 417 464 483 544 544 578 643 684 706 706 720 752 752 752 
41 83 88 88 117 117 149 203 203 203 224 224 246 295 312 312 337 337 399 399 399 428 428 428 518 539 643 643 653 653 667 667 704 704 704 731 731 739 739 739 754 
8 81 81 316 433 640 640 
124 466 466 466 
691 691 
44 277 
627 627 
5 118 
497 695 
80 622 
198 
20 36 36 66 66 77 432 432 432 
163 213 213 299 
67 123 159 159 215 318 318 710 
39 261 
568 568 
4 4 178 208 208 
250 250 250 359 424 
104 358 461 461 
737 

744 744 744 
498 530 530 576 694 763 763 
260 260 

98 98 98 267 292 510 510 596 
742 

648 
118 
658 690 690 
548 548 548 
234 330 406 406 406 498 498 498 595 
126 
55 379 379 
12 16 296 553 553 
203 203 253 253 425 554 617 648 648 

375 375 
569 
72 72 440 
632 632 
232 232 
668 728 728 
26 126 285 579 579 579 579 
203 
5 221 221 281 307 307 716 
155 739 
445 755 755 
113 591 601 701 
739 739 
95 484 484 
164 164 164 203 696 696 
16 429 
5 36 66 102 663 663 682 682 
225 225 
67 582 
667 667 
95 203 230 230 342 342 342 
16 424 473 

190 205 312 657 739 739 739 
221 221 758 
17 17 17 36 430 430 
5 635 
373 373 373 

134 239 
159 159 205 304 314 314 314 575 

455 455 575 

558 688 
246 
261 
198 665 
83 341 
739 739 739 739 
693 
633 633 677 677 708 
323 
81 81 300 300 475 599 729 
33 203 203 686 755 
119 296 296 358 400 473 621 621 
377 431 555 555 
498 
2 175 
26 26 222 226 226 303 331 342 342 342 478 508 508 566 652 652 689 754 
394 553 
64 404 404 499 701 
116 425 
35 35 36 36 352 352 352 
62 62 81 81 251 251 251 343 
278 
170 170 
81 316 

531 
545 
381 

16 16 590 600 614 626 
17 204 695 695 695 
337 546 721 
196 389 
67 67 116 213 213 

5 155 155 
43 60 733 
657 657 
5 537 767 767 
514 514 514 633 
720 

141 141 411 411 
246 

496 496 
46 160 
156 156 
159 359 359 
266 
156 
95 211 341 

5 17 17 344 344 344 
203 203 
739 
123 
292 292 
595 
10 36 77 
168 400 424 

422 487 487 
633 633 633 
278 
428 595 595 

532 532 617 
23 501 

341 
5 29 29 29 29 55 392 392 

109 109 203 312 
296 296 475 475 
5 676 
254 639 
125 496 496 
74 605 605 
16 
275 298 298 
719 
507 695 695 
125 458 458 490 490 597 597 
349 664 695 
213 213 363 373 373 373 426 
64 430 

23 203 203 218 230 481 722 

24 242 
176 213 213 595 
16 16 296 326 
27 144 144 251 
124 127 127 495 664 
243 243 320 428 428 566 
239 281 
98 366 366 725 
669 669 
113 747 747 
703 703 716 
452 452 452 596 

32 32 711 
742 
342 638 638 638 
705 

67 
36 
145 

140 140 716 
41 

163 163 163 163 563 
10 105 257 701 701 727 
363 363 763 
210 438 540 540 540 
480 480 696 739 
594 
116 146 213 733 765 765 
756 
312 
5 451 719 737 
563 588 633 
203 203 203 342 629 
26 203 203 531 531 531 541 570 570 
540 
204 225 275 593 679 738 738 738 
197 544 
107 203 203 227 341 341 543 
439 546 612 643 
444 545 
89 89 89 573 573 
16 269 372 372 372 739 

7 18 
48 48 65 286 637 
129 625 
376 376 429 
377 
425 425 
35 96 
739 739 
413 
219 219 219 
307 
16 16 281 281 281 569 569 
599 
268 528 538 
613 
763 
428 508 
5 5 
26 26 266 356 356 
16 16 29 29 29 57 57 70 70 70 70 380 561 561 
203 203 230 540 540 574 574 
81 
324 324 324 324 
547 547 
570 570 
314 314 409 411 
363 
196 196 203 322 332 332 
341 706 
385 385 385 385 
239 
101 134 134 158 
397 764 
75 667 
294 
316 316 
5 
658 658 
323 323 538 658 658 
246 246 633 633 
239 442 
390 601 601 
203 
213 213 542 
533 
211 211 213 213 330 330 330 373 471 478 478 504 699 699 
219 312 366 514 725 
79 496 496 
243 
10 10 62 62 81 206 422 562 661 
16 54 442 
16 16 16 85 245 330 330 330 390 591 591 613 613 647 660 660 664 664 
660 
196 196 722 722 

491 491 
141 141 
29 62 62 310 
649 
30 202 338 
298 
16 246 246 281 
545 
7 7 49 49 564 601 601 746 746 
128 442 759 
32 43 43 43 
158 
140 377 480 648 
81 81 81 241 261 261 
319 745 
141 141 213 
424 424 
154 350 739 743 743 
5 5 
35 
28 322 552 
16 16 258 258 258 258 333 333 442 
96 96 347 347 
117 117 
539 
203 
194 203 203 
382 382 741 
3 16 16 16 89 92 207 207 261 278 278 281 281 333 333 333 420 420 452 476 476 476 538 589 589 655 655 708 708 
71 164 
5 5 5 255 405 759 
294 744 
551 
280 280 518 518 518 
174 254 254 489 
122 122 343 343 662 662 

739 739 
341 342 342 545 667 667 704 704 704 

741 746 
213 213 
601 730 
203 262 290 290 369 377 377 617 
10 10 10 241 241 257 257 608 

5 5 
428 428 754 754 
342 342 
5 118 147 167 
207 633 633 
760 
190 402 450 450 
323 371 587 587 588 588 674 674 690 690 
225 
601 601 602 
265 599 
640 640 
135 395 395 
198 198 497 507 601 601 
19 416 
51 197 
26 149 201 201 254 342 342 398 398 583 643 643 739 739 762 
384 
511 511 

694 694 
129 129 143 
203 
193 658 658 
226 226 
26 26 206 206 240 240 488 
420 420 
733 
184 542 
83 

5 5 395 395 
117 
341 706 
739 739 739 
251 298 298 298 298 423 
739 
181 181 413 739 
428 
371 371 658 658 
294 294 294 309 345 345 

419 
363 671 671 
349 443 443 443 495 495 497 
393 393 532 739 739 

725 
176 176 176 595 595 
115 
390 430 529 529 

92 92 92 166 513 513 
177 342 342 342 643 643 643 
10 252 285 519 
341 341 578 684 
23 319 319 319 
138 138 248 324 329 329 420 633 633 733 
16 
233 233 354 
312 516 
26 266 
179 179 239 242 242 

98 203 301 
92 99 140 291 291 387 513 525 
200 
222 222 222 222 276 285 
213 213 222 494 537 
157 341 453 
137 137 444 739 
501 603 603 
301 
16 
158 267 267 510 596 698 

529 
384 384 
422 
647 
342 342 
763 
110 339 449 534 678 708 756 756 
90 90 
207 

360 537 739 739 
225 542 542 542 
5 5 10 14 14 16 16 24 24 24 68 108 149 149 149 151 160 160 177 190 241 258 258 265 274 312 342 342 342 388 391 391 402 402 402 418 418 418 418 468 532 548 557 557 622 642 642 667 667 685 685 685 687 688 696 696 721 737 737 745 
278 278 
16 16 16 35 35 73 73 142 214 632 645 
367 517 
622 622 
362 362 362 636 
181 236 236 241 619 739 
613 613 645 
512 512 
137 
753 
65 76 76 

216 216 341 341 341 
749 
342 428 652 652 
389 389 423 
150 150 150 150 187 271 271 535 733 733 
239 239 242 759 
221 221 224 224 403 
5 5 614 635 757 
213 250 250 334 656 
80 
667 
363 363 530 565 732 
582 
534 534 
64 
451 451 
