nodes: 768 edges: 1388
5 5 5 
64 64 64 313 313 
65 317 427 
89 141 
157 203 341 341 357 357 357 357 
0 0 0 6 40 53 55 55 55 59 115 118 118 119 174 188 194 210 213 221 239 272 307 307 340 340 340 348 387 395 405 448 451 466 466 504 504 506 506 586 586 623 635 635 635 654 682 719 739 759 
5 
49 49 613 
81 81 81 177 195 316 316 343 552 552 
124 582 
81 81 81 105 121 121 121 224 224 224 252 252 252 257 257 257 265 265 274 274 285 312 529 529 529 599 599 649 

16 376 
409 409 
739 
296 296 376 
12 35 35 35 198 214 214 278 278 296 296 296 333 333 333 376 400 442 442 492 505 547 547 548 548 548 561 561 569 569 601 601 601 626 626 626 633 633 633 702 724 724 739 741 741 
404 404 443 443 466 466 719 
550 
399 665 665 
395 
72 128 128 579 626 
53 53 53 67 67 67 232 521 
218 218 262 707 707 707 
312 503 503 739 

41 41 111 111 148 203 203 203 266 385 428 428 428 462 667 676 
30 
203 203 301 625 625 
73 73 73 484 484 550 556 569 569 569 607 607 
27 203 290 609 681 
533 
308 516 
423 423 

16 16 16 273 278 278 432 432 569 569 624 645 
352 352 395 395 472 522 
110 339 339 
172 172 456 
261 415 415 
5 118 118 118 
26 26 342 342 
323 323 
316 585 615 
337 
94 253 
459 
106 271 307 307 560 560 
304 421 421 551 551 588 
7 7 601 613 613 
248 312 312 711 
203 203 666 
155 
5 22 22 22 79 99 99 

5 5 5 478 484 
64 86 242 242 242 503 
569 569 
203 238 238 
5 
106 106 156 449 476 
444 
433 517 517 599 607 

1 1 1 56 156 156 223 255 255 255 430 499 766 766 
2 117 117 131 
395 395 704 
22 22 22 159 159 159 213 213 213 397 446 446 521 
363 739 
520 
307 569 569 569 716 
393 
21 381 
29 29 29 297 297 460 460 550 
84 84 491 491 
583 
750 750 
472 
488 
53 448 
241 350 350 739 
8 8 8 10 10 10 136 206 257 257 300 312 343 343 343 422 435 435 443 599 607 607 618 618 618 729 
688 
117 117 224 224 224 342 342 342 680 680 
74 74 
613 
56 248 248 

124 342 
3 633 
280 382 382 382 739 
380 569 
633 703 703 

45 184 203 203 212 253 253 679 679 
129 129 392 464 464 726 
189 556 556 667 
653 759 
366 510 715 
53 53 618 618 618 618 679 679 679 
444 
581 
395 395 

299 445 
10 529 
47 60 60 
544 
312 668 
356 356 356 486 486 486 
37 339 733 
26 26 148 148 157 
307 
512 701 
342 
5 213 213 635 635 700 700 
213 431 431 431 446 446 534 534 
65 65 83 83 224 342 342 342 427 628 657 677 683 750 
5 5 40 40 40 370 654 696 
5 424 621 621 

10 10 10 203 203 205 


9 88 344 582 
496 496 
385 
507 
21 21 148 
95 95 190 190 190 190 203 203 203 203 399 399 
704 
65 286 286 


158 158 158 
326 326 397 397 397 505 
81 228 274 
721 721 
313 708 708 
739 
387 387 525 716 
3 179 241 455 606 
735 741 
672 
163 506 
523 523 
207 491 534 

26 111 111 128 568 
342 342 667 739 739 
214 460 756 756 756 
221 739 739 


622 
52 388 448 448 
60 64 64 239 239 280 448 460 
4 111 203 203 203 263 341 578 578 750 
134 134 134 616 
67 67 67 238 304 304 409 
184 342 

254 254 
144 213 528 
393 634 
584 584 584 

191 191 247 262 262 341 565 654 
176 243 
508 566 
283 283 283 283 435 

38 38 294 294 
397 
5 
292 292 427 427 489 489 
168 504 699 
8 312 704 739 754 

141 239 239 713 
418 418 739 
271 688 688 745 

343 
94 160 
739 

756 
5 272 272 
96 398 667 
129 129 129 129 402 657 
167 167 
222 677 677 
323 
5 210 631 631 631 
8 
445 603 603 
203 543 543 
16 351 416 664 664 
648 

752 752 

4 26 26 26 28 28 30 51 51 58 94 94 121 121 129 129 129 129 157 157 157 197 218 253 253 262 262 262 290 290 322 322 328 328 337 338 338 341 341 341 342 342 342 377 377 386 399 423 423 482 486 501 501 539 539 539 544 570 570 577 592 630 630 631 631 648 648 673 715 
443 542 
121 
81 599 599 661 661 676 676 
146 633 633 
357 
246 
5 194 531 
286 335 595 595 
94 253 
5 67 67 67 115 115 116 163 299 299 446 446 498 545 545 545 593 593 595 595 620 620 646 719 719 760 
16 16 150 
354 607 656 

282 
23 23 203 501 

459 
5 151 387 403 452 736 
192 401 428 428 428 428 718 718 718 719 
64 255 255 
10 10 10 83 83 83 117 750 750 
275 396 542 542 593 
675 
366 544 559 
136 

295 295 295 399 399 570 
264 264 
22 383 
710 710 
373 

274 274 745 

58 58 159 
5 156 156 179 179 580 580 590 713 757 757 
488 
80 141 618 649 739 739 767 
56 56 56 757 
168 331 428 508 508 652 

601 601 
209 337 342 411 414 456 589 
167 
50 86 86 708 

358 424 760 760 
433 506 686 
10 10 10 
45 94 94 203 203 212 554 
162 162 
64 64 64 223 223 561 

10 10 10 81 81 381 649 649 
318 454 626 626 626 739 739 
278 
364 364 
39 302 302 333 355 415 618 618 618 655 
23 167 167 203 203 203 648 
157 
231 231 
10 10 661 739 
26 568 568 712 712 
366 366 725 725 
298 563 
548 548 675 675 
286 332 332 
47 181 535 756 756 756 
5 188 188 
35 656 760 
10 10 136 236 236 389 739 739 
225 


16 16 35 35 259 404 432 434 633 633 633 740 

90 156 590 590 638 
561 561 633 633 633 
217 
170 170 170 170 
548 
10 385 519 705 705 705 718 718 
131 131 211 270 335 335 341 341 464 551 
434 718 

548 
30 203 203 
716 
175 175 366 687 687 687 700 

172 172 584 584 636 636 636 
230 230 230 731 
15 15 16 16 16 376 376 424 473 487 505 
73 73 
268 493 636 636 642 642 686 686 686 692 692 739 
104 213 213 353 363 363 406 
81 
28 715 715 715 723 
261 261 
428 
48 159 159 
352 

5 5 47 47 70 112 
32 516 516 
691 

385 385 579 
10 24 50 50 81 108 177 342 342 402 402 536 536 739 
1 1 138 
409 575 
704 
8 8 43 343 343 436 
2 
258 354 354 
707 
508 
394 713 
203 203 577 
42 42 193 421 658 658 
572 572 756 

135 135 

203 203 
708 
373 490 595 601 
243 428 
270 270 
16 16 16 261 364 633 633 
760 760 
211 286 286 

44 203 246 
203 203 609 609 
37 37 110 733 
5 5 5 
4 4 157 167 203 203 203 286 286 357 417 417 464 483 483 752 752 
41 41 83 83 83 88 114 117 117 117 149 149 160 203 203 203 246 312 312 399 399 428 428 539 539 539 643 667 739 739 
8 81 81 81 183 316 316 433 585 640 761 
124 
691 

591 627 627 
5 441 
497 497 497 
80 80 622 
198 368 
36 36 305 432 432 432 472 
299 
215 318 318 360 360 469 469 
261 618 
109 109 109 
4 4 4 4 208 341 
250 359 359 359 
358 358 358 461 
354 354 737 

378 
68 299 299 406 530 530 530 530 539 539 576 763 
260 260 333 

98 227 267 267 292 470 510 596 715 739 751 
719 
351 665 665 
648 
118 654 
658 690 
548 548 689 689 689 
234 330 498 498 595 

379 392 
12 15 16 296 296 553 553 553 
203 203 425 554 617 648 697 
362 
375 388 388 388 
91 
72 257 
90 90 90 632 734 734 
232 
728 
26 126 285 311 311 
203 631 
5 140 140 221 
155 379 379 379 696 696 696 739 
274 755 
591 701 
570 570 739 
95 375 484 
71 164 
321 429 
5 20 36 36 66 66 102 102 663 
225 
67 135 135 135 173 
189 
19 129 129 203 230 230 342 342 726 726 726 726 726 
16 473 
222 
190 312 312 657 739 
221 758 
17 17 278 430 430 522 
5 
299 363 
601 

13 13 159 314 575 

246 575 


246 633 
39 39 261 521 
198 665 
341 341 
180 180 
693 693 693 
633 677 
48 48 323 
81 599 729 729 
33 33 203 203 686 686 686 686 755 
119 250 296 473 621 
377 555 
498 
2 117 175 175 
26 26 26 222 222 222 222 243 303 331 342 342 478 566 675 689 
394 553 
64 404 404 499 701 701 
116 116 116 
35 35 278 352 352 352 
62 251 343 
278 287 
81 81 170 
316 
582 
531 531 
545 
662 
348 
16 16 590 600 600 614 626 747 
17 17 81 204 695 
61 100 546 
104 196 
67 67 116 116 213 213 
677 677 
5 79 155 155 156 
60 733 

5 767 
221 514 589 633 
720 
258 
141 
38 246 

496 
46 220 612 
73 73 150 156 
359 710 710 
26 

95 95 286 341 

5 5 17 17 

739 
354 354 
366 
595 
36 77 352 
296 400 424 
761 
487 487 
60 

55 428 595 

532 617 
501 501 501 
203 
341 341 
29 29 55 392 
626 
109 109 109 203 715 
296 475 475 
78 240 
175 175 639 
330 
74 74 146 
16 
298 739 
719 
695 695 695 
125 125 458 597 597 597 
349 349 349 601 
213 373 373 426 
64 430 

203 203 218 481 481 481 719 

24 24 56 
5 5 176 
16 135 296 
5 5 144 251 
127 693 695 
169 243 243 320 

98 366 725 
669 739 
113 747 
716 
452 596 

32 308 308 711 
62 62 742 742 
638 638 
285 705 
69 
22 67 415 
36 404 
145 145 
696 
140 
753 

163 
10 10 10 105 701 701 
363 363 363 363 576 
210 438 438 
480 696 
31 
116 116 146 733 765 765 765 
271 756 
312 312 
719 737 737 
563 588 588 
203 203 203 342 342 342 363 363 
541 570 
540 
204 225 225 
197 197 544 
107 203 227 543 
213 213 213 439 643 643 643 
444 
16 16 563 563 573 702 702 
16 16 16 269 269 284 289 372 372 739 739 

18 29 73 741 741 
48 48 286 586 637 637 
8 8 
376 376 376 429 
253 377 
425 648 
29 96 96 
650 739 739 739 
632 
227 
47 47 
16 16 255 281 281 611 
661 
268 538 547 547 
613 
167 
169 428 599 599 

148 266 266 
16 16 29 29 29 35 35 57 57 70 70 70 91 
203 203 230 391 391 540 574 

324 324 
547 
570 
314 409 411 
363 530 
203 322 603 
157 157 
21 311 
239 239 757 
101 
9 124 437 739 764 
75 739 739 
165 165 165 294 294 720 
43 343 
5 5 551 
658 
48 538 538 658 658 
246 452 
239 280 280 442 
347 390 601 
203 
213 213 225 

211 211 213 213 330 373 471 478 
366 514 
496 496 496 

10 10 62 81 206 206 422 566 566 661 661 
442 442 
16 16 16 49 245 245 330 407 497 591 647 664 695 
647 660 
196 196 577 722 


141 
29 29 62 81 81 215 
649 649 649 
30 338 338 705 
686 745 745 745 
561 
459 
7 49 49 85 564 746 
442 759 759 
43 
158 
377 480 
81 81 81 99 99 99 99 241 261 261 261 355 
745 
213 213 
119 119 424 
154 350 642 743 
5 
35 
28 28 
16 16 16 21 258 258 258 442 485 
347 347 
117 

203 203 
194 194 194 203 203 386 
382 558 739 741 
16 16 16 89 92 207 207 278 278 278 281 281 281 333 333 414 420 452 655 708 708 
164 
5 5 5 115 115 759 
294 294 294 298 298 
551 551 643 
280 518 518 
489 
343 662 662 

298 298 622 739 
342 545 545 545 637 667 667 704 704 704 704 732 

35 741 741 746 746 
213 751 751 
601 602 
199 203 203 262 369 377 555 
10 241 257 257 608 608 608 
557 739 

243 754 
97 
5 118 167 370 
261 633 
215 273 760 
117 190 402 
323 323 371 587 588 588 

602 
206 206 265 562 599 599 
440 640 640 733 733 
395 
198 198 601 695 695 
19 19 368 368 416 
51 
26 96 149 189 342 643 643 739 
108 
511 

694 
143 
203 

226 269 269 428 
26 206 206 
117 192 192 420 447 447 726 
756 
94 94 99 99 99 
83 83 
30 
5 
117 

739 
251 298 298 298 423 423 423 423 610 
292 292 292 737 739 
82 181 181 717 739 739 739 
372 372 372 428 
371 
309 345 
298 298 739 
419 419 419 507 
671 
443 495 495 495 507 601 664 664 
118 388 388 388 524 532 717 739 
377 
725 
176 
115 115 292 
113 390 430 430 529 529 
16 547 547 
92 92 716 
66 130 177 315 643 643 643 643 
285 285 285 519 609 

23 23 23 319 
138 138 248 329 633 633 733 733 749 756 756 

233 233 461 461 
50 516 
266 266 
179 239 321 

98 203 301 301 301 366 486 
70 140 291 513 703 
688 696 
222 222 222 285 285 287 
5 17 213 213 222 367 494 501 537 
453 584 
137 137 739 
603 
301 
16 16 
267 267 510 698 
95 399 399 399 399 399 677 

384 
81 422 422 

295 
643 763 763 
110 339 449 534 662 662 708 708 749 753 753 756 756 
382 382 
142 
221 
360 537 537 687 739 

5 14 16 24 68 80 90 139 149 149 151 151 177 180 185 241 241 258 258 265 274 274 298 312 342 342 366 388 391 402 468 493 511 548 548 557 557 557 582 583 583 632 642 650 667 685 687 688 688 688 692 696 721 737 745 748 751 751 
278 
16 16 142 550 550 632 645 645 
517 517 
622 

181 236 610 610 610 619 739 
613 645 645 
442 512 
739 
708 733 753 
76 76 117 157 224 224 
366 646 646 739 739 
201 201 341 341 
526 733 733 749 
177 652 
389 423 
150 150 150 187 271 271 271 324 535 678 708 708 733 733 
239 239 242 580 759 
403 
5 97 614 614 635 757 
213 250 250 273 334 334 656 
343 474 

363 732 732 
582 
534 534 534 
64 64 
241 451 
