nodes: 768 edges: 1387
5 5 
313 313 
117 282 317 427 
89 141 141 633 633 
157 203 357 357 357 
0 0 59 101 115 144 144 147 163 174 174 194 194 210 210 221 240 240 240 272 292 307 307 340 340 365 367 405 451 466 466 488 506 537 623 635 651 759 

613 613 
81 177 195 316 343 552 552 552 
124 314 582 
81 105 121 121 224 224 224 252 252 257 257 265 274 529 529 529 599 599 649 705 721 721 721 739 
501 
16 35 35 376 376 
159 409 

296 376 
12 35 35 198 198 214 214 214 278 278 296 296 333 333 333 376 376 429 442 442 505 505 547 548 548 548 561 561 569 569 600 601 601 601 626 626 633 633 633 709 741 741 
404 404 466 719 
34 34 
665 
395 395 
72 72 128 128 128 579 626 
53 67 521 
262 262 481 481 
190 312 503 503 739 

111 111 203 266 385 428 428 428 540 568 667 676 712 
30 30 203 
203 203 203 625 625 625 
73 73 484 550 556 556 556 569 569 569 607 
27 27 203 203 681 
533 
308 
423 
18 18 142 
12 12 16 16 278 278 278 327 432 569 569 624 645 740 741 
352 395 404 432 432 432 
733 733 
172 172 172 172 309 456 
261 261 355 355 415 415 

342 526 
323 323 
316 449 449 449 449 585 615 
337 337 346 
94 253 
459 
112 112 271 560 560 560 
304 421 551 588 588 
613 
312 
666 
457 
22 79 99 99 99 
600 
272 272 375 478 484 484 484 
64 64 156 156 239 242 242 242 255 503 503 503 
477 569 
199 203 238 425 
5 
106 156 156 449 476 479 479 
444 
517 599 
470 
56 56 156 156 223 223 255 499 766 766 
117 117 117 131 551 
352 395 
22 159 159 159 213 213 260 260 305 305 354 397 446 515 
108 108 363 653 739 
98 
307 569 716 
393 
21 21 381 
29 29 460 460 741 741 
84 299 
297 583 
133 
352 472 472 472 472 
473 488 
53 239 448 597 
379 622 739 
8 10 136 136 170 170 206 206 257 257 312 312 343 343 422 433 436 443 599 607 618 618 618 618 

117 224 224 228 342 500 680 
74 
601 


282 342 342 
3 633 
382 734 739 
380 751 
589 589 633 703 716 716 
279 312 312 312 
45 184 203 203 679 
129 392 392 392 399 464 726 
189 556 556 

69 366 510 715 715 715 
53 53 53 618 618 679 

5 
395 
342 342 704 
299 299 
10 529 529 529 
60 
544 
68 68 739 
356 356 356 356 486 486 486 
733 733 
26 26 148 148 203 203 
47 47 307 
257 
428 428 675 675 
5 635 700 700 
213 213 431 534 
2 65 65 65 83 224 224 342 342 628 628 657 683 683 683 750 
194 216 216 348 370 370 370 654 
621 621 

10 10 203 203 203 203 
640 640 
215 354 469 
9 344 507 582 

374 385 385 385 

21 21 21 
95 190 203 203 203 552 
342 512 704 
65 286 

76 217 
158 616 
397 397 505 
81 81 228 228 228 
721 721 748 
313 313 708 708 
739 
244 525 617 
3 3 179 455 606 620 620 
34 735 741 
672 672 
5 5 
523 
207 534 534 534 
5 654 
111 111 
342 342 667 739 
739 756 
221 221 
739 739 
317 317 

340 340 448 448 
56 56 60 60 64 64 239 239 239 280 460 460 463 590 590 
4 203 203 263 263 
134 581 616 
13 67 67 67 461 
184 342 342 739 
201 201 278 278 
254 295 639 
5 353 528 528 
393 


191 262 262 341 
176 243 537 
320 566 
81 81 283 283 435 435 571 

38 38 38 38 294 

5 5 
292 292 427 667 
168 504 699 699 
8 704 704 704 754 
208 
141 218 239 713 
418 418 614 
271 271 688 745 745 

343 343 343 
94 160 679 679 
739 


272 
96 
24 129 402 657 739 739 
167 
222 677 
323 674 
5 5 118 210 
8 312 
203 203 445 603 
543 543 666 
16 16 
58 648 
524 717 717 717 
161 161 667 752 752 752 
741 
4 26 27 28 28 28 30 30 58 94 94 111 111 121 121 121 121 129 129 129 157 157 196 196 218 218 262 262 266 266 290 328 337 337 338 341 341 341 342 342 342 393 399 399 423 423 467 486 501 501 501 539 539 539 540 540 544 544 570 577 630 631 644 644 648 648 666 681 715 
443 542 
402 
81 81 240 599 676 
146 633 655 
178 357 
337 
5 5 194 
335 335 464 595 595 

67 67 116 116 222 222 225 225 273 273 299 353 446 446 498 504 534 545 593 595 620 620 620 719 760 760 
16 16 16 741 741 
123 354 656 
118 118 752 
133 282 
179 203 203 262 
270 596 

5 151 151 403 452 758 758 
192 213 213 428 428 718 
64 64 
10 10 10 83 83 117 117 342 342 342 438 758 
213 213 275 364 542 738 738 
675 
366 559 596 596 
83 136 136 136 
284 
288 288 295 399 399 570 570 

383 

373 595 595 
305 305 
739 739 745 745 
739 
58 
56 79 156 156 156 179 509 590 594 713 757 757 
5 5 5 206 488 676 
312 455 649 745 745 
56 56 56 503 713 713 
168 428 508 
140 

337 342 342 411 589 589 589 611 
341 341 
420 447 

358 424 760 
433 433 506 506 686 
10 10 
45 377 377 377 554 
162 489 639 639 
56 64 
679 
10 10 81 81 113 529 649 649 
318 626 626 739 739 
278 278 
67 67 364 
39 39 355 415 618 633 633 655 655 
23 23 167 167 203 203 218 
157 157 

10 739 
26 203 203 462 568 
725 
563 563 
284 675 
219 286 332 
47 181 181 756 756 
5 55 55 188 
213 213 760 760 
10 
225 
718 
346 632 
16 16 35 35 35 161 161 259 259 287 287 404 432 477 477 477 633 633 633 
93 425 
156 638 
561 561 611 633 
2 88 217 
170 170 
229 269 
385 519 519 519 705 718 718 
131 270 335 335 335 
278 278 
230 230 
489 
203 648 648 
716 
5 175 175 370 370 687 700 739 
754 
172 298 298 584 691 
162 230 731 731 
15 16 16 376 376 424 424 487 505 505 
75 
294 294 493 493 610 610 692 
74 104 104 213 353 363 406 406 
422 
723 


48 323 379 
67 67 235 235 446 
549 
5 5 70 112 387 387 387 604 
32 
38 
607 607 
385 385 385 
24 50 81 81 93 93 93 195 241 342 342 402 486 486 486 536 596 739 739 
1 1 138 138 
9 409 
704 739 
8 43 436 436 
2 153 153 
258 354 354 354 

169 428 508 
713 

42 42 193 304 421 588 588 658 


505 
35 
203 
708 708 
373 373 595 595 601 601 

270 577 
16 16 16 547 633 633 633 

211 211 286 286 286 
633 633 
44 44 203 203 209 246 342 
203 609 609 

5 5 155 155 448 
167 203 203 203 247 247 357 357 357 417 417 464 578 643 684 752 752 
41 83 88 88 103 103 117 117 130 149 149 160 160 203 203 203 224 224 224 246 246 312 312 337 399 399 428 428 428 539 643 643 667 667 731 739 739 754 754 762 762 
8 81 81 183 183 183 433 585 761 
124 466 

44 277 

118 
497 497 

368 368 
36 66 77 432 432 472 
163 213 299 
67 123 215 318 318 318 360 469 
39 39 261 
109 109 109 109 568 568 568 
4 4 4 208 341 341 341 
250 
461 461 
354 
569 
744 
68 299 498 530 530 530 539 539 539 576 576 694 763 
225 260 
5 
98 227 510 510 596 715 725 739 739 751 751 751 
5 742 
351 351 665 
648 
118 118 118 292 292 
658 690 
548 
234 330 330 498 
126 
55 
12 12 15 16 16 296 296 553 553 
253 253 253 425 617 697 

80 304 388 388 
91 
72 440 
90 734 
232 
728 728 
26 126 126 126 285 311 311 311 579 
631 
307 307 307 716 716 
379 379 
755 755 
591 601 701 
570 570 712 712 
95 95 95 484 484 
71 164 203 625 625 634 696 

20 20 36 66 102 663 

67 135 135 

95 203 203 230 230 342 342 726 726 
424 473 473 

190 205 312 657 657 739 739 
221 758 
17 17 36 278 522 
5 
299 299 
601 

13 314 
460 460 460 546 
246 

558 558 
633 
39 39 261 521 
665 
341 341 
180 180 739 
693 693 
248 633 633 677 
48 323 
81 300 475 599 
33 203 203 686 755 
250 296 296 400 473 
58 279 377 431 431 555 555 
498 
2 175 
26 26 26 114 114 222 222 243 320 342 342 342 478 566 652 652 675 689 
16 553 553 
499 701 701 
116 425 425 
35 36 36 36 278 352 352 
81 251 251 343 

170 170 
81 316 316 

224 
612 
381 662 733 

16 16 590 590 600 614 614 614 
81 204 
61 546 643 721 721 721 
196 
67 213 213 305 
248 601 677 677 
79 155 155 340 
43 43 43 43 60 
657 
5 537 767 
221 514 589 


141 241 
38 
52 
496 496 
46 545 612 
73 73 156 156 410 410 410 
159 359 359 
266 
156 
95 211 341 

5 5 17 344 
203 
739 739 739 
123 354 
63 

77 77 77 77 352 
78 400 400 424 

422 487 
60 633 633 
57 278 278 278 
55 428 595 595 
60 60 
617 617 
23 23 501 


29 55 55 55 392 392 605 605 
724 724 
109 109 109 203 312 312 312 
296 475 
5 78 240 
254 289 
496 
605 
709 
298 298 739 
657 719 
507 695 
458 458 490 597 
349 349 695 695 
213 363 373 426 
64 430 
83 
11 203 203 203 481 603 603 722 
667 
24 24 56 56 56 242 
176 213 595 
16 16 135 296 296 326 
5 251 251 
124 495 695 695 
243 320 
239 
98 366 366 
669 
130 
703 
452 
67 521 
638 711 711 711 
62 742 742 
638 638 
285 285 285 705 
539 
22 415 515 
404 
145 
200 
140 716 716 716 
41 753 

163 163 563 563 
10 10 10 105 105 105 257 701 727 
363 363 363 763 
540 
696 717 739 
31 
116 146 146 146 213 733 765 765 765 

312 
5 168 451 737 
563 588 
203 203 203 342 363 363 363 520 629 
26 203 203 531 541 570 570 
540 
204 225 593 593 593 724 
197 197 544 544 
107 203 203 543 543 
213 459 612 643 643 
410 444 
16 333 563 563 573 702 
16 16 16 372 739 
306 
29 741 
48 65 
8 8 8 129 
376 376 429 429 
253 697 
425 425 
29 29 29 96 96 
739 
413 413 
227 
47 47 47 
16 16 281 281 569 
599 661 661 676 
268 268 528 528 538 547 547 
613 

169 428 599 599 

26 266 356 356 356 
16 16 29 29 29 35 35 57 70 361 561 670 670 
203 230 230 391 391 540 540 574 
170 

547 
570 739 739 

363 363 
203 332 603 
341 
21 385 
757 
158 
9 124 739 764 
75 667 739 739 
294 636 
43 343 761 

658 
48 48 323 323 538 635 709 
92 92 246 246 246 452 633 633 
156 156 239 442 442 626 
390 601 

213 542 542 542 
239 
211 211 213 234 234 330 330 478 478 504 
219 227 227 312 366 
79 496 

10 10 62 81 206 422 562 566 566 
16 54 442 
16 16 16 85 330 330 390 407 447 591 613 647 647 664 695 730 
660 
196 501 501 577 722 722 
307 
484 484 491 
141 
29 81 310 310 
649 649 
338 338 705 705 705 
298 298 745 755 
246 281 
439 459 545 
7 7 49 564 601 746 746 
180 442 442 442 
43 
134 158 
140 377 480 480 648 
81 81 81 81 99 99 261 

141 141 213 213 213 
119 119 
80 743 
5 
35 
28 28 28 393 393 
16 16 21 258 258 590 

117 117 
539 
203 
203 386 
277 739 741 
3 3 16 16 16 89 92 207 261 261 278 278 278 281 333 333 333 336 336 414 420 420 476 476 589 589 655 708 708 
393 
5 115 588 759 
584 

280 516 518 518 
162 254 254 667 667 
122 122 662 

739 739 739 
341 342 342 444 545 545 667 667 704 732 732 
203 203 
35 746 746 
751 
601 601 
199 203 203 290 290 369 617 
10 241 257 257 608 608 
739 739 
5 
428 428 
68 
118 147 
207 261 261 633 
215 
117 190 402 402 450 494 
323 371 587 674 690 

602 
562 562 
440 640 733 
395 
601 
19 368 416 
51 197 203 
26 149 175 201 342 342 502 583 639 639 643 643 739 

511 
569 569 
694 694 694 
143 143 

193 658 
114 114 226 269 428 
26 206 240 562 
192 420 447 447 
756 
94 99 184 184 256 
83 751 
30 203 

117 117 117 
341 706 706 
739 
251 423 
292 737 737 739 
181 717 739 739 
428 
371 658 
294 
298 
419 419 
363 671 671 671 
495 497 497 507 507 601 
393 532 717 717 739 
377 554 
725 
176 176 
115 115 292 
390 430 430 529 
547 
92 513 
103 130 177 177 177 315 643 
10 285 519 609 609 609 
684 684 

138 138 329 329 633 633 756 756 
16 492 588 

516 516 516 
26 391 391 
179 239 242 242 321 

98 98 98 203 366 
70 92 92 291 387 387 525 525 525 
200 200 200 532 688 696 696 
222 276 285 285 
17 213 494 

10 10 10 137 137 444 444 444 739 
501 603 603 
301 
485 485 542 
267 366 698 
95 399 399 
529 
384 384 

601 
295 295 342 
643 643 763 763 
37 37 110 110 440 534 662 753 756 756 
90 382 
142 

537 687 687 739 
225 225 
10 24 68 80 90 108 139 149 150 152 152 160 185 190 190 236 236 237 258 258 265 292 312 312 315 342 342 366 366 402 402 418 468 468 468 493 532 548 557 574 574 582 583 583 632 642 642 642 650 650 667 685 687 688 688 696 721 737 745 748 
35 
16 16 35 73 73 142 202 214 214 550 632 
367 517 517 
622 
362 
181 181 236 236 241 241 610 739 
613 613 645 645 

137 739 
753 
117 
91 366 366 366 646 680 
201 201 201 216 341 341 
526 733 749 
177 293 342 342 
389 389 423 610 
150 271 271 678 708 708 733 733 
239 239 580 
221 221 224 403 
5 635 
213 213 250 273 273 
343 585 
342 342 
363 530 732 732 
582 
534 534 534 
64 64 
451 
