nodes: 512 edges: 951

3 3 225 
91 91 91 111 182 189 
1 1 76 76 76 76 218 271 408 408 493 
454 454 
34 86 184 184 198 198 198 225 225 255 255 273 354 408 408 408 408 441 443 504 

266 271 
224 313 350 350 
271 271 271 304 304 
476 476 
356 356 
184 202 355 355 
47 459 
76 
182 335 475 
426 426 
86 390 455 


428 
491 
32 32 32 108 331 389 389 436 436 461 
290 290 480 
478 
408 484 
271 271 271 408 
346 346 


180 180 412 
105 105 172 184 184 354 486 489 489 
22 22 22 41 41 41 184 184 

5 
309 314 439 439 439 494 494 
106 409 
415 452 
358 
62 159 159 166 219 267 267 302 330 
236 401 
32 32 32 137 151 151 184 184 184 354 354 399 445 445 450 450 
323 323 
362 

76 162 162 413 439 
145 145 339 381 381 381 
13 346 


76 361 361 
338 338 490 
184 345 
225 
299 340 
195 236 414 
236 236 285 304 388 388 388 
415 415 


104 278 
81 359 359 
39 206 206 250 250 250 330 
102 
381 
193 416 483 483 
289 
310 347 
179 371 
236 338 344 
184 184 184 388 409 
253 
325 358 466 466 
94 184 184 194 194 315 405 405 
193 413 
383 
3 3 3 3 14 45 50 78 109 109 184 184 196 196 199 199 207 229 229 229 270 270 270 292 292 322 322 346 346 354 354 354 360 413 413 413 423 423 509 
196 335 
76 
310 
214 214 214 214 418 
61 184 184 184 223 248 
115 121 329 389 
237 
202 
160 
5 17 386 508 508 
306 370 370 
441 504 
358 358 
326 358 358 
2 2 2 360 
182 182 182 413 
414 414 
73 315 402 
165 165 418 
304 328 483 483 
290 293 
198 198 441 
156 
476 
221 221 267 320 378 450 450 450 471 471 
63 136 136 136 216 
146 146 213 379 425 
60 138 170 237 471 507 
31 31 106 184 184 190 
36 105 190 190 286 346 346 346 

22 
76 76 199 199 250 250 
139 139 288 288 390 401 
2 182 182 269 455 455 
184 324 409 
323 426 426 
301 
82 389 
184 415 
125 136 136 136 184 236 236 293 293 

222 

82 

428 
219 219 219 
117 136 455 
185 473 473 473 
480 
413 448 
236 415 446 446 446 446 
389 
454 
151 

354 443 

102 102 102 117 117 117 125 
41 241 
104 
110 110 271 395 395 

358 413 503 
414 414 
170 217 
228 282 282 
46 46 154 154 288 339 
103 103 429 
236 344 
191 
417 
248 437 
41 41 132 257 354 354 395 395 395 
287 467 467 
325 325 
145 145 374 374 374 
413 453 453 453 
99 445 445 
233 276 
194 408 
39 39 188 227 305 330 330 428 433 433 469 469 477 
85 272 498 498 498 
382 382 439 
45 45 291 451 


95 95 329 383 415 
39 477 
183 220 413 
376 376 
233 
104 143 237 247 
290 
31 
344 
335 335 376 413 413 
298 413 
288 371 371 497 
283 300 300 415 
183 
68 
30 30 222 222 
367 367 367 
2 15 92 92 92 111 111 220 299 316 317 363 413 438 438 444 444 455 455 499 
167 178 
5 5 12 31 31 32 32 41 41 41 52 70 70 70 73 73 76 76 81 81 81 105 105 112 116 117 213 213 236 236 246 246 267 279 292 292 324 338 345 396 415 415 490 
126 491 491 
245 440 

159 
2 
105 106 106 334 372 
148 267 267 268 268 285 304 304 304 
198 236 310 310 421 508 
65 74 270 270 358 413 413 479 500 
73 73 158 430 
55 236 236 249 249 267 267 267 282 282 471 471 
76 76 77 290 350 413 413 422 422 
496 
5 5 5 98 98 192 386 508 
76 76 109 109 

236 
12 84 355 355 405 454 
271 271 
267 267 

62 62 
76 
355 355 
215 270 328 
244 244 
432 432 432 432 432 
233 310 
103 184 184 261 261 261 
80 80 80 80 215 
209 214 467 
102 
143 
3 408 
39 124 124 124 274 402 430 454 454 
167 182 378 
101 101 
119 180 180 314 314 413 413 502 
81 261 
8 
1 5 5 53 259 348 375 375 375 419 
292 
159 257 305 392 477 477 
144 270 
76 76 76 390 
236 275 415 422 460 


157 169 212 271 296 296 310 374 375 
503 

40 55 56 56 69 117 117 129 147 184 184 192 195 195 201 230 237 267 267 268 275 275 283 344 344 354 354 354 388 401 411 415 415 432 438 447 460 460 
83 104 170 236 
505 505 
405 
476 476 496 
137 287 405 
416 
311 311 413 413 494 
210 210 358 358 358 
186 478 478 
184 184 
170 288 
81 150 265 265 408 505 
195 195 
62 62 62 109 109 336 336 336 374 417 442 442 
286 413 

71 
283 350 350 
5 5 
354 
151 227 305 305 473 
409 
225 338 377 
354 354 
213 213 213 223 
292 292 
315 
334 334 334 385 385 
248 248 
7 391 391 
39 39 101 184 191 191 195 195 195 204 204 236 236 268 268 356 356 471 
191 191 236 267 267 450 450 450 
111 
76 76 76 193 193 209 228 
3 7 9 9 9 26 26 26 139 203 203 233 282 282 282 287 287 297 339 354 354 354 374 374 375 401 408 408 442 453 
160 
5 354 472 475 475 
219 428 
230 236 236 
157 
343 
60 
184 
308 467 
298 347 347 421 
144 144 195 195 271 271 271 
177 236 254 351 415 415 

56 191 
106 251 
152 241 271 271 
110 110 145 176 247 447 447 447 
66 394 456 495 
23 23 97 171 196 
162 426 426 
76 76 184 184 226 262 262 
97 117 117 408 436 436 436 436 450 462 
397 408 408 437 
309 
233 233 425 
271 327 327 408 
175 281 347 347 
54 182 314 360 413 413 
177 177 
114 
39 485 485 
415 
9 9 56 96 191 191 191 
159 227 257 257 392 392 
87 370 
354 354 465 465 
280 
35 295 358 358 
67 79 192 192 212 233 364 
243 243 

8 
35 222 222 299 319 319 349 354 354 354 413 413 413 418 434 434 455 455 455 467 481 481 483 
73 94 263 
182 
182 

314 314 
101 
323 421 
76 76 465 465 
42 42 113 321 
112 184 
72 153 153 358 358 384 424 503 503 
90 358 413 
297 297 453 
96 209 
82 165 
39 62 159 159 369 
22 
413 420 435 
413 413 
190 264 264 264 
15 77 174 174 413 413 
250 250 250 486 

51 51 69 184 259 415 
46 145 271 381 408 408 427 
54 
505 
405 
277 392 392 392 392 
69 147 173 236 236 447 
52 184 
27 27 47 76 76 106 106 106 444 459 
67 281 281 298 298 506 
225 
314 473 
8 8 196 254 254 
283 383 383 415 
402 
365 456 456 
5 31 41 41 76 76 76 134 151 151 236 236 236 256 260 260 271 271 271 273 307 307 314 314 314 396 396 450 462 502 502 
12 12 202 202 208 208 
11 11 267 267 
496 496 
38 72 89 89 90 90 141 193 244 244 244 309 309 325 325 326 466 
61 61 
76 91 299 
50 50 
43 
182 
310 467 
353 432 

181 181 181 

330 
87 87 306 431 
68 176 176 
190 

154 154 154 233 250 271 271 408 408 442 442 
225 225 225 233 271 
168 168 174 
259 458 
101 220 
103 

46 46 46 64 339 395 395 395 
161 161 500 
75 165 351 351 432 432 463 
325 
264 264 
86 198 

56 56 56 70 236 487 
22 22 82 115 130 
17 110 229 391 391 400 400 
266 266 390 390 
227 305 305 343 343 343 343 
441 441 441 
289 
139 139 151 151 151 381 381 381 
184 354 354 
294 

41 418 
390 390 
40 110 236 271 
94 219 352 


73 73 202 239 241 342 425 


3 3 5 5 5 5 25 26 158 218 248 271 271 293 294 294 297 339 339 374 374 437 470 
36 70 112 258 484 484 

236 
30 
45 74 76 76 76 92 128 141 155 167 174 174 175 182 193 193 196 196 222 222 243 243 251 299 299 314 314 314 326 332 333 333 335 335 439 455 455 455 500 
55 93 93 142 142 
37 57 57 116 129 165 177 184 184 230 236 236 283 283 303 338 351 
65 242 
149 250 
80 95 314 399 
225 
332 441 
192 281 321 
196 196 230 
76 76 
325 
103 296 405 
16 16 113 113 291 291 
339 
20 123 159 274 468 468 
146 
194 219 
370 
211 211 211 211 211 236 365 383 383 
159 159 
314 314 
332 449 449 
22 22 293 293 293 293 
150 294 408 
182 182 236 
35 35 35 45 161 413 
186 
5 88 98 393 393 393 420 
250 250 271 374 374 468 468 
5 134 
182 182 346 459 
41 41 156 156 
129 129 129 129 
236 288 288 288 344 
128 
435 435 467 
41 41 101 101 101 268 268 268 293 354 462 462 
162 
37 
155 155 155 271 327 
4 4 131 202 219 219 
17 111 111 125 182 182 314 314 314 413 413 413 
289 353 353 478 478 

377 
13 346 444 
230 236 236 
22 497 
293 354 450 450 
383 

307 307 322 322 
72 72 358 
152 152 215 280 314 364 449 
428 428 442 442 
159 159 477 
408 
101 101 104 195 195 267 
273 475 
126 126 126 257 349 491 

15 273 273 472 
10 10 100 240 240 496 496 496 
159 166 227 227 469 
24 245 245 456 456 
193 
23 127 
314 314 

65 65 96 96 314 
25 409 409 
302 302 
31 336 489 489 
388 

31 31 486 486 
51 184 
21 185 185 473 

3 
35 35 243 
289 
197 240 357 357 476 476 476 
176 461 
160 160 160 
182 
193 382 413 

222 354 354 
141 234 325 325 
5 88 
238 238 248 341 
347 
104 
86 86 192 198 
76 


