nodes: 768 edges: 2376
168 168 586 
138 138 
65 117 117 282 282 282 553 553 553 553 
633 633 
178 247 357 
6 6 6 17 17 47 53 53 55 59 79 79 99 101 101 101 115 115 118 144 144 147 147 147 163 163 163 174 194 194 210 210 213 216 216 221 221 221 221 239 239 240 240 272 272 307 307 348 367 370 387 395 419 419 448 448 466 466 466 484 484 484 488 506 594 594 598 623 623 635 635 639 639 639 639 651 651 651 663 682 682 682 700 700 719 719 739 739 759 759 767 767 767 
5 5 5 489 489 489 669 669 669 
214 741 741 741 
81 81 343 343 
124 124 124 764 
81 81 252 257 257 257 265 274 285 285 300 300 300 381 381 381 381 529 529 529 574 599 739 739 755 
537 719 
16 16 376 376 
159 354 
455 493 493 
296 296 319 319 319 376 376 376 707 707 707 707 
12 12 35 35 57 57 57 78 78 78 150 198 214 214 258 278 278 296 296 321 321 333 376 376 378 378 378 390 390 390 394 429 442 473 473 473 485 485 492 547 547 547 548 548 548 553 561 569 569 569 574 591 591 591 591 600 601 601 611 624 624 626 626 633 633 633 702 709 709 724 724 724 739 741 741 
5 5 466 739 
34 741 
416 416 
352 352 
128 128 128 557 557 557 557 626 626 626 650 650 650 
67 67 67 186 186 186 186 260 521 
481 501 501 501 
190 312 
386 386 386 386 449 449 449 456 456 753 753 
41 41 88 148 185 203 203 203 303 303 311 311 328 342 342 379 379 379 379 428 428 462 540 568 568 568 712 
30 718 
203 301 328 
288 288 288 471 471 
27 338 338 338 609 

372 372 372 372 516 516 711 
207 207 207 478 478 686 
18 741 741 
16 16 73 287 297 400 400 400 400 432 432 645 670 741 
102 102 352 352 412 
110 110 339 339 339 733 733 
294 
261 355 415 415 
118 122 122 122 
26 26 88 342 342 
48 48 108 108 
50 50 585 585 585 
456 
212 253 541 677 
459 
5 61 171 171 221 271 271 
42 42 588 588 658 
351 351 351 351 368 601 601 601 613 613 
43 43 312 711 711 711 
203 203 342 342 
583 
5 5 
171 
5 144 144 375 623 651 
86 86 86 156 239 242 242 242 255 503 503 713 713 713 
16 16 16 102 492 
203 203 203 265 265 
5 245 405 405 
106 106 156 156 156 
47 
599 599 
198 292 
156 222 222 222 223 239 
2 131 381 381 551 551 637 637 
412 412 412 
22 22 22 120 120 159 159 213 213 232 260 260 383 383 446 446 446 521 523 527 
75 739 739 
157 286 286 
307 387 387 387 387 560 
237 268 625 
113 113 113 170 170 257 257 381 381 381 
35 142 142 142 741 741 
406 519 519 
68 285 570 667 667 667 
402 
352 
16 16 16 473 
5 5 239 340 340 340 406 406 406 406 448 448 451 573 594 594 597 597 
154 154 154 163 163 163 163 241 622 622 622 660 660 660 730 730 730 739 739 739 753 753 
8 8 10 10 170 195 195 257 257 300 300 312 312 312 343 343 433 435 435 443 599 607 607 

117 117 228 342 342 417 500 526 643 643 643 667 680 680 680 
225 225 225 

56 56 56 
229 684 684 684 684 
26 41 224 224 224 224 342 444 
281 281 633 633 
555 555 739 739 739 739 
665 665 665 733 733 733 733 
279 
205 312 452 475 
203 203 203 212 
399 399 672 672 672 672 726 
254 470 470 627 627 
342 342 667 
366 
5 

5 5 5 367 533 
36 36 57 
130 130 342 342 704 704 704 
416 498 741 741 741 
529 721 721 727 727 
60 60 
283 544 544 588 588 588 
42 42 312 312 502 668 668 
398 398 512 607 607 607 666 666 
37 37 733 749 749 749 749 749 
157 577 577 577 
307 
72 72 72 257 257 312 312 312 701 701 
342 428 428 547 547 547 675 
5 5 213 213 213 405 405 700 700 
213 431 431 
2 2 83 83 192 192 192 224 224 224 277 277 342 342 381 381 381 381 381 428 628 677 677 750 750 
5 40 216 478 478 
424 424 
67 67 
501 642 642 642 642 739 739 
40 40 40 
215 215 215 456 456 456 469 469 
9 9 9 381 582 
490 490 496 496 709 
289 584 737 737 737 
507 658 658 748 
21 21 21 614 614 626 
399 552 592 592 592 672 672 
103 103 342 466 466 
65 637 

739 739 739 
158 616 616 616 
326 326 326 
274 739 739 739 739 755 755 755 
748 748 748 
1 1 708 
571 687 739 739 
202 368 716 716 
315 315 315 455 612 699 
73 73 73 702 741 
401 
5 5 55 55 163 163 163 392 484 484 506 506 614 614 
493 523 523 
207 765 765 
5 5 5 354 354 527 651 
26 568 
342 342 525 667 667 
16 214 457 457 457 611 611 611 611 611 629 
686 
650 739 739 739 
317 317 
80 80 80 

56 60 60 60 64 239 280 399 590 590 747 
69 111 203 203 203 263 720 
134 438 
13 67 67 215 238 238 354 362 409 409 461 461 710 730 730 730 
342 342 
522 
278 561 561 
5 5 5 80 80 80 80 144 144 144 353 353 409 484 484 484 504 730 730 
393 393 393 579 579 579 579 581 581 581 581 
584 
447 447 
203 203 203 203 
0 0 243 586 586 586 
320 320 415 415 415 703 703 703 703 703 
72 72 81 206 206 331 331 435 599 599 
47 47 54 
294 
429 
5 371 654 654 654 
254 667 667 667 
504 
342 342 687 687 687 739 739 
4 208 208 357 357 
489 
739 739 
532 532 745 745 
197 197 197 197 463 
343 343 
546 546 546 546 546 
26 739 
22 22 22 22 333 547 
756 756 
742 742 742 742 
449 
24 402 402 558 657 657 657 739 739 748 
247 
117 117 117 317 582 582 582 
464 464 690 690 690 690 697 
5 5 210 
81 81 312 312 312 422 
203 541 541 577 577 577 
182 182 182 182 544 589 605 605 605 668 668 668 695 695 695 
16 63 601 602 664 664 
203 253 516 516 516 516 648 648 
363 524 532 532 696 
242 242 242 442 442 442 442 667 667 
140 244 244 244 244 723 741 741 
26 26 26 28 51 51 58 58 58 94 94 94 157 157 157 167 167 167 167 196 199 218 253 253 253 262 264 290 301 301 322 337 341 341 341 342 377 377 377 386 399 399 423 423 423 467 467 467 540 540 544 544 555 555 555 555 570 570 570 570 570 577 592 625 644 648 648 681 715 726 
542 
93 343 739 739 739 739 739 
170 170 599 661 661 661 
33 33 33 146 620 620 633 633 655 
178 178 247 247 247 625 
246 246 342 
5 5 194 446 725 
286 286 
45 94 
5 67 67 115 115 115 116 222 225 225 234 353 373 373 446 446 471 471 504 504 593 593 593 595 595 620 620 646 656 656 689 719 719 719 760 760 
7 16 16 150 395 395 395 741 741 741 
123 123 123 159 354 456 
5 5 118 
290 648 648 648 648 
203 262 262 
227 227 

5 5 5 5 47 387 387 
64 64 64 213 401 401 471 719 719 
64 
88 88 88 88 117 117 117 336 342 342 381 750 750 
84 84 84 213 213 273 273 273 273 275 299 334 334 527 527 542 542 593 593 738 760 
428 428 428 675 755 
219 219 277 559 596 596 
83 
87 
482 482 482 
398 
67 
710 710 
213 367 367 367 373 373 595 595 

622 737 737 737 739 739 739 
71 241 
159 159 289 
5 5 56 64 79 156 242 408 408 580 580 580 590 594 713 766 766 
5 5 
80 237 293 312 312 312 315 315 315 455 468 468 468 606 745 
56 56 56 201 201 201 239 503 503 503 760 
168 508 
202 202 202 202 
59 601 
209 209 337 342 456 
4 191 208 208 208 706 752 752 752 752 

748 748 
424 
364 364 364 371 371 371 371 419 419 419 419 523 523 
10 705 
45 199 203 203 203 377 377 518 
96 175 372 372 372 372 372 489 489 667 
56 
679 679 
10 10 10 72 72 81 81 113 113 529 529 696 701 701 701 721 721 729 
16 379 379 739 739 
278 278 740 740 
22 67 67 397 397 397 435 531 531 
39 333 333 333 355 355 401 401 401 401 415 415 415 541 633 633 633 655 655 
203 218 218 648 673 
157 626 626 
203 328 
10 58 58 688 727 739 739 
462 462 568 568 712 
366 366 
71 298 
284 372 372 372 548 

47 47 535 535 
5 5 466 466 466 523 523 523 523 523 
225 225 225 225 334 334 643 
10 136 445 445 705 705 739 
225 542 542 
718 718 718 
117 117 227 413 413 577 577 
16 16 162 259 259 287 287 364 432 432 476 477 522 600 600 
92 312 
156 590 
89 89 643 
2 2 2 
107 399 399 588 726 
269 548 548 674 
10 10 75 715 715 715 
69 69 211 211 335 335 
35 278 278 746 746 746 
29 29 29 667 
126 238 388 388 388 548 548 582 582 582 
203 217 648 
703 
63 366 366 470 470 470 739 739 739 
241 
38 172 298 341 341 341 558 584 636 636 691 691 692 692 692 692 692 739 739 
321 321 321 342 342 488 488 731 
15 15 16 16 326 326 473 473 475 475 479 709 
35 556 556 556 556 556 
268 294 319 487 642 642 642 686 686 
225 363 363 363 406 498 626 
10 10 10 81 81 422 
28 203 203 359 467 630 630 630 715 723 
355 355 393 393 393 
26 26 428 428 578 652 
409 575 575 575 575 

658 706 
5 5 70 112 560 604 716 736 
638 638 638 
691 691 
515 515 607 
26 26 385 385 579 579 579 715 715 715 
24 50 81 81 81 93 108 108 113 113 113 195 195 195 241 241 241 279 342 342 342 381 402 402 701 711 739 739 
708 708 708 708 
575 575 
141 141 141 241 241 241 378 378 378 378 378 620 620 649 
343 343 343 585 585 585 
153 153 192 
354 360 360 
15 15 15 298 671 707 
169 169 508 736 736 736 
16 16 295 295 295 548 548 548 
203 

678 708 756 756 756 
708 708 
135 135 135 296 296 505 505 
741 
26 28 264 377 377 377 377 377 
563 563 563 563 563 708 
601 664 664 664 
170 170 751 
577 577 
16 186 261 261 261 364 547 547 601 626 626 633 633 658 658 702 702 702 702 
225 225 273 273 
286 286 
224 589 633 633 
203 246 465 465 465 704 704 704 
30 30 30 609 609 
37 37 37 534 534 
79 79 79 448 448 
203 203 203 294 294 294 464 464 544 544 544 578 684 
26 26 41 41 51 51 83 83 88 97 97 103 103 114 117 117 130 149 149 160 160 177 177 203 209 224 224 246 295 295 312 312 312 428 428 444 444 465 465 465 518 518 532 532 532 539 539 643 653 653 667 667 704 704 731 731 739 754 
8 8 81 81 183 183 205 316 316 316 433 585 729 729 761 761 
466 466 
691 
632 690 
592 592 592 592 
5 441 562 562 570 661 661 661 
427 695 
622 753 
49 49 49 49 
20 20 36 36 77 412 472 472 526 526 534 
163 163 213 
13 147 147 159 215 318 469 527 
39 261 261 302 302 
621 621 621 621 712 712 
4 178 178 
621 
301 461 461 
318 318 469 
561 561 561 611 611 611 
159 432 432 
200 299 299 299 406 406 495 498 576 763 763 763 
251 251 251 278 333 515 515 515 
744 
98 267 267 292 292 470 470 510 510 725 739 739 751 751 
5 101 234 234 234 719 742 
49 140 512 512 512 512 
648 648 705 705 
5 
174 251 251 251 251 523 523 523 658 690 690 690 
32 32 32 32 254 254 254 254 254 269 269 269 548 
213 213 234 234 595 
544 544 544 
55 
12 12 15 15 15 16 16 
203 203 203 253 253 328 328 328 328 328 425 554 617 648 648 648 648 697 
16 16 16 315 315 315 315 315 744 744 
26 26 26 26 258 258 
569 
10 10 10 10 65 65 72 72 72 117 117 117 117 117 124 224 312 
413 413 582 739 739 739 
67 67 523 523 523 756 756 756 
728 
311 311 579 579 
25 25 25 25 203 449 449 449 
5 70 70 70 70 221 221 608 649 649 649 716 716 716 716 
289 289 289 696 739 739 
739 739 739 739 
16 16 16 591 601 
574 574 739 739 
144 
164 164 164 302 302 302 544 544 544 544 625 625 634 634 634 
16 429 429 
5 214 214 214 633 663 663 682 682 

260 260 260 515 515 515 515 
109 109 231 667 
95 95 129 156 203 203 283 283 685 
35 35 35 35 
143 222 222 261 261 261 261 
76 190 190 312 312 657 739 
448 448 758 758 758 
522 522 522 
59 59 115 115 635 635 
74 79 79 79 79 299 363 363 498 498 
421 591 
239 239 
159 159 163 304 640 640 
546 
455 
36 66 66 66 352 
277 277 382 382 558 558 739 739 
589 633 
39 39 169 169 169 261 261 261 
19 19 104 
83 500 646 646 646 
511 511 511 648 739 739 
5 5 251 251 251 251 693 
633 708 
407 
195 300 571 
203 203 203 706 
119 119 250 473 621 
377 617 

349 
26 26 114 114 117 226 226 226 303 303 342 342 478 508 566 652 
16 173 394 394 553 553 
499 
116 116 
35 35 278 278 362 362 677 677 740 
81 343 
595 699 699 699 699 
81 81 170 260 634 634 634 634 

672 672 739 
158 758 
545 569 569 612 
646 646 662 733 
348 
16 201 201 201 201 626 629 629 629 747 747 
81 551 551 551 
88 342 342 643 643 704 704 
274 274 
67 67 67 210 213 213 505 523 523 523 523 760 760 
166 166 601 
5 5 79 79 340 340 403 403 
25 25 25 189 386 386 386 733 733 

79 537 537 
93 589 627 633 633 
720 720 
626 626 
14 141 241 411 532 739 
25 25 44 123 123 123 215 246 
150 150 150 583 
490 490 490 490 
46 545 545 549 612 612 

159 159 359 359 
26 266 266 594 
182 
193 193 341 341 
337 337 337 342 342 342 
5 5 5 17 130 130 272 272 272 344 344 
203 203 203 301 727 727 727 
241 241 241 
123 123 354 360 
96 96 292 292 292 366 366 
29 29 213 213 222 
352 352 526 526 
16 16 16 78 296 296 424 642 642 642 
554 554 554 761 761 
93 296 296 
278 633 633 633 739 739 739 739 
278 499 499 499 
33 33 118 118 428 
296 

23 501 501 722 722 
230 230 230 

5 5 5 144 144 163 163 163 580 623 623 623 
16 16 626 626 
565 565 
298 558 558 610 
5 295 295 
6 6 6 179 254 254 497 497 497 639 639 667 667 704 704 704 704 704 
125 125 458 458 458 458 

16 57 
14 14 145 548 739 739 

363 507 507 693 693 695 695 695 
125 125 
489 489 489 664 664 695 695 695 695 
104 299 363 406 406 
430 477 477 477 
83 417 588 688 
23 23 23 121 481 481 
108 697 697 
56 56 242 242 242 605 
163 176 213 213 595 595 
326 326 446 
5 144 144 
127 495 495 664 693 693 693 
243 320 428 566 566 
633 633 633 
366 366 725 725 
418 418 418 739 739 
109 368 368 368 368 
716 716 
529 529 
310 310 364 364 364 397 397 397 397 
32 32 199 199 199 199 615 638 711 711 
599 599 
253 342 342 
74 74 705 
720 720 720 
22 67 565 
161 278 404 404 404 
67 145 145 251 251 272 272 272 272 272 371 371 371 383 383 383 446 446 446 446 
200 696 696 716 716 
149 716 
83 352 352 472 472 
67 147 225 225 354 710 710 710 710 710 
669 
10 10 10 105 257 257 514 514 596 596 596 649 649 649 705 705 721 
576 763 
260 260 
181 181 200 200 342 342 342 455 696 696 717 717 739 745 745 745 
101 
339 339 352 
271 271 
643 643 643 
11 451 451 719 719 
563 563 742 
342 342 
26 203 203 
45 196 196 261 
204 225 225 275 275 593 738 
544 544 695 
107 107 197 203 203 341 341 341 374 374 374 393 393 393 393 543 543 
439 459 459 612 612 
184 184 184 184 184 410 643 
16 16 16 114 114 114 186 333 333 563 573 573 702 702 702 
16 16 16 269 284 284 289 289 321 321 321 372 493 739 739 
459 
588 741 741 
65 65 443 443 443 637 
129 
2 2 2 2 16 429 429 
377 474 474 474 
90 90 203 203 203 203 
297 297 297 297 297 
21 21 21 21 622 626 739 739 
190 294 413 413 487 487 632 632 
227 
70 307 
16 162 162 361 361 361 569 615 615 
348 348 661 661 
329 329 329 329 329 538 538 547 669 742 742 742 
613 613 
486 486 521 763 763 
428 508 508 
663 663 663 663 663 
26 26 26 148 266 266 615 615 615 615 
16 16 16 380 439 439 561 615 615 
75 203 203 203 203 203 348 660 660 660 660 
139 422 
678 678 678 756 
79 547 547 
10 16 391 391 739 
304 304 304 304 314 314 613 613 613 
363 530 763 
111 111 111 196 196 196 203 277 277 332 332 603 603 603 
303 341 
164 164 164 164 311 311 311 385 385 602 602 602 757 
239 239 239 484 594 601 601 601 766 766 766 
164 164 164 164 706 
124 192 192 192 289 289 289 382 737 737 737 737 764 
52 457 667 667 667 739 739 739 
126 165 294 636 636 
43 43 43 316 316 316 343 642 642 642 642 743 743 761 
0 168 168 168 
658 
48 48 107 107 107 283 500 550 
197 336 414 452 633 
156 156 239 280 757 757 757 
16 16 16 16 390 407 601 
129 129 129 203 347 347 347 347 
213 213 213 225 225 542 662 
5 5 79 79 239 462 580 
213 213 234 234 373 434 504 504 728 728 
227 227 529 529 529 693 693 693 693 725 725 725 
79 79 
5 
10 62 62 81 170 170 206 517 517 
16 278 278 
16 16 49 49 49 198 245 330 333 390 447 580 580 580 591 602 602 602 647 647 647 660 660 695 730 
198 579 579 579 601 601 601 
577 577 577 
307 
197 197 197 503 
241 
81 81 109 109 109 310 
387 649 649 
30 338 338 
487 636 686 
16 150 150 150 150 150 361 361 361 
141 439 459 459 545 545 
49 49 564 564 575 575 575 746 
128 128 144 144 
516 561 561 568 568 568 568 569 569 
134 134 134 
377 425 648 

694 694 
207 207 213 213 315 315 
356 356 356 356 358 424 659 
80 80 80 236 350 557 650 719 
5 5 55 484 484 484 
16 16 
71 203 208 393 393 
16 16 21 21 21 128 263 263 299 333 333 442 454 454 485 485 557 
96 96 452 667 
117 
150 442 442 442 
301 301 301 
714 714 714 714 
346 558 558 739 739 
3 3 16 16 16 89 89 207 207 261 261 261 333 333 336 336 395 414 420 452 452 476 476 476 509 509 509 589 708 
393 393 393 435 435 435 435 669 669 
5 5 405 405 
294 294 584 584 610 671 671 671 671 
65 65 131 551 
308 308 308 516 
5 5 5 5 489 489 667 667 
409 409 

121 121 121 121 298 298 298 473 473 473 585 585 585 585 739 739 739 
83 83 83 273 281 342 444 444 536 536 536 546 667 667 
203 
35 735 741 
213 417 417 417 440 440 653 
601 601 601 730 730 
199 199 203 203 217 217 217 217 262 290 369 369 377 377 377 377 418 617 
315 387 387 387 529 529 529 608 608 
21 21 21 152 622 
5 5 5 55 147 654 654 
303 428 
342 342 646 
174 174 174 651 651 
207 261 261 
213 213 
190 190 190 402 
48 127 127 306 333 333 371 587 674 690 690 690 
621 
80 80 80 570 570 570 570 601 601 730 
206 206 206 348 348 348 562 562 
440 593 733 733 756 756 756 
5 395 395 567 567 567 567 567 
198 198 330 330 330 497 497 507 695 695 
91 91 91 
109 109 
75 75 75 83 97 149 149 175 175 175 201 201 254 288 342 342 398 489 489 583 583 583 627 639 639 643 643 739 762 
108 108 197 197 197 
6 6 6 528 563 634 634 
35 
319 636 636 636 636 
95 95 95 95 129 129 437 437 
262 674 674 
284 658 673 673 690 690 
114 226 684 

45 117 117 432 432 
324 572 572 572 
256 256 
83 83 83 
203 
5 5 5 395 395 

87 87 87 87 341 675 706 
399 748 
33 151 298 298 610 
139 177 177 177 737 739 739 
265 500 739 739 
213 739 739 739 
193 193 193 193 346 371 371 371 658 658 658 674 674 
294 294 309 309 345 758 
294 294 294 294 294 
419 495 495 507 507 507 596 596 596 596 
619 619 
197 197 197 349 495 495 495 497 497 497 497 543 601 664 664 
200 257 388 524 524 532 532 717 717 739 739 739 
193 377 502 502 

141 434 434 434 434 
5 5 115 115 
113 113 257 257 257 312 705 705 
16 142 333 333 333 333 547 547 547 
169 169 169 169 169 291 716 
103 103 103 337 337 337 342 342 444 444 489 489 489 489 489 
252 274 274 369 369 519 529 529 701 701 755 755 755 
247 306 423 581 684 
15 15 15 15 319 
138 313 313 313 313 324 325 325 329 420 633 733 733 749 749 753 753 753 756 
16 16 125 296 747 
159 233 233 527 527 527 527 527 
32 50 50 50 312 516 516 
26 266 356 356 
56 56 56 239 
631 631 631 631 739 739 
203 285 285 285 301 311 311 311 
140 140 307 387 387 387 387 513 513 524 524 525 703 
532 532 696 696 
27 276 276 276 
5 5 11 213 213 213 222 222 367 537 537 622 
157 453 453 520 520 520 
105 105 257 257 529 
481 481 
202 301 
16 16 16 
210 366 510 510 596 596 596 
95 203 283 
105 105 265 467 467 467 
384 595 595 
257 343 343 
80 80 80 159 159 159 163 163 601 647 647 660 
295 342 342 

37 37 91 91 91 91 110 440 449 449 662 662 708 708 753 753 753 756 

645 741 
307 320 320 320 
126 126 126 236 236 236 582 582 582 582 687 739 
225 542 
5 5 10 10 16 17 68 68 80 80 80 90 90 90 90 121 121 133 133 133 136 136 136 136 139 139 152 152 152 177 177 180 180 185 190 190 205 205 205 205 205 236 236 236 258 258 265 265 274 292 292 292 294 294 312 312 342 366 366 382 382 382 388 388 389 389 389 389 391 391 402 413 413 418 418 437 455 476 476 476 476 493 493 511 511 532 548 548 557 557 574 583 583 583 632 632 642 642 642 667 687 687 688 688 689 689 689 696 696 696 714 714 737 745 745 745 748 748 751 751 
259 259 432 
7 7 7 16 16 18 34 34 35 73 73 104 104 104 142 202 202 214 214 214 327 550 550 645 735 
188 188 188 188 367 538 563 563 563 
585 585 
365 378 378 765 
181 181 241 532 532 532 739 739 739 
287 287 287 613 
156 442 442 709 
127 137 137 137 190 249 249 685 739 739 
110 110 110 110 110 708 708 
117 117 224 224 
331 366 366 739 739 
247 247 247 247 
25 25 80 80 350 708 708 708 733 733 733 
342 
10 136 136 136 226 705 705 705 
187 187 324 324 324 383 383 383 572 662 662 662 708 733 
579 590 590 590 
403 403 403 438 691 
5 5 
213 213 225 242 446 446 
343 343 474 474 585 
667 
363 363 363 530 565 565 576 
9 582 
146 146 744 
239 239 580 580 580 
5 5 5 
