nodes: 768 edges: 1455

138 138 
117 117 117 553 

178 178 247 341 341 
6 6 17 53 53 55 59 59 99 115 118 118 144 144 147 147 163 163 171 174 194 210 210 213 216 239 239 239 240 272 272 307 370 387 395 395 419 419 419 419 448 448 451 466 466 484 484 506 531 594 623 623 639 639 639 651 654 654 682 719 739 739 759 
5 5 254 669 
741 
724 
124 124 582 764 
81 81 81 257 257 265 265 274 285 300 381 381 529 529 599 599 599 739 739 755 


159 

296 319 319 319 376 707 707 707 
35 57 57 150 150 198 214 278 278 296 296 333 376 376 376 378 390 394 473 479 505 547 548 561 561 569 569 574 591 591 600 601 601 611 624 626 633 633 702 724 741 741 741 
5 739 
741 741 


538 557 626 650 650 
67 67 186 
218 481 481 
312 312 
386 386 449 449 456 456 753 753 753 
185 203 203 303 303 303 311 342 342 379 379 379 462 712 
203 203 718 

35 35 288 471 556 
338 609 681 

372 372 372 
118 118 118 207 478 

16 29 29 73 73 287 287 297 400 400 432 556 741 
395 395 412 450 
110 339 
294 294 
415 618 
118 122 122 
88 342 
108 108 108 323 
50 50 189 
337 337 
253 253 

171 271 
658 658 
351 351 368 368 601 601 601 
43 43 312 711 
203 203 342 666 
583 583 
5 5 
171 600 600 600 
5 144 375 375 
64 64 156 242 503 583 713 
16 16 102 102 
265 
5 5 365 
106 156 156 
444 
517 599 599 
292 
56 56 156 223 239 255 499 499 
117 381 381 551 551 
412 412 
22 22 159 213 260 305 354 354 397 446 521 

286 286 
307 307 716 716 
268 625 
113 170 170 170 381 
35 35 741 741 
225 519 
182 502 570 667 
402 
352 352 352 
473 
406 448 448 594 597 597 
154 154 163 163 241 622 660 660 730 739 753 753 753 
10 10 10 170 195 257 257 300 312 312 343 343 422 422 422 433 435 435 607 

117 228 228 342 342 342 526 643 667 680 680 
225 


229 
41 224 
281 281 633 633 
555 555 555 734 734 739 
472 569 733 733 
589 
205 475 
184 184 203 
399 399 
254 470 470 470 627 667 667 


5 

367 
57 57 
130 
498 741 
727 
60 156 
283 283 283 588 
42 42 42 312 312 710 739 739 
203 607 607 607 666 
37 733 749 
157 157 

72 257 312 318 701 
342 675 675 
5 213 405 405 405 635 

2 2 2 65 83 192 224 224 317 317 342 342 381 381 381 381 750 
5 5 33 33 33 40 348 348 
424 424 

642 739 
40 40 565 565 565 
215 469 
9 9 381 534 582 
490 496 709 709 
289 289 289 
507 658 658 748 748 

552 592 592 
103 466 466 512 512 

595 
739 739 
158 158 158 616 616 
326 326 
739 739 755 755 
748 748 
1 1 
571 
387 387 716 716 716 716 
315 315 455 455 612 
702 728 741 
401 
5 5 55 484 484 506 506 614 614 
523 523 

5 5 354 527 651 
568 568 722 
667 
16 16 214 457 611 

650 739 739 
339 
80 80 

56 60 60 64 106 239 239 463 
111 111 203 341 520 578 720 
134 134 134 
13 67 238 304 354 362 409 409 461 461 730 
520 
254 254 254 522 
278 
5 5 80 80 353 353 484 484 730 730 730 
393 581 581 

447 447 447 
247 
243 243 586 586 
320 320 587 703 703 
72 72 72 81 206 206 331 435 599 
5 47 54 
294 
429 
5 654 654 654 
254 489 667 
504 504 595 595 
342 687 739 
4 4 208 357 357 357 
408 

532 532 532 532 745 
75 197 

94 94 256 546 679 679 
26 739 739 
22 333 547 731 
756 
742 742 
43 288 449 449 449 449 690 
622 739 739 748 

117 582 582 
464 674 674 674 690 697 
5 210 210 
81 312 422 422 
541 541 541 541 541 
182 484 544 544 544 589 605 695 695 
16 602 664 
203 203 253 253 516 648 648 648 
524 532 532 
442 667 
244 
26 26 27 27 51 51 94 109 157 199 199 218 230 262 262 266 301 301 322 337 337 341 341 341 341 342 377 386 399 399 467 486 544 555 555 570 570 570 577 577 648 648 681 681 715 726 
542 
93 343 739 739 
170 170 661 661 
33 620 655 655 
178 247 

5 5 194 194 725 
286 286 
253 253 
5 67 115 222 225 225 225 353 373 388 446 446 471 504 504 595 646 656 689 719 719 719 760 
16 150 395 741 
123 354 354 456 
5 
290 648 
23 203 262 
227 596 
324 324 
387 
213 401 471 719 719 
64 255 
88 117 117 336 336 336 336 342 381 381 438 438 438 750 750 
74 84 213 213 213 273 299 334 334 527 527 542 659 760 

219 277 366 559 559 596 
83 83 
87 284 
203 482 482 482 707 
264 264 


367 367 367 595 

622 737 737 739 
241 
159 289 
5 5 5 64 156 156 408 580 590 590 594 713 766 766 766 766 
5 
80 237 293 312 455 455 606 606 606 739 
56 503 713 713 760 
168 168 428 482 508 
202 
601 601 
337 
4 167 208 341 341 716 752 
708 
748 

364 364 364 371 371 506 523 
705 705 
45 45 199 199 212 212 377 377 
6 96 161 161 161 175 489 489 667 
64 223 
184 679 
10 10 81 81 113 529 721 721 721 

278 740 
67 397 435 531 
287 333 415 541 541 633 633 
203 203 218 723 
626 626 
231 231 
10 10 58 739 739 
203 568 
366 
71 
284 284 372 372 548 
286 
47 
5 5 466 466 466 523 
225 
10 705 705 

483 718 718 752 
227 413 413 413 
16 16 162 259 287 364 404 432 476 476 600 

590 
89 89 

107 107 107 399 399 726 
229 269 269 548 674 674 
10 715 
69 69 211 211 270 335 335 341 
35 35 261 278 434 434 746 
29 189 627 
126 126 126 238 388 388 388 548 548 548 582 582 582 
217 648 
703 
63 739 
241 
38 38 172 341 739 739 739 
321 488 
15 16 16 326 326 376 479 505 
35 556 
366 487 642 642 686 739 
225 363 498 
10 81 422 
203 203 467 715 715 723 
393 393 
26 26 26 428 
159 575 575 
67 446 

5 70 70 560 604 716 716 736 
638 
691 691 
361 515 515 
26 579 715 
24 24 50 81 81 108 108 113 195 241 342 402 711 711 718 
708 
575 575 
141 141 378 378 620 620 649 
343 343 343 530 585 
117 117 564 564 564 
113 360 
15 15 15 707 707 
169 169 508 508 736 736 736 
295 548 
203 
42 
220 220 708 708 756 756 
708 708 
135 135 296 296 


563 563 708 
601 601 664 
170 544 751 
577 
16 186 261 386 386 386 547 633 658 658 702 702 702 
225 225 
286 286 
224 224 224 224 633 633 
44 44 203 203 246 465 465 704 704 
30 
37 153 534 

4 4 157 203 203 203 203 247 247 286 294 464 483 544 544 544 578 578 684 
26 26 41 51 83 83 83 114 117 117 177 203 224 312 399 428 428 444 518 518 532 532 653 667 667 731 739 754 762 
81 81 205 316 316 316 729 729 761 

691 

475 592 
118 118 441 661 661 
695 695 
753 753 
49 49 390 
77 77 77 395 412 412 472 526 526 534 
163 163 213 
67 67 147 159 215 215 527 527 

621 712 
178 178 178 
424 621 621 
461 461 
318 
310 611 
159 432 
299 495 530 576 763 
251 251 251 278 515 515 
59 
227 267 298 470 510 510 725 751 
101 234 234 234 494 742 
49 49 512 512 

5 
251 251 523 523 523 658 
32 32 32 269 269 548 
213 595 595 

55 55 
15 16 16 16 296 
203 253 253 617 617 617 648 648 
16 315 315 744 744 
26 26 26 
569 
10 10 65 65 72 117 117 117 117 124 224 224 
413 413 582 739 
523 756 
728 
579 579 579 
25 25 203 333 333 333 449 486 
5 140 140 221 649 716 
213 289 289 289 696 739 739 739 
739 739 739 739 
16 351 601 
739 

164 302 302 544 544 544 634 634 
16 429 
5 5 36 36 214 352 682 

67 260 515 515 
690 
95 95 203 203 283 283 342 
35 35 
143 222 
76 312 739 
448 448 760 
278 477 522 
115 115 115 635 
79 

179 239 
159 159 640 


36 66 66 352 352 
277 277 277 382 382 558 739 
589 633 
39 261 
665 665 712 
646 646 646 
648 739 
5 5 5 5 693 693 
708 708 
549 
81 81 81 195 195 300 571 

119 119 358 
617 617 617 
498 498 

243 303 342 342 508 566 754 
173 394 553 553 
499 

35 278 362 677 677 740 
81 
287 287 595 699 
81 81 170 260 634 

672 739 
224 224 224 
569 569 
526 662 733 
348 
201 629 747 
551 
61 342 704 

67 213 213 305 505 523 760 
166 166 166 601 
5 5 79 79 403 403 
25 25 189 189 189 189 386 733 733 753 753 
36 
5 537 
589 627 
720 720 
626 626 
141 141 241 241 
25 25 215 
150 583 
490 
545 549 

159 159 359 359 710 
26 
156 
193 341 
337 337 
5 5 130 130 272 272 272 
203 301 727 

123 
96 96 96 366 
29 213 222 
91 352 526 526 
16 78 642 642 642 
554 761 761 
93 347 
278 278 633 633 633 739 739 
404 499 499 499 499 
33 
16 296 

23 23 501 722 
230 230 230 243 
276 341 
5 5 144 144 163 163 197 623 
626 626 
203 386 
298 558 
295 
175 254 254 497 497 639 639 667 667 704 704 
125 458 
503 

739 
367 719 
363 695 
125 
489 489 664 
104 299 426 426 
64 64 430 477 477 477 477 
588 
481 
75 697 697 697 697 
56 242 491 
176 176 213 213 595 
16 296 446 
5 144 144 251 
127 664 664 695 
243 320 320 428 566 
633 
366 366 725 
739 
130 130 368 368 
703 703 716 
529 
310 310 364 364 397 397 
199 615 615 615 
62 599 599 
342 342 681 
74 
157 160 720 720 
67 
161 404 
145 145 251 272 371 371 371 383 446 
200 
716 
83 352 352 440 472 472 733 
147 225 225 354 354 
563 
10 10 257 514 649 705 705 721 766 
316 363 576 576 576 
5 260 
181 181 181 181 200 200 342 342 745 745 

124 339 352 

643 
451 719 
21 563 


196 196 196 196 196 261 261 
204 225 593 
544 
197 197 197 203 331 341 341 341 393 393 393 543 
459 546 732 
184 545 
16 186 333 563 563 702 
16 269 284 289 289 289 321 372 739 
421 459 
588 741 
65 65 443 637 
129 
2 429 429 
474 697 
90 90 90 203 203 
29 35 297 
21 622 622 
413 487 632 
227 227 
307 
16 16 569 615 615 

329 329 528 538 547 547 742 742 
317 317 317 
122 122 122 715 715 
428 508 
663 
148 148 266 615 
16 16 91 380 439 439 561 615 615 615 615 
75 203 203 203 660 
139 422 
598 678 678 678 

16 739 739 739 
304 304 314 314 613 
363 530 530 530 
203 203 332 603 
157 341 341 648 
311 385 385 385 602 757 
239 601 601 601 601 766 
164 164 
9 124 192 192 289 289 289 382 737 
52 52 56 457 667 
636 636 
316 642 761 
168 168 
169 
107 500 550 
92 197 414 452 
239 239 280 
16 16 
129 129 347 
542 
5 79 239 
132 176 176 213 234 373 373 434 504 728 
219 227 693 725 725 
79 79 
572 
10 10 10 62 62 170 517 517 
16 54 54 54 278 
16 16 49 49 49 245 245 330 330 390 447 580 580 580 580 602 613 660 660 660 695 730 
198 579 601 665 
577 
307 
197 
241 241 241 
81 109 109 109 
649 649 
30 
686 
16 150 361 
141 
575 601 
144 144 
516 516 516 561 561 568 569 569 569 569 
134 134 725 
377 377 377 425 425 425 648 
39 
694 694 
207 315 315 
356 358 358 
80 190 236 557 557 
5 5 484 
16 
71 
16 21 263 263 454 454 485 485 
96 288 452 667 

442 


558 739 
16 16 89 89 261 261 333 336 336 414 476 476 476 509 708 708 708 
393 393 435 669 
115 405 
584 584 671 671 
551 
308 
5 5 5 489 489 667 667 667 
409 

121 298 298 473 473 473 585 
83 536 667 667 667 


213 417 417 417 

199 199 199 203 203 217 290 377 377 418 578 617 
315 387 529 608 608 
21 21 152 
5 147 654 

342 
5 5 174 174 174 651 
207 207 
213 

48 48 127 127 333 333 371 674 
225 
80 80 570 601 601 601 
206 206 348 348 
440 756 
567 
198 330 497 507 507 695 695 
416 416 602 
51 109 
75 83 96 96 149 175 201 254 342 342 489 489 583 627 639 639 639 643 643 643 739 762 

6 634 

636 636 686 
437 
674 674 
193 193 193 284 284 658 673 673 
114 114 

432 432 
572 572 572 733 756 
184 184 256 
83 83 
30 203 203 518 
5 395 

341 706 

298 610 671 
177 739 
739 739 
213 
189 193 398 
309 309 345 

419 419 596 
619 619 
197 197 349 349 495 507 601 664 664 
388 717 739 
193 502 502 502 502 554 
725 
434 

113 705 705 
16 142 333 333 333 547 
169 169 291 513 513 
337 337 444 489 489 
252 252 274 274 529 529 701 701 755 755 
684 
15 15 15 230 319 319 
248 313 324 324 325 325 329 420 420 633 633 633 733 749 753 756 756 
125 125 
108 461 
50 312 312 
26 356 416 
56 239 242 242 
739 739 
203 285 301 301 311 565 565 
70 70 140 140 140 140 247 307 307 387 513 525 
696 
27 276 276 312 
5 213 213 213 222 222 494 537 
157 453 453 520 520 
257 257 257 529 
148 481 
262 301 
8 16 
210 366 510 596 596 616 698 
203 283 
105 467 
142 384 595 
343 343 
80 159 163 163 163 601 
186 342 
545 
91 91 110 440 449 449 526 678 708 749 749 753 753 756 756 
90 90 
741 
307 320 320 320 
236 236 582 739 

5 5 10 10 17 80 90 108 108 121 133 133 136 136 152 152 177 185 185 190 190 205 205 236 241 265 265 292 294 294 294 298 342 382 388 388 388 389 389 389 389 391 402 413 418 437 476 476 493 511 548 574 574 574 632 667 687 688 688 696 714 714 737 751 
259 432 
7 16 16 16 18 18 35 73 73 104 142 214 550 735 
188 188 367 563 563 

378 378 765 765 765 
181 532 532 
287 
442 
127 127 137 137 190 249 
110 708 733 733 
117 224 224 
331 366 739 
247 276 
25 25 25 80 80 80 350 350 449 449 708 733 733 
342 428 
10 136 136 705 705 
187 324 324 383 662 678 708 708 733 733 
579 

5 
213 225 242 403 446 
343 474 474 585 
342 667 
363 
9 
744 744 744 
239 239 239 239 529 580 

