nodes: 768 edges: 2406
5 168 168 168 
138 138 138 708 
65 65 282 282 282 427 553 553 
214 633 
178 178 357 357 357 
0 6 6 17 17 17 47 53 53 59 59 59 79 79 79 101 115 118 118 144 147 147 147 163 171 171 194 194 210 210 213 216 216 221 239 240 272 272 272 307 348 367 367 370 370 370 382 387 395 395 395 419 451 451 506 506 506 531 537 537 557 567 594 623 635 635 639 639 639 651 651 654 654 663 663 682 700 719 739 739 767 767 
5 5 254 405 489 489 489 489 669 669 669 
214 214 214 741 741 741 
81 343 724 
124 124 582 582 764 764 764 
81 81 252 252 252 257 265 265 274 274 285 285 285 300 300 300 300 300 381 381 381 381 445 529 529 529 574 599 599 739 739 

16 16 376 376 
159 159 159 159 354 
480 493 739 
296 296 319 376 707 707 707 707 707 
12 12 18 35 35 57 78 150 198 198 214 214 258 258 258 278 278 296 296 321 333 376 376 376 378 378 390 390 390 394 394 429 442 442 473 473 492 492 505 505 547 548 548 553 553 561 561 569 569 591 591 591 591 591 600 601 601 601 611 624 624 626 633 702 702 739 739 739 741 741 
5 5 5 466 712 739 
16 34 34 34 727 741 
416 416 416 416 
352 
128 128 538 557 557 626 626 650 650 650 650 
67 67 186 186 521 521 
218 481 481 
312 
386 386 386 449 449 456 456 456 753 753 
88 148 148 203 203 203 303 303 311 311 328 342 379 379 379 379 379 385 428 462 462 568 568 568 712 
30 30 30 
203 203 203 301 301 328 
288 471 471 471 471 471 556 556 
27 27 27 338 609 
46 533 533 
372 372 372 372 516 711 
118 118 207 478 
18 18 18 741 
16 16 287 287 287 297 400 400 400 645 741 
102 450 
110 110 339 339 
294 298 298 
261 261 415 618 618 
118 122 122 
88 
48 48 108 108 108 323 
50 585 585 585 585 
337 
253 253 541 677 
31 459 459 
5 61 112 171 171 171 
42 42 588 658 658 
351 351 368 368 368 601 601 613 
43 312 312 312 711 711 
203 342 342 342 666 666 

5 5 
171 600 600 
144 144 375 375 375 
64 86 86 156 156 177 239 242 255 255 255 388 713 
16 102 102 102 492 
203 265 265 
5 5 5 245 365 405 405 405 
156 
47 444 
517 599 
198 292 292 488 
56 155 156 223 223 223 239 499 499 499 
2 2 381 551 637 
412 
22 22 120 120 159 159 159 235 235 260 305 305 305 354 383 383 397 446 446 521 521 523 527 
108 639 739 
130 157 286 286 286 286 720 
307 307 387 387 716 

113 113 113 170 170 170 170 170 257 257 257 257 381 381 649 
142 142 142 142 741 741 741 
406 519 519 
182 182 182 502 502 570 667 667 

352 
16 
5 5 5 239 239 340 340 340 406 448 448 448 451 594 594 594 597 597 597 
163 163 163 163 241 241 622 660 660 660 730 730 730 739 739 753 753 753 
8 10 10 170 195 257 312 312 312 343 422 422 422 433 433 435 599 607 607 

117 117 192 228 228 342 342 417 500 500 643 643 667 680 
225 225 225 225 

56 56 
229 229 684 684 
26 41 224 224 342 444 
281 281 281 633 
555 555 555 734 739 739 739 739 739 
569 665 665 733 733 
279 
279 
184 184 203 203 253 253 253 679 679 
399 399 399 672 726 726 
470 470 470 470 667 667 
342 342 667 
366 366 366 
727 

5 367 367 367 533 
36 57 57 57 
130 342 
741 741 
467 529 727 
156 
283 283 588 
42 42 42 68 502 668 668 739 
203 203 398 398 398 607 607 607 666 666 666 735 
37 37 733 749 749 749 
157 577 
47 307 307 
72 72 72 257 257 312 312 312 701 
342 342 428 428 428 547 547 547 675 
5 213 213 405 700 
431 431 
83 83 192 224 277 277 317 317 342 342 381 381 381 381 677 683 
5 5 33 33 40 122 348 370 478 
434 
67 67 
642 642 642 642 739 739 739 739 
40 40 118 565 565 
215 215 456 456 469 469 
9 9 582 
490 490 490 490 496 496 496 709 
289 289 584 737 737 737 737 
507 507 658 658 748 
21 21 626 626 626 
203 399 552 592 592 592 
69 103 342 466 466 466 512 
637 637 
213 595 595 
739 739 739 739 
158 158 158 616 616 616 
326 326 326 
274 739 739 739 755 
748 748 748 748 748 
1 1 1 313 
739 739 
202 716 716 
315 315 315 315 455 455 
73 73 73 73 702 702 702 728 728 728 728 741 741 
401 
5 55 55 163 163 392 484 506 614 614 614 
493 523 
588 588 588 588 765 
5 5 5 354 354 354 527 527 527 651 651 
26 26 568 568 722 
667 667 
16 214 457 457 457 457 611 611 611 629 
686 
650 739 
317 

64 289 388 
56 56 60 64 106 239 239 280 460 460 590 590 747 
69 111 203 203 263 263 341 341 520 578 578 720 720 720 
134 134 134 438 616 725 
13 13 13 13 67 67 67 215 238 238 304 354 409 409 461 461 710 710 710 730 730 730 730 
342 520 
254 254 254 254 522 522 522 
278 278 278 278 561 561 561 
5 80 80 80 80 144 144 353 353 409 484 484 484 730 730 
393 579 579 579 579 581 581 581 581 

221 221 221 221 447 447 447 447 
203 203 
0 0 0 243 243 586 586 586 586 
320 320 320 320 415 415 415 415 587 703 703 703 
72 72 72 72 72 81 206 206 206 206 331 331 331 331 435 435 599 599 599 599 599 
5 5 47 47 47 54 


371 654 654 654 654 
254 489 667 667 667 
504 504 504 595 595 
56 342 342 687 687 687 739 739 
4 4 208 208 357 357 
408 489 
739 
532 532 745 
75 75 75 197 197 197 463 
343 343 
94 94 256 546 546 546 679 679 
696 739 739 
22 22 333 547 547 

742 742 742 
288 449 449 690 
402 402 622 657 739 739 748 
247 247 
83 117 317 582 582 
415 464 464 674 674 690 690 697 
5 5 210 
81 312 422 422 
203 203 541 541 541 577 577 
182 182 182 543 605 605 605 605 668 668 668 695 695 695 695 
16 16 63 416 601 601 601 602 664 
203 203 253 253 253 516 516 648 
363 532 532 696 
213 242 242 442 442 667 
140 244 244 723 
26 26 26 28 28 28 51 58 94 94 109 109 129 157 157 167 167 196 196 199 199 218 253 253 262 264 264 290 290 301 301 322 322 337 341 341 342 374 374 377 377 386 399 399 399 423 423 467 467 486 486 544 544 555 555 555 570 570 570 577 577 577 592 592 609 644 644 644 648 715 726 
542 542 
739 739 739 
170 170 170 170 562 599 599 661 
33 620 620 620 633 633 655 
178 178 247 247 247 
246 342 
5 5 194 212 446 720 
286 286 
210 
5 115 115 132 201 222 222 225 273 273 353 353 353 373 373 388 446 446 471 471 498 498 593 593 620 624 646 646 656 719 719 760 760 
3 7 7 7 16 16 150 741 741 741 
123 123 159 354 354 456 456 456 
5 5 
290 290 648 648 
23 203 262 262 
227 596 596 596 
324 324 
5 166 166 166 166 387 
213 213 401 471 
64 64 64 
88 88 117 336 336 336 336 381 381 381 438 750 
84 84 84 84 213 273 273 273 275 299 334 334 334 380 527 527 542 542 593 593 738 
428 675 675 
219 366 366 559 
83 83 
87 87 
482 482 482 482 
264 264 398 


367 367 373 
67 67 702 
737 737 737 739 739 739 

159 159 289 
5 56 64 79 79 156 156 408 408 408 580 580 580 594 594 713 766 766 766 766 
5 
80 80 293 293 312 312 312 315 315 455 739 739 739 
56 201 201 713 713 713 
168 168 245 428 428 482 
202 202 
59 243 601 601 
209 337 337 337 342 342 
191 191 208 208 208 706 752 752 752 752 
708 
748 748 
424 
364 364 364 371 371 371 371 419 419 419 506 523 523 523 523 
10 10 10 705 705 
45 45 94 94 94 199 199 199 203 203 377 377 697 
6 161 161 161 161 175 372 435 489 489 667 
56 56 56 
184 679 679 679 
10 72 72 72 72 81 113 113 371 529 701 701 721 721 721 721 729 
16 16 16 379 379 379 379 696 739 739 
740 740 740 
67 397 397 531 531 531 
39 39 287 355 401 401 401 415 541 541 541 633 633 
203 218 218 
157 157 626 626 626 
203 203 231 231 328 
10 10 58 58 688 727 727 727 739 739 
462 462 462 568 568 712 712 
366 725 725 

284 372 372 
286 286 
535 535 582 582 582 582 
5 5 5 466 466 466 523 523 523 
213 213 225 225 225 334 446 760 
10 10 136 445 705 739 739 
225 542 
718 718 752 
117 117 413 413 413 577 577 577 
16 16 162 162 162 162 364 476 477 522 522 522 600 600 600 
92 93 
156 590 590 
89 89 89 643 
2 2 2 
107 107 399 399 399 726 726 726 726 
269 548 674 674 674 674 
10 10 10 715 715 715 
69 69 69 69 211 211 270 270 335 341 464 464 
35 35 35 261 434 746 746 746 746 
29 189 667 667 
126 126 155 238 388 388 388 548 548 548 582 582 
203 203 217 217 
703 
63 63 366 470 470 739 739 
241 241 
38 298 309 341 341 341 584 636 636 636 692 692 692 739 739 739 739 
321 342 342 488 488 488 488 731 731 
15 15 16 16 326 376 376 424 424 424 473 473 475 475 479 505 505 
35 556 
38 38 294 366 636 636 642 671 739 739 
225 363 363 406 406 406 498 498 498 626 
10 10 10 10 10 422 
28 28 203 203 359 467 630 630 630 630 715 715 
355 355 393 393 393 
26 26 428 
159 409 409 409 575 575 575 
67 67 67 446 446 
658 706 
5 70 70 112 112 560 693 716 716 736 
638 638 
294 691 
361 361 515 515 515 607 607 
26 26 385 385 579 715 715 715 
24 50 50 50 81 81 81 113 113 113 195 241 241 241 402 402 402 625 711 711 718 718 739 
138 708 
409 409 575 575 
141 141 141 141 241 241 378 378 620 620 620 
343 585 
117 117 153 192 564 564 564 
354 354 360 360 
15 355 707 707 
169 169 169 169 508 736 736 736 
16 295 
203 203 
42 421 
220 220 662 678 708 708 708 756 756 

135 135 135 296 505 505 
741 741 
26 28 264 377 
563 563 563 708 
601 601 601 664 664 
170 170 170 170 751 
577 577 
16 186 364 386 386 386 547 601 626 626 626 633 633 633 658 702 702 
225 225 225 273 
286 
224 224 224 224 589 633 633 633 
44 203 246 246 246 465 465 704 704 704 
30 609 609 
37 37 534 733 
79 79 79 448 579 
157 157 203 203 286 294 294 294 464 464 544 544 544 684 720 720 720 
26 51 51 51 83 83 88 97 97 103 114 114 117 117 130 160 177 177 203 209 246 246 295 295 399 399 428 428 428 444 465 465 518 532 532 532 532 532 643 643 653 653 667 667 667 667 683 704 704 731 731 739 739 754 754 762 762 
8 81 183 183 316 433 585 640 729 729 761 761 761 
466 

632 
475 592 592 766 
5 118 441 441 562 570 661 661 661 
427 427 427 427 
622 622 
49 49 
20 77 412 412 412 412 472 472 526 526 526 534 
163 163 213 213 213 
13 67 147 147 147 159 215 215 318 318 469 
261 302 302 319 
621 621 621 712 
4 4 4 178 178 
621 621 
301 461 
318 318 469 
310 310 561 561 561 611 611 611 611 
432 432 432 432 
200 299 299 406 406 406 495 498 498 530 530 576 576 576 
251 251 251 278 333 515 515 
59 
98 98 98 227 227 267 292 298 470 470 470 510 510 725 739 751 751 751 
5 5 101 101 101 234 234 494 719 719 
49 49 49 512 512 
617 705 705 
5 5 5 118 
174 251 251 251 251 257 523 523 523 523 658 658 690 690 
32 32 32 32 254 269 269 548 
213 213 234 595 
203 203 544 544 544 544 544 
55 55 55 
12 12 15 16 16 16 296 296 
203 203 253 253 328 425 554 648 648 648 697 
16 16 315 315 744 744 
26 26 26 26 26 258 258 258 258 
225 569 
10 10 10 10 65 72 72 117 117 117 117 224 224 224 
5 413 413 413 413 582 582 582 582 582 739 739 
67 67 523 756 756 756 756 
728 728 
26 311 311 579 579 
25 25 25 203 333 333 333 449 449 449 
5 70 70 221 716 716 
56 155 213 289 289 289 739 739 739 
739 739 739 
16 16 16 591 591 601 
429 614 739 739 739 
144 
164 302 302 302 544 544 544 625 634 634 
16 16 429 429 429 
5 5 5 633 663 663 682 
760 
67 260 260 
109 109 109 231 667 690 
95 95 95 129 203 203 203 283 283 283 342 342 685 
35 35 35 536 
143 222 261 261 261 
190 190 312 312 312 657 739 739 
448 448 448 448 760 
477 522 522 
6 59 59 59 115 635 635 
74 79 299 299 299 363 363 363 498 498 

179 239 239 239 
159 159 163 304 304 304 314 314 
546 546 546 

66 352 352 352 352 
277 277 277 382 382 382 382 558 
589 589 589 633 633 
39 169 169 169 169 193 261 
19 19 19 19 198 602 665 712 
83 500 646 646 646 646 646 
511 511 648 739 739 
5 251 251 251 693 693 
633 708 
323 549 590 
81 81 81 195 195 300 571 
203 203 
250 296 296 296 473 473 719 
377 617 617 617 
498 
2 349 349 349 349 
26 114 114 114 226 243 243 303 342 342 342 508 508 652 652 754 754 
16 391 394 394 394 553 553 
499 499 
116 116 
362 362 362 362 677 740 740 
81 81 343 
119 287 595 699 699 
81 170 170 254 634 634 634 
447 
739 739 
158 224 758 758 758 758 
545 569 569 612 
646 
348 348 
16 16 201 201 626 629 629 747 
551 551 
61 88 342 489 643 643 704 
10 274 
67 67 210 213 213 273 305 305 505 523 523 523 760 760 760 
166 166 166 166 436 601 
79 79 79 340 403 403 403 403 
25 25 189 189 386 386 386 733 753 
36 
5 5 79 537 537 
589 589 633 633 
720 720 
626 626 626 
141 141 241 
25 25 25 123 123 215 215 215 
150 150 150 150 583 583 583 667 
490 490 490 
46 46 612 
156 156 
159 159 359 710 
26 26 266 266 266 594 
182 
193 193 286 286 341 341 
337 337 342 342 
17 130 130 130 272 272 272 344 
105 203 203 301 727 727 

123 123 354 360 
96 96 96 96 292 292 366 366 366 
29 29 29 29 29 213 213 222 
352 352 
16 16 296 296 424 424 642 642 642 642 
554 554 
296 296 347 
278 633 633 739 739 739 
278 404 499 499 499 
33 118 675 
296 
14 
23 23 501 501 501 722 722 722 722 
230 230 230 230 243 

144 163 163 163 623 623 
626 626 
203 203 565 
558 
63 295 295 295 295 
6 6 6 6 175 179 254 254 444 497 497 639 639 667 667 667 667 667 704 704 704 
125 125 125 125 458 458 458 709 

16 16 57 
14 145 548 727 739 739 
367 719 
363 601 693 
125 125 125 
489 489 664 664 695 695 695 
213 213 299 299 299 363 363 406 406 426 
64 64 64 430 430 477 477 477 
83 83 417 588 
481 481 481 
75 75 108 667 667 667 697 697 697 

176 176 176 595 739 
16 16 296 296 326 326 446 
5 5 5 144 251 
127 127 664 693 695 
320 428 428 566 
633 
366 366 725 
418 418 739 739 
130 368 368 
703 703 716 716 716 
529 529 
310 310 310 364 364 
32 199 199 615 615 638 711 
62 599 599 599 
342 
74 74 705 
157 160 720 
22 22 67 67 
161 161 161 278 278 278 404 404 
67 145 251 251 251 251 272 272 272 371 371 371 371 383 446 446 446 
716 716 
716 
352 352 352 
67 147 147 147 225 225 710 
563 563 669 669 
10 10 10 105 257 514 514 596 596 596 641 649 721 721 721 766 
363 363 576 763 763 
5 260 260 260 
181 181 200 200 342 342 342 342 342 696 696 717 739 739 745 745 
31 31 101 
339 352 
271 271 
400 643 643 643 
5 5 451 451 719 719 719 
21 563 563 742 742 


45 196 196 196 261 261 261 
204 204 225 225 275 738 738 
197 544 
203 203 341 341 341 374 374 374 374 374 393 393 393 543 
439 612 612 643 732 732 732 
184 184 184 410 410 410 
16 114 114 114 186 186 333 563 563 573 702 702 
16 16 284 289 289 289 372 493 739 
421 
741 
65 443 443 
129 
2 2 16 16 429 429 
377 474 474 
90 90 90 203 203 203 
29 29 297 
5 21 21 622 626 662 739 739 
413 487 632 632 632 
227 
307 
16 16 162 162 162 361 361 361 569 615 615 615 615 
206 348 661 661 
329 329 329 528 528 538 538 547 547 742 742 
317 317 317 613 
122 122 486 705 715 763 763 
508 
5 651 663 663 663 663 
26 26 26 148 148 266 266 615 615 615 615 
16 16 91 380 439 439 561 615 615 615 
75 203 203 203 348 660 660 660 
422 
598 678 678 678 756 
547 
10 739 739 
304 304 304 314 314 
363 363 363 530 
111 196 196 203 203 203 277 277 277 332 332 
157 157 
164 164 164 164 311 340 385 385 602 602 602 757 757 757 
239 239 239 594 601 766 766 766 
164 164 164 164 725 725 
9 9 124 192 192 271 271 271 271 289 289 382 382 382 382 382 737 737 737 737 764 764 
457 457 457 667 739 739 
126 294 636 636 
43 43 43 43 316 343 642 642 642 642 743 743 743 743 761 
168 168 168 168 
169 658 
48 107 146 146 146 146 500 
336 414 414 414 452 452 633 
156 156 280 280 421 757 757 757 
16 16 16 16 16 390 390 601 
129 129 129 203 203 347 347 
213 213 225 225 662 
5 79 79 79 239 239 462 580 
132 132 176 176 373 434 504 728 728 
219 219 219 529 529 529 693 693 725 725 725 725 
79 79 79 
572 624 
10 10 62 81 170 170 170 170 170 206 206 517 517 517 661 661 
16 54 54 278 278 278 
16 16 16 49 49 198 198 198 245 245 330 330 330 333 390 447 495 580 591 602 613 647 647 647 647 664 664 664 695 695 730 
198 416 579 579 579 601 665 


197 197 197 197 
622 
81 81 109 109 109 310 310 

30 203 338 338 
686 686 
16 150 150 150 361 361 361 361 
439 459 545 545 
49 564 601 
144 144 144 391 
516 516 561 561 561 561 568 568 568 568 569 569 569 
134 134 134 158 
369 425 425 425 648 648 
39 39 
694 694 
207 207 207 213 315 315 315 
356 356 356 358 358 659 659 
80 190 350 350 557 606 
5 484 484 
16 16 213 598 
312 393 
16 21 21 128 128 128 263 263 263 299 333 333 333 442 454 454 454 485 485 557 


150 442 442 
301 301 301 301 
714 714 714 
346 558 558 558 739 739 
3 16 89 207 207 261 261 333 333 333 336 336 336 395 414 414 420 452 452 476 476 509 589 708 708 708 
393 393 435 435 435 669 669 669 
5 5 405 405 
294 294 294 298 298 584 584 671 671 
65 131 131 
308 308 516 
5 5 5 68 489 489 667 667 667 
343 
529 
121 121 121 121 298 473 473 473 473 585 585 585 585 739 
83 83 281 342 342 444 444 536 536 536 545 667 667 
203 203 203 
35 735 
213 213 417 417 417 417 417 440 
601 601 601 601 730 730 
199 203 217 217 377 377 377 418 617 617 
72 529 
21 21 21 21 152 
5 5 147 147 567 654 654 654 
428 428 
342 342 
5 5 174 174 174 174 651 651 651 
207 
213 
190 402 
48 48 127 127 306 333 371 371 587 674 674 690 690 690 
621 621 
80 80 80 570 570 570 730 
206 348 348 348 562 562 599 599 
324 557 593 733 733 756 756 756 
5 5 395 395 567 567 567 567 731 
198 330 330 497 497 507 601 601 601 695 695 695 
91 91 416 602 
51 51 109 109 109 
75 75 83 96 96 97 149 149 175 175 175 201 254 288 288 342 342 342 342 398 457 489 489 489 489 489 502 502 502 583 639 639 639 643 643 739 762 
108 108 197 197 197 
6 6 6 528 528 634 634 634 

298 636 636 
95 
674 674 674 
193 193 284 284 284 284 658 658 673 673 673 690 690 690 
114 226 226 478 

45 117 432 
324 572 572 572 733 733 
94 94 184 184 256 256 256 
83 

5 395 
117 342 
87 87 341 706 706 
399 748 748 748 
151 610 610 
177 177 177 737 737 737 739 
265 739 
739 739 
189 193 193 371 371 398 658 658 658 674 674 674 
309 758 
294 294 294 
307 419 419 495 507 596 596 
619 619 
197 197 197 197 497 497 497 507 601 601 664 664 664 
185 200 258 532 532 739 739 739 
193 253 377 502 502 502 
725 725 
434 434 
5 115 
113 257 257 705 705 
16 16 142 142 142 235 333 333 547 547 
169 169 169 291 513 513 716 
337 337 337 342 342 444 489 489 489 
252 252 274 369 369 519 565 701 701 755 
247 306 684 684 
15 15 15 15 15 319 319 
1 248 313 324 324 324 329 420 633 633 633 733 733 749 753 753 753 756 756 
125 490 
159 159 159 461 527 
32 50 50 312 312 516 
17 26 266 266 356 416 
56 239 242 242 242 
631 631 631 739 
203 285 285 285 301 301 311 311 311 565 
70 140 140 307 307 387 387 513 513 513 524 524 525 703 
532 
276 276 312 312 
5 213 213 367 367 424 494 537 537 537 
69 157 157 157 210 341 341 341 453 453 520 
257 257 257 257 529 529 529 
148 481 481 481 481 
202 
8 
158 267 267 366 510 581 581 596 596 596 596 698 698 
95 95 203 283 283 283 283 
18 99 105 265 265 265 467 467 493 
142 142 142 142 384 384 595 595 
257 343 343 
80 80 80 159 159 159 159 163 163 601 647 647 660 
295 295 342 342 663 
545 545 545 
91 91 110 339 449 662 662 678 678 708 708 749 753 753 753 756 756 
90 
109 645 741 
307 320 320 320 
126 126 126 126 236 236 236 582 582 582 582 687 687 687 739 
225 542 542 
5 5 10 10 14 16 16 16 17 68 80 80 90 90 90 90 90 108 121 121 121 121 133 133 133 133 136 136 136 139 139 152 177 177 180 185 185 190 190 205 205 205 236 236 236 241 241 241 258 258 265 265 274 274 292 292 294 294 294 294 298 298 312 342 342 366 382 382 388 388 388 389 389 389 391 391 391 402 402 418 418 437 437 476 476 476 493 493 504 511 511 532 532 548 557 557 574 574 583 583 632 632 642 667 687 688 689 689 696 696 696 714 737 745 745 745 748 748 
259 259 259 432 432 
7 7 7 16 16 18 34 35 73 73 73 104 104 142 142 214 214 214 327 327 550 735 
188 188 188 538 538 563 563 
585 585 585 585 
378 378 765 
181 532 532 739 739 739 
287 287 287 287 
156 442 
127 137 137 137 137 137 190 249 249 685 685 685 739 739 
110 110 110 708 733 
224 
331 366 366 366 
247 247 247 247 276 
25 25 80 80 80 449 708 708 708 733 733 733 
342 342 428 428 
136 705 
324 324 383 383 383 383 572 662 662 662 708 708 733 733 
579 579 579 590 590 590 
438 438 438 438 691 

213 213 273 396 403 446 446 446 
343 343 343 585 
342 342 667 
530 530 565 565 
9 9 9 582 582 
146 744 
239 239 239 239 347 529 580 580 580 
5 5 
