nodes: 768 edges: 1455
168 
138 138 
65 65 553 553 
633 
178 178 178 178 341 
53 59 59 79 99 99 101 101 118 144 144 144 147 163 163 171 174 194 213 213 216 216 221 239 240 272 272 272 307 348 387 387 395 395 419 419 448 448 466 488 506 506 623 639 639 639 682 700 719 719 739 739 739 759 767 
254 489 669 
214 214 741 741 
81 81 
124 582 764 
81 81 252 257 257 265 265 265 285 300 300 300 381 514 529 529 529 574 599 739 739 

16 16 376 
67 159 159 
455 493 739 
707 707 707 
12 12 35 57 198 198 214 214 258 278 278 296 321 376 376 378 390 390 479 547 547 548 553 561 569 569 569 569 600 600 601 601 624 626 626 633 702 702 702 709 709 739 741 
466 
34 34 741 
416 
352 352 
128 128 557 650 650 
186 186 186 521 
481 481 501 
312 312 
386 386 456 456 753 753 
41 203 203 203 303 342 342 379 385 428 428 540 540 568 
30 203 718 
203 203 
35 288 
27 609 
533 
372 516 
118 207 207 478 686 
18 18 741 
16 29 73 287 287 297 297 400 556 645 
395 412 450 
339 
294 
261 355 415 618 

26 342 342 
48 108 323 421 
50 585 
337 456 
212 253 
459 
61 112 271 
42 588 588 
351 368 601 601 601 613 
43 711 
203 342 
583 
5 
600 600 
144 375 375 375 623 651 
86 239 239 239 242 255 255 503 583 713 
16 
203 203 265 265 
5 5 245 
106 156 
47 


156 222 223 255 499 
2 2 381 551 637 637 
412 412 
13 159 159 159 159 213 213 232 235 260 305 397 446 446 521 521 523 
75 108 739 739 
286 720 
387 560 716 
625 
113 170 257 257 381 381 
35 142 142 142 741 
225 519 519 519 
68 182 285 667 667 667 
402 
352 
473 473 
5 239 239 406 406 448 573 594 594 597 
154 154 163 163 163 163 622 622 660 730 730 739 739 753 753 753 
8 8 10 10 257 257 288 300 312 343 433 599 599 
739 
117 117 117 342 342 417 500 643 643 
225 
580 
56 
229 
224 342 
281 

472 569 665 733 
279 

184 203 203 212 212 253 679 
399 672 
470 470 627 
342 
366 
5 5 

5 5 367 367 

130 130 618 

529 529 727 727 727 
60 156 
283 544 
42 68 502 668 739 
203 203 512 607 607 666 
733 749 
577 
47 307 
72 312 
342 547 
213 405 635 635 700 

83 83 83 192 192 192 192 212 224 224 277 317 342 342 381 381 381 428 628 677 677 750 
5 33 348 370 478 478 


501 642 642 739 
565 
215 456 456 
9 381 582 582 
490 490 496 709 
289 737 737 
507 658 748 748 
21 21 614 
203 399 399 552 592 592 592 672 672 
103 103 342 466 466 466 512 
637 
595 
739 
158 158 616 
326 
274 739 755 
748 748 
1 1 313 
739 
716 716 
315 455 455 455 612 612 
73 73 73 702 702 728 741 

5 5 5 55 506 614 614 
493 523 
588 588 588 765 
5 651 651 654 

342 
457 611 611 
686 
739 

80 80 
289 
60 64 106 239 280 460 590 747 
203 203 341 
134 134 
13 13 67 67 67 67 238 409 461 730 730 730 

254 254 254 522 
278 561 561 
5 5 80 80 80 80 353 484 504 730 730 
579 579 581 581 

221 221 447 

0 243 243 586 586 
320 320 415 415 415 587 703 
72 206 206 206 331 331 435 599 599 599 599 
5 496 
294 

5 654 654 654 654 654 
254 254 667 667 
504 504 504 
342 342 687 
4 4 4 4 208 208 
408 
739 
532 532 745 
75 197 197 197 197 
343 
94 546 546 679 
739 
22 22 22 
756 756 
742 
288 449 449 449 449 
622 657 657 

117 117 117 117 317 582 582 582 
415 464 674 
5 
422 422 
203 203 540 541 
182 182 182 182 349 544 589 605 668 668 
16 16 416 601 601 601 602 664 664 
203 253 253 516 516 648 
524 524 696 696 
213 442 442 667 667 
244 741 
26 26 26 27 28 28 51 58 58 94 94 109 109 129 157 157 196 196 199 218 218 253 262 301 322 322 322 337 337 341 341 341 342 342 374 377 386 467 467 486 540 544 544 544 555 555 555 570 577 577 592 592 625 625 625 648 648 726 

739 
170 170 170 599 661 661 
33 33 620 633 633 633 
178 178 247 
246 
725 

45 94 94 117 
5 5 67 67 115 201 225 353 353 388 446 498 498 498 504 593 593 620 689 719 
7 7 16 16 395 741 
123 354 456 
5 5 
648 648 
203 203 
227 227 559 559 596 596 
324 324 
5 166 166 387 
64 401 401 719 
64 
88 117 117 336 336 336 381 381 381 438 
74 84 213 299 299 334 527 527 527 593 593 738 
675 
219 219 277 596 596 

87 284 
482 482 
264 
67 
710 
367 367 373 
67 
622 737 739 

159 
5 56 56 56 79 79 156 248 408 590 766 766 
5 
293 312 315 455 468 468 739 739 745 
56 713 713 
168 168 245 428 
202 
59 243 
209 337 
208 752 
239 708 
748 
424 424 
364 364 371 371 371 419 419 506 506 523 612 
10 
45 94 199 199 203 518 697 
6 161 161 161 175 175 372 372 435 489 667 667 
56 56 64 

10 10 72 72 81 81 371 529 701 721 721 729 
16 696 739 739 
740 740 740 740 740 
67 531 531 
39 333 333 333 401 633 633 
203 648 648 648 723 
626 
231 
10 10 10 58 58 688 688 727 727 727 739 
462 712 
725 

284 284 372 

47 535 535 582 
5 5 5 466 523 523 523 
334 446 643 659 659 
136 705 705 705 705 
542 

117 227 413 413 577 577 
16 16 162 287 364 404 404 432 600 600 
92 
156 590 
89 

107 399 
229 269 269 
10 75 715 
69 335 335 341 
35 35 278 434 746 746 
29 81 189 667 
126 155 388 388 582 
648 

366 739 
241 
38 172 298 341 341 341 636 636 691 691 691 692 739 739 739 
321 321 342 342 488 488 
16 485 
35 35 556 556 556 556 
294 319 642 671 686 739 739 
225 225 363 406 406 498 
10 10 10 81 422 
203 467 630 630 715 
393 393 
26 428 
575 
67 
658 
5 112 560 716 736 
638 638 

361 361 515 607 
715 
24 24 81 113 241 342 342 342 381 402 402 625 718 
138 708 708 
409 
141 241 378 378 620 649 
585 
117 192 564 
360 360 
298 355 671 
169 169 736 736 736 736 
16 295 295 548 
203 203 203 
42 
220 220 662 708 756 
708 
135 505 

377 377 
563 708 
601 664 
170 170 566 751 
577 
261 261 261 364 386 547 626 633 633 658 702 702 702 
225 273 
286 286 
224 224 224 589 
44 203 203 246 465 704 
609 
37 534 534 733 
448 448 579 
4 157 203 203 203 286 294 294 294 464 483 544 544 578 684 706 
26 26 41 41 51 83 83 88 97 114 117 117 130 149 177 177 203 203 295 295 312 312 312 399 428 428 532 532 532 539 643 643 667 667 704 704 731 739 739 739 
81 183 640 729 761 761 


632 
475 592 592 
5 118 441 441 562 562 661 661 
197 695 
753 
49 
20 20 77 395 395 412 412 412 472 472 
163 213 213 
215 527 
39 319 
712 712 

424 621 
461 
318 318 
310 310 561 
432 432 432 
299 406 530 576 576 576 
251 251 278 333 515 515 
744 
98 292 470 510 725 739 751 751 751 
101 101 234 234 742 
49 512 
648 705 705 705 705 
118 
251 251 251 257 658 690 
32 254 254 269 
234 595 595 
203 544 
55 55 55 
12 16 16 
203 328 328 617 617 648 648 648 648 
16 315 315 744 
26 
569 569 
10 65 72 72 117 117 117 124 224 224 224 312 
413 582 739 
523 523 756 756 
728 
26 579 
25 25 203 333 449 449 449 449 
5 5 70 221 649 
213 289 289 696 739 739 
739 
16 16 591 591 601 


302 302 544 625 634 634 
429 429 
5 5 36 214 352 352 

67 515 515 
667 
95 129 129 283 342 
35 
222 222 261 
76 312 312 657 739 739 
448 448 
278 278 522 
115 635 635 
79 79 299 299 363 
591 
179 239 
159 314 
546 

36 66 66 352 352 352 
277 277 382 558 739 
589 633 
39 169 169 169 193 
19 198 
83 500 
511 648 
5 5 251 251 693 
633 708 708 708 
42 590 
195 195 300 436 571 571 
706 
250 250 358 473 473 621 621 
617 617 
498 

26 26 117 243 303 342 342 566 566 
394 394 553 
499 499 499 

278 362 362 362 677 677 
81 
287 595 595 699 699 
170 254 
422 

224 758 758 
545 569 569 612 
662 733 733 
348 348 
201 201 626 629 

643 643 

67 67 213 273 523 523 760 760 
166 601 
5 5 79 340 340 403 403 
189 189 189 189 386 386 386 386 733 753 
36 

589 627 
720 
626 626 
14 141 141 141 241 739 
25 25 44 123 123 215 
150 583 
490 
46 545 612 
156 
159 359 
266 594 

193 341 
337 
5 17 130 130 130 272 
203 203 301 727 727 727 727 
241 241 

96 96 366 

91 352 352 526 526 526 
78 78 424 424 642 642 
761 761 
347 
633 739 739 
499 
33 118 118 
16 
532 
23 23 501 722 
230 230 
341 
163 623 
296 626 626 
203 565 565 565 565 
558 610 
5 295 295 651 
6 254 497 667 667 667 667 704 704 704 
125 125 458 709 


14 145 739 


125 171 
489 664 695 695 
213 213 213 299 426 
64 430 430 430 477 
83 417 
23 121 481 
108 667 697 697 
56 605 
163 176 176 176 213 595 595 739 
326 
5 5 144 251 251 
127 664 693 695 


366 725 
418 
109 130 368 
703 
10 529 529 529 
310 364 364 397 397 
32 199 199 615 638 
599 599 
253 681 
74 74 74 
720 
22 67 67 
161 404 
67 145 251 272 272 272 383 383 446 446 
200 200 716 716 
716 
472 472 472 
225 225 225 354 710 710 710 710 
669 
10 10 10 105 105 257 514 514 514 596 649 705 705 721 721 721 766 
363 
260 260 
181 181 342 342 342 480 696 717 739 739 745 
31 
339 339 
271 271 
643 

742 742 
342 
26 26 196 203 
196 
275 738 
544 
107 197 203 203 203 341 341 374 393 543 
439 459 546 612 732 
184 184 410 545 643 
16 16 114 333 563 
16 321 739 

741 
65 637 
129 
2 2 16 429 
697 
203 203 203 
35 297 297 297 297 
21 739 
413 487 632 
219 219 
70 307 
16 162 162 361 569 615 
348 348 
329 547 742 
317 
122 486 486 486 486 705 715 715 763 763 
331 428 428 
651 663 663 
26 
16 16 16 16 91 380 380 439 439 561 615 615 
203 
422 422 
598 678 678 756 
79 
10 739 
304 
363 363 363 
111 203 203 277 277 332 
341 648 
164 164 340 385 602 
85 601 
164 164 725 
9 124 124 192 192 192 271 289 382 737 737 737 
52 56 457 667 739 
636 
43 316 642 642 743 743 761 761 761 
168 168 
169 
48 48 146 146 146 
197 336 414 452 633 
156 239 280 421 
390 390 407 601 
129 129 129 203 203 347 347 
213 213 225 225 662 
79 79 462 
132 373 373 434 434 504 504 728 728 
219 219 227 227 529 693 725 725 
79 
572 
10 81 81 170 170 170 170 206 517 517 
16 16 54 54 278 278 
16 16 49 49 49 198 198 198 330 390 447 580 591 602 602 613 647 647 660 660 660 695 730 730 
198 579 601 601 


197 503 

109 109 310 

30 338 
487 636 
150 150 
141 141 251 439 459 545 
49 601 746 
128 144 144 
516 561 569 569 
134 
377 377 425 425 
39 103 

207 213 315 
358 424 424 659 
80 80 190 236 
5 55 484 
16 
71 203 203 203 312 393 
16 16 263 333 442 454 454 485 485 
96 452 667 
117 
442 
301 301 
714 714 
346 558 739 
3 16 207 207 207 261 261 333 333 414 420 476 589 708 708 
393 393 669 669 
115 115 405 405 759 
294 294 584 610 671 671 
65 65 131 551 
308 308 516 
5 5 5 667 667 
343 

121 121 298 473 473 585 585 
83 83 273 342 342 444 444 536 546 667 

35 735 

601 601 730 730 
199 203 203 217 217 262 262 262 290 369 377 377 377 377 418 578 
315 387 529 
21 21 
55 147 147 488 567 654 


147 174 174 174 174 174 651 


190 190 402 
127 306 333 371 674 
273 273 621 
80 601 601 601 
206 206 348 348 
324 440 593 733 733 756 756 
567 567 
198 198 330 497 507 695 
91 
109 
75 75 75 175 175 201 201 254 254 288 342 342 398 489 489 489 489 502 583 627 639 639 643 739 762 
108 197 197 
6 528 634 634 

298 319 636 636 
95 129 129 
674 674 
193 658 673 673 690 690 690 
226 684 

117 117 432 432 
572 572 733 
94 184 

518 
5 

341 675 706 706 

33 151 298 
177 
265 265 739 
213 
371 674 674 674 
294 294 294 758 
294 
419 507 596 

349 497 497 507 601 664 
200 200 258 388 532 717 739 
253 502 502 554 
725 
434 434 
5 115 
257 705 
16 16 16 142 142 333 333 333 
169 513 716 
337 342 342 489 489 489 
274 274 274 274 369 369 369 369 529 529 565 701 
341 423 684 684 
15 15 15 
248 313 313 324 325 329 420 420 420 633 633 733 749 753 753 756 
16 16 125 490 
233 527 527 527 527 
50 
266 356 356 
56 242 242 
631 631 739 
285 301 311 565 565 
70 140 140 307 524 524 525 703 
532 696 
27 312 
5 5 213 222 
69 453 520 
257 257 529 529 529 
481 
262 

210 267 366 510 581 596 596 698 
203 
105 105 105 265 265 265 467 467 467 467 
142 384 595 595 
257 343 
80 80 159 159 159 163 163 601 601 647 647 
342 
545 
91 110 339 440 440 449 662 662 678 708 749 753 756 

645 
307 320 320 320 320 
126 126 236 582 582 582 739 
225 542 
5 5 5 10 10 14 16 68 68 80 80 82 108 121 133 136 139 152 180 185 205 236 241 241 258 258 265 292 294 294 294 298 298 342 342 342 366 382 388 388 389 402 402 413 455 476 476 493 504 532 532 548 557 574 583 632 667 688 696 714 737 745 
259 259 259 259 259 
7 7 16 18 34 73 142 202 214 550 
188 367 538 538 563 
585 585 
365 378 765 765 
181 241 532 739 
287 287 613 
156 
127 127 137 137 249 
110 708 733 
117 
331 366 366 366 
247 
25 25 80 80 80 350 449 708 708 733 

136 
187 187 324 383 383 572 662 662 708 733 

438 438 691 
5 635 
446 446 
343 343 474 474 585 585 585 
667 
565 565 
9 
146 744 744 
239 239 529 
5 
