nodes: 768 edges: 1433
168 168 168 586 
138 
65 117 117 117 282 427 553 
214 548 633 
178 178 247 357 
6 6 6 17 17 17 47 47 53 59 59 79 101 118 118 144 144 163 163 171 194 210 210 210 213 216 221 221 239 239 272 367 382 387 395 395 419 419 419 448 488 506 506 537 537 537 594 594 594 635 635 639 651 654 654 682 700 700 719 759 
5 5 5 489 489 669 
214 214 214 586 
81 81 343 724 
124 124 764 
81 81 81 252 257 257 265 265 274 285 285 285 300 300 381 381 381 381 445 529 529 599 599 599 739 739 
537 

159 
739 739 
296 296 319 376 
35 57 78 150 198 198 198 214 214 258 278 296 321 321 333 390 390 442 442 505 547 548 561 569 569 569 574 591 591 601 601 601 626 633 633 702 702 709 724 739 739 741 
5 5 5 466 
34 34 
416 416 

128 538 557 
67 67 67 67 186 521 521 
218 218 481 481 501 

386 386 386 449 753 
88 148 203 303 328 342 342 379 385 385 462 540 568 568 712 
30 203 
203 301 
288 
27 338 609 609 681 681 
46 533 533 
372 516 516 711 
118 118 118 
18 18 741 
16 432 741 741 
102 450 
110 
298 298 
261 261 355 
118 
88 342 
48 48 108 108 108 323 
50 585 585 585 
337 
212 212 253 541 677 
31 
5 5 112 171 736 
42 42 588 658 
351 351 368 601 601 
43 711 
203 203 342 666 666 
583 
5 
171 171 171 600 
375 623 651 
64 177 255 503 503 713 713 713 
16 
203 203 
5 5 245 405 
106 106 156 

517 517 
292 292 488 
56 222 222 223 255 
2 117 381 
395 395 412 
22 22 22 22 120 120 159 159 213 213 232 232 235 354 446 521 521 521 523 523 527 
739 
157 157 157 


257 257 257 381 
142 741 741 741 
519 
182 667 
402 
352 
16 473 
5 239 239 406 406 448 594 594 597 
141 154 163 163 163 163 241 241 241 660 660 730 730 730 730 739 753 753 
8 8 10 10 10 170 195 257 257 300 300 312 312 312 343 435 443 607 

117 117 192 228 342 342 643 667 



284 684 
26 41 224 444 

555 734 739 
569 665 665 665 665 665 733 

475 
184 212 253 
399 399 672 726 
254 627 667 667 


727 

5 533 
36 
130 342 704 
741 
467 529 529 
60 60 156 
283 544 588 
42 42 42 312 312 739 
203 398 398 666 666 
37 749 
157 577 577 
47 
312 312 312 
342 342 428 428 428 547 547 
213 405 405 635 
213 
2 2 2 65 83 83 192 192 212 224 277 277 317 317 317 342 381 381 381 381 428 
5 5 33 33 33 40 122 348 370 370 
424 
67 67 
642 642 
118 565 565 
215 354 354 456 456 469 469 469 
9 9 381 534 
490 496 
289 289 584 737 
507 637 658 658 748 748 
21 626 
203 399 592 672 672 
103 342 466 466 512 
637 

739 
158 616 
326 
739 755 755 

1 

202 
80 315 455 455 612 612 699 
73 702 

5 5 506 614 

207 207 
354 354 527 651 654 
26 568 
342 342 667 667 
16 214 457 

739 739 
317 339 
80 

60 106 239 280 280 399 460 747 
69 69 69 111 203 263 341 578 
134 725 
13 67 67 362 461 461 461 640 730 730 730 
342 342 520 
254 254 522 522 
278 278 278 561 561 
5 5 80 80 80 80 353 353 484 504 730 
579 579 
584 
221 221 447 
203 203 203 
0 0 0 586 586 
320 320 703 
81 331 331 599 599 
5 47 54 54 54 
294 

654 


56 687 687 
4 4 
408 

297 532 
75 197 

94 546 546 679 
430 739 
22 731 
756 
742 742 742 
449 
402 622 657 739 748 
247 
83 117 117 317 582 582 
464 464 464 690 690 
5 210 210 
81 312 312 422 422 
203 541 541 577 577 
182 484 544 668 695 695 695 695 
16 16 16 416 602 664 664 
253 648 
363 532 
442 442 667 667 
140 244 244 
26 27 28 51 51 58 58 109 129 157 167 167 167 196 218 230 253 253 266 301 301 301 322 322 337 337 341 341 342 342 342 377 377 386 386 399 467 486 486 540 544 544 544 570 577 592 644 648 648 648 681 715 715 
542 

599 
146 146 620 620 633 633 655 

246 246 342 626 
5 5 5 194 194 725 

45 45 94 117 
5 67 67 115 116 222 222 225 225 225 234 273 273 353 373 388 446 446 471 504 504 593 595 595 620 620 689 719 719 
3 7 7 7 16 16 150 395 741 
123 456 456 
5 
648 
23 23 203 262 
227 596 596 
324 
5 5 166 166 387 
64 64 213 213 719 719 
64 255 255 255 
88 117 336 342 381 381 438 750 
213 213 213 273 273 275 527 527 542 593 
755 
219 559 559 596 
83 
284 
203 482 
264 
67 67 

213 373 373 595 
67 523 
737 739 739 739 

289 
5 5 79 79 156 242 242 408 580 580 590 590 590 594 713 766 

80 80 80 312 315 455 606 606 745 
239 239 760 
508 508 
202 202 
59 
209 209 337 456 
4 191 341 341 716 752 
708 
748 

364 364 371 419 506 523 523 523 
10 705 
45 94 199 203 203 377 377 377 518 
96 161 161 372 435 667 
56 64 223 223 223 

10 10 72 72 72 81 81 371 529 529 696 729 
16 379 379 
740 740 
397 531 
39 39 287 333 333 401 401 401 415 541 541 541 633 655 655 
218 648 
157 626 626 
231 
10 10 688 739 739 
203 462 462 568 568 
366 725 

284 372 372 372 
286 286 
582 
5 523 523 523 523 
213 213 225 225 334 643 760 
10 705 705 705 739 
225 542 

117 117 
16 162 162 162 287 287 404 404 432 432 476 476 600 600 
312 
156 156 590 

2 
107 
87 229 269 548 674 
10 10 10 715 
270 270 335 
261 278 278 434 746 746 
29 667 667 
126 126 238 388 388 548 582 582 
648 

63 63 470 470 739 739 

172 298 298 341 341 584 691 692 692 739 
321 488 488 731 731 731 
15 15 16 424 424 473 473 485 505 709 
181 556 556 556 
38 38 294 294 487 636 636 642 642 671 686 686 696 739 
363 363 
10 10 81 81 
28 203 203 203 630 715 
393 393 393 
26 
409 575 575 
446 
658 
560 560 604 604 716 736 
638 

515 607 607 
715 715 
81 81 81 108 108 113 113 113 195 195 241 279 342 342 381 402 625 711 718 718 739 739 
708 708 

141 241 378 620 620 649 
343 585 
117 117 117 153 192 564 
354 
15 
169 169 
16 16 295 548 
203 203 
42 
220 662 708 756 

135 
741 
26 377 
708 
601 
170 170 
577 577 577 
16 261 261 386 547 601 626 633 633 658 658 702 702 
273 
286 
224 633 633 
44 203 203 246 465 465 465 704 
30 609 609 
153 
448 
157 203 203 247 247 294 294 578 684 684 706 720 720 
26 26 41 51 83 83 103 114 114 117 130 149 149 160 160 203 203 203 209 224 312 312 399 428 428 428 444 465 518 518 532 539 643 667 667 667 704 754 762 762 
8 81 316 433 433 585 640 729 729 761 761 761 


632 690 

118 441 562 562 661 
427 
622 753 
49 49 
77 412 472 472 526 526 526 
163 163 213 
67 123 123 147 147 318 
39 

4 
424 424 621 


561 611 
159 432 432 
200 299 299 406 498 498 530 530 576 763 763 
251 251 

267 470 510 725 739 751 
5 719 719 742 
49 512 
617 648 648 705 
118 118 
251 257 658 658 690 
32 254 269 269 269 548 
213 234 234 595 
544 544 
55 
15 
203 203 253 253 253 328 425 617 648 648 648 648 648 697 
315 
26 258 258 
569 569 
10 10 10 10 65 72 117 117 117 117 124 224 224 312 
5 582 582 739 
523 
728 728 
26 26 579 579 
25 25 25 203 203 333 449 486 
5 221 649 649 649 716 
213 289 289 696 696 696 739 
739 739 
16 16 601 
574 614 

302 302 302 544 544 544 634 
429 
5 5 66 66 214 
760 
260 
109 109 
95 95 129 156 203 342 
536 
261 261 261 
76 190 312 
448 448 758 
278 278 522 
59 115 115 579 635 
79 79 363 498 

179 239 
304 640 
546 
455 
66 352 
739 
589 633 
261 
19 19 198 665 665 

648 
5 5 5 251 693 693 
633 708 
549 
195 195 571 571 

119 296 296 358 358 473 
377 
498 
2 349 
114 114 114 117 342 342 342 508 508 
394 
185 499 

35 278 278 362 362 
343 343 
287 595 699 699 
81 254 634 

672 
224 758 758 
569 612 
733 
348 
16 16 201 201 626 629 747 747 
81 
88 342 489 643 643 704 
10 
67 213 213 305 505 523 523 523 523 
166 
5 79 340 403 403 
25 189 386 733 753 753 
36 
537 
627 
720 
626 
141 141 241 411 
123 123 215 215 246 
150 667 
490 
612 612 
156 
159 159 159 
26 266 266 

193 193 193 
337 337 337 342 
17 130 130 
105 203 

123 123 123 
292 292 366 
213 
352 352 
78 296 296 424 642 642 
554 554 554 
93 
278 278 633 633 640 739 
499 



23 23 501 501 722 722 
230 

163 197 
296 626 
203 203 386 565 565 565 565 565 
298 558 610 
5 63 295 295 
6 6 444 497 639 667 667 667 704 704 
125 458 
503 

739 

601 695 695 695 
125 
489 695 695 
363 363 406 426 
430 477 
588 688 
23 481 481 
667 697 
56 56 491 
163 213 213 595 595 739 
16 296 446 
5 5 144 251 
127 693 693 695 695 
243 243 428 428 

366 
739 739 
130 368 
703 703 
529 529 529 
310 
32 32 711 
62 62 
253 342 342 
74 705 
160 720 720 
22 22 67 67 67 
161 161 404 
67 67 235 251 251 251 272 272 272 272 383 446 446 446 446 
696 716 
716 716 
352 352 352 
67 147 225 225 710 710 
669 
10 10 105 105 257 257 514 514 514 596 596 596 596 649 649 705 
363 363 576 
260 
181 200 342 696 717 739 
31 31 101 
124 

400 643 643 
5 5 5 11 451 719 
21 563 
342 
26 203 
45 196 196 261 261 261 
204 225 275 593 
544 544 695 
107 197 203 203 203 374 374 393 393 393 543 543 
546 612 643 732 732 
184 184 410 545 643 
16 114 114 333 563 573 702 702 
3 16 284 289 321 372 739 
421 
741 741 
637 637 

2 
474 474 474 
90 
297 297 297 
21 622 622 
487 
227 227 
307 307 
16 162 162 361 569 
348 348 
538 547 742 742 
317 613 
122 122 486 486 486 486 486 705 715 715 763 

663 
26 26 148 266 266 615 615 
16 16 16 91 380 380 439 561 615 615 
203 660 
422 422 
598 678 678 
547 
16 391 739 
304 304 613 
363 530 
111 111 196 196 203 332 332 332 
157 341 648 
164 164 385 385 405 602 
239 239 594 601 766 766 
725 
192 192 271 289 289 382 382 632 
52 667 739 
126 165 294 
43 43 43 316 343 642 743 761 761 
0 7 168 168 

48 107 500 
414 633 
239 239 239 280 757 757 
16 16 601 
129 203 
213 225 542 
5 5 5 79 79 239 580 
213 213 234 373 434 504 504 728 
219 219 227 529 529 529 529 725 
79 
572 
10 10 10 170 170 206 661 661 
54 278 278 
16 16 16 49 49 330 333 390 495 580 591 602 602 613 613 647 664 664 695 695 695 730 
198 579 601 601 

307 307 

241 241 
81 310 310 

30 30 338 338 681 
487 686 
361 
141 141 439 459 459 545 
564 575 601 601 746 
144 391 
568 568 569 569 
134 
369 377 


207 207 213 213 315 315 
358 659 659 
190 350 557 557 
55 

312 
16 128 209 263 263 333 442 454 485 
96 452 667 667 

442 
301 
714 714 
346 582 739 
3 16 16 207 207 261 333 333 336 336 414 420 476 476 589 708 708 708 
393 435 669 
5 5 115 405 759 759 
298 298 671 
127 131 551 551 
308 
5 489 667 
159 343 409 476 

121 121 298 298 473 473 585 739 
83 273 342 444 444 536 536 545 546 667 
203 
735 

601 730 
199 203 203 203 217 262 290 369 369 377 377 377 377 377 418 578 
315 387 387 387 529 529 

5 55 147 


5 5 147 174 
207 261 261 

190 
48 127 127 306 333 333 371 371 674 674 674 690 690 690 
621 621 
80 80 570 
348 599 599 
324 
567 
198 198 601 601 695 695 
91 91 91 91 91 416 416 
51 51 109 109 
75 83 96 96 149 149 201 201 254 288 288 342 342 342 457 489 489 489 502 583 627 627 639 643 739 762 762 
197 
6 528 634 

298 636 
95 129 129 437 
674 674 
284 658 658 658 673 673 690 


45 
572 572 733 733 756 
184 

30 30 203 609 
5 

87 341 341 
748 
298 298 610 
177 177 737 739 
265 500 
213 739 739 
193 193 346 371 658 658 658 674 
294 
294 294 
419 419 507 507 

197 197 197 197 495 495 495 497 497 507 507 543 601 601 601 664 664 
257 298 388 388 388 524 532 739 739 
377 502 
725 
141 434 434 
5 5 
705 
16 16 142 333 333 547 547 
169 513 513 
103 337 342 444 489 489 
252 274 274 274 369 519 529 565 701 755 
341 

248 313 313 324 329 420 633 633 633 733 733 753 756 
16 296 
527 527 
32 50 312 516 
26 
56 56 56 239 
631 631 739 
203 203 285 301 311 311 565 565 
247 307 387 524 525 525 
532 
312 312 
5 213 213 222 222 367 367 537 
341 341 453 520 520 

481 481 

8 16 
158 210 267 366 581 596 698 
95 
99 
384 384 595 
257 343 343 
80 80 80 80 159 159 159 163 601 647 
186 295 295 295 
545 545 
91 440 449 678 678 708 708 749 749 753 
90 
645 741 
47 307 
126 236 687 739 

10 10 14 14 16 16 68 80 90 108 133 136 152 152 185 190 236 236 236 265 265 274 292 292 294 298 312 312 366 382 388 389 389 413 476 493 504 511 511 532 548 574 583 632 642 667 687 689 689 696 696 714 737 748 748 751 
259 259 
16 34 35 35 73 73 73 104 214 327 550 550 735 
188 188 188 367 563 563 
585 
765 
241 
287 287 613 
156 442 442 
127 127 190 249 685 739 739 
110 733 733 
224 
366 739 
247 
25 80 80 350 449 449 708 733 
342 
136 136 226 705 
187 324 678 708 
590 590 
403 438 438 
5 635 635 
242 273 396 
343 343 343 585 585 
342 342 667 667 
363 363 565 
9 
744 
239 580 580 

