nodes: 768 edges: 2378
168 168 
138 708 708 708 
65 65 117 282 427 553 553 
548 633 
178 357 357 
6 6 17 47 53 79 79 99 99 101 115 115 115 118 144 147 147 147 163 163 163 171 174 174 174 194 210 210 210 213 213 216 216 221 221 221 221 239 239 272 272 272 307 307 307 348 348 367 370 382 387 387 395 395 419 419 448 448 448 451 466 466 466 484 484 488 488 506 506 531 537 557 567 594 594 623 635 635 635 639 639 651 654 663 682 700 700 700 719 739 759 759 759 767 
5 5 405 489 489 489 669 669 
214 214 741 
81 93 343 
582 764 
81 81 81 252 252 257 257 257 265 274 274 285 285 285 300 300 300 300 381 381 381 381 529 529 529 574 599 599 599 599 739 739 
719 
16 16 376 376 
159 159 159 159 
739 739 
319 319 319 319 707 
12 12 18 35 35 57 57 78 78 78 150 150 198 198 214 214 214 258 258 296 296 296 321 321 333 333 376 376 376 378 378 378 390 390 394 394 429 442 442 473 473 473 485 492 505 547 548 553 553 561 561 569 569 569 569 574 591 591 591 600 601 601 601 611 624 624 626 626 626 633 633 709 709 724 739 739 739 741 741 
5 466 739 
16 34 34 34 34 34 
416 416 416 416 
352 
538 557 557 557 626 626 650 650 650 
67 67 67 67 186 186 186 186 521 
218 218 218 481 501 501 
190 312 312 
386 449 449 449 456 456 456 456 753 753 
41 41 185 203 303 303 303 303 311 328 342 342 342 379 379 428 428 428 540 568 568 
30 30 30 203 
203 203 203 301 
288 471 471 471 556 556 556 
27 27 27 203 338 338 681 
533 
372 516 516 
118 118 118 118 118 207 207 478 478 478 
18 18 18 18 18 
16 16 73 73 400 400 432 556 645 645 670 741 741 
102 395 395 395 
110 110 339 733 
294 294 298 298 298 
261 261 261 355 415 415 618 618 
118 122 122 122 
26 26 88 88 342 342 
108 323 421 
50 50 50 189 
337 337 337 456 
212 212 212 253 
459 459 
5 221 
588 658 
351 351 351 351 368 368 368 601 613 687 
43 43 43 312 711 
203 203 342 342 342 342 342 666 
583 583 583 
5 
171 
375 623 644 
64 86 86 156 156 239 239 242 255 388 503 713 713 713 
16 16 102 102 102 102 
203 265 265 265 265 265 
245 245 365 405 405 405 
106 156 156 156 156 
444 
517 599 599 
292 292 292 488 
56 156 222 222 222 223 223 223 239 255 255 
2 2 117 381 637 637 
395 412 412 
22 22 22 22 159 159 159 159 213 213 232 305 354 354 383 446 446 446 521 521 523 527 
75 108 639 739 
130 720 
307 387 387 387 387 716 
237 625 
113 113 113 113 170 257 381 381 
35 35 142 142 142 741 741 
519 519 519 519 
68 182 182 570 
402 
352 
16 16 16 473 473 
5 5 239 340 406 406 406 406 448 448 451 594 594 
154 154 163 163 163 241 241 622 622 660 660 660 730 739 739 753 753 753 753 
8 10 10 10 170 170 195 195 257 257 300 343 422 435 435 443 607 
739 
117 228 342 417 500 680 
225 225 

56 56 
229 229 284 684 684 
41 41 224 444 
281 281 633 633 633 
555 555 555 555 555 739 739 739 
472 569 569 569 665 733 733 733 
279 589 
8 205 312 312 312 452 475 
184 212 212 679 
399 672 672 726 
254 470 
342 667 
366 366 
5 5 
342 
5 367 
36 57 57 57 57 
130 342 342 704 704 704 
416 498 741 
467 721 727 727 727 
60 156 156 
283 544 544 588 588 588 
42 68 312 312 668 710 739 
398 398 398 512 607 607 607 666 666 666 666 
37 37 733 733 749 749 749 749 
157 577 577 577 
307 
72 72 72 72 257 257 312 701 701 
428 428 547 547 547 675 675 675 
5 5 5 213 405 405 405 635 635 700 
213 431 431 431 
2 65 83 192 192 224 224 224 277 277 317 317 342 342 381 381 381 677 677 677 750 750 
5 33 33 33 33 33 40 122 348 348 348 370 478 478 
424 434 

642 642 642 642 642 739 739 739 739 
40 40 40 118 565 
215 354 354 456 456 456 456 469 469 
534 
171 490 490 490 496 496 709 709 709 
289 289 584 737 737 737 
507 507 637 658 729 748 748 748 
614 614 626 626 626 
203 552 592 592 592 592 592 
69 103 342 466 466 466 466 
637 
213 595 
739 739 739 739 
158 616 616 616 616 616 
326 326 326 
274 739 739 755 755 755 
748 748 748 748 
1 313 708 
687 739 739 
202 387 387 
315 315 315 315 455 455 
73 73 73 702 702 728 728 741 

5 163 163 163 484 506 614 614 
493 
207 588 588 588 765 765 765 
5 5 5 354 354 354 354 527 527 651 651 651 651 654 
568 568 
525 667 667 667 
16 16 214 214 457 457 611 611 629 
413 
650 739 739 739 
192 317 317 
80 80 
289 
56 56 60 60 60 60 64 106 106 239 239 239 280 460 463 590 747 
111 203 203 263 263 263 341 520 578 720 720 
134 438 725 
13 13 13 13 67 67 67 67 238 304 304 362 409 409 409 640 710 710 730 730 730 730 
342 342 342 520 
254 254 254 254 254 522 522 522 
278 278 561 
5 5 5 80 80 80 144 144 144 353 409 484 484 730 730 
393 579 581 581 581 
584 
221 221 447 
203 203 203 247 
0 0 586 586 586 586 
320 320 415 415 415 587 703 703 703 
72 81 81 206 206 331 331 331 331 435 435 599 599 599 599 
5 54 125 
294 
429 
5 5 5 654 
254 254 489 667 667 667 
504 504 504 595 595 
342 687 739 
4 208 208 208 357 357 

739 739 
532 745 745 
75 75 197 197 
343 343 343 
94 546 679 
26 696 739 739 
22 22 22 22 333 547 

742 742 742 
43 449 449 449 
24 402 558 622 657 657 739 739 739 748 
247 
117 117 153 317 
464 464 674 
5 210 210 
81 81 312 422 422 422 
541 541 577 
182 182 543 544 544 589 605 605 605 668 668 695 695 695 
16 16 416 416 601 601 602 602 664 664 664 
203 253 253 253 253 516 
532 532 696 
213 242 242 442 667 667 
140 244 244 244 244 723 
26 27 28 28 28 30 51 51 58 129 157 157 167 167 167 199 253 253 253 262 264 266 290 322 322 341 341 341 342 377 377 386 386 399 423 482 540 540 540 544 544 544 555 555 555 570 570 577 577 577 592 625 625 644 648 681 715 715 
542 542 542 
93 343 739 739 739 
170 170 562 599 599 661 661 661 
33 33 146 620 620 620 620 633 633 655 655 655 
178 178 178 247 
246 342 626 
5 5 5 194 194 446 725 
286 286 286 
45 45 45 94 94 253 
5 5 67 67 115 116 132 201 222 225 225 234 273 373 373 388 446 498 504 504 593 595 620 620 624 646 646 656 656 689 719 760 
7 7 16 16 16 150 150 395 395 395 
123 354 354 456 456 456 
5 5 
290 648 648 648 
23 23 23 
227 227 559 596 
324 
5 5 5 5 47 166 166 387 
64 64 64 213 401 401 401 471 719 719 
64 64 64 255 255 
88 117 117 117 336 336 336 336 342 381 381 381 438 750 
84 84 213 213 273 275 275 299 299 299 299 334 334 334 334 527 527 542 542 542 593 659 659 659 659 738 738 738 
428 428 675 675 675 
219 219 366 366 559 559 559 596 596 
83 
87 87 284 284 
482 482 
264 264 398 
67 

213 367 367 367 595 595 

737 737 739 
71 
159 
5 5 56 56 64 79 156 156 156 242 242 408 408 594 766 766 

80 80 293 312 312 315 315 315 455 739 745 745 745 
56 201 201 239 239 503 503 713 713 760 
245 428 428 428 482 
202 202 202 202 
59 59 243 
209 337 456 
167 191 208 341 752 752 752 

748 748 

364 364 364 364 364 371 371 371 371 419 419 419 506 506 506 523 523 523 
10 10 705 705 
45 199 199 199 199 203 203 203 212 377 518 
96 161 161 161 161 161 175 175 372 372 372 372 435 489 667 
56 64 64 223 223 
679 679 679 
10 10 10 72 81 81 113 113 371 529 696 701 701 721 
16 16 379 379 379 379 379 696 739 739 
278 740 740 740 740 
397 397 
39 39 39 287 333 333 333 355 401 401 401 415 541 541 633 633 655 
203 723 
157 157 157 626 626 626 
203 231 231 328 328 
10 58 58 58 58 58 688 688 727 727 727 739 739 
203 462 462 568 
366 725 
298 
284 284 372 372 474 548 548 
286 286 286 
535 535 
5 5 5 466 466 466 466 523 523 523 
213 225 334 334 446 659 760 760 
10 10 136 445 445 705 705 705 739 
225 225 542 
483 718 
117 117 413 577 577 577 
162 162 259 287 287 364 404 432 432 432 476 476 476 522 522 600 600 600 
92 312 
156 
89 89 
2 
107 399 726 726 
87 229 229 269 269 548 548 548 674 674 674 
10 10 10 715 715 715 715 
211 211 211 270 270 270 335 335 335 464 
261 278 278 746 746 746 746 746 
29 667 667 
126 126 155 388 388 388 388 548 582 582 582 
203 217 648 648 
703 
63 63 63 366 366 366 739 739 
241 
38 38 172 298 341 341 341 341 341 636 691 691 691 692 692 692 739 739 739 739 
321 321 321 321 321 342 488 488 731 731 
16 16 16 326 326 376 424 473 473 475 479 505 
556 556 556 680 
38 38 38 268 294 319 642 642 671 696 739 
225 225 225 225 363 363 363 406 498 498 498 626 
10 10 10 10 81 422 422 
28 630 630 723 
355 355 355 393 
26 26 26 26 428 428 578 652 
159 159 409 409 575 575 
67 
658 
5 5 5 70 112 604 604 693 716 716 736 
638 638 
691 
361 515 515 515 515 607 
26 385 579 715 715 
24 24 50 93 93 93 108 108 113 195 241 241 279 342 342 342 381 402 701 711 711 711 739 739 
138 708 708 708 
575 
141 141 141 141 241 241 241 378 378 378 620 620 620 
585 
117 117 153 153 192 564 

15 15 15 15 298 355 707 
169 169 508 736 736 
16 16 295 295 295 295 295 548 548 
203 203 
42 421 
220 662 708 708 
708 708 
135 135 135 296 296 505 505 
741 
26 264 264 377 377 
563 563 563 563 
601 664 664 
170 170 170 170 
577 
16 16 186 261 261 261 364 364 386 386 547 547 547 601 626 633 633 658 658 702 702 
225 225 225 225 273 273 
286 286 286 
224 224 224 224 
44 44 44 246 465 465 465 704 
30 30 609 609 
37 733 733 733 
79 448 448 
157 203 203 203 247 294 294 294 294 294 464 464 483 544 544 578 578 578 684 706 720 720 
26 26 26 41 41 51 51 51 51 51 83 97 100 103 103 117 117 130 160 160 160 177 203 209 224 295 312 312 312 399 399 428 428 465 465 532 532 532 539 643 643 653 667 667 667 667 683 704 704 731 731 739 739 754 762 762 
8 81 183 183 183 205 433 433 585 585 640 640 729 729 729 729 729 761 761 
466 
691 691 
632 632 632 
592 
5 5 118 118 118 562 562 661 661 661 
427 427 427 
622 622 753 753 753 753 
49 49 49 49 
20 77 412 412 412 472 526 
163 
67 67 123 123 147 147 147 147 215 215 527 527 
39 261 302 302 302 319 
621 712 712 
4 4 178 178 
424 621 621 621 
461 461 

310 561 561 561 561 611 611 
159 432 
299 299 299 406 406 406 495 498 498 530 530 530 576 576 763 
251 251 251 251 251 278 333 333 515 515 
59 
98 98 227 227 267 292 292 292 470 510 725 739 751 
5 101 234 234 234 719 719 742 742 
49 49 49 512 512 
617 648 705 705 705 
5 118 
251 251 251 251 257 523 523 523 658 658 658 690 
32 254 254 254 254 269 269 548 548 
213 213 595 595 
544 544 544 
55 
12 12 16 16 16 296 
203 203 253 328 328 425 617 617 617 648 697 
16 16 16 315 315 315 
26 26 258 258 258 258 258 
569 569 569 569 
10 10 10 10 65 72 72 117 117 117 224 224 224 312 
5 413 413 413 582 582 739 
67 523 756 756 756 
728 728 
311 
25 203 203 333 333 449 449 449 449 
5 5 70 70 70 70 140 140 221 649 649 649 716 
56 213 289 289 289 289 696 696 696 739 739 
739 739 739 739 
16 16 591 591 601 601 601 
429 574 723 739 

164 302 544 544 625 634 
16 16 429 429 
5 5 36 36 36 66 214 214 214 633 

260 260 
109 109 109 231 667 
95 203 283 342 342 
35 35 
222 222 222 261 261 261 
76 190 312 657 657 739 739 739 
448 448 758 
278 477 522 522 
6 59 59 59 115 115 115 635 
79 79 79 79 299 363 363 363 498 
421 591 
239 239 
159 159 159 163 304 304 640 640 640 
546 546 
455 
66 66 352 352 352 
151 277 382 382 382 558 558 739 739 
589 589 633 633 
39 39 169 169 169 261 
19 19 19 19 104 198 198 602 
83 500 500 500 646 646 
511 511 739 739 
5 5 251 251 251 693 
633 633 633 708 708 
42 323 407 549 
81 195 195 195 300 300 571 571 
203 
119 296 358 473 473 473 621 
377 617 617 617 617 
498 
2 349 349 349 
26 26 26 114 114 226 226 243 243 243 303 303 342 342 478 508 508 566 566 652 652 754 754 
16 173 391 394 394 
499 499 499 
116 116 116 
35 278 278 278 362 677 740 740 740 
343 343 
119 595 595 699 699 699 699 
81 81 170 170 254 634 634 634 634 

672 672 739 739 
158 224 758 758 
569 569 569 569 
646 646 662 662 733 733 

16 16 201 626 626 629 629 629 629 629 747 747 747 
81 551 
61 88 489 704 704 
274 274 
67 67 67 210 213 273 503 523 523 523 760 760 760 
166 
5 5 5 79 79 340 340 403 403 
25 25 25 189 189 189 386 386 386 386 733 733 753 
748 
5 79 537 
93 633 633 
720 720 
626 626 
141 141 241 411 532 
25 25 25 25 44 123 123 123 123 215 215 215 246 
150 150 583 667 
490 490 490 
46 46 545 545 549 612 612 612 
156 
359 359 710 
266 266 
156 
193 193 286 341 341 
337 337 337 342 342 
5 5 5 17 130 130 130 130 272 272 272 272 344 
105 

123 123 
96 366 
29 29 29 222 
91 352 526 526 526 
16 16 16 78 78 296 296 424 424 424 642 642 
269 554 554 554 554 761 
93 296 
278 278 278 633 739 739 739 739 
404 499 499 499 499 
33 33 33 118 118 428 
296 

23 501 501 722 722 722 722 722 
203 230 230 243 
276 341 
5 5 144 163 163 623 
16 626 

558 558 
5 5 63 295 295 
6 6 6 175 254 444 497 497 497 497 497 639 639 667 667 667 704 704 704 704 
125 125 125 458 458 458 
503 
16 
145 548 739 

363 601 693 695 695 695 
125 125 
489 489 489 489 489 664 664 664 695 695 695 
104 213 299 299 299 363 363 406 426 
430 430 430 477 477 477 477 
83 417 417 417 688 
23 23 481 481 
667 667 697 697 697 697 697 
56 242 242 446 491 605 
176 176 176 213 213 595 
16 296 326 326 
5 5 144 251 251 251 
127 127 664 664 664 693 695 
320 428 428 566 566 
633 633 
366 
418 418 
109 368 368 
703 716 
529 529 
310 310 310 310 364 364 
32 32 199 615 638 638 638 
62 599 599 
253 
74 74 74 74 705 705 
157 160 720 
22 67 67 565 
161 161 161 278 278 404 404 
67 251 251 251 272 272 272 371 371 371 383 446 446 446 
696 716 
149 716 
352 472 472 472 
67 147 147 225 225 354 354 710 710 710 

10 10 10 257 514 514 596 596 596 649 705 705 
363 363 363 576 763 
5 
181 200 200 342 342 342 455 696 696 696 717 717 739 739 745 745 
31 
124 
271 271 

5 451 
21 563 742 742 742 
342 
26 203 203 203 
196 196 261 261 
204 204 204 225 225 225 275 593 593 738 
197 695 
107 107 197 197 203 203 203 341 341 374 374 374 393 393 
459 459 612 612 643 732 732 732 
184 410 410 643 
16 114 114 114 186 333 333 333 563 563 573 702 702 702 
3 16 269 269 284 284 284 289 321 321 372 372 493 739 
421 459 
741 741 741 
443 637 637 637 
129 
2 2 16 16 
474 474 474 474 697 
90 90 90 90 90 203 203 203 
29 29 29 35 297 297 297 
5 21 21 21 622 622 662 739 739 739 
190 413 413 487 487 632 632 
219 227 227 227 

16 16 162 361 361 361 361 615 
206 348 348 661 661 
329 329 329 329 538 547 547 669 669 742 742 742 742 
317 613 613 
122 521 715 715 763 763 
428 428 508 508 
5 651 663 663 663 
26 26 148 148 266 615 615 615 
16 16 16 16 91 91 91 380 380 380 380 439 439 439 439 615 615 
75 203 203 660 660 
422 422 
598 678 678 678 756 
547 
10 16 391 739 739 
304 304 314 613 613 613 613 
363 363 530 
111 111 111 196 203 203 203 277 277 277 332 603 603 
157 303 341 341 341 
164 311 602 602 602 757 757 
594 601 601 601 766 766 766 
164 164 164 706 
9 289 289 289 382 382 632 737 737 737 737 
52 52 52 457 739 739 
126 165 636 636 
316 343 343 642 743 743 761 
168 168 168 168 
169 658 
48 107 107 107 146 146 146 
92 197 414 414 633 633 633 
156 757 
16 16 16 390 390 407 601 
129 129 129 129 129 203 347 
213 225 542 542 662 
5 5 79 79 239 580 
132 176 176 213 234 234 373 373 434 434 504 728 728 728 
219 227 227 529 529 529 693 693 693 693 725 725 

572 624 
10 10 10 10 62 62 170 170 170 170 206 206 517 517 
16 278 278 278 
16 16 16 49 198 198 330 333 390 390 390 495 580 580 580 591 602 613 613 613 660 660 664 664 695 695 730 730 
198 198 416 579 579 579 601 
577 577 
307 307 
197 197 197 503 

81 109 109 109 310 
649 
338 338 
686 
16 150 150 361 361 
459 459 459 545 545 
49 564 564 575 575 575 575 601 601 601 746 746 
128 128 144 144 695 
516 561 568 568 568 569 569 
134 134 134 134 134 725 
369 377 377 377 425 425 425 425 
39 39 
694 
207 207 207 207 213 213 315 315 315 
356 358 358 358 424 
80 80 190 350 350 557 557 650 739 
5 55 484 
16 16 213 598 
71 203 203 393 
16 16 16 21 21 128 128 128 209 263 263 263 299 333 442 442 454 454 485 
667 667 667 

150 442 442 442 442 442 
301 301 
714 714 714 
346 346 346 558 558 582 739 739 739 
3 16 16 89 89 89 207 207 261 261 333 333 395 414 414 420 420 420 452 452 476 509 509 589 589 589 708 708 
393 435 435 435 435 669 669 669 669 
5 5 5 115 115 405 759 
294 584 584 671 671 
65 65 127 131 551 551 551 
308 308 516 516 516 
5 5 68 489 489 667 667 
159 343 343 409 409 409 

121 121 121 121 121 298 298 473 473 585 739 739 
342 342 545 546 
55 203 
35 35 735 741 
213 213 417 417 440 440 653 
730 730 730 
203 217 217 217 290 290 369 377 
387 387 387 529 608 
21 21 21 152 622 
5 147 147 147 147 567 654 654 
303 428 428 
342 646 
5 147 174 651 651 
207 207 207 261 
213 213 
190 190 402 402 
48 127 306 333 333 371 371 371 587 674 674 690 690 690 
225 225 225 225 273 
80 80 80 570 570 601 601 
206 206 206 348 348 348 562 562 
324 440 440 557 593 733 733 756 756 
5 567 567 567 682 
198 198 198 330 330 497 497 497 507 507 507 601 601 695 695 
91 679 
51 109 109 109 109 
97 149 149 149 175 175 175 201 201 254 288 288 342 342 342 342 398 457 489 489 489 502 502 627 627 627 639 639 739 739 762 762 
108 197 197 739 
6 6 563 563 634 634 634 634 
35 
298 636 636 686 
95 95 437 437 
674 674 674 674 674 
193 284 284 284 658 658 673 673 673 673 673 690 690 690 
114 114 114 226 226 226 684 

117 117 117 432 
572 572 572 
94 184 256 256 256 665 
83 297 
30 203 
5 663 
342 
87 87 341 675 
748 748 748 
610 671 
49 139 177 737 739 
265 265 500 739 
213 739 739 
371 658 658 658 674 674 674 
294 294 294 309 345 345 
294 294 294 
307 419 495 507 596 596 596 596 
619 
197 197 197 495 495 495 497 497 497 507 543 601 601 614 664 664 
185 200 257 258 298 388 388 388 524 532 532 532 717 739 739 
377 502 502 502 502 502 554 
725 725 
434 434 434 434 
5 5 5 115 
113 113 257 257 312 705 
142 142 333 333 547 547 547 
169 169 169 291 513 716 
103 103 103 337 342 342 444 444 489 489 489 489 
252 252 274 274 274 369 369 369 519 519 529 529 701 755 755 
341 581 
15 319 
1 1 1 138 313 313 313 324 324 325 325 420 420 633 633 733 733 733 749 749 753 753 753 756 756 756 
16 16 125 125 125 
108 159 159 461 527 527 527 
50 312 312 312 
356 356 
56 56 56 242 242 
631 631 631 739 739 739 
203 203 285 285 285 285 311 311 565 565 
70 307 307 387 513 524 525 703 
532 532 696 
276 
5 11 213 222 222 367 367 
69 157 157 341 341 453 453 520 
105 257 
481 481 481 481 481 
202 262 301 391 
16 
158 210 267 366 596 596 616 698 698 
95 283 283 
105 105 105 265 265 265 
142 142 384 384 595 595 595 
127 343 343 343 343 343 
80 159 159 159 159 163 163 601 601 647 647 647 
295 295 342 342 
545 545 545 
37 91 91 91 110 110 339 339 339 440 440 449 449 662 662 708 708 708 749 749 753 756 

645 
307 320 320 
126 126 126 236 236 582 582 582 582 687 739 
225 225 225 542 
5 10 10 14 14 16 16 16 17 68 80 80 82 90 90 90 108 121 121 121 121 133 133 133 133 136 136 139 139 152 152 152 177 180 180 185 185 190 190 190 205 205 205 236 241 258 258 265 265 274 292 292 294 294 294 294 298 312 312 342 342 366 382 388 388 389 389 389 389 391 402 402 402 413 413 418 418 437 437 476 476 476 476 493 532 532 548 557 557 557 574 574 583 583 622 632 632 632 642 642 667 667 668 687 688 689 689 696 696 714 714 714 737 745 748 751 751 751 
259 259 259 259 432 432 432 
7 16 16 35 35 73 73 104 142 327 550 550 550 645 
188 188 188 367 367 538 538 538 563 563 563 563 
585 585 
765 
181 181 241 241 241 532 532 739 
287 287 287 287 287 613 613 
156 442 442 442 
127 127 127 137 137 137 137 190 249 249 450 685 685 685 739 
110 110 110 110 708 708 733 733 
117 117 224 
366 739 739 739 
247 247 247 
25 25 80 80 80 80 350 350 350 350 449 708 708 708 733 
342 428 428 
136 136 136 705 705 
383 383 383 572 662 662 708 708 708 733 
579 579 590 
403 438 438 
5 5 5 635 
213 242 273 273 446 446 446 
343 343 474 585 
342 342 667 667 
363 530 565 565 
9 
146 146 146 744 
239 239 580 580 580 
5 
