nodes: 768 edges: 1447

708 
117 427 553 553 
548 633 
178 247 341 357 357 
6 47 59 79 79 99 101 115 118 144 147 147 147 163 171 174 194 213 213 221 221 239 240 272 272 272 307 307 367 395 395 395 419 419 466 484 484 488 506 537 567 594 594 594 598 639 651 654 663 682 719 739 759 
5 254 489 489 669 669 
214 214 214 741 741 

124 124 124 582 582 764 
81 257 257 265 274 300 381 381 381 445 514 529 529 574 599 599 599 

16 
159 159 159 159 159 238 
739 739 
296 319 376 707 
12 18 35 57 57 78 150 198 198 214 278 278 296 321 321 321 333 376 378 378 390 390 394 429 473 547 548 561 569 569 591 591 591 600 601 611 611 624 624 626 626 626 633 633 702 702 724 739 739 741 
466 
16 34 727 741 741 741 
416 
352 
128 538 557 626 626 650 650 
67 67 67 186 186 521 
218 501 

386 449 456 456 753 753 753 
203 203 303 311 311 342 342 342 379 379 379 379 428 428 462 568 
30 203 
203 301 
288 288 288 471 556 556 556 
27 203 203 203 338 338 681 

516 
118 207 478 
18 
16 73 287 287 287 400 741 741 
102 102 352 395 412 450 
110 

261 618 
118 
88 
48 108 108 108 323 
50 50 585 
337 
541 

5 
42 658 
351 368 601 601 601 601 
43 43 711 
203 342 666 
583 583 

171 600 
144 375 375 375 623 
64 156 156 177 239 239 242 255 255 503 713 713 713 
16 16 102 492 
203 203 203 265 265 
5 245 245 245 405 
156 

517 517 
488 
56 222 222 222 223 239 255 
117 117 551 
395 412 
22 22 22 120 159 159 159 213 213 260 354 354 354 383 446 521 523 527 
739 
157 157 286 286 
387 
237 
113 381 381 
35 142 142 741 
406 
182 182 502 
402 402 402 

16 473 
5 5 239 340 406 406 573 594 594 594 597 
141 241 660 730 730 739 753 753 753 753 
10 170 195 312 312 312 343 422 433 435 435 443 443 599 607 
739 
117 228 643 667 680 




41 224 224 
281 281 281 
555 739 739 
472 569 569 665 665 665 665 733 733 

279 279 312 
253 679 
399 672 672 726 
470 627 627 


5 727 
342 
5 367 367 
36 36 57 
342 618 704 
741 
529 721 727 

544 588 588 
42 42 42 312 668 739 
203 203 607 666 
37 749 749 749 
157 577 577 577 577 
307 307 
72 257 312 312 312 701 
547 547 547 675 675 
5 213 405 700 700 

2 65 65 83 192 277 277 317 342 342 381 551 628 628 677 750 
5 33 40 370 478 
424 
67 
642 642 739 
565 565 
456 456 456 
9 9 9 582 582 
490 496 
737 737 
507 658 658 658 658 748 
21 614 
552 592 
512 
637 
595 595 
739 739 
158 158 616 
326 326 326 326 
739 755 755 
748 
313 

368 387 387 716 716 
80 315 612 699 
73 73 702 728 728 741 

5 55 163 392 506 614 
523 
207 207 588 765 
5 5 5 354 354 527 527 651 651 654 


16 214 214 611 611 

650 739 739 
317 339 

289 
56 56 60 239 239 399 747 
69 69 111 203 203 263 520 520 578 
134 134 
13 13 13 13 13 67 67 67 238 304 409 461 461 730 730 
342 
254 254 522 522 522 
278 561 
5 144 409 484 484 730 
579 579 581 
584 
221 447 447 
203 203 247 
586 586 
415 415 587 
81 206 206 331 331 435 435 599 599 599 
5 54 
294 

5 371 
254 667 
595 595 
56 342 687 687 739 
4 208 

739 739 
532 
75 75 197 
343 
256 546 546 

22 22 547 
756 756 756 
742 
288 
622 739 748 748 

117 317 582 
464 690 
5 
81 
203 
182 484 544 589 605 668 695 695 
16 16 416 416 601 602 
203 203 253 253 
524 532 
213 442 442 442 667 667 
244 244 244 635 741 
26 26 27 28 30 30 30 51 58 58 58 109 109 157 157 167 167 196 199 199 253 253 253 262 264 290 301 322 341 341 341 342 342 374 374 377 377 386 399 467 467 482 486 486 540 544 544 555 570 609 609 625 644 648 648 715 715 
542 542 542 
343 739 739 
170 170 661 661 
33 146 146 620 633 633 655 
178 
246 626 
720 
286 
253 
5 5 67 67 115 201 225 225 225 353 373 446 471 498 498 498 504 504 593 593 620 646 646 656 719 719 760 
7 7 7 16 150 150 395 395 741 741 
354 456 
437 

23 262 
227 559 596 

5 5 166 387 
64 64 64 719 719 
64 255 
88 88 336 336 342 381 381 438 
213 213 213 273 273 299 299 334 527 527 593 659 659 659 659 760 
428 675 675 
219 277 
83 

482 482 
264 398 

710 710 
367 367 367 373 

737 739 
71 
13 159 289 
5 56 56 64 79 156 156 580 580 590 594 
5 
80 312 455 468 606 606 739 739 
56 503 
428 
202 202 202 
59 59 59 601 
209 337 342 456 
4 167 341 716 752 752 
708 
748 748 

364 371 419 419 419 506 523 523 523 
705 
94 199 199 203 203 203 212 
6 161 161 175 372 372 667 667 
56 56 64 223 
184 679 679 
10 10 113 371 529 529 696 701 701 721 721 721 721 
379 379 
740 
67 397 397 
39 287 333 401 401 415 415 415 541 541 633 633 
203 218 
157 626 
203 231 328 
10 58 58 688 688 727 

366 725 

284 548 
286 286 
582 582 
5 5 5 523 523 
225 225 334 446 643 659 760 760 
10 705 705 705 739 

718 
117 117 227 413 413 413 577 
16 16 162 287 287 404 404 432 432 432 476 476 476 522 600 600 
93 93 312 
590 
89 89 89 

399 399 588 726 
269 548 548 674 674 674 

69 69 211 270 270 335 335 341 
35 35 35 261 278 278 746 746 
29 29 29 189 627 667 762 
155 238 548 
203 
703 
366 470 470 739 

172 298 341 341 341 341 584 636 691 739 
321 321 321 321 342 
15 16 376 424 424 424 473 473 473 475 475 505 

294 319 366 636 696 739 739 
225 225 363 363 363 498 626 
10 422 422 
28 203 630 630 630 
393 393 
26 428 578 
159 409 575 
446 
658 
5 5 112 112 604 716 
638 638 

361 515 
26 26 579 715 715 715 
81 81 81 93 108 113 113 113 241 279 342 381 701 711 711 718 
138 

141 378 620 620 
343 
117 153 192 564 564 564 
354 360 360 
15 298 355 
508 508 736 736 
16 16 16 295 295 295 295 548 
203 
42 
662 708 708 
708 
135 135 135 135 

264 377 
563 708 
664 664 664 
170 170 544 566 
577 
16 261 364 386 386 547 626 626 633 658 658 702 702 702 
225 273 
286 286 
224 224 589 
44 246 704 
30 30 
153 534 534 733 
79 
4 203 203 203 247 286 294 294 294 294 544 578 684 684 720 
26 26 26 51 100 103 117 117 160 177 203 203 224 246 295 312 399 399 428 444 518 532 532 532 653 653 667 704 739 739 754 762 762 
81 183 205 316 433 585 640 640 729 761 

691 691 

475 
562 661 661 
427 427 427 695 
622 753 753 753 753 
49 
20 36 412 412 412 
213 
67 67 67 147 147 215 318 
319 
621 712 
4 4 
621 621 

318 318 469 
310 561 561 611 611 
432 432 
299 299 299 406 498 498 498 
251 333 515 
744 
267 292 298 470 470 510 725 739 751 
5 101 101 234 234 234 719 719 719 742 
49 140 512 
617 648 705 
118 
174 251 257 523 523 523 658 690 690 690 
254 254 
213 234 
203 203 544 544 
55 55 55 
15 16 296 
203 203 328 425 554 617 617 
16 16 315 744 744 
26 26 26 26 258 258 
569 569 569 
10 10 10 72 72 117 224 224 312 
413 413 582 739 
67 756 756 
728 728 
579 579 
25 203 333 333 449 
70 140 140 221 608 649 716 716 
696 739 
739 
16 16 601 601 
723 739 
144 
302 302 544 544 634 
16 429 
5 5 5 36 66 214 214 682 682 

260 260 515 515 
231 667 
95 156 203 283 283 342 342 
35 
261 261 
76 76 76 
448 758 
278 278 477 
59 115 579 
74 79 79 363 


159 163 304 640 
546 

36 66 352 352 352 
277 277 277 382 382 558 739 739 
589 
169 169 261 261 261 
19 198 198 665 712 
500 646 646 
511 739 739 
5 5 251 251 251 693 693 
633 708 
549 590 
81 300 300 

119 296 296 296 473 473 621 
377 617 617 617 

2 349 349 349 
26 26 226 243 303 342 478 676 
16 394 
499 

278 278 278 362 362 677 677 740 
81 343 
595 699 699 
81 81 170 170 

216 672 672 672 739 739 
224 758 
545 612 
526 662 

201 201 201 626 629 
81 81 551 
342 643 704 704 
10 
67 213 273 305 505 523 760 760 760 
166 166 601 
403 
25 386 753 
36 
537 537 
627 
720 

241 739 
25 25 123 123 123 215 246 
583 583 

612 612 

159 159 
26 594 

193 

5 17 
203 203 727 727 727 
241 
360 
96 292 292 366 366 
29 213 
91 
16 78 296 296 296 424 424 642 
554 
296 296 347 
278 278 278 633 640 739 739 
404 499 
33 118 428 675 


501 501 722 722 
203 230 230 

5 5 163 163 197 580 623 623 

203 203 565 565 
558 
5 63 
6 6 639 667 667 667 704 704 
125 709 

57 
739 
719 
601 693 693 695 695 
125 
664 695 695 695 
213 213 213 299 363 363 363 
430 477 
417 688 
23 481 481 
75 667 697 697 
56 242 
213 213 739 
296 446 
5 144 251 
127 664 693 695 
320 320 566 

366 725 
418 739 739 
130 368 
703 716 716 
10 529 529 
310 364 397 397 
32 615 
62 62 599 599 
342 681 

157 157 
22 67 
161 161 161 278 
67 145 251 251 251 272 272 371 371 371 446 
200 716 

440 733 
67 147 147 225 225 710 710 
669 669 
10 10 105 257 257 514 514 596 596 641 649 705 705 705 
763 

181 200 342 342 342 696 739 739 745 745 

339 339 


5 451 451 
21 563 742 742 

203 
45 261 261 
204 204 204 738 738 

107 197 203 203 331 341 374 374 393 393 
439 612 612 643 732 732 
184 184 410 643 
16 114 114 114 186 333 563 
3 16 269 284 284 289 321 
421 
741 
65 117 443 
129 
2 2 
377 474 697 
90 203 
29 29 29 
21 739 
413 487 632 
219 

16 162 361 361 569 615 
348 
329 538 547 669 742 742 
317 317 317 
122 122 486 486 715 715 
331 508 
5 
26 615 615 
16 16 91 91 380 380 380 561 615 615 
203 660 

598 756 
79 
10 739 
304 
763 
111 111 111 111 277 332 
157 303 341 648 
164 164 311 385 385 405 602 602 
239 239 484 601 601 766 766 766 
164 725 725 725 
9 9 124 124 192 271 271 382 737 764 
52 52 457 457 667 
165 294 
43 343 642 642 642 761 
168 168 
169 649 
107 107 146 283 
197 336 414 633 
239 280 421 757 757 
16 16 16 
129 
213 213 225 
5 5 5 79 79 79 239 462 
132 132 176 176 434 728 
219 529 529 693 693 693 725 725 
79 
5 572 
10 10 10 81 170 170 170 517 517 661 
16 54 278 278 
16 49 49 49 49 198 245 390 390 447 495 580 580 602 602 647 647 660 664 664 730 
198 579 579 601 601 

307 
197 
241 241 622 
81 109 
387 
203 203 681 

16 16 150 150 361 361 
141 439 459 459 545 545 

128 144 
516 561 568 568 569 569 
134 
369 377 377 425 425 425 
39 103 
694 
207 213 315 315 
356 358 358 424 659 659 
190 350 606 650 
55 484 484 
16 16 
203 
16 16 16 21 21 209 263 299 333 333 442 
96 96 288 452 667 
117 117 
442 
301 301 301 
714 
558 
3 16 16 207 207 261 261 333 420 476 589 708 
393 669 
202 
294 298 671 671 671 
131 
308 308 
5 489 667 
343 343 409 476 
529 
121 121 473 585 585 585 739 
83 273 444 545 546 667 
203 
735 
213 213 417 417 
601 601 730 
203 203 369 578 
387 529 587 
21 21 152 622 
5 147 147 

342 342 
5 147 
207 
213 

48 127 127 127 127 306 333 333 371 674 690 
225 225 225 225 273 621 621 
80 570 601 
206 206 348 348 599 
324 440 
5 731 
330 330 330 497 507 601 601 695 
91 91 91 91 416 679 
51 109 
83 175 201 201 254 254 288 342 398 489 489 489 502 583 627 639 643 739 
108 197 
6 6 528 528 563 634 

636 636 636 686 
95 95 437 437 437 
674 674 
284 284 284 658 673 673 690 
114 114 226 226 478 
428 
117 432 432 

94 256 256 665 
83 
30 518 609 
5 395 395 

341 341 706 
748 
671 
177 177 737 
265 265 500 739 739 

193 371 371 371 658 674 
294 345 345 

419 419 495 495 507 596 596 596 
619 
197 197 349 495 495 497 497 497 507 664 
257 298 388 532 739 739 
502 502 554 
725 
141 434 434 
115 115 
113 257 257 312 705 705 705 
16 16 142 333 333 333 
291 513 
103 337 342 444 444 489 489 
252 274 274 274 369 529 529 529 701 701 701 755 755 
684 
15 
1 248 324 324 325 329 420 633 733 733 733 753 753 756 
490 747 
233 233 527 527 
50 312 312 
356 416 
56 56 56 
631 739 739 
203 203 311 311 311 565 565 
140 140 247 307 387 387 513 513 524 

276 312 
5 213 213 222 222 367 367 367 494 
210 341 453 
105 257 257 257 257 
481 481 
391 
16 
267 366 510 581 581 581 596 596 698 
95 283 
18 99 105 265 467 467 467 
142 142 384 384 595 
343 
80 80 159 159 163 601 647 
663 
545 545 
91 91 339 526 708 708 708 753 753 756 756 

645 
320 320 
126 126 236 582 687 739 739 
542 542 
5 14 14 16 16 68 80 82 90 90 108 121 133 133 136 152 152 177 180 180 190 205 205 236 241 241 274 292 294 298 298 342 342 366 382 388 389 391 413 413 418 418 437 437 455 476 476 493 504 511 511 532 532 557 574 642 667 688 688 696 696 714 714 737 737 745 745 
259 432 
7 7 16 18 18 18 35 35 73 104 142 202 214 214 550 
188 367 538 538 563 563 

365 378 378 765 
532 532 739 739 
287 287 
156 709 
127 137 190 190 249 249 685 
110 110 110 
117 
366 
247 247 
25 25 25 80 80 80 80 350 350 350 350 449 708 708 733 733 
342 
136 136 705 705 
187 187 187 383 383 572 708 733 733 
590 590 
403 438 
5 
213 225 273 273 446 446 446 
343 585 
288 342 342 
530 576 
9 582 
146 744 
580 580 580 

