nodes: 768 edges: 1460
168 
138 708 
65 117 117 553 553 
548 633 
247 357 
6 6 17 55 59 99 99 115 144 147 147 147 163 163 171 171 213 213 221 221 239 272 272 307 307 348 348 387 419 419 448 448 451 484 484 506 567 594 594 623 639 639 663 682 719 739 739 759 767 
5 5 405 489 489 669 
214 
81 81 343 
582 764 
81 81 252 257 257 265 274 285 285 300 300 300 300 381 445 529 529 574 599 599 739 739 755 

16 376 
159 159 159 
455 455 739 
319 319 319 376 
12 35 35 35 57 150 150 198 198 214 258 258 278 278 321 376 376 376 376 378 390 390 429 442 473 473 485 547 547 548 553 561 569 569 569 569 574 591 591 600 600 624 626 626 633 633 702 724 739 739 
5 712 
34 34 741 
416 416 

538 557 626 626 650 
67 186 186 260 521 
218 481 501 
190 312 
386 386 456 456 753 753 753 
41 148 185 203 203 311 311 342 379 379 385 428 428 540 540 568 
30 718 
203 203 301 
288 556 556 
27 338 338 681 681 681 

372 516 711 
118 207 
18 18 
16 16 16 73 287 287 287 400 400 400 432 556 556 645 670 741 741 741 
102 412 
110 
294 
261 261 415 618 
122 122 
26 342 
108 421 
50 189 585 
337 337 
212 212 212 541 
459 
112 171 271 
588 658 658 
351 351 601 613 
43 312 
203 203 342 


600 600 
5 144 375 651 
64 156 156 239 255 255 388 503 583 713 713 
16 102 102 
203 203 265 265 
5 245 365 405 405 
156 
444 
599 
198 292 
56 155 222 222 223 223 239 255 255 
2 117 381 381 551 637 
395 412 412 
22 120 159 159 213 213 232 235 354 397 446 446 521 523 527 
75 739 
130 157 157 286 720 720 
307 
625 
113 170 257 
35 741 

68 502 570 667 667 



340 406 406 448 597 597 
154 163 163 241 622 660 660 730 730 753 753 753 
8 8 10 10 170 257 288 312 312 422 422 435 435 607 

117 117 228 342 342 417 643 667 
225 
580 

284 684 684 684 
224 224 224 342 444 
281 
555 555 555 555 734 739 739 739 
569 569 665 
279 
279 312 312 452 
184 212 212 253 679 679 
399 399 672 672 672 726 
470 470 470 627 667 
342 342 
366 
5 5 727 

367 
36 57 57 
618 704 
741 741 
529 721 727 
156 
283 283 588 
42 312 312 710 739 
398 398 398 666 666 
37 
157 157 577 577 
47 
72 257 257 257 312 312 312 
428 675 675 675 
5 213 405 
431 431 
2 2 65 83 83 192 192 212 224 224 277 317 317 342 428 677 677 750 
33 348 370 478 

67 
642 642 739 
40 40 
456 456 469 
534 
171 490 490 496 709 709 
289 289 584 737 737 
507 637 658 658 658 748 748 
614 626 
399 399 592 672 
69 342 342 466 466 

595 595 
739 
158 616 
326 
739 739 755 755 
748 748 
1 313 708 
739 
387 716 716 
315 455 455 612 
702 741 
401 
5 55 163 163 392 484 
493 
207 588 765 765 
5 5 5 354 354 527 527 527 651 654 
26 568 
342 525 
16 16 457 457 611 
686 
650 739 

80 
64 
56 56 60 106 239 399 459 590 
69 69 111 111 203 341 341 520 520 
134 725 
13 13 13 67 67 238 354 409 409 409 461 461 640 730 730 

254 254 522 
278 561 
5 5 80 80 144 144 353 409 452 484 484 504 730 
393 393 579 579 579 579 579 581 581 

221 447 447 447 
203 
0 586 586 
415 415 415 703 
72 81 206 599 599 
5 5 47 125 496 

429 
371 654 654 
489 
504 595 
342 687 687 739 
208 208 
408 489 
739 
532 745 
197 
343 
94 546 546 679 
26 
22 22 
756 
742 742 
43 449 449 690 
24 402 402 558 739 748 

117 117 317 317 582 
464 464 464 674 690 
210 
422 
541 541 577 
182 349 544 589 605 668 668 695 695 695 
16 16 63 416 601 602 664 664 
203 253 253 253 516 648 648 
363 532 532 
442 
244 741 
26 26 28 28 51 51 58 58 157 167 199 218 253 262 266 290 290 301 301 341 341 341 342 374 377 377 377 386 399 399 467 486 486 540 544 544 544 555 555 555 570 570 577 609 644 648 648 715 
542 542 
343 739 
170 661 661 
33 146 633 655 655 
178 178 247 247 625 
626 
194 212 446 725 
286 286 286 
45 45 45 94 94 117 210 
5 5 67 67 115 222 225 225 273 353 373 388 446 504 593 595 620 646 656 689 719 
7 16 395 
354 

648 648 
23 203 262 262 262 
227 
324 324 
5 5 166 387 
64 64 213 401 719 719 
64 64 
88 88 88 117 117 381 750 750 
84 213 213 273 275 299 299 334 334 527 527 527 593 593 659 659 738 738 
428 
219 559 596 
83 
284 284 
482 482 

67 

367 373 595 
67 523 702 
739 

159 
5 56 64 156 408 580 580 594 713 766 766 766 

80 293 312 315 315 455 606 606 739 745 
503 760 
428 
202 
59 601 601 
337 342 
4 208 208 341 341 706 716 752 

748 

364 371 371 371 419 419 
10 705 705 
94 199 199 199 203 377 377 377 518 
161 161 372 372 435 667 667 667 
56 56 64 64 
679 679 
10 10 72 81 113 113 113 721 729 
16 16 379 696 

22 397 435 531 
39 39 287 333 401 541 633 633 655 655 
203 218 218 218 648 648 673 
626 626 

10 58 58 727 727 727 739 
203 568 712 
725 
298 298 
284 284 284 372 372 372 474 548 
286 286 
47 535 535 582 
5 5 466 523 523 523 
213 225 446 760 
10 705 
225 542 
483 718 
117 577 577 
16 16 162 287 364 404 404 432 432 476 476 522 
92 93 312 312 

89 

107 107 399 399 399 726 
87 229 229 269 269 269 674 674 
10 10 715 
69 211 211 211 270 270 335 335 341 464 
35 35 35 261 278 434 746 746 
29 81 667 
126 126 388 388 388 548 582 
203 203 

63 470 739 739 
241 
38 298 298 309 341 341 558 691 691 691 692 692 739 739 
321 321 321 731 
326 326 473 479 479 479 485 
556 
268 268 294 294 366 642 642 686 696 
225 225 363 363 406 
10 10 10 10 
28 203 203 630 630 723 
355 393 393 393 
652 
575 575 

658 658 
5 5 70 693 716 736 736 
638 638 
294 691 
361 515 
26 26 385 579 715 715 
24 50 81 81 93 93 108 108 113 113 113 241 279 279 381 402 402 739 739 
138 708 

141 241 241 620 649 

117 117 192 192 564 
354 354 
15 15 15 355 
508 736 
16 295 295 295 548 548 


220 220 662 678 708 708 756 756 

135 296 296 

377 
708 
601 664 664 


261 364 364 386 601 633 633 658 702 
225 225 
286 286 

44 44 246 465 465 
30 30 563 609 
733 733 
79 448 579 
157 157 203 203 203 247 247 286 294 294 483 544 544 684 684 706 
26 41 51 83 83 88 97 97 117 130 130 149 177 203 246 399 428 428 428 444 532 532 539 539 643 653 667 667 667 667 683 704 731 739 739 762 
8 183 205 433 729 761 
466 
691 691 

475 592 
5 5 118 562 562 570 661 
197 427 427 
753 
49 49 
412 412 472 472 472 526 534 
163 213 
67 147 147 159 215 318 318 469 
302 319 
621 
4 
621 621 


310 561 611 
432 432 
200 299 299 495 498 576 576 
251 278 333 333 515 515 515 
59 
98 298 470 725 739 739 739 751 751 
101 234 719 

648 705 705 
118 
174 251 251 251 523 658 690 
32 254 254 269 269 269 548 548 
213 234 
203 544 544 
55 
12 15 16 16 16 16 
203 203 203 253 253 253 328 425 425 554 
16 
26 26 258 

10 65 65 224 312 
413 739 
523 

26 311 579 
25 25 203 333 449 449 449 449 
5 140 221 608 649 716 716 
56 213 289 289 289 696 739 
739 
16 16 591 591 601 601 
574 614 739 
144 
164 164 302 302 302 544 625 625 625 634 

66 214 633 

67 260 515 515 515 
109 109 109 
95 95 129 129 156 203 203 283 283 283 342 
35 35 35 
143 222 261 
190 190 312 312 657 739 739 

278 278 
6 59 59 115 635 635 
79 79 299 498 

179 239 
159 159 159 163 640 640 
546 
455 
36 66 66 352 352 
382 558 558 739 
589 633 
39 169 169 169 
19 19 198 602 
83 500 646 
648 739 
5 5 251 251 693 
633 633 
42 
81 81 195 436 

621 719 
377 377 617 617 617 
498 498 
349 349 
26 26 114 117 226 243 342 342 342 478 508 652 754 
16 173 553 553 

116 116 
35 278 278 362 362 677 677 
343 
287 595 699 
81 81 254 260 634 634 634 
422 
739 739 
758 
569 
646 662 662 733 

16 201 626 629 629 629 629 747 
551 
61 88 342 643 643 
10 
67 67 210 213 273 503 523 760 
166 166 166 
5 5 79 340 
189 189 386 386 386 386 733 733 753 
748 
5 533 537 
93 163 633 633 
720 

14 14 141 141 241 411 
25 25 123 123 
150 150 583 583 667 
490 490 490 
46 156 545 

159 159 710 


193 193 193 286 
337 337 
130 130 272 344 
203 727 727 

123 354 
96 96 96 292 366 

352 352 352 526 
16 16 296 642 
269 761 
347 
278 278 633 739 739 
499 
118 428 
296 296 296 

23 501 
230 230 
276 341 
5 5 144 163 163 580 623 
16 296 
203 203 565 565 565 
558 610 

6 6 175 179 667 667 
125 125 458 458 458 709 


145 739 
719 
363 507 695 
125 171 
695 
363 406 426 426 
477 
417 
23 481 
75 697 
56 242 446 
163 176 213 595 739 

5 
127 495 693 695 
320 428 566 
633 



703 703 703 
529 
310 364 364 364 397 397 397 
32 199 615 615 615 638 638 711 
599 
253 
705 
157 157 720 
22 67 
161 278 
67 235 272 272 272 371 383 446 
696 696 716 716 716 
149 716 
352 472 
67 147 147 147 225 225 225 710 710 710 710 
563 669 
10 10 105 514 641 649 649 705 705 
576 576 763 763 
260 
181 200 200 342 342 696 696 717 
451 
124 352 
271 271 
643 643 711 
451 
21 563 742 
342 342 
26 26 203 
45 196 196 261 
204 204 275 593 738 

197 203 203 203 341 341 374 374 393 
459 546 612 612 643 
184 184 410 545 643 
16 16 563 573 702 
3 16 269 289 321 321 372 372 

588 741 
65 443 637 637 

2 2 16 429 429 
377 
90 90 90 90 203 203 203 
29 29 35 35 297 
21 
190 294 413 413 487 
227 

16 162 361 569 569 615 615 
348 348 
338 528 538 547 669 669 742 
317 613 
486 486 486 715 
508 
5 651 
26 148 266 615 
16 16 16 16 91 91 439 561 561 615 615 
75 203 203 348 

678 678 756 756 
547 
10 16 391 739 
304 304 613 
363 363 530 530 
111 111 196 203 277 277 603 

164 164 164 164 164 311 340 385 602 602 602 757 
85 239 239 484 601 601 601 
164 164 
9 192 271 289 632 737 
56 457 457 667 739 739 
126 
43 642 743 761 
168 168 
649 
48 107 146 550 
197 414 633 
156 757 
16 16 390 390 601 601 
129 347 
213 225 225 542 
5 5 239 
132 132 176 213 234 434 504 728 728 
227 693 693 693 725 
79 79 

10 10 62 170 170 517 
16 16 54 54 
49 198 245 245 330 333 390 390 580 580 580 591 591 602 613 647 664 695 
198 416 579 579 579 601 
577 

197 
241 241 
81 
387 
203 338 681 
487 
150 361 
141 545 545 
49 564 575 601 746 
128 391 695 
516 516 516 561 561 568 569 569 
134 725 
425 425 425 
39 103 
694 745 
213 315 
356 358 358 424 659 
80 719 
5 484 
16 
71 208 393 393 393 
16 16 21 21 128 209 263 263 442 
96 667 667 

442 442 442 442 
301 301 
714 
582 
3 16 16 207 261 261 333 333 395 414 420 420 452 452 476 509 589 708 708 
393 435 435 435 669 
405 405 759 
671 671 
65 127 551 551 
308 308 516 516 
5 5 667 
159 409 409 
529 
121 121 298 298 473 585 739 
83 342 444 444 536 536 545 546 667 667 
203 
35 
213 417 440 
601 730 730 
199 199 203 203 217 217 262 262 369 418 
315 387 529 529 587 
21 152 
55 147 567 
303 428 
342 
147 174 174 
207 207 261 261 
213 
402 
48 48 127 127 127 306 306 333 371 
225 225 621 
80 80 
206 206 348 
324 440 440 756 756 
5 
198 198 330 330 601 695 695 
91 
109 109 
75 75 83 96 254 254 254 288 342 342 342 342 457 489 489 583 627 627 639 643 643 739 739 739 762 
197 197 
6 528 563 563 634 
35 
636 636 
95 95 95 129 
262 674 674 674 
193 284 284 673 673 673 690 690 690 
114 114 114 

117 117 432 432 
324 572 572 733 
94 94 184 256 256 

30 30 30 609 
5 
342 
87 87 87 341 341 706 

151 298 
177 177 739 
739 
213 
189 193 371 674 674 674 
294 294 294 309 345 345 
294 294 
307 419 507 596 596 596 
619 
197 197 197 495 497 507 601 614 664 664 
258 298 388 524 524 532 532 717 739 
502 
725 725 
434 

705 705 705 
16 142 235 333 547 
169 513 513 513 
103 342 
252 252 274 369 369 519 529 529 701 701 701 
247 341 684 

1 138 313 324 324 329 633 633 733 733 749 753 753 756 
125 125 490 
108 461 527 527 527 527 
32 516 536 
17 266 
56 56 239 
631 
203 285 311 311 565 
140 140 247 307 387 387 524 524 524 525 
532 696 
27 276 
5 213 222 222 367 424 494 622 
69 69 453 520 
105 257 

301 
16 
158 210 267 366 596 616 698 698 
95 283 
99 105 265 265 265 467 467 
595 595 
257 343 
80 80 159 159 163 647 647 
295 342 

339 339 440 449 449 678 708 708 749 753 753 756 
90 
741 741 
307 307 320 
126 126 582 
225 225 542 
5 5 10 10 14 16 16 68 90 90 90 108 121 133 136 136 139 152 177 180 190 205 236 241 265 292 292 294 294 312 312 342 342 366 366 366 382 388 389 391 402 402 413 418 437 437 476 476 493 504 574 583 583 642 667 667 667 687 688 696 745 751 

18 35 35 35 73 104 104 142 202 550 735 735 
188 188 538 563 
585 
765 765 765 
181 241 619 739 
287 287 613 
442 
127 127 137 137 190 249 450 
708 733 
117 224 224 
366 366 739 
247 
25 25 25 80 80 80 350 449 708 708 733 733 
428 
10 136 136 
187 324 324 572 572 662 662 708 733 
579 590 
438 
5 635 
242 273 446 
343 474 585 
342 667 
530 530 
9 
146 146 744 744 744 
239 239 239 
5 
