nodes: 768 edges: 1450
168 586 
708 708 
65 65 117 282 282 553 
633 
178 247 357 
6 47 47 53 53 55 59 79 79 115 118 147 163 174 194 194 210 213 213 221 221 221 221 239 239 240 272 272 307 348 348 348 370 370 382 387 395 419 419 448 451 451 466 488 488 506 506 537 594 635 639 651 654 682 739 759 767 
5 254 489 669 
214 741 
81 81 81 343 724 
582 582 764 
81 81 252 257 257 257 265 274 274 285 285 300 300 300 381 381 381 381 529 529 574 599 
719 
16 376 376 
159 159 159 
455 739 
296 319 319 319 376 707 707 707 
12 18 35 35 198 198 214 258 278 278 321 333 376 376 390 390 394 394 442 479 485 505 547 547 553 561 561 569 569 591 601 601 624 624 626 626 633 633 702 709 724 724 739 739 741 
466 712 739 
16 34 34 741 

352 352 
557 626 650 650 
67 186 186 521 521 
218 481 

386 449 449 753 
41 41 185 203 203 303 303 303 342 342 379 428 540 568 568 712 
30 30 203 
203 
35 288 288 288 471 
27 27 203 338 609 681 681 

372 372 372 516 516 
118 118 207 207 478 478 
18 18 
16 16 29 73 73 287 287 287 287 432 432 556 556 
102 395 
110 110 110 
294 298 
618 618 
122 
26 26 88 342 342 
48 108 108 323 
50 50 50 50 189 585 585 
337 337 337 
253 
459 459 
5 5 112 171 
42 658 
368 601 601 
43 43 43 43 312 711 
666 
583 583 
5 5 
171 
5 375 375 651 
156 177 239 239 255 388 583 713 713 

265 265 265 
5 245 245 405 405 
156 
444 
599 

156 222 222 222 223 223 239 255 499 
2 2 117 381 381 637 
412 412 412 
22 120 120 159 159 159 213 213 213 235 305 354 397 397 446 446 521 523 527 
75 233 639 
157 
307 387 

170 257 381 381 
35 35 142 142 741 
225 519 519 
68 667 


473 
5 5 406 406 448 448 594 594 594 594 597 
141 154 163 163 241 241 622 660 730 730 753 753 753 753 
8 8 8 10 10 170 170 195 257 288 312 312 343 435 435 443 599 599 607 607 607 

117 117 342 417 417 500 526 643 667 680 



229 284 284 684 
41 224 342 
281 281 633 
555 734 739 
569 665 
589 589 
279 312 
203 203 212 212 253 679 679 
726 726 

342 
366 366 


367 367 
36 

416 741 
721 721 727 727 

283 588 588 
42 42 312 312 312 668 739 
203 203 398 398 607 607 666 735 
37 37 37 749 749 
577 
47 
312 312 
342 342 428 428 547 547 547 
5 213 405 635 
431 
2 65 83 83 192 277 317 342 342 342 381 381 628 677 683 750 
5 33 33 348 478 478 478 
424 
67 67 
642 642 642 642 
40 565 565 
215 354 354 456 456 469 
534 
496 709 709 
289 289 737 
507 658 658 748 748 748 
614 
203 552 552 592 592 672 
342 466 512 
637 

739 
158 158 158 
326 326 
739 739 755 
748 748 
708 
739 
202 716 
80 315 315 315 455 455 612 612 699 
73 73 702 741 

163 163 484 506 614 614 
523 
207 588 588 765 765 
5 354 354 354 527 651 651 651 
568 
667 667 
457 457 611 

739 
317 339 
80 
388 
56 60 64 239 280 399 590 590 
69 203 203 263 341 578 720 
134 134 134 
13 13 13 67 67 67 304 354 362 409 409 461 461 710 710 730 730 730 730 
342 
254 
278 278 278 561 
5 80 80 144 144 353 353 409 484 484 504 730 
579 579 581 
584 
447 447 447 
203 203 247 247 
0 586 586 
415 703 
72 81 81 206 331 331 331 331 599 
47 54 496 


5 371 654 
254 
504 
56 342 739 
4 208 208 357 


532 532 

343 
546 679 
26 696 
22 22 333 

742 
43 288 449 449 690 
402 558 739 748 

117 317 317 582 582 
415 464 464 464 674 697 
5 5 
81 422 
203 541 577 577 
484 544 589 605 605 668 668 695 695 695 
16 16 601 601 601 602 602 664 664 
203 253 253 516 516 516 648 
532 532 532 696 
242 442 667 
140 244 741 
26 26 27 28 30 94 94 109 109 129 157 157 167 167 196 199 218 253 253 253 262 264 264 266 322 337 337 341 341 341 342 342 374 377 386 399 399 486 544 544 555 555 570 570 570 570 577 625 625 648 648 715 715 
542 542 
739 739 
170 599 599 661 
33 33 146 620 620 633 633 655 
178 178 247 
246 246 
5 446 
286 
94 94 253 
5 5 67 67 67 115 222 222 225 234 273 353 373 373 446 471 498 498 504 593 593 624 646 646 646 689 760 
7 16 395 
123 456 456 


23 203 


5 5 5 5 387 
64 64 64 213 213 401 401 
64 64 255 
88 336 336 342 381 381 438 438 438 750 
74 213 273 273 299 380 527 527 542 542 593 659 659 659 659 738 760 
675 755 
366 596 

87 284 
482 707 


68 
213 367 367 
67 523 
737 737 737 739 739 739 


5 5 56 56 64 156 242 248 580 580 580 590 594 766 
5 
80 80 293 312 312 315 315 455 455 606 739 
201 239 760 
508 508 508 
202 
59 59 601 
209 209 337 342 456 
4 167 167 208 716 752 752 
239 
748 

364 371 371 419 523 523 612 
10 705 
45 94 199 199 203 203 203 212 
6 161 175 372 372 435 489 667 667 
56 64 223 

10 10 10 72 81 371 529 701 729 
16 379 379 
740 
531 531 531 531 
333 401 401 401 415 633 633 655 
203 648 648 
157 626 
203 203 328 328 
10 58 58 58 688 688 727 
203 462 462 568 568 712 
366 725 

284 372 474 548 
286 
535 535 
5 5 466 523 
213 225 225 643 659 659 
10 10 705 705 705 739 739 
542 
718 
117 413 577 577 577 
16 16 162 162 162 287 287 404 404 600 
93 
156 
89 89 
2 2 
107 399 399 399 399 726 
87 87 229 269 548 674 674 674 
10 10 715 715 
211 270 335 341 464 
35 35 35 35 278 278 434 746 
29 29 29 81 189 627 667 667 762 
126 126 388 388 548 582 582 
648 

739 739 
241 
38 298 341 341 341 584 584 636 691 692 739 
321 342 342 488 731 
15 326 326 475 475 
556 556 
38 294 636 642 739 
225 363 363 498 498 626 
10 10 10 422 
630 715 723 
393 
26 26 26 
159 409 409 575 
67 446 
658 658 706 
5 70 604 716 716 
638 638 638 

515 607 
579 715 715 
50 81 81 93 108 108 108 113 113 241 241 342 342 381 711 718 
708 
409 575 
141 141 141 241 241 378 378 
343 
117 153 192 192 564 
354 360 
15 15 15 
736 
16 295 548 
203 
42 
662 708 708 756 

135 135 296 296 505 

264 264 377 377 377 
563 563 708 
601 664 
170 170 170 170 544 

16 186 261 547 601 633 658 658 702 702 702 702 

286 
224 224 589 633 
44 44 44 203 203 246 465 465 704 704 
30 
153 534 
448 579 
157 203 203 203 286 294 294 294 464 544 706 706 706 
26 26 41 41 83 88 97 114 114 117 117 117 130 160 177 203 203 224 246 295 295 312 312 399 399 428 428 444 444 465 532 532 643 643 653 667 667 704 704 739 739 739 754 
8 81 183 316 433 729 729 729 761 761 


690 
766 
5 5 5 118 570 661 661 
427 427 427 695 
622 753 

20 20 395 395 412 472 472 
163 163 213 
67 123 123 147 147 147 159 318 


4 178 
424 424 621 621 

318 
561 561 611 611 611 
159 432 
299 299 406 498 763 763 
251 515 

98 98 227 267 725 725 739 739 
101 101 234 234 719 742 
49 512 
705 
5 5 
174 251 251 257 523 658 658 
32 32 32 254 254 269 548 
213 213 595 
203 544 
55 55 
12 12 15 16 16 
203 328 328 328 617 648 648 697 
315 315 744 744 744 
26 258 258 
225 569 
10 10 10 10 65 65 72 72 117 117 224 224 312 
5 413 582 582 582 739 
756 
728 
579 
25 203 449 449 486 
5 70 221 649 649 716 716 
56 155 289 289 696 739 

16 16 601 
614 723 

302 625 625 
16 16 
5 36 214 352 352 663 
760 
67 67 515 
109 109 667 667 
156 203 203 283 283 283 283 342 342 

222 222 261 261 261 
190 739 
448 
278 278 
59 59 115 635 635 
79 79 363 
591 

159 159 163 304 304 314 640 


66 66 66 352 
277 382 739 

169 193 261 
104 
83 83 500 500 646 646 646 
511 648 
5 5 251 693 
633 708 708 

195 300 571 571 
706 
119 358 358 473 473 621 621 621 
617 
498 498 
349 349 349 
26 114 114 342 342 478 508 508 508 566 566 754 


116 
35 35 362 677 677 677 740 
343 
287 595 
81 81 254 634 

672 739 
224 224 224 758 758 
569 612 
526 733 

16 201 626 626 629 
81 551 551 
61 342 342 704 704 

67 67 210 213 305 760 760 760 
166 166 166 
5 79 79 340 403 
25 25 189 189 386 386 

5 5 537 
627 633 633 
720 
626 
14 141 141 241 241 739 
123 123 215 215 246 
150 150 583 

46 46 545 

159 159 710 
266 266 

193 193 193 286 341 
337 337 342 
5 17 130 272 
727 727 

123 

29 213 
352 352 
78 424 424 642 642 
269 554 761 
296 296 
633 
499 
33 33 118 118 118 428 675 
16 

23 501 501 722 722 
230 

144 163 163 197 623 
16 
203 386 565 565 565 
558 558 558 558 
5 5 295 
6 254 639 639 667 704 



548 739 
719 719 
693 695 695 
125 171 
695 695 695 
213 213 299 299 363 426 426 
64 477 
83 417 417 
481 481 
667 667 667 

163 176 213 595 595 739 
16 326 
5 5 144 
127 664 695 695 
243 243 243 428 428 428 566 

725 
418 739 
130 368 

529 529 
310 364 397 
32 32 199 199 199 615 638 
599 

74 74 705 
720 720 
22 22 67 565 

67 145 235 251 251 272 371 
696 716 716 716 

83 440 733 
67 147 225 225 710 

10 10 257 514 514 649 705 705 721 721 
576 
260 260 260 260 
181 181 200 200 200 342 342 717 739 

124 339 
271 271 

5 451 719 
563 

26 
196 
204 204 225 225 275 593 
544 544 695 
197 203 203 331 341 374 543 543 
459 612 643 732 
184 643 
16 16 114 114 114 333 573 
269 284 289 321 372 493 739 


443 443 637 
129 129 
2 16 
474 697 
90 203 203 
35 35 297 297 
21 739 
190 487 487 487 487 


16 16 162 361 361 569 615 
661 
329 329 538 669 
317 
122 122 486 486 486 521 705 715 715 715 715 763 
428 428 508 
651 663 663 
26 26 148 266 266 
16 16 91 380 439 561 615 615 
203 203 203 203 348 660 660 660 
422 422 
678 678 
547 
10 
304 314 613 
530 
111 196 196 203 277 277 277 603 
157 648 
164 164 311 340 385 602 602 602 757 757 
239 239 239 594 601 766 
164 725 
9 9 192 192 289 289 382 382 382 737 764 
52 52 56 457 667 667 739 
165 294 294 636 
43 43 642 743 761 
0 168 168 
649 658 
107 107 146 146 
92 92 197 336 633 
156 156 239 
16 407 
129 129 
213 213 225 542 
5 79 79 79 79 239 580 
373 434 504 504 728 
227 693 725 
79 
624 
10 62 81 81 170 206 206 517 661 
278 
16 16 49 49 198 198 198 245 330 333 390 580 602 613 613 660 695 695 695 730 
198 198 579 579 579 601 665 
577 
307 
197 197 
241 
81 81 81 109 109 310 

30 681 

150 361 361 361 
141 141 251 439 545 
575 601 601 746 746 746 
128 144 144 391 695 
516 561 569 569 

377 425 
39 39 
694 
207 207 
358 358 424 424 424 
80 350 
484 
16 16 213 598 
203 203 393 393 
16 16 21 263 299 442 442 454 
288 452 667 
117 
442 
301 
714 
739 
3 16 16 89 207 207 261 261 333 336 420 452 452 476 589 708 708 
435 669 669 669 
5 115 405 405 759 
294 298 584 671 
65 131 551 
308 308 308 516 
5 68 489 489 667 
409 

121 121 121 121 298 473 473 585 
83 273 342 342 545 546 667 667 667 


213 213 213 417 417 417 

199 203 203 262 262 290 377 377 418 578 
387 387 529 587 
21 21 
5 55 147 147 147 567 654 

342 
5 174 651 
207 261 


48 127 127 306 306 333 333 371 371 587 674 674 
225 225 225 225 273 273 
80 570 570 570 601 
206 348 348 562 599 
324 756 
395 567 567 682 
198 198 330 507 
91 602 
51 109 
75 83 149 149 201 254 254 288 288 342 342 398 398 489 502 502 502 583 583 627 639 643 643 643 739 739 
108 197 197 739 
6 563 634 634 634 

636 
129 437 
674 
193 284 284 284 658 658 673 690 690 
226 478 

117 432 432 432 
572 572 
94 94 184 
83 
30 30 609 
5 663 
117 
87 


739 
265 265 
213 
189 346 674 674 
294 
294 
419 495 596 
619 
197 197 197 349 495 495 497 497 497 507 507 543 601 601 601 614 
185 200 388 524 717 717 739 
193 377 554 

141 

257 705 705 
16 142 333 333 333 333 
169 
337 337 342 342 444 444 489 
252 274 274 274 369 519 529 529 565 701 701 755 755 755 
306 341 341 341 423 
15 15 15 230 
1 1 138 313 324 324 329 420 420 633 633 733 733 753 756 756 
16 125 125 
159 159 461 527 
50 312 
17 26 266 
56 56 
631 
203 203 285 285 301 311 311 565 565 565 565 
140 247 307 307 387 387 524 524 524 
532 696 696 
276 312 
11 367 494 494 537 
157 453 520 520 
105 105 529 529 
481 481 
301 391 
8 16 16 
267 366 366 510 581 596 
95 95 283 
105 105 265 467 467 
384 595 
257 343 343 343 
80 80 159 159 159 159 163 601 
295 
545 
440 526 708 708 753 753 756 756 
90 
109 741 
320 
126 236 236 236 582 739 
225 
5 14 16 16 17 90 108 133 136 136 139 152 177 190 205 205 236 236 236 241 274 274 292 292 294 298 342 342 342 366 366 382 388 402 413 437 455 493 504 511 532 548 557 583 632 667 667 668 687 696 737 748 751 751 
259 432 
7 16 18 73 104 142 202 735 
188 367 
585 
378 378 378 765 

287 613 613 613 

127 127 127 137 137 190 249 739 
110 110 
117 224 
739 739 
247 247 
25 80 80 80 80 350 708 733 733 
342 428 
136 226 705 705 705 
324 383 662 708 708 733 733 
579 579 
438 438 
5 635 
213 225 242 396 446 446 446 
343 343 474 585 
288 
363 363 565 
9 582 
146 146 744 
239 347 580 
5 
