nodes: 768 edges: 2390
168 
138 138 138 708 708 708 
65 282 282 553 
214 548 633 
178 247 247 357 357 357 
6 17 47 53 53 55 55 59 79 99 99 99 101 115 115 118 147 147 147 163 163 171 174 194 194 210 210 216 216 221 239 239 240 272 272 272 307 348 367 370 370 395 419 419 419 419 419 448 451 451 466 466 484 484 488 506 594 623 635 635 635 639 639 639 651 654 654 663 663 719 719 739 739 759 759 
5 489 489 489 489 669 
214 214 586 741 741 741 
81 93 343 343 724 
124 124 582 582 764 764 
81 81 252 257 257 257 265 265 274 274 285 285 285 300 300 381 381 529 574 599 599 739 739 739 755 
537 719 719 
376 376 
159 159 
493 493 739 
296 296 319 319 319 319 707 707 
35 57 57 78 78 150 198 198 214 258 278 278 296 296 321 333 376 376 376 378 390 390 390 390 390 394 442 442 442 473 485 492 492 505 505 547 547 547 547 548 548 553 553 561 561 561 569 569 574 591 591 591 600 601 624 626 626 626 633 633 702 702 702 709 724 724 739 739 741 
5 466 466 712 739 
34 34 34 741 741 
416 416 
352 352 
128 538 557 557 557 557 557 626 626 650 650 650 
67 67 186 186 521 
501 
190 312 
386 386 386 449 449 449 449 456 753 753 753 
41 148 148 148 185 203 203 203 303 303 311 311 342 342 342 379 379 379 379 379 385 385 385 428 462 568 568 712 712 
30 203 731 
301 301 328 
35 35 288 288 288 288 288 471 471 556 556 
27 203 338 609 681 
533 533 
372 372 372 516 516 
118 118 118 118 207 207 207 478 478 478 
18 18 18 741 741 
16 29 29 73 73 287 287 287 297 297 400 400 400 556 556 556 645 741 
102 352 395 395 450 
110 339 733 
294 294 298 
261 261 261 355 415 415 618 618 
118 118 122 122 
26 88 88 342 342 342 
48 48 108 108 323 421 
50 585 
337 337 337 
212 212 253 253 541 677 

5 112 171 171 171 221 271 271 736 
42 42 306 588 588 
351 351 351 351 351 368 601 601 601 601 613 687 
43 312 312 312 711 711 
203 203 342 342 
583 583 
5 5 
171 171 171 171 171 600 600 
5 5 144 144 375 375 375 375 375 
64 64 86 156 156 177 239 242 242 255 388 713 713 
16 16 102 102 102 
203 265 265 265 265 
5 245 245 365 405 405 405 
106 156 156 156 

517 517 599 599 

56 56 155 156 156 222 222 239 255 255 255 499 
2 117 381 381 551 637 
412 412 412 412 
22 22 120 120 159 159 159 159 213 232 232 305 354 397 446 446 523 523 
75 233 639 739 739 
130 157 286 286 
307 307 307 387 387 387 716 

113 170 170 170 257 257 
35 35 142 142 142 741 741 
406 519 519 519 519 
68 182 182 285 502 570 667 667 667 

352 352 
16 16 473 473 
5 239 340 340 406 406 406 406 406 448 448 448 594 594 594 594 597 597 597 
154 154 163 163 163 163 241 241 622 622 660 660 730 739 753 753 
8 10 10 170 170 170 195 195 257 288 300 300 312 343 422 433 433 433 435 435 443 599 607 607 
739 
117 117 192 228 228 342 417 417 500 500 526 643 643 667 
225 
580 
56 
229 229 684 684 684 684 
41 41 224 224 224 444 
281 281 281 281 633 
555 555 555 555 734 739 739 
472 569 665 665 733 733 733 
279 
8 205 279 312 312 312 452 475 
203 203 203 212 212 212 679 
399 399 399 672 726 
254 470 470 470 627 627 667 667 
342 
121 366 
5 5 5 

5 367 367 367 367 
36 57 57 57 
130 342 618 704 704 
416 741 741 
467 529 727 727 727 
60 156 156 
283 283 283 588 588 
42 42 312 312 502 668 710 739 
398 398 666 666 666 
37 733 749 749 749 749 
157 157 157 577 577 577 577 
47 307 
72 257 257 312 701 
342 342 428 428 547 547 547 547 675 675 
5 5 213 213 213 405 405 405 635 
213 431 431 
65 83 83 192 192 192 212 224 224 277 277 277 317 342 381 628 628 628 683 683 750 
5 33 33 33 33 40 40 348 348 348 370 370 370 
424 424 
67 67 
98 642 739 739 
40 40 565 
215 354 354 456 456 469 
9 9 381 534 582 
171 490 490 490 496 709 709 
289 289 289 289 737 737 
507 507 637 658 748 748 748 
21 614 626 626 626 
399 552 552 592 592 592 672 
69 103 466 466 466 466 512 512 512 
637 637 

739 739 739 739 739 
158 158 158 616 616 
326 326 
739 739 739 755 755 
748 748 748 748 
1 1 1 313 708 
571 
202 368 387 387 
315 315 612 612 612 699 
73 73 73 702 702 702 702 728 728 741 
401 
55 55 484 506 506 614 614 614 
493 523 
588 588 588 765 765 765 
5 5 5 354 354 354 527 527 527 654 
26 26 26 568 722 
667 667 
16 214 214 611 611 
413 
739 739 739 
317 317 
80 80 
64 
56 56 60 60 60 64 64 106 106 280 280 280 460 590 590 
69 111 111 111 203 203 203 263 263 263 341 341 341 578 720 
134 134 134 438 616 
13 13 67 67 67 67 215 238 304 354 354 362 409 409 409 461 461 461 461 710 730 730 730 
342 520 
254 522 522 522 
278 278 278 278 561 561 
5 5 80 80 80 80 353 353 409 484 484 484 504 730 730 
393 579 581 581 
584 
221 221 447 447 

0 243 243 586 586 586 586 
320 320 415 415 415 703 703 
72 72 72 81 81 81 206 206 206 599 599 
5 47 47 47 54 54 54 54 54 125 496 
294 294 

5 654 654 
254 489 667 667 
504 504 595 595 595 
56 342 687 687 687 687 739 739 
4 208 208 357 357 357 

739 
532 532 532 532 745 
75 75 197 463 
343 
256 256 546 546 679 
26 739 739 739 
22 22 333 731 
756 756 
742 742 742 
449 449 
24 402 402 622 739 739 739 748 
247 
83 117 117 117 317 317 317 582 
464 464 690 690 690 690 697 
5 5 210 210 210 
81 81 312 312 422 422 
203 541 541 541 577 577 
182 484 543 544 544 589 605 668 668 695 695 
16 16 601 602 664 664 
203 203 203 253 253 253 516 516 516 648 648 
363 524 524 532 532 532 696 696 
213 242 442 442 442 442 667 667 667 
140 244 244 
26 26 26 27 30 51 51 58 94 94 94 157 157 157 196 199 199 199 218 218 218 230 253 262 262 262 266 266 290 290 301 301 322 322 337 341 341 341 342 342 374 377 377 386 399 399 467 486 544 544 555 555 570 570 570 570 577 592 592 609 625 625 625 644 715 715 
542 542 
93 343 739 739 739 
170 170 170 599 599 599 661 
33 33 33 620 620 620 655 
178 178 247 247 
246 246 342 626 
5 5 194 194 194 725 
286 286 286 
45 45 94 94 94 117 253 
67 115 115 115 116 201 222 225 273 353 353 373 388 446 498 498 498 504 595 595 620 620 646 689 719 760 760 
3 7 7 16 150 150 395 395 395 741 
123 159 456 456 456 
5 5 437 
290 
203 203 203 262 262 
227 227 227 559 559 596 
324 324 
5 47 166 166 
64 64 213 401 401 719 719 719 
255 255 
88 88 88 117 117 336 336 336 342 342 381 381 438 438 750 750 
84 213 273 273 273 273 275 275 275 299 299 334 527 527 527 527 527 542 659 659 
675 
219 219 219 277 559 559 559 559 596 
83 83 
87 87 284 
203 482 707 
264 398 
67 67 
68 710 
367 367 373 406 595 595 
363 523 702 
622 737 737 737 737 739 739 739 739 739 

159 
5 5 56 64 79 242 408 408 580 580 580 590 590 594 713 766 766 
5 
80 80 293 293 312 312 312 315 315 315 455 455 606 739 745 745 
56 56 201 239 503 713 
168 168 428 508 508 508 
202 202 
59 59 601 
209 209 342 342 456 456 
4 4 191 208 208 752 752 752 752 752 
708 

424 
364 364 364 371 371 371 371 419 419 419 419 506 506 523 523 612 
10 705 705 
45 45 199 199 199 203 212 377 377 518 
96 161 175 372 372 489 489 667 667 667 
56 64 64 64 223 223 
184 184 679 679 679 
10 10 10 72 72 81 113 113 696 701 701 721 721 721 729 
16 379 379 
278 278 740 740 
397 397 397 531 531 531 531 
39 39 39 287 333 401 401 401 415 541 541 541 633 655 
203 203 203 218 218 673 723 
157 157 157 626 626 626 626 
231 328 
10 10 58 58 58 58 727 727 727 739 739 
203 203 462 462 568 568 568 568 712 
366 366 366 725 
298 298 
284 372 372 372 372 548 548 548 
286 286 
47 47 535 535 582 582 582 
5 5 5 466 466 523 523 523 523 523 
213 225 225 225 225 446 643 760 
10 10 705 705 705 705 739 739 
225 225 225 542 
483 718 752 
117 117 117 227 413 413 413 577 577 
16 16 162 162 162 162 259 259 287 287 364 432 432 432 476 476 477 522 600 600 
92 93 
156 156 156 590 590 590 
89 89 89 89 643 
2 2 
107 107 107 399 399 399 726 726 726 
229 269 548 548 674 674 674 
10 10 10 75 715 715 
69 69 211 211 211 270 270 335 335 335 341 464 464 
35 35 35 261 278 278 434 434 434 746 
29 29 29 29 29 81 667 
126 126 126 126 388 388 548 548 582 582 582 582 
203 203 217 

366 366 470 470 739 739 
241 241 
38 38 172 172 298 341 341 341 558 584 636 636 691 692 692 692 692 739 739 
321 321 342 342 342 488 488 731 
15 15 16 16 326 326 473 473 475 479 485 505 505 
35 35 556 680 
38 268 268 294 319 366 487 636 636 636 642 642 671 739 
225 225 363 
10 10 81 81 422 422 
28 28 203 203 467 630 630 630 723 
393 393 
26 26 428 428 428 652 652 
159 409 575 575 
67 
48 658 658 706 
5 70 70 70 112 560 560 604 716 
638 638 638 638 
691 
361 361 515 515 515 607 
26 26 385 579 579 715 715 
24 50 50 50 81 93 93 93 108 108 113 195 195 241 241 241 342 342 381 402 402 625 711 718 718 718 718 739 
138 708 708 708 708 708 
409 409 575 575 
141 141 241 241 241 378 378 378 378 620 620 620 649 
585 585 
117 153 153 192 192 192 564 564 564 
354 360 360 360 
15 15 15 15 298 355 671 707 
169 169 508 736 
16 295 295 548 
203 203 
42 421 
220 220 662 678 708 756 756 
708 708 
135 135 296 296 505 
741 
28 264 377 
708 
601 601 664 664 

577 577 577 
16 186 261 364 386 386 547 547 601 626 626 626 633 658 658 702 702 702 702 
225 
286 286 286 
224 224 224 589 589 589 633 633 
44 44 44 203 465 465 704 
30 563 609 
37 534 534 733 733 733 
79 79 448 448 
157 157 157 203 203 203 286 294 294 294 464 464 544 544 706 706 720 
26 26 26 41 41 41 51 51 83 97 103 114 114 117 160 177 203 203 209 224 224 246 246 295 295 295 312 312 399 399 399 444 444 444 465 465 518 532 532 539 643 643 653 667 667 683 704 704 704 731 731 739 739 739 754 762 
8 8 81 183 205 433 433 729 729 729 729 761 
466 466 
691 691 

475 592 592 592 
5 118 118 118 441 562 661 661 
427 427 
753 753 753 
49 49 49 49 49 
20 20 36 77 77 395 395 412 412 472 472 526 526 534 
163 163 213 213 
67 123 123 147 147 147 159 159 318 
39 319 
621 621 712 
4 4 4 178 178 178 
424 621 621 
461 461 
318 318 318 469 
310 310 561 561 561 561 611 
159 432 432 432 432 
200 235 299 495 498 498 530 576 763 
251 251 251 278 333 515 
59 
98 267 267 267 292 292 298 470 510 510 739 751 751 
5 101 101 101 101 234 234 719 
49 140 512 512 512 512 
648 705 705 
5 5 118 118 118 
251 251 251 251 523 523 523 523 690 690 
32 32 32 254 254 269 269 269 269 548 
213 234 595 
203 544 544 544 
55 55 55 55 55 
12 12 16 16 16 
203 203 253 253 328 617 648 648 648 
16 315 315 315 315 744 
26 26 26 26 26 258 258 
569 569 
10 10 65 65 117 124 224 224 312 
413 413 413 413 582 582 582 739 
523 756 756 756 
728 
26 26 26 311 579 
25 25 25 203 333 333 449 449 
70 70 70 140 140 649 649 716 
56 213 289 289 696 739 
739 739 
16 16 16 16 16 591 591 601 601 601 
574 723 739 

164 302 302 544 544 625 634 
16 429 429 429 429 
5 36 36 214 214 214 352 352 663 682 682 

67 260 260 260 515 515 515 515 
109 109 231 
95 95 95 129 203 203 283 283 283 342 342 342 552 685 
35 35 35 
143 222 222 261 261 261 
190 190 312 312 657 739 739 739 
448 448 448 758 758 
522 
59 59 59 115 115 115 635 635 
74 79 79 79 79 79 234 498 498 
601 
239 239 
159 159 159 163 304 314 314 640 640 
546 546 

66 66 66 66 352 352 
151 277 277 277 382 382 382 382 739 
589 589 589 633 633 
39 39 169 169 169 261 
19 19 104 602 665 665 
83 83 646 646 646 
511 511 739 739 
5 5 5 5 5 251 251 251 251 693 693 
633 633 708 708 
42 323 549 549 
81 195 195 300 300 571 

119 119 250 358 473 719 
617 617 617 617 
498 498 
349 349 
26 114 114 243 303 303 303 478 566 566 566 652 652 
394 394 394 394 553 553 
499 499 
116 116 
278 278 278 362 362 362 362 677 677 677 740 
81 81 81 343 343 
287 287 287 595 699 699 
81 81 634 

216 672 672 672 739 
158 224 224 758 758 758 
545 569 612 612 
526 646 662 662 733 
348 
16 16 16 201 201 201 201 626 626 629 629 629 747 
81 551 551 
88 342 342 342 489 704 704 

67 67 213 273 505 523 760 760 760 760 
166 166 601 601 
5 79 79 79 340 340 403 403 403 511 
25 25 25 25 189 189 386 386 733 
36 
5 5 533 537 537 
93 589 589 589 
720 
626 
241 241 739 
25 123 123 215 215 215 246 246 
583 583 
490 490 
545 612 
156 
159 159 159 159 359 359 710 
26 266 266 594 
182 
193 193 286 286 341 341 
337 337 342 342 
5 5 17 17 130 130 130 130 272 272 344 344 
105 203 301 727 727 727 

123 360 
96 96 96 292 292 366 
29 29 
91 352 352 526 526 
16 78 78 296 296 424 642 
554 554 554 
93 296 347 
278 278 633 633 633 640 739 739 739 
278 499 
33 33 33 428 
296 
532 
501 501 722 722 722 722 722 
230 
276 
5 5 144 163 163 163 197 623 623 623 
16 296 626 626 
203 565 565 565 565 
298 558 610 
5 295 295 651 
6 6 6 6 175 254 254 444 497 497 497 497 639 639 667 667 667 667 704 704 704 704 704 
125 125 125 458 458 709 
503 
16 16 
14 14 145 548 727 739 739 
719 
363 601 693 695 695 
125 171 
489 489 489 489 664 664 695 
213 213 213 363 363 406 406 426 426 
64 430 430 477 
83 83 
23 481 481 
75 108 667 697 697 697 697 
242 491 
163 176 176 213 595 595 595 
16 16 296 296 326 446 
5 144 144 251 251 
127 127 664 664 693 693 695 695 695 
243 243 243 320 
633 
366 366 725 
418 418 448 739 
130 130 130 368 368 368 368 
703 703 
529 529 529 
310 310 310 364 397 397 397 397 
32 32 199 199 199 615 615 615 711 
62 62 599 599 599 
253 342 
74 74 74 74 
160 720 720 720 
22 
161 161 161 278 404 
67 67 145 235 251 251 272 272 272 272 272 371 371 371 371 383 446 
200 200 696 696 716 716 
716 716 
83 352 352 440 472 472 733 
147 147 147 225 225 225 225 225 710 710 710 710 710 
563 669 669 669 
10 105 514 514 514 596 596 649 705 721 721 766 
363 576 576 576 
260 260 260 260 
181 181 181 181 200 200 200 342 342 480 717 717 739 739 739 745 745 745 
31 31 451 
124 339 339 352 
271 271 
643 643 711 
11 451 451 719 719 719 
21 563 563 742 742 742 742 
342 

45 196 196 196 261 261 261 
204 204 225 275 593 593 593 738 
197 544 695 
197 197 203 203 341 341 374 374 374 393 393 543 
439 459 546 643 732 732 
184 184 410 410 545 643 643 
16 16 16 16 114 114 114 114 333 333 563 563 563 702 702 
3 16 16 269 269 269 284 284 289 289 321 372 493 739 739 
421 421 
741 741 741 
65 443 443 637 637 
129 129 399 
2 16 16 429 429 
474 474 474 697 
90 90 90 90 203 203 
29 29 35 35 35 297 
21 21 21 21 21 622 626 739 739 
294 487 632 632 
219 219 227 227 227 227 
307 307 
16 16 16 162 162 361 361 361 361 569 569 569 615 615 615 
348 661 661 
338 528 538 538 547 547 547 742 742 742 742 
317 317 317 
122 486 486 486 486 705 715 715 715 715 763 
428 428 428 
651 663 663 663 
26 26 148 266 266 266 266 615 615 
16 16 91 380 380 439 561 561 561 615 615 615 
75 203 203 203 203 660 660 660 660 
139 422 
678 678 678 678 678 756 756 

10 16 391 739 739 
304 304 314 314 613 613 613 
363 530 530 530 
111 111 111 111 196 196 203 277 277 332 332 332 603 
157 648 
164 311 311 385 602 602 602 757 757 757 757 
85 239 239 239 594 601 601 601 601 766 766 766 
164 164 725 725 
9 9 124 192 271 271 271 289 289 289 289 382 382 382 632 737 737 737 737 764 
52 52 457 457 739 
165 294 636 
43 316 316 642 642 743 743 743 743 761 
7 168 168 168 168 
649 658 658 
48 48 107 107 146 146 146 
197 336 336 336 414 414 414 452 452 452 633 
156 156 239 239 280 280 280 
16 16 16 390 390 601 601 
129 129 129 203 203 347 347 347 
542 542 542 
5 79 79 79 79 239 462 580 
176 176 176 213 213 234 234 373 434 504 504 504 728 
219 227 529 529 693 693 693 725 
79 79 79 
624 
10 10 62 62 81 170 170 206 206 206 517 517 517 661 
16 54 54 278 278 
16 49 49 49 49 198 245 330 330 333 390 390 390 407 447 447 495 580 580 580 580 591 591 602 602 613 647 647 647 660 664 664 664 730 
198 416 579 579 579 601 601 
577 
307 
197 
241 622 
81 81 310 

30 203 338 
487 686 
150 150 361 
141 141 141 251 439 439 459 
49 575 575 575 601 
128 144 144 144 695 
516 516 516 561 561 561 568 568 569 569 569 
134 134 158 
377 425 425 425 425 
39 39 103 
694 694 694 
207 207 207 213 213 315 315 315 
356 356 358 358 659 659 
80 80 190 236 557 606 650 719 
5 484 484 484 
16 598 
203 203 203 312 393 
16 16 16 21 21 128 128 128 209 263 263 263 263 333 333 333 442 442 454 485 485 557 
96 96 667 
117 117 117 
442 442 442 
301 301 301 

558 558 582 739 739 739 
3 16 16 89 261 333 336 336 414 414 420 420 476 476 476 509 589 708 708 
393 435 669 669 669 
5 5 5 115 405 405 759 
294 294 298 298 298 584 671 
65 127 131 131 551 551 
308 308 308 308 
5 5 5 68 489 489 667 
409 409 476 

121 298 298 473 585 585 739 739 
83 83 273 281 342 342 536 536 545 546 546 667 667 
203 
35 741 
213 417 417 417 440 653 
601 601 601 730 
199 199 369 377 377 377 578 
315 387 387 529 587 
21 21 21 622 
5 488 567 654 654 
303 303 428 428 
342 646 
5 5 147 174 174 651 651 
207 261 

402 
127 306 306 333 333 587 587 674 674 674 690 690 
225 225 621 621 
80 80 570 570 570 570 601 
206 348 348 562 562 599 
324 440 440 756 756 
5 5 395 567 567 567 
198 198 330 330 497 497 507 507 601 601 601 
91 91 416 416 
109 109 109 
75 75 75 83 96 96 149 149 175 175 201 201 201 254 254 254 288 342 342 489 489 489 489 502 627 639 643 643 739 739 762 762 
108 197 197 739 
6 528 528 528 634 634 634 

298 319 636 686 
95 129 437 437 437 
262 674 674 674 
284 284 284 658 658 658 673 673 673 690 
114 114 226 684 

45 432 432 432 
324 572 572 572 572 572 733 756 756 
94 184 256 256 256 
297 
30 
395 395 
117 117 342 
87 87 87 87 675 706 
399 748 
610 671 
49 177 177 177 177 737 
739 739 739 
213 739 739 
193 193 193 193 371 371 658 658 674 
294 309 345 345 
294 294 294 294 
419 419 495 507 507 596 596 596 
619 619 619 
197 197 495 495 497 507 507 507 543 614 
200 200 257 388 524 524 717 717 717 739 739 
193 502 502 502 502 554 
725 
141 434 434 

113 257 257 705 705 705 
16 16 16 142 142 142 142 235 333 333 333 333 547 547 
169 169 513 513 
103 103 337 342 342 342 444 444 489 489 489 489 489 
252 252 274 274 274 274 369 369 529 565 701 701 701 755 
306 341 341 684 
15 15 230 319 
1 1 1 138 248 313 313 313 313 313 324 325 325 329 420 420 633 633 733 749 749 753 753 753 756 
16 125 125 490 
108 159 233 461 527 527 527 527 527 
50 50 312 516 536 
17 26 26 266 356 
56 56 239 242 
739 
203 203 285 285 311 311 565 565 565 565 
70 307 387 524 524 525 525 
532 532 696 696 696 
276 312 312 312 312 
5 5 11 11 213 222 222 222 367 424 494 537 537 537 622 
157 341 453 520 520 520 
257 257 257 529 529 
148 481 481 481 481 481 
262 301 391 
8 16 16 
210 267 510 581 581 596 698 
95 283 283 283 
105 105 105 265 265 265 467 467 467 493 
142 142 384 595 
257 343 343 343 343 
80 159 159 159 163 163 601 647 
27 186 295 342 342 
545 545 
37 91 91 91 110 339 339 339 440 449 526 678 708 749 753 753 753 756 756 
90 
741 741 
47 320 
126 126 236 236 236 236 582 582 582 582 687 
542 
5 5 10 10 10 14 16 16 17 68 68 80 82 90 90 108 121 121 133 133 133 133 133 136 136 136 152 152 152 177 177 180 185 185 185 190 190 190 205 205 205 236 236 236 236 236 241 265 265 274 274 292 292 294 294 298 312 342 342 342 366 382 388 389 389 391 402 402 402 413 418 418 437 455 476 476 476 493 493 511 532 532 532 548 548 557 557 574 574 583 632 632 632 642 642 667 667 668 688 688 688 689 689 696 696 714 745 745 748 751 
259 259 432 
7 7 7 16 18 18 34 34 35 73 73 104 104 142 214 327 550 550 550 645 735 735 
188 188 188 538 538 538 538 563 563 563 563 
585 585 585 585 
378 765 765 765 
181 241 241 532 532 532 739 739 
287 
442 
127 127 127 137 137 137 137 190 685 739 
110 110 110 110 708 708 733 
117 224 224 
366 366 739 
247 247 247 247 247 276 
25 25 25 80 80 350 350 350 708 708 708 733 733 733 
342 
10 136 136 705 
187 187 324 324 383 383 383 572 572 662 662 678 678 708 733 733 
579 579 579 579 
403 403 438 438 438 
5 5 635 
213 213 273 446 446 446 446 
343 585 
342 667 667 
363 565 
9 9 582 
146 146 146 744 744 744 
239 239 529 580 580 580 

