nodes: 768 edges: 1431
5 5 5 168 
708 
65 117 282 427 
633 
178 178 247 341 357 
0 0 0 6 17 47 53 55 59 79 118 144 144 147 163 163 171 174 174 210 213 213 216 239 240 272 307 348 367 370 370 382 395 395 448 451 451 484 488 506 594 594 651 654 682 682 719 719 759 767 767 
5 489 669 
214 214 586 741 
724 
124 764 
81 252 252 257 257 265 274 274 285 285 300 300 381 381 381 529 574 599 599 599 

376 376 
159 159 354 
455 493 739 739 739 
296 707 707 707 
35 35 57 150 198 214 278 278 333 376 378 390 429 442 473 479 485 485 548 553 561 601 601 601 626 626 709 739 
5 466 
34 34 34 727 741 
416 416 
352 
128 538 650 
67 67 186 521 
218 218 481 501 
312 
386 386 386 386 456 456 753 753 
41 148 148 203 203 203 303 311 311 342 342 379 379 379 385 428 568 712 
203 731 
301 
35 35 288 288 471 556 
203 203 338 609 

372 372 372 516 
118 118 207 478 478 686 
18 18 18 
16 16 29 29 73 287 297 400 400 556 741 
102 102 102 352 395 412 
110 110 
294 298 298 
261 261 415 
122 
26 88 342 342 
48 48 108 108 323 


253 677 
459 
5 112 171 171 271 
42 42 306 588 588 
351 368 368 601 601 601 
312 312 711 
203 666 666 

5 
171 171 600 
5 375 623 
64 156 177 239 242 242 255 388 503 503 713 
16 102 
203 265 265 
5 245 245 245 365 405 
106 106 156 
444 
517 599 
292 
56 156 223 239 499 
2 117 381 381 637 
412 412 
22 22 120 159 159 159 213 213 260 383 383 446 446 446 523 
233 
157 286 
387 716 
625 
113 170 257 381 649 
35 142 
406 519 519 519 
182 182 502 570 
402 402 
352 
473 
5 239 406 448 448 573 594 597 597 
141 154 154 163 241 622 730 730 753 753 753 
10 170 195 288 312 312 343 343 422 435 599 599 607 

342 342 342 417 500 680 680 
225 


229 684 684 684 684 
41 224 224 342 
281 
555 555 555 734 734 734 739 
472 569 665 733 733 

312 
184 203 203 212 212 679 
399 672 726 
470 627 627 
667 
121 


367 367 
36 36 36 57 
342 342 704 704 
741 
467 721 727 
60 60 
588 
42 42 312 668 710 
203 398 398 607 666 666 666 666 
37 37 749 749 749 

47 
72 257 257 312 701 
342 342 342 428 547 547 547 
213 213 405 700 700 

2 65 192 192 277 277 277 277 317 317 342 342 381 381 381 381 428 628 628 628 750 
5 33 33 216 348 370 478 

67 
98 642 642 642 739 739 
40 565 
215 456 456 456 469 
9 
490 490 496 709 
737 737 
658 658 729 748 748 
21 614 626 
203 203 399 552 592 592 631 672 672 
342 512 512 512 

595 
739 
158 616 
326 326 
274 739 739 755 755 
748 
313 708 
571 687 739 
368 387 716 
80 315 
73 702 702 702 728 741 741 

5 5 163 614 
523 523 
207 588 
5 527 651 651 654 
26 26 568 568 568 
342 
16 611 611 

739 

80 80 

56 60 64 239 280 459 460 463 
69 203 203 520 520 578 720 720 
134 725 
13 13 67 67 67 238 304 461 710 730 730 730 
342 520 
522 522 
278 561 
5 5 80 144 353 730 730 
393 579 581 581 

221 447 
203 203 
0 586 586 
320 415 415 415 587 703 
72 81 331 331 
5 47 47 54 54 
294 

5 5 654 654 654 
254 254 667 
504 504 504 595 595 
56 342 739 739 
4 4 208 357 
489 


75 75 197 197 463 
343 
94 256 546 679 
430 696 
22 333 

742 742 742 
449 449 449 
402 657 657 739 
247 
117 117 317 317 582 
415 464 464 674 690 
210 
81 312 
203 577 
182 182 484 543 695 695 695 695 
16 416 601 602 602 
203 253 253 253 516 648 
363 532 532 
242 442 667 
723 741 
26 26 26 27 30 30 51 58 94 94 109 129 129 157 157 167 167 196 199 230 253 262 264 264 266 266 301 301 322 341 341 341 342 342 377 399 467 486 486 540 544 544 555 570 625 625 644 648 648 715 
542 
739 
599 599 661 661 
33 146 620 620 633 633 633 655 655 655 
178 
342 
5 194 212 446 720 
286 286 
94 94 210 253 
5 5 67 67 115 115 222 225 225 225 234 273 353 353 388 471 498 504 593 593 595 646 656 719 719 
7 7 16 395 395 741 
123 354 456 456 
5 118 
648 648 648 
23 23 
227 

166 387 
213 719 
64 255 255 
88 88 336 336 342 342 381 381 381 750 
84 213 213 213 275 334 334 527 542 593 659 659 

219 366 559 559 596 596 

87 284 
203 482 482 707 
264 

68 710 
213 373 595 595 
363 523 
622 737 

159 289 
5 56 64 79 156 242 242 248 590 590 594 766 766 
5 
80 312 315 315 606 739 
56 56 201 239 239 503 
508 508 

59 59 59 601 
342 342 
4 191 341 706 716 752 752 
239 708 

424 424 
364 364 371 371 506 523 
10 10 705 705 
45 199 199 199 203 212 697 
175 175 372 489 667 
56 223 223 
184 679 
10 10 72 113 113 529 701 701 701 721 721 
379 696 
278 278 740 
67 397 397 531 
39 39 401 401 633 
203 648 
626 
203 203 231 
10 58 58 688 727 
203 203 712 
366 366 725 725 

284 284 372 372 548 
286 
47 535 582 582 582 
5 466 466 523 523 
213 334 760 
10 10 136 445 705 705 739 739 
225 
483 752 
117 117 117 117 413 413 577 577 
16 16 162 259 259 287 364 476 476 522 600 
312 
156 
89 
2 
399 
229 269 269 548 548 674 
10 10 715 715 715 
69 211 211 270 335 335 341 
35 278 434 746 
29 29 81 667 
238 388 548 582 582 582 
648 

63 470 

38 172 298 341 341 341 558 691 692 692 739 739 
321 488 731 
15 376 424 473 479 505 
35 556 556 
38 38 294 366 642 671 686 696 739 739 
363 406 498 
10 10 422 422 
28 203 203 467 630 630 715 715 
355 
26 428 428 652 
159 575 575 
446 
48 658 658 
5 560 604 604 716 
638 638 638 
691 
361 361 361 515 
26 26 385 579 715 
24 50 50 81 81 93 108 113 195 241 279 342 342 381 625 739 739 
138 
409 
141 241 241 378 620 620 649 
343 
117 117 192 192 564 564 
354 360 
355 
169 508 508 736 736 
295 
203 
42 
708 756 
708 
135 135 

377 377 
563 563 563 563 708 708 
601 664 664 
170 170 544 
577 577 
16 186 364 364 547 601 626 626 633 658 658 702 702 
225 225 273 
286 286 
224 224 633 
465 465 704 
30 563 
534 733 

4 203 203 203 247 286 294 294 294 483 544 578 706 706 720 720 
26 26 41 41 83 83 83 88 103 103 114 114 114 117 117 130 149 160 177 203 203 209 224 224 246 246 312 312 399 399 428 428 444 518 532 539 667 667 683 704 739 754 754 762 
81 81 183 316 433 640 729 761 761 
466 

632 
592 592 
5 118 562 562 661 661 
427 
753 
49 
20 36 77 412 412 526 526 534 
163 213 213 
13 215 318 
302 319 
621 712 712 
4 178 


318 469 
310 310 310 561 561 611 611 611 
432 
200 235 299 406 576 576 763 763 
251 251 278 333 333 515 
59 
227 267 267 298 725 739 739 
5 101 101 742 
49 49 140 512 512 512 
648 705 705 
5 5 118 
251 251 523 523 523 658 690 690 
32 32 32 254 269 269 
234 595 595 

55 
12 12 16 296 
203 328 328 425 617 648 
16 315 744 
26 26 26 258 
569 
10 10 10 65 65 72 117 117 117 117 224 224 224 312 
5 413 413 739 739 
67 67 523 523 756 756 

26 311 
25 25 25 25 449 449 486 
70 140 221 649 649 716 
56 213 289 696 739 

16 601 601 
574 

164 544 625 
429 429 
5 5 36 214 214 633 682 

260 260 515 515 
109 109 667 690 
95 129 203 283 342 342 
35 35 
261 261 
76 76 190 657 739 
448 
522 
59 115 579 635 
74 79 299 363 498 
421 591 

314 640 
546 546 
455 455 
36 66 66 352 352 
277 277 382 382 558 558 558 739 739 739 
589 
39 169 169 169 193 
19 19 198 712 
83 646 
648 
693 
633 
407 549 590 
81 300 300 
706 
250 250 296 621 
377 617 617 
498 498 
2 349 
26 114 117 303 303 342 342 478 508 566 754 754 
16 394 394 553 553 
185 499 

362 677 740 
343 
287 595 
81 634 

672 739 

612 
646 646 662 

16 201 
551 551 
61 342 489 643 643 704 
274 
67 67 67 210 305 505 523 
166 601 601 
5 79 79 403 511 
189 189 189 386 386 
748 
5 5 537 
589 627 633 633 


14 411 411 532 739 
25 25 123 123 123 215 215 
667 

46 156 545 545 545 612 
156 
159 710 
594 
156 182 
193 193 
337 337 
17 272 272 344 
105 203 301 727 727 

123 360 
96 292 
29 213 
91 526 526 
16 78 296 642 642 
554 554 554 554 

278 278 633 640 739 739 
499 
33 33 118 428 
16 296 

23 722 
230 230 
276 341 
5 197 
16 16 626 
203 203 386 565 565 565 
558 558 610 
5 295 
6 179 254 444 497 639 667 667 667 704 704 704 
125 125 


14 739 

507 507 601 
125 
489 664 664 664 695 695 
213 299 406 426 426 
64 430 477 
83 
23 
75 667 697 697 
56 56 242 
176 176 176 213 595 
296 446 
5 251 
495 495 664 695 
243 243 320 320 428 566 
633 
725 725 
448 739 
130 130 130 368 368 368 
716 
529 529 
310 364 397 397 
32 199 638 711 711 
62 
342 
74 74 74 705 
157 157 160 720 
22 565 
161 161 278 404 
67 145 145 235 251 272 272 371 371 371 383 383 446 
696 716 716 
716 
352 352 472 472 
147 225 710 
563 669 
10 257 514 514 596 596 641 705 705 705 721 721 766 
576 
260 
200 200 342 455 696 745 

339 352 
271 

451 719 
21 742 742 742 
342 
203 

204 225 738 
197 544 544 695 
203 203 331 341 393 543 543 
459 459 459 643 643 732 
184 410 410 643 643 
114 114 114 333 573 702 
16 269 284 284 289 739 739 
421 
588 741 
443 443 
129 
16 429 429 
474 474 474 474 697 697 
90 90 90 203 
29 35 297 297 
739 
294 413 413 413 487 487 632 
227 227 
307 
16 162 361 361 569 569 615 615 
348 348 
329 329 329 329 338 528 669 742 
317 317 
122 486 486 486 521 705 715 763 
428 508 
663 
26 148 148 148 
91 380 561 561 615 
75 203 
139 
598 678 678 
79 547 
10 391 
304 304 613 
363 363 530 763 
196 277 277 332 332 603 603 
157 341 
164 311 405 602 602 757 
601 601 766 766 
164 164 725 
192 271 271 271 289 289 289 632 737 737 737 764 
667 739 

642 642 642 743 761 
7 168 168 
169 649 
48 48 107 146 550 
414 452 
239 239 421 757 
407 601 
129 129 347 347 
213 213 225 662 
5 5 79 239 462 
132 176 176 213 234 234 373 373 434 504 728 
227 227 529 529 725 725 725 
79 79 
572 
10 10 10 62 81 81 206 206 661 661 
54 278 
16 16 16 49 49 49 198 245 330 333 390 390 447 447 495 580 580 591 602 602 613 613 660 664 695 695 730 730 
198 198 579 579 601 601 
577 577 
307 307 

241 622 
81 109 

30 
487 
150 150 361 361 361 
439 459 
575 601 601 
128 144 695 
561 561 569 
134 
377 425 425 

694 
207 207 315 315 
356 424 
80 236 606 719 739 
55 

71 203 203 312 393 
16 16 128 263 333 333 485 
96 96 452 667 
117 117 117 

301 301 
129 714 
346 558 582 739 
3 207 207 207 261 333 336 395 420 452 452 476 509 708 708 
435 669 
405 759 
671 
65 
308 308 308 516 
489 667 
343 409 476 
529 
121 121 121 298 473 473 585 585 585 739 
444 444 545 545 546 546 667 667 
203 
741 
213 417 440 440 

199 203 203 217 217 217 262 290 369 377 418 
72 315 387 387 587 
21 
5 147 147 
303 

5 147 174 174 174 
207 207 207 
213 
190 190 402 
127 127 306 306 333 333 371 674 690 690 
225 225 
601 
206 206 348 348 599 599 
440 593 733 756 756 
567 
330 330 497 497 497 507 601 695 
91 
51 51 109 109 109 109 
97 175 201 254 288 342 342 398 457 489 489 489 502 583 627 639 643 643 739 739 762 
108 739 
6 528 563 634 

298 636 
95 129 129 437 
674 
193 284 658 673 690 


45 432 
572 572 
94 184 256 
83 83 

5 5 395 
342 
87 87 87 87 706 

33 298 
139 
265 739 

193 371 371 398 658 658 674 
294 309 758 
294 294 
419 
619 
197 197 197 197 497 497 507 543 601 601 614 664 
185 258 298 388 524 532 
253 502 502 554 554 
725 

115 115 
113 257 257 257 705 
142 142 142 333 333 547 
169 
103 103 337 342 444 489 489 489 
252 252 274 274 369 369 519 529 529 529 565 701 755 
247 341 341 423 684 
15 15 15 230 
1 138 248 324 325 329 329 633 633 733 749 753 756 
16 125 
108 159 233 461 527 
50 516 516 
26 266 356 356 416 
56 
631 
203 285 285 285 301 301 311 565 
70 140 247 307 387 513 524 524 525 


5 5 213 213 222 537 622 
157 157 210 341 341 520 
105 257 257 529 529 
481 
202 
8 
158 267 267 366 510 510 581 596 596 596 698 
95 
18 105 265 467 467 
142 595 
127 343 
80 80 159 159 159 163 163 601 601 
27 295 
545 
91 91 339 662 708 749 749 753 
90 90 90 
741 741 
320 320 
126 126 236 582 582 582 739 
542 
14 14 14 16 90 121 121 133 136 136 139 152 177 177 190 205 241 274 274 294 294 298 298 312 312 342 366 366 382 382 388 402 413 413 413 437 455 476 476 493 511 548 548 557 583 622 632 642 667 667 668 688 737 748 
259 432 
7 18 35 104 142 142 202 214 550 645 735 735 
188 188 188 367 538 538 538 563 
585 
378 
532 
287 

127 127 137 450 739 
110 110 110 708 733 733 
117 224 

247 247 276 
25 25 80 80 80 350 708 733 
342 342 428 428 
136 136 705 
324 383 383 662 662 708 
579 590 
691 
5 635 
273 
343 343 585 
342 667 
363 363 565 576 
9 582 

239 239 529 580 580 
5 5 
