nodes: 768 edges: 1458
586 
708 
65 117 117 282 282 553 
214 548 633 633 
341 341 357 357 
6 17 53 55 59 79 99 101 115 115 118 118 144 147 163 163 163 171 174 174 210 210 213 213 216 216 221 221 239 239 240 272 272 272 307 307 348 367 367 395 419 419 448 466 484 484 506 537 557 567 594 623 639 639 639 654 739 
5 254 405 489 489 669 669 
214 214 214 586 741 741 
81 93 343 724 
124 124 582 582 
81 81 81 252 252 252 257 257 257 265 265 265 274 285 300 381 381 381 381 514 529 529 574 599 739 739 755 
537 
16 
67 159 159 159 159 
455 480 493 
296 319 376 376 707 
12 35 57 57 198 214 258 278 296 333 333 376 378 390 390 390 394 394 442 442 485 547 547 548 553 561 569 569 569 591 591 600 601 624 624 633 702 702 702 739 741 
5 466 466 712 739 
34 34 727 741 741 

352 
557 557 557 557 626 650 
67 67 186 186 521 
218 218 218 501 

386 449 449 456 753 
203 203 303 311 311 342 342 379 379 428 462 462 712 
30 203 
301 301 
35 471 471 471 556 
27 203 609 681 
533 
372 372 372 372 711 
118 478 478 
18 18 741 
16 29 73 287 287 432 432 432 556 670 741 741 
102 395 

294 294 
261 261 415 618 618 
118 118 
88 342 
108 108 323 323 421 
50 50 50 

212 541 677 
459 459 
171 
306 658 
351 368 613 
43 43 43 
203 203 342 

5 
171 600 600 
5 144 375 375 623 644 
86 86 156 156 177 239 239 242 255 388 503 583 713 
16 16 
203 265 
5 
156 

517 
488 
222 222 222 223 239 255 
2 117 381 381 637 
395 395 412 412 
13 22 22 120 159 159 159 213 213 232 232 305 354 354 383 397 446 446 521 523 523 527 
108 639 739 739 
157 286 
387 387 387 
268 
113 113 113 170 257 257 257 381 381 
35 142 741 
406 519 519 

402 
352 
473 
5 239 340 406 406 448 448 573 597 
154 163 163 163 163 660 730 730 753 753 753 
8 10 10 10 170 257 257 312 312 312 343 343 422 435 607 

117 192 228 342 500 643 643 667 

580 
56 56 
229 284 284 684 
41 224 444 
281 281 633 
555 555 739 739 
472 569 569 733 733 

8 205 205 312 312 
203 212 212 679 679 
672 672 
254 470 470 470 667 
342 342 667 
366 366 
5 

5 367 
36 
618 

529 529 721 727 727 

283 588 
42 42 68 312 312 502 668 739 
203 398 607 607 666 
749 
577 577 
307 
72 72 72 312 312 312 
428 547 547 
5 5 213 213 213 
213 431 
2 2 65 83 192 192 192 277 277 277 317 342 342 381 381 381 381 428 551 
5 5 33 40 40 216 348 348 370 

67 
739 739 

215 354 354 469 
9 9 534 582 
490 709 709 
289 584 
507 637 729 748 
626 
552 552 592 631 672 
512 



158 158 616 616 616 
326 
274 739 



368 
455 455 612 
73 702 702 728 741 

5 55 163 484 506 614 
493 523 
588 588 765 
5 354 354 354 527 527 651 651 654 
568 
342 
457 611 611 

650 739 
192 317 
80 
388 
56 56 60 239 239 280 463 463 590 
69 203 263 341 341 520 520 720 
134 134 438 
13 13 13 13 67 67 67 304 354 409 461 640 710 730 730 730 730 
342 520 
254 254 522 522 
278 278 561 
5 5 5 80 80 80 80 144 353 353 353 452 484 730 
393 579 579 581 



243 586 
320 415 587 703 
72 81 206 331 435 599 599 599 
5 47 54 

429 
5 5 371 654 
254 254 667 
595 
56 342 342 687 
208 357 357 

739 739 
532 532 745 
197 197 
343 
679 
696 
22 22 731 


449 
402 402 402 622 657 657 739 748 
247 
83 117 117 117 153 582 582 
464 674 690 

312 312 422 422 422 
541 577 577 577 
182 182 484 544 544 544 605 668 668 695 695 
16 601 601 601 602 664 664 
203 253 648 
363 532 696 
242 242 442 442 667 
635 741 
26 26 27 30 51 51 58 94 109 157 199 253 253 262 266 290 301 322 322 337 337 341 341 342 374 377 386 386 399 399 486 540 544 544 555 570 570 570 577 592 625 648 648 715 715 
542 542 
93 93 739 
170 661 
620 633 633 633 655 
178 247 247 625 
246 
5 5 446 725 
286 286 286 
45 94 94 
5 5 67 67 115 115 115 116 222 222 225 225 234 273 353 353 446 446 498 498 593 624 719 719 760 
3 7 7 7 16 395 395 741 741 
123 456 456 456 
5 5 118 

23 23 23 262 
559 596 
324 324 
5 5 
64 64 64 213 213 
64 255 255 
88 336 336 381 381 750 
213 213 273 275 299 299 299 334 527 527 527 593 593 
428 675 
277 366 559 559 596 596 
83 
87 284 
482 482 482 
398 
67 67 
710 710 
213 367 367 

622 737 739 739 


5 5 56 56 64 79 156 156 242 248 580 580 580 590 590 713 766 
5 
293 312 315 455 
56 201 201 239 503 503 713 713 
168 508 

601 
209 337 
191 208 208 262 341 341 706 716 752 
239 708 708 
748 
424 424 
364 371 371 371 419 506 506 523 612 
10 10 10 705 705 
199 203 203 377 377 
6 96 161 161 175 175 489 489 
56 64 223 223 
679 
10 10 10 72 72 72 81 81 371 696 701 701 721 729 
16 379 379 739 

397 397 531 
39 39 333 333 355 415 633 633 655 655 
203 218 247 648 723 
157 
328 328 
10 10 10 58 688 727 727 727 727 739 
203 568 712 712 712 
366 366 
71 
372 372 548 548 
286 
535 535 582 582 
5 5 5 523 523 523 
213 225 760 760 
10 136 705 705 
225 542 542 
718 
117 117 117 227 413 413 413 
16 162 162 287 287 432 432 432 476 477 522 600 

156 590 
89 89 643 
2 2 
107 588 
87 87 229 548 548 674 674 674 
10 715 
69 211 211 211 270 335 335 464 
35 35 278 278 434 434 
667 
126 388 548 582 582 
203 648 
703 
739 
241 
38 38 298 298 341 341 341 584 636 692 692 739 739 739 
321 321 342 488 
15 16 376 424 473 479 479 505 
556 
294 294 319 319 366 487 636 642 642 671 739 
225 225 225 363 498 626 
10 422 
28 28 203 630 630 715 723 
355 393 393 
26 428 652 652 
159 409 409 575 
67 
48 658 658 
5 5 112 604 693 716 716 736 
638 
691 
515 515 
26 26 579 715 
81 81 81 93 93 108 108 113 113 113 195 195 241 342 342 342 625 701 739 739 
708 

241 378 

117 153 564 

15 298 298 
169 736 736 736 736 
295 295 548 
203 203 
42 42 
220 220 678 708 756 756 
708 708 
135 505 505 
741 
264 264 377 
708 708 
601 
170 544 566 
577 577 
16 16 261 261 364 386 386 547 547 626 626 633 658 658 658 702 702 702 702 
225 
286 286 
224 224 633 
203 203 246 

534 534 
79 448 448 
4 4 157 157 203 203 247 247 294 294 294 464 544 544 544 720 
26 26 41 51 83 97 97 117 117 149 160 177 177 203 295 312 312 312 399 399 399 428 428 444 444 532 643 653 653 667 667 667 683 704 731 731 739 762 
8 81 81 183 433 585 729 761 
466 
691 
632 632 

5 118 118 441 570 661 
427 427 
622 753 
49 
20 77 395 412 472 526 
163 163 163 213 213 
67 67 123 123 147 147 147 159 
261 302 
621 621 621 
4 4 178 178 
424 621 621 
461 

561 611 611 
432 432 
200 299 495 498 576 763 
251 333 

98 98 227 267 267 298 470 510 510 725 739 751 
5 5 101 234 234 719 
49 140 512 
648 
118 
174 251 251 251 257 523 523 658 690 
32 32 32 32 269 269 
595 
203 544 
55 55 
15 15 16 296 
203 253 253 328 425 648 
16 315 744 
26 26 258 258 
569 
10 10 10 10 65 65 72 72 117 117 117 117 224 224 
413 413 413 582 
67 756 756 
728 728 728 
579 
25 203 203 333 333 449 
70 70 70 716 716 
56 155 289 696 
739 739 739 
16 16 16 601 
574 739 739 

164 302 302 544 625 
16 16 429 429 
5 36 66 66 214 214 352 633 663 682 
760 
67 260 260 515 
109 231 
203 203 342 342 342 685 
536 

76 190 190 190 657 739 739 
448 448 758 
477 
6 635 
74 79 79 498 


159 304 304 640 640 
546 
455 455 455 
66 66 352 
277 277 277 382 382 382 558 739 739 

39 169 261 

646 646 
648 739 
5 5 251 693 
633 
42 
81 195 195 195 300 

250 250 296 358 621 621 719 
377 617 
498 
349 349 
26 114 117 226 303 342 342 478 508 566 652 
173 394 394 553 
499 
116 
35 35 35 278 278 278 362 362 
343 
287 287 595 595 595 699 
81 170 634 

672 739 
158 758 758 758 
545 569 569 612 612 
646 646 733 
348 
16 16 201 201 626 626 629 747 
551 
88 342 342 489 643 

67 67 210 213 213 523 523 
601 
5 79 79 340 340 403 403 
25 25 189 386 733 733 753 
748 
533 537 
163 633 

626 
14 141 141 241 411 411 411 
25 215 215 215 
150 
490 490 
46 46 549 612 

159 359 710 
26 26 
156 156 
193 286 341 

5 17 17 344 
727 

123 
96 96 96 366 
29 29 29 
91 352 526 526 
78 296 642 642 
554 761 761 

278 633 739 
278 404 
33 33 428 
296 296 
14 
722 722 
230 230 230 

5 5 144 163 197 623 
16 626 
203 565 565 565 
298 558 558 
63 295 
6 6 254 254 444 497 639 667 667 667 704 
125 458 458 
503 

14 145 548 739 739 
719 719 
363 507 693 693 

489 695 
213 213 299 363 406 426 
430 
83 688 
23 
108 667 667 
56 242 242 491 

296 326 326 
5 144 251 251 
127 495 693 695 
243 428 566 
633 
366 366 

130 368 

10 529 
310 310 397 
615 711 
62 599 

74 74 705 
157 157 160 720 
22 67 
161 161 278 
67 67 145 251 272 272 272 371 371 446 446 
696 716 716 
716 
352 472 472 733 
67 147 147 225 225 225 
563 563 669 
10 10 105 105 514 649 705 705 721 
576 576 763 
260 
181 181 200 342 696 717 739 745 
31 451 
124 339 339 
271 271 
400 643 
5 11 451 719 719 719 
742 742 

203 
45 196 
204 204 275 275 738 
544 544 
197 197 197 203 203 331 341 341 341 374 393 543 543 
439 612 643 643 732 732 
410 643 
16 16 114 114 333 333 563 573 573 702 
3 16 269 269 284 284 289 321 493 
459 

117 443 637 
129 129 
2 16 429 
474 697 
90 90 203 
29 35 297 
5 21 21 21 21 622 626 739 
413 487 487 
219 227 227 

16 162 361 569 615 

528 528 547 742 742 
317 
486 486 486 715 
331 428 508 
5 663 663 
148 266 615 615 
16 16 16 91 91 380 439 439 561 615 
203 203 203 348 660 660 

678 678 678 678 756 756 
79 547 547 
10 391 739 
304 613 613 613 613 
363 530 530 
111 111 196 196 196 203 332 332 603 

164 164 311 385 602 602 757 757 
85 239 239 239 601 601 
164 
9 9 124 192 192 271 271 289 289 382 632 737 737 764 
56 667 
126 294 
343 642 642 743 
0 7 168 
169 
107 146 146 283 

156 239 239 280 
16 16 
129 203 
213 225 225 662 
5 
176 373 434 434 434 728 728 
219 227 227 693 693 725 
79 
624 
10 170 170 170 517 
16 54 54 278 
16 198 198 198 245 330 390 447 580 580 602 602 613 647 660 660 664 664 695 695 695 
198 579 579 601 601 
577 
307 
197 

81 109 109 

30 
636 686 
150 150 361 361 
141 251 439 439 459 545 
49 575 575 575 575 601 
144 695 
516 561 568 568 569 
134 134 134 
425 
39 39 103 

207 
356 356 356 358 358 424 424 659 
190 236 350 557 739 
5 55 484 
16 16 213 598 
203 208 312 393 
21 128 299 333 333 442 442 454 485 557 


442 
301 301 
129 714 
346 346 582 739 739 
3 3 16 89 207 207 207 261 261 333 336 395 420 452 476 509 708 708 
435 669 
202 405 
294 298 610 
65 127 551 
308 
5 5 5 68 489 
159 409 409 

298 298 473 473 585 585 739 739 
83 83 281 342 444 536 545 545 546 667 667 
55 

417 417 440 440 
601 730 
199 203 203 262 290 369 377 418 
529 
21 152 
147 147 654 
303 303 428 
342 342 
5 147 174 651 
207 261 261 

190 190 402 
48 306 306 333 333 333 371 674 690 690 
621 
80 570 570 601 601 
206 348 
593 733 756 756 
395 567 567 682 
198 198 601 601 695 

109 
83 96 97 175 201 288 342 342 342 489 489 489 502 502 583 643 643 739 762 
108 197 197 739 
6 6 528 634 
35 
298 
95 95 129 437 
674 
193 284 284 284 658 673 690 
226 

45 
324 572 572 572 572 
94 94 184 256 

30 
395 663 
342 
87 
399 748 
610 
177 737 737 739 739 
265 500 739 739 

193 371 658 658 674 
309 345 
294 294 
307 419 495 495 507 596 596 

197 197 497 507 601 601 601 614 664 
185 200 257 388 524 532 739 
554 
725 
434 

257 257 312 705 
16 16 16 142 142 333 333 333 333 547 
169 291 716 
342 489 
252 252 274 274 519 529 529 701 755 
247 
15 
1 248 248 313 324 325 325 329 329 633 633 733 749 753 756 756 
125 125 747 
159 233 233 461 
32 516 
17 26 266 266 266 
56 239 242 242 
631 
203 203 285 301 311 565 
247 307 307 387 387 524 524 525 703 
532 
276 
213 213 367 424 494 494 537 537 537 
157 341 520 
105 257 529 
481 481 
262 301 
8 
210 366 596 698 

18 105 105 265 265 265 265 467 
142 384 384 384 595 595 
127 257 343 
80 80 159 159 159 159 163 647 
186 342 342 
545 545 
91 91 440 449 449 526 662 708 753 753 756 


307 320 320 320 320 
236 582 582 687 687 
542 
5 10 10 16 17 68 68 90 90 108 121 121 136 152 180 180 190 205 236 236 258 265 292 294 294 294 298 312 312 342 366 389 389 389 391 391 402 402 413 413 418 437 476 493 493 532 557 574 622 632 632 642 642 667 668 687 687 688 688 696 745 748 

7 7 16 18 18 34 35 35 73 142 202 214 214 327 
538 538 563 563 
585 
378 765 
181 532 739 

442 709 
127 190 249 450 685 739 
110 708 
224 
366 
247 
25 80 80 80 350 449 708 733 733 

10 705 
324 324 383 383 572 572 662 662 708 708 733 
579 579 
403 438 438 438 

213 273 273 396 
343 474 474 
342 667 
363 530 
582 
146 744 
239 

