nodes: 768 edges: 1431
5 5 168 
708 
117 117 427 427 
214 548 633 
178 
0 0 17 47 55 55 79 79 79 99 99 115 115 115 118 144 147 163 171 210 213 213 216 221 221 239 272 272 272 307 307 370 387 395 395 419 419 451 466 484 484 488 537 557 594 594 594 635 639 639 639 639 654 654 682 700 719 759 767 767 
254 489 489 669 
214 214 586 741 
81 81 343 
124 582 582 764 
81 81 81 257 265 265 274 285 300 300 381 381 529 529 574 599 739 755 

16 376 376 
159 159 159 
493 
296 707 
12 35 35 57 78 78 150 150 198 198 214 258 258 258 278 278 296 376 390 390 429 473 485 492 547 547 547 548 553 561 569 569 574 591 600 601 626 626 633 702 702 724 739 741 
5 466 
727 
416 416 

128 557 626 650 
67 186 186 186 260 521 
218 218 481 481 501 

386 386 386 449 449 456 753 753 
41 41 203 203 203 303 303 311 311 342 342 342 379 385 385 428 428 540 568 712 
30 30 731 
301 
35 288 288 288 288 556 
27 27 338 609 609 681 
46 533 
372 
118 118 478 478 
741 
16 16 29 287 287 432 432 556 645 645 
102 352 395 395 412 
110 110 339 339 733 
294 
261 415 

26 26 88 
48 48 108 108 323 
50 585 

253 253 253 
31 459 
5 271 736 
42 42 306 588 588 
601 687 
43 711 
203 203 342 342 


171 
5 5 144 375 
64 177 239 239 255 503 583 713 
16 492 
203 265 
245 365 405 405 
106 156 

517 
292 
56 155 222 222 222 499 
131 551 551 637 
395 412 412 
22 159 159 159 213 213 235 305 354 383 446 446 521 523 527 
75 639 739 
130 157 286 720 
387 387 716 716 
237 
113 113 170 170 257 257 381 649 
142 741 741 
519 519 
68 182 285 667 


16 16 
5 5 5 239 239 406 406 406 448 573 594 594 
141 154 154 163 163 241 660 730 730 739 753 753 753 753 
8 8 10 10 10 170 170 195 257 288 300 312 312 343 433 433 435 435 443 607 

117 117 192 228 342 342 342 643 643 643 667 
225 225 225 


229 229 284 684 684 
41 224 224 
281 
555 555 734 739 
569 665 733 733 
279 589 
312 452 
184 184 203 253 253 679 679 
399 672 672 726 
470 470 

366 
5 5 

367 
36 
704 
498 741 741 741 
721 727 727 
60 
588 588 
42 42 502 668 
512 607 666 
37 37 733 749 
157 157 577 577 577 
307 307 
72 72 312 318 701 
342 342 547 675 
5 5 5 213 213 405 700 
213 431 431 
2 2 83 83 192 192 192 224 224 277 317 342 342 381 381 677 677 
5 33 33 216 370 


642 

215 354 456 456 469 469 
9 381 582 
490 490 496 496 

507 507 658 658 748 
21 614 614 626 
203 552 552 
69 342 466 466 466 
65 

739 
158 616 
326 326 
739 755 
748 
708 


80 315 455 455 612 612 
73 702 702 741 741 741 

5 55 484 484 614 614 

207 588 588 765 
5 354 354 354 354 527 527 

342 667 
16 16 457 611 611 

650 739 

80 80 
64 
60 459 590 747 
69 111 111 203 263 341 341 
134 616 
13 13 13 67 67 67 304 354 362 409 409 461 461 710 730 730 730 

254 522 522 
278 561 561 
5 80 80 353 452 484 484 484 504 
393 579 579 579 581 581 

221 447 

0 243 586 586 
320 415 415 415 703 703 
72 72 81 81 206 331 
5 54 


371 654 
254 254 667 667 
595 
56 687 687 687 
4 208 357 


297 
75 
343 
94 94 546 679 
430 
22 22 22 333 547 
756 
742 742 
449 690 
402 558 622 

83 117 117 117 582 582 582 
415 674 

81 312 422 
203 540 541 541 577 
544 605 668 668 668 695 695 
16 16 602 
203 253 253 516 648 
363 524 532 696 696 
213 442 667 
244 
26 26 26 51 51 58 94 129 157 196 199 218 218 253 262 264 264 301 301 322 322 322 337 337 341 341 341 341 342 342 374 374 377 377 386 386 399 467 467 486 486 544 555 570 570 570 625 648 648 715 
542 542 
343 739 
170 661 661 
146 620 620 
178 
246 
5 212 446 
286 286 
210 253 
5 5 67 67 115 115 116 201 222 225 225 234 273 353 373 446 498 504 593 620 646 646 656 689 719 719 719 760 
3 7 7 16 741 
123 456 
5 118 
290 648 648 
23 23 203 203 
596 

5 5 166 387 387 
64 64 64 213 719 

88 88 117 117 381 381 438 750 
84 84 84 213 213 273 273 273 275 299 334 334 334 380 527 527 527 593 593 659 659 659 
428 
277 366 559 559 559 596 
83 
87 87 284 284 284 
482 482 
398 


213 367 367 406 595 
67 363 523 
737 737 739 739 
71 

5 56 56 79 79 580 580 590 590 594 713 766 

80 293 312 455 606 739 745 
503 713 
168 428 428 508 
202 
59 601 
209 337 342 
341 341 752 
708 708 


364 371 371 419 506 506 612 

45 45 45 94 94 199 199 203 212 377 518 697 
6 161 175 175 372 
56 
679 679 679 
10 72 72 81 371 529 696 701 721 
16 16 16 379 379 
740 
22 531 
39 287 333 333 401 401 415 541 633 633 
203 648 
157 626 626 
203 203 
10 10 58 727 
462 712 712 
725 

284 372 372 
286 286 
47 582 582 582 
5 5 5 466 523 523 523 523 
213 225 225 225 643 760 760 
10 705 739 
225 
718 718 
117 227 413 413 413 577 577 
16 16 162 287 364 404 432 432 476 476 600 
92 
590 
89 

726 
87 229 229 229 269 548 548 548 
10 75 715 715 715 
69 211 211 270 270 335 335 335 341 
35 35 261 278 434 434 
29 29 29 29 81 667 
388 388 582 
217 
703 
63 739 
241 
38 298 341 341 584 691 692 739 739 
488 488 488 731 
15 16 326 424 473 475 505 
181 556 556 
294 319 671 696 739 739 
225 363 
10 10 81 
28 203 203 467 630 715 715 723 
355 393 
26 26 428 652 
159 575 575 
67 446 446 446 
48 706 
5 5 112 112 560 716 716 
638 
691 691 
361 361 361 607 607 
26 26 
81 81 93 113 195 241 342 381 402 701 739 739 
708 708 

141 378 378 620 620 
343 585 585 
117 564 564 
113 354 360 
298 707 
169 508 736 736 
548 548 
203 203 203 
42 
678 708 
708 
135 135 296 

377 
708 708 
601 664 664 
170 566 
577 577 
186 261 261 364 364 386 386 386 547 547 547 626 626 633 633 658 702 702 702 
225 225 225 
286 286 286 
633 
203 203 246 465 704 704 
30 
37 37 534 534 733 
448 579 
157 157 203 203 203 203 247 247 286 294 294 464 544 544 578 578 684 720 720 
26 26 26 51 51 83 83 83 114 114 117 117 130 149 203 203 246 312 399 399 399 428 428 444 444 465 518 518 518 532 532 532 532 643 643 653 653 667 667 739 762 762 
8 81 183 205 316 585 640 729 729 761 
466 

632 690 
592 592 
441 562 562 
427 
753 753 753 753 

36 395 412 
163 213 
67 123 147 147 147 147 159 318 527 
302 
621 
178 
424 621 
461 461 
318 
310 310 310 561 561 611 611 
159 432 
200 235 299 406 406 498 498 530 576 576 
251 278 333 333 515 515 
59 744 
98 227 510 739 739 
101 234 234 719 719 
512 
617 705 
5 118 
174 251 251 257 523 658 658 658 690 
32 254 269 269 548 
213 
203 203 544 544 
55 
12 12 16 
203 203 253 328 554 648 648 697 
315 315 744 
26 258 258 
225 
10 10 72 117 117 124 224 224 312 
413 413 582 739 
67 523 523 756 

26 26 579 579 
25 25 25 203 203 333 333 333 449 
5 70 70 221 221 649 649 649 649 716 
289 289 696 739 
739 
16 16 591 601 
614 723 739 739 

164 302 544 544 625 625 

5 5 36 36 66 352 682 

515 515 
231 667 667 690 
95 203 342 342 342 685 

261 261 
190 312 657 
448 448 
278 522 
59 59 115 
79 79 79 234 363 363 
601 

159 159 640 640 
546 546 
455 455 
36 66 66 352 
277 277 277 382 382 558 
589 589 
39 169 169 169 193 261 
19 19 665 
500 500 500 
739 
5 5 251 693 
633 708 

195 571 
706 
296 358 473 621 
617 617 617 
498 498 
2 2 349 
26 26 226 243 243 303 342 342 
16 553 553 
185 
116 116 
35 35 278 278 362 677 677 
81 81 
287 287 699 699 699 699 
81 81 634 634 

672 739 
224 758 758 758 
569 
662 
348 
201 626 629 629 747 
81 
342 342 489 643 704 

67 67 210 213 305 305 305 503 523 523 760 
166 601 601 
79 340 403 403 511 
25 25 189 386 733 733 

5 
93 163 
720 
626 626 
141 141 241 411 411 
25 123 123 215 
150 583 
490 490 490 
46 156 

159 159 359 359 710 710 
266 594 

341 
337 342 
5 17 130 130 130 272 344 
203 203 301 727 727 

123 123 
96 96 

526 
16 296 424 642 642 642 
554 761 
296 
278 278 633 640 739 739 
499 
33 33 


23 23 722 
230 230 

5 5 144 144 163 163 163 623 
16 626 626 
203 203 565 565 
610 
5 295 295 295 
6 6 444 497 497 639 639 667 667 667 
125 125 458 458 458 709 

16 57 
14 727 739 739 

507 601 695 
125 125 
489 489 695 695 
104 213 363 363 426 426 
64 477 
417 417 417 588 
23 
108 
56 242 446 
163 213 595 
296 
251 251 
127 127 495 693 695 695 
243 320 566 566 
633 
366 725 
448 739 
109 368 
703 
529 
364 364 397 397 
199 615 
62 
253 342 342 342 681 
74 74 705 705 
720 720 
22 67 565 
161 161 404 
67 235 272 272 272 272 371 383 383 446 446 
200 716 
716 716 
472 
67 147 147 225 225 225 354 710 
563 
10 10 257 514 596 596 649 649 649 705 721 766 
363 
260 
200 342 342 342 342 696 717 739 745 745 
31 
339 339 

643 
5 719 
563 742 

26 196 
196 196 261 
204 204 
544 
197 203 341 341 374 374 393 393 543 
612 612 732 
184 410 410 
16 16 16 114 186 333 333 333 563 563 573 702 
3 16 284 284 284 321 321 372 739 


65 65 637 
129 129 
16 429 429 
377 474 
90 90 203 
29 35 297 297 
5 21 622 626 
190 413 632 
227 227 227 
307 
16 162 162 361 361 615 615 615 
348 348 661 
528 538 547 547 669 742 742 
317 317 613 
486 486 521 705 
331 508 508 

26 
16 16 91 439 
203 203 203 660 660 
422 
678 678 756 
79 547 
10 16 739 
304 304 
363 363 
111 111 111 196 277 277 332 332 603 
341 341 648 
164 164 164 340 385 385 602 757 757 
239 239 594 601 601 601 601 766 766 766 
164 164 706 
9 9 124 192 192 192 271 271 271 289 382 737 764 
56 457 739 
294 636 636 
43 316 316 343 642 743 743 761 761 
7 168 168 
649 658 658 
48 48 107 107 146 146 500 
92 414 414 
156 239 239 280 757 
16 390 601 
347 347 
213 225 225 
5 5 5 79 79 239 462 580 
176 234 504 728 
219 227 529 529 693 693 725 725 


10 
16 278 
16 49 245 330 390 407 447 447 495 580 580 580 580 591 602 613 647 664 664 695 730 
198 579 601 665 
577 

197 
241 
81 109 310 310 

30 30 
487 686 686 
150 150 361 361 
141 141 251 545 545 
564 601 746 
128 128 144 144 391 695 
516 561 561 561 
134 158 
369 425 425 425 

745 
207 207 213 315 315 
356 358 424 
190 557 650 739 
484 

203 393 393 
16 16 21 128 263 263 333 333 442 454 454 485 485 557 
667 

442 442 
301 

346 558 
3 16 261 261 333 333 336 420 476 509 708 
435 435 669 669 
5 759 
584 584 671 671 671 
65 551 
308 
5 5 5 5 68 489 489 667 
343 409 409 476 

121 473 473 473 585 
83 83 83 273 342 342 444 536 667 667 

35 35 
213 213 
601 730 
199 203 203 217 217 262 377 377 578 
72 387 387 387 387 529 529 529 587 
21 152 622 
654 654 
303 
342 342 
5 5 174 651 651 

213 
402 
127 127 333 371 371 371 587 587 690 
225 225 225 
80 570 570 
206 206 562 
440 756 756 
682 
330 330 601 601 695 695 
91 416 602 
109 
75 83 149 175 175 201 288 342 342 398 398 489 489 489 627 639 643 643 739 762 
108 197 197 197 
6 563 634 634 

298 636 636 636 
95 95 437 
674 674 
193 673 673 690 
114 

117 117 432 432 
324 572 572 733 
94 94 184 256 256 256 

30 518 
5 395 663 

87 87 341 
399 
610 610 
49 177 177 177 739 
739 739 739 
213 
189 346 371 398 658 674 
294 309 309 758 
294 
419 507 596 596 

197 197 495 497 497 507 507 601 614 664 664 
200 200 257 298 388 532 739 
253 377 
725 725 
434 434 434 434 
5 115 
113 257 312 705 705 705 
16 16 142 142 333 333 333 547 
169 169 291 513 
103 337 337 444 
274 369 519 519 529 565 701 701 701 755 
306 423 581 
15 319 
1 138 248 248 313 313 324 325 329 329 420 633 733 753 756 
490 
159 461 461 527 
50 
26 266 266 
56 239 242 
739 
203 285 285 285 301 301 
70 70 307 307 387 524 525 525 
532 
276 276 
5 213 213 213 222 367 367 537 
69 341 341 453 520 520 
105 257 529 
481 
301 391 
16 
267 510 596 596 698 698 
95 283 
18 105 105 265 467 467 493 
595 
343 343 
80 80 159 159 159 601 647 
27 295 
545 
37 91 91 110 339 449 449 678 708 749 749 753 756 
90 

47 320 320 
236 236 582 739 

10 16 68 80 90 133 136 152 205 236 236 241 274 292 294 294 298 298 312 312 342 366 366 382 388 389 391 391 418 437 476 476 493 493 511 532 548 574 583 622 667 687 688 688 688 696 714 737 745 745 748 751 751 
259 
7 16 34 73 73 104 104 104 142 142 142 214 
188 188 538 563 563 
585 585 
365 378 765 
241 532 532 619 739 739 
613 
156 442 
127 137 739 
110 733 733 
224 
739 739 
247 
25 25 80 80 80 80 350 350 350 350 708 733 

10 136 705 
187 383 572 662 662 708 733 
579 579 590 
438 438 438 691 
5 635 
213 273 273 446 
343 474 585 585 
342 342 667 

9 582 
146 744 
239 529 580 580 580 
5 5 
