nodes: 768 edges: 2371
5 168 168 168 586 
138 138 138 708 708 
65 117 553 553 553 553 
214 633 
178 178 178 341 341 341 357 
0 6 17 53 53 55 59 59 79 101 115 115 118 144 144 147 147 163 163 174 174 194 194 210 210 213 216 216 216 221 240 240 240 272 307 348 348 370 370 387 395 419 419 419 448 451 451 451 466 484 484 506 537 537 557 594 594 598 623 623 635 639 639 639 651 651 654 654 663 663 663 682 700 700 700 719 719 739 739 739 759 767 767 
5 405 489 669 669 669 
214 214 586 741 741 
81 81 93 343 343 724 
124 582 764 
81 81 252 252 257 257 265 265 265 274 274 300 300 300 300 300 381 381 445 529 529 529 599 599 599 599 599 739 739 
537 719 
16 376 
67 159 159 159 159 238 354 
455 455 493 493 739 
319 319 376 707 707 707 707 
12 18 35 57 57 78 78 150 150 198 198 214 214 214 258 278 278 296 321 321 321 333 376 376 376 376 378 390 390 390 394 394 429 442 442 473 473 479 485 492 505 505 547 547 548 548 548 553 553 561 561 561 569 569 591 591 591 601 601 601 611 624 626 633 633 702 709 724 739 739 741 741 
5 712 739 
16 34 727 741 741 
416 416 

128 128 557 557 626 650 650 
67 67 67 67 67 186 186 186 186 186 260 521 521 
218 218 481 481 
312 
386 386 386 449 449 449 449 456 456 456 456 753 753 753 
41 41 88 148 203 303 303 303 303 311 311 328 342 342 379 379 385 385 428 462 462 540 540 568 568 712 
30 
203 203 203 301 328 
35 35 288 288 471 471 
27 203 338 338 609 609 
533 
372 372 372 372 516 711 
118 118 118 207 207 478 478 478 478 686 
18 741 
16 29 29 73 287 287 287 297 400 400 432 432 432 556 556 645 670 741 741 
102 352 395 395 412 412 
110 339 339 733 
294 294 298 298 298 
261 261 261 355 415 415 
122 
26 26 88 342 342 
48 48 108 108 108 323 421 
50 50 50 189 585 
337 337 
212 212 212 253 253 541 

112 171 221 736 
42 42 306 421 588 588 658 658 658 
351 351 368 368 368 601 601 613 687 
43 43 43 312 711 
203 203 342 666 
583 
5 5 
171 171 171 171 600 
5 144 144 375 623 651 
64 64 86 156 156 177 239 242 242 255 503 503 713 713 
16 16 102 102 102 
203 203 265 265 265 
5 5 245 245 245 405 405 
106 106 156 156 156 156 
444 
517 517 599 599 599 
292 292 
56 56 156 222 222 222 222 223 239 255 499 499 499 
2 117 381 381 551 551 637 
412 412 412 
13 22 22 22 22 22 120 120 159 159 159 159 213 232 235 260 260 305 305 305 354 354 354 383 397 446 521 521 523 
75 233 739 
130 157 157 286 286 286 286 286 720 720 
307 387 387 387 716 
268 625 
113 113 170 170 170 257 257 381 381 
35 142 142 142 741 
519 519 519 519 
68 182 182 182 285 502 570 667 
402 402 
352 352 
16 16 473 
5 239 340 340 406 448 448 448 451 573 594 594 594 594 597 597 
154 163 163 241 622 622 660 660 660 660 730 730 739 753 753 
8 8 10 10 170 195 195 288 300 312 422 422 433 435 435 435 443 443 599 599 

117 117 342 342 417 500 500 500 526 643 643 680 
225 
580 
56 
229 229 229 284 284 684 684 684 
26 41 224 224 342 444 
281 281 281 281 536 633 
555 734 734 739 
569 665 733 733 
279 
8 205 205 312 452 
184 212 253 253 679 679 
399 399 672 672 726 726 
470 470 627 627 667 667 
342 342 667 
121 366 366 


5 367 367 367 367 533 
36 57 57 57 
130 342 342 
741 741 
467 529 721 727 727 
60 60 156 156 
283 283 588 588 588 
42 42 42 312 312 502 739 739 739 
203 203 203 398 398 398 607 607 666 666 735 
37 749 749 
157 157 577 577 577 577 
47 307 307 307 
72 72 257 312 701 701 
342 428 428 547 547 675 
5 5 213 405 405 405 635 
213 213 431 
2 65 83 83 192 192 212 277 277 277 317 342 381 381 381 677 677 683 683 
5 33 33 33 122 216 348 370 478 478 
424 424 434 
67 67 
98 501 642 642 642 739 
40 118 565 565 565 
215 215 354 456 469 469 
9 582 582 
171 490 
289 289 289 584 737 737 737 
507 637 658 658 729 748 748 748 
21 21 614 626 626 626 
203 399 552 552 552 592 592 592 672 672 
69 103 342 466 466 466 
637 
595 
739 739 
158 158 158 
326 326 326 
739 755 
748 748 748 
1 1 1 313 708 
739 
387 716 716 716 
315 315 455 612 612 612 612 
73 73 73 702 702 702 728 728 741 

5 5 55 55 163 484 506 614 614 614 614 614 

207 588 765 
5 5 354 354 354 354 527 527 651 
26 568 
342 667 
16 16 214 457 457 457 457 611 611 629 
686 
650 739 
192 317 339 
80 
289 
56 56 60 60 60 60 64 106 106 239 280 280 280 399 460 463 463 
69 69 111 111 203 203 263 263 341 341 341 520 520 720 
134 134 134 725 
13 13 13 13 67 67 67 67 238 304 304 354 362 409 461 461 710 710 730 
342 520 
254 254 522 522 
278 278 561 
5 5 80 80 144 353 484 504 730 730 730 
393 393 579 579 581 581 
584 
447 447 447 
203 203 247 
0 0 0 243 243 586 586 
320 320 415 415 703 
72 72 72 81 206 206 331 331 435 435 599 
47 54 54 54 54 125 496 


5 5 654 654 654 
254 667 667 
504 595 595 595 
56 342 687 687 739 
4 4 4 208 208 357 
489 

532 532 532 745 
75 75 75 197 197 197 

94 256 546 546 546 546 679 679 679 
430 739 739 
22 22 22 22 22 547 
756 
742 
43 288 449 449 
558 622 657 739 739 748 
247 247 
117 117 153 317 317 582 
415 464 464 464 674 690 
5 5 210 210 210 
81 81 312 312 312 422 422 422 
203 203 541 541 577 577 577 
182 182 182 544 605 605 605 668 668 695 695 
16 16 416 416 601 602 664 
203 253 253 253 253 516 648 648 
524 532 532 696 
242 242 242 242 442 442 442 667 667 667 
244 244 723 741 741 
26 28 28 28 30 51 51 58 58 109 109 109 129 157 157 167 167 196 196 199 253 262 264 266 290 290 301 301 322 322 337 337 341 341 341 374 377 399 423 467 467 467 482 486 540 544 544 555 570 570 570 570 577 577 592 609 609 681 715 
542 
93 93 739 739 739 739 
170 170 599 599 661 661 
33 33 146 620 620 633 633 633 655 655 
178 178 247 
246 246 246 342 342 626 
5 5 194 194 194 212 725 
286 286 
45 45 45 94 117 210 253 253 
5 67 115 116 116 222 225 225 225 234 273 273 353 373 373 471 471 498 498 504 504 504 593 593 595 620 620 620 624 646 646 656 656 689 719 719 760 760 
3 7 7 16 16 16 150 395 395 741 741 
123 123 354 354 456 456 456 
5 5 5 118 437 
648 648 
23 23 262 
227 227 227 559 596 596 
324 
5 47 387 
64 64 64 64 213 401 401 719 719 
64 255 255 
88 88 336 336 342 342 381 438 750 750 
84 213 213 213 273 273 275 275 299 299 299 334 334 334 380 527 527 527 527 527 542 593 593 659 659 659 659 738 
428 755 
219 219 219 366 559 559 596 

87 87 87 284 
482 482 482 707 
264 264 264 
67 
68 
213 367 595 
67 363 523 702 
622 737 737 737 739 739 739 739 

13 159 289 
56 64 79 156 242 248 408 408 580 590 590 594 713 766 766 
5 5 5 
80 293 293 312 315 455 468 739 
56 56 201 201 201 201 239 713 713 
168 168 
202 202 
59 59 59 601 
209 209 209 337 337 337 342 342 456 
167 191 191 208 341 706 716 752 752 
239 

424 
364 364 364 371 371 371 506 523 523 612 
10 10 705 705 
45 45 94 94 199 199 199 199 203 212 212 518 697 
161 161 175 372 489 667 
56 64 223 223 
184 679 679 
10 10 72 72 113 371 529 529 701 721 729 
16 379 379 696 739 739 
278 740 740 740 
22 67 67 397 435 531 531 531 
39 39 39 287 355 355 401 401 401 401 415 415 541 541 541 633 633 655 655 655 
203 218 648 673 
157 157 626 626 626 626 
203 231 231 231 328 328 
10 10 10 58 58 58 688 727 727 727 739 739 
203 462 462 568 568 568 712 
366 366 725 725 
71 298 298 
284 284 372 372 372 548 
286 
535 582 582 
5 466 466 523 523 523 
213 213 225 225 334 334 446 659 760 760 
10 10 445 445 705 705 739 
225 225 542 

117 117 117 413 413 577 577 577 
16 16 162 162 259 287 364 404 404 432 432 432 432 476 477 522 600 600 600 
92 312 312 
156 156 156 590 
89 89 89 89 

107 107 399 399 726 726 726 726 726 
87 87 229 269 269 548 548 674 674 674 674 
75 715 715 
69 69 69 69 69 211 211 270 335 335 335 341 464 464 
35 35 35 261 278 434 434 434 746 746 
29 29 81 189 667 762 
126 126 126 155 238 388 388 388 548 582 
203 203 648 648 

63 63 366 366 470 739 739 
241 241 
38 38 298 309 341 341 341 341 558 584 584 636 636 636 691 692 692 692 739 739 739 739 
321 321 321 321 488 488 488 731 
16 326 326 376 424 479 479 505 505 
35 556 556 556 680 
38 38 38 268 268 294 319 487 636 642 642 671 686 696 
225 225 225 363 363 363 406 406 406 498 498 626 
10 10 10 10 10 81 422 
28 203 203 359 715 715 723 
355 355 393 393 393 393 
26 26 26 26 428 428 428 
159 159 409 575 575 575 575 
67 67 67 446 
48 658 658 658 658 658 706 
5 70 112 112 112 560 560 560 604 604 693 716 736 736 
638 
294 
361 361 361 515 515 515 
26 26 385 385 715 715 
24 50 81 93 108 108 113 195 195 195 241 279 279 402 402 402 625 701 711 711 718 718 718 718 739 
138 708 708 
409 
141 141 241 378 378 620 620 
343 530 585 585 585 
117 153 192 192 564 564 564 
360 
15 15 298 671 707 707 
169 169 508 508 736 736 
16 16 16 295 295 295 295 
203 203 
42 
220 662 708 708 756 756 756 
708 
135 135 135 296 296 505 505 

26 28 264 264 377 
563 563 563 563 708 708 
601 601 664 
170 170 566 

16 364 386 386 386 601 626 626 626 633 633 658 658 702 
225 225 225 273 273 
286 286 286 
224 224 589 633 633 
44 44 203 203 246 246 246 465 465 465 704 704 
30 30 563 
37 37 153 
79 79 448 
4 4 4 157 157 157 203 203 203 247 286 294 294 294 294 464 464 544 544 684 720 720 
26 26 41 41 51 83 83 88 97 97 103 103 114 117 130 149 160 177 209 209 224 224 246 246 399 444 465 465 532 532 532 532 539 643 643 653 653 667 667 704 704 739 762 
8 8 316 433 585 585 640 729 729 729 729 761 
466 466 

632 632 632 
475 592 766 
5 5 118 562 562 562 661 661 661 
427 427 427 695 
622 622 753 753 753 753 753 
49 49 
36 77 77 395 395 412 412 412 412 472 472 526 
163 213 
13 67 67 67 123 147 147 147 147 159 215 215 469 527 527 
39 261 261 302 302 
621 621 621 621 712 
4 178 
424 424 
301 461 461 
318 469 
310 310 310 561 561 611 611 
159 432 432 432 432 
235 299 299 299 406 406 406 495 530 576 576 763 763 763 
251 251 251 278 333 515 

98 98 227 267 267 292 292 470 470 510 510 725 725 739 739 751 751 
101 101 101 101 234 494 719 719 719 742 742 
49 49 49 512 512 512 
705 705 705 
5 5 118 
251 251 251 257 523 523 523 658 658 658 690 690 
32 32 32 32 254 269 269 269 548 548 
213 213 595 
203 544 544 
55 
12 15 16 16 16 16 296 
203 328 425 617 617 648 648 648 697 697 
16 315 315 744 744 
26 26 258 258 
225 569 
10 10 65 65 72 72 117 117 117 224 
413 413 413 582 582 582 582 739 
67 523 523 756 756 
728 
26 26 311 311 579 
25 25 25 333 333 333 449 449 
5 70 70 70 140 221 649 649 649 716 
289 289 289 696 739 
739 739 739 739 
16 16 16 591 591 601 
574 723 739 739 

164 164 302 302 302 302 544 544 544 544 625 634 634 
16 16 429 429 429 
5 36 36 214 214 352 352 663 

67 260 515 515 515 515 
109 109 109 667 667 667 
95 95 129 156 203 283 283 342 552 
35 35 
222 222 261 261 261 261 
76 76 312 312 312 657 739 
448 448 758 758 760 
278 278 522 522 
6 59 59 115 115 115 579 635 635 
79 299 299 299 363 363 363 498 498 
421 591 601 
239 239 517 
159 304 314 640 
546 546 
455 455 
36 36 66 66 66 352 352 352 352 
277 277 382 382 382 558 739 
589 589 589 
39 39 169 169 193 261 261 
19 19 198 198 602 
83 500 500 500 646 646 646 646 646 
511 511 648 739 739 
5 5 5 693 
633 633 708 708 
42 48 407 549 549 
81 81 195 195 195 300 436 571 571 571 
203 706 
119 119 250 296 358 358 473 621 719 
377 617 617 617 617 617 
498 498 
349 349 349 
26 114 114 226 303 303 303 478 478 508 566 566 652 754 
16 394 394 394 553 553 553 
185 499 499 
116 
35 35 35 278 278 278 278 362 362 362 362 677 677 677 740 740 
81 343 
119 287 287 287 595 699 699 
81 81 81 170 170 260 634 634 
422 
216 672 739 
224 758 
545 569 569 569 612 612 
646 646 662 662 

16 16 201 201 201 626 629 629 629 629 629 747 
81 81 551 551 
61 88 342 643 704 
10 274 274 
67 273 305 505 523 523 523 760 760 760 760 
166 166 166 601 
5 79 79 79 340 403 403 
25 25 25 25 189 189 386 386 733 
748 
5 5 5 79 533 
93 589 633 
720 
626 626 626 
14 14 141 241 411 411 532 
25 25 25 25 123 215 215 215 246 
150 150 150 150 583 583 
490 490 490 490 
612 
156 
159 159 359 359 710 
26 26 266 266 
156 156 
193 193 193 286 286 341 341 
337 337 337 342 342 
5 130 130 130 272 272 344 344 
105 203 203 203 727 
241 
123 123 354 360 
96 96 292 366 366 
29 29 213 213 
352 352 526 526 733 
16 16 78 424 642 
554 554 
347 
278 633 633 640 739 739 739 739 739 
278 499 499 499 
33 33 33 33 118 118 428 428 
16 296 296 
532 532 
23 23 501 501 722 722 
203 230 230 230 

5 5 144 163 580 
16 626 626 
203 565 
298 558 558 558 610 
295 295 295 
6 179 254 497 497 497 639 667 667 667 704 704 704 704 
125 458 458 458 458 709 
503 
16 
14 14 727 739 739 739 
367 
363 507 601 
171 
489 489 489 695 695 695 
213 213 299 299 406 406 426 426 
64 64 64 430 430 477 477 477 
83 83 83 417 417 417 
121 481 481 
75 108 667 667 697 697 697 
56 56 491 605 
163 176 213 213 213 595 595 
16 16 296 296 326 326 446 
5 144 251 
127 495 664 693 693 695 695 
320 320 428 566 566 
633 
366 366 725 
418 418 739 739 
368 368 368 
716 716 
529 
310 310 310 364 397 397 397 397 
32 199 615 615 638 711 
62 62 408 599 599 599 
253 
74 74 74 74 705 705 
157 157 160 720 720 720 
22 22 67 67 565 
161 161 278 404 404 
67 235 251 251 272 272 272 371 371 371 383 383 446 446 446 
200 696 716 716 716 
716 716 
83 352 472 472 733 
147 147 225 225 225 225 225 354 354 710 710 710 
669 
10 10 10 105 257 257 514 596 596 649 705 721 721 721 
316 363 576 576 763 763 763 
260 260 260 
181 181 181 200 200 342 342 342 342 455 480 480 717 739 739 739 745 745 745 745 
31 101 451 

271 
89 643 
5 5 11 719 
742 742 
342 
26 26 203 
45 196 196 261 261 261 
204 225 275 593 593 738 
544 
197 203 203 341 341 374 374 393 393 393 393 543 
439 612 612 643 732 732 
184 184 184 184 410 410 643 643 
16 16 114 114 186 563 573 573 702 702 
16 16 16 269 284 284 289 372 372 739 739 
421 421 
741 741 
65 65 443 443 637 
129 129 129 399 
2 2 2 2 16 16 429 429 429 
474 474 697 697 
90 203 
35 35 297 297 297 
5 21 21 622 622 662 739 
190 294 413 487 487 487 632 632 
219 227 227 
307 307 307 
16 16 16 162 361 361 569 569 615 615 
348 348 348 661 
329 329 329 329 338 547 669 742 742 742 
317 317 317 
122 122 122 486 521 715 715 715 715 763 
331 428 428 508 508 
651 663 663 663 
26 26 148 266 266 266 615 615 615 615 615 
16 16 91 380 439 439 439 561 561 615 615 615 615 
75 203 203 203 203 660 
422 422 422 
678 678 678 756 
79 547 547 
391 
304 304 304 304 613 613 613 
363 363 530 530 
111 111 111 111 196 196 196 203 203 277 277 277 603 
648 
164 164 385 405 602 602 757 757 757 
85 239 484 601 601 601 766 766 766 
164 164 706 725 725 
9 124 124 192 271 271 289 382 382 382 382 632 737 737 764 764 
52 457 457 667 739 739 739 
126 165 294 294 636 
43 316 316 316 343 343 642 743 761 
0 7 168 168 
658 658 
48 48 107 107 107 146 
336 414 414 414 452 633 633 
239 239 280 757 757 
16 16 16 390 390 407 601 601 601 
129 129 129 203 347 
213 213 225 225 542 542 
5 5 79 79 79 79 239 
132 176 176 176 213 234 373 434 504 504 728 728 
219 219 227 529 529 693 693 725 725 
79 79 
5 
10 10 10 10 10 62 62 62 81 81 170 206 206 517 517 517 661 661 
54 278 278 278 
16 16 16 49 49 198 245 330 330 333 390 407 447 495 580 580 580 591 591 591 613 613 647 647 647 647 660 660 664 664 664 730 
198 416 579 579 
577 
307 307 
197 197 197 503 

109 109 
649 
30 30 203 203 681 
487 686 
16 150 150 361 361 
141 141 141 141 251 439 439 459 545 545 
49 575 575 575 601 601 746 746 
128 144 144 144 144 144 
516 516 561 561 568 568 568 568 568 569 569 569 569 
725 
377 377 425 425 425 425 425 648 

694 694 694 
207 207 213 213 213 315 315 
356 356 356 356 424 659 
80 80 190 236 350 350 557 557 650 
5 5 55 
16 213 
71 312 393 
16 21 128 128 128 209 263 263 263 263 299 333 333 333 442 454 454 454 485 485 
96 96 667 

150 442 442 442 442 442 

714 714 714 714 
346 346 346 558 558 582 739 
3 16 16 89 207 207 207 261 261 333 333 336 336 420 420 452 476 476 509 589 589 708 708 
393 393 435 435 669 669 669 
5 115 405 405 759 759 
294 294 294 298 584 671 671 
65 127 131 551 
308 516 
5 5 5 489 667 667 
343 409 476 

121 121 121 298 298 473 585 739 739 739 
83 83 342 342 444 536 545 546 546 667 

35 741 741 
213 213 417 417 417 417 417 440 440 653 
601 601 601 601 730 730 
199 199 217 217 262 290 290 377 377 377 418 578 617 
387 387 387 529 608 
21 21 152 622 
5 5 55 147 567 654 654 
428 
342 342 646 
5 5 174 174 174 651 651 
207 207 261 261 261 
213 213 
190 402 
48 48 48 127 127 306 306 306 306 306 333 333 371 371 371 587 587 674 690 690 
225 225 225 225 273 621 
80 80 80 80 570 601 601 730 
206 206 348 348 348 562 599 599 
324 440 440 557 733 733 756 756 756 
5 5 5 395 567 567 567 
198 330 507 601 601 601 695 
91 679 
51 109 109 
75 96 96 97 149 175 175 201 201 201 254 288 342 342 398 398 398 489 489 489 502 502 583 627 639 639 643 739 739 762 
197 197 739 
6 6 6 528 563 634 634 634 
35 
298 319 636 636 
95 95 129 129 437 
262 674 674 
193 284 284 284 284 658 673 673 690 690 
114 

117 117 432 432 432 
572 572 572 733 733 756 
94 94 184 184 184 256 256 665 
83 297 
203 609 
5 
117 117 
87 87 87 341 706 

33 151 298 610 
49 177 177 737 739 739 
265 739 739 739 
213 739 
193 371 371 658 658 674 674 
294 758 
294 294 294 
307 419 507 507 596 596 
619 619 619 
197 197 349 497 497 497 507 507 664 
200 258 298 388 524 717 717 717 739 739 739 
253 377 377 502 502 502 554 554 
725 725 
434 434 
5 5 5 
113 113 257 312 705 705 705 
16 142 142 142 235 333 547 547 
169 716 
337 337 342 342 444 489 489 489 489 
252 252 274 274 369 369 369 519 519 529 701 701 701 755 755 
247 306 423 581 684 
15 15 15 15 230 319 319 
1 1 138 313 313 324 324 325 329 329 420 420 633 633 733 733 749 749 749 753 753 756 
16 490 747 
159 159 461 527 527 527 
32 50 312 312 516 
17 26 266 356 
56 56 239 242 242 
631 631 631 631 
203 285 285 301 301 311 311 565 565 565 565 
70 140 140 140 247 307 387 513 513 524 524 524 525 525 703 
532 696 696 696 
312 312 312 312 
5 5 11 213 213 222 222 367 367 367 424 537 
69 69 157 341 341 453 520 520 520 
105 257 529 529 529 
481 481 
202 301 391 
8 16 
158 210 267 267 366 366 510 581 581 596 596 616 698 698 
95 95 283 283 283 283 283 
18 105 105 265 265 265 467 493 
142 142 384 595 595 
127 257 343 343 343 343 
80 80 159 163 163 163 601 647 647 660 
295 
545 545 
37 91 91 449 472 526 662 662 678 678 708 708 749 749 749 753 753 756 756 756 
90 90 
109 741 
47 307 307 320 320 
126 126 126 236 236 236 582 582 687 739 
225 542 
5 5 5 10 10 14 16 16 17 68 80 90 108 108 108 121 133 133 136 139 152 177 185 185 190 190 205 205 205 205 236 236 236 236 241 258 258 265 265 274 292 292 294 294 294 294 312 342 366 366 382 388 389 389 389 389 391 391 402 413 418 418 437 476 476 476 476 476 493 493 493 511 511 532 532 532 548 548 557 583 583 583 632 642 642 642 667 667 668 687 687 688 688 688 689 696 696 696 737 745 748 751 751 751 
259 259 259 432 432 
7 7 16 16 18 18 34 35 35 73 104 104 142 202 202 214 214 550 550 645 645 735 
188 367 367 538 538 563 563 563 
585 
378 378 
181 532 532 532 532 739 
287 287 613 613 
442 709 
127 127 127 137 137 137 190 450 739 
110 110 708 708 708 733 733 733 
224 224 
366 366 739 739 739 
247 247 
25 25 25 80 80 350 350 350 350 350 708 708 733 733 
428 
136 226 705 705 
187 324 324 324 383 383 572 662 662 662 678 708 733 733 733 
579 579 579 590 590 
403 403 438 691 
5 635 635 
213 213 273 273 403 446 446 446 446 
343 585 
288 342 667 
363 363 363 530 530 530 565 
9 582 582 
146 
239 239 347 580 580 580 
5 5 
