nodes: 768 edges: 1446
168 
138 138 708 
65 282 427 553 553 

178 247 
53 53 59 79 79 99 115 118 118 147 147 171 171 174 194 210 213 213 216 221 221 239 240 307 307 348 370 387 395 395 395 419 419 448 466 488 531 537 557 567 594 594 635 639 651 651 651 654 663 663 682 682 719 719 719 739 759 759 767 
254 405 489 669 
214 214 741 
93 343 724 
582 764 
81 81 252 257 257 265 265 274 300 300 300 381 381 381 381 599 739 755 

16 16 376 376 
159 159 
455 493 
296 319 319 376 707 
12 12 198 214 214 278 296 296 321 333 333 376 376 378 473 485 505 547 548 561 561 569 574 591 591 600 601 611 633 633 702 724 724 739 741 741 

34 34 741 741 
416 
352 352 
557 557 
67 
481 481 501 
190 312 312 
386 386 386 386 449 449 753 753 
41 41 88 148 148 203 203 203 303 311 379 379 428 568 712 
203 
301 301 
35 288 471 556 
203 203 338 609 
533 
516 
118 478 478 478 
18 18 
29 73 287 287 287 400 432 556 556 645 741 741 
102 352 395 395 412 450 
733 
294 294 
261 
122 122 122 
26 26 88 342 
48 48 108 421 
50 
337 
253 
459 459 459 
112 112 221 
42 42 588 658 658 
351 601 601 
43 312 711 711 
203 342 342 666 
583 583 
5 5 
171 600 
375 375 651 
64 177 239 239 242 255 255 255 388 713 713 
102 
203 265 265 
5 245 405 
156 156 

517 517 517 599 
292 292 488 
56 156 239 255 499 499 499 
2 381 551 

22 120 159 159 213 213 213 235 235 354 397 446 446 446 523 527 
108 739 
130 157 286 720 
307 387 387 716 716 

113 113 170 170 257 257 381 381 
35 142 
406 519 
182 182 570 667 667 

352 
473 
5 5 239 406 406 448 448 451 573 594 594 597 597 
154 154 163 163 163 241 622 660 753 753 753 753 
10 10 170 170 195 257 300 312 312 422 422 435 599 599 607 

117 117 342 342 417 500 500 643 643 667 680 
225 225 225 



26 41 224 224 444 
281 281 281 536 
555 555 555 734 739 739 739 
569 665 665 665 733 733 
589 
8 205 312 312 
184 203 203 212 679 679 
399 672 672 726 
470 
342 
121 366 
5 

367 367 
36 57 
130 342 
498 741 
721 727 727 

283 544 544 588 588 
42 68 668 
512 666 
733 733 749 749 749 
577 577 
47 47 307 
72 72 312 312 312 
342 428 428 675 
5 213 213 213 405 405 
213 213 431 431 
83 83 212 224 224 277 342 342 342 381 381 381 381 428 628 677 677 677 677 
5 5 33 348 370 370 478 

67 
98 739 
40 40 40 565 
354 456 456 469 
534 
171 490 496 709 709 
584 737 
507 658 658 658 729 748 748 748 
614 626 626 
203 203 399 552 592 631 672 
69 103 342 466 466 


739 739 
158 158 616 616 
326 
755 755 755 

1 1 
571 
202 387 716 716 716 
315 455 455 
73 702 702 728 728 741 
401 
392 484 484 506 506 614 
523 523 523 
207 588 765 
5 5 354 354 527 527 651 
26 26 568 
427 
214 457 457 457 

739 739 
317 
80 80 

60 60 64 239 460 463 590 
69 203 263 263 341 341 
134 134 438 
13 13 67 67 409 640 710 730 730 730 

522 
278 561 
80 80 80 353 409 484 484 484 730 
579 579 579 581 

221 447 
203 203 
0 
320 320 320 320 703 703 
72 72 81 81 206 206 206 331 331 331 435 
5 5 54 125 496 
294 

5 371 654 654 
489 667 
595 
56 342 687 687 687 687 739 739 
4 208 208 

739 739 
532 745 
75 75 
343 
94 256 546 

547 
756 756 
742 742 

24 402 402 622 657 739 739 748 
247 
317 582 582 
415 464 674 690 697 
5 210 210 
81 312 422 
203 540 541 541 577 
544 668 668 668 695 
16 601 602 602 664 
203 203 516 
363 524 524 532 532 696 696 
242 442 442 667 
140 244 635 
26 26 26 27 30 30 51 58 94 94 129 129 157 167 167 196 199 199 253 253 262 264 266 301 301 322 322 322 322 337 341 341 341 341 342 342 377 377 386 467 540 544 544 544 555 570 592 609 609 625 625 648 648 648 715 715 

93 343 739 
170 170 170 599 661 
146 620 655 655 
178 178 247 
626 
5 194 194 446 725 
286 286 286 
94 117 
5 5 67 67 67 115 115 115 116 116 222 222 225 225 273 353 446 446 498 498 593 593 595 620 656 689 719 760 
7 7 16 16 150 395 741 741 741 
354 354 
5 
290 648 648 


324 
5 5 47 166 
213 213 401 719 719 

88 88 117 117 336 750 
84 84 84 213 213 273 273 334 334 380 527 527 527 527 527 593 659 738 

366 559 596 


482 
264 


367 367 595 
67 67 523 
737 739 739 


5 56 56 64 79 156 580 580 580 590 590 590 594 713 766 766 
5 
80 312 312 455 455 606 745 
56 201 503 713 713 
428 428 508 
202 
59 
337 456 456 
4 191 208 752 



364 364 371 419 419 419 523 
10 705 
45 203 203 377 377 697 
6 372 667 667 
56 56 56 64 
184 679 
10 10 72 72 81 371 529 696 701 729 
739 
740 740 740 740 
531 
39 333 333 355 355 401 415 541 633 633 655 655 
203 648 723 
157 157 626 
203 231 
10 10 58 58 688 727 739 
203 568 
366 725 
298 298 298 
284 284 372 372 548 

535 535 535 582 
466 466 523 523 
213 225 225 334 334 659 
10 705 705 705 

718 
117 413 413 577 
16 162 287 287 432 476 600 

590 590 
89 89 89 
2 
107 726 726 726 
269 269 548 
715 
69 211 211 211 335 341 464 
35 35 35 278 278 434 746 
29 627 667 
388 388 388 548 582 582 582 
217 648 

63 63 366 366 739 

38 38 172 341 341 341 584 584 636 739 
321 321 342 488 488 
15 16 16 424 473 475 475 479 485 505 
556 
268 268 268 487 642 671 686 
363 363 363 
10 10 10 81 422 422 
28 28 203 203 723 
355 393 
26 428 428 578 652 
409 575 
446 
658 658 706 
5 5 70 112 560 560 560 604 736 
638 

515 607 607 
26 385 385 
24 24 50 81 81 93 93 113 113 113 195 241 241 381 402 625 701 711 
708 
575 
141 378 620 649 
343 
153 192 564 

15 15 
169 169 169 169 
16 295 295 548 
203 203 203 203 
421 
220 708 708 756 756 756 
708 
135 

377 377 377 
563 563 708 
664 664 
170 170 170 544 566 751 

16 16 261 261 364 386 386 386 547 658 702 702 702 
225 225 273 273 
286 
224 633 
44 203 246 465 704 704 
30 563 609 
733 

157 157 203 203 203 203 286 294 294 294 464 483 544 578 578 706 720 
41 51 51 83 83 97 103 114 117 117 117 130 177 203 203 295 399 428 428 444 465 465 532 532 539 643 643 667 667 704 731 739 739 
8 183 205 316 433 433 585 729 729 729 




5 118 562 661 

753 753 
49 
20 20 36 77 412 412 472 472 526 
163 213 
67 123 147 147 215 215 527 527 
261 261 302 
712 712 712 

424 621 621 
461 
469 
561 

200 299 299 299 406 498 576 
251 251 333 515 
744 
98 227 267 292 292 470 510 725 725 725 739 751 751 
101 101 234 234 494 719 719 719 742 
512 512 
705 
5 118 118 
174 251 257 523 523 523 690 
254 269 269 

544 544 544 
55 55 
12 12 15 16 16 
203 203 253 253 328 328 328 425 648 648 697 
16 315 
26 26 
225 569 569 
10 10 10 10 65 72 72 117 117 117 117 312 
413 413 413 582 739 
756 

311 311 579 579 
25 25 25 25 203 333 333 333 449 
5 70 70 140 608 649 716 716 716 
56 289 289 289 696 696 739 
739 
601 
574 739 739 
144 
302 544 544 544 625 625 625 634 
429 
5 5 5 36 36 214 633 663 682 
760 
67 515 515 
690 
95 129 342 
35 
143 222 261 
190 190 312 739 
758 
522 
6 59 115 115 635 
74 79 79 363 
591 

159 163 304 640 640 
546 546 

36 352 352 
277 277 382 382 382 739 739 
589 633 
193 261 
19 665 712 
83 500 
511 648 739 
5 5 251 251 251 693 693 
633 633 633 708 708 
42 323 
81 81 195 300 300 436 

296 358 621 621 
377 617 
498 
2 149 
26 114 114 117 243 243 303 303 342 342 508 
394 553 
499 
116 116 
35 278 677 677 677 740 740 
343 343 
287 
81 170 634 634 634 
422 

158 758 758 
569 569 
646 662 733 

201 201 626 747 
551 551 
88 342 643 

67 67 67 210 213 213 305 505 523 523 760 
166 
5 79 79 
25 25 386 753 
36 
79 537 
627 
720 

14 141 141 241 241 
123 123 246 246 
150 150 150 667 
490 490 490 
46 46 46 545 545 612 
156 
359 

156 
193 286 341 
337 342 342 
5 130 130 272 272 
203 727 

123 360 
96 366 
29 
352 352 526 
16 78 296 642 
554 554 761 
296 296 
278 739 
499 499 
33 33 33 118 
296 

23 23 501 501 722 722 
230 
341 
144 144 163 163 163 580 
16 296 
565 
298 558 610 
5 63 295 295 
6 175 497 639 639 639 667 667 667 667 
125 458 458 458 709 


14 548 727 739 739 
367 
507 601 693 693 
125 171 
489 664 664 695 
104 213 213 363 426 
64 64 64 430 477 477 
83 83 417 688 
23 481 481 
667 697 697 
242 605 

16 296 446 
144 144 
127 495 664 693 695 
243 428 
633 
366 
418 739 
109 368 368 

529 
310 364 397 397 
32 199 638 711 711 
62 62 62 

74 591 705 705 


161 404 
67 145 145 145 235 251 272 272 371 371 371 446 446 
200 200 
716 
352 472 
67 147 147 225 225 225 225 225 354 354 710 710 
563 669 
257 514 596 596 705 721 721 766 
763 763 
5 260 
181 200 200 342 342 696 739 745 745 745 
31 
124 
271 271 271 
89 643 
5 451 719 
563 563 742 
342 
196 203 
196 196 261 
593 593 593 
544 
107 107 197 203 203 203 331 341 374 374 374 393 393 393 543 
459 459 612 732 732 
184 410 410 
16 186 333 573 573 573 702 702 
16 269 284 289 321 493 

588 741 741 
65 443 443 637 
129 
2 2 429 
474 474 697 
90 90 90 203 
29 35 35 297 
5 21 21 622 739 
487 632 
227 
307 307 307 
16 16 162 361 569 569 615 
348 
329 329 338 528 538 538 669 742 742 
317 613 613 
122 486 705 715 
331 
5 663 
26 148 266 615 615 
16 91 380 380 439 439 561 561 615 615 615 
75 203 660 660 
139 
678 756 
79 547 547 547 
16 391 739 739 
304 314 
363 
111 111 196 277 603 
303 341 341 
164 164 164 385 385 602 757 
239 239 239 484 601 601 766 766 
164 
9 192 192 271 289 289 289 382 737 764 
52 52 667 739 
126 294 294 636 636 
343 642 642 642 


48 107 107 146 550 
92 414 633 
156 239 239 239 280 280 
16 16 407 519 601 601 
129 203 
213 213 225 542 542 542 
5 5 79 79 239 
176 213 234 728 728 
227 529 529 693 725 
79 79 

10 62 81 81 206 661 661 
16 54 278 
16 49 49 198 390 495 580 580 591 591 602 602 613 647 647 647 660 660 664 664 664 695 695 
198 198 579 601 601 
577 
307 
503 
241 
81 310 310 
387 649 
30 203 203 338 681 
487 686 
16 
459 545 
564 564 601 
128 144 
561 568 568 569 569 569 
134 134 
425 

694 745 
207 213 315 
358 358 424 424 
80 190 557 650 739 


203 203 312 393 393 393 
128 128 209 263 442 
288 452 667 
117 


129 
558 
16 16 261 261 336 395 414 420 420 420 509 589 708 708 
393 435 435 435 669 669 669 
5 202 405 759 
294 584 584 671 671 671 
551 
308 516 
5 489 489 489 667 667 
159 409 409 

298 473 585 585 585 739 
83 83 342 342 444 536 667 667 

35 
440 
601 601 601 730 730 
203 203 203 217 217 262 290 377 377 418 
315 387 608 
622 
5 5 5 55 147 654 654 
303 

5 174 174 651 651 
207 207 261 261 
213 
190 
48 48 127 127 127 306 306 333 690 690 
225 273 
80 570 570 601 601 730 
206 348 599 599 
440 733 756 
5 5 395 567 
198 330 330 497 497 507 601 601 601 
91 91 91 416 
51 109 
75 75 83 175 201 254 254 288 342 342 457 489 489 489 489 502 583 627 639 639 643 643 739 
108 197 197 197 
6 528 563 634 634 634 

298 636 636 636 
95 95 129 
674 
193 673 
114 684 

117 117 117 117 432 432 432 
572 733 
94 94 256 
83 
609 
5 5 395 

675 706 

298 610 
177 177 177 177 737 737 739 
265 500 739 
213 
193 371 398 658 658 


419 419 495 495 507 596 
619 
197 497 507 601 601 
200 200 257 388 388 532 739 
193 253 377 502 502 554 



257 312 705 705 
16 142 142 333 333 333 547 547 
169 169 716 
337 337 342 
252 274 274 274 369 519 519 529 565 701 701 755 755 755 
306 341 684 
15 
1 313 324 324 325 329 420 420 633 633 733 753 753 753 756 
125 125 490 
159 527 527 
50 50 312 516 516 
26 356 356 356 416 
56 56 239 242 242 
739 
203 203 285 565 
70 70 140 140 140 387 387 387 525 703 

276 
5 5 5 213 222 222 367 367 367 537 
69 341 453 
105 529 529 
481 481 
262 301 
8 16 16 
210 267 366 366 366 596 
95 283 283 283 
105 105 265 467 493 
142 142 595 595 
127 257 343 343 343 
159 159 159 163 647 647 660 
342 
545 545 
37 91 91 110 110 339 440 662 678 708 753 753 753 756 
90 

307 
126 236 582 687 687 
225 
5 10 16 68 90 90 90 121 133 133 152 152 177 177 180 180 190 190 205 236 236 258 265 292 294 342 342 366 382 388 389 391 391 402 413 413 418 476 493 493 511 532 557 574 574 583 622 642 667 687 688 696 714 748 751 
259 259 259 259 432 432 
7 16 16 18 18 35 35 104 142 214 214 214 550 550 
188 188 367 538 563 563 

365 765 
181 241 532 532 532 619 
287 
442 
127 127 127 190 739 
110 110 110 
224 
331 366 366 739 
247 
25 25 80 80 80 80 350 350 449 708 708 708 733 733 733 

10 136 136 136 705 705 705 
187 187 324 324 324 383 572 662 708 733 
579 
403 438 438 
5 5 635 
213 396 446 
474 

530 530 
9 582 
146 744 
239 239 529 580 580 
5 
