nodes: 768 edges: 1451
5 
138 138 708 
553 

178 341 
0 47 47 55 59 79 79 79 115 115 118 144 147 147 147 163 163 174 210 213 213 216 221 221 239 272 307 307 348 367 367 370 387 387 395 419 419 448 451 484 484 506 598 623 635 639 639 682 700 700 719 739 739 759 767 
405 489 489 489 669 669 669 
214 741 

124 582 764 
81 257 257 257 265 265 265 274 274 300 300 381 381 529 529 529 574 599 599 599 739 739 755 
719 
16 
67 159 159 159 
455 
376 376 707 
12 35 35 57 150 198 198 258 258 278 296 376 376 390 394 442 442 473 473 485 485 505 547 547 553 553 569 569 591 600 601 611 624 624 626 702 709 709 739 741 
466 
34 741 741 


128 128 557 557 557 650 
186 186 186 260 
218 501 
312 
386 386 386 449 449 456 753 753 753 
41 41 148 148 185 203 203 203 303 311 342 379 379 379 385 428 428 540 712 
30 30 30 
301 328 
288 288 471 556 556 556 
27 27 27 203 338 609 681 681 
46 533 
372 372 516 
118 118 478 478 
18 
16 16 73 287 287 287 297 400 432 645 741 
102 412 
339 733 

261 355 355 
122 
26 26 342 
48 108 108 323 421 
50 585 
337 
212 253 
31 459 
5 5 112 112 171 271 271 736 
42 421 588 658 658 
368 601 601 613 687 
43 312 312 711 
666 


171 
5 144 644 
64 64 177 239 239 242 242 255 255 255 503 583 713 713 
16 102 
203 265 265 265 
5 245 245 245 365 405 405 
106 156 156 156 
444 
517 599 599 
198 
56 56 156 255 499 
117 131 381 551 637 637 
395 412 412 
13 159 159 213 213 213 232 232 260 354 354 383 397 446 446 446 521 523 527 
108 
157 286 286 
307 307 387 387 387 

113 170 170 170 257 381 649 
35 142 142 
519 
285 667 

352 352 
473 
5 5 5 448 451 594 
163 241 622 660 660 730 739 753 753 
10 170 170 195 257 300 300 312 312 343 435 599 607 607 607 

117 342 342 500 643 643 643 680 680 
225 225 


229 684 
224 444 
633 
555 555 739 
569 569 569 733 733 733 

279 
184 184 203 212 253 
672 672 672 726 
470 667 
667 



367 
36 57 
130 704 
741 741 
727 727 
60 156 156 
283 544 588 
42 42 68 312 502 
203 607 607 607 607 666 666 
733 749 
157 
47 47 
72 257 312 312 701 
428 547 547 
5 5 213 213 405 635 

65 83 192 192 212 277 277 317 342 342 342 381 381 381 428 551 628 677 750 
5 33 33 122 216 370 478 
424 

642 642 
40 118 565 
215 215 354 469 
9 534 582 
490 490 
737 737 737 
507 729 748 
21 21 614 626 
203 552 552 592 
103 342 466 466 512 512 
65 
213 595 
739 739 739 739 
158 616 616 
326 326 
739 755 755 755 
748 748 
1 1 
571 739 
202 368 387 
315 455 612 612 
73 73 702 702 702 728 741 
401 
5 55 484 484 506 614 
523 
588 765 
5 5 5 354 354 527 527 651 
26 26 
667 
16 457 611 
413 686 
650 739 
339 


60 60 60 64 106 106 239 239 239 399 460 463 590 590 
69 111 203 203 203 263 263 341 520 720 
134 
13 13 13 67 67 215 238 304 354 362 409 461 640 730 730 730 730 

254 522 
278 561 
5 5 80 409 452 484 484 484 484 730 
393 579 581 581 

447 447 
203 247 
586 
415 415 415 415 703 
72 72 72 81 81 331 435 435 435 599 
47 54 496 
294 

5 371 654 
254 
504 595 595 
56 687 687 739 739 
4 208 357 
408 
739 
297 745 745 
197 463 

94 94 546 546 
26 
22 22 22 
756 
742 742 
449 
402 657 739 748 
247 247 
117 117 582 
415 674 674 690 690 697 
210 210 
81 312 422 
540 541 577 
182 543 544 605 605 605 668 668 668 
16 16 63 416 601 664 
203 203 253 253 516 
532 696 
242 242 442 
140 244 635 723 741 
26 26 26 30 58 94 109 129 157 157 157 167 199 199 230 253 262 262 264 266 322 337 341 341 341 342 342 342 377 377 377 386 399 486 486 486 544 544 544 555 555 555 570 577 592 648 715 715 715 

739 739 
661 
620 620 620 633 655 
178 247 
246 
5 194 194 720 
286 286 286 
45 94 117 
5 5 67 67 67 115 115 132 222 222 222 225 225 273 388 498 504 593 593 595 620 620 656 689 760 760 
7 395 395 741 741 
123 123 159 354 456 456 456 
5 118 
648 648 
23 
227 227 596 596 
324 
5 5 387 
213 213 213 401 719 719 
255 
88 336 342 381 381 438 438 750 
84 84 213 213 273 275 299 299 380 527 542 542 593 659 760 
428 675 675 
219 219 366 596 

87 
203 
264 
67 67 
710 
595 595 
363 
739 739 

159 
5 56 56 156 156 156 242 580 594 713 766 

80 312 315 315 455 606 739 739 745 
56 56 201 201 239 503 
428 482 508 
202 
59 59 59 601 
209 337 337 342 
167 191 191 208 341 341 752 

748 

364 364 364 371 419 419 523 

45 94 199 199 203 518 
161 175 435 489 667 
56 56 56 64 223 
679 679 
10 10 10 72 81 113 371 696 701 721 729 
16 16 
740 740 740 
22 67 531 531 
39 287 333 333 355 401 415 633 633 655 
203 203 648 
157 157 626 626 626 
203 231 328 
10 10 10 58 58 58 
203 568 568 
366 366 725 725 

284 284 548 548 
286 
47 47 535 582 
5 466 466 523 
213 225 643 659 659 760 760 
10 10 445 705 739 
225 
752 
117 117 413 
16 162 287 364 404 432 432 476 476 522 522 600 600 
93 312 
590 
643 

107 588 
269 269 548 674 674 
75 715 
69 69 211 211 211 270 341 
35 35 35 261 278 434 746 
29 29 667 
388 388 548 582 582 
648 648 

366 470 

172 309 341 341 341 341 691 692 692 739 739 739 
321 321 342 488 
16 326 376 424 424 475 475 479 485 505 
35 181 556 556 
487 642 642 686 686 739 
225 225 363 363 363 406 498 498 498 626 
10 10 81 81 
28 467 715 723 
393 393 
26 428 652 
159 575 

658 
5 5 70 70 560 604 693 736 736 
638 638 638 
294 
361 515 607 
26 385 715 715 
24 50 50 81 81 108 113 113 195 241 279 342 342 342 381 402 402 625 701 711 739 739 

409 575 
141 241 241 378 378 620 620 649 
585 585 
117 564 564 
354 354 360 360 

508 736 736 
295 295 
203 
42 421 
220 708 756 756 

135 135 296 505 
741 
28 264 377 377 
563 563 708 708 
601 
170 
577 
261 261 386 547 547 601 626 626 633 633 633 658 658 702 702 


224 589 633 
44 203 246 246 465 465 465 704 704 
30 
37 153 
448 448 
4 157 203 203 203 247 247 286 294 294 294 294 544 544 578 578 684 706 
26 41 83 83 117 117 117 130 203 203 203 224 246 295 312 312 312 428 428 444 465 465 532 532 532 643 667 667 704 704 704 739 
81 433 640 640 640 729 729 
466 


766 
5 570 
427 695 
622 622 753 753 753 

77 77 472 526 526 

67 67 123 147 147 159 215 318 318 527 
39 39 261 
621 621 
178 
424 

318 318 
310 561 
159 
235 299 299 299 495 498 530 530 763 
251 251 251 278 
59 
227 267 267 292 510 725 739 739 
5 5 101 719 719 742 
49 140 512 
648 705 705 
5 118 
174 251 257 523 523 523 658 658 658 
32 32 548 548 

544 544 

15 15 16 16 296 
203 203 203 328 328 425 617 617 648 648 697 
315 315 744 
26 26 26 
225 569 
10 10 65 72 117 117 117 224 224 312 
582 582 739 
67 756 

26 311 
25 25 25 203 333 449 
5 5 70 70 70 140 221 649 649 716 716 
213 289 289 739 
739 739 739 
16 601 601 601 
614 739 

164 302 302 544 625 
16 
5 66 214 214 633 663 682 

67 515 515 515 515 
690 
156 203 
35 
143 222 261 
190 312 312 657 657 739 739 
448 758 
278 477 522 522 
6 59 59 115 
299 498 
591 
179 517 
159 163 314 640 640 

455 455 
36 66 66 
151 277 558 739 739 
589 589 
169 169 169 169 193 261 
198 
646 646 
511 648 739 
5 5 251 251 693 693 
633 
42 48 323 549 
195 

119 296 296 358 473 473 
377 617 617 

349 
26 26 114 117 226 243 303 342 342 508 566 652 676 754 754 
553 


35 278 278 677 
343 
287 595 595 595 699 
81 170 170 170 254 634 634 
447 
739 739 
224 224 
545 569 612 
646 662 662 733 

16 16 201 626 629 629 
551 551 
61 88 342 643 643 
274 
67 67 67 505 523 523 760 760 
166 166 436 601 
5 79 340 340 403 
25 25 189 386 753 

5 79 533 537 537 
163 589 627 633 
720 

14 141 241 411 411 
25 215 215 215 
150 583 
490 490 
46 545 
156 
159 710 

156 182 

337 337 337 342 342 
17 130 130 272 272 344 
301 727 727 

123 
96 292 
29 
352 526 733 
16 16 78 424 424 642 
554 554 554 761 761 
296 296 
278 278 633 739 739 
404 499 499 
33 33 118 
296 

501 722 
243 

5 5 144 144 163 163 163 163 
16 16 296 626 626 
203 203 203 565 565 565 
298 558 558 558 
295 
6 6 6 254 497 639 667 667 667 667 704 
125 125 458 458 


727 739 
719 719 
363 507 601 
171 
489 695 695 
213 299 299 299 363 406 
64 477 477 
83 588 
23 481 
108 697 697 697 
56 242 
176 213 595 739 
16 296 326 446 
5 144 
127 495 664 664 693 695 695 695 
243 320 428 566 

366 725 725 
418 
130 130 368 
703 716 
529 
310 397 397 397 397 
32 199 638 
62 408 599 
253 
74 
157 720 
67 
161 278 278 404 404 
67 145 251 272 371 371 371 446 446 
696 696 716 

352 352 472 
67 147 147 225 354 
669 
10 10 10 514 596 596 596 641 649 705 721 721 766 
363 363 
260 260 
200 342 342 342 717 717 
31 451 
124 
271 
643 
451 451 
563 742 

26 196 
196 
225 225 593 738 738 
197 
107 197 203 203 203 341 341 374 374 393 
439 459 612 643 732 732 
184 184 643 
16 16 114 114 333 333 563 563 573 702 
269 269 284 289 372 372 
421 
741 741 
65 117 443 443 
129 129 
2 16 16 429 
474 474 474 697 
90 90 203 203 203 
29 29 29 297 297 
21 21 21 622 739 739 739 
413 487 487 487 632 

307 
162 361 569 
661 
329 329 538 547 547 669 
317 317 613 613 
122 486 486 486 763 
428 508 
663 663 
266 266 
16 16 91 91 91 380 439 561 615 615 
203 348 660 660 
139 
678 756 
547 
10 739 739 739 
304 314 613 613 613 613 

196 203 332 603 
341 341 
164 602 602 602 602 757 757 
239 601 766 
164 164 
9 124 192 271 289 289 382 382 632 
56 457 667 
636 
43 316 316 642 642 761 
168 
649 658 658 
48 107 146 283 500 
336 414 414 452 633 
156 156 280 757 
16 407 
129 203 
213 213 225 542 
79 239 
132 176 176 213 234 234 434 434 434 504 728 728 
219 219 227 529 529 529 693 

5 624 
10 10 10 62 62 81 170 517 
16 278 278 
16 49 49 198 245 330 333 390 390 390 447 495 580 602 613 613 647 647 647 660 664 695 730 
579 579 579 579 601 
577 
307 
197 197 197 
241 
81 81 81 109 109 109 109 310 

30 681 

16 150 
141 141 439 545 
49 564 564 575 575 575 575 601 601 746 746 
128 144 391 
569 569 
134 134 
377 377 425 425 648 

745 
207 207 207 213 213 315 315 
356 356 
80 350 350 557 
5 
16 16 598 
312 393 
16 128 263 263 263 299 333 333 442 485 485 
452 667 
117 
442 442 

714 714 
558 582 739 
89 207 261 261 333 333 333 336 395 420 452 476 589 708 708 
435 435 669 
5 115 202 759 
584 
65 65 
308 308 308 516 
5 5 489 667 
159 343 343 343 409 409 
529 
121 121 298 298 473 585 585 739 739 
83 83 83 273 281 342 444 444 536 545 546 667 667 
55 
35 
417 417 440 
601 601 601 730 
203 217 217 262 290 290 369 377 377 418 617 
72 315 387 387 529 587 
21 152 
147 654 
303 428 

174 651 
207 261 
213 
190 402 402 
48 48 306 333 333 371 371 371 587 587 674 690 
225 273 273 
80 80 570 570 601 
206 562 
440 440 733 756 
395 567 567 
198 507 507 601 695 695 695 

51 109 109 
75 96 97 149 254 288 342 342 489 489 489 489 583 627 639 643 643 739 762 762 
197 197 197 739 
6 6 6 528 563 634 

686 
95 95 95 

193 193 284 284 658 690 
226 226 
428 
117 432 
572 733 
256 256 
83 83 
30 30 609 
5 395 

87 341 
748 
151 298 298 671 
49 177 177 737 737 
739 
213 
193 193 398 658 674 
294 
294 294 
307 419 419 507 596 

349 497 497 507 507 507 601 664 664 664 
200 257 524 524 717 
193 377 502 502 502 554 

434 
5 5 
113 257 312 705 705 705 
16 142 142 142 333 333 547 
169 513 
103 337 337 342 342 342 489 
274 369 369 529 701 701 701 755 
341 
15 
1 324 329 329 633 633 733 753 756 
16 16 
233 461 
50 312 
26 
56 56 239 
631 631 
203 203 203 285 301 311 311 
387 387 513 524 
532 532 696 

5 11 222 222 367 367 494 494 
157 210 453 520 
257 529 529 
481 
202 301 

267 267 366 510 510 
95 
105 105 467 467 493 
142 595 595 
127 257 343 343 
80 159 159 159 159 163 601 647 

545 545 
37 91 91 91 110 440 472 662 678 708 749 753 753 753 


47 307 307 320 320 
126 126 126 687 687 
542 542 
5 5 10 10 16 80 90 133 133 133 133 136 139 152 177 177 180 190 205 205 236 236 241 241 274 294 294 294 298 312 312 342 366 366 382 388 389 389 389 391 402 402 413 413 418 437 437 476 476 493 504 557 557 557 574 574 574 632 642 642 667 668 688 745 745 751 
259 259 259 
7 16 18 18 35 104 104 142 202 214 214 327 550 550 
188 188 367 538 

378 765 765 765 
181 181 241 619 739 739 
287 613 613 

127 137 137 190 249 685 
110 733 
117 224 
739 
247 276 
25 25 25 80 80 350 350 350 449 708 733 733 733 
428 428 
10 136 136 136 705 
187 324 324 383 572 662 708 
579 579 590 
403 
5 635 
213 213 225 273 273 446 446 
474 474 585 
667 667 
363 565 
9 
146 744 744 744 
239 347 529 580 
5 
