nodes: 768 edges: 1430
168 586 

117 427 553 553 

178 178 247 
6 17 47 53 55 79 79 101 101 118 118 144 144 147 163 171 174 213 213 216 216 216 221 221 239 240 272 272 307 367 395 419 419 531 537 557 594 594 598 635 635 639 651 654 654 719 719 719 739 739 767 
5 489 669 669 
214 741 741 741 741 
93 
124 582 764 764 
81 81 252 252 257 265 265 274 274 381 381 381 381 381 445 529 529 599 599 739 739 

376 376 
67 159 159 159 
455 455 739 
296 319 319 707 707 707 
18 35 35 57 78 78 198 214 258 258 278 296 333 376 390 390 442 442 485 492 547 547 548 561 569 591 601 601 611 611 624 633 702 709 724 741 
5 466 
16 34 34 
416 
352 
128 557 557 626 626 650 
67 67 186 186 186 186 260 521 
218 481 501 

386 456 
41 148 148 203 303 311 311 342 342 379 379 379 428 540 540 568 712 
30 30 718 
203 301 328 
288 471 471 471 
27 27 203 203 338 681 
46 
516 516 
118 118 478 
18 18 
16 16 73 73 287 287 297 400 400 432 556 556 645 741 741 741 
352 352 450 
339 339 733 
294 
261 355 
118 122 
26 88 342 
48 108 108 108 323 323 

337 337 

31 459 
5 112 112 271 271 
42 306 
351 351 368 368 601 601 601 601 613 
312 312 711 
203 342 
583 
5 
171 600 
5 375 375 644 
64 86 156 242 255 388 503 713 713 
16 102 492 
265 
245 365 405 
106 106 156 156 
444 
599 
292 
56 156 222 222 222 222 239 
117 381 551 551 551 637 637 
395 395 412 
13 22 22 120 159 159 213 213 213 232 235 260 305 305 354 397 446 521 523 523 

720 720 
387 387 387 560 

113 113 257 257 381 381 
35 35 741 741 
406 
182 570 667 667 

352 
16 16 473 473 
5 5 239 406 448 594 
154 163 163 241 622 660 739 753 753 
10 10 170 195 257 312 312 343 435 435 443 599 607 

117 117 117 228 342 342 342 500 667 
225 225 

56 
284 684 
41 224 342 
281 536 
555 734 739 739 
569 733 
589 
8 475 
203 203 203 212 253 679 
399 399 399 672 
470 627 627 

366 
727 

5 5 
57 
130 130 342 

467 529 529 529 721 
60 60 156 156 
544 
42 42 42 312 668 668 739 739 
203 398 607 666 666 735 
733 733 
577 577 577 
47 47 307 
72 72 257 701 
342 428 547 547 547 547 675 
213 405 405 635 700 
213 431 
2 65 83 83 83 192 192 224 224 277 277 342 342 381 381 428 628 628 677 677 
5 5 33 33 40 216 348 348 478 478 
434 
67 
642 739 739 
40 
354 469 469 
9 
490 490 496 
289 737 737 
637 658 658 658 748 
21 614 614 626 
552 552 592 672 672 
103 103 342 466 512 
637 
595 

616 
326 326 
274 739 
748 748 
313 
571 
368 387 
455 612 612 699 
728 728 741 

5 5 163 163 484 484 506 506 
523 523 523 
588 588 765 
5 354 527 527 651 651 654 654 
26 26 
342 342 525 667 
457 611 611 629 

739 739 
317 339 
80 

56 60 60 64 106 106 239 460 460 463 590 590 
203 341 341 520 520 578 720 720 
438 616 
13 13 13 67 67 215 238 354 461 730 730 730 
342 342 342 520 
254 254 522 522 
561 
5 80 80 144 144 353 409 484 484 504 730 730 
579 579 579 581 

221 221 

0 243 586 586 
320 
81 206 331 599 
5 54 496 


5 654 
489 
595 
342 687 687 739 
4 4 208 357 357 

739 739 

75 197 
343 343 343 
256 679 
696 
22 22 22 22 547 

742 
288 449 
402 402 657 

117 117 582 582 
464 690 690 697 
210 210 
81 312 312 312 422 
203 203 541 577 
182 484 544 544 605 605 668 695 
16 416 601 602 664 664 
203 203 253 516 
363 532 532 532 532 
213 242 667 667 
635 741 741 
26 28 30 30 51 94 94 94 109 157 196 196 199 199 230 253 253 262 264 266 290 301 322 337 337 341 341 341 341 342 342 342 377 386 386 423 467 467 482 482 540 544 544 570 570 577 625 625 648 681 715 715 726 

343 
170 661 
620 633 633 655 
178 247 
342 
194 194 212 
286 286 286 
94 210 
5 5 67 67 67 115 116 201 222 222 225 225 234 353 373 388 446 504 593 593 646 656 656 656 719 760 
7 16 395 395 395 741 
159 456 
5 5 5 118 
648 648 
23 262 262 
227 596 
324 
5 5 166 166 
64 64 64 64 213 213 401 719 719 
255 
88 117 117 336 342 381 381 438 
84 84 213 213 275 275 299 299 380 542 593 659 738 760 
428 428 675 
219 366 366 596 596 
83 
284 
203 
264 398 
67 

213 373 406 595 
67 702 
737 737 739 

159 289 
5 64 79 156 242 248 580 580 590 594 766 
5 
80 293 312 315 468 468 739 745 
56 201 239 503 503 
168 428 428 

59 
337 
4 208 341 706 716 752 752 
239 

424 424 
364 364 371 371 371 371 419 506 523 523 523 612 
10 10 705 705 
94 199 203 203 377 518 697 
161 161 372 372 435 667 
56 223 
184 
10 72 72 81 113 371 529 529 701 721 
16 16 739 
278 740 740 740 
22 67 397 531 531 531 
39 333 401 401 401 541 541 633 633 633 
203 218 218 648 

203 231 328 
10 10 58 688 688 727 727 739 739 739 
203 462 462 568 568 712 
725 

474 548 
286 
47 47 535 535 582 
5 5 466 466 466 523 523 523 523 523 
643 
10 10 136 445 705 705 739 
225 225 542 
718 
117 117 413 577 577 
16 259 287 432 476 476 600 

590 
89 

399 588 726 726 
87 229 548 674 
715 
211 211 211 270 335 335 341 341 
35 35 278 434 434 746 
29 189 667 762 
126 238 388 548 582 582 
203 648 648 

63 470 470 739 
241 
38 298 341 341 341 558 584 636 636 691 691 692 692 739 739 
321 488 731 
15 16 479 505 505 
35 556 
294 636 642 739 
225 225 363 
422 
28 203 630 630 630 

26 652 
409 409 575 575 
67 67 
48 658 
5 112 716 736 
638 638 
691 
361 515 607 
26 26 385 385 579 579 579 715 
50 50 81 81 108 195 195 195 241 342 342 381 402 625 739 
138 708 

241 620 649 
585 585 
153 564 564 564 
354 354 
15 15 355 
169 508 508 
295 
203 
42 42 
220 662 
708 
135 135 505 

28 264 377 
563 563 563 708 708 708 
664 
170 751 

16 261 364 386 386 547 547 626 626 626 633 633 658 658 702 702 

286 286 
224 589 589 
44 44 203 203 246 465 465 704 704 704 
30 563 609 
37 37 153 534 733 733 733 
448 579 
157 157 203 203 203 203 247 286 286 294 294 294 483 483 544 684 684 706 706 
26 26 41 51 83 83 83 88 103 114 117 117 130 149 149 160 160 160 177 203 203 203 209 224 312 312 428 532 532 532 532 667 667 667 731 739 754 
81 183 183 183 205 729 761 

691 
632 690 
592 
118 118 441 441 661 661 661 
427 
622 753 753 
49 49 
20 36 36 77 472 526 
163 213 
67 123 147 159 318 318 469 
39 319 
621 621 
178 178 
621 


310 561 561 611 611 

200 299 406 495 576 763 763 
251 251 333 515 515 515 
59 
98 227 227 510 510 725 725 739 739 751 751 
5 494 
49 49 140 512 512 512 512 
648 705 705 705 705 

251 251 251 251 257 523 658 658 690 690 
254 254 548 
213 234 595 
544 544 544 
55 55 
12 12 16 
203 253 328 425 425 554 648 648 697 

26 26 26 
225 569 569 
10 10 10 10 10 65 72 72 117 117 224 224 312 
582 
756 
728 
311 311 579 
25 203 203 333 333 449 
70 70 70 140 649 649 649 716 
56 213 289 739 
739 739 
16 16 591 601 601 
739 

544 625 625 634 
429 429 429 
5 66 66 214 214 214 633 663 

67 260 515 515 
109 231 667 667 
95 95 95 283 
35 35 
222 261 261 261 
190 190 312 739 
448 
522 
59 115 115 
74 79 234 363 
601 601 

163 304 304 640 
546 
455 
66 
277 
589 

19 198 602 712 
646 646 
511 
5 5 251 693 693 
633 708 708 
549 
195 300 571 
203 
250 250 473 621 
377 377 
498 498 
2 349 
26 114 117 226 226 243 243 342 478 508 566 652 
394 394 394 553 
499 
116 
35 278 677 677 740 740 

119 287 287 595 699 
81 81 254 634 634 634 
447 
672 739 
158 224 758 
569 569 
526 646 662 
348 348 
16 16 626 626 629 747 747 
81 551 
61 704 704 
10 274 
67 213 523 523 523 
436 
79 340 403 
189 386 733 753 
36 

633 
720 
626 
14 14 141 411 532 739 
25 215 
150 583 
490 490 
46 545 
156 156 
159 
266 266 594 
156 
193 
337 337 
17 130 272 272 272 
105 203 203 727 727 727 
241 241 
123 123 354 
96 292 292 
29 29 29 
352 526 
78 78 424 642 
269 554 
93 
278 278 633 633 633 
499 
33 118 118 428 
296 

23 
203 203 
341 341 
144 144 163 163 197 623 623 
16 626 
565 
558 558 610 
295 
6 175 497 497 497 639 639 667 667 667 667 704 704 
125 125 458 458 709 

16 57 

367 
363 601 693 695 695 
125 171 
489 489 489 695 695 
426 426 
430 477 
83 
23 
697 
56 242 242 605 
163 213 595 595 
296 296 326 
144 144 251 
664 695 695 
320 320 428 

366 366 725 
418 
130 368 368 368 368 
703 
529 
310 364 364 364 397 397 
32 32 199 
599 599 
253 681 
705 
157 157 160 
22 67 565 
161 161 404 
67 67 145 145 145 251 251 251 272 272 272 272 272 371 446 446 446 
696 696 716 716 716 
149 716 
352 440 472 733 
147 147 710 
563 563 
10 10 105 105 105 257 257 514 596 596 641 705 721 
763 
5 260 260 260 
200 200 200 200 342 342 342 342 455 717 739 745 

339 
271 271 
89 711 
5 
563 563 

26 26 203 
196 261 261 
225 275 593 738 
544 544 544 
107 197 197 203 203 341 374 374 374 393 543 543 543 
459 612 612 643 
410 643 
16 16 114 114 114 114 186 333 333 563 573 702 702 702 
16 269 284 289 372 739 739 
421 
588 
65 65 65 443 637 
129 129 
2 2 429 
377 474 
90 
35 35 297 
5 21 21 626 739 
294 487 487 

70 
16 162 361 361 569 615 
661 
329 329 329 338 528 528 538 538 547 669 742 742 
317 317 317 613 
486 521 705 715 715 
428 
663 
26 266 266 
16 91 380 380 439 439 561 615 
75 203 203 660 
139 422 
756 
547 
739 739 739 
304 304 613 
363 
111 111 111 196 203 277 277 603 
157 
164 164 164 311 311 311 340 385 602 757 757 
239 239 601 766 766 766 
164 
9 192 192 271 289 289 382 764 
52 457 
294 636 636 
316 316 743 743 
0 168 168 

146 146 283 550 
92 336 336 414 
156 156 239 280 757 
16 390 601 601 
129 347 
213 213 225 542 
5 5 79 239 462 
132 176 234 373 434 504 504 728 728 728 
219 227 227 529 529 693 693 725 725 725 

5 624 
10 10 62 81 170 517 517 661 
54 278 
16 16 49 49 49 49 198 390 390 407 407 495 580 591 591 602 602 613 613 647 647 660 664 695 695 695 
198 416 579 601 601 
577 

197 197 503 
622 
81 109 310 

338 
487 686 
16 16 150 150 361 361 
141 141 251 545 545 
49 564 575 601 601 
128 128 
561 569 
134 158 
648 

694 
207 315 
356 356 358 424 659 659 
80 350 606 719 
484 484 
16 598 
203 203 312 393 393 
21 21 128 333 333 333 442 442 454 485 557 
96 96 667 667 
117 117 
150 442 
301 301 301 
714 
346 
16 207 207 261 261 261 333 333 395 420 452 476 476 476 708 
393 435 435 435 669 669 
5 5 115 202 
294 294 298 584 584 671 
65 65 127 131 551 
308 308 
5 489 489 667 
409 
529 
121 298 473 739 739 
273 545 546 667 
55 
35 741 
213 417 417 440 
601 601 
203 217 217 262 290 290 369 377 377 617 
315 387 387 387 
21 
5 147 147 
303 428 

5 5 147 147 174 
207 
213 213 213 
190 
127 127 127 306 333 333 371 371 674 690 
225 621 621 
80 570 601 
206 348 348 348 562 599 
324 440 756 
395 567 
198 198 330 507 601 

109 109 
75 75 83 149 201 201 254 288 342 342 342 398 398 489 489 489 489 627 627 639 643 739 762 
108 108 197 
6 6 563 634 634 

636 
95 129 129 437 
674 674 674 
284 658 673 673 673 690 
114 226 

117 117 432 432 

94 184 

30 203 518 


87 341 341 706 

610 
177 177 737 737 739 
265 265 
739 
193 193 346 371 371 658 674 
294 294 309 345 758 
294 294 
419 419 495 596 596 
619 
197 495 495 497 497 507 507 601 601 601 
185 524 524 717 739 739 
193 253 377 502 
725 
141 434 
115 
113 257 705 
16 235 333 333 547 547 547 
513 
337 337 337 444 444 489 489 
252 252 274 274 369 369 369 369 519 529 565 701 
247 341 341 684 
15 15 15 
313 325 329 329 329 420 420 633 733 753 756 
16 490 
527 
50 536 
26 266 416 
56 56 
631 739 739 
203 203 285 311 565 565 
247 307 387 524 524 524 525 
532 696 
27 276 
5 5 5 213 222 222 622 
69 69 157 157 453 
105 257 529 


16 
267 366 366 510 596 596 596 698 
203 283 283 
99 265 265 467 467 467 
142 142 384 595 595 595 
343 
159 159 159 163 163 
295 342 

37 91 110 110 339 339 339 449 526 708 749 749 753 756 
90 
109 741 741 
307 
126 126 236 236 687 687 
225 542 
5 5 10 10 14 80 90 90 108 108 121 121 136 152 152 177 180 180 236 241 258 265 265 265 274 292 294 294 298 312 342 366 366 388 389 389 391 402 437 455 532 548 548 557 574 574 574 642 642 667 687 689 696 696 714 714 748 751 751 
259 259 259 432 432 
7 7 7 7 16 35 35 35 73 73 142 202 202 214 645 735 735 
188 563 563 
585 585 

241 532 
287 
442 442 
127 137 137 739 
733 733 

331 366 366 739 739 
247 247 
80 80 350 350 449 708 733 
342 

383 572 662 708 733 
579 579 590 
438 691 

213 225 
343 
288 667 
363 363 530 
9 9 582 
146 
239 580 580 580 
5 
