nodes: 768 edges: 2387
5 5 168 586 
138 138 708 
65 117 117 117 553 
633 
178 178 247 247 357 357 
0 0 6 6 17 47 47 53 55 55 59 79 79 99 101 101 115 144 147 147 147 163 163 174 174 194 210 210 216 216 221 221 239 239 240 272 272 307 307 348 348 370 382 395 395 419 448 448 451 466 466 484 488 506 506 537 537 594 598 623 623 635 639 639 639 639 639 651 651 654 654 663 682 700 719 719 739 739 739 
5 5 254 405 489 489 669 669 669 
214 214 214 214 586 741 741 
81 81 
124 124 582 764 764 
81 252 252 257 257 274 274 285 300 300 381 529 529 574 599 599 739 739 

16 376 376 376 
67 159 159 159 159 
480 493 739 739 
296 319 319 376 707 707 
12 35 35 57 57 57 78 78 150 150 198 198 214 214 258 258 258 278 278 296 321 321 321 333 333 376 376 376 376 378 378 378 390 390 394 429 442 442 473 485 492 492 505 547 547 547 548 548 553 553 553 561 561 569 569 569 574 591 591 591 591 600 601 601 611 626 633 702 724 739 739 741 741 
5 466 466 
34 34 727 741 741 
416 416 416 
352 352 
128 128 128 538 557 557 626 626 650 650 
67 186 186 186 260 521 521 
218 218 481 
312 
386 386 449 449 456 456 753 753 753 
41 88 148 203 303 303 311 342 342 379 379 379 385 385 428 462 462 568 568 
30 30 30 203 731 
301 301 328 
288 288 471 471 471 471 471 556 
27 27 27 203 203 203 338 338 338 609 681 681 
533 533 533 
372 372 516 
118 118 118 118 118 207 478 478 478 
18 18 
16 16 73 287 287 287 400 400 400 400 400 432 432 645 741 741 
352 450 
110 339 339 733 733 
298 
261 261 415 415 618 618 
118 118 122 122 122 
26 88 88 342 342 342 
48 48 48 108 323 421 421 
50 50 189 585 
337 337 
212 212 212 253 541 
459 
5 5 61 171 221 271 271 271 
42 42 42 306 421 
351 351 351 351 368 368 613 613 
43 43 711 711 711 
203 342 666 666 
583 583 
5 
171 171 
5 5 144 375 375 375 
64 64 86 86 156 156 177 239 242 255 503 503 713 713 713 
16 16 16 102 102 102 492 
203 265 265 
5 245 245 365 405 405 405 
106 156 156 156 156 
47 444 444 444 
517 517 599 
198 
56 56 156 222 222 222 223 223 239 255 255 499 
2 381 381 551 551 637 637 
412 412 412 412 412 
13 22 120 120 159 159 159 213 232 232 235 305 354 354 354 383 383 397 446 446 521 521 523 523 
233 739 
157 286 286 286 720 720 
307 387 387 387 387 716 716 
268 
113 113 113 170 170 170 170 257 257 381 381 
35 142 142 142 142 741 741 741 
519 519 
182 502 502 667 667 

352 352 352 
16 16 473 473 473 
5 5 340 340 340 448 448 594 594 594 597 597 597 
154 154 154 154 163 163 163 163 241 241 241 622 622 660 660 660 730 730 730 739 739 753 
8 8 10 170 195 195 257 300 312 312 422 422 433 433 435 435 435 443 443 443 599 599 
739 
117 117 117 228 342 342 342 417 417 500 500 500 526 643 643 643 680 680 680 
225 
580 
56 56 
229 284 284 284 
26 41 41 224 224 
281 281 281 
555 555 734 739 739 
472 665 665 733 733 733 
589 589 
205 279 279 312 312 312 452 
203 203 212 253 253 679 
399 399 399 672 672 726 726 726 
254 627 667 
342 342 667 
121 366 
5 727 

5 5 367 367 367 
57 57 57 
130 130 342 342 618 704 704 
416 741 
529 529 721 721 721 727 727 727 
60 156 
283 283 
42 312 312 668 668 739 739 
203 203 398 398 398 607 666 735 
37 733 733 749 749 749 
157 577 577 577 577 
307 307 
72 72 72 257 257 312 312 312 
342 342 428 428 547 547 547 675 675 675 
5 213 213 405 405 700 
431 431 431 
2 2 2 83 83 83 192 192 192 192 192 277 277 277 317 317 342 342 381 381 381 428 628 677 677 677 683 750 750 
33 33 33 33 33 40 40 348 370 370 370 478 478 
424 424 
67 67 
98 642 642 642 642 739 739 
40 40 40 565 
215 354 456 456 469 
9 9 381 582 582 
490 490 496 496 709 709 
289 289 289 737 737 737 737 
507 507 658 658 748 748 748 748 
21 21 21 614 614 626 626 
552 552 552 592 592 592 592 672 
103 103 342 466 466 466 466 466 512 
637 637 
213 595 
739 739 
158 158 158 158 616 616 616 616 
326 326 326 
739 739 739 739 755 755 755 
748 748 
1 1 313 
571 739 739 
202 387 387 
315 315 315 315 315 455 455 455 612 
73 73 73 73 702 702 702 728 728 741 
401 
5 55 163 163 163 484 484 506 614 614 614 
523 
207 588 588 588 588 588 765 
5 5 5 354 354 527 527 527 527 651 651 651 654 
26 568 722 
342 427 667 667 
16 16 214 457 457 611 611 611 611 

739 739 
317 317 317 339 
80 80 80 80 
388 
56 56 60 60 60 60 64 106 239 239 280 460 460 463 463 463 
69 111 203 203 263 341 341 520 578 720 
134 134 134 134 438 
13 13 13 13 67 67 67 215 238 304 354 354 362 409 409 409 409 461 640 710 730 730 730 
342 520 
254 522 522 522 522 522 
278 278 278 278 
5 5 80 80 80 80 144 144 144 353 353 409 452 484 484 484 484 504 730 730 
393 393 579 581 

221 221 447 447 447 447 
203 203 203 247 
0 243 243 586 586 586 586 
415 587 703 
72 72 72 72 81 206 206 206 331 331 331 435 435 435 599 599 599 
47 54 54 
294 294 294 

5 5 371 654 654 654 654 
254 667 667 667 
504 595 
56 342 342 687 687 687 739 
4 4 208 208 357 

739 739 739 
532 
75 197 197 197 
343 
256 256 546 546 679 679 
696 739 739 
22 22 22 333 
756 
742 742 742 
43 449 
402 402 402 657 657 739 739 748 
247 
117 117 117 117 117 317 317 582 582 
415 464 464 464 464 674 690 
5 210 
81 81 312 312 422 422 422 
203 203 540 541 541 577 577 
182 182 182 544 544 605 605 695 695 695 
16 16 63 416 416 601 601 601 602 664 664 664 
203 203 203 253 253 516 516 648 648 
524 524 
213 242 242 442 442 667 667 
140 
26 27 30 30 30 51 58 94 94 109 109 157 157 167 167 167 196 196 199 199 199 253 253 253 262 262 264 264 301 322 322 322 322 337 341 341 341 342 374 386 386 399 399 423 423 467 486 486 540 544 544 555 555 555 570 570 577 592 592 592 609 609 625 644 648 648 681 681 715 726 

93 343 739 739 
170 170 170 562 599 599 599 661 
33 146 620 620 620 620 633 655 655 
178 178 625 
246 342 342 
5 5 194 212 
286 286 286 286 
45 45 45 94 210 
67 115 115 132 201 222 222 222 225 225 273 373 373 388 446 498 504 504 595 595 620 646 719 719 760 
7 7 7 7 16 16 150 395 395 395 395 
123 159 354 456 456 
5 5 
648 648 648 648 
23 23 262 
227 227 227 596 596 
324 324 324 
5 5 47 166 166 387 387 
64 64 64 213 213 213 401 401 401 471 719 
64 64 255 255 
88 88 336 381 381 381 750 
84 213 213 273 273 275 299 299 334 334 334 334 334 380 527 527 542 542 542 593 593 593 659 659 738 
428 428 428 675 
219 219 219 559 559 559 559 
83 
87 
482 482 482 482 707 
264 264 
67 67 
68 710 710 
367 367 367 367 367 373 406 
67 363 702 
622 737 737 737 739 739 739 
241 
159 289 
5 5 56 64 156 156 242 580 580 580 580 590 594 594 713 766 
5 
80 80 80 237 293 293 293 312 312 312 315 455 455 455 468 468 606 606 739 739 745 
56 201 201 239 503 713 760 
168 168 508 508 

59 59 601 601 
209 342 342 
4 4 167 191 341 752 

748 748 
424 424 
364 364 364 364 371 371 371 371 371 419 419 419 419 419 506 506 523 523 612 
10 10 
45 94 94 199 199 203 203 203 377 377 518 
6 96 161 175 372 372 372 372 435 489 667 667 
56 64 64 223 223 
184 184 
10 10 72 72 81 113 113 371 529 696 701 701 701 721 721 721 
16 16 16 379 379 379 696 739 739 
278 740 740 740 740 
22 531 
39 39 287 333 333 355 401 401 401 541 541 541 541 633 633 655 
203 203 218 648 673 723 
157 626 626 626 
203 203 231 231 328 328 
58 58 688 688 727 727 727 739 
462 462 462 568 568 712 712 
366 725 
71 298 298 
284 372 548 548 
286 
47 47 47 582 582 
5 5 466 466 523 523 523 
213 225 225 334 334 446 659 
10 10 705 705 705 705 705 739 739 
225 542 542 542 
718 718 718 752 
117 117 117 413 413 413 413 577 
16 16 162 162 162 162 259 287 364 404 432 432 476 522 600 600 600 
93 93 312 
156 590 590 
89 89 89 

107 107 399 399 726 726 726 
87 87 87 269 548 548 674 
10 715 715 715 715 
69 69 69 211 211 211 211 270 335 341 
35 35 35 261 278 434 746 
29 29 667 667 762 
126 126 126 238 388 388 388 548 548 548 582 582 
648 648 
703 
366 470 470 739 739 
241 241 241 
172 172 172 298 298 341 341 341 341 584 584 692 739 
321 342 342 488 488 488 488 488 
15 16 376 473 473 475 479 479 485 505 505 505 
556 556 556 680 
38 268 268 294 294 319 636 636 642 671 671 739 739 
225 225 363 363 363 406 498 498 626 
10 10 81 422 422 
28 28 203 359 630 630 630 630 715 715 
355 355 393 
26 26 428 578 652 
159 409 575 575 
67 446 
48 658 658 706 
5 5 70 112 112 560 604 736 
638 638 
691 
361 515 515 515 607 
26 385 715 715 715 
24 81 81 93 93 93 108 108 113 113 113 195 195 241 241 241 279 342 342 381 402 711 739 739 739 
138 
575 575 
141 141 141 141 141 241 378 378 378 378 620 620 
585 585 585 
117 117 153 153 153 192 192 564 
360 360 
15 15 298 707 707 
508 736 736 
16 16 16 295 548 548 548 
203 203 203 203 
42 421 421 
220 220 220 708 708 756 
708 708 
135 135 135 505 
741 
28 264 264 
563 563 708 708 
664 664 
170 170 170 
577 577 
16 16 186 261 261 364 364 386 386 386 386 386 547 547 547 601 626 626 633 633 658 658 658 702 702 702 702 
225 225 225 225 225 273 273 
286 
224 589 633 
44 44 203 465 465 704 704 
30 30 30 609 609 609 
37 37 153 534 534 
79 79 79 448 448 
157 157 203 203 203 247 286 294 294 294 294 464 483 578 578 684 684 706 706 706 720 720 
26 26 41 41 41 51 83 83 83 97 97 103 103 114 114 117 117 130 149 160 177 177 203 209 209 246 246 295 295 312 312 399 428 444 444 465 518 518 518 532 532 532 539 539 643 667 667 667 704 704 731 731 739 754 754 762 
183 205 433 433 640 640 729 761 761 761 
466 466 
691 
632 632 
475 592 592 592 766 
5 5 118 441 562 562 570 661 661 661 
427 427 427 
622 622 753 753 
49 49 49 49 
20 20 36 77 77 77 412 412 412 412 412 472 472 526 526 
163 163 
67 67 67 123 147 147 159 159 215 
261 302 302 
621 621 621 712 
4 4 178 
424 424 621 
301 461 
318 318 
310 561 561 611 611 611 
159 
235 299 299 299 406 495 530 576 576 576 763 763 
251 251 251 251 278 333 333 515 
59 
98 267 292 739 739 751 751 
101 101 101 234 234 234 234 234 742 742 
49 49 512 512 512 512 
648 705 705 
5 118 118 118 
174 251 251 251 251 251 257 523 523 523 658 690 
32 32 254 254 254 254 269 548 548 
213 213 234 595 
203 544 544 544 544 
55 55 55 
12 12 12 15 16 16 16 16 296 
253 253 425 425 554 617 648 648 648 697 
16 16 16 315 315 315 315 744 
26 26 26 258 258 258 
225 569 569 569 569 
10 65 65 72 72 117 117 117 124 224 224 224 312 
5 413 413 582 582 582 739 739 739 
67 67 523 756 756 
728 
26 26 311 579 
25 25 203 203 333 333 333 333 333 449 449 449 486 
70 70 70 70 140 140 221 221 649 649 649 649 716 716 
155 213 289 289 289 696 696 739 739 
739 739 739 739 
16 16 591 591 601 601 601 
574 

164 164 302 544 544 544 634 
16 429 429 
5 5 214 214 214 214 633 663 682 682 

67 515 515 515 515 
109 109 109 667 667 
95 95 95 203 203 283 283 342 
35 35 35 35 35 
143 222 222 222 261 261 261 
190 190 190 312 657 739 739 
448 448 758 758 
278 522 522 
6 59 59 59 115 115 579 635 635 635 
234 299 363 
421 591 601 601 
517 
159 159 159 159 163 304 
546 546 
455 
66 66 66 66 66 352 352 352 352 352 
277 277 277 277 382 382 558 739 
633 
39 39 169 193 
19 19 19 104 198 198 665 
83 83 500 
511 511 
5 251 251 251 251 251 693 693 
633 633 633 708 708 708 
42 42 48 323 323 407 549 
81 81 195 195 195 300 300 571 
203 203 706 
119 119 250 250 358 358 473 473 621 
377 377 617 617 617 617 617 
498 498 
149 349 349 349 
26 114 114 117 226 226 226 303 342 478 478 566 652 754 754 754 
16 394 394 553 553 553 
499 499 499 
116 116 116 
35 35 278 278 677 677 677 740 
81 81 343 343 
287 595 699 699 699 
81 81 81 170 170 170 254 634 

672 672 672 739 739 739 
158 758 758 758 
545 569 569 569 
526 646 646 646 662 662 662 733 
348 
16 16 201 201 626 629 
81 81 81 551 551 551 
61 61 61 342 342 489 643 704 

67 67 213 273 305 505 523 523 523 523 523 760 760 
166 166 166 166 601 
5 5 79 79 340 340 403 403 511 
25 25 189 386 386 386 733 733 753 
36 
5 537 
93 163 589 633 
720 720 
626 626 
141 141 141 241 241 241 411 739 
25 25 123 123 215 215 
150 150 
490 490 
46 
156 156 
159 359 710 710 
26 26 266 266 266 
156 156 156 
193 193 193 193 341 
337 337 342 
5 5 17 17 130 130 130 130 130 272 272 344 344 
203 727 727 727 727 
241 241 
123 
292 292 
29 29 29 29 29 222 
91 352 352 526 526 733 
16 78 78 78 296 296 424 424 642 642 642 642 642 
761 761 
296 347 
278 633 640 739 739 739 
499 499 
33 33 33 118 118 428 428 675 
296 296 
14 532 
23 501 501 501 722 722 722 722 
230 230 230 230 
341 
5 144 144 163 163 163 163 623 623 623 
16 296 626 626 
203 203 386 565 565 565 
558 558 558 610 
5 295 295 295 295 295 
6 6 254 444 497 639 639 639 667 667 667 667 704 704 704 704 704 
125 125 458 458 709 

16 16 57 
14 548 739 739 739 
719 
363 507 601 693 693 695 695 
125 125 
489 664 664 664 695 695 
213 299 299 426 426 
64 430 430 430 477 477 
83 83 83 417 688 
481 481 481 
75 75 667 697 697 697 
56 56 242 
163 176 213 213 595 595 739 
16 296 296 296 326 446 
5 5 144 251 251 
127 127 495 664 664 693 695 
243 243 320 566 566 566 
633 633 633 
725 725 
418 418 448 739 739 
130 368 368 368 368 
703 
529 
310 310 310 364 397 397 397 397 
32 199 199 638 711 
62 62 408 599 
253 342 342 342 
74 74 705 
157 160 720 
22 22 67 67 
161 161 161 161 161 278 404 404 
67 67 145 251 251 272 272 272 371 371 371 383 446 446 446 446 446 
200 200 696 716 
716 
83 352 352 440 472 472 733 
147 147 147 147 225 225 710 
563 563 669 
10 10 105 105 257 514 641 649 705 705 705 766 
363 763 
260 
181 342 342 342 480 696 696 696 717 717 717 739 739 739 745 745 
31 31 31 
339 339 

643 
5 5 451 719 719 
21 563 563 742 742 742 742 
342 342 
196 203 
45 196 196 261 261 261 261 
225 225 225 275 275 275 593 738 738 738 
544 544 695 
197 197 203 203 374 374 374 374 393 393 393 543 543 
439 612 732 732 732 
184 184 410 410 
16 16 16 114 114 114 333 333 333 563 563 573 702 702 702 
16 16 269 269 284 284 289 289 289 321 321 321 372 372 493 739 739 
421 
741 741 
65 65 443 443 443 637 
129 129 129 
2 16 16 16 429 429 429 
377 697 
90 90 203 203 203 
29 297 297 297 
21 21 622 626 662 739 
413 487 487 487 632 632 632 
227 227 227 227 
307 
16 16 361 361 569 615 615 
206 348 348 661 
329 329 528 528 538 538 547 547 669 742 742 742 742 
317 613 613 
122 486 486 486 715 715 715 763 
428 508 508 508 
651 663 663 
26 26 148 266 266 615 615 615 615 
16 16 16 380 380 380 380 439 439 439 561 615 615 
203 203 348 660 660 
139 422 
678 678 678 756 
547 
10 16 391 739 
304 304 314 314 613 613 
363 363 363 763 
111 111 111 111 196 196 203 277 332 332 603 
157 303 341 341 648 
164 385 405 602 602 602 757 757 757 
85 239 239 239 239 601 601 601 601 601 766 766 
164 725 725 
9 124 124 192 192 271 271 289 289 382 382 382 737 737 737 764 764 
52 52 739 739 
294 294 
43 316 316 316 642 642 642 743 743 743 761 
0 7 168 168 168 168 
169 658 658 658 
146 146 146 146 146 
92 92 336 452 633 633 
239 280 280 757 757 757 
16 16 16 16 390 390 407 601 601 601 
129 129 129 129 203 203 203 347 347 347 
225 225 225 542 662 
5 79 79 79 239 239 
132 176 213 213 373 434 504 504 728 728 728 728 
219 219 693 693 693 725 
79 79 79 
5 
10 10 62 81 81 170 170 170 206 206 206 517 661 
16 278 278 278 
16 16 198 198 198 245 245 333 390 390 390 407 407 447 495 580 580 580 580 580 591 591 591 602 602 602 647 647 647 660 660 660 664 664 664 695 695 730 
198 579 579 579 601 601 601 
577 
307 
197 197 
241 241 622 
109 310 
649 649 
30 203 203 338 338 338 681 
487 686 686 
16 150 150 150 150 361 361 361 
141 251 545 
49 49 564 564 575 575 746 746 746 
128 128 144 144 144 695 
561 561 568 568 568 568 569 569 
134 134 134 134 
377 425 425 425 425 425 
39 39 103 
694 694 
207 207 207 207 213 315 315 
356 356 356 358 424 659 
80 80 236 350 350 557 606 650 739 
5 5 484 484 484 

203 208 
16 21 21 128 128 263 263 263 299 333 333 442 454 454 485 485 557 
96 667 667 
117 
442 
301 301 301 301 
714 714 
346 346 558 558 558 
3 16 207 261 261 333 333 336 395 414 420 420 420 452 476 509 509 509 589 589 708 
393 435 669 669 669 
5 405 405 405 759 759 759 
298 298 671 671 671 671 
65 65 131 131 551 
308 308 516 
5 5 5 5 5 489 489 489 667 667 667 
159 343 343 476 
529 
121 121 121 121 298 473 473 473 473 473 585 585 585 739 
83 83 83 342 444 536 667 667 667 
203 
35 735 
213 440 440 440 
601 601 601 730 
199 199 203 203 217 217 217 217 262 290 290 369 377 377 377 578 
387 387 387 387 529 608 608 
21 21 622 
5 5 147 147 147 567 654 654 
303 428 

5 5 147 174 174 174 174 651 651 
207 207 261 

190 190 402 
127 127 306 306 333 333 333 371 587 587 587 674 674 690 
225 225 273 621 
80 80 80 570 570 601 601 601 730 730 
206 348 348 348 562 599 
440 440 440 557 593 733 756 756 
5 395 567 567 731 
198 198 198 330 330 497 497 497 507 507 601 601 601 695 
91 91 416 679 
51 51 109 
75 75 96 97 149 149 175 175 175 201 201 254 254 288 288 342 342 342 398 398 489 489 489 489 502 627 627 639 639 639 643 643 643 739 739 
108 108 739 
6 6 6 528 563 634 634 634 

298 298 636 636 636 636 
95 95 129 437 437 437 
262 674 674 674 674 
193 284 658 658 673 673 673 673 690 690 690 
114 114 114 226 478 

117 117 117 432 432 432 
572 572 572 733 
94 184 184 665 
83 83 83 297 
30 30 203 203 609 
5 395 395 
117 
341 341 706 706 

610 610 
177 177 177 737 737 737 
265 265 500 739 
739 
193 371 658 674 674 674 
309 345 758 
294 
419 419 495 495 507 596 596 596 
619 619 
197 197 197 495 495 497 497 507 543 601 601 614 664 
185 257 258 388 388 524 532 532 532 717 717 739 
377 502 502 502 554 
725 725 725 
434 434 434 
5 115 
257 257 257 705 705 705 705 
16 142 142 142 235 333 333 333 333 547 547 547 
169 291 513 716 716 
103 103 337 337 342 342 444 489 489 489 489 489 
274 274 274 274 274 369 369 519 529 529 529 701 701 701 701 755 755 755 
306 341 341 341 423 684 684 
15 15 230 319 319 
1 324 324 325 325 329 329 420 420 420 633 733 733 733 749 753 753 756 
125 125 490 747 
159 233 233 461 461 527 
50 50 50 312 516 
266 266 356 
56 56 56 239 242 
631 631 739 739 
203 285 285 285 285 301 301 311 311 311 565 565 565 
70 70 387 387 524 525 703 703 
532 532 532 696 696 
276 276 276 
5 5 213 213 222 494 537 537 
69 69 157 341 341 453 453 520 
105 105 105 257 257 257 
148 481 481 481 481 
262 
16 
267 510 510 581 581 596 698 698 698 
95 95 95 203 283 283 283 
18 99 105 105 105 265 265 265 467 467 467 467 
142 142 384 595 595 595 595 
343 
80 80 80 159 159 159 163 163 601 647 660 660 
27 342 342 663 
545 545 545 
37 37 91 91 91 110 110 440 449 449 472 526 662 678 708 708 708 749 749 753 756 756 756 
90 
109 645 741 
307 320 320 
126 126 126 126 236 236 236 582 582 582 687 687 687 739 739 
225 542 542 542 
5 5 5 10 10 14 14 16 16 68 80 80 82 90 90 108 108 121 121 133 133 136 136 136 136 139 139 152 152 177 180 180 180 185 185 190 190 205 205 236 236 236 241 241 258 258 265 274 274 292 292 294 298 298 312 312 312 342 366 366 382 382 382 388 388 389 389 389 389 402 402 413 437 437 437 455 476 476 476 493 493 493 504 511 511 532 532 532 548 548 557 574 583 583 622 642 667 667 668 688 689 696 714 714 737 737 745 745 748 751 
259 259 259 259 432 
7 7 16 16 18 18 35 35 73 73 73 104 142 327 550 550 735 
188 188 188 367 367 538 538 538 538 563 563 563 563 
585 585 585 
378 765 765 
241 532 532 739 739 
287 613 613 613 
709 
127 127 127 127 137 137 190 249 249 739 
110 110 110 708 733 733 
117 117 224 
366 366 739 
247 276 
25 25 25 80 350 350 449 708 708 733 
342 342 428 428 428 
136 136 136 705 705 705 
187 324 383 383 572 662 662 708 733 733 733 
579 579 579 590 590 590 
403 403 438 438 438 691 
635 635 635 
213 242 446 446 
343 343 343 474 474 585 
288 342 
363 363 530 565 576 
9 9 582 582 
146 744 744 
239 347 529 580 580 

