nodes: 768 edges: 1462
5 5 5 168 586 
138 138 708 
117 282 282 553 
548 
247 341 
0 0 0 17 17 55 79 79 79 99 101 118 118 144 147 147 147 171 174 174 174 210 213 213 221 239 239 240 307 307 348 348 387 395 395 419 419 419 448 466 466 484 506 506 506 557 594 623 635 639 639 663 682 719 739 759 767 
489 489 
214 214 586 741 741 
81 93 343 343 

81 252 257 257 285 285 300 381 381 381 381 529 529 574 599 599 739 739 
537 719 
376 376 
67 159 159 
493 739 
296 296 707 
18 35 35 214 278 296 333 376 378 378 390 429 442 442 485 505 547 548 561 561 574 591 601 611 626 626 626 633 633 702 709 724 724 739 741 741 
5 5 466 712 
16 34 741 741 


128 538 557 626 626 
67 67 67 67 186 186 186 260 
218 
312 
386 386 386 449 456 
41 41 41 88 148 185 203 203 303 303 311 342 342 379 385 428 462 462 462 568 568 
30 718 731 
203 203 328 
35 288 288 471 471 471 556 
27 203 338 609 681 


118 478 478 478 
18 
16 16 29 73 73 287 287 287 297 400 400 432 556 645 670 741 
102 395 395 412 
339 
294 294 
261 261 
118 122 
26 26 26 88 342 
48 48 108 108 108 108 323 421 

337 456 
677 

171 221 736 
42 42 588 658 
351 351 368 368 601 613 
312 
203 203 666 
583 

171 171 600 
5 375 644 651 
64 156 239 503 503 583 713 
102 492 
203 203 265 265 265 
245 405 405 
106 156 
444 444 
517 517 599 

56 222 222 223 255 499 
117 381 381 637 
412 412 
13 22 22 22 22 159 159 159 213 213 213 354 446 446 523 
75 
157 157 286 720 
387 387 716 716 
268 
113 113 170 170 257 381 381 649 
35 35 142 142 
519 
68 502 667 

352 

5 5 5 239 340 340 448 448 573 594 594 594 594 
154 163 163 241 241 660 730 739 753 
8 10 170 170 195 195 257 288 300 312 312 343 343 435 599 599 
739 
117 192 228 342 342 417 526 643 643 643 680 



284 684 
26 41 224 224 
281 281 633 
555 734 739 739 
569 733 733 733 
589 
8 279 312 312 
184 203 203 212 
672 726 
470 
342 667 
366 366 
5 727 

5 367 533 
36 57 
130 342 704 
741 741 
721 727 727 727 
60 
544 588 588 
42 42 42 42 312 668 
398 512 607 666 735 
733 749 749 749 
157 577 577 
307 307 307 
72 72 312 
342 547 547 675 675 
213 405 635 700 
431 431 
2 65 83 192 192 192 212 224 277 277 342 342 342 381 381 428 628 677 677 
5 5 33 40 216 478 478 
424 

501 642 739 
40 565 
215 354 456 469 
582 
490 
289 737 
507 658 658 729 748 748 748 
21 626 
399 552 552 672 
103 342 466 466 


739 
616 

739 755 755 

1 1 313 

368 387 716 716 
315 315 455 612 612 
73 73 702 741 741 

5 163 506 506 614 
523 
765 765 
5 5 5 354 354 354 527 651 651 
26 568 568 
342 525 
457 457 

739 
192 317 317 317 
80 

56 60 239 280 459 460 463 463 590 590 
69 69 111 203 263 341 520 520 720 720 

13 13 67 67 67 238 238 354 354 362 461 461 710 730 730 730 

254 522 522 
561 
80 80 144 452 484 484 484 504 730 
579 579 581 581 

221 447 
203 203 247 
0 243 586 586 586 
320 415 415 587 703 703 
72 72 81 81 206 331 331 599 
5 47 54 54 496 


5 5 5 371 654 654 
489 
504 595 

208 208 357 
489 

532 
197 463 
343 
94 256 546 546 679 
26 739 
22 22 22 
756 
742 
449 
739 739 748 748 

83 117 117 117 153 582 582 582 
415 464 464 464 690 690 697 
210 
81 81 312 312 422 
577 
182 349 543 544 605 605 605 668 668 695 695 
416 601 664 664 
253 253 516 
363 532 532 
213 242 442 
244 635 723 
26 26 28 28 30 51 51 58 58 94 94 157 167 167 230 253 253 262 262 290 301 301 322 337 341 341 341 341 342 342 342 377 377 386 386 399 423 544 544 544 555 555 570 577 625 648 648 681 715 715 
542 

170 599 661 
620 620 655 655 
178 178 
246 342 626 
5 194 212 446 720 725 
286 286 286 
94 117 210 253 
5 5 67 67 67 115 201 225 225 273 388 446 498 504 595 646 689 719 719 
7 7 16 395 395 395 741 
123 354 456 
118 
290 648 648 
23 
227 559 
324 
5 47 166 387 
64 64 401 401 719 
64 
88 88 117 336 336 381 381 438 438 750 
213 213 273 273 273 273 299 299 334 334 380 527 527 527 542 593 659 659 659 760 
428 675 
219 366 559 559 
83 

203 482 482 482 
398 

710 
367 367 373 595 595 
523 
737 737 739 

159 159 
5 5 56 79 156 242 248 408 408 580 590 594 713 766 
5 
80 80 293 312 315 455 739 739 745 
201 239 503 
168 428 
202 
59 601 601 601 
209 337 
4 167 
239 


364 364 371 419 419 523 523 
10 
199 199 203 203 212 377 377 697 
161 435 667 
64 
184 679 
10 10 72 81 371 529 696 701 721 721 729 
379 739 739 
740 740 
22 397 397 435 
39 39 287 333 333 355 541 541 541 633 633 633 655 655 
203 203 648 648 
157 626 626 
328 
58 58 58 688 727 739 739 
568 712 
366 
71 
284 284 372 372 548 

535 535 582 582 

213 225 225 225 225 334 643 
705 705 705 
542 
718 
117 117 413 577 577 
16 287 287 364 432 432 476 476 477 522 600 
93 312 
156 590 
89 89 
2 2 
399 726 
87 269 269 548 548 548 674 674 674 
10 10 715 
69 211 211 211 341 464 464 
35 35 35 261 278 278 434 434 746 746 746 
29 29 81 667 667 762 
126 582 582 
203 217 
703 
366 
241 
38 38 341 341 636 636 692 739 739 739 
321 488 
15 15 16 326 326 376 424 473 479 485 
35 556 556 
319 366 636 642 642 739 
225 225 363 363 363 406 406 498 626 
10 81 422 
203 203 467 630 630 715 723 
393 393 
26 26 428 428 
575 575 
446 446 
658 
5 5 112 112 112 604 693 716 
638 638 
691 691 
361 515 515 515 607 
26 385 579 715 715 715 
24 50 81 81 93 93 108 113 195 195 241 279 342 381 402 402 701 711 711 718 718 739 
138 708 
575 
141 141 241 378 378 620 649 
585 
153 153 153 564 564 564 
354 360 360 
298 355 707 
169 508 
295 548 
203 
42 
220 756 
708 
296 296 505 
741 
28 264 377 
563 563 
601 664 664 
170 170 751 

16 261 261 364 364 364 386 386 547 547 626 633 633 658 658 658 702 702 
225 225 273 

224 224 589 
44 203 246 465 704 
30 
37 534 
79 79 
4 157 203 203 203 203 286 294 294 483 544 544 578 684 720 720 
26 26 41 83 83 97 103 114 117 117 117 130 149 203 203 203 209 312 399 428 428 428 465 539 643 643 653 667 667 704 704 731 739 754 
8 8 81 81 183 585 585 640 640 729 729 729 
466 466 
691 
632 
475 
5 5 570 
197 427 427 
753 753 
49 49 
77 395 526 526 

67 123 147 147 147 159 159 215 318 469 527 
261 319 
621 712 712 
178 
424 621 

318 318 
310 561 561 611 
159 432 432 432 
200 299 299 299 406 495 498 498 530 576 763 
251 251 278 333 333 333 515 

98 98 227 267 292 298 510 725 725 739 739 751 751 
101 234 234 494 719 742 
49 49 140 512 


174 251 257 523 658 658 690 
269 269 
234 
544 
55 
12 12 16 296 
203 203 253 253 328 425 554 554 
16 16 315 315 744 
26 258 
225 569 569 
10 10 10 10 65 65 72 72 117 117 224 224 312 
413 413 582 582 582 739 
523 756 756 756 

26 311 579 579 
25 25 25 203 203 333 333 449 
5 70 70 140 221 649 649 649 716 
213 696 739 
739 
16 591 601 
429 574 723 739 

302 302 544 625 

5 5 36 36 214 214 214 352 633 663 682 

260 260 
109 231 
129 203 283 342 
35 35 536 
222 222 
312 312 739 739 
448 448 

59 59 115 
299 299 363 

239 239 
640 
546 
455 
36 66 66 
277 382 382 558 739 

169 169 193 
198 665 
83 500 646 
648 
5 5 5 251 251 693 
633 708 
42 
195 300 436 571 
203 706 
119 296 358 473 719 
377 617 

349 349 
26 117 226 243 303 303 342 342 342 508 566 566 652 
16 391 553 

116 116 
35 278 278 362 362 362 677 677 740 740 

287 287 595 595 
81 254 260 634 
422 
672 672 672 672 
224 224 758 
569 612 
733 

16 16 201 626 626 

61 61 704 704 

67 67 210 213 305 305 503 523 523 760 760 760 760 
166 601 601 
5 79 79 403 403 
25 189 386 733 733 733 753 
748 

163 633 
720 720 

141 241 411 
25 44 123 215 
150 150 

156 545 612 612 
156 
159 159 
26 26 26 
156 156 182 
193 193 193 286 286 
337 342 
5 5 17 130 130 344 344 
301 727 727 

123 354 
96 
29 29 29 
526 526 
296 424 642 642 642 
554 554 761 
347 
278 278 633 633 739 739 
278 499 
33 33 33 118 118 
296 

722 722 
230 230 230 
341 
5 163 163 163 
16 296 626 
565 
558 558 
295 
6 6 175 179 497 497 497 667 667 667 704 
125 
503 
57 
14 739 
367 719 
363 601 693 693 695 
171 
489 489 489 695 695 695 
213 299 363 363 
64 477 
417 588 688 
121 
75 
56 56 242 446 491 
163 176 213 595 
16 326 
5 5 5 144 144 
127 664 664 664 693 695 
320 428 566 
633 633 
366 
739 739 739 
109 368 
703 703 

310 310 310 364 
199 615 615 711 
62 62 599 599 

74 591 
157 157 

161 161 278 
67 145 235 251 251 371 383 446 446 
716 
149 716 
83 352 352 472 472 
147 225 225 225 354 710 710 
563 
10 10 257 649 705 705 721 721 
363 576 

181 200 200 696 739 745 745 
101 
339 
271 271 
400 643 711 
11 719 
21 742 742 
342 

261 261 261 
204 225 275 593 593 738 
197 695 
107 197 203 203 203 341 341 374 393 
459 612 612 612 643 
184 184 410 643 643 
16 114 114 333 333 563 563 573 702 
3 16 269 284 284 284 321 739 

588 741 741 
637 
129 129 
2 429 
377 377 474 474 
90 203 203 
29 35 297 297 
5 21 622 
413 487 487 632 632 
219 227 227 

16 16 162 361 361 615 615 615 615 

329 329 528 547 547 742 742 
317 317 317 613 613 
122 486 705 715 
428 428 508 
663 
26 26 148 148 266 
91 380 380 439 
203 348 660 660 660 
422 
678 
79 547 
10 16 391 739 739 
304 304 314 
363 530 
111 111 196 203 277 277 603 603 
341 
164 164 311 385 385 602 602 602 757 
239 594 601 766 
164 164 
124 192 192 192 271 271 289 289 382 382 382 737 737 737 
52 56 667 667 739 
636 
316 343 343 642 642 642 743 
0 7 168 168 168 
169 
48 107 107 500 550 
92 336 633 633 
156 156 239 280 757 
16 390 519 601 

225 542 542 
5 79 79 79 79 239 580 
176 213 234 234 434 434 504 728 
693 693 


10 10 62 81 81 170 206 517 517 
54 278 
16 49 198 245 245 245 330 390 447 447 495 580 591 602 602 660 664 664 695 695 695 730 
579 579 579 601 601 
577 577 
307 
197 197 197 
622 
109 310 

30 
686 
16 361 
141 141 439 459 459 545 545 545 
49 564 564 746 
144 695 
516 516 561 561 561 561 
134 
425 648 


207 207 315 
356 358 659 659 
557 606 719 
5 

203 393 
16 16 16 21 21 128 209 263 263 299 333 442 442 485 
667 667 
117 

301 301 
714 714 
346 558 558 
16 16 89 261 261 261 333 333 395 420 452 476 476 509 509 589 589 708 
435 669 669 
5 115 202 759 759 
294 294 298 584 671 671 
65 551 
308 308 
5 5 667 667 
343 343 409 

121 298 298 473 473 473 585 585 585 739 
83 83 83 273 342 342 536 545 546 546 667 667 
55 
35 741 
213 417 653 
730 730 730 
203 203 217 217 262 262 418 617 
72 315 387 387 387 529 

55 147 147 
428 
342 646 
174 174 
207 207 261 261 


48 127 127 306 333 333 333 371 371 674 690 690 
225 225 225 621 621 
80 570 570 570 601 730 
206 

5 395 567 682 
198 198 330 330 507 507 507 601 601 695 
416 
51 109 
75 97 254 288 288 342 342 489 489 489 583 583 627 627 639 639 643 643 739 
108 197 197 
634 634 
35 
636 636 
95 129 437 437 437 437 
674 674 674 
284 284 284 658 673 673 673 
114 114 226 

45 117 117 432 432 
572 733 756 
184 256 
83 
30 203 
5 395 663 

87 341 706 706 706 

610 
737 737 739 
265 500 739 739 
213 739 
193 193 371 658 658 
309 309 345 758 
294 
307 419 495 495 507 596 596 

197 197 495 497 497 497 507 543 601 601 601 614 664 
257 388 532 717 739 739 
193 253 


115 
257 312 705 
16 142 333 333 547 
169 169 291 513 513 
103 337 342 342 444 444 489 
274 274 274 529 529 565 701 755 755 
423 684 684 684 
15 319 
1 313 325 420 633 733 733 749 749 753 753 756 756 
16 747 
159 233 527 527 
312 312 516 536 
17 266 356 356 
56 239 
631 631 
203 203 285 301 311 311 311 565 
70 70 140 140 307 387 524 525 
696 
27 276 312 312 
5 11 213 213 222 367 424 494 537 622 
69 157 157 210 341 341 453 453 
105 257 257 529 529 
481 481 
202 301 391 
16 16 
210 366 366 
95 283 
99 105 105 105 265 467 467 
595 
127 257 343 343 343 
80 159 159 159 163 601 647 647 647 660 
27 342 

91 91 91 110 440 449 449 449 678 708 708 753 756 
90 
109 741 
47 
126 236 236 582 582 582 687 687 
542 
5 10 10 14 16 80 82 90 90 121 133 136 152 185 190 190 236 241 241 258 258 265 265 294 294 294 298 312 342 366 366 382 388 389 391 402 402 413 476 476 493 511 511 511 532 548 574 574 583 642 667 687 688 688 689 696 696 745 748 
259 259 432 432 
7 7 16 16 18 18 35 104 104 142 142 214 327 550 550 645 735 
188 367 538 538 563 563 
585 
378 
241 532 532 739 
287 287 287 613 
709 
127 127 127 190 190 450 739 
110 110 110 708 708 
224 
331 366 366 

80 350 350 449 708 708 733 
342 
136 136 705 705 
187 324 383 383 383 678 708 708 733 
579 590 
438 691 
5 635 635 
225 446 446 446 446 
474 
288 
363 

146 146 
239 580 
5 
