nodes: 768 edges: 1426
168 168 
138 708 708 
65 65 117 117 282 427 427 553 553 553 
214 633 
178 247 341 357 357 357 
6 6 53 79 79 99 101 118 118 163 210 213 213 221 239 239 240 272 272 272 272 348 348 367 370 382 387 419 448 466 506 506 537 567 594 594 598 639 639 639 651 654 654 719 739 
5 5 254 489 489 489 669 
214 
81 
582 582 
81 81 81 257 265 265 274 285 285 300 300 381 381 445 529 529 574 599 599 599 739 755 

16 
354 
455 455 739 
296 319 
12 18 57 150 150 198 198 214 214 278 278 296 333 333 376 378 378 390 473 485 492 547 548 561 569 569 591 591 600 601 601 624 624 626 633 633 702 709 709 724 739 741 
466 712 
16 34 34 741 
416 

128 
67 521 

190 312 
386 386 386 449 449 456 753 
41 203 203 303 311 311 342 342 428 568 712 
30 30 203 731 
203 301 
471 
27 27 203 338 338 
533 
372 372 372 516 
118 118 207 478 478 
18 18 
287 432 645 741 
412 
110 110 339 
294 298 298 
261 261 261 355 415 

26 
48 108 108 323 421 
585 
337 337 
212 212 212 253 677 
459 
112 112 112 171 171 
42 588 588 
351 351 351 351 368 368 601 

342 342 666 
583 
5 
171 171 171 
144 623 644 
64 156 239 239 242 503 503 713 713 713 
16 
203 203 265 265 
245 245 365 405 405 405 405 
156 156 
444 
517 
292 
56 222 222 255 255 499 
2 2 117 381 551 637 
395 395 412 412 412 
22 159 159 213 213 213 260 305 354 397 397 446 446 
739 
286 286 720 
307 307 387 387 
237 
113 257 381 649 
142 142 142 
519 519 
182 502 
402 402 
352 
473 473 473 
5 5 239 340 340 406 406 406 594 594 594 
154 154 163 163 163 241 622 660 730 730 753 753 753 
8 10 10 10 195 257 312 343 343 422 422 433 435 443 599 607 607 

117 228 342 417 500 643 667 680 
225 
580 

229 229 684 684 684 684 
224 224 342 
633 
555 555 739 
569 569 733 733 

279 312 
184 203 212 253 253 
399 399 672 672 
470 470 

121 
5 

5 367 367 367 

130 130 342 618 704 704 704 
498 741 741 
727 727 727 
156 
283 588 588 588 
42 42 312 668 668 739 
203 203 398 398 607 607 607 666 
37 37 733 733 733 749 
577 
47 47 47 
72 257 257 312 312 701 
342 342 428 
213 635 700 
213 
2 2 65 83 192 192 224 277 317 342 342 381 381 381 628 628 677 677 683 
5 5 33 33 348 


98 642 
565 565 
215 456 456 
534 
490 496 
289 289 737 
507 658 658 748 
21 614 626 
552 552 592 
103 103 342 466 512 
637 

739 739 
158 616 

739 739 755 755 
748 
1 313 708 
571 
202 
612 
73 73 73 702 728 728 741 741 

55 163 506 506 614 

207 588 588 765 
354 354 527 527 654 
568 568 568 
667 
16 16 214 457 611 611 611 611 629 
413 
739 
317 317 339 
80 80 
289 
56 60 60 106 239 280 399 590 
203 203 203 263 263 341 341 520 578 578 578 720 
134 438 725 
67 67 238 304 354 409 409 409 461 710 730 730 730 


278 
5 80 80 80 144 452 484 484 730 
579 581 
584 
221 447 447 

0 0 
320 320 415 415 703 
206 206 331 599 599 599 
47 47 54 54 54 
294 294 294 

371 654 654 654 
254 254 489 667 667 
595 595 
342 342 739 
4 208 


745 
75 197 197 197 197 463 
343 
94 546 679 

333 731 
756 
742 742 
449 449 
24 402 657 739 748 
247 
117 117 582 
464 674 690 
210 210 
81 312 422 
203 541 577 
182 182 182 182 544 605 605 605 668 668 668 695 695 
16 16 416 601 602 
203 203 253 253 516 
524 524 532 696 
242 242 242 442 
140 244 244 
26 26 27 28 30 58 58 94 109 109 157 157 157 196 199 199 230 253 253 262 264 266 290 322 341 341 341 342 342 377 386 399 399 399 482 486 486 544 544 555 555 570 570 592 609 609 625 648 648 681 715 715 

343 739 
170 170 599 661 
33 146 620 620 633 
178 
626 
5 194 194 
286 
45 45 45 94 
5 5 67 67 67 115 116 225 225 225 273 353 373 388 446 498 593 620 620 620 646 646 646 656 719 719 719 760 
3 7 16 16 150 395 395 395 741 741 
123 456 456 
437 
290 648 
262 
227 227 559 596 596 
324 
5 166 
64 64 401 401 719 
255 
88 88 117 336 342 381 438 
84 213 213 213 273 273 299 299 299 334 334 380 527 527 527 659 738 738 760 
428 675 
219 219 596 
83 
87 87 284 
203 482 482 


710 
406 595 

737 739 
71 
159 
5 5 56 56 79 156 242 242 408 580 580 594 766 766 
5 
80 293 293 312 315 315 455 468 606 739 739 
56 201 201 201 239 239 503 760 
428 482 
202 202 
59 59 601 
456 
4 191 341 341 716 752 752 752 


424 
364 371 419 506 523 
705 
45 94 94 199 199 203 203 518 
6 175 175 372 372 435 489 489 
64 64 223 

10 72 81 113 113 371 529 529 696 721 721 729 
379 379 
740 
67 397 435 531 531 
39 39 39 333 333 333 355 401 401 401 401 415 541 541 633 655 
203 218 
157 157 
203 
10 10 58 58 727 
203 462 712 
366 725 725 725 

372 548 548 

535 
5 5 5 5 466 466 466 466 523 
213 225 225 334 643 760 
10 705 705 739 
542 
752 
117 413 
16 16 162 287 287 432 476 476 522 600 600 600 
93 312 
156 

2 
107 399 399 399 588 726 
229 548 548 674 
10 10 715 
69 69 211 341 464 
35 278 278 434 434 746 
667 
126 126 155 388 388 388 582 582 
203 217 

63 470 
241 241 
38 172 172 172 341 341 341 691 691 692 692 692 739 739 
321 342 488 731 731 
15 16 326 326 424 473 473 475 479 505 
680 
38 38 319 636 696 739 
225 225 225 363 406 498 626 
10 10 
28 467 630 715 
355 355 393 393 
26 428 652 
159 575 
67 446 
658 
70 70 560 716 736 736 
638 638 

361 361 607 
26 26 579 579 715 715 715 715 
24 81 93 108 113 113 195 241 279 342 701 718 739 739 
138 708 708 
409 575 
241 241 378 620 620 620 
343 343 585 
117 153 153 564 

15 298 671 
169 169 508 736 736 736 
295 548 
203 
42 421 
220 662 756 
708 708 
296 296 505 
741 
377 
708 
664 664 
170 544 

16 16 186 261 261 261 364 386 386 547 626 626 626 658 658 702 702 
225 225 273 

224 
44 44 465 704 
30 30 609 
37 153 534 
79 79 448 579 
4 157 157 203 203 203 247 247 286 294 294 294 464 464 483 483 544 578 684 706 706 720 
26 26 51 51 83 88 103 114 114 117 117 130 177 177 203 203 224 295 312 399 428 428 428 444 465 518 532 643 667 667 683 704 704 731 739 
81 81 183 205 316 316 433 585 640 729 729 729 

691 
690 
475 592 
5 5 118 562 562 562 661 
427 427 427 
753 753 
49 49 49 49 390 
77 395 395 412 472 526 526 
213 
13 67 147 147 159 
39 261 302 302 
621 621 712 
4 4 4 
424 621 621 


310 310 561 

299 406 495 498 498 498 530 576 576 763 
251 333 515 515 
59 
267 470 510 510 725 725 751 
5 101 101 101 494 719 719 719 742 
49 49 512 512 
648 648 705 
5 
174 251 257 523 658 690 
32 32 32 254 254 269 548 548 
213 
544 544 

16 
203 328 554 648 648 697 
16 16 315 744 
258 258 
225 569 
10 10 65 72 117 117 117 224 
5 413 582 582 582 
523 523 523 756 


25 25 25 203 333 333 449 449 
5 70 70 608 
213 289 289 289 696 739 
739 
16 351 601 
574 614 739 739 

302 302 544 
429 429 
66 66 214 214 214 352 352 663 682 682 

67 67 260 515 
109 109 
95 95 156 203 203 203 283 283 283 342 685 

222 222 261 261 261 261 
76 76 190 657 657 739 
448 448 758 
522 522 
59 59 59 59 
79 79 79 234 299 363 

239 
159 159 159 314 640 
546 546 

36 66 66 66 352 
151 277 382 558 739 
589 633 633 
39 169 169 261 
19 198 
83 500 500 500 646 
511 511 648 739 739 
5 251 
708 
42 323 590 
81 81 195 571 

250 296 358 473 
617 
498 
2 2 349 349 349 
26 114 226 243 303 342 342 342 508 508 676 
394 394 553 553 
499 

35 278 740 
81 343 
287 287 595 699 
81 254 260 
447 
216 739 
158 224 758 758 
569 569 612 
646 646 662 733 

201 626 629 
81 551 
61 342 643 
10 
67 67 213 305 523 760 
166 166 436 
5 340 403 403 511 
25 25 189 189 386 386 733 733 733 

533 
163 633 
720 
626 
14 14 241 739 
25 123 123 215 215 246 
150 
490 490 
46 545 549 612 612 612 

159 710 
266 594 
182 
193 286 341 341 
337 342 
5 17 130 272 272 272 272 
301 727 727 
241 

96 96 292 366 
29 
352 
16 78 78 78 296 296 424 642 642 642 
554 761 761 
296 347 
278 278 633 739 739 
499 
33 33 675 
296 


203 230 230 243 
341 341 
163 163 
16 626 626 
203 203 565 

295 
6 6 6 175 254 254 497 497 639 667 667 704 704 
125 458 458 
503 
16 
739 
367 719 719 
363 507 695 
125 
489 489 695 
104 213 299 363 363 363 426 
64 430 477 
83 417 417 417 

75 667 697 697 
56 56 242 491 
595 739 
296 326 
5 5 144 144 251 
127 495 664 664 693 693 695 
320 428 428 566 

366 366 
418 418 448 739 
130 368 368 
703 

364 364 397 
32 199 615 638 638 
62 599 
253 342 
74 74 
157 720 
22 
278 404 404 
251 272 371 383 383 383 446 
200 200 716 
716 
352 352 
147 147 225 225 225 710 
563 669 
10 10 257 257 596 596 596 596 649 705 721 766 
363 576 763 
260 260 
200 342 739 745 745 
31 451 
124 339 
271 
643 
5 719 
563 742 


196 261 261 
275 
544 695 
197 203 203 331 341 374 374 393 543 
459 612 643 643 
184 410 410 643 
16 333 563 573 702 
16 269 269 284 284 321 372 372 739 739 739 
459 

65 443 637 
129 129 
2 2 2 429 429 
377 474 697 
90 90 203 203 

622 662 739 739 
413 
219 
307 
16 361 569 
348 348 348 661 
528 538 547 669 669 742 
317 613 
122 122 486 705 715 763 
508 
5 663 
26 148 148 148 615 615 
16 16 91 91 380 439 439 561 615 
203 203 660 
139 422 
678 
547 
10 391 739 739 
304 314 613 
363 363 530 763 
111 196 603 
157 157 157 341 
164 311 311 340 602 602 602 757 757 
85 239 239 601 766 766 766 
164 706 
9 9 192 289 289 382 382 382 737 
52 667 
165 636 636 
43 316 343 642 642 743 743 743 761 


48 48 107 107 107 146 146 283 
414 
156 421 
16 16 
129 203 347 
213 
5 5 79 79 79 239 462 
176 176 234 434 504 
219 219 227 529 529 529 529 693 725 

5 
10 10 10 81 170 170 170 206 517 661 
16 278 278 278 
16 16 49 198 245 390 580 613 647 647 660 664 695 
198 579 579 579 
577 

197 197 197 
241 622 
81 81 109 109 109 310 
387 649 
203 203 338 
686 
150 150 150 150 
141 439 459 459 459 545 
564 575 601 746 746 
128 144 391 
516 568 568 569 
134 
425 
103 
694 745 
207 207 213 213 213 315 315 315 
356 356 358 358 659 659 
80 557 606 650 739 
55 
16 16 
203 
16 128 209 299 333 333 333 442 454 485 485 
667 
117 117 
150 442 
301 


3 16 16 89 207 261 414 414 452 476 708 
669 
115 
298 584 584 671 671 
65 131 551 
308 308 516 516 
5 5 5 489 667 
343 409 

121 473 473 473 585 585 
83 273 342 444 536 545 545 546 667 667 
55 
35 741 
213 213 213 417 440 440 653 
601 601 730 
203 203 217 369 369 377 377 418 
72 529 608 
622 
5 654 654 
303 
646 
5 5 147 174 174 174 651 651 
261 
213 
190 402 402 
127 127 306 333 333 371 674 674 690 
225 621 621 
80 570 601 
206 348 562 599 
324 440 557 733 
395 567 731 
330 330 507 507 601 

51 109 
83 149 175 175 288 342 342 489 489 502 583 627 639 643 643 
108 108 197 197 197 
6 528 563 563 634 

319 636 636 
95 95 
674 674 674 
193 284 658 658 673 673 673 690 690 690 
226 478 
428 
45 117 117 
572 733 756 
184 
83 297 
203 
395 395 
117 342 
87 87 87 87 341 706 
399 748 
610 
737 

739 
193 346 371 658 674 674 674 
294 294 345 
294 294 294 
507 507 596 
619 
197 197 495 497 507 543 601 
200 257 298 388 739 739 
377 502 502 554 

434 
115 
113 312 705 705 705 
16 142 333 333 547 
169 513 716 
103 103 103 337 342 342 489 489 
252 274 274 369 529 565 701 701 701 755 755 755 
341 341 581 684 

1 1 138 313 313 325 325 329 420 633 749 753 753 756 
16 16 
159 233 461 527 

17 26 266 356 
56 56 56 

203 203 285 301 311 311 311 311 565 
247 307 524 525 703 

312 
5 213 213 213 222 367 367 367 494 494 537 
69 157 341 453 520 
257 257 529 


16 
158 267 267 267 366 366 596 
283 
105 105 105 265 467 467 
142 142 
257 343 343 343 
80 80 159 159 159 163 647 
27 186 295 295 342 663 

91 91 110 110 110 440 449 449 449 662 678 749 749 753 753 756 


307 307 320 320 320 
126 236 582 687 
225 225 
5 10 14 16 68 90 108 133 133 136 136 152 177 190 205 236 241 241 274 294 294 298 312 312 342 388 389 391 391 402 413 418 418 437 455 476 476 493 504 511 532 548 548 548 557 557 574 574 622 689 696 696 751 
259 432 
16 18 35 104 104 142 142 214 214 327 645 
188 188 367 538 563 
585 585 585 
378 765 765 
181 532 532 619 
287 613 613 

127 137 190 685 
110 708 733 733 

366 739 
247 247 247 276 
25 80 80 80 350 350 708 708 733 733 

10 136 136 705 705 705 
187 324 383 678 708 733 
579 579 
403 438 438 

213 225 242 273 446 
474 474 585 

363 530 565 576 

146 744 744 
239 239 529 580 580 580 

