nodes: 768 edges: 1431
5 5 168 
138 138 708 
65 65 427 553 553 

247 357 357 
0 0 6 17 79 99 118 144 147 163 171 194 210 213 216 216 216 216 239 240 272 272 307 348 367 367 387 395 395 419 419 448 448 451 466 484 484 537 557 594 594 635 635 639 639 682 719 767 
5 405 669 669 669 
741 741 
93 343 724 
124 
81 257 257 274 274 274 300 381 514 529 529 574 599 599 599 739 739 755 


238 
455 480 739 
296 296 296 319 376 707 707 
18 78 78 150 198 278 296 376 376 376 376 378 390 394 429 429 442 473 479 485 485 492 492 547 547 548 548 553 591 600 624 624 626 633 702 709 724 739 741 741 
5 466 739 
16 34 727 741 

352 
128 128 650 
67 67 186 521 521 
218 
312 
386 386 449 449 456 753 
41 148 148 185 203 303 311 311 379 379 385 462 568 
30 731 
203 203 301 
35 288 471 556 556 
27 203 609 
533 533 
516 516 516 
118 478 478 478 
18 741 
29 73 297 400 400 432 432 670 741 
102 352 395 412 
110 110 339 733 733 
294 
618 
122 
26 342 
48 108 323 
50 50 585 
337 
253 253 

112 171 171 271 736 
42 306 588 658 
351 351 351 351 601 613 
43 43 312 
342 342 


171 171 
144 375 375 375 623 
239 239 239 242 388 503 503 
102 102 492 
203 
245 245 405 


599 599 599 
292 
156 222 222 222 223 
2 2 117 381 381 637 637 
395 412 
22 22 159 159 213 213 213 232 260 260 305 354 383 397 446 521 521 523 
108 739 739 
157 157 286 286 720 
307 560 
625 
113 381 
35 
406 
502 667 667 


16 16 473 
5 406 406 448 448 573 594 
141 154 163 163 163 241 622 622 660 660 730 730 739 739 753 753 753 
10 170 170 300 312 312 343 343 433 443 607 

228 342 342 500 500 526 643 643 643 680 680 
225 225 
580 

684 684 684 
224 342 
281 633 
555 555 555 734 
569 665 665 733 733 733 

8 279 312 
184 203 203 212 253 253 
399 399 672 672 672 726 
627 667 667 


5 


36 57 57 
130 130 
741 741 
529 721 727 
156 
544 
42 68 312 739 
607 666 
37 37 749 
157 157 577 577 577 
47 
72 257 312 
342 547 547 675 
213 213 405 405 405 635 
213 431 
65 192 192 192 212 224 277 277 342 381 628 677 750 
5 33 216 348 370 
424 434 

501 642 739 739 
40 
215 215 
9 582 
490 
289 289 
507 658 658 748 
21 21 614 
592 
103 103 466 466 512 512 512 



158 616 616 616 616 
326 326 


1 1 
739 
716 716 716 
80 612 
728 741 
401 
5 55 392 484 614 614 614 614 614 

207 207 588 765 765 765 
5 354 527 651 651 654 
26 26 568 568 
342 427 667 667 
16 457 611 

650 739 
192 
80 

64 106 239 239 399 460 460 747 
69 69 111 111 203 203 263 720 
134 616 
67 67 215 238 238 354 354 362 409 409 730 
342 342 
522 522 
278 278 561 561 
5 80 80 80 409 484 484 484 484 504 730 
393 579 581 581 

221 447 
247 
0 586 
320 320 320 415 703 703 
81 81 206 331 331 331 435 599 
5 47 47 54 54 
294 

654 654 
254 254 
504 
342 687 739 739 
208 208 



197 197 
343 
94 546 546 546 679 
26 739 739 739 
22 547 
756 756 
742 742 
449 449 
402 402 402 558 657 739 748 748 
247 
117 117 117 153 582 
464 674 690 
5 210 
312 312 422 
541 577 
182 182 484 543 544 589 668 668 695 
16 602 602 664 
253 516 648 
363 532 696 696 
242 442 667 
723 741 
26 28 28 30 58 94 94 157 157 253 262 264 264 301 301 301 322 322 341 342 342 342 377 386 399 423 423 467 467 486 540 540 544 544 544 555 570 570 577 577 592 609 625 644 648 681 715 715 

343 739 739 739 
170 599 661 
146 146 620 620 633 655 
178 178 625 
342 
5 194 

94 117 253 
5 67 67 67 115 115 116 225 225 225 234 273 353 373 373 388 446 498 504 595 620 620 656 719 719 760 
395 
123 123 159 354 354 
5 5 5 5 118 437 
290 648 
23 262 262 
596 

166 387 
64 64 64 401 719 719 719 
64 255 
88 117 336 336 342 342 381 750 
84 84 213 213 213 273 273 275 299 299 334 527 527 593 593 659 738 
428 675 755 
366 559 559 
83 

482 707 
264 264 264 398 
67 

213 367 373 406 595 595 

737 737 

13 159 159 
5 56 56 56 156 156 242 408 580 590 594 713 766 
5 
80 293 312 315 315 315 455 
56 201 239 503 760 
508 508 

59 59 
337 342 
4 167 191 341 706 752 
708 
748 
424 
364 371 419 419 523 612 
705 705 
45 45 94 94 199 203 212 377 
175 175 435 489 667 667 667 
223 

10 10 113 371 529 701 721 729 
379 696 739 
278 
67 67 397 397 531 
333 333 355 355 401 633 655 655 
203 218 218 648 648 673 723 
157 
203 203 231 231 231 328 328 328 
727 727 739 
462 462 568 568 

298 298 
284 284 372 548 548 548 

47 535 535 
5 5 523 523 523 
213 225 225 
10 10 10 445 445 705 
225 542 
483 752 
117 117 413 413 577 577 
16 162 162 259 287 287 432 522 522 600 600 
93 312 
590 590 590 
89 643 

588 726 
269 269 548 674 
715 715 
69 69 335 
278 278 
29 667 762 
126 126 388 548 548 582 582 
217 
703 
63 366 366 739 
241 
38 172 298 341 341 341 584 636 691 691 692 692 
321 321 321 342 488 488 
15 15 15 16 326 424 424 473 473 479 505 
35 556 680 
268 268 294 636 636 642 686 
225 225 406 406 498 626 
10 81 
28 203 203 203 359 467 630 630 715 
355 393 
26 428 428 578 
409 409 575 
67 
48 658 658 706 
5 70 560 716 736 
638 638 
691 691 
361 607 607 
26 26 579 715 715 
24 50 81 81 93 108 113 195 195 241 279 342 381 402 625 701 718 718 718 739 
708 
409 575 
241 241 241 378 378 
343 343 530 585 
564 564 
354 354 360 
15 
169 169 169 736 736 
295 295 295 548 
203 203 
42 421 
708 756 
708 
135 135 296 505 

264 264 264 377 377 

601 664 664 
170 170 170 751 
577 577 577 
261 261 364 386 386 386 547 601 633 633 658 658 658 702 
225 
286 
224 224 589 633 
44 246 465 465 704 

37 534 
448 
203 247 294 294 294 464 578 684 684 720 
41 51 51 83 83 88 114 117 149 160 160 177 203 203 203 209 224 224 246 295 312 399 399 444 465 518 518 532 532 643 643 667 667 704 704 731 739 754 
8 81 81 183 205 316 316 433 640 640 729 761 761 

691 
632 632 
475 592 592 
5 118 441 441 562 562 570 661 661 661 
427 
622 753 
49 49 49 49 390 
20 36 412 412 412 472 526 526 534 
213 
67 147 159 159 215 215 318 318 469 527 527 
261 261 302 
712 
4 4 
621 
301 
318 
310 561 561 561 611 611 611 
159 432 
200 406 498 530 576 763 
251 333 515 

227 292 292 510 725 725 739 
5 5 234 742 

705 
118 
251 257 523 523 658 690 
269 548 
213 213 234 595 595 
544 
55 55 55 
15 16 16 16 16 
203 253 328 328 425 425 554 648 648 697 
16 315 315 744 
26 26 258 
569 569 569 
10 65 65 72 117 224 312 
413 413 582 582 582 582 739 
67 523 756 756 
728 728 
26 579 579 
25 25 203 333 333 333 449 449 
5 221 
56 213 289 696 696 739 

16 351 591 601 601 601 
429 574 614 739 
144 
164 302 625 
16 429 429 
5 5 36 66 214 633 663 682 

67 260 260 515 
231 667 690 
95 95 156 203 342 342 
35 35 
143 222 261 
190 190 190 312 657 657 
448 758 760 
522 522 
6 59 115 115 115 635 635 
74 79 79 234 299 299 363 498 
421 601 601 
239 
159 159 163 304 304 314 640 


36 66 352 352 352 
277 277 382 382 558 558 739 
589 589 633 633 633 
169 
665 
500 646 
511 
5 5 251 251 693 
633 708 
323 407 
195 436 571 
203 203 
119 250 296 296 473 621 
377 377 617 617 

2 149 349 
226 303 303 508 508 566 566 566 652 652 652 754 754 754 
16 16 391 394 394 553 
499 499 
116 
35 35 278 362 677 
81 343 
119 595 699 
170 254 634 634 634 
422 
216 739 

545 612 612 
526 
348 348 
16 201 629 747 
81 551 
342 489 643 643 704 
274 274 
67 213 523 523 
166 601 
5 5 79 79 340 403 511 
25 25 189 189 386 386 733 733 733 753 

5 
633 

626 
14 241 532 
25 
150 583 
490 
612 
156 156 

26 266 266 594 

193 341 
337 337 342 
5 17 130 130 
203 203 301 727 727 727 

354 

29 
352 526 
16 78 296 296 424 
554 
347 
633 640 739 739 
499 
33 33 33 675 
16 296 
14 
722 
230 
276 
5 5 144 163 163 163 163 197 
16 16 626 
203 565 565 

295 295 
254 444 497 497 667 667 704 
125 458 

16 16 57 
739 739 

693 

489 489 664 
213 299 363 406 
430 430 477 
83 83 417 688 
121 
75 667 667 697 697 
56 56 242 
163 176 213 595 595 
296 326 

127 664 693 695 
243 243 428 428 566 

366 
418 448 
130 130 130 
703 716 
10 529 
364 397 
32 32 32 199 615 615 638 711 711 

342 342 
705 
720 
22 22 67 67 
161 161 278 278 404 404 
67 251 272 272 272 371 371 383 446 446 
696 696 716 
716 716 
83 352 352 440 472 
147 225 225 354 354 710 

10 10 105 257 514 596 721 721 766 
316 363 576 576 576 763 
260 
200 342 342 455 696 696 717 745 745 
31 31 
339 352 
271 271 
643 643 
5 719 719 
742 

203 203 
196 
275 738 738 
197 544 695 
107 197 203 203 203 374 543 
439 612 732 
184 184 184 643 
16 16 114 114 186 333 563 573 702 702 
16 16 269 269 269 284 289 289 321 372 739 739 

741 
443 

2 2 16 429 
377 474 
90 90 90 203 
29 29 297 
5 739 
190 413 413 
227 227 
70 307 
162 162 361 361 361 615 615 
348 348 661 
547 742 742 
317 317 613 613 
486 486 705 715 715 763 
428 428 428 508 
663 
26 148 148 266 266 615 615 615 
91 380 380 380 615 
203 203 348 660 660 
422 
678 678 678 
79 547 
10 391 739 
304 314 613 
363 530 530 530 763 
111 111 111 196 203 203 277 277 332 332 332 
303 341 648 
164 311 385 385 602 757 757 
85 239 594 766 766 766 
164 164 706 725 
124 192 289 289 382 382 382 382 737 
457 667 739 
294 636 636 
43 316 642 642 743 743 761 761 
168 
658 
48 146 283 
197 336 414 414 633 
239 280 280 280 757 757 
16 390 601 
129 203 347 347 
225 225 
5 5 79 239 462 580 
213 234 234 373 373 434 504 504 728 
219 529 725 


10 10 10 62 62 62 170 206 
16 278 278 
49 330 333 390 390 390 407 407 447 591 602 602 613 647 647 664 664 695 730 
198 198 579 601 601 



622 
81 109 310 310 

30 203 681 

150 361 361 361 
141 251 439 439 459 545 
49 564 564 575 601 746 
128 144 144 144 144 144 391 
516 516 561 561 568 568 568 569 
134 134 134 134 158 725 
425 425 648 
39 
694 694 
207 207 213 213 
358 424 659 
80 80 350 606 650 719 739 
55 
16 16 
71 203 208 312 393 
16 299 454 485 
96 667 667 
117 
442 
301 301 

346 346 739 739 
16 89 207 261 333 333 336 395 414 414 414 420 452 476 589 708 
435 435 435 669 
5 5 115 405 405 759 759 
294 298 298 584 584 671 
65 65 
308 308 516 
5 5 667 
343 343 409 476 

121 298 585 585 739 
83 83 83 281 342 342 444 444 536 536 546 667 
203 

417 
601 601 730 
199 203 217 262 262 377 377 578 617 

21 152 622 
147 147 
428 428 428 

147 174 174 
207 261 261 
213 
190 402 402 
48 127 127 306 306 333 333 333 371 587 690 
225 621 
80 80 570 570 730 
206 348 348 348 562 
733 733 756 756 
395 567 
198 330 330 497 507 601 601 695 695 
91 91 416 
109 
75 75 96 96 149 149 201 254 254 254 288 342 342 398 489 489 502 502 583 627 627 639 643 739 739 762 762 
197 197 739 
6 6 6 634 
35 
636 
95 95 95 
262 674 674 
193 284 673 673 690 690 690 
114 226 478 684 

117 432 
572 572 572 
184 
83 83 297 
203 609 
5 395 

87 87 87 341 341 675 706 
748 
298 
177 739 
500 

193 371 398 658 674 674 674 
294 294 309 309 345 
294 294 
419 495 507 
619 619 
197 507 543 601 664 664 
200 200 258 388 388 524 524 532 532 717 717 739 
377 502 502 

434 

257 312 705 
16 333 547 547 
169 169 291 513 716 
337 342 342 444 489 
252 252 274 369 519 565 701 
247 306 581 684 
15 15 230 
1 248 313 324 325 420 633 733 753 753 
16 747 
527 
516 516 
356 
239 
739 739 
203 203 285 285 301 311 311 565 565 
140 140 140 307 513 524 525 525 703 
532 696 696 
312 312 312 
5 213 213 222 222 222 537 537 622 
69 157 341 520 
105 257 529 529 
481 
202 262 
8 16 
366 366 581 596 616 
95 283 
18 105 265 265 467 467 467 
142 384 384 595 
257 343 
80 80 159 163 601 647 660 
27 342 
545 
37 37 91 91 91 449 449 449 662 662 708 753 753 
90 
741 741 
47 307 320 320 
236 236 582 739 
225 542 542 
10 10 14 16 17 68 68 80 80 108 121 121 139 152 177 177 185 185 185 190 205 205 205 258 265 292 312 342 366 382 388 391 413 437 476 476 493 493 548 548 557 574 583 622 632 632 642 667 667 668 687 696 714 714 737 745 745 748 748 751 

7 7 16 16 18 34 35 104 104 142 202 550 735 735 
188 188 367 538 563 563 
585 585 
378 765 
532 532 739 739 
613 
156 442 709 
127 190 190 249 685 739 739 
110 
117 224 
331 739 
247 276 
25 80 80 80 350 449 708 708 733 733 
342 428 428 428 
10 226 
187 187 324 383 383 662 662 
579 579 590 590 
403 
635 635 
213 242 403 
343 343 585 585 
288 667 667 
363 530 565 576 

146 146 146 744 
239 529 580 580 580 
5 
