nodes: 768 edges: 1454
5 168 168 
138 138 708 708 708 
65 117 282 282 427 427 427 553 
633 
247 341 341 357 
0 6 6 47 53 55 79 99 101 115 147 163 171 174 213 213 216 239 239 239 272 272 272 307 307 348 348 367 387 395 395 419 448 448 451 466 484 506 506 594 635 639 639 651 651 654 663 682 682 700 719 719 739 759 767 
5 5 254 489 489 669 669 669 

81 343 
582 582 764 764 
81 252 257 257 265 265 274 300 300 300 300 381 529 574 599 739 739 
719 
16 376 
159 159 
493 493 739 739 
296 319 376 707 
12 35 35 198 198 198 214 214 258 278 296 296 321 333 376 376 376 378 378 390 390 390 390 394 394 442 485 485 505 547 548 561 561 574 591 600 601 626 626 633 724 739 741 
466 466 
34 34 741 741 
416 

128 557 626 
67 186 
218 481 
190 
386 386 386 449 456 456 753 753 
41 88 148 185 203 203 203 303 311 328 342 342 342 385 385 428 428 428 540 
203 203 718 

35 35 288 471 471 556 
203 203 609 681 

372 372 516 
118 118 118 
18 18 
16 16 29 29 73 73 287 287 400 400 400 400 432 741 
102 102 395 395 412 412 
733 
294 294 298 
261 261 355 618 

26 88 
108 108 323 323 421 

337 456 
212 253 677 

5 171 
306 421 588 
351 351 368 368 601 
711 711 
342 666 
583 583 
5 

5 623 
86 86 156 156 177 239 255 503 

203 265 
245 405 405 
106 156 

599 
292 
222 223 255 499 499 
2 117 131 381 551 551 637 
395 395 412 
22 120 159 213 213 232 235 260 305 354 383 397 446 521 521 523 527 
739 
286 286 
307 387 387 387 

113 113 113 170 170 381 381 649 
35 35 142 741 741 741 
406 519 
182 502 
402 

473 473 473 
5 340 406 406 
154 154 154 154 163 163 241 660 660 730 730 739 753 
8 10 170 195 195 257 257 300 312 312 343 343 435 599 607 

117 192 228 342 417 500 643 643 680 


56 56 
229 284 684 
26 41 224 
281 536 633 
555 555 555 555 734 739 739 
472 665 665 733 733 733 733 
279 
205 312 
184 184 203 212 253 679 
399 672 
254 470 470 470 627 

366 
5 

5 367 
36 36 
130 704 
741 
529 529 
60 156 
283 588 
42 42 668 668 668 
203 607 607 666 
749 749 749 749 
157 
307 
72 72 72 312 
342 547 675 
5 213 213 635 700 
213 431 
2 65 83 192 192 212 224 224 224 317 342 342 342 381 381 428 551 628 677 
33 33 33 370 370 478 478 
424 424 
67 

565 565 
354 354 456 469 469 
534 582 
171 490 709 
289 737 
507 658 658 658 658 729 748 748 
21 614 626 626 
203 399 399 552 592 592 592 672 
103 512 
65 
595 
739 739 
158 616 
326 326 
274 739 739 755 755 

1 1 708 
739 
387 387 
315 612 612 612 
73 702 702 702 728 728 728 741 

506 614 
523 523 
207 
5 354 354 527 527 651 
26 568 722 

214 214 214 457 457 457 

650 739 739 
192 317 
80 80 80 80 

56 56 60 106 239 239 459 747 
111 203 203 263 341 520 578 720 
134 
13 13 67 304 354 354 461 461 710 710 710 730 730 730 730 
342 520 
254 522 522 
561 
5 80 80 353 353 409 452 484 484 484 730 
579 581 581 

221 447 447 
203 
0 0 243 586 586 
320 703 703 
72 72 81 331 331 435 435 599 
5 47 125 496 
294 294 

5 371 654 654 
667 
504 595 595 
56 342 687 
208 357 357 

739 
297 532 
75 
343 
94 94 256 546 546 679 679 
26 430 
22 333 
756 756 
742 742 

24 739 739 

83 117 117 153 582 582 
415 464 674 690 690 
210 210 
81 81 312 
203 203 577 
543 589 605 605 668 695 695 695 
16 16 16 601 601 602 602 664 
253 516 516 
532 696 696 
213 242 667 667 
244 741 
26 26 26 27 27 30 30 58 94 109 129 157 157 167 196 196 230 253 253 253 262 262 264 264 264 301 301 322 337 337 341 341 341 342 377 377 386 399 399 467 467 540 544 544 555 555 555 577 609 625 625 648 681 681 715 715 
542 
93 
599 
146 620 633 655 655 
178 
626 
194 194 
286 
45 94 117 253 
5 5 67 67 115 115 116 201 225 225 225 273 273 353 373 388 446 471 504 593 593 595 620 624 689 
16 16 150 150 150 395 395 741 
354 456 456 
5 
290 
23 262 
227 596 
324 
166 387 387 387 
64 471 719 
64 
88 117 117 117 336 336 381 438 750 
213 213 213 273 299 299 334 380 527 527 593 593 
428 428 675 
219 277 366 559 596 596 
83 
87 284 
203 

67 
710 
367 367 367 373 595 
67 702 
622 737 739 739 739 

289 
5 5 5 56 156 156 242 408 580 590 766 

80 312 315 315 455 455 606 606 739 745 
201 239 503 713 713 
168 428 482 508 508 
202 
59 601 601 601 
337 342 342 456 
4 262 341 716 
708 

424 
364 364 364 371 371 371 419 419 506 506 
10 
45 94 199 203 203 203 212 377 
6 96 161 372 667 667 667 
56 64 
184 679 679 
10 10 81 81 371 529 529 701 701 721 721 729 
16 379 739 
278 278 740 740 
67 397 531 
39 39 333 401 401 541 633 
203 203 218 247 648 
157 626 
203 203 203 
10 10 58 688 688 727 727 727 739 
462 462 
725 725 

284 372 548 
286 
535 582 582 582 
5 5 5 466 466 523 
213 213 225 643 760 
10 136 445 445 705 705 739 


227 413 413 577 577 577 
16 259 259 287 432 476 476 522 522 522 600 
92 

89 
2 2 
107 399 726 726 
87 229 269 548 674 
715 715 
69 69 211 270 335 335 335 464 464 
35 35 278 434 746 746 746 
29 667 
126 238 388 
217 648 

63 366 

38 38 172 172 341 341 341 558 692 739 739 
321 321 488 488 
15 16 16 376 473 475 479 709 
181 556 556 680 
38 319 366 636 642 
225 225 363 363 406 498 626 
10 10 10 10 81 422 422 
203 203 467 630 630 723 
393 
26 428 428 428 
159 575 575 575 
67 446 
48 658 
5 5 70 112 560 693 716 
638 

361 361 515 
26 579 715 715 
81 81 93 113 195 241 342 342 381 402 711 718 718 718 739 739 

409 
141 241 241 378 620 649 
530 
117 153 564 
354 
15 298 707 707 
169 508 736 736 
16 295 295 548 548 
203 
42 42 421 
220 662 708 756 756 

135 135 505 505 505 
741 
26 377 377 
563 
601 601 664 664 
170 170 751 

16 186 261 364 386 386 633 633 
225 
286 286 286 
224 224 633 
44 203 203 246 465 465 465 
563 
733 
79 579 
4 4 157 203 203 203 247 294 294 294 464 544 544 544 578 684 706 720 
26 26 26 51 83 114 117 117 117 160 177 203 246 246 312 312 399 428 428 444 465 532 532 539 643 643 667 704 704 731 739 739 762 
8 81 81 183 433 433 585 640 640 729 729 
466 466 
691 
632 
475 592 592 592 
5 5 441 562 562 562 562 661 
427 427 427 427 
753 753 753 
49 49 
395 472 526 526 526 
163 163 213 
67 123 123 147 147 159 159 215 318 527 
39 
621 621 621 
4 178 178 


469 
310 310 561 611 
432 432 
299 299 406 406 406 495 498 530 530 763 763 
251 251 251 333 

98 227 292 298 470 510 510 725 739 739 751 751 
5 101 234 234 234 719 
49 49 
648 705 
118 118 
174 251 251 251 257 523 523 523 523 658 658 690 
32 32 254 269 548 
213 234 595 
544 544 

12 15 16 16 16 296 
203 203 253 328 328 425 554 617 648 697 
16 16 315 
258 
225 569 569 
10 65 72 72 117 117 224 312 
413 582 
67 523 756 

26 26 
25 25 25 203 333 333 449 449 449 449 
5 70 70 70 140 140 221 221 221 649 716 716 716 716 
213 289 696 
739 
16 16 16 16 591 601 601 
574 723 739 

302 544 625 
16 16 
5 5 36 36 66 66 214 214 352 633 682 682 

67 260 515 
667 
95 129 129 203 203 283 342 552 
35 35 35 35 
261 261 
76 312 
448 448 448 448 758 
522 
59 59 635 
74 79 79 299 363 363 363 498 

239 
163 314 640 

455 
36 36 66 
277 277 382 
633 
193 
19 712 
83 500 500 

5 251 251 693 
708 708 
42 48 323 549 
300 300 571 

119 119 250 621 
377 617 617 
498 498 498 
2 2 2 349 349 349 349 
26 26 26 117 226 226 243 303 303 303 342 342 478 566 

185 
116 
35 278 362 362 677 740 
343 343 
287 595 699 699 699 
81 170 170 634 634 


224 758 
545 569 569 612 
646 
348 
16 629 
551 551 
342 489 643 704 
274 274 
67 213 305 505 523 760 
166 166 601 601 
5 5 403 403 403 403 511 
25 386 386 386 386 

5 537 
163 589 627 633 
720 
626 626 
241 241 411 
25 25 44 123 215 215 246 
150 150 150 583 
490 490 
156 612 

159 159 
266 266 

193 286 286 341 
337 337 337 342 
5 17 17 272 272 344 344 
203 203 301 727 727 

123 123 360 
96 96 96 366 
29 29 213 222 
91 352 526 526 526 526 
78 78 78 296 
554 
296 347 
278 278 640 739 739 
499 
118 118 428 
296 

23 501 722 722 
243 

5 163 163 163 623 
16 16 626 
565 

295 295 
6 6 444 497 497 497 639 639 639 639 667 704 704 
125 458 458 


14 14 

363 507 601 693 693 
171 
489 489 489 664 695 695 695 
299 363 406 426 426 426 
64 64 477 
83 417 417 688 
481 
75 697 
56 242 
176 213 595 739 
16 326 326 326 446 
5 5 144 251 251 
127 495 664 664 693 
243 243 320 566 
633 
366 366 725 
448 739 739 
130 


310 397 
32 199 199 615 615 638 
599 

74 
157 160 720 
67 67 565 
161 161 278 278 278 404 
67 145 145 272 371 371 371 371 383 446 
696 716 716 
716 
352 352 352 472 472 472 472 733 
67 147 147 225 225 354 
563 
10 105 105 257 257 649 649 705 705 721 
316 363 363 
260 
181 200 342 342 696 696 739 745 

124 
271 
89 711 
451 719 719 
563 563 742 742 
342 
26 203 
261 
204 
197 
203 203 341 341 341 374 374 393 
439 643 643 732 732 
184 184 643 643 643 
16 114 573 702 
16 269 284 321 321 372 739 
421 

65 65 117 443 443 637 
129 399 
2 
377 474 
90 90 90 90 203 203 203 
29 297 297 
21 
294 632 632 
227 
307 
16 16 162 361 569 569 
348 348 348 348 
329 338 528 538 538 742 742 742 
317 613 
122 122 486 521 705 715 763 
428 508 
663 
148 615 615 
380 380 439 439 561 561 615 615 
660 660 660 
422 
598 678 678 
547 
10 16 391 
304 304 304 613 
763 
196 203 277 277 277 
157 341 
164 311 340 602 602 602 
239 601 766 
164 164 725 
9 9 124 192 192 271 271 271 382 737 
52 52 457 667 739 739 

343 642 743 743 761 
168 168 

48 107 
197 452 633 633 
239 757 
16 390 
129 129 129 347 347 347 
213 213 225 225 
5 
132 176 176 213 234 373 434 504 728 728 
219 227 227 693 725 725 

572 
10 62 81 170 206 517 
16 278 
16 49 198 198 245 245 245 330 330 390 390 447 447 495 580 602 647 647 660 664 695 695 730 
198 198 579 579 579 601 665 


197 197 
241 241 
81 109 109 

30 203 
636 686 686 
361 
141 141 141 439 459 
564 575 746 
128 144 
516 516 568 568 569 569 
134 725 
377 425 425 648 
39 

207 213 315 
356 356 356 424 659 659 659 
236 650 
55 484 
213 
203 203 393 
16 16 21 128 128 209 263 299 454 454 485 
96 452 
117 
442 
301 301 
714 714 
346 558 558 739 739 
3 16 89 207 261 333 333 336 395 414 452 509 589 589 708 708 708 
435 435 669 
5 115 405 
298 610 671 671 671 671 
65 551 
308 516 
5 5 489 489 489 489 667 667 667 
343 343 409 476 

298 585 739 
83 83 273 342 342 444 545 545 546 546 546 667 667 

741 
440 653 
601 601 730 
203 262 290 369 377 617 
72 315 387 529 529 
152 622 
5 5 147 654 

646 
5 174 174 651 
207 207 


127 127 127 127 306 371 371 674 674 690 
621 621 621 
80 80 570 570 570 601 
348 
324 733 
5 567 
198 330 330 497 507 507 601 
91 91 602 
51 109 
175 201 201 254 254 254 288 342 398 489 583 639 639 639 643 643 739 739 762 
108 108 108 197 739 
6 6 6 634 

636 636 636 636 
95 129 
674 674 
193 284 658 658 673 673 
114 226 

45 117 432 
572 572 733 756 
94 184 184 256 256 
83 297 
30 203 203 
5 5 395 395 

87 341 

610 610 
177 739 
265 265 500 739 
213 739 
193 193 371 658 
345 
294 
307 419 495 495 507 596 

197 197 197 497 497 497 601 601 
200 200 388 524 532 532 717 717 739 
377 502 

434 434 434 
5 115 
257 257 
142 142 142 235 547 
169 169 716 
103 342 342 444 489 489 
274 274 369 529 529 565 755 755 
341 
15 319 319 
1 1 1 138 248 324 420 420 633 633 633 733 749 749 753 753 756 756 
125 296 747 
159 159 159 233 
50 50 312 536 
416 
242 242 
631 631 739 
203 203 285 285 311 311 565 
247 307 387 387 387 387 524 524 525 703 
696 696 
27 312 312 312 
5 5 11 222 367 537 537 
157 341 453 520 
257 257 529 
148 481 481 
301 391 
16 
267 267 366 510 581 596 596 616 
283 283 
265 265 265 467 467 
142 142 142 595 595 
127 257 343 343 
80 80 159 159 159 159 163 601 647 
342 
545 545 
37 91 91 91 91 339 526 662 678 708 749 749 753 753 756 756 
90 

320 320 
126 236 582 

5 10 10 14 14 16 68 80 90 90 133 133 136 136 139 152 152 180 190 190 236 236 236 241 258 265 274 294 294 312 312 342 342 366 366 389 391 476 476 504 511 511 532 548 583 583 632 632 642 667 667 668 687 688 689 696 714 745 748 751 751 
259 259 432 
16 18 18 35 73 73 73 104 142 202 214 327 645 
188 188 538 538 563 563 563 
585 585 
765 
241 532 739 
287 287 287 613 
156 709 
127 127 739 
110 110 110 110 708 708 733 733 
224 
331 366 366 739 739 

25 25 80 350 350 350 708 708 733 733 

136 136 705 705 
187 187 324 324 383 678 708 708 733 733 
590 
403 438 
5 
273 446 
585 
342 667 
363 363 565 576 
9 9 
744 
239 580 
5 
