nodes: 768 edges: 2412
5 168 168 168 
138 138 708 708 
65 65 282 282 282 427 427 553 553 553 553 553 
214 633 633 633 
178 178 178 247 357 357 
0 6 6 17 17 47 53 53 53 79 79 101 101 144 144 147 147 147 147 163 163 174 174 174 194 213 213 216 216 216 216 221 221 239 239 240 240 272 272 272 272 367 367 382 395 395 419 419 419 448 448 466 466 484 484 488 488 557 594 594 623 635 635 639 639 639 639 651 654 700 719 719 739 739 759 767 
5 5 254 489 669 669 
586 741 
81 93 343 343 
124 582 582 764 764 
81 81 252 252 257 265 265 274 300 300 381 381 381 381 514 529 529 574 599 599 739 739 
537 719 
16 16 376 
67 159 159 159 159 159 238 
493 739 739 
296 296 319 319 376 376 707 707 707 
12 12 35 35 57 57 78 78 78 150 150 198 258 258 258 278 278 296 321 321 333 333 376 376 376 376 390 390 390 394 429 442 442 473 473 479 485 492 505 505 505 547 548 548 548 553 553 561 561 569 569 569 591 591 591 591 600 600 601 601 611 611 624 624 624 626 633 633 633 702 724 739 741 741 
5 5 466 466 466 712 739 
34 34 741 741 
416 416 
352 
128 128 538 557 557 557 557 626 626 626 650 650 
67 67 67 186 186 186 186 260 521 
218 501 501 501 

386 386 449 449 456 456 753 753 753 753 
41 41 41 88 148 148 203 203 303 303 303 303 328 342 342 342 379 379 379 379 379 385 385 428 428 462 462 540 540 568 568 568 712 712 
30 30 203 718 731 
203 203 301 
35 35 471 471 471 556 
27 27 338 609 609 609 681 681 
533 533 
372 372 516 516 711 
118 118 207 207 478 478 
18 18 741 
16 16 29 29 73 287 287 287 287 297 400 400 400 400 645 645 741 741 741 
102 102 352 352 395 
339 339 733 733 
298 
261 261 261 261 355 618 618 
118 118 118 122 122 122 
26 26 26 88 342 342 
48 108 108 108 108 108 
50 50 585 585 
337 
253 253 253 677 
459 459 
5 112 112 171 171 221 271 271 
42 306 588 
351 351 351 368 368 368 601 613 687 
43 43 711 711 
203 203 342 342 666 666 
583 
5 5 5 
171 600 600 
144 144 375 375 623 
86 156 156 239 239 239 242 503 503 713 713 
16 16 492 
203 265 265 
245 365 365 405 405 405 405 
106 156 156 156 
444 
517 517 599 
292 292 
156 156 222 222 222 223 239 255 
2 2 117 117 381 637 
395 412 412 412 412 
13 22 22 22 159 159 213 213 213 232 260 305 354 354 397 521 523 523 
75 108 233 639 739 739 739 
130 157 157 157 286 286 286 720 720 720 
387 387 387 716 
237 268 625 
113 113 113 113 170 170 170 257 257 381 381 649 
35 142 142 142 741 741 
519 519 519 
68 182 182 502 502 570 667 
402 402 
352 
16 16 16 473 
5 5 239 239 340 340 406 406 406 594 594 
154 154 154 163 241 241 241 622 660 660 730 730 730 739 739 753 753 
8 10 10 170 170 170 195 257 300 312 312 343 422 433 433 435 435 435 443 443 599 599 607 

117 117 117 192 228 228 342 342 417 643 643 680 680 
225 225 

56 
229 229 284 684 684 
26 41 224 224 224 224 444 
281 536 633 
734 734 739 739 739 
569 665 665 665 733 733 733 

8 205 205 279 312 
184 184 184 212 212 212 679 679 679 
399 672 672 672 672 
254 470 470 627 

121 366 
727 

5 5 367 367 
36 36 
130 130 342 342 704 704 
741 741 741 
721 727 727 727 727 
60 156 156 
283 283 283 588 588 588 
42 42 42 42 42 68 312 312 312 668 668 710 739 739 
203 203 398 607 666 666 666 735 
733 733 733 749 749 
157 157 577 577 577 577 577 
47 47 
72 72 72 72 257 257 701 701 701 
428 428 428 547 547 547 675 
405 405 405 405 405 635 700 
213 213 431 
65 65 83 83 83 192 192 224 277 277 277 317 317 317 317 342 342 381 381 428 628 677 683 750 750 
33 33 40 40 40 216 348 348 348 370 478 
424 424 

98 642 739 739 739 
40 40 40 565 
215 456 456 456 456 
9 
171 490 490 490 490 496 496 709 709 
289 289 289 289 737 737 
507 658 658 658 729 748 748 748 748 
21 21 614 614 626 
399 552 552 552 672 672 
69 103 103 342 466 466 466 512 512 
637 
595 595 
739 739 
158 158 158 158 158 616 616 616 616 
326 326 
739 739 739 739 
748 748 
1 1 
571 687 739 
387 387 387 716 716 
315 315 315 455 455 612 
73 73 73 702 702 728 728 
401 
5 5 55 55 163 163 163 484 506 614 614 614 
493 523 
207 588 588 588 588 765 
5 5 5 5 354 354 354 354 527 527 527 651 651 651 654 
26 26 568 568 568 
342 342 427 667 667 
16 16 457 457 611 611 611 611 
413 686 
739 739 
317 
80 80 80 
289 388 
56 56 60 60 60 64 64 106 106 239 280 280 459 460 460 590 
69 69 69 111 111 203 263 341 341 341 520 520 578 578 720 720 
134 134 134 134 134 616 
13 13 13 13 13 67 67 215 238 238 304 409 461 461 461 640 710 730 730 730 730 730 
520 
254 254 522 522 522 522 
278 278 278 278 278 561 
5 5 80 144 144 144 484 484 484 730 730 730 730 
393 393 581 581 581 
584 
221 221 221 447 447 447 
247 
0 0 0 243 586 586 586 
320 320 320 320 320 415 415 415 703 703 703 703 703 
72 72 72 81 81 81 206 206 206 331 331 435 435 599 599 599 599 
47 47 54 125 
294 294 

5 5 5 371 654 
254 254 489 
504 595 595 595 
342 342 687 687 739 739 
4 4 4 208 357 357 
408 489 
739 739 
532 532 532 532 745 
75 75 197 
343 
94 94 94 256 546 679 
696 739 
22 22 22 22 333 547 
756 
742 742 742 
288 449 449 449 449 
402 402 402 657 657 657 739 739 748 748 

83 117 117 317 582 
464 464 674 674 674 690 690 697 
5 210 210 
81 312 312 422 422 
203 203 203 541 541 541 577 577 
182 349 484 543 544 605 668 668 668 668 668 695 695 695 
16 416 416 601 601 602 664 664 664 
253 253 253 516 516 516 648 
524 532 532 532 696 
213 242 442 667 667 667 
244 244 244 635 
26 26 27 28 28 51 51 58 109 109 157 196 196 196 230 253 264 264 264 301 301 322 322 322 337 337 337 341 341 341 342 342 386 399 423 423 423 467 486 486 540 544 555 555 555 570 570 609 609 625 625 644 648 681 
542 
93 93 343 739 739 739 
170 170 170 562 599 599 661 
33 33 146 620 620 620 620 633 655 
178 
246 246 342 342 626 
194 194 212 446 720 
286 286 286 
94 94 94 210 253 
5 5 67 67 67 116 116 201 222 222 225 234 273 353 373 446 498 504 593 593 620 624 656 719 719 760 
3 395 395 741 741 741 
123 159 354 354 456 
5 5 5 5 118 437 
290 290 648 648 648 648 
23 262 262 
227 227 227 559 596 
324 
5 5 47 166 166 166 387 387 
64 64 64 213 213 401 471 719 719 719 
64 255 255 
88 88 88 88 117 336 336 336 342 381 381 381 438 438 750 
84 84 213 273 273 273 299 299 299 299 334 380 527 527 527 542 593 593 659 659 
428 675 675 675 755 
219 219 219 366 366 559 596 
83 83 
87 87 284 284 
203 482 482 707 
264 398 
67 
68 710 
213 367 367 406 595 
523 702 
622 737 737 737 737 739 739 739 739 739 
71 
13 159 159 289 
5 5 56 56 56 64 79 79 156 242 408 408 580 580 580 590 590 594 594 766 766 
5 5 
80 80 80 293 293 312 312 312 315 455 455 455 468 468 468 739 739 745 745 745 
56 201 239 503 503 503 713 713 713 
168 245 482 508 
202 202 202 
59 243 601 601 
209 209 342 
4 167 262 341 752 
708 708 
748 
424 424 
364 364 371 371 371 371 419 419 419 506 523 523 
10 10 705 705 
45 45 45 199 199 199 203 212 377 377 518 697 
6 96 161 161 175 175 372 372 372 435 489 667 667 667 
64 223 223 
184 679 679 
10 72 72 81 113 113 371 696 701 721 
16 16 16 379 379 379 696 739 
278 278 740 740 740 740 
22 67 397 435 531 531 531 531 
39 39 39 39 333 355 401 401 401 415 541 541 541 541 541 655 
218 218 247 673 
157 626 626 626 626 
203 203 203 231 328 
10 10 58 58 688 727 727 739 739 739 
462 462 568 568 568 712 
366 725 725 
71 298 
284 372 372 548 548 
286 286 
47 47 535 535 535 582 582 582 582 
5 5 5 5 466 466 523 523 523 
213 225 225 225 446 643 659 659 760 760 
10 705 705 739 739 739 
542 

117 117 117 413 577 577 577 
16 16 162 162 162 162 162 259 259 287 404 432 476 476 477 522 600 600 600 
93 312 312 
156 156 590 590 
89 
2 2 2 
107 107 107 399 399 726 726 726 
87 229 229 269 548 674 674 674 674 
715 715 715 715 715 
69 69 69 211 211 211 270 270 464 
35 35 35 35 278 434 746 746 746 746 
189 667 762 
126 126 126 126 155 238 388 388 388 388 388 548 582 582 582 
217 217 648 648 
703 
63 63 366 366 470 739 739 
241 241 
172 172 298 341 341 341 341 341 558 584 636 636 691 691 691 692 692 692 739 739 739 
321 321 342 342 488 
15 15 16 326 326 326 376 473 475 475 475 479 479 505 505 
35 556 556 556 556 556 680 
38 268 294 366 487 636 636 636 642 642 642 686 696 739 739 739 
225 225 225 225 363 406 498 
10 10 81 
28 203 203 467 630 630 630 715 
355 355 393 393 393 
26 26 26 26 578 652 
159 409 409 575 575 575 
67 446 
48 658 658 658 
560 560 604 604 604 693 716 
638 638 638 638 
691 691 
361 515 515 515 515 607 607 
385 385 385 715 715 715 715 
81 81 93 108 108 108 195 195 241 241 241 279 279 342 342 342 381 402 625 711 718 718 718 718 718 739 739 
708 
409 409 575 575 
141 141 141 241 378 620 620 649 
530 585 
117 117 117 117 153 192 564 564 564 
360 
15 15 707 
169 169 169 169 169 736 736 736 736 
16 16 295 295 548 548 548 
203 203 203 
421 421 
220 662 678 756 756 
708 708 708 
135 135 296 296 296 505 
741 
26 264 377 377 
563 563 708 708 
601 601 601 664 664 664 664 
170 170 544 751 
577 577 
16 16 186 261 364 364 386 386 386 386 386 547 547 547 601 633 633 633 658 658 702 702 702 
225 

224 224 224 589 633 633 
44 203 203 203 465 465 465 704 704 
30 563 609 
37 37 534 534 733 733 
79 79 448 448 579 
157 157 157 203 203 203 247 294 294 294 294 294 464 464 544 544 544 578 578 684 684 706 706 706 
26 26 26 41 41 51 51 83 83 103 103 117 117 130 149 149 177 177 203 203 209 209 224 246 295 295 312 312 312 399 399 444 444 465 465 532 532 539 539 643 653 667 667 667 683 704 704 704 739 739 754 754 762 762 
8 8 81 183 205 433 585 585 729 729 729 761 
466 466 
691 691 
632 632 
592 592 592 592 766 
118 118 118 441 562 562 661 661 661 661 
197 427 427 695 
622 753 753 753 
49 49 49 390 
20 36 36 77 472 472 526 534 
213 
67 67 147 147 147 147 215 215 527 527 
39 261 302 302 
621 621 621 712 712 
4 4 178 178 
424 424 
461 
318 
310 561 561 561 561 611 611 611 611 
432 432 
299 406 406 495 498 576 
251 251 333 333 
59 59 744 
98 227 227 267 292 292 298 470 725 725 725 751 
5 5 101 101 234 234 719 719 742 742 
49 49 49 512 512 
648 705 705 
118 
174 251 251 251 251 257 523 523 658 658 658 690 690 
32 32 254 254 254 269 269 548 
213 
544 544 
55 55 
12 15 15 16 16 16 16 296 
253 253 328 328 425 425 425 617 648 648 648 648 
315 744 744 
26 26 26 26 26 258 258 258 
225 569 569 569 569 
10 10 10 10 65 72 72 117 117 224 224 224 312 
5 413 413 413 582 582 739 739 
756 756 756 756 

26 26 311 311 311 579 579 579 
25 25 203 333 333 333 333 333 449 449 486 
70 70 70 140 140 140 221 221 649 649 649 716 716 716 
155 289 289 289 289 289 696 696 739 739 
739 739 
16 16 16 351 591 591 601 
429 739 739 739 

164 164 302 302 302 544 625 634 634 
16 429 429 429 
5 5 36 66 214 214 633 663 

67 260 515 515 515 515 
109 231 667 667 667 
95 129 203 283 283 342 342 552 
35 35 35 35 
143 222 261 261 261 
76 76 190 190 190 312 657 739 739 739 
448 448 448 448 758 
278 522 522 522 
59 59 59 59 115 115 115 115 115 
79 79 79 234 299 363 363 498 498 
421 591 
179 239 239 
159 304 304 314 314 640 
546 546 

66 66 66 66 
151 277 382 382 382 558 558 739 739 
589 
169 169 169 261 
19 19 198 198 602 
83 500 500 500 646 646 646 
511 511 739 
5 5 5 251 251 251 693 
633 633 
323 323 407 
81 195 195 
203 203 203 
119 119 250 250 358 358 473 621 621 
377 377 377 617 617 

2 2 149 349 349 
26 26 114 114 114 117 226 478 508 652 754 754 
16 391 394 394 394 553 553 
499 499 
116 
278 362 362 677 740 
81 81 343 
287 595 595 699 
81 81 81 170 170 254 260 634 634 634 

216 672 672 672 672 739 
224 224 758 758 758 
569 612 612 
662 662 733 
348 
16 16 201 626 629 629 747 747 
81 81 551 
61 88 342 342 489 643 643 704 704 

210 213 273 305 505 523 523 523 760 760 760 
166 166 166 601 601 
5 5 340 340 403 403 403 403 
25 25 189 189 189 189 386 386 753 

537 537 
589 589 589 633 633 
720 720 720 
626 
141 141 241 241 241 739 
25 25 123 123 123 123 215 
150 150 583 
490 490 
46 46 156 549 612 
156 156 
159 159 159 359 
26 26 266 266 

193 193 286 341 341 
337 337 337 342 342 
5 5 17 17 17 130 130 130 272 272 344 344 
203 301 727 727 
241 241 241 

96 96 292 366 
29 29 29 222 
352 352 526 526 526 526 
16 16 78 296 424 642 642 642 642 642 
554 
296 296 296 
278 278 633 640 739 739 739 739 
278 499 499 
33 33 118 428 675 
16 296 296 
532 532 
501 501 501 722 722 722 
230 230 243 

5 5 144 163 163 163 197 580 
16 
203 203 386 565 565 
298 558 558 558 558 610 
5 5 295 651 
6 175 179 254 444 497 497 497 497 639 639 667 667 667 704 704 704 
125 125 125 125 458 458 
503 
16 57 
14 145 739 

363 507 601 693 693 695 
125 125 
489 489 489 489 664 664 695 695 695 
213 299 363 406 406 
430 430 477 477 
417 417 417 588 
23 23 23 481 481 481 
75 75 667 667 697 697 
56 56 242 242 242 491 
176 213 595 739 
16 16 16 296 296 326 446 
144 251 
127 495 664 664 693 693 695 
243 428 566 566 566 
633 

418 418 
130 130 368 368 
703 703 
10 529 
310 310 310 310 397 397 397 397 
32 32 199 199 199 615 638 
62 62 599 
253 
74 74 74 705 705 
157 157 160 720 
22 67 565 
161 161 161 161 278 404 404 404 
67 67 145 235 251 251 272 272 272 371 371 446 446 446 
200 696 716 716 716 716 716 
716 716 716 
352 472 472 472 472 
147 147 147 225 225 225 354 354 710 710 710 
563 563 669 
10 10 514 596 596 649 705 705 705 
316 576 576 
260 260 260 260 
181 181 181 181 200 200 200 342 342 480 480 696 717 717 739 739 739 745 
31 31 
339 339 352 
271 271 271 
89 643 711 
11 451 451 719 719 
21 563 563 742 742 742 742 
342 342 
26 26 203 
196 196 196 261 261 261 261 261 
204 225 275 593 593 593 738 738 738 
197 544 544 
197 203 331 341 341 341 374 374 393 543 543 
546 612 643 732 732 732 732 732 
184 410 410 545 
16 114 114 114 186 333 333 333 563 573 573 573 702 
16 16 16 269 269 284 289 321 321 321 372 739 739 
459 
588 
443 637 637 
129 129 129 399 
2 2 2 2 2 16 16 429 429 
474 697 
203 203 203 
29 297 297 297 297 297 
5 21 21 21 21 622 622 662 739 739 
294 413 413 487 487 487 487 632 
219 227 
307 307 
16 16 162 361 361 361 361 569 569 615 615 615 
206 348 348 661 
329 329 338 528 528 538 538 547 669 742 742 742 
317 317 317 613 613 613 
122 486 486 521 715 715 715 763 763 763 
508 508 508 
651 663 663 663 
26 26 26 148 148 148 266 266 266 615 615 
16 16 16 91 380 380 380 380 439 561 561 615 615 615 615 
75 203 203 660 660 
139 
678 678 678 678 756 756 
547 547 547 
10 
304 304 304 314 314 613 
363 530 530 
111 111 111 111 111 196 196 277 277 277 332 332 603 603 603 
157 157 303 341 341 
340 385 385 385 757 757 757 757 
239 239 239 484 594 601 601 601 766 766 766 766 
164 164 164 725 
9 9 192 271 271 271 271 289 289 289 382 382 737 737 737 737 764 764 764 
52 457 667 667 667 739 
165 294 636 636 636 
43 43 316 343 343 642 642 642 642 642 743 743 743 743 761 761 761 
7 168 168 168 
658 658 658 
48 107 107 107 146 146 146 146 500 550 
336 414 452 452 452 
156 239 239 280 280 757 757 757 
16 16 16 16 390 390 407 601 
347 347 347 347 
213 213 225 225 542 542 542 
5 5 79 79 239 239 580 
132 132 176 176 176 234 434 434 504 728 728 
219 227 529 529 693 725 725 725 


10 10 62 81 81 170 170 170 170 206 206 517 
16 16 54 54 278 278 278 
16 16 49 198 198 245 245 330 330 330 333 390 447 447 495 580 580 580 591 613 647 647 660 660 664 664 695 730 730 
198 416 
577 577 577 
307 307 307 
197 
622 
81 109 310 310 
649 
30 30 30 203 203 338 681 
487 686 686 
16 16 150 150 150 150 361 361 361 361 
141 439 439 459 545 
49 564 564 564 575 601 746 746 
128 128 144 144 144 695 
516 561 561 561 568 568 569 569 569 569 
134 134 134 134 158 
377 425 425 648 
39 39 
694 694 694 
207 207 207 207 213 315 315 
356 356 356 424 424 659 659 
80 236 350 557 557 606 650 719 739 
5 55 
16 16 16 213 
71 203 203 312 393 
16 21 21 21 128 209 263 263 263 263 442 454 
96 
117 
442 442 
301 301 301 
714 714 714 714 
346 346 558 739 
3 3 3 16 16 16 89 207 333 333 333 336 336 395 420 420 452 452 476 509 708 
393 393 435 435 435 669 669 669 
5 5 115 202 759 
294 294 298 298 298 584 584 584 671 671 
65 131 551 551 
308 308 308 308 516 
5 5 5 5 68 489 489 667 667 
159 409 476 

121 298 298 298 473 473 473 473 473 585 585 585 585 585 739 
83 83 273 342 444 444 536 545 667 
203 
35 35 735 741 741 
417 417 417 653 
601 601 730 730 
199 203 217 217 217 217 290 290 369 377 377 377 377 617 
72 315 387 387 387 529 608 
21 21 622 
5 147 147 147 488 567 654 
303 428 
342 646 
5 147 174 651 
207 261 
213 
190 190 190 402 
127 127 127 306 306 306 333 333 371 371 371 587 587 587 674 674 690 690 
225 225 273 273 621 621 
80 80 570 570 601 601 730 
206 348 348 348 348 562 
324 440 440 557 733 733 756 756 756 756 
395 567 567 567 731 
198 198 198 330 330 330 330 497 497 507 507 601 601 695 695 695 
91 91 91 
51 51 109 109 109 
75 149 149 201 201 201 254 254 254 288 342 342 342 398 398 398 489 489 489 502 502 583 583 583 639 639 643 739 739 762 762 
108 108 197 197 197 197 197 739 
6 6 528 563 634 634 634 

636 636 686 
95 95 95 95 129 129 437 437 437 437 
262 674 674 674 
193 193 193 284 284 284 284 658 658 673 673 673 690 690 690 
114 226 226 226 478 

45 117 432 
324 572 572 572 572 733 733 756 
94 94 94 184 256 256 
83 83 297 
30 30 203 609 

117 342 
87 87 341 341 706 706 
748 748 
151 298 610 610 671 
49 139 177 177 737 737 739 739 
265 739 739 739 
739 
193 193 371 371 658 658 674 674 674 
294 294 294 309 309 345 345 
294 294 294 
307 419 495 495 507 507 596 
619 619 619 
197 197 197 349 495 497 497 497 507 601 614 664 664 664 
185 200 257 258 298 388 388 524 532 717 739 
193 253 502 502 554 
725 725 725 
434 
5 115 
113 113 113 257 705 
16 142 142 235 333 333 333 547 
169 169 169 169 169 291 513 513 
103 103 337 337 342 342 342 444 444 489 489 489 
252 252 274 274 369 369 519 519 529 529 529 701 755 755 
341 341 341 684 684 
15 15 15 230 319 
1 1 248 248 313 325 325 325 329 329 633 733 733 749 
125 125 
108 159 233 527 527 527 
32 50 50 312 536 
17 26 26 266 356 356 
56 56 242 242 242 
631 631 631 631 739 739 739 
285 285 285 285 285 301 311 311 311 311 565 565 565 
70 140 140 307 387 387 387 524 524 524 524 524 525 525 525 
532 532 696 
27 312 312 312 312 312 
5 5 11 213 213 222 222 222 367 367 537 537 622 
69 69 69 157 157 210 453 453 453 520 
105 257 
481 481 481 

16 
267 267 366 366 366 581 596 596 596 698 698 698 
283 283 283 
99 105 105 105 105 265 265 467 467 
142 142 595 595 
127 343 343 343 
80 80 80 159 159 159 159 159 163 163 163 163 601 601 647 647 660 
27 663 
545 545 545 545 545 
37 37 91 91 91 110 110 110 339 339 440 662 662 678 678 708 708 749 753 756 
90 90 
109 645 741 741 
320 320 320 320 
126 126 236 236 236 236 582 582 582 582 687 687 
542 542 542 
5 5 10 10 14 14 16 17 68 68 68 80 80 90 90 90 108 108 121 121 121 133 133 136 136 136 136 139 152 152 177 177 180 180 185 190 190 205 205 205 236 236 236 236 236 241 241 258 265 265 265 274 274 274 292 292 294 294 294 298 298 298 312 312 342 342 382 382 388 388 389 389 391 391 391 402 402 402 413 413 418 437 455 476 476 476 476 493 504 532 532 532 548 548 557 557 583 622 632 642 667 667 668 687 687 688 688 688 689 696 714 714 714 748 748 751 751 
259 259 259 259 432 
7 16 16 18 18 34 35 35 35 73 73 104 104 104 214 214 214 327 645 645 735 735 
188 188 188 367 367 538 538 538 538 563 563 563 
585 585 585 585 
365 378 378 765 765 
181 241 241 241 532 
287 287 287 287 613 613 
442 442 
127 127 127 127 137 137 190 190 249 685 685 739 739 
110 110 708 733 
117 117 224 
331 366 739 739 
247 
25 25 25 25 80 80 350 350 350 449 733 
342 342 428 428 
226 705 705 
187 324 324 383 383 383 383 572 572 662 662 662 662 678 733 
579 579 579 579 590 590 590 
403 438 438 438 
5 635 
213 273 273 446 446 446 
343 585 585 585 
288 342 342 667 667 
565 565 565 
9 9 582 582 582 
146 744 744 
239 239 347 580 580 580 580 
5 
