nodes: 768 edges: 2389
5 168 168 586 
138 138 708 708 
117 282 427 553 553 553 553 
214 548 633 633 
178 178 178 247 247 341 357 
0 6 6 17 47 53 53 53 59 59 79 79 99 99 101 101 118 118 144 144 147 147 163 163 174 194 194 194 210 210 213 213 216 216 216 221 239 240 240 240 272 307 307 307 348 367 370 370 382 387 387 419 419 419 448 466 466 484 484 484 488 506 531 537 537 594 594 594 623 623 635 635 639 639 639 651 651 654 663 682 682 700 739 739 759 759 767 
5 5 254 489 489 669 669 669 
214 214 214 586 741 741 
81 343 343 724 
124 764 764 
81 252 257 257 257 265 265 274 274 300 300 300 381 381 381 574 599 599 599 739 739 755 
537 
16 16 376 
159 159 159 159 238 
493 493 493 739 739 739 
296 296 319 319 319 319 376 376 707 707 707 
12 12 18 35 57 57 78 78 78 150 198 198 214 278 296 296 321 333 376 376 376 376 376 378 378 378 390 394 394 429 429 473 473 479 485 485 485 492 505 505 547 547 548 548 553 561 561 569 569 569 574 591 591 601 611 611 624 626 626 626 633 633 702 709 724 724 739 739 741 
5 466 739 
16 34 34 34 741 741 741 
416 
352 352 352 
538 557 557 557 626 626 626 650 650 650 
67 67 186 186 
481 501 501 501 
190 312 
386 386 386 386 449 449 449 449 456 456 456 753 753 
41 41 41 203 203 303 303 303 303 311 328 342 342 342 379 379 428 428 428 462 462 540 568 568 712 
30 30 203 203 731 
203 203 203 301 301 
35 288 471 471 471 471 556 556 
27 27 203 203 203 338 681 681 
533 533 
372 372 372 372 516 516 516 711 
118 118 207 478 478 686 
18 18 18 
16 29 73 73 73 287 287 287 287 287 297 297 400 400 432 556 556 645 645 670 741 
352 352 395 395 395 412 412 
110 339 339 733 
294 294 298 298 
261 261 355 415 618 
118 118 122 
26 26 26 88 342 
48 48 108 323 323 421 
50 50 50 189 585 585 
337 456 
212 212 212 253 253 677 
459 
5 171 171 221 271 
42 42 588 588 658 658 
351 351 351 601 601 601 613 613 
43 43 43 312 312 312 
203 342 342 342 342 342 666 666 
583 583 583 
5 5 5 
171 171 600 600 
375 375 375 375 623 
64 86 156 177 242 242 255 255 388 503 503 
16 16 102 
203 265 265 265 
5 5 365 405 405 
156 156 156 
444 
517 
292 
56 155 156 156 222 222 222 222 223 255 255 499 
131 381 381 551 
395 395 412 412 412 
22 22 120 120 159 159 159 159 213 232 232 232 235 260 305 354 354 383 383 397 446 446 521 523 527 
233 639 739 739 
130 157 286 286 286 
307 387 387 387 
625 
113 170 170 170 170 257 381 381 381 649 
35 35 35 142 142 142 142 142 741 
225 406 519 519 
182 182 502 667 667 667 
402 
352 
16 16 16 473 
5 5 239 340 340 406 406 406 448 573 594 594 
154 154 154 163 163 163 241 241 622 622 660 660 730 730 730 739 753 753 753 
8 10 170 195 257 257 288 300 300 312 312 343 422 433 435 599 607 607 

117 228 342 417 500 500 526 643 643 667 680 
225 225 

56 
229 284 684 684 
41 224 224 224 224 342 
281 
555 734 734 739 739 739 739 
472 569 569 569 665 665 733 733 733 733 
279 
205 279 279 312 312 
184 184 203 203 212 253 253 679 
399 399 399 672 672 672 726 
470 470 470 627 667 
342 

5 5 727 

5 5 367 367 
57 
130 130 342 342 342 704 
416 498 741 741 741 741 
529 721 727 
156 
283 588 588 
42 312 312 668 668 710 
203 203 398 398 398 607 607 666 666 
37 733 733 733 749 
157 577 577 577 
307 
72 312 312 318 701 
342 342 428 547 675 
213 405 405 405 635 700 700 
213 431 
2 83 192 192 192 192 212 224 224 277 277 277 317 317 342 381 381 381 428 677 683 
5 5 33 33 40 40 122 216 348 348 370 478 478 478 

67 67 
501 642 642 739 
40 118 565 565 
215 215 354 354 456 456 469 469 
9 582 582 
490 490 496 709 
289 289 737 737 737 
507 507 637 658 658 658 658 729 748 748 748 
626 626 
399 399 552 592 672 
69 103 103 342 342 466 512 512 
65 
213 595 
739 739 739 
158 158 158 158 616 616 
326 326 
274 739 739 739 739 755 755 
748 748 
1 1 
571 
202 387 716 716 716 716 
315 455 612 612 
73 73 73 73 73 702 702 702 728 741 
401 
5 5 163 163 392 506 614 
493 
207 207 588 588 588 588 765 765 
5 5 354 354 354 527 651 651 654 654 
568 568 
342 427 667 667 
16 457 457 457 457 611 611 
413 
650 739 739 
192 317 
80 80 80 
64 388 
56 60 60 60 64 64 106 239 239 239 280 280 460 460 463 463 590 
69 111 203 263 341 520 578 578 578 720 720 
134 134 134 134 616 
13 13 13 13 67 67 67 67 215 238 354 362 362 409 409 461 461 461 710 710 730 730 730 
342 342 
254 254 522 
278 561 561 
5 5 80 80 80 144 144 353 353 409 452 484 484 504 730 730 730 
393 393 579 579 581 581 
584 
221 221 221 221 447 447 447 
203 203 247 
0 0 586 586 586 586 
320 415 703 703 703 703 
72 72 72 72 81 206 331 331 331 435 599 599 599 599 599 
47 47 54 54 496 
294 
429 
5 371 654 654 
254 254 254 489 667 667 667 
504 504 504 
56 342 342 687 687 739 739 739 
4 4 4 208 208 208 357 

739 739 
297 532 532 532 745 
75 75 197 197 
343 
94 94 546 546 679 
430 739 
22 22 333 547 547 
756 756 756 
742 
43 288 449 449 449 
24 402 402 622 657 739 739 739 
247 247 
117 117 117 117 153 317 582 582 582 
464 464 690 
5 5 5 210 210 
81 312 312 422 422 
540 541 541 541 577 
182 182 544 605 605 605 605 668 668 695 695 
16 16 416 601 601 602 664 664 
203 203 203 253 253 253 253 516 516 516 648 648 
363 524 532 532 696 
242 442 442 442 667 
140 244 244 244 723 741 741 741 
26 26 27 27 28 28 28 30 30 30 51 58 94 94 109 109 157 167 167 199 199 199 218 218 218 253 262 264 264 264 290 290 322 322 322 322 337 337 337 341 341 341 342 342 374 377 377 386 399 399 423 467 482 486 544 555 555 555 570 570 570 577 592 592 609 625 644 648 648 715 715 
542 
93 343 739 739 739 
170 599 599 661 661 
33 146 146 620 620 633 633 633 
178 178 178 247 625 
246 246 342 
5 5 194 194 212 446 
286 
45 45 45 94 117 210 253 
5 5 67 115 116 132 222 222 222 225 225 234 273 273 353 373 388 446 446 471 498 498 498 504 504 593 593 595 620 620 624 646 656 656 719 760 760 
3 7 7 7 16 395 395 
123 123 159 456 456 456 
5 5 5 118 
290 648 648 648 648 648 
203 203 203 262 
227 559 596 
324 324 
5 47 166 166 166 166 387 387 387 
64 64 64 64 213 213 213 401 401 719 
64 255 
88 88 88 88 117 117 336 336 336 342 381 381 381 381 438 438 750 750 750 
74 84 84 213 213 273 273 273 275 275 275 299 299 334 380 527 527 527 542 593 593 659 659 738 738 760 
428 
219 366 366 559 559 559 
83 
87 284 
482 707 

67 67 67 
68 
213 367 367 367 373 595 595 
67 363 523 702 
737 737 739 

13 159 289 
5 79 156 156 156 242 408 408 408 580 580 580 590 590 594 594 713 766 766 766 
5 5 5 
80 80 293 312 312 315 315 455 468 606 739 745 
56 56 201 239 503 503 713 713 
428 428 482 
202 202 202 

209 209 337 337 337 342 456 
4 4 167 191 191 208 706 716 752 752 752 
708 
748 748 748 

364 364 364 364 371 419 419 506 506 523 523 523 612 
10 705 705 
45 45 94 94 199 199 199 199 203 212 377 697 
6 161 161 175 175 175 372 372 372 372 372 435 489 667 667 667 
56 56 64 64 223 
679 679 679 679 
10 10 10 72 81 81 371 696 721 721 721 
379 379 379 
278 740 740 
67 397 397 397 531 531 
39 39 333 355 355 401 401 401 415 415 415 541 541 541 541 541 633 633 
203 218 648 673 723 
157 626 626 
203 203 203 328 328 328 
10 10 58 58 58 688 688 727 727 727 739 
462 462 568 712 712 
725 
298 
284 284 372 474 548 548 
286 
47 582 582 582 582 
5 466 466 523 523 523 
213 213 225 225 225 334 643 659 659 760 
10 10 136 445 705 739 739 739 
225 225 225 542 
752 
117 117 117 413 413 577 577 577 
16 162 259 287 364 432 522 600 600 600 
92 93 93 312 
156 156 590 590 
89 643 
2 
107 399 726 726 726 726 
87 229 269 269 548 674 674 674 
715 715 
69 69 69 211 270 335 335 341 464 464 
35 35 35 35 35 278 434 434 434 
29 81 189 627 667 
126 126 238 388 388 388 388 548 548 548 582 582 582 582 
203 203 217 648 
703 
63 366 470 470 739 
241 
38 38 172 298 298 341 341 341 558 636 692 692 692 739 739 739 
321 342 342 488 488 488 488 731 
15 15 16 16 326 326 376 376 424 424 475 475 475 479 479 485 505 505 505 
35 35 181 556 680 
38 38 268 294 294 319 319 366 487 636 642 642 671 686 686 696 739 
225 225 363 363 363 363 406 498 626 
10 10 10 81 81 422 
28 28 359 630 630 630 630 715 715 715 
393 393 393 393 
26 26 26 26 428 428 428 652 
409 575 
67 446 446 
658 658 
5 5 5 70 112 560 560 604 604 693 716 716 736 
638 638 638 638 
691 
361 361 515 515 
26 715 715 715 715 
24 50 50 50 81 81 93 93 108 108 113 113 195 195 241 241 279 342 342 342 381 402 402 711 711 718 718 718 718 
708 708 
575 575 
141 241 241 378 378 620 620 620 649 
343 585 585 
117 117 153 192 564 564 564 564 
113 354 354 360 360 360 
15 15 15 15 298 298 
169 508 508 736 736 736 736 736 
16 295 548 548 
203 203 203 203 
42 42 421 
220 220 662 756 756 
708 708 
135 135 296 296 505 505 

26 264 264 264 377 377 377 377 
563 563 708 708 
601 664 664 
170 170 170 544 

16 186 261 364 364 386 386 386 547 547 601 626 633 633 658 702 702 702 
225 273 
286 286 
224 224 224 589 589 633 633 633 
44 203 203 203 246 246 246 465 465 465 704 
30 609 
37 37 534 733 733 
79 79 448 579 
4 157 203 203 203 286 294 294 294 483 483 483 544 544 544 684 706 706 
26 26 26 41 51 51 51 51 51 83 88 97 103 103 103 114 114 117 130 130 149 160 160 177 177 203 203 209 224 246 295 295 312 312 312 399 428 465 465 518 518 532 532 643 667 667 667 683 739 739 754 754 754 762 
8 8 81 183 205 316 433 433 729 729 729 729 761 761 
466 466 
691 691 
632 632 632 690 
592 
5 118 118 562 562 562 562 562 570 661 
427 427 427 427 
622 753 753 753 
49 49 49 390 
20 20 20 36 36 77 395 412 412 412 472 472 526 526 534 
163 163 213 
67 67 123 123 147 147 147 159 318 318 527 527 527 
39 261 261 
621 621 621 
4 178 
424 621 621 621 
301 461 
318 318 318 
310 310 561 561 561 611 611 
159 159 432 432 
200 235 299 299 299 299 495 576 763 
251 251 251 251 278 333 333 515 515 515 
59 
227 227 292 298 470 510 510 725 739 751 
5 101 101 234 234 234 494 719 719 
512 512 
617 648 705 705 705 
5 5 118 
174 251 257 523 523 523 523 658 658 658 690 690 
32 32 32 32 254 254 254 254 254 269 548 
213 234 595 595 
203 544 544 544 
55 55 55 55 
12 15 15 16 16 16 16 16 296 296 
203 203 253 328 328 328 328 425 617 648 
16 16 16 315 315 744 
26 26 258 258 258 
225 569 569 569 
10 10 10 65 65 72 72 72 117 117 117 224 224 224 224 312 
5 413 413 413 582 582 582 
67 67 756 756 756 
728 728 
579 
25 25 25 25 203 333 333 333 449 449 449 486 
5 5 70 70 70 140 221 221 221 649 649 649 649 716 
56 155 213 289 289 289 289 696 696 696 739 
739 739 739 739 
16 351 591 591 601 
574 614 739 739 
144 
164 164 302 302 302 302 544 544 625 625 634 
16 16 429 
36 36 36 66 66 214 214 352 633 682 

67 260 260 260 515 515 515 
109 109 109 667 690 
95 95 95 129 129 203 203 283 342 552 
35 35 536 
143 222 222 261 261 261 
76 190 190 312 312 657 657 
758 758 

59 59 115 115 115 579 635 
74 79 79 79 299 498 498 
601 
239 239 239 
159 159 163 304 640 640 640 
546 546 546 

36 36 66 66 66 352 352 352 
151 277 277 382 382 382 558 558 558 739 739 
589 589 589 633 633 
39 169 261 261 261 
19 104 198 
83 500 500 500 646 646 646 
739 739 
5 5 5 251 251 693 
633 708 708 
42 323 590 
81 195 195 300 436 571 571 
203 706 
296 296 358 473 621 719 
377 617 617 
498 
2 149 349 349 349 349 
26 26 26 114 117 226 243 243 303 303 303 342 478 508 508 754 
16 16 173 394 553 
185 
116 
35 278 362 362 677 677 677 677 740 
81 343 343 
287 287 287 595 595 699 699 
81 170 254 634 634 634 634 
422 
672 739 739 
224 224 758 758 758 758 758 
569 569 569 612 612 
646 646 662 662 

201 201 201 626 626 629 629 747 747 
551 551 551 551 
61 643 643 
274 
67 67 210 213 213 305 305 503 523 523 760 760 
166 166 166 601 
5 79 340 511 
25 25 25 25 189 189 189 386 386 386 733 753 753 

537 537 
163 589 633 633 
720 720 

141 241 739 
25 25 25 44 123 123 215 215 215 246 
150 150 150 150 583 583 667 
490 490 
46 549 612 
156 156 
159 159 159 359 710 
26 26 266 266 
156 156 
193 193 286 286 
337 337 337 342 342 
5 5 17 130 272 272 344 344 
203 727 727 
241 
123 123 
96 96 96 292 292 366 
29 29 29 29 213 
91 352 352 526 526 526 
16 16 78 424 642 642 642 642 642 
269 554 554 554 761 
296 296 296 
633 633 633 640 739 739 739 739 
499 
33 33 118 118 118 428 675 
16 296 296 

23 501 501 722 722 722 
203 230 243 
341 341 341 
5 5 5 163 163 580 623 623 623 623 
16 16 16 296 626 626 
203 386 565 565 565 
298 558 558 558 610 
5 295 295 295 295 
6 6 175 254 497 497 497 639 667 667 667 704 704 704 
125 125 458 458 
503 
16 
14 14 14 145 739 
367 719 719 
363 693 693 695 695 
125 171 
489 489 489 664 695 695 695 
104 213 213 213 299 406 406 426 
64 477 
83 83 417 417 417 688 
23 23 23 121 481 481 
75 667 697 697 697 
56 56 242 242 446 491 
163 176 176 176 213 213 595 739 
16 16 296 296 296 326 326 
5 144 251 251 
127 127 664 693 695 
320 320 428 428 566 
633 
366 366 725 725 
448 739 739 739 
130 130 368 368 
703 716 716 
529 
310 310 364 364 364 397 397 397 
32 32 32 199 199 199 615 638 638 711 
62 
342 342 681 
74 74 705 705 
157 720 720 
67 
161 278 
67 235 251 251 251 272 272 272 371 371 371 371 446 446 
200 696 696 716 716 
716 
83 352 352 472 472 472 733 
67 147 225 225 225 354 354 354 710 
563 563 669 
105 514 596 649 649 705 705 721 
763 
5 260 260 
181 181 181 200 200 342 342 696 717 717 739 745 745 745 745 
31 31 
339 352 

400 643 643 643 711 
5 5 11 451 451 719 
21 563 742 742 742 742 

26 196 
196 196 196 261 261 261 261 261 
204 225 275 593 593 
544 544 544 695 
197 203 331 341 341 341 374 374 374 393 393 543 543 543 
546 612 612 643 643 643 732 732 
184 184 410 410 410 545 643 643 
16 16 114 186 186 333 333 563 563 573 702 
3 16 16 269 269 284 289 289 289 321 321 372 
459 
588 741 741 741 
65 443 443 443 443 637 
129 399 
2 2 2 2 16 429 
474 474 474 697 697 
90 203 203 203 
29 29 35 35 297 
21 21 21 622 626 662 739 739 
294 413 413 413 487 487 487 632 632 632 
219 227 227 227 
307 307 
16 16 162 162 361 361 361 569 569 615 615 615 
348 348 348 348 348 
329 329 528 528 538 547 547 669 742 742 742 742 
317 317 317 317 613 613 
122 122 486 486 486 705 715 715 715 763 
508 
663 663 663 663 
26 26 148 148 266 615 615 615 615 
16 16 16 91 91 91 380 380 380 439 439 439 561 561 615 615 
203 203 203 348 660 660 660 660 
139 422 422 
598 678 678 678 756 
79 547 
10 16 391 739 739 
304 314 314 613 613 
363 
111 111 111 196 203 277 277 277 603 603 
157 157 157 648 
164 164 340 385 405 602 602 602 602 757 757 
239 239 239 484 594 601 601 601 601 766 766 766 
164 164 
124 124 192 192 192 271 271 271 271 289 289 289 289 382 382 382 737 737 737 737 737 764 
52 52 52 457 457 667 667 667 739 739 
165 636 
43 43 316 316 642 642 642 642 642 743 743 743 743 761 
0 7 168 168 168 168 
649 658 658 658 
48 48 107 107 146 146 146 146 550 
336 336 414 414 414 452 633 633 633 
156 239 239 280 280 421 757 757 
16 16 390 390 601 
129 203 203 347 
213 213 225 225 542 542 
5 5 5 79 79 239 239 580 
132 213 234 234 373 373 434 434 504 728 728 728 
219 529 693 693 693 725 725 

572 624 
10 10 10 81 170 170 170 170 170 206 206 661 
54 54 278 278 278 
16 49 49 49 198 198 330 333 390 407 447 580 580 580 580 591 602 602 613 613 647 647 647 647 660 664 664 695 695 730 730 
198 579 579 579 579 601 601 665 
577 577 
307 307 
197 197 197 197 
241 622 
81 81 109 109 

203 338 681 
487 636 686 686 686 
16 16 150 150 361 361 
141 141 251 439 439 459 545 545 
49 49 564 564 575 575 601 601 
144 391 695 
516 561 561 561 568 568 568 568 569 569 
134 134 158 725 
369 377 425 425 
39 
694 745 
207 207 213 213 315 315 315 
356 356 356 358 358 358 424 659 659 659 
80 80 190 350 557 606 650 
5 5 55 484 484 484 484 
16 213 598 
71 203 208 393 393 
16 16 16 21 21 21 128 128 263 263 299 333 442 442 485 485 557 
96 288 

442 442 
301 301 301 301 
714 714 714 
346 346 346 558 558 558 739 739 739 
3 3 16 16 207 207 207 261 261 333 333 336 336 336 395 414 414 420 452 452 476 476 476 509 589 589 589 708 708 
393 435 435 435 435 669 669 669 669 669 
5 5 115 405 
294 298 584 610 671 
127 551 
308 308 308 308 516 516 
5 5 5 68 489 667 
409 409 409 476 

121 121 298 298 473 473 473 473 473 585 585 585 585 585 739 
83 83 273 281 342 444 444 536 536 536 545 545 545 546 546 667 667 
203 
35 35 
213 417 417 417 440 440 653 
601 601 601 601 730 
199 199 203 203 217 217 217 217 217 262 290 369 377 578 
72 315 387 387 387 387 529 529 587 
21 21 21 152 622 
5 5 147 147 654 654 
303 
646 
5 147 147 174 174 651 651 

213 213 
190 402 402 
48 48 127 127 127 127 306 306 333 371 371 371 587 587 587 674 690 690 
225 225 273 273 621 621 621 
80 80 570 570 570 570 601 730 
206 206 348 599 
324 440 440 557 733 733 756 756 756 
5 567 567 567 567 731 
198 198 330 330 497 507 601 601 695 
91 91 602 
51 51 109 109 
75 75 75 83 96 149 149 175 175 175 201 254 254 254 288 342 342 342 398 457 489 489 489 502 583 583 583 639 643 643 762 
108 108 197 197 
6 6 6 528 563 634 634 634 634 634 
35 
298 636 
95 95 95 129 437 
262 674 674 674 674 
284 284 284 658 673 673 673 673 690 690 690 
114 478 

45 117 432 432 432 432 
572 572 572 733 733 756 756 
94 184 256 256 256 256 
83 297 
30 30 518 609 
5 5 395 
117 342 
87 87 341 
748 748 
33 298 298 610 610 610 
177 177 737 737 739 739 
265 265 500 739 
739 739 739 
193 346 371 371 398 658 658 674 674 674 
309 345 345 758 
294 294 294 
307 419 495 495 507 596 596 596 
619 
197 197 495 495 497 497 497 507 543 601 601 614 664 
200 257 298 388 388 388 524 524 532 717 717 717 717 739 
253 502 502 502 554 554 
725 725 725 
434 434 
5 115 115 
113 705 705 
16 142 142 142 235 333 333 333 547 
169 169 169 169 291 513 716 
103 337 489 489 489 
252 252 274 369 369 369 519 519 529 529 565 701 701 755 755 
247 341 341 423 
15 15 15 230 
1 1 248 313 313 325 325 329 329 420 420 633 633 733 749 749 756 756 
16 125 747 
108 159 159 461 527 
32 312 312 516 536 
26 266 266 
239 242 242 
631 631 631 739 739 739 
203 203 285 285 301 301 301 311 311 311 311 565 565 565 
140 140 140 140 247 307 307 387 513 513 524 524 525 703 
532 532 696 696 696 696 
312 312 312 312 
213 222 367 367 424 494 494 537 
157 157 453 453 520 520 
105 257 257 257 529 
481 481 481 
202 262 
8 16 16 
267 366 510 510 596 596 616 698 698 698 
95 283 283 283 283 
99 105 265 265 265 467 467 
142 384 384 595 595 595 
127 343 343 343 343 
80 80 80 159 159 159 163 163 163 601 601 647 660 
27 295 663 
545 545 
37 91 91 91 91 110 110 110 339 339 449 526 662 662 678 678 708 749 
90 90 
741 
307 320 320 320 320 320 
126 126 126 236 236 582 582 582 582 582 687 687 739 
225 225 
5 5 10 10 14 14 14 16 16 17 68 68 80 90 90 90 90 121 133 133 133 136 136 136 136 152 152 177 177 177 180 180 185 190 190 190 205 205 205 236 241 265 274 274 274 292 294 294 294 298 342 342 366 388 389 389 389 389 391 391 413 413 418 418 437 437 455 476 476 476 476 493 504 511 511 511 532 557 557 574 574 583 583 632 632 632 642 687 687 688 689 689 689 696 714 714 714 737 748 751 751 751 
259 259 432 
7 7 16 18 18 18 35 73 104 104 104 104 142 202 202 202 550 550 550 735 
188 538 538 538 538 563 563 563 563 
585 585 585 585 
378 765 765 
181 241 532 532 532 532 619 

442 442 709 
127 127 127 137 137 249 249 249 685 685 739 
110 708 708 733 
224 224 224 
366 739 739 739 
247 247 247 276 
25 25 80 80 80 350 350 350 449 449 
342 342 342 428 
10 136 136 705 705 
187 187 187 324 324 383 383 383 572 662 662 662 678 678 708 708 
579 579 590 590 
403 403 438 438 438 438 438 691 
5 5 
213 213 225 273 446 446 
343 343 474 585 
342 667 
363 530 565 
9 9 582 
146 146 744 744 
239 239 239 580 580 580 
5 
