nodes: 768 edges: 1438
5 5 168 
708 708 
65 117 282 282 427 553 553 553 

178 247 341 357 
0 0 6 17 47 53 55 59 59 79 99 101 118 147 163 174 216 221 221 239 239 272 272 307 348 348 370 395 448 451 451 466 484 488 488 506 506 537 537 557 623 635 639 639 651 651 663 719 719 739 759 
5 489 669 669 
214 741 741 
81 343 
582 582 
81 81 252 252 252 257 257 300 381 514 529 599 599 739 739 
719 
376 

455 493 739 
296 319 319 319 376 
57 57 78 214 258 278 321 333 333 376 376 376 376 378 394 429 473 473 547 547 553 561 591 591 601 611 624 624 702 709 724 741 
5 466 466 739 



128 128 557 557 626 626 
67 186 521 521 

312 
386 449 456 753 753 
41 185 203 303 303 303 311 328 342 379 379 462 462 
30 30 718 
203 301 301 
288 288 556 
27 27 203 338 609 609 
533 
372 372 372 516 711 
118 118 207 478 478 

297 400 556 741 741 
102 352 352 395 412 
339 733 
294 294 298 
261 415 
118 122 
26 88 
48 108 108 108 323 323 

337 456 
212 212 
459 
5 61 171 
42 658 
351 351 368 368 368 
312 312 711 
342 342 666 
583 583 
5 
171 600 
5 623 644 
64 177 239 239 242 388 503 583 713 713 
16 16 102 
203 203 265 265 265 
5 5 245 245 365 405 
106 156 
47 444 
517 599 
198 292 488 
56 156 222 255 499 
2 117 381 381 551 637 637 
395 
22 159 213 213 213 260 354 354 383 383 397 397 446 527 
108 739 
130 286 286 286 
307 307 716 
237 
170 170 381 
741 
225 519 519 
182 182 667 
402 

16 
5 239 406 406 448 573 
154 154 163 163 163 739 753 
8 10 10 170 195 195 257 257 312 312 343 422 599 599 607 607 
739 
117 342 342 417 500 500 526 643 643 
225 225 


229 284 684 684 
41 224 224 
281 281 633 
555 555 555 734 739 739 739 
569 665 733 733 733 

205 279 
203 203 203 212 212 212 253 679 
672 672 
470 470 470 627 
342 667 

5 727 

5 
36 57 
704 
416 741 741 
721 721 727 727 
60 
283 588 
42 42 42 68 502 668 
203 398 398 607 607 607 666 735 
733 749 
157 577 
307 
257 312 312 312 
342 342 342 547 547 547 675 
213 405 405 635 
213 431 431 
2 65 83 192 192 224 224 277 277 317 317 317 342 342 381 428 551 628 677 677 750 
5 33 33 40 348 348 370 
434 

642 642 739 
40 
354 469 
534 582 
490 496 496 496 709 
289 737 
507 658 748 748 
21 21 614 626 
203 203 399 552 552 631 672 
69 342 466 466 512 512 
637 
213 595 
739 
158 158 616 616 
326 326 
739 755 755 
748 
313 
739 
368 387 716 716 
315 315 315 315 
702 702 702 702 728 728 

163 
523 
207 765 
5 527 527 651 651 654 654 
722 
342 342 667 
214 214 457 457 457 611 

739 
192 339 
80 80 
289 388 
60 64 239 239 280 399 459 
111 203 263 520 578 720 720 
134 134 438 616 
67 215 238 304 409 461 710 730 
342 342 
254 254 522 

5 80 80 80 144 353 353 409 484 730 
393 579 579 

221 447 447 
203 247 
0 243 586 586 
320 320 415 415 415 587 703 703 703 
72 72 81 206 331 435 599 599 
47 54 


5 654 654 654 
254 254 254 667 
595 
56 342 687 687 739 
4 208 

739 739 
532 
75 75 197 463 
343 343 
256 256 546 546 546 
26 430 696 739 
22 333 547 547 731 

742 742 
449 449 
402 402 558 622 657 739 748 
247 
117 117 153 317 317 582 582 582 
690 690 
210 210 
81 81 312 422 422 
203 541 541 577 
182 349 484 544 605 605 695 695 
63 416 664 
203 203 253 516 648 648 648 
363 532 532 532 
213 242 442 442 442 667 
244 244 635 
26 28 30 58 58 94 94 94 109 129 129 157 167 196 199 199 218 253 264 266 290 301 322 322 322 337 341 341 342 342 374 374 377 377 377 399 399 423 467 544 555 555 555 577 648 681 681 715 

93 739 739 739 
170 562 599 661 
33 146 633 655 
178 247 
246 342 626 
194 194 
286 286 
45 45 94 94 94 
67 67 67 115 116 132 201 222 225 225 273 353 593 593 595 620 620 620 689 719 760 
7 16 150 150 395 395 395 741 
159 354 456 456 
5 437 
290 648 
203 262 
227 559 559 596 596 
324 
5 5 166 387 
64 213 401 

88 88 117 117 336 336 336 342 342 381 381 381 750 750 
74 84 84 213 213 273 273 273 275 299 334 334 334 380 527 527 542 659 738 760 
675 675 
219 366 366 596 596 

87 284 
482 



367 406 
702 
622 739 739 
71 
159 
5 5 56 56 79 156 156 242 408 408 408 580 580 580 590 590 594 

312 315 455 606 606 739 739 
56 201 239 503 713 713 
168 428 508 508 
202 202 
59 59 
209 337 342 456 
4 167 191 208 341 752 752 

748 748 
424 
371 371 419 419 
10 10 10 
94 199 203 
161 161 175 175 175 372 372 435 489 
64 
184 184 
10 10 81 81 113 696 721 729 
16 379 
278 
67 397 397 531 
39 355 401 401 415 541 541 633 633 
218 648 
157 626 626 
203 328 
58 58 58 688 739 739 
203 462 712 

298 
372 474 548 

535 582 
5 5 466 466 523 523 
213 225 225 225 446 760 
445 705 705 739 
225 542 
718 718 
117 117 413 413 413 577 577 
16 259 404 432 522 600 600 
93 312 312 
156 590 
89 89 643 
2 2 
107 399 399 726 
87 229 548 548 
715 715 715 
69 69 69 211 211 341 
434 434 746 
29 29 762 
126 155 388 388 548 582 582 582 
203 217 
703 
63 366 470 470 739 

38 38 298 298 341 341 341 341 558 691 739 739 
321 321 488 488 488 731 
15 326 424 424 473 473 475 505 505 709 
35 556 680 
38 268 294 294 319 319 636 642 642 686 739 
225 363 363 406 406 498 498 
10 422 
28 28 203 359 630 630 723 
393 393 
26 26 26 428 428 578 652 652 
159 575 
446 

5 70 70 112 560 560 604 716 736 
638 638 

361 361 515 607 
26 715 715 715 
24 50 50 81 81 113 113 113 195 241 279 279 342 342 711 711 718 718 739 
138 708 
575 
141 141 141 141 241 378 620 620 649 
343 343 530 
117 117 117 192 192 564 
360 
15 15 15 298 298 355 
169 169 508 736 
16 295 295 
203 203 203 
42 42 
220 678 708 756 

135 135 296 
741 741 741 
26 264 
563 708 
601 664 
170 544 566 751 
577 577 
16 16 186 364 547 547 626 658 702 702 
225 225 225 

224 224 224 633 633 
44 203 246 465 465 704 704 
30 609 
37 153 534 733 

4 203 203 247 286 294 294 294 294 464 483 483 483 544 578 684 720 
26 51 51 83 83 97 114 114 114 117 117 130 149 149 160 160 177 203 203 209 224 224 246 312 312 399 428 428 428 444 444 465 465 465 532 532 532 539 653 667 731 731 754 754 762 
8 81 183 183 316 316 433 433 585 729 729 761 

691 691 

592 
5 5 118 118 441 562 562 562 661 
197 427 695 
753 753 753 
49 49 
36 36 395 395 412 412 412 472 526 
163 163 213 
67 67 123 215 
261 319 
712 
4 
424 621 
301 461 
318 469 
310 310 561 561 561 611 
432 
200 299 299 530 576 
333 515 515 515 
59 
227 227 292 470 510 725 
234 719 742 
49 49 49 140 512 512 512 
617 705 705 
5 118 
251 251 523 658 690 690 
32 32 32 254 254 269 
595 595 
203 203 544 

12 15 16 16 16 16 
203 203 203 425 554 617 617 648 648 
16 315 744 744 
26 26 258 
225 569 569 
10 65 65 72 117 224 224 224 
413 413 582 739 
67 67 523 756 756 

579 
25 449 449 
140 221 
56 155 289 289 696 739 

591 591 601 
614 723 

164 302 302 544 544 625 
16 429 429 429 
5 36 66 214 214 214 352 352 663 682 

67 67 260 260 
109 109 
129 156 203 203 283 283 342 552 685 
35 
222 261 261 
76 190 190 
448 448 758 760 
278 522 522 
59 115 115 635 
79 79 234 299 299 498 498 
601 601 
239 239 239 
159 163 640 640 


36 352 352 352 
277 277 277 382 382 558 739 739 
589 633 633 633 
39 169 169 169 261 
104 198 
83 500 646 646 
511 511 648 739 739 
251 251 693 
708 

81 195 195 300 
203 706 
250 296 296 358 473 473 621 
377 
498 
2 349 
117 243 303 303 342 342 342 478 478 652 652 754 
16 394 394 394 553 553 
185 499 
116 116 
278 362 677 740 
343 343 
119 287 287 595 595 
170 254 

216 672 672 672 739 
158 758 758 
569 569 612 
646 646 646 662 733 
348 
201 201 201 626 629 629 747 747 
551 
61 342 342 704 
274 
67 273 305 523 523 760 
166 166 601 601 
5 79 403 403 511 
25 189 189 386 386 733 733 

5 5 537 
589 633 633 
720 
626 
14 241 
25 44 215 215 246 
150 150 150 667 
490 
46 156 545 

159 359 710 
26 26 266 594 
182 
341 
337 337 342 342 342 
5 17 17 130 130 272 272 
203 727 

123 360 
96 96 96 292 292 366 

352 
16 16 296 296 424 424 642 
269 554 761 
296 
633 633 739 
499 499 
33 33 428 428 675 



230 
341 341 341 
5 163 197 580 
626 
565 

5 5 63 295 295 295 
6 254 497 497 497 639 
125 458 709 


14 548 727 739 739 

507 601 
125 125 125 
489 489 489 695 
299 299 406 406 426 
64 430 477 477 
83 83 417 588 688 

108 667 697 697 
56 242 

296 296 
5 5 
127 495 664 695 695 
243 243 320 
633 633 
366 725 725 
418 418 448 739 739 
130 130 368 368 368 

10 529 529 
310 364 364 364 
32 199 615 711 
62 599 

74 74 591 
157 
22 22 
161 278 404 404 
145 272 272 371 383 446 446 
696 716 
716 
83 352 733 
67 147 147 225 225 
563 669 
10 514 514 596 649 705 
316 363 576 763 
260 
181 200 200 200 342 342 342 696 696 739 745 
31 
124 339 
271 
643 
5 5 451 719 
742 
342 

196 196 261 261 
225 275 738 
544 544 544 
197 203 331 341 374 393 393 543 543 543 
459 643 732 732 732 
184 184 184 643 
16 16 114 114 114 186 186 333 333 563 702 702 
269 284 284 289 493 739 


65 117 443 637 637 
129 129 399 
2 2 2 16 429 429 
377 474 697 697 
90 90 90 203 203 203 
29 35 297 
5 21 21 626 662 739 739 739 
190 294 413 
219 219 
307 307 
16 361 361 361 569 
206 348 348 348 661 
329 528 547 669 
317 613 
486 705 715 
331 
651 663 

91 380 380 439 439 561 615 


678 
79 
739 
304 314 613 
363 530 
111 196 203 277 277 332 332 
157 303 341 
164 164 385 602 602 757 
239 239 239 484 601 766 766 
706 725 
9 9 124 192 192 192 271 289 289 289 382 632 737 
52 52 56 667 667 739 
636 
343 642 642 761 
168 168 
169 658 
107 500 
414 452 633 
239 239 280 
16 16 390 390 519 601 
347 
213 213 662 
239 462 
132 176 213 373 373 434 434 728 
219 219 227 227 529 693 693 725 725 


10 10 62 81 81 170 170 206 517 
54 278 278 
16 330 390 407 407 447 447 495 580 591 602 602 613 660 695 695 730 730 
579 579 601 601 665 

307 
197 197 
241 241 
81 81 109 109 109 310 

30 30 338 
686 686 
16 150 361 
439 
564 575 601 746 
128 391 
516 569 
134 134 158 
369 377 377 

694 
213 213 213 315 315 
358 424 659 
190 236 650 739 
5 55 
16 16 
393 
21 21 128 209 263 263 333 442 454 485 557 
96 
117 
442 442 
301 301 
129 714 714 
582 739 
89 207 261 261 336 336 414 414 414 452 452 476 476 509 509 589 

5 115 202 405 
298 584 671 
65 65 131 551 551 
308 308 
5 5 489 667 667 
409 409 

121 121 298 298 473 585 585 739 
83 83 281 536 545 546 667 667 
55 
735 
417 417 440 440 440 
730 
199 199 199 203 217 262 377 377 418 
315 529 
622 
5 5 147 147 567 654 
303 303 428 428 
342 
147 147 174 174 174 651 
207 

190 
48 127 333 371 587 674 
225 621 
601 
206 348 562 
440 557 593 756 
5 395 567 
198 330 507 695 695 
91 602 679 
51 109 
75 97 149 175 201 342 457 502 583 583 639 639 643 643 739 
108 
6 6 528 563 

636 
95 95 129 437 437 437 

658 
114 226 226 478 

117 117 432 
324 572 733 756 
94 665 
297 
203 203 
395 

87 87 341 
399 
298 610 610 
177 177 737 737 739 
265 500 
213 739 
193 193 371 371 
294 345 345 758 

419 596 596 
619 
197 197 349 497 507 507 601 601 664 664 
185 257 388 524 532 532 717 739 739 
502 502 554 554 



705 705 
16 142 142 142 142 235 333 333 547 547 
169 169 169 291 716 
103 337 337 444 
274 274 369 369 529 565 701 701 755 755 
423 581 

1 1 313 324 329 420 749 749 753 
16 125 296 490 
159 461 
32 50 312 312 516 
266 356 
56 56 242 242 
631 631 739 739 
203 285 285 285 311 311 311 565 
70 140 140 307 524 525 703 
696 
27 276 276 312 312 
5 5 11 213 367 537 
157 157 341 453 
105 105 257 
148 
301 391 
16 
366 510 510 581 596 596 
283 
99 105 105 467 493 
142 142 595 
257 343 343 
159 163 601 601 647 
186 295 342 342 
545 545 545 
37 91 91 91 110 339 440 449 449 526 678 756 
90 
109 645 
307 320 
126 582 687 687 739 
225 542 
5 10 10 14 17 68 80 82 90 90 90 121 133 136 139 152 177 180 180 185 190 205 205 205 236 236 241 241 265 265 274 292 294 294 298 312 382 388 413 413 418 418 437 476 493 493 511 511 532 548 557 557 557 574 583 622 632 642 667 687 689 696 696 714 714 737 
432 
7 7 16 35 35 73 104 104 214 327 327 327 
188 188 367 538 

378 378 765 765 
532 
287 613 
442 442 
127 127 137 190 249 249 
110 708 708 
117 224 224 
331 
247 247 
25 25 80 350 350 350 708 
342 342 428 
136 136 705 705 
324 383 383 662 678 733 
579 
403 438 438 691 
5 
213 225 273 403 446 
343 474 585 
288 342 
530 

146 744 744 
580 580 

