nodes: 768 edges: 2397
168 168 586 
138 138 708 708 708 708 
65 65 282 282 282 427 553 553 553 
633 
178 178 247 247 247 357 
6 17 17 53 53 59 79 79 99 101 101 115 115 144 147 147 147 163 171 174 194 194 210 210 213 216 216 216 216 221 221 221 239 239 240 272 272 272 272 348 367 370 370 382 387 395 419 419 448 448 448 451 451 466 466 484 484 488 506 506 506 537 557 567 594 598 635 635 639 639 639 651 651 654 654 663 682 682 700 719 719 739 759 767 767 767 
5 254 405 489 489 489 489 489 669 
214 214 214 214 741 
93 343 
124 124 582 582 582 764 
81 81 252 252 257 257 257 265 265 274 285 300 381 381 381 381 381 445 514 529 529 574 599 739 739 755 
719 
16 16 376 
67 159 159 238 
455 493 493 739 
296 296 319 319 319 319 376 707 707 707 707 
12 12 18 35 35 35 57 57 78 150 150 198 198 214 214 258 258 278 296 321 321 321 333 376 376 376 378 378 378 390 390 390 390 390 394 394 429 429 442 442 442 473 485 485 547 548 548 548 553 553 561 561 561 569 569 569 574 591 591 591 591 601 601 601 611 624 624 626 626 626 633 633 633 702 724 739 739 739 741 
5 5 466 466 712 
16 34 741 741 741 
416 416 

128 557 557 557 626 650 650 650 650 
67 67 186 186 186 186 521 521 
218 218 218 481 481 501 501 

386 386 386 449 456 456 456 456 
41 41 88 185 203 303 303 303 311 311 311 328 342 342 379 379 379 379 428 462 540 568 712 712 
30 30 30 203 731 
301 328 
35 288 288 471 471 471 471 471 
27 27 27 203 338 338 681 681 
533 533 
516 711 
118 118 478 478 478 478 686 
18 741 
16 16 16 29 73 73 73 287 287 297 400 400 400 432 432 556 645 645 741 741 
102 102 102 412 
110 339 339 339 

261 261 355 618 618 
122 122 
26 26 342 342 342 
48 108 108 108 323 323 323 
50 50 585 585 
337 337 337 
212 212 212 253 541 
459 459 459 
171 171 271 
42 306 421 588 658 
351 351 351 368 368 368 368 601 601 
43 43 711 711 
203 342 342 342 666 
583 583 583 
5 5 
171 171 171 
375 375 375 375 623 
156 177 242 255 255 388 503 583 713 713 713 713 
16 16 102 102 102 102 
203 265 
5 245 245 365 365 405 405 
156 156 156 
444 
517 517 517 599 599 

156 222 222 222 239 255 
2 2 381 551 551 637 637 
395 412 412 412 
13 22 22 120 120 120 159 159 159 159 213 213 213 232 232 235 354 354 354 383 446 521 521 523 523 527 
108 639 739 739 739 
157 157 286 286 286 720 
387 387 560 716 

113 170 170 170 257 257 381 
35 35 35 142 142 741 
519 519 519 519 
182 285 667 667 
402 402 
352 352 
16 473 
5 5 239 239 340 340 340 406 406 406 448 448 448 573 594 594 
141 154 154 154 163 163 241 622 622 622 660 660 730 730 730 739 739 739 753 753 753 
10 10 170 170 195 195 257 300 312 422 433 433 443 443 443 599 
739 
117 117 228 342 342 500 500 500 526 643 643 643 667 680 680 
225 225 225 225 


229 284 684 684 684 
26 224 224 
281 281 281 633 633 
555 555 555 555 734 739 739 
472 569 665 665 665 733 

8 205 
212 212 212 253 253 679 
399 399 672 672 
470 470 470 627 627 
342 
366 
5 727 

5 5 367 367 
36 36 36 57 57 57 57 
130 130 130 342 342 618 704 704 
416 741 741 741 
467 529 721 721 721 727 727 727 727 
156 156 
283 283 544 588 588 588 588 588 
42 42 42 68 312 312 668 668 710 739 739 
203 398 398 398 512 607 666 
37 733 749 749 749 749 
577 577 577 
307 307 307 
72 257 312 312 312 312 318 701 
342 342 428 428 428 547 547 547 675 675 
5 5 213 405 405 405 700 
431 431 
83 83 192 192 224 224 224 277 277 277 317 342 342 342 428 683 683 750 750 
33 33 348 348 370 370 478 478 478 
424 
67 67 67 
501 642 739 739 739 
40 40 565 565 
215 215 456 456 456 469 469 
9 9 582 582 582 
171 490 490 490 496 709 709 709 
289 289 289 737 737 
507 507 658 658 658 658 729 748 748 748 748 748 
21 614 614 626 
399 592 592 592 631 
103 103 103 342 466 512 
637 637 
595 595 
739 
158 158 158 158 616 616 616 616 
326 326 326 
739 755 
748 
1 1 708 
571 
368 716 
80 315 315 315 315 315 455 612 612 612 699 
73 73 702 702 702 728 728 741 741 

5 163 392 484 506 506 506 614 614 614 
523 523 
207 207 588 765 
5 5 5 354 527 527 651 654 654 

342 667 
16 16 214 214 457 457 457 457 611 611 

650 739 739 
192 317 
80 80 80 
388 
56 60 60 60 64 106 106 239 280 460 460 460 463 747 
69 69 203 203 263 263 263 341 341 341 520 520 578 720 720 
134 134 134 134 438 616 
13 13 67 67 67 67 238 238 304 304 362 409 461 710 710 730 730 730 
342 
254 254 522 522 
278 278 278 561 561 
5 80 80 144 353 484 484 484 484 730 730 
393 393 579 
584 
221 221 221 221 447 447 447 
203 203 203 
0 0 586 586 586 586 586 
320 320 587 703 703 703 703 
72 72 72 81 81 206 331 331 331 435 599 599 599 
5 47 47 54 54 54 125 496 496 
294 294 294 
429 
5 371 654 654 654 654 654 
254 254 254 667 667 
504 595 595 595 
56 342 687 687 687 687 739 739 739 
4 4 208 357 357 
408 
739 739 739 
297 532 532 745 
75 197 197 
343 343 343 
546 679 679 679 
26 696 739 739 739 
22 22 22 22 
756 
742 742 742 
288 449 690 
402 739 748 748 
247 247 
117 117 153 582 582 
464 674 674 690 690 
5 5 210 210 210 
81 81 312 422 422 422 422 422 
203 203 541 577 577 
182 182 543 544 544 605 605 668 668 695 695 695 
16 16 601 601 602 602 602 664 664 
253 516 648 648 
363 532 532 532 696 696 696 
213 242 242 442 442 442 667 667 
244 244 244 244 741 
26 27 30 51 58 109 157 157 167 167 167 196 196 230 230 253 262 262 264 264 290 301 301 322 322 322 337 341 341 341 342 342 374 377 377 386 399 399 423 467 486 486 486 540 544 544 555 555 555 555 555 570 570 592 592 592 609 609 625 625 625 644 648 648 648 715 715 726 
542 542 
93 739 739 739 
170 599 599 661 
146 146 620 620 620 633 633 633 655 655 
178 247 247 
246 246 342 342 626 
5 5 194 194 194 446 725 
286 286 286 
45 45 45 94 94 94 
5 67 67 67 115 201 225 225 273 353 353 373 373 446 498 498 504 504 593 595 620 620 646 646 646 656 719 719 760 
7 7 7 7 16 16 150 150 395 395 741 741 
123 123 354 456 456 
5 5 5 5 437 
648 648 648 648 
23 23 23 
559 559 
324 324 
5 5 5 166 166 166 166 
64 64 64 401 
255 
88 88 117 117 117 336 336 342 342 381 381 381 
84 84 84 84 213 213 273 275 299 334 334 334 334 380 527 527 527 542 593 593 593 738 760 
428 675 675 
366 559 559 596 596 
83 
87 284 284 284 
203 203 482 482 482 482 
264 
67 67 
710 710 
367 367 367 367 373 373 595 
67 363 702 
622 737 737 739 739 739 739 
241 
13 159 159 289 
5 5 64 79 79 156 242 408 580 580 580 580 594 713 766 766 
5 
80 237 312 312 312 315 315 455 468 468 606 739 745 745 745 
56 201 201 239 503 503 713 
245 428 428 428 
202 202 202 202 
59 59 243 601 
209 209 337 342 456 456 
4 4 4 191 191 208 208 752 752 752 752 
708 708 708 
748 748 
424 
364 364 364 364 371 371 419 419 419 419 506 506 506 523 612 
10 10 705 705 
45 94 94 199 203 377 
6 161 161 175 175 175 372 372 435 489 667 667 
56 56 64 223 
679 
10 10 10 72 72 81 113 529 701 701 701 721 729 
16 16 379 379 696 739 739 
740 740 740 740 
397 435 531 531 531 
39 39 287 333 333 401 401 401 415 633 633 633 655 
203 203 648 
157 157 157 626 626 626 626 
203 203 231 328 328 328 
10 10 58 688 688 727 727 739 739 
462 462 568 568 
366 366 725 725 
298 
372 548 
286 
47 535 535 535 582 582 
5 5 5 5 466 466 466 466 523 523 523 523 
213 225 643 659 
10 445 445 705 705 705 739 739 739 
225 542 542 
718 718 752 
117 117 117 413 413 577 
16 162 162 162 287 287 364 432 432 432 476 476 476 600 
312 
156 590 
89 89 89 
2 2 2 
107 107 588 
87 229 229 229 674 
10 75 
69 69 69 211 211 211 270 335 464 464 
35 35 261 278 278 434 746 746 746 746 746 
29 29 189 627 667 
126 126 126 238 548 548 582 582 
203 648 648 
703 
366 366 470 739 

172 172 172 298 341 341 558 584 584 636 691 692 692 692 739 739 739 739 
321 321 321 342 342 488 488 488 731 731 731 
15 15 16 326 326 376 424 424 473 473 475 475 479 479 479 485 505 505 
35 181 556 556 556 
268 294 487 636 686 686 696 739 739 739 
225 363 363 363 406 406 406 498 
10 81 422 422 
28 203 203 359 630 630 723 723 
355 393 
26 26 26 428 652 652 
159 159 409 575 575 575 
446 446 
48 658 658 706 
112 112 112 560 560 560 604 604 604 716 736 
638 638 638 638 
691 691 
361 361 515 515 515 515 
26 26 26 385 385 579 715 715 
81 108 108 113 113 113 113 195 241 241 241 279 342 402 625 701 718 718 739 739 739 
708 708 708 708 
409 575 
141 141 141 141 141 241 241 378 378 378 378 620 
343 585 585 585 
117 153 564 564 564 
113 354 354 360 360 
15 15 15 15 707 
169 169 736 736 736 736 736 
16 16 16 295 295 295 548 548 
203 203 203 
42 42 42 
220 220 662 708 756 756 
708 708 708 
135 135 135 296 296 505 505 
741 
26 28 264 264 264 377 377 377 377 
563 563 708 708 708 
601 664 664 664 664 664 
170 170 170 544 
577 
16 261 261 364 364 364 386 386 386 386 547 547 601 626 626 626 633 633 658 702 702 702 702 702 
225 225 225 225 
286 
224 224 589 589 589 633 633 
44 44 44 203 246 465 465 465 704 704 704 
30 30 609 
37 37 37 534 
79 79 79 448 448 
157 157 157 203 203 203 294 294 464 483 544 578 578 684 720 720 720 
26 26 41 41 41 51 51 51 83 83 97 103 103 114 114 117 117 117 130 149 160 177 203 203 209 209 224 224 246 295 295 312 399 399 399 428 444 444 465 518 518 532 532 532 532 532 539 643 653 653 667 667 667 667 683 704 731 731 739 739 754 
8 183 183 183 316 433 640 640 729 761 761 
466 466 
691 
632 632 632 
475 592 
5 118 118 441 441 562 562 570 661 661 661 661 
427 427 427 
622 622 753 753 753 753 
49 49 49 
77 77 395 395 412 412 412 472 472 526 526 
163 213 213 
67 67 67 147 215 318 318 527 527 
39 302 
621 621 621 
4 178 178 
424 621 
301 461 
318 318 
310 310 561 561 
159 432 432 
200 235 299 299 299 406 406 406 498 530 576 576 763 
251 251 251 251 278 333 333 333 
59 59 744 
98 227 267 267 292 292 470 470 510 510 725 739 739 739 751 
5 101 101 234 234 234 234 494 719 719 742 
49 49 49 49 140 
617 648 648 705 705 705 705 
5 5 118 118 
174 251 251 523 523 658 690 690 690 
254 254 269 548 548 
213 213 234 234 595 
203 544 544 544 544 
55 55 55 55 
12 15 16 16 16 296 
203 203 253 328 328 328 328 425 425 425 617 617 648 648 648 648 648 697 
16 16 16 315 315 315 315 744 744 
26 26 26 26 258 258 
225 569 569 569 569 
10 10 10 10 10 65 72 224 224 224 
5 413 582 582 739 739 
67 523 756 756 756 756 
728 
311 311 579 579 
25 25 25 203 333 333 333 333 449 449 449 449 449 
5 70 70 608 649 649 716 716 
56 155 739 
739 739 739 
16 16 16 16 16 591 601 601 601 
429 574 614 723 739 739 
144 
164 164 302 544 544 544 625 634 
16 16 429 429 
5 66 214 214 352 352 663 

260 515 515 515 515 515 
109 109 109 667 667 
95 95 129 203 203 342 342 342 
35 35 35 536 
222 261 261 261 
76 76 190 312 739 739 739 
448 448 758 
477 
6 59 59 115 115 115 635 
79 79 79 299 299 299 363 363 363 
591 601 
179 239 517 
159 304 314 640 
546 546 
455 455 455 
36 66 66 66 352 352 352 
277 277 382 739 
589 
261 
19 19 104 602 
500 500 500 646 646 
739 
5 5 251 251 251 251 
633 633 
48 549 549 590 
81 195 195 195 195 195 300 300 436 
203 706 
119 250 296 296 358 719 
377 377 377 617 617 617 617 617 
498 498 498 
2 349 349 349 
26 114 114 114 117 226 243 243 243 303 342 478 508 566 566 652 754 754 
16 16 173 391 394 394 553 553 
499 
116 116 
35 35 278 278 278 362 362 677 740 740 740 
81 81 343 
287 595 595 699 699 699 699 
170 254 260 634 634 634 634 
422 
216 672 672 739 
158 758 758 

526 662 733 
348 348 
16 16 16 201 201 201 626 626 626 629 629 747 747 747 
81 81 81 551 551 551 
61 342 342 643 704 
10 274 274 
67 210 213 305 305 505 523 523 760 760 760 760 760 
166 166 166 601 601 
5 5 5 79 79 79 340 340 403 403 511 
25 189 386 386 386 386 386 753 753 

5 5 533 537 537 537 
589 589 633 
720 
626 
14 141 241 411 411 411 
25 25 25 25 123 123 123 215 215 246 246 
150 150 150 150 583 583 
490 490 490 
46 46 46 545 545 549 612 612 
156 156 156 
159 359 710 
26 266 266 
156 
193 286 286 341 
337 337 337 342 
5 5 17 17 130 272 272 272 272 344 344 
105 203 727 727 727 
241 241 
123 123 
96 96 96 292 366 366 
29 29 29 29 29 
91 352 352 526 526 733 
16 78 296 296 642 642 642 
554 554 554 761 
296 296 347 
278 278 278 633 640 739 739 739 739 
404 499 499 499 
33 33 33 33 118 118 118 428 
296 296 296 

23 23 501 501 501 722 722 722 722 
230 230 230 230 
341 
5 5 144 163 163 163 163 623 623 
16 16 296 
203 203 203 565 565 565 565 
298 558 558 610 
5 295 295 295 651 
6 6 6 6 6 254 497 497 639 639 667 667 667 667 704 704 704 704 
125 125 125 458 458 458 709 
503 

14 14 548 727 739 
367 719 
507 695 695 
125 171 171 
489 489 664 695 695 695 
213 213 299 363 426 426 426 
430 477 477 477 
83 83 83 417 417 417 
23 23 121 481 481 481 
667 667 697 697 697 
56 242 242 491 
176 213 213 739 
296 296 326 326 446 
5 5 5 144 144 144 251 251 251 
127 127 495 664 693 693 693 
428 566 566 
633 633 
366 366 725 
448 739 739 
109 130 
703 703 703 716 716 716 
10 529 
310 310 310 310 397 397 397 397 397 
32 199 638 638 638 
62 62 62 408 599 
342 342 
74 74 74 74 705 
157 157 720 720 720 
22 22 67 67 565 
161 161 
67 67 145 145 251 272 272 272 272 371 371 383 446 446 
716 716 
716 716 
83 352 352 440 472 472 733 733 
67 147 147 225 225 225 354 354 710 710 
563 563 669 669 669 
10 10 105 257 514 596 596 596 596 596 705 705 721 766 
363 576 763 
260 260 260 
181 181 200 200 200 342 342 342 342 342 696 696 696 717 717 739 739 745 745 745 745 
31 31 451 
339 
271 271 271 
400 643 643 
5 451 451 451 719 719 
563 742 742 742 742 
342 
26 203 
45 196 
204 204 225 275 275 593 593 738 738 
197 544 544 544 
107 197 197 203 203 331 341 374 374 374 374 393 393 393 543 543 543 
459 459 546 612 643 732 732 732 
184 410 410 545 643 
16 114 114 114 333 333 563 563 573 702 702 
16 16 16 269 289 289 321 321 372 372 493 739 739 
421 421 459 
588 741 
65 65 443 443 443 637 

2 2 2 16 16 429 429 
474 474 474 
90 90 90 90 203 203 203 203 203 
35 297 297 297 
5 21 21 21 622 739 739 
294 487 487 
219 219 227 227 
70 307 307 307 
16 16 16 162 162 361 361 569 569 569 615 
348 348 661 
329 329 528 528 538 547 547 669 669 742 
317 317 317 613 613 
122 122 486 486 486 486 521 705 715 
428 428 508 508 
5 663 663 663 
26 266 266 615 615 615 
16 16 16 91 380 380 380 380 561 561 561 
203 203 348 660 660 660 660 
139 
678 678 678 678 
79 547 
10 16 391 739 739 
304 304 304 314 613 613 613 
363 363 530 
111 111 111 196 196 277 332 603 603 603 
157 341 341 
164 311 385 385 602 602 757 757 757 757 757 
239 239 239 239 594 601 601 601 601 766 766 766 766 
706 725 725 
9 9 9 124 124 124 192 192 271 271 289 289 382 382 632 737 737 737 737 737 764 764 
52 52 52 56 457 457 667 667 739 739 739 
165 294 294 636 
43 43 316 316 316 642 743 743 761 
0 168 168 168 168 168 
169 
48 107 107 107 107 107 146 283 550 
336 336 336 414 452 452 633 
280 421 757 757 
16 16 16 16 390 407 601 601 
129 129 129 203 203 203 347 
213 225 225 225 542 542 
5 79 79 239 580 
132 132 176 176 176 213 234 373 434 434 728 728 728 
227 227 529 529 529 529 529 693 693 693 693 725 725 

5 624 624 
10 62 62 81 170 170 170 206 206 517 661 661 
278 
16 16 16 49 49 198 198 245 330 333 390 390 390 407 447 447 580 580 580 580 591 591 613 647 660 660 664 664 695 730 730 
198 198 198 416 579 579 
577 577 577 
307 307 307 
197 197 
241 622 
109 
387 649 649 
203 203 338 
487 686 686 
16 150 150 
141 141 141 251 459 459 545 
564 564 575 575 575 601 746 746 746 
128 128 144 144 144 391 
561 568 568 568 
134 134 134 134 158 
369 377 377 425 425 425 425 425 648 648 
39 39 103 
694 694 
207 207 207 213 213 315 
356 356 356 358 659 659 659 659 659 
80 80 80 236 350 350 557 606 739 
55 484 484 
16 16 598 598 
203 203 203 312 393 
16 16 16 21 128 209 263 263 263 263 333 333 333 442 442 442 454 
96 96 288 667 

442 442 
301 301 
129 714 714 714 
346 346 346 582 739 
3 16 16 16 89 89 207 207 207 261 261 261 333 333 336 336 420 420 452 476 509 509 589 
393 435 435 435 435 669 669 
5 5 405 759 759 759 
294 298 584 671 671 671 
65 65 131 131 551 
308 308 308 308 516 516 516 
5 5 5 68 489 489 667 667 667 
343 343 409 476 

121 473 473 473 585 739 739 
83 83 83 273 342 444 536 536 545 546 
203 
35 35 735 741 
213 213 213 417 417 653 
601 730 
199 199 203 203 203 217 217 217 217 262 290 290 369 369 377 377 377 377 377 617 617 
387 387 608 608 
21 21 21 21 152 
5 5 147 488 654 654 
303 303 428 
342 342 646 
5 5 147 147 174 174 174 174 174 651 651 
207 207 261 
213 

48 127 127 127 127 306 306 333 371 690 
273 621 621 621 621 621 
80 80 570 570 570 570 601 601 730 730 
206 348 348 348 348 562 599 599 
324 440 756 756 
5 395 567 567 567 
198 198 330 330 330 330 330 497 507 601 601 695 695 695 
91 91 91 
51 109 
75 75 83 149 175 175 201 201 254 254 288 342 342 342 342 398 398 489 489 489 489 502 502 583 583 627 639 639 639 739 739 762 
108 108 197 197 739 
6 528 528 528 563 563 634 634 

636 636 636 
95 95 437 437 
674 674 
193 193 284 673 673 690 690 690 
114 114 226 226 

432 
572 572 572 572 756 
94 184 184 184 256 
83 83 
30 30 
5 5 
117 117 342 
87 87 87 341 706 706 706 

33 298 298 610 610 
177 177 177 177 737 737 739 
265 265 739 
739 739 739 
189 193 193 371 371 371 658 674 674 674 
294 309 309 345 758 
294 294 294 
507 507 507 596 596 596 596 
619 619 
197 197 197 495 495 497 497 497 601 664 664 664 
185 200 200 200 258 298 532 532 532 717 717 717 717 739 739 
377 502 502 502 
725 725 
141 434 434 434 434 
5 115 
113 257 257 257 312 705 705 705 705 705 
16 142 142 142 235 333 333 333 333 333 547 547 
169 169 169 169 291 513 513 513 716 
103 103 337 337 337 342 444 489 489 489 489 
252 252 274 274 274 369 369 369 369 519 529 529 565 701 701 701 701 701 755 
306 423 581 684 684 684 
15 15 15 15 319 
1 1 1 1 138 248 248 248 313 313 313 313 324 325 325 325 329 329 329 733 749 756 756 
125 125 125 490 
108 159 159 233 233 461 527 527 
32 50 50 
17 26 26 
56 56 56 56 239 242 
631 631 631 739 739 
203 203 311 311 565 
70 140 307 387 387 513 513 513 524 524 525 525 703 
532 532 696 696 696 696 
276 276 312 312 
5 5 11 213 213 367 367 424 494 537 537 
69 157 157 341 341 341 453 520 520 520 
105 105 105 257 529 
481 481 481 481 
301 301 391 
16 
210 267 267 366 510 581 581 596 596 698 698 
203 
99 105 105 105 105 265 265 467 467 467 493 
142 142 384 595 595 595 
127 257 343 
80 80 80 159 159 159 163 163 601 601 647 660 660 
27 295 295 295 342 342 
545 545 545 
91 110 440 472 526 526 708 749 753 753 756 
90 
645 
307 320 320 320 320 320 
126 126 236 236 582 582 582 582 582 687 687 739 
225 542 542 
5 10 10 14 16 16 16 68 68 68 80 80 80 82 90 90 108 108 121 121 121 133 136 152 152 177 177 177 180 180 180 185 185 185 190 205 205 205 236 236 236 236 241 258 258 265 265 274 274 274 292 294 294 294 294 298 298 298 312 312 312 342 342 366 366 366 382 382 388 389 389 389 391 391 402 402 402 413 418 437 476 476 476 476 493 504 511 511 532 532 548 548 557 557 574 574 583 583 583 622 632 642 642 667 667 668 687 688 689 689 689 696 696 714 714 737 745 748 748 748 751 751 
259 259 259 259 432 432 432 
7 16 18 18 18 34 35 35 73 104 104 104 142 142 202 214 214 327 550 645 
188 188 188 367 538 538 538 538 563 
585 585 
365 378 378 765 765 765 
181 241 241 241 532 532 532 532 739 
287 287 287 287 287 613 613 613 
156 442 442 442 
127 127 127 127 127 137 190 190 249 249 739 739 739 
110 110 110 110 708 733 
117 117 
366 739 739 
247 247 247 247 276 
80 80 80 350 350 350 350 449 449 733 733 
342 428 428 
10 136 705 
187 324 324 383 383 383 383 662 662 678 708 708 733 
579 579 579 579 579 590 590 
403 438 438 691 
5 635 635 635 
213 225 446 446 446 446 446 
343 343 474 585 
667 
363 530 
9 582 582 
146 744 744 744 
239 239 529 580 580 580 580 
5 5 5 
