nodes: 768 edges: 2387
5 5 168 168 586 
708 708 708 
65 117 282 282 282 427 427 553 553 553 
633 
178 178 247 247 357 357 
0 0 6 6 17 17 53 55 59 59 59 79 79 99 101 101 118 118 144 144 144 147 147 147 163 163 163 171 171 174 174 174 194 194 210 213 216 216 221 221 239 240 240 272 272 272 307 348 367 370 370 382 387 395 395 419 419 419 448 451 451 451 466 484 488 506 557 567 594 598 623 623 635 639 639 654 654 700 700 719 739 739 759 767 
5 5 254 405 489 489 489 669 669 669 
741 741 741 
343 343 
124 124 582 582 764 764 764 
81 252 252 252 257 274 285 285 300 300 300 300 381 381 381 514 529 529 599 599 599 739 739 
719 719 
16 376 

455 455 455 493 739 739 
296 296 319 319 376 376 376 707 707 707 
12 35 35 35 78 150 150 214 214 214 258 258 278 278 296 296 321 321 333 376 376 376 376 376 378 390 390 390 394 394 429 473 473 473 479 485 492 505 505 547 547 548 561 569 569 569 591 591 591 591 591 600 600 601 601 601 611 624 626 633 702 702 709 739 739 741 741 741 
5 5 466 712 739 
34 34 741 741 

352 
557 557 557 626 626 650 650 
67 67 67 186 186 521 521 521 
218 218 218 481 481 501 501 501 
312 312 
386 449 449 456 456 456 753 
41 41 41 203 303 303 311 311 342 342 342 379 379 385 428 462 462 540 540 540 568 568 712 
30 30 30 203 
203 301 301 328 
35 288 288 471 471 556 556 556 
27 27 27 203 203 338 609 609 681 681 
46 533 533 
372 372 372 516 
118 118 207 478 478 478 686 
18 18 741 
16 16 16 29 73 73 287 297 400 400 432 556 645 741 741 
102 102 352 395 412 
110 110 110 733 733 
294 298 
261 261 355 415 618 618 618 
118 122 122 
26 26 26 88 88 342 342 342 
48 108 108 108 323 
50 50 50 189 
337 337 
212 212 253 253 677 
31 
61 112 112 171 221 271 271 736 
42 306 588 588 658 658 
351 351 351 368 368 368 601 601 601 613 
43 43 43 312 312 711 711 711 
203 203 342 342 
583 
5 
171 171 600 
5 375 375 375 623 644 
64 64 86 156 156 177 239 255 255 503 583 713 713 
102 102 102 
203 265 265 
5 5 5 365 365 405 405 405 
156 156 156 156 
47 444 444 
517 517 517 599 599 599 
198 292 
56 56 156 156 222 222 222 223 223 255 255 
2 117 381 381 381 551 551 637 637 
395 395 395 412 412 
22 22 22 120 159 159 213 213 232 235 235 260 305 354 383 383 383 397 446 446 523 523 
108 233 639 739 
130 157 286 286 286 720 
307 307 387 387 387 716 
237 625 
113 113 170 257 257 381 381 381 
35 35 142 142 741 
225 406 519 519 
182 285 502 502 667 667 
402 402 
352 352 
16 473 
5 5 406 406 448 451 594 594 594 594 597 597 
141 154 154 154 154 163 163 163 163 241 241 622 622 622 660 660 660 660 730 730 730 739 739 739 753 753 753 753 
10 170 195 257 257 288 300 312 312 433 433 433 435 443 599 607 

117 117 192 228 342 342 417 526 643 643 
225 225 225 225 

56 
229 284 684 684 684 684 
41 41 224 224 224 342 
281 281 633 
555 555 555 555 734 734 734 739 739 739 
472 569 569 733 733 733 733 
279 
205 279 452 
203 212 212 253 679 
399 399 672 672 726 
254 470 470 667 667 
342 342 667 
366 
5 

5 5 367 367 367 367 
36 36 57 57 57 
130 342 342 342 704 
741 741 
467 529 727 727 727 727 
156 156 
544 588 588 588 
42 42 42 68 312 502 668 710 
203 398 398 398 512 607 607 607 666 666 666 735 
37 37 37 733 749 
157 157 577 577 577 
47 47 307 
72 72 257 312 312 312 701 
342 342 428 547 547 547 675 
213 213 213 405 405 405 635 700 
213 213 431 431 
2 65 83 83 192 192 192 192 224 277 277 277 277 342 342 381 381 381 381 381 551 677 683 
5 5 33 33 40 216 370 370 370 478 478 
424 
67 
642 642 739 739 739 
40 40 
215 354 354 456 456 456 456 456 469 
9 9 381 582 582 
490 490 496 496 709 
289 289 737 737 
507 658 658 658 658 748 748 748 748 
614 614 626 626 
203 203 399 552 552 552 592 592 672 672 
69 103 342 466 466 512 

595 595 
739 739 739 
158 158 158 616 616 616 616 
326 326 326 
739 739 755 755 755 
748 748 748 
313 
739 739 
202 368 387 716 
80 315 315 315 612 612 699 
73 73 702 702 728 728 728 741 741 741 

5 5 5 163 506 506 614 614 
493 523 523 523 
588 588 588 588 765 765 765 
5 5 5 527 527 527 651 651 651 
568 
342 525 667 
16 16 214 457 457 457 611 629 
413 
739 
317 317 
80 80 80 80 

56 56 60 60 60 60 64 64 106 106 239 280 460 460 460 590 747 
69 111 111 203 203 263 263 341 341 341 520 578 720 
134 134 134 616 725 
67 67 354 354 409 461 461 461 710 710 730 730 730 730 730 
342 520 
254 254 254 254 254 522 522 
278 278 278 561 
5 5 5 80 80 80 80 144 353 353 409 484 484 504 730 730 730 
393 579 581 581 581 
584 
221 221 447 447 447 
203 247 
0 0 243 243 243 586 586 586 
320 320 703 
72 81 206 206 331 331 331 435 599 599 599 599 
5 5 47 54 54 496 


5 5 5 654 
254 489 667 
504 504 595 
56 687 687 687 687 739 
4 4 208 208 357 357 
408 
739 
297 745 
75 197 197 
343 
256 546 546 546 546 679 679 
430 739 739 
22 22 333 547 547 
756 
742 742 742 742 
43 288 449 449 449 690 
402 402 558 657 739 748 

83 117 117 117 117 582 582 
464 674 674 690 690 697 
5 5 210 210 
81 312 312 422 422 
541 541 577 
182 182 349 484 544 544 589 605 605 668 695 695 
63 416 601 601 602 602 602 664 664 
203 203 203 253 253 516 516 648 
524 524 532 696 696 696 
213 242 442 442 
140 244 244 244 635 723 
26 27 28 30 30 51 51 58 94 109 129 129 157 157 167 199 199 199 218 218 230 230 253 253 262 262 264 266 290 290 301 301 301 322 322 322 322 337 337 341 341 342 342 374 374 377 377 386 386 399 399 423 423 467 482 486 540 544 544 555 555 570 570 570 570 577 592 609 609 609 625 644 648 681 715 715 726 

93 739 739 739 739 
170 170 562 599 599 661 661 
33 620 633 
178 178 247 625 
342 342 342 626 
5 194 194 212 
286 286 286 286 
45 45 94 94 210 253 253 
5 67 67 115 115 115 116 116 201 222 222 225 234 273 353 353 373 373 388 446 446 471 498 498 504 593 593 593 595 620 620 624 646 646 656 689 719 760 
16 16 16 150 395 395 395 395 
123 354 456 456 
5 5 118 

23 23 23 203 203 262 
227 227 559 559 
324 324 
5 5 47 166 166 387 387 
64 64 64 213 213 719 
64 64 
88 88 88 117 336 336 336 336 381 438 750 750 
74 84 84 84 84 213 273 273 275 275 299 334 334 334 334 527 527 527 542 542 593 659 738 738 760 
675 675 
219 219 277 366 366 559 559 559 596 596 
83 
87 284 
203 203 482 482 

67 
68 710 
213 367 367 367 367 373 373 595 595 
67 67 363 
737 737 737 739 739 739 739 
71 241 

5 56 156 242 408 580 580 580 580 590 594 594 766 766 766 766 
5 5 
80 80 237 293 293 312 312 312 315 455 455 455 606 606 739 739 739 745 745 
201 239 503 503 713 
168 168 168 428 482 508 508 508 
202 202 202 

337 337 342 342 
4 4 167 208 752 
708 708 
748 748 748 
424 424 
364 364 364 364 371 371 419 419 419 506 506 506 523 523 
10 10 10 705 
45 45 94 199 199 203 203 212 212 518 697 
6 96 161 161 161 161 161 175 372 372 489 667 
56 56 64 64 
184 679 679 
10 72 72 81 81 113 529 529 696 701 721 721 729 
16 16 379 379 379 
278 278 740 740 740 
67 397 397 531 531 531 
39 39 287 333 333 355 401 415 415 415 541 541 541 633 633 655 
203 203 218 648 673 
157 157 626 626 626 
203 328 328 
58 58 688 688 727 727 727 727 739 739 
203 462 462 568 712 712 
366 366 366 

284 372 372 548 548 548 
286 286 
47 47 535 582 582 582 
5 5 5 466 466 466 523 523 523 
213 225 225 334 446 643 659 659 760 
10 445 445 705 705 739 739 739 
225 225 
718 718 
117 117 117 117 227 413 413 413 577 577 
16 16 162 162 162 259 259 287 364 404 432 432 432 476 476 477 600 600 
92 93 312 
156 590 
89 89 643 
2 2 2 
399 399 726 726 726 726 
87 229 269 548 548 674 674 674 
10 10 75 715 715 715 715 
69 69 69 211 211 211 211 270 270 335 335 464 
35 261 278 746 746 746 
29 29 81 189 627 667 
126 126 388 388 388 548 548 582 582 582 
203 203 

63 366 366 470 470 739 739 739 
241 241 
38 341 341 341 584 691 691 692 692 692 739 739 739 739 
321 321 321 342 342 342 488 488 731 731 731 
15 15 16 16 326 376 424 473 473 475 479 479 485 505 
35 181 556 556 556 
38 319 319 487 636 636 636 642 671 686 686 696 739 
225 363 363 406 406 498 
10 10 10 10 81 422 
28 28 203 203 203 359 630 630 715 723 
355 393 393 
26 26 428 428 652 
575 575 575 575 
67 446 446 
48 658 658 658 
5 70 70 112 560 604 604 693 716 716 736 
638 638 638 
691 
361 361 361 361 515 515 515 515 607 607 607 
26 26 579 715 715 715 
24 24 50 50 81 81 108 113 113 113 195 195 241 241 241 279 342 342 342 402 402 711 718 718 739 739 
138 708 
409 409 575 575 
141 141 141 241 378 378 620 620 620 620 649 
343 343 343 585 585 585 
153 153 564 564 
354 360 360 360 
15 15 298 298 355 707 
169 169 736 736 736 
16 16 295 295 295 548 548 
203 203 203 203 
42 
220 220 662 678 756 
708 
135 135 135 296 505 
741 
28 264 264 377 377 377 377 
563 563 708 708 
601 
170 170 170 751 
577 
16 186 261 261 364 364 386 386 386 386 547 547 547 626 626 633 658 658 658 702 702 
225 225 225 225 273 
286 286 
224 224 224 224 589 589 
44 44 203 203 246 246 465 465 465 465 704 704 704 
30 609 
534 534 534 
448 448 
157 157 157 203 203 294 294 294 464 483 483 544 578 578 578 684 706 706 720 
26 26 26 41 41 41 51 51 83 83 88 97 97 103 103 103 114 114 117 117 130 149 160 203 203 209 209 209 246 246 295 295 295 312 312 312 399 399 399 428 428 444 465 532 532 532 643 653 653 667 667 667 667 667 683 704 731 754 754 762 
8 8 183 316 316 316 433 585 585 640 729 729 729 761 761 761 

691 691 691 
632 632 690 
592 592 766 
5 441 562 562 570 661 661 
197 427 427 427 695 
622 622 622 753 753 753 
49 49 49 
20 36 77 77 395 395 412 412 412 412 526 526 526 526 534 
163 163 213 213 
67 123 123 159 159 215 318 527 527 
39 261 302 319 
621 621 621 
4 4 178 178 
424 424 621 621 621 
301 461 
318 318 318 
310 310 310 310 561 561 561 611 611 
432 432 
235 299 299 406 406 406 498 498 530 530 763 763 
251 251 251 251 278 333 333 
59 59 
98 227 227 267 267 267 292 292 470 510 510 510 725 725 725 739 739 751 751 
5 101 101 101 101 234 234 234 234 719 719 742 
49 49 49 140 512 512 512 
617 705 705 
5 5 118 118 118 
251 251 523 523 658 690 690 
32 32 32 254 254 269 269 548 
213 213 234 234 595 
203 203 544 
55 55 55 
12 15 15 15 16 16 16 16 16 296 
203 203 328 328 328 328 425 425 554 617 617 617 648 648 648 648 
16 315 315 744 744 
26 26 258 258 258 
569 569 569 569 
10 10 10 65 65 65 72 72 72 117 117 117 117 117 124 224 
5 413 413 413 582 582 739 739 
67 67 67 523 523 756 756 756 756 
728 
26 579 579 579 
25 203 203 333 333 333 333 449 449 449 
5 70 70 70 140 221 221 608 649 649 649 716 716 
213 289 289 289 696 696 739 739 739 
739 739 739 739 
16 16 16 591 601 
574 614 723 739 739 

164 302 302 544 625 625 625 634 
16 16 429 
5 5 36 66 66 66 214 214 214 214 352 352 633 
760 
67 260 260 515 515 515 
109 109 109 667 667 
95 95 129 203 203 283 283 342 342 342 
35 35 
261 
76 76 190 190 312 312 657 739 739 739 
448 448 448 
278 477 522 522 
6 59 59 59 115 115 115 579 635 635 
74 79 79 299 299 363 363 363 498 
421 591 601 
179 239 517 
159 163 314 314 640 640 
546 546 546 
455 455 
36 66 66 352 352 352 352 
151 277 277 277 382 382 382 558 558 739 
589 589 633 
39 261 261 261 
198 602 665 665 
83 500 500 500 646 
511 511 648 739 
5 5 5 251 251 251 693 
633 633 633 708 708 708 
407 549 
195 195 300 436 571 
203 203 706 
119 250 250 296 358 358 473 473 473 621 621 
377 377 617 617 617 
498 498 
2 2 349 349 349 
26 114 243 303 303 342 342 478 478 508 652 
16 394 553 
185 499 
116 116 
35 278 278 278 362 362 677 677 740 
81 81 81 343 
595 595 595 699 699 699 699 
81 170 634 634 
422 447 
672 672 
224 758 758 758 
545 569 612 
646 646 646 662 
348 
201 201 626 626 626 629 629 629 747 
81 551 
61 61 342 489 643 643 704 
274 274 
67 67 213 213 273 305 305 503 760 
166 166 166 436 
5 79 340 340 403 403 403 
25 25 189 189 189 386 386 386 733 753 

5 5 5 79 537 537 537 
93 589 589 627 633 633 
720 720 720 
626 626 
14 14 14 241 241 241 411 411 532 739 
25 25 25 123 123 123 123 123 215 215 
150 150 150 
490 490 490 490 
545 549 612 
156 156 156 
159 159 159 359 
26 26 266 266 

193 286 341 
337 337 337 337 342 
5 17 130 130 272 272 272 
105 203 727 

123 
96 96 292 292 366 
29 29 213 
91 
16 16 16 78 296 296 424 424 424 642 642 642 
554 554 554 761 761 
296 
278 278 633 633 739 739 739 
278 404 499 499 499 
33 33 33 118 118 428 428 675 
16 296 296 
532 532 
23 23 501 722 722 722 
203 230 230 243 
341 341 
5 163 163 197 580 623 623 
16 296 626 
203 565 565 565 565 565 
298 558 558 558 610 
5 295 295 651 
6 6 6 175 254 444 497 497 639 639 667 667 667 704 704 704 704 
125 125 458 458 458 458 
503 
16 
14 145 548 739 
719 
693 695 695 
125 125 171 
489 489 664 695 695 
213 213 299 363 363 406 426 426 
430 477 477 477 
417 417 417 688 
23 23 23 481 
75 75 108 697 697 697 
56 242 242 446 491 
163 176 176 213 595 595 595 
16 16 296 326 
5 144 144 251 251 251 
127 664 693 693 693 695 695 
243 243 243 428 566 566 566 
633 
366 366 366 725 
418 418 739 739 739 
109 130 368 368 368 
703 716 
10 529 
310 310 310 310 397 397 397 
32 199 199 615 638 638 
62 62 62 408 
253 
74 74 705 705 
157 160 
22 22 22 
161 161 404 404 
67 67 145 145 145 251 251 272 272 272 371 371 383 383 
200 200 696 716 716 716 716 
149 716 
83 352 352 352 352 733 
147 147 147 225 225 225 354 354 710 710 710 
563 
10 10 105 257 257 514 641 649 649 705 721 721 721 766 
363 363 763 763 
260 260 260 
200 342 342 342 455 480 480 696 696 717 717 739 739 739 745 745 745 
31 31 
339 339 339 352 
271 
643 643 643 
451 451 451 719 
563 563 742 

26 26 26 203 
196 196 261 261 261 
225 225 593 593 738 738 
544 544 544 544 
107 197 197 203 203 341 374 393 543 543 543 543 
439 459 643 643 643 732 732 
184 184 184 184 410 410 410 643 
16 16 114 114 114 186 186 333 333 333 563 563 573 702 702 702 
16 269 269 269 284 284 289 289 321 321 372 493 739 739 
421 459 
741 741 
65 65 117 443 
129 129 129 
2 2 2 429 
377 474 474 474 697 697 
90 90 90 90 203 203 
29 29 29 35 297 297 297 
5 21 21 21 622 626 662 739 
190 413 413 487 487 487 
219 219 227 227 227 
307 
16 162 361 361 361 569 615 
206 348 348 
329 329 528 538 538 547 547 669 669 742 742 
317 317 613 613 
486 486 486 486 486 705 715 715 763 
508 508 508 
5 663 663 
26 26 148 266 615 615 615 
16 16 16 91 91 380 380 380 380 439 561 615 615 615 615 615 
203 203 203 203 348 660 660 660 660 
422 
678 678 756 
547 
391 739 739 739 
304 304 304 304 314 314 613 

111 111 111 196 203 277 277 332 603 603 
157 341 341 341 
164 311 385 385 385 405 602 602 602 602 757 757 757 757 757 
239 239 239 239 484 594 601 601 766 766 766 
164 164 164 725 
9 9 124 124 192 192 271 271 271 289 289 289 382 382 632 737 764 
52 56 667 667 739 
165 294 636 
316 316 316 343 343 642 642 743 743 743 761 761 
0 168 168 168 
649 658 
48 48 107 107 107 146 146 146 146 
197 336 336 414 414 452 452 633 
156 239 280 757 757 
16 16 16 16 16 390 407 601 601 601 
129 129 203 347 347 
213 213 213 225 542 542 
5 79 79 79 79 239 239 580 
132 132 176 213 234 234 373 434 434 434 504 504 504 728 
227 227 693 693 693 693 725 725 
79 79 
5 624 
10 10 10 62 62 62 81 170 170 170 170 206 206 
16 16 54 278 278 
16 16 16 49 49 49 198 198 330 390 407 580 580 591 591 591 602 602 613 647 664 695 730 
198 198 198 416 579 579 579 579 601 601 
577 577 
307 307 
197 197 
241 241 
81 109 109 109 310 310 310 
387 649 
30 30 203 203 203 338 
487 636 686 
16 150 361 361 
141 141 439 459 
49 564 564 575 601 746 
128 128 144 144 391 695 
516 561 568 568 568 569 569 569 569 569 
134 134 134 134 158 
369 377 377 377 425 425 425 648 648 
39 39 39 
694 
207 213 213 315 315 315 315 
356 356 356 358 358 358 424 424 659 
80 80 80 350 350 350 557 650 739 
5 5 55 484 484 
16 213 598 
71 203 208 393 393 393 
16 21 21 128 128 209 263 263 263 333 333 442 442 442 454 454 485 557 
288 452 667 

150 442 442 442 
301 301 
714 714 714 714 
346 346 582 739 
3 16 89 207 261 261 333 395 414 420 420 420 452 452 476 476 509 589 708 708 
393 435 435 669 
5 115 202 405 405 759 759 
298 298 298 584 610 671 671 
65 65 
308 308 308 516 516 
5 5 68 489 489 667 667 
343 409 409 
529 
121 121 298 473 473 473 585 585 739 739 739 
83 83 273 281 342 444 444 536 536 536 545 545 545 546 667 667 
55 203 
35 735 741 741 
213 213 417 440 440 440 
601 730 
199 203 262 377 377 377 377 418 617 617 
315 387 387 387 529 529 587 608 
21 21 622 
147 147 147 488 
303 428 
342 342 
5 5 174 
261 
213 
190 402 
48 48 127 127 127 127 306 306 306 333 333 333 371 587 674 674 690 690 690 
225 273 273 621 
80 80 80 80 570 570 570 570 730 
206 206 348 348 
324 440 557 733 733 756 756 756 
567 567 682 
198 198 497 507 601 695 695 
416 416 679 
109 109 109 
75 75 96 96 97 149 175 254 288 342 342 342 342 342 398 398 489 489 489 583 583 627 639 639 643 643 739 762 762 
108 197 
6 6 6 563 563 634 

298 636 636 686 
95 95 129 129 437 437 
262 674 674 
193 193 284 284 284 658 658 673 673 690 690 690 
114 226 226 478 

45 117 432 432 
324 572 572 733 733 756 
94 184 184 256 256 665 

30 30 203 
663 
117 342 
87 87 87 87 341 
748 
33 298 298 610 671 
177 177 177 177 737 739 
265 265 500 
213 739 739 739 
189 193 193 346 371 371 658 658 658 674 674 674 
294 294 309 345 345 345 
294 294 294 
307 419 495 507 507 507 596 596 596 596 
619 
197 197 349 495 495 497 497 507 507 601 614 664 664 
200 200 200 257 298 388 388 524 532 532 717 717 739 739 
193 253 502 502 502 554 554 
725 725 
141 434 434 434 434 
5 5 115 
113 257 705 705 
16 16 142 142 333 333 547 547 547 
169 513 716 716 
103 337 337 337 342 444 489 489 489 489 
252 274 274 369 369 519 519 529 565 701 701 755 755 
341 341 423 
15 15 15 319 
1 1 1 248 248 313 325 329 329 420 420 420 633 633 733 733 749 753 753 756 
16 125 747 
108 159 159 233 527 527 527 
50 50 50 312 
17 26 266 266 
56 56 242 
631 631 631 631 739 
203 203 285 285 285 285 301 311 311 311 565 565 
70 140 307 307 387 387 513 524 524 524 524 525 703 703 
532 532 696 696 
276 276 312 312 
5 11 11 213 222 367 367 494 537 
69 157 341 453 453 453 
257 257 529 529 529 
481 481 481 
202 301 391 

158 366 366 366 510 581 596 596 698 698 
95 203 283 283 283 283 
105 105 105 105 265 265 265 265 467 
142 142 142 384 595 
257 343 343 343 
80 80 80 159 159 159 159 159 163 163 163 601 647 660 
295 295 295 342 
545 545 
37 37 91 91 91 91 110 449 526 662 662 678 678 708 708 749 753 753 753 756 756 756 
90 90 90 
109 645 741 741 
47 307 320 320 320 
126 126 236 236 236 582 687 739 
225 225 542 542 
5 5 10 10 14 14 16 16 17 68 80 80 80 90 90 90 121 121 121 133 133 133 136 136 139 139 152 177 180 185 185 190 205 205 205 205 236 236 236 236 241 241 241 265 265 274 274 274 292 292 292 294 294 294 294 298 312 312 366 366 382 382 388 388 388 389 389 389 389 391 391 402 402 402 413 418 455 476 476 476 493 511 511 511 532 532 532 548 548 557 574 574 574 583 622 632 642 642 642 667 687 689 689 689 696 696 714 737 745 748 748 751 751 
259 259 259 432 
7 7 7 16 16 16 18 18 34 35 35 73 104 104 142 142 142 327 550 550 645 645 735 735 
188 188 188 188 367 538 563 563 
585 585 585 
378 378 765 
181 241 241 532 532 532 739 
287 287 287 613 
156 442 709 
127 127 127 127 137 137 137 190 249 249 249 685 739 739 
110 708 733 
224 224 
331 366 366 739 739 
247 
25 80 80 80 80 350 350 350 449 708 708 733 733 733 
342 342 
136 136 136 705 705 
187 324 383 383 383 383 572 662 662 662 678 708 733 733 733 
579 579 579 579 579 590 590 
438 438 438 
5 635 635 
213 225 273 396 446 
343 343 343 474 474 585 585 
342 667 667 
363 363 530 530 565 
9 9 9 582 
146 146 146 744 
239 239 239 239 347 529 580 580 580 
5 
