nodes: 768 edges: 1432
168 168 168 586 
708 708 
65 65 427 

178 178 
6 6 17 47 55 55 59 79 79 101 115 118 144 144 147 147 163 171 174 194 210 213 213 216 221 239 239 239 272 272 272 307 348 367 370 387 419 419 419 448 448 451 451 466 466 466 506 506 531 537 557 635 639 639 639 639 654 654 654 719 719 739 759 
5 5 254 405 489 669 669 
214 214 
81 343 343 724 
124 582 582 582 
81 81 252 257 265 274 274 300 300 381 529 529 599 599 739 739 755 

16 
67 159 159 159 
455 493 739 739 
707 707 
12 35 57 57 198 214 258 278 278 321 333 390 473 473 485 485 492 505 547 548 548 561 569 591 601 611 611 624 626 633 702 724 739 741 741 
5 712 
741 741 
416 416 
352 
538 557 557 626 650 650 
67 186 186 186 186 521 521 
218 481 501 
190 312 312 
386 449 
203 203 203 303 303 311 342 342 342 385 385 428 462 540 568 568 712 

203 328 
288 471 
203 338 
46 
372 372 
118 207 478 478 478 478 686 

16 287 287 297 400 400 645 
102 352 412 
733 
294 298 
415 618 
118 122 122 
88 88 
48 108 108 108 421 
50 50 50 50 
337 337 456 
212 212 253 
31 
5 171 171 221 271 
42 658 658 
351 351 351 368 601 
43 43 43 43 
342 342 
583 

171 171 171 171 600 
5 5 144 375 
86 156 242 255 503 583 713 713 
16 16 102 
203 265 
5 245 245 365 405 
156 

517 517 599 

222 239 255 255 499 
2 2 117 381 381 381 
395 395 412 
13 22 159 159 213 235 260 260 383 383 397 446 446 521 523 527 

157 286 286 720 
307 307 387 560 
625 
170 257 257 381 
142 142 741 
406 
182 
402 402 
352 
473 473 
5 5 340 406 406 448 573 597 
141 163 241 241 622 622 660 660 730 730 730 730 739 753 753 753 
8 10 10 170 170 170 195 257 312 312 312 343 433 435 435 

117 117 228 228 342 342 417 500 500 643 643 667 
225 

56 
229 684 
41 41 342 
281 633 633 
739 739 739 
569 665 733 

279 452 475 
184 253 679 
672 672 
470 470 

366 


5 367 367 
36 57 
130 130 
741 
529 529 721 727 
156 
588 
42 42 42 312 710 739 
398 398 398 398 512 607 666 666 

157 157 577 577 

257 257 312 318 
428 428 547 547 
5 405 700 700 700 

65 83 83 192 224 277 277 317 342 342 342 381 381 381 428 628 677 
5 33 40 348 370 
424 

642 642 739 
40 40 565 
456 456 456 469 
9 582 
490 496 
584 737 
658 658 658 748 748 748 
614 626 626 
592 592 631 672 
103 103 342 342 342 466 
637 
595 

616 616 
326 326 
739 739 755 755 
748 

739 
202 387 716 
80 315 315 455 612 612 612 
73 73 702 741 741 

5 5 55 163 163 614 614 614 
493 523 523 
207 588 765 
5 5 354 354 527 651 651 651 

342 525 667 
457 457 611 

739 739 



56 60 106 239 280 459 463 747 
69 111 111 203 263 341 341 520 520 578 720 
616 
13 13 13 67 67 215 304 362 409 461 640 730 730 
342 
522 522 
561 561 
5 80 144 144 409 730 
393 393 579 

447 447 447 
203 
0 0 0 243 586 
320 320 320 415 415 415 703 
72 81 81 81 435 
5 47 47 54 54 54 54 
294 
429 
5 
254 254 667 
504 595 
342 342 687 687 739 
4 4 

739 
297 532 745 
75 197 
343 343 343 
94 256 546 679 
739 
22 22 22 22 547 731 


690 
24 402 657 748 748 

117 582 582 
674 690 
5 
81 312 
203 203 203 577 577 
182 349 484 544 544 589 605 605 605 668 
16 601 602 602 
203 253 253 253 253 253 516 
363 524 532 532 
213 442 442 667 
140 244 244 741 741 
26 26 26 28 30 58 157 167 196 196 196 199 218 230 230 253 253 262 262 266 290 290 301 322 337 341 341 341 342 342 342 374 377 386 399 399 423 544 544 555 570 570 570 577 577 577 592 625 625 648 715 

739 
562 599 599 
33 146 620 620 620 655 655 
247 247 247 625 
246 342 342 
5 212 
286 286 286 
45 45 210 253 
5 5 67 201 222 225 225 225 234 273 353 373 446 446 498 504 593 689 719 
7 7 16 
159 354 456 456 
5 
290 648 648 
23 203 
227 559 596 
324 324 
5 47 387 387 
64 213 401 401 471 719 719 

117 336 336 336 342 342 381 381 438 438 750 
84 213 213 213 273 334 380 527 527 542 593 593 659 659 659 738 738 760 

219 366 596 
83 83 
87 
203 203 482 
264 398 

710 
213 367 367 406 595 
67 523 702 
622 737 739 
241 

5 5 5 64 156 242 766 

80 80 237 293 312 312 739 745 
56 239 503 760 
168 428 482 508 508 
202 202 
59 59 601 
209 456 
208 208 208 262 341 752 752 

748 
424 
364 364 371 419 419 506 506 
10 705 705 705 
45 94 199 199 199 199 199 203 203 212 377 
6 175 175 372 372 667 
56 64 64 
184 679 679 
10 72 72 81 113 113 721 721 721 
16 739 
278 740 740 740 
67 67 531 531 
287 333 415 541 633 633 633 
203 203 247 648 673 
157 626 626 626 
231 
10 58 688 688 727 727 739 
203 462 568 712 712 
366 725 

284 548 548 

47 535 582 
5 5 5 466 466 523 523 
213 225 659 760 
10 10 705 705 705 705 739 739 
542 
483 
117 117 413 413 413 577 577 577 
16 16 259 287 364 476 476 522 522 
93 
156 
89 

399 
269 548 548 674 674 674 
715 
69 69 211 211 211 335 
35 35 261 278 746 
29 
388 388 388 548 
203 203 217 648 

366 470 739 
241 
38 172 298 341 341 341 692 739 739 
321 342 488 731 
326 326 326 424 473 475 479 709 
35 181 556 556 680 
38 294 319 636 642 686 686 686 696 739 
363 363 363 
10 10 
203 467 630 630 630 715 715 
393 393 393 393 
26 26 
159 

658 
5 70 70 560 560 604 693 716 
638 638 638 
691 
361 361 361 607 
26 385 385 715 
24 24 81 81 81 108 113 195 241 241 381 402 625 711 711 739 739 739 
708 708 
575 575 
141 141 620 
343 
117 564 564 564 
113 360 360 
298 671 707 
169 169 169 508 736 736 736 736 
16 295 548 548 
203 
421 
220 220 708 
708 
135 135 296 296 296 505 

28 377 377 
563 708 
664 
566 

16 261 364 364 386 547 601 633 633 658 658 702 
225 
286 
224 224 224 633 
44 44 203 465 704 
30 609 

79 448 
157 157 203 203 203 247 294 294 294 544 544 544 578 684 706 706 
26 26 26 51 51 83 83 88 117 117 117 130 130 130 149 160 177 177 203 203 203 209 209 224 224 295 399 444 518 518 532 532 643 667 667 667 704 739 
8 8 81 183 183 183 316 433 729 729 

691 
690 
475 592 592 592 592 
5 118 562 562 661 661 
197 695 695 
622 622 622 753 
49 49 49 
20 36 77 395 412 472 472 472 526 
213 
147 147 215 527 

621 621 712 

424 

318 318 469 
310 310 310 611 611 611 
159 432 
200 299 299 299 406 495 498 576 763 763 
251 251 278 333 333 515 515 
59 
98 227 267 292 470 510 725 739 739 
5 101 101 234 234 
49 
617 705 
5 118 
251 523 658 
32 32 254 254 548 
213 595 
203 544 
55 

203 253 328 328 425 617 648 


225 569 
10 65 65 65 72 117 117 117 224 224 312 
582 582 582 739 739 
67 67 523 

26 26 311 311 579 579 
25 203 333 449 449 449 486 
5 70 140 221 221 649 716 
289 289 289 696 696 739 739 

16 
574 574 739 739 

164 164 302 302 302 302 544 625 625 

66 66 352 633 682 

67 515 515 
109 109 109 109 231 667 690 
203 203 283 342 552 
35 35 536 
222 222 
76 76 190 312 657 
448 758 
477 522 
6 59 115 579 
74 79 79 234 363 498 


159 163 640 
546 546 
455 
36 66 352 
277 277 277 558 739 
589 589 
39 169 169 169 261 
19 19 665 712 
83 500 500 646 
511 511 
5 5 5 251 251 693 
708 
42 323 590 
571 571 
203 706 
119 250 296 358 473 
377 617 

2 
26 114 114 117 243 478 478 478 508 508 754 
173 553 
499 

362 
81 343 
595 595 595 595 699 699 
81 81 170 634 

672 672 
224 224 758 
569 612 612 
646 646 646 646 646 662 

201 201 629 629 747 
551 551 
342 643 704 

67 67 213 213 505 523 760 
166 166 166 
5 5 79 340 403 
25 386 386 386 733 753 

5 5 537 
93 589 633 
720 
626 
14 141 411 
44 123 123 123 215 215 246 
150 150 
490 
156 612 

159 710 710 
26 266 
156 

337 
5 5 5 130 272 272 
301 727 727 727 

123 360 
96 96 292 366 
29 222 
352 352 352 526 
16 16 78 78 296 424 642 642 
761 
93 296 347 
278 278 640 739 
404 499 499 
33 33 33 33 428 428 428 
296 

23 
230 243 
276 
197 623 623 
16 16 626 
386 565 565 565 
558 558 
295 
6 497 497 639 639 667 667 704 
125 458 

16 
14 145 

363 507 693 695 
125 
489 489 664 
213 363 406 
64 430 477 477 
83 83 417 417 588 
23 
667 
56 242 
176 213 595 595 
16 326 446 
5 5 251 251 
495 664 695 
243 243 320 428 428 

366 
418 418 739 739 
109 
703 716 
529 
364 364 397 397 
199 615 615 638 638 711 
62 62 599 
342 342 
705 705 
157 157 720 720 
22 22 67 
161 161 278 278 404 
67 145 145 235 272 272 371 383 446 
200 696 716 
149 
352 472 733 
67 147 225 225 354 710 710 
563 
10 10 105 105 514 596 596 705 705 

5 260 260 
181 200 200 342 342 696 717 


271 
400 
5 451 719 719 
21 

26 
261 
225 275 593 738 738 

197 197 203 203 341 341 341 374 393 
612 643 732 732 732 
184 410 410 643 643 
16 114 114 186 333 573 573 702 
16 16 269 269 284 284 289 321 321 372 739 

588 741 741 
443 443 637 
399 
429 
697 
203 
297 297 
5 21 21 
413 487 487 632 632 
219 
70 307 307 
16 162 162 569 569 615 
206 348 348 661 
329 528 669 742 742 
317 317 317 
122 486 486 486 715 715 715 
331 
663 663 663 
26 26 266 
16 91 380 439 561 561 615 
203 203 203 660 660 660 
422 422 

79 547 547 
391 391 739 
314 314 613 613 
363 
111 111 196 196 203 203 203 277 277 277 603 
157 341 
164 385 385 405 602 757 757 757 757 
601 601 766 766 

9 9 9 124 192 192 271 382 382 382 737 
52 56 667 667 739 739 
126 636 636 
642 642 743 743 761 761 761 
0 168 
658 
107 146 500 550 
197 414 414 452 633 
421 
16 601 
129 129 203 347 347 347 347 
213 225 225 542 

132 176 234 373 434 434 434 434 504 504 728 728 728 
219 227 529 529 725 
79 
624 
10 10 62 206 206 517 661 661 
54 
16 49 198 245 333 580 580 591 602 613 613 613 647 660 660 660 695 730 
198 198 579 601 
577 
307 
197 197 197 
622 
109 310 
649 
338 
686 686 
16 16 150 361 361 361 
141 141 141 439 439 459 545 
575 575 601 601 601 746 
128 144 144 144 
516 516 561 569 
134 134 158 725 
369 377 425 
39 
694 694 
207 207 207 315 
356 356 659 
80 80 236 350 350 350 606 719 
484 484 
16 598 
71 203 203 208 312 393 393 
16 21 128 128 263 263 263 454 485 
667 
117 
442 442 
301 301 301 
129 
558 558 
16 89 89 261 261 261 333 333 336 395 452 589 708 708 
435 669 
5 
298 584 584 671 671 
131 551 
308 308 308 516 516 
5 5 5 5 489 489 667 
159 409 476 

121 121 298 473 473 585 585 739 
83 83 342 444 545 546 546 667 667 

35 741 
417 440 440 440 440 440 653 
601 730 
203 217 217 262 290 377 
387 608 
21 21 
147 147 147 654 

646 
5 5 5 651 
207 207 

190 402 
48 48 127 127 127 306 333 333 371 587 674 674 690 
225 225 225 273 621 
80 80 570 570 570 601 601 601 730 
348 348 562 599 599 
440 733 756 756 
567 567 567 731 
330 497 507 695 
91 416 679 
109 109 
83 149 175 201 254 342 342 342 398 489 489 502 583 583 627 639 643 643 739 
197 
6 6 563 634 

319 636 636 
95 95 129 437 437 
262 
193 284 284 284 658 658 


117 
733 
94 184 256 256 665 
297 

395 

87 341 
748 748 
33 298 298 298 610 610 
177 177 
265 265 739 
213 739 
189 193 346 398 658 
309 345 
294 
307 419 495 
619 619 
349 349 495 507 601 664 
298 388 388 524 532 717 739 739 
554 

434 434 
115 115 115 
705 
16 142 235 333 547 
169 513 716 
337 342 444 489 
252 252 252 274 274 274 274 369 519 519 529 529 701 755 755 755 
341 341 423 
15 15 319 
1 1 313 313 324 325 329 420 633 633 733 733 749 749 753 753 756 756 
296 
108 233 461 461 527 527 
312 312 516 
17 26 266 266 356 416 
56 56 

203 285 301 301 311 565 565 565 
140 307 387 513 524 703 
532 696 

5 5 213 222 222 537 537 622 
69 157 453 520 520 
105 257 257 257 


8 16 
267 366 596 616 

105 265 265 467 467 467 
595 595 595 
343 343 
80 80 80 80 159 159 163 601 647 660 
186 295 663 
545 545 545 
37 91 449 526 662 678 708 708 749 749 753 753 756 756 

741 741 741 
320 320 320 320 
126 236 582 739 
225 225 542 542 
5 10 10 14 14 16 80 90 90 90 108 121 136 136 139 152 152 177 180 185 205 236 241 258 265 274 274 292 294 294 298 312 312 312 342 366 366 382 382 388 388 391 391 413 476 511 511 548 574 583 583 642 667 688 689 696 696 737 748 748 748 
259 259 259 
16 16 18 18 73 104 142 142 202 202 550 550 645 735 735 735 
563 563 
585 585 
765 765 765 
181 241 
287 613 
156 442 
127 127 127 137 190 190 249 685 685 739 739 739 
708 708 733 733 
224 

247 247 
80 80 80 350 449 708 708 733 733 
428 
10 136 136 705 705 705 
662 662 708 708 733 733 
579 579 579 579 
403 438 
5 
225 242 273 446 
474 585 585 585 

363 363 

146 744 744 744 
239 580 580 

