nodes: 768 edges: 2401
5 5 168 168 168 168 
138 138 708 708 
282 282 427 553 553 553 
548 633 633 
178 178 247 341 357 357 
0 0 6 6 17 47 47 53 53 55 55 79 79 99 99 99 101 101 101 115 144 144 147 147 147 163 163 171 171 174 174 174 194 210 216 216 216 216 221 221 239 239 239 240 240 240 272 272 272 307 307 307 348 348 367 370 370 370 387 387 395 395 419 419 419 419 448 451 451 466 466 484 484 506 506 537 537 557 567 594 594 639 639 639 639 651 651 654 654 663 682 682 700 719 739 739 767 767 
5 5 405 489 489 489 489 669 669 
214 214 214 741 
81 81 93 343 724 
124 124 124 764 764 764 
81 252 257 257 265 265 274 274 285 300 300 381 381 381 529 529 529 574 739 755 
537 
16 376 
67 159 
455 493 739 739 739 
296 296 296 319 319 319 319 376 707 707 707 
12 18 35 35 57 57 78 78 150 150 198 258 258 278 278 296 296 296 321 333 333 376 376 378 378 390 390 390 394 394 429 429 442 442 442 473 473 479 485 485 492 492 505 505 547 548 548 548 553 553 561 561 569 569 574 591 591 591 601 601 611 611 624 624 624 626 633 633 702 709 724 739 739 739 741 741 
5 712 
16 34 34 34 34 34 741 741 

352 352 
128 128 538 557 557 557 557 626 626 650 650 
67 186 521 521 
218 218 481 481 501 501 
190 312 312 
386 386 449 449 456 753 753 
41 41 88 148 203 303 311 311 342 379 379 379 379 385 385 428 428 540 540 540 568 568 568 
30 30 718 
203 
35 471 471 556 
27 27 203 203 203 338 338 338 609 609 681 
46 533 
372 372 
118 118 118 118 478 478 478 478 
18 18 18 18 18 
16 16 29 73 73 287 287 287 400 400 400 432 645 645 741 741 741 
102 102 102 352 412 
110 110 110 733 
294 294 298 298 
261 355 415 415 618 618 
118 118 118 122 122 122 122 
26 26 88 88 342 
48 48 108 108 108 323 323 
50 50 585 585 
337 337 
212 212 253 253 541 677 
31 459 459 459 
5 5 271 271 
42 42 306 
351 351 368 368 368 368 368 601 601 601 613 
43 43 
203 203 342 342 666 666 666 

5 5 
171 171 171 171 600 600 
5 5 144 375 375 375 375 623 644 651 
86 86 156 156 177 242 242 242 388 503 503 583 713 713 713 713 
16 16 102 102 
203 265 265 
245 245 365 405 405 405 
156 

517 517 599 
292 488 
156 222 222 223 255 255 499 
117 131 381 551 637 637 637 
395 412 412 412 
13 22 159 159 159 159 213 213 232 232 235 260 354 354 397 521 521 523 527 
75 108 639 739 739 
130 157 286 286 286 286 
387 387 387 387 716 716 

113 113 113 170 257 257 381 381 381 
35 35 142 142 741 
519 519 519 519 
68 182 285 667 
402 
352 
16 16 473 473 
5 5 239 340 406 406 406 406 406 448 451 594 594 594 
154 154 163 163 163 163 241 622 622 622 660 660 660 660 730 730 730 739 753 753 753 753 
8 8 10 170 170 170 195 195 257 257 300 312 312 343 343 433 433 435 435 443 607 607 
739 
117 500 643 643 643 
225 225 

56 56 
229 229 284 684 
26 41 41 224 224 224 224 224 342 
281 536 633 633 
555 555 555 555 555 734 734 739 739 739 
569 665 733 733 733 
589 589 
8 279 312 
184 184 184 212 212 253 
399 726 
470 470 470 470 627 
667 
121 
5 5 5 

5 5 5 367 367 533 
36 36 36 57 57 
130 130 130 342 342 342 704 
741 741 
467 529 721 721 727 727 727 727 727 
156 156 
283 283 283 588 588 
42 42 42 68 312 312 710 739 739 
398 398 398 398 512 607 607 607 666 666 666 666 
37 37 37 749 
577 577 
307 307 
72 72 72 257 257 312 312 312 701 701 
342 428 428 547 547 675 675 
5 213 405 405 405 405 635 635 700 700 
431 431 
65 83 192 192 192 212 224 224 277 277 277 277 317 342 342 381 381 381 677 
33 33 33 33 40 40 40 122 348 370 478 478 478 
424 

98 642 739 
40 40 40 40 118 
215 354 456 456 469 
9 9 9 381 582 
496 496 496 709 709 709 
289 289 289 737 737 737 
507 507 658 748 748 
21 21 614 614 626 626 626 
552 592 592 592 592 592 672 672 
69 103 103 103 466 466 466 466 466 512 
65 637 637 

739 739 739 
158 158 158 616 616 616 
326 326 326 
739 739 739 739 739 755 755 755 
748 748 
1 1 708 
571 
387 716 
315 315 455 455 612 612 612 612 
73 73 702 702 702 702 728 728 741 741 

5 5 55 163 163 484 506 506 614 614 
493 523 
588 588 765 765 
5 5 5 354 354 354 527 527 527 651 651 651 654 
26 568 568 
342 342 427 667 
16 16 611 611 611 611 629 
686 
650 739 739 739 
317 317 
80 80 

56 56 60 64 106 106 239 239 239 280 399 459 460 460 460 463 590 590 
69 203 203 263 263 341 341 520 520 578 578 720 
134 134 134 616 725 
13 67 67 67 67 215 238 238 304 354 354 362 409 461 461 640 710 710 730 730 730 
342 520 
254 522 522 
278 278 278 278 278 561 
5 5 80 80 80 80 144 144 353 353 484 484 504 730 730 730 730 
579 579 581 581 581 581 
584 
221 221 221 447 447 447 447 
203 203 
0 0 0 0 243 243 
703 703 703 
72 81 81 81 206 206 331 435 435 599 
5 5 54 54 54 54 496 
294 294 294 

5 5 5 371 654 654 654 
254 254 489 667 
504 504 504 595 
56 687 687 687 739 739 
4 4 208 208 357 357 
408 
739 739 739 
297 532 532 532 532 745 745 
75 197 197 
343 343 
94 94 94 256 256 546 546 679 679 
739 739 
22 333 547 547 731 
756 756 
742 742 
449 
24 402 402 657 657 739 739 739 748 748 748 
247 247 247 
117 117 117 582 582 582 
415 464 464 464 464 464 674 674 674 690 690 690 
5 210 210 
81 81 312 312 422 422 422 
203 203 540 541 541 541 577 577 577 
182 182 484 544 544 589 605 668 695 695 695 695 
16 416 416 602 664 
203 203 253 253 253 516 516 516 648 
363 532 532 532 532 
213 242 242 242 442 442 442 
244 244 244 635 723 741 741 
26 28 30 30 30 51 51 58 157 157 167 167 196 196 199 199 218 253 253 262 264 266 290 301 322 322 337 341 341 341 341 342 374 377 377 377 386 386 399 423 467 486 540 540 544 544 555 570 570 570 577 609 625 644 648 648 681 715 715 726 
542 542 
739 739 
170 170 562 599 
620 633 655 655 655 
178 178 247 
246 246 342 626 
5 194 194 446 720 
286 
45 45 94 94 117 253 
67 67 115 201 222 222 222 225 234 273 273 353 353 373 388 446 498 498 504 504 593 593 595 620 646 646 656 689 719 760 
7 7 7 395 395 395 741 741 
123 159 354 456 456 456 
5 5 5 5 
290 290 648 648 648 648 
23 23 203 262 262 
227 
324 
5 5 166 166 166 387 
64 64 213 213 213 401 401 719 719 
64 255 255 255 
88 88 88 88 88 117 117 336 336 342 342 381 381 381 750 
84 84 213 273 273 273 273 275 275 275 299 334 334 334 527 542 542 593 659 659 659 659 738 
428 675 
219 277 366 559 596 596 

87 87 
482 482 482 482 
264 
67 67 
710 
213 367 367 373 373 406 
67 523 702 
622 737 737 737 737 739 739 

159 159 
5 5 5 79 156 156 156 242 242 248 580 580 580 590 594 713 713 766 766 
5 5 5 
80 293 293 312 312 455 468 739 739 745 745 
56 56 56 201 201 201 239 239 503 503 713 713 760 
168 168 482 
202 202 202 
59 59 601 
209 209 337 337 342 456 
4 191 191 191 208 716 752 752 752 
239 708 708 

424 424 
364 364 364 371 371 371 371 419 419 419 419 419 506 523 523 612 
10 
45 45 94 199 199 199 203 203 212 377 518 
161 175 175 372 372 372 372 489 667 667 
64 64 223 223 223 
184 184 679 679 679 
10 10 72 72 81 81 113 113 371 529 696 701 721 721 721 721 729 
16 16 379 379 379 739 739 
740 740 740 740 
67 397 397 397 435 531 531 531 
39 287 333 333 333 355 355 355 401 401 401 401 415 541 541 541 633 633 655 
203 218 218 648 723 
157 157 
203 231 328 
10 10 58 58 688 688 688 727 
203 568 568 568 712 
366 366 725 725 725 
298 
284 372 372 372 372 548 548 548 
286 286 286 
47 47 582 
5 5 5 466 466 466 523 523 
213 213 225 225 225 225 334 643 659 659 760 
10 10 445 705 705 739 739 
225 225 225 542 
483 718 
117 117 117 117 227 413 413 413 577 577 577 
16 16 162 162 162 162 162 287 287 364 432 476 476 522 600 600 600 600 
93 312 
156 590 
89 
2 2 
107 107 107 399 399 588 726 726 
87 269 548 548 674 
10 75 715 715 715 715 
69 69 69 69 211 270 270 270 335 335 335 464 464 
35 35 35 261 278 278 746 
627 
126 126 126 388 388 388 388 548 548 582 582 582 
203 217 217 648 648 648 
703 
63 366 366 470 470 739 739 
241 241 
38 38 172 172 172 298 298 341 341 341 584 636 691 691 691 692 692 739 739 739 739 739 
321 321 321 321 342 342 488 488 488 
15 15 15 16 16 16 326 376 424 473 475 479 479 505 709 
181 556 680 
38 38 268 294 294 366 636 636 642 642 671 686 696 739 739 
225 363 363 363 406 406 498 626 
10 10 81 422 422 
203 359 630 630 630 630 715 723 
355 355 393 393 
26 578 652 
159 409 409 409 575 575 575 575 
446 446 
48 658 658 658 658 658 706 
5 5 5 112 112 560 560 560 604 716 716 
638 
691 
361 515 515 515 607 607 
26 26 
24 24 81 81 93 108 108 113 113 113 195 195 241 241 279 342 381 402 402 701 711 718 718 718 718 739 
708 708 
409 409 409 575 
141 141 378 378 620 620 620 620 
585 585 585 
117 153 153 564 564 564 
360 360 
15 15 15 15 707 
508 736 736 736 736 
16 295 295 295 295 548 548 
203 203 
42 42 
220 662 756 756 
708 
135 135 135 296 505 505 
741 
264 
563 563 563 563 708 708 
601 601 601 664 664 
170 
577 
16 16 186 261 261 261 364 386 386 386 386 386 547 547 601 626 626 626 633 633 658 658 702 702 702 
225 225 225 273 
286 286 286 
224 224 589 589 633 633 633 
44 44 203 246 246 465 465 465 465 465 704 
30 30 30 
534 733 733 
79 448 579 
4 157 157 203 203 203 203 294 294 294 464 464 483 483 544 578 578 578 706 
26 41 51 51 88 103 103 103 114 117 117 149 149 160 203 209 224 224 246 295 295 312 399 399 428 428 444 444 465 465 518 518 532 532 532 532 539 539 643 643 653 653 667 667 667 667 683 704 739 739 754 762 762 
8 81 81 183 183 433 433 585 729 729 729 729 761 761 
466 466 
691 
632 632 632 
592 592 
5 5 118 441 441 441 562 562 661 661 
427 427 427 
622 622 622 753 753 
49 49 390 
20 20 36 77 412 412 472 472 526 526 526 
163 163 213 213 
67 67 123 147 147 147 159 159 215 527 527 
39 261 261 261 302 302 
621 712 712 
4 4 178 178 
424 
301 461 461 
318 318 
310 561 561 561 561 561 611 611 611 
159 432 432 432 432 
200 299 299 299 406 406 498 498 530 576 576 763 
251 251 251 278 333 515 515 
59 
227 267 267 292 292 298 470 470 510 510 725 725 739 739 751 751 
5 101 101 234 234 719 719 742 742 
49 49 49 49 49 512 512 512 
617 648 705 705 
5 5 5 118 
174 251 251 251 251 257 523 523 658 658 658 690 690 
32 32 254 254 254 254 269 269 269 269 548 
213 234 234 595 
203 544 544 544 544 
55 55 55 55 
12 15 16 16 296 
203 203 203 253 617 617 697 
16 16 315 315 744 
26 26 26 26 258 258 258 
569 569 
10 10 10 65 72 72 72 117 117 117 124 224 224 224 312 
413 413 582 582 739 739 739 
756 756 756 

26 26 579 579 
25 25 203 203 333 333 333 333 333 449 449 449 449 486 
5 5 70 70 70 70 140 221 649 649 649 716 
56 213 289 289 289 289 696 739 739 
739 739 739 739 
16 16 16 351 591 591 601 601 
574 614 723 739 739 739 

302 302 544 544 544 544 625 
16 16 429 429 429 
5 5 66 214 214 214 633 682 682 

67 260 260 260 515 515 515 
109 109 109 109 667 
95 156 203 283 283 342 342 
35 35 35 
222 222 261 261 261 261 
76 190 190 312 312 657 739 
448 448 758 
522 
6 59 59 59 115 115 115 115 579 635 
79 79 79 79 79 234 299 299 363 363 498 
591 601 601 
179 
159 304 304 304 314 314 314 


36 66 66 66 352 352 
277 277 277 382 382 739 739 
589 633 
39 39 193 261 
198 198 665 
500 500 500 646 646 
511 511 648 739 739 
5 5 5 5 251 251 251 251 251 693 693 693 
633 708 

195 195 195 300 300 571 
203 706 
119 250 250 296 358 473 473 621 621 719 
617 617 617 617 
498 
2 149 349 349 349 
26 26 114 114 226 342 342 478 478 508 508 754 754 
16 16 394 394 394 553 
499 
116 116 
35 278 362 362 362 362 677 677 677 677 740 
81 81 343 343 
595 699 699 699 699 
81 81 170 170 260 634 634 634 
447 
672 672 672 739 
758 758 758 758 
569 569 
646 662 662 733 
348 348 348 
16 16 16 201 201 201 626 626 626 629 629 629 747 747 747 
81 551 551 551 
342 342 489 643 643 704 
274 
210 213 305 305 523 523 760 760 760 
166 166 166 166 436 
5 79 340 403 403 511 
25 25 189 386 386 386 386 733 733 

5 5 79 533 537 
627 633 
720 720 720 
626 626 
14 141 141 241 
25 123 123 215 215 215 246 
583 583 667 
490 490 490 
46 46 46 156 549 
156 156 156 
159 159 359 359 710 710 
594 
156 
193 193 193 193 193 286 286 341 341 
337 337 337 337 337 342 342 
5 5 130 130 130 130 130 272 272 272 344 344 
105 203 727 727 
241 
123 
96 96 96 96 292 292 366 366 
29 29 
352 352 526 
16 16 78 78 296 424 424 642 642 
554 554 554 761 761 
296 
278 278 633 633 633 739 
499 499 499 499 
33 33 33 33 118 118 118 428 428 675 
16 296 296 
532 
23 23 501 722 722 
230 230 230 230 243 
276 341 341 
5 5 144 163 163 197 623 623 
16 16 626 626 
203 386 565 565 565 
558 558 558 610 
63 295 295 295 651 
6 6 6 6 175 254 444 497 497 639 639 639 667 667 667 667 667 704 704 704 
458 458 458 709 
503 
16 16 
14 145 739 
719 719 
507 507 693 693 695 695 
125 125 125 171 
489 489 664 695 695 
213 213 299 363 363 406 426 
64 430 477 477 477 477 
83 417 417 417 588 688 
23 23 481 
667 667 697 697 697 697 
56 56 242 242 491 605 
163 176 176 176 213 213 595 739 
16 16 296 326 326 
5 5 144 144 251 
127 127 495 495 664 664 693 693 693 695 695 
320 428 428 
633 
366 366 725 
418 418 448 739 739 
109 130 368 368 368 
703 
529 
310 310 310 364 364 397 397 397 
199 199 199 638 
62 62 599 599 599 
253 342 342 
74 74 74 74 705 705 
157 157 160 
22 22 67 67 
161 161 278 404 
67 145 235 251 251 272 272 371 371 446 446 
696 716 716 
716 
352 352 352 472 
67 147 147 147 225 354 354 710 710 710 
669 669 
10 10 10 105 257 514 596 596 596 649 649 705 705 721 
363 576 763 763 
260 260 260 
181 181 181 181 200 200 200 200 342 342 342 342 480 696 696 696 717 717 739 739 739 745 745 745 745 
31 101 451 
339 

89 643 643 643 
5 5 11 451 719 
21 563 563 563 
342 342 
26 26 26 196 203 203 
45 196 196 196 261 261 261 
204 204 225 225 275 593 593 593 738 
544 695 
197 197 203 203 341 374 374 374 374 393 393 393 393 543 
546 643 643 732 732 732 
184 184 545 643 643 643 
16 114 114 186 186 333 333 563 563 573 702 702 
3 16 16 16 269 269 269 284 284 289 289 321 321 372 739 739 
459 
741 741 741 
65 443 443 443 637 
129 
2 2 2 16 16 429 
474 474 474 697 
90 90 90 90 90 203 
29 297 
5 21 21 21 21 622 626 662 739 739 
487 487 487 632 632 
227 
307 307 307 
16 16 162 361 361 361 361 361 569 615 615 
206 348 348 661 661 
329 329 329 329 538 538 538 547 547 669 742 
317 317 317 613 613 
486 486 486 715 715 

5 663 663 663 
26 26 26 148 148 266 266 266 615 
16 16 91 380 380 439 439 561 615 615 615 
203 203 203 660 660 
139 422 
678 678 678 756 
547 
10 16 391 739 739 
304 304 304 304 314 613 613 
363 363 530 763 
111 111 196 196 196 203 277 277 277 332 603 603 
157 157 303 341 341 341 648 
164 164 340 385 385 405 602 602 757 757 757 
239 239 239 594 601 601 601 601 766 766 766 
164 164 164 164 706 
124 192 192 192 271 289 289 289 382 382 737 737 737 
56 457 457 667 667 739 
165 294 636 636 
43 43 316 316 316 343 642 642 642 743 743 743 743 761 761 

658 
107 107 146 146 283 500 
92 92 197 336 336 414 633 
156 156 239 280 757 757 757 757 
16 16 16 390 390 407 601 601 601 
129 129 129 129 129 347 347 
213 213 225 542 542 542 
5 5 79 79 79 239 462 580 
176 213 373 434 504 728 728 728 
227 227 529 529 529 693 693 

624 624 
62 170 206 517 517 517 661 
54 54 278 278 278 278 
16 16 49 49 49 245 330 330 330 333 390 390 407 407 580 580 580 580 591 591 591 602 613 613 647 647 660 664 664 664 695 695 695 730 730 
198 579 579 601 665 
577 577 
307 
197 503 

81 81 109 109 109 310 310 
649 
30 30 203 
487 686 
16 16 150 150 150 150 361 361 361 
141 141 141 141 251 
49 564 564 575 575 601 601 746 746 
128 128 144 144 391 695 
561 561 568 569 569 569 
134 134 134 158 
369 377 377 425 425 425 425 648 648 
39 39 
694 694 694 745 
207 213 315 315 315 315 
356 424 424 659 659 659 
80 80 80 236 350 350 350 557 650 719 
55 484 484 
16 16 16 598 598 
203 393 
16 21 21 128 128 128 209 299 333 333 333 442 442 442 454 454 485 485 557 
96 288 452 667 667 

150 442 442 442 
301 301 301 301 
714 714 714 714 
346 346 346 558 558 739 
3 3 16 16 89 89 207 261 261 333 333 336 336 336 395 414 420 452 476 476 476 509 589 708 
435 435 435 669 669 669 669 669 
115 115 202 405 
294 298 298 584 584 671 671 
65 65 65 131 131 551 
308 516 
5 5 5 5 68 489 489 489 667 667 667 
159 

121 298 298 473 473 585 585 585 739 739 
83 83 83 273 342 342 444 444 536 536 536 545 545 546 546 546 667 667 667 
55 203 
35 35 735 
213 213 417 417 440 653 
601 601 730 
199 203 203 217 217 217 217 262 290 290 290 369 418 578 617 617 
387 387 387 529 529 608 
21 21 152 622 
5 5 55 147 147 147 488 654 654 
303 
342 342 646 
5 5 147 174 174 174 651 651 
207 207 207 261 
213 
190 190 402 
127 306 306 306 306 306 333 333 371 371 371 587 674 690 690 690 
225 225 225 225 273 273 621 621 621 
80 80 80 80 570 570 601 
348 348 562 562 599 
324 440 440 557 733 733 756 756 
5 567 567 567 682 731 
198 330 330 497 507 507 601 601 601 695 695 
91 416 602 679 
51 51 51 109 109 109 109 
75 97 149 175 254 254 342 342 342 342 398 457 489 489 489 489 489 502 502 583 583 627 627 639 639 639 643 643 643 739 739 762 762 
197 
6 6 528 528 563 634 634 634 634 634 

298 636 636 
129 129 437 437 437 
674 
193 193 193 284 658 673 
114 114 226 478 

45 117 432 432 432 432 
572 572 572 756 
184 184 256 256 256 665 
297 
30 203 
5 5 395 395 663 
342 
87 
748 748 
151 298 610 
177 177 177 739 
265 265 265 500 
213 739 739 
193 193 193 371 371 658 658 658 
294 294 294 309 345 
294 294 
419 419 419 495 495 507 507 507 596 596 
619 619 619 
197 197 197 197 495 495 497 497 507 507 543 601 601 601 614 664 664 
257 298 388 524 532 532 532 717 717 717 739 739 
377 502 502 502 502 554 
725 725 725 
434 434 434 434 
5 115 115 
113 113 257 312 705 705 705 705 
16 142 142 142 142 235 333 333 333 547 547 
169 169 169 291 513 
103 337 342 444 489 489 489 
274 274 369 369 519 519 529 529 701 701 701 701 755 755 755 
306 341 423 581 
15 15 15 319 
1 1 138 248 248 313 313 325 329 329 420 633 733 753 753 753 
16 125 125 125 296 490 
108 159 159 233 461 461 527 527 527 
312 
17 266 356 356 
56 56 56 56 239 239 242 242 
631 631 631 631 739 739 
203 203 285 285 285 285 301 565 565 
70 70 140 247 307 307 387 524 524 525 
532 532 696 696 696 
27 276 312 312 312 312 
5 213 222 222 367 367 424 494 494 537 622 
157 210 453 453 453 
105 105 257 257 257 257 529 
481 481 
202 262 301 391 
8 16 
158 267 267 267 366 366 510 698 698 698 
95 203 283 283 
105 105 105 105 105 265 467 467 
142 142 595 595 595 
257 343 343 343 343 
80 80 80 159 159 159 163 163 163 163 601 601 647 
186 663 
545 545 545 
37 91 91 91 339 339 440 449 449 662 662 708 753 753 753 756 
90 90 
645 741 741 
320 320 320 320 
126 126 126 236 236 236 236 582 582 582 739 739 
225 542 
5 5 10 14 14 14 16 16 16 68 68 80 82 90 90 90 108 108 121 133 133 133 136 136 136 136 136 152 152 152 177 177 180 180 180 185 185 190 190 190 205 205 236 236 241 241 258 258 274 274 292 292 294 294 294 294 294 298 298 312 342 342 366 366 382 382 382 388 388 389 389 389 389 391 391 391 402 413 413 418 418 437 476 493 504 511 511 532 532 532 548 548 557 557 574 574 583 632 642 642 667 667 687 689 689 696 696 714 714 737 737 745 748 748 748 751 751 
259 259 259 259 432 
7 16 16 18 18 35 35 35 73 104 104 142 142 202 202 214 214 327 550 550 550 735 735 
188 188 367 367 563 
585 585 585 585 
378 765 765 765 765 
181 181 241 241 532 532 532 532 619 739 
287 613 613 
442 442 442 
127 127 137 137 190 190 190 685 685 739 739 739 
110 
224 
366 366 739 739 
247 247 247 
25 25 80 80 80 80 350 350 708 708 708 733 733 733 
342 428 428 
10 136 136 136 705 705 705 
187 187 324 324 383 383 383 572 662 662 678 733 
579 579 579 590 590 590 590 
403 438 438 438 438 

213 242 273 446 446 446 
343 343 474 474 585 585 
342 342 667 667 
363 530 530 576 
9 9 9 
146 146 744 744 744 744 
239 239 580 580 580 
5 5 
