nodes: 768 edges: 1464
168 168 586 
138 708 
117 117 117 282 553 
214 548 
247 
6 17 17 55 59 59 79 79 79 99 99 101 101 115 118 144 147 147 163 163 174 213 216 216 221 221 239 240 272 307 307 348 367 370 395 395 419 419 451 451 484 488 537 537 537 594 623 623 635 635 639 639 651 651 663 739 767 
5 489 669 669 
586 741 741 
81 81 343 
124 764 764 
81 257 257 265 265 274 274 529 529 529 574 599 599 599 739 739 


159 159 159 238 

296 319 319 376 707 
35 78 150 198 198 214 214 258 278 296 333 333 376 376 376 376 390 394 442 473 473 492 547 547 548 553 553 561 561 569 591 601 611 633 702 702 709 741 
5 5 
34 741 741 


557 626 626 650 
67 186 


386 386 449 753 753 753 753 
41 185 203 203 203 311 311 342 342 379 379 385 385 428 428 428 462 540 540 568 
30 718 
203 203 
35 556 556 
27 203 338 609 609 

372 372 372 
118 118 207 478 478 478 
18 741 
16 29 73 287 287 297 400 400 400 400 556 670 741 741 
352 352 352 395 
110 339 
298 298 
261 415 415 

26 88 342 342 
48 108 
50 585 
337 
212 212 253 
459 
112 171 271 
42 306 588 658 
351 368 368 368 601 601 613 613 687 
43 711 711 
203 203 342 342 


600 
5 144 
64 64 86 156 177 
102 
203 265 265 
5 5 245 245 245 245 365 365 
106 

599 
292 
56 56 156 222 222 222 222 223 223 223 239 255 255 
381 381 551 637 637 
395 395 412 
22 120 159 213 213 213 232 260 305 354 354 383 523 
739 739 
130 157 286 286 286 
307 307 387 387 
268 
113 170 257 257 257 
35 142 

182 502 667 

352 
16 473 
5 5 5 239 340 340 406 406 406 448 448 594 594 594 
154 163 163 163 241 622 660 660 660 730 730 739 753 753 
8 8 10 170 170 195 195 195 257 300 312 343 343 422 422 433 433 443 599 607 

117 192 342 342 417 417 500 643 643 643 667 
225 225 225 
580 
56 
684 
41 224 224 342 
281 281 536 633 633 
555 739 739 739 
569 733 733 733 
589 
205 205 
184 203 679 
399 672 672 726 726 726 
254 470 667 
667 

5 5 727 

5 5 367 
57 
342 
741 741 
529 529 529 721 721 727 727 
60 
544 588 
42 312 668 710 
203 398 512 666 
37 733 749 
157 
47 307 307 
72 257 312 318 701 
342 428 428 547 547 
5 700 700 
213 431 
2 2 2 83 192 192 224 224 277 317 342 342 381 381 428 677 677 
5 33 33 348 478 
424 424 
67 
501 642 
565 
215 215 456 469 469 
9 
490 490 
289 
507 637 658 748 
626 
399 552 592 592 
69 342 342 466 512 512 
637 

739 739 
158 158 158 
326 
739 755 755 
748 748 
1 313 

387 387 716 716 716 
455 612 612 699 
73 702 702 702 728 728 741 741 
401 
5 55 506 

207 588 765 
5 5 354 354 651 
568 

16 214 611 
413 686 
739 
192 339 
80 

56 64 239 460 463 590 
69 111 203 203 341 341 520 520 520 578 578 720 
134 134 134 616 
13 13 13 67 354 409 461 710 710 730 730 730 
342 520 
254 522 522 
278 278 278 561 
5 5 80 80 80 409 484 484 504 
579 581 

221 221 447 

0 0 586 586 
320 320 415 415 415 703 
72 81 81 206 599 599 599 
47 
294 

5 371 654 654 
254 
595 
56 739 

489 
739 
532 532 532 
75 197 
343 
94 546 
26 696 
22 
756 
742 742 
449 449 449 
558 657 739 739 748 
247 
83 117 117 153 317 317 317 582 582 
464 464 690 

81 81 81 312 422 
540 541 541 
182 543 544 589 668 668 
16 16 416 601 602 664 664 
203 253 253 648 
363 532 532 696 
213 242 242 442 
244 244 635 723 741 
26 26 26 28 28 30 51 51 58 94 109 157 157 199 218 218 253 253 253 262 266 290 301 322 337 341 341 341 342 342 342 377 377 386 399 399 423 486 486 486 540 540 544 544 555 555 570 570 592 609 609 644 648 648 681 715 
542 
93 93 343 739 739 
170 
33 146 620 633 655 655 
247 
246 342 

286 286 286 
45 45 
5 67 67 67 116 201 222 222 225 225 273 373 388 446 498 504 504 593 595 595 620 620 624 646 719 760 
3 16 16 150 395 741 
123 123 354 456 
5 5 
648 648 648 648 
203 203 
227 227 596 
324 324 
5 5 166 166 
64 64 64 64 213 213 471 719 719 
64 64 64 255 
88 88 117 117 336 336 336 342 342 381 750 750 
84 84 84 213 213 273 273 273 275 299 299 299 334 334 380 527 527 527 542 593 659 659 659 738 760 
428 428 675 
219 219 366 559 559 596 

284 
482 482 707 
398 
67 
710 710 
595 595 

737 737 739 739 739 

13 
5 64 79 156 242 242 580 580 580 590 713 766 766 
5 
80 293 312 312 315 745 745 
201 201 239 239 503 503 760 
428 428 508 
202 202 
59 59 59 59 601 
209 342 
4 191 208 341 341 706 752 752 

748 

364 364 371 371 419 419 506 523 523 
705 
45 199 199 203 203 203 377 518 
96 161 175 435 489 667 667 
64 64 223 
679 679 
10 10 72 72 72 81 113 529 696 
16 379 379 379 
278 278 740 740 740 
67 397 435 531 
39 333 333 355 355 541 541 541 633 655 655 
203 648 
626 

10 10 58 58 688 727 727 
203 462 568 568 
366 366 366 
71 
284 372 474 
286 286 286 
47 535 582 
5 466 466 466 523 
213 225 225 225 643 659 659 
10 10 445 705 705 705 
225 542 542 
718 
117 
16 162 162 162 259 259 287 287 364 404 404 404 476 477 600 600 600 
312 312 

89 89 
2 
399 399 726 726 
229 269 674 674 674 

69 69 69 211 211 211 270 270 270 335 341 
35 35 278 278 434 
627 762 
126 388 582 582 
203 648 
703 
63 470 470 
241 
172 341 341 558 636 636 692 692 739 
321 321 342 731 
15 16 424 473 475 505 505 
35 556 
38 38 366 487 636 696 739 739 
225 225 225 406 406 498 
81 422 
203 359 467 715 
355 393 
428 428 428 652 652 
409 575 575 575 
67 
48 658 658 
5 5 70 70 112 112 604 
638 
691 
361 515 607 
26 26 385 579 
81 108 113 195 241 241 279 279 342 342 342 402 402 718 718 718 718 739 739 
138 708 708 
575 575 
241 378 378 

117 192 192 192 564 
113 
15 15 355 707 
169 169 736 
295 295 
203 
421 
220 220 708 

135 505 

377 
563 708 
601 601 664 
566 

16 16 261 261 364 364 386 601 626 658 702 
225 225 
286 
224 224 224 633 
44 203 704 
30 563 
37 153 733 
79 79 448 448 579 
157 157 203 203 203 247 247 286 294 294 464 464 483 544 544 544 578 578 706 720 
26 26 41 41 51 51 83 83 88 103 114 117 117 130 130 160 203 203 203 209 224 224 246 295 312 312 312 399 399 428 428 444 444 465 532 532 539 643 667 667 704 739 739 762 
8 81 81 183 205 585 640 640 729 729 761 761 
466 
691 691 

592 
5 118 441 441 
427 427 695 
753 753 753 
49 390 
36 36 36 77 395 395 526 526 

67 67 147 147 159 215 527 
261 261 302 319 
621 

621 621 621 
301 461 

310 561 561 611 611 
432 432 
200 498 763 763 
251 251 278 333 333 515 
59 59 744 
227 267 267 267 298 470 725 739 739 751 751 
5 101 742 742 
49 49 49 512 512 
617 648 705 705 
5 
174 251 251 523 523 523 658 690 
32 32 32 269 548 
213 
544 544 544 

15 16 16 16 16 
203 203 253 328 425 617 617 648 648 648 
315 315 744 744 
26 26 258 258 258 
225 569 
65 65 117 117 224 
413 413 582 582 
67 523 523 756 756 756 756 
728 
26 26 311 579 
25 25 203 333 449 449 449 486 
70 70 140 140 649 
213 289 696 739 
739 739 
16 351 591 601 
723 739 739 

302 544 544 544 625 634 
16 429 429 
5 5 36 66 66 214 352 352 

260 
109 231 690 
95 129 203 203 283 283 342 342 
35 35 35 35 
143 
312 312 
448 448 760 
278 278 278 522 

79 79 79 299 299 498 498 


159 163 304 640 
546 
455 455 
66 
151 382 382 558 
589 633 
39 39 169 169 169 
198 712 
83 83 500 500 646 
739 739 
5 5 251 251 693 
633 633 708 
323 549 549 590 
81 81 195 300 571 571 
203 706 
119 119 296 473 
377 617 617 

349 349 
26 26 26 114 114 117 226 226 243 243 303 303 303 342 342 478 508 508 566 566 676 
394 394 
499 
116 
362 362 677 740 740 
81 81 
287 595 595 699 699 
254 260 634 

672 
758 758 

646 733 
348 348 
16 201 
81 
342 342 489 643 643 704 704 
274 
213 505 523 760 760 
166 601 601 601 
79 79 340 340 403 403 511 
25 189 189 189 386 386 386 733 

5 5 533 537 
589 
720 
626 
141 411 411 
123 215 


46 545 612 612 
156 
159 359 710 
26 266 594 
156 
193 193 341 341 
342 
130 272 272 272 344 
301 

123 123 
96 292 292 366 
222 
526 526 
16 16 78 296 424 642 
269 554 554 761 761 
296 
278 633 739 739 
278 499 
33 33 33 118 428 


501 722 
230 230 
341 
5 163 163 580 623 623 
626 626 
203 203 203 386 565 
298 558 558 
5 651 
6 179 254 444 639 667 
125 125 709 
503 
16 
739 739 739 
719 
601 693 695 

664 
213 299 363 406 406 
430 477 
83 417 417 
121 481 
75 667 
242 242 491 605 
163 213 213 595 595 739 
296 296 326 446 
144 251 
127 664 693 693 
243 428 428 


448 739 
109 130 130 368 368 
716 
529 529 
310 364 

599 
253 681 
705 
157 157 157 160 720 
565 
161 161 404 
67 251 251 272 371 371 371 383 383 446 
696 716 716 
716 716 
352 352 472 472 
225 225 225 354 710 710 
563 563 
10 10 10 105 105 105 257 514 514 596 596 596 596 649 649 705 721 766 
763 
260 
181 181 181 200 200 342 342 696 696 739 739 745 
451 

271 
89 643 643 
5 5 5 451 719 
742 742 742 
342 
26 26 196 203 203 
196 196 261 261 261 
204 225 275 275 738 738 
197 
107 197 203 203 341 341 341 374 374 374 393 393 393 
459 612 643 732 732 
184 410 
16 16 114 114 563 702 702 702 
3 16 372 739 
421 421 
741 
65 637 
129 
2 16 16 
474 474 
90 203 203 
29 29 35 297 
21 626 739 
190 294 413 487 487 632 
227 227 

16 16 162 361 361 
661 661 
329 338 528 528 547 669 669 
317 613 
122 486 521 705 715 715 715 
331 428 428 
663 
26 148 266 266 
16 91 380 615 
203 203 660 660 
422 422 
678 678 

10 739 739 
304 304 304 314 314 613 

603 603 
157 157 341 341 
164 311 340 385 602 757 
85 239 239 239 484 601 601 766 766 766 
164 725 
192 192 271 289 289 382 382 737 
667 739 
636 636 
43 343 642 642 743 743 
0 7 168 168 
649 
48 107 146 
92 197 414 452 633 
156 239 421 757 757 
16 390 601 
129 129 203 347 
213 225 
5 79 79 79 462 
176 213 213 234 234 434 434 504 504 728 728 
219 227 529 529 529 529 693 725 


10 10 10 62 81 170 170 170 517 661 661 
54 278 278 278 
16 49 49 198 245 330 330 333 390 447 447 447 495 580 580 591 602 602 613 647 660 660 664 695 695 
198 579 601 601 
577 577 
307 
503 

81 310 
649 649 
30 30 203 203 
686 
16 150 361 361 
141 141 459 459 545 
49 49 564 575 601 

569 
158 
369 377 377 425 425 


207 213 213 
356 358 358 358 
80 719 
5 5 484 484 
213 
393 
21 21 128 263 333 454 485 485 557 
288 



714 
558 739 
16 89 89 207 261 336 414 420 420 476 589 708 708 
393 435 
5 5 202 
294 294 298 584 584 
65 65 127 131 551 
308 
5 5 489 667 667 
343 343 409 

121 473 585 585 739 739 
83 83 83 273 342 444 444 536 536 545 667 
203 

213 417 440 
601 730 
199 203 203 217 217 217 217 262 290 369 377 377 377 
387 529 529 587 608 608 
21 
5 5 147 488 654 
303 303 

174 174 651 
207 207 261 261 

190 
48 127 306 306 333 371 674 674 690 
225 225 225 273 273 
80 80 80 570 570 601 601 
562 562 599 599 
756 756 
5 567 
198 198 330 497 507 601 
679 
109 
75 83 96 97 254 254 342 342 489 502 583 639 639 643 739 762 
108 197 197 
6 6 563 563 
35 

95 95 437 

284 284 284 658 658 690 
226 684 
428 
117 117 432 
572 572 756 
94 256 256 665 

203 518 


87 675 706 706 

151 610 
49 739 739 
265 739 739 
739 
193 371 398 658 674 
309 345 345 
294 294 
419 495 507 507 596 

349 495 601 601 
185 200 257 298 388 524 532 532 739 


141 434 434 
115 115 
113 
16 16 142 142 142 333 547 547 547 
169 291 716 
337 342 444 444 
252 274 274 274 369 369 519 529 565 755 755 755 
247 341 423 684 684 
15 230 319 
1 313 313 324 329 420 633 633 749 749 753 753 756 756 756 
16 490 
108 159 159 233 233 461 527 527 
50 50 
416 
239 
631 
203 301 565 565 565 
140 140 140 513 524 524 525 525 703 

27 276 312 312 312 312 
213 222 222 494 537 622 
157 341 453 520 
105 105 529 
481 
202 391 

366 581 596 
95 95 95 283 283 
99 105 105 265 265 
142 142 384 595 595 
343 343 
80 80 159 159 159 647 
295 
545 545 
91 91 91 110 339 440 449 749 753 753 756 756 

741 741 
320 
236 236 582 
225 542 542 
5 10 10 68 68 80 90 90 90 133 133 136 152 177 180 190 190 205 205 236 236 236 294 298 298 312 312 342 342 366 366 388 389 389 391 391 418 418 476 476 493 493 493 504 511 532 532 548 557 574 574 583 632 642 642 667 687 687 688 688 689 696 745 748 751 751 
259 259 259 432 432 
7 7 16 18 18 34 35 35 104 104 142 142 202 214 550 735 735 
188 188 367 367 538 538 538 
585 585 
365 378 378 765 
241 241 532 739 


127 137 137 190 249 739 
110 708 708 733 
224 224 
366 366 739 739 
247 247 
25 25 25 25 80 80 350 350 350 708 708 733 733 

136 136 705 705 705 
187 383 383 383 383 662 662 678 708 708 708 733 733 
579 590 590 
438 438 

213 225 242 403 446 446 
343 343 474 474 
288 342 667 
363 363 530 
9 9 
146 744 
239 239 529 580 580 580 
5 
