nodes: 768 edges: 2396
5 5 168 168 168 168 586 
138 708 708 
65 65 117 282 282 282 427 427 427 553 553 553 
214 
178 178 178 247 357 
0 0 6 6 6 47 47 53 53 55 55 59 59 59 101 101 115 115 115 118 118 147 147 147 147 163 163 174 174 174 194 210 210 213 216 216 221 221 221 239 239 239 240 272 272 307 307 307 348 348 348 367 370 370 370 382 387 387 395 419 419 419 419 448 448 466 466 484 484 484 488 506 537 557 567 594 594 594 635 639 639 639 651 651 654 654 654 663 682 682 700 700 700 719 719 767 767 
5 5 5 254 405 489 669 669 669 
214 214 214 
81 81 
124 582 582 764 764 
81 81 257 265 265 265 274 274 285 300 300 300 381 381 381 514 529 529 574 599 599 739 739 739 
537 719 
16 16 376 
159 238 
455 480 493 739 
296 296 296 319 319 319 319 376 376 707 707 707 707 
12 12 35 35 35 57 57 57 78 150 150 150 198 198 214 214 258 278 278 296 296 321 321 333 333 376 376 390 390 394 394 429 442 473 473 479 485 485 485 492 492 505 547 547 547 547 548 548 553 561 561 561 569 569 574 591 591 591 591 600 601 601 601 611 624 624 626 626 626 633 633 633 702 702 709 724 724 739 739 741 741 
466 466 466 739 
34 34 34 727 741 741 
416 416 416 

128 128 557 557 557 557 626 626 650 650 650 
67 67 67 67 67 186 186 186 260 521 521 
501 501 
312 
386 386 386 449 449 456 456 456 456 753 753 753 
41 41 185 203 203 303 311 311 311 328 342 379 379 379 385 385 428 428 568 568 712 712 712 
30 30 30 203 203 718 731 
203 301 
288 288 471 471 471 471 471 556 556 
27 27 27 203 203 338 609 609 681 
533 
372 516 516 711 
118 118 478 478 478 
18 18 18 
16 16 16 73 73 287 287 287 287 432 432 670 741 
102 102 352 352 
110 110 339 733 
294 298 298 298 
261 261 261 261 355 618 
122 122 
26 26 88 88 
48 48 108 323 323 
50 50 585 
337 
212 253 
459 459 
5 5 61 171 221 271 271 
42 42 306 658 
351 351 351 368 368 368 601 
43 43 312 
203 342 342 
583 
5 5 
171 171 600 
5 5 144 144 375 644 
64 177 239 242 242 255 503 583 713 713 713 713 
16 16 16 102 102 102 
203 203 203 265 265 
5 5 5 245 245 245 365 405 405 405 405 405 
156 156 
47 444 
517 517 
198 292 292 488 
56 155 156 222 222 222 223 223 255 255 255 
2 2 381 381 381 551 551 637 637 
395 412 412 412 412 
22 22 22 22 22 159 213 232 232 235 235 260 260 354 354 383 397 397 446 446 446 523 
233 639 739 739 
286 286 286 286 720 
307 387 387 
237 268 
170 170 257 257 381 
35 35 142 142 142 741 
406 519 519 
502 502 667 667 667 
402 
352 
16 473 473 
239 239 406 448 448 448 594 594 594 
154 154 154 154 163 163 163 241 241 241 622 660 730 730 730 739 739 739 753 753 753 753 
8 8 10 10 170 170 195 195 257 257 288 312 312 312 343 343 343 433 443 599 607 
739 
117 117 192 228 228 228 342 417 500 500 643 643 643 680 
225 225 225 


229 229 684 684 684 
41 41 224 224 224 342 
281 281 281 536 633 
555 555 555 739 739 
569 665 665 733 733 733 733 
589 589 
279 312 
203 203 212 212 212 253 679 
672 672 672 726 
470 470 470 470 667 667 
342 
366 366 

342 
5 5 367 367 367 
36 36 57 57 57 
130 342 342 342 
498 
529 529 721 721 
156 156 156 
283 544 544 588 588 588 588 588 
42 312 312 312 502 668 668 710 739 739 739 
398 398 398 607 607 607 666 666 666 
37 37 733 733 749 
157 157 157 
307 307 
257 312 312 312 312 701 
342 342 428 428 428 547 547 547 675 675 675 
5 5 5 213 405 405 635 
431 431 
2 83 83 192 192 192 192 212 224 224 277 277 277 342 342 381 381 381 381 428 628 677 750 
5 5 33 33 122 348 348 348 370 478 478 478 
424 

642 642 642 739 739 739 
40 40 118 565 565 
215 215 354 354 456 456 456 456 469 
9 582 582 
490 490 709 
289 289 737 737 737 737 
507 507 507 637 658 658 658 748 748 
21 21 614 626 626 626 
203 399 552 592 672 672 
103 342 466 466 466 466 512 
637 
595 
739 739 739 739 
158 158 158 616 616 616 

739 739 739 739 755 755 755 
748 748 748 748 
1 313 
739 
716 716 716 
315 315 315 455 455 612 612 
73 73 73 702 702 702 702 702 728 728 741 

55 55 163 484 484 506 506 506 614 614 
493 523 
765 765 
5 5 5 5 354 354 354 527 527 527 651 654 
568 
342 342 525 
16 16 16 214 214 457 457 457 457 611 611 611 629 
413 
739 
317 317 
80 80 80 80 
64 388 
60 60 64 106 106 106 239 280 280 460 460 463 590 590 
111 111 111 203 203 263 263 341 341 520 520 578 578 720 
134 134 134 616 
13 67 354 354 409 710 710 730 730 
342 342 342 
254 254 254 522 
278 561 
5 5 80 80 80 144 353 484 484 484 484 730 730 
393 393 579 579 579 579 581 581 581 581 
584 
221 221 221 447 447 447 
203 
0 0 0 0 243 243 586 586 586 
320 320 415 703 
72 72 81 81 206 206 206 206 331 331 331 331 599 599 599 
47 54 54 496 
294 
429 
5 5 5 371 654 654 654 654 
254 254 489 
504 595 595 
56 342 342 342 687 687 687 687 739 739 
4 4 4 208 208 357 357 357 
408 

745 
197 463 
343 343 
256 546 546 679 679 679 
26 430 739 739 
22 22 22 547 547 731 

742 742 742 742 
288 449 449 
402 402 622 657 657 657 739 739 748 748 
247 247 
83 117 117 117 117 317 317 582 582 582 
464 674 674 690 697 
5 210 210 
81 81 312 312 422 422 422 422 
203 203 541 541 541 541 577 577 
182 349 484 544 544 544 589 605 605 668 668 668 695 695 695 
16 16 63 416 602 602 664 664 664 
203 253 516 516 516 648 
363 524 696 696 
213 242 242 242 442 442 667 667 
244 244 244 635 
26 26 27 27 28 30 30 51 58 58 58 94 94 129 157 157 167 196 196 199 218 218 230 230 230 253 264 266 266 290 290 290 322 322 322 322 337 341 341 341 341 342 342 342 374 377 377 377 386 423 423 467 467 482 486 540 540 540 544 544 544 555 555 555 570 570 570 570 592 609 625 625 644 644 648 681 715 715 
542 542 
343 739 739 739 739 
170 170 170 170 562 599 599 661 661 
620 655 655 655 
178 178 247 
342 626 
5 5 194 194 212 
286 286 286 
45 94 94 94 117 210 253 253 
5 67 115 201 222 222 225 234 273 353 353 373 471 498 498 504 593 593 595 620 656 719 719 760 760 
3 7 7 7 16 16 150 150 395 741 741 741 
123 123 456 
5 5 
290 648 648 648 648 648 
203 203 262 262 262 
227 596 
324 
5 5 5 47 166 166 166 387 387 387 
64 64 64 213 213 401 401 719 719 719 
64 64 255 
88 88 88 117 117 336 336 336 336 342 381 381 381 381 438 750 750 
84 84 84 213 273 275 299 334 334 527 527 527 527 542 542 542 593 659 738 738 
428 
219 277 559 596 596 
83 83 83 
87 87 
203 203 203 482 
264 
67 67 
68 710 710 
213 367 367 367 373 406 595 
67 67 
622 737 737 739 739 739 739 
71 241 
13 
5 5 5 56 79 79 156 242 248 408 580 580 580 590 590 594 594 713 713 766 766 766 
5 
80 80 80 237 312 312 315 606 739 745 745 
56 56 201 201 201 239 503 713 713 760 
168 168 508 
202 202 202 
59 59 59 601 601 
337 337 342 342 456 
4 191 191 208 752 752 
239 708 708 
748 
424 
364 364 364 371 371 371 506 506 506 523 
705 
45 94 199 203 212 212 377 377 377 518 
6 161 161 161 175 175 372 372 372 489 667 
56 64 64 64 223 
184 679 679 
10 72 72 81 81 113 371 529 696 701 
16 379 379 379 379 739 
740 740 740 740 
22 67 67 435 531 531 531 
39 39 39 39 287 333 333 333 401 401 401 401 541 541 541 633 633 655 
218 218 218 673 
157 157 626 626 626 626 
203 231 328 328 
10 10 10 58 58 688 688 727 727 727 
203 203 568 712 712 
366 
71 
284 284 284 372 372 474 548 548 
286 286 286 
47 47 535 535 582 582 582 582 
5 5 466 466 466 466 466 523 523 523 
213 225 446 643 659 760 760 
10 10 445 705 705 705 705 739 739 
225 542 542 
483 752 
117 117 117 227 413 413 413 413 577 577 
16 16 162 287 287 404 404 404 476 476 477 522 600 600 
93 312 312 312 
156 156 
89 89 89 
2 2 2 
107 399 588 726 726 726 
269 269 269 548 548 674 674 674 674 674 
10 715 715 
69 69 69 69 211 211 211 270 270 270 335 335 335 341 
35 35 35 35 261 278 278 746 
29 29 81 189 627 667 667 
126 126 388 548 548 582 582 582 
203 203 203 217 648 648 
703 
63 63 366 470 739 739 739 

38 172 298 298 341 341 341 558 584 636 636 691 691 739 739 
321 321 321 321 342 488 488 488 488 731 731 
15 15 15 16 16 376 376 424 473 479 479 485 709 
556 556 556 556 556 680 
38 38 38 294 294 319 366 636 642 642 696 739 739 739 
225 363 363 363 406 406 406 406 498 498 626 
10 10 10 422 422 422 
28 630 630 630 715 715 
355 355 393 393 
26 428 428 428 652 
409 409 575 575 575 
446 446 446 
48 658 658 658 
5 5 5 70 112 112 560 736 
638 638 638 638 
691 
361 361 515 515 515 515 515 607 
26 26 26 385 715 715 
24 50 81 81 81 93 108 108 108 113 113 113 113 195 195 241 241 279 279 279 342 342 342 381 402 402 625 711 711 718 718 718 739 739 739 
138 708 
409 409 575 
141 141 141 241 378 378 378 620 620 620 
343 585 585 585 
153 153 192 192 564 564 564 564 
354 360 360 
15 15 15 15 298 355 707 
169 169 508 736 736 
16 16 295 295 295 295 548 548 
203 203 203 203 
42 42 
220 662 708 756 756 
708 708 
505 505 
741 741 741 
26 264 264 
563 563 563 563 563 708 708 708 
601 601 601 664 
170 170 170 170 544 566 751 

16 16 261 261 261 386 386 386 547 547 547 626 626 626 633 633 633 658 658 702 702 
225 225 
286 286 286 
224 224 224 224 633 
44 203 246 246 704 704 704 704 704 
30 609 
37 733 
448 448 
157 157 203 203 203 203 286 294 294 294 464 464 464 544 578 578 578 706 720 
26 51 51 83 88 97 100 103 103 103 114 114 117 117 130 149 149 160 160 160 177 177 177 203 203 203 209 224 246 246 295 312 312 312 399 399 399 428 428 444 444 465 465 518 532 532 532 532 539 539 643 643 653 653 667 667 667 683 704 704 731 739 739 754 762 762 
81 81 81 183 183 205 316 585 640 640 640 729 729 729 761 

691 
690 
475 592 592 
5 5 5 118 118 118 441 441 441 562 562 570 
197 427 427 
622 622 622 753 753 753 753 
49 49 49 
36 36 77 395 412 412 
163 213 213 
67 67 123 123 147 147 147 159 159 318 527 527 527 
39 302 302 319 
621 621 621 621 621 712 
4 178 178 178 
424 424 621 
461 461 
318 318 469 
310 310 561 561 561 
432 432 432 
200 299 299 299 406 406 495 498 498 576 763 763 
251 251 251 515 515 
59 
98 98 267 292 298 510 725 725 725 739 751 
5 101 101 101 234 234 234 719 719 742 742 
49 49 49 512 512 
617 648 705 
5 5 5 118 
174 251 251 251 257 523 523 523 658 658 690 690 690 
32 254 254 254 269 269 548 
213 234 595 
203 544 544 544 
55 
12 15 15 16 16 296 296 
203 203 203 253 253 253 425 554 554 648 697 
315 315 315 744 744 
26 26 26 258 258 258 258 
569 569 
10 10 10 65 65 65 72 117 117 117 117 224 224 224 224 312 
5 413 413 413 582 582 739 739 739 
67 523 523 523 756 756 756 
728 
26 26 311 579 579 
25 25 25 203 333 333 333 449 449 449 449 449 
5 5 70 70 221 221 221 649 649 649 649 716 
155 289 696 696 
739 739 
16 16 591 591 601 601 
723 739 739 

164 164 302 302 544 544 544 625 625 634 634 634 
16 16 429 429 
5 66 214 352 633 663 

67 67 515 515 515 515 515 
109 109 109 
129 283 342 342 342 552 

222 222 261 261 261 261 
76 190 190 312 312 657 657 
448 448 448 448 758 758 758 
278 278 278 522 522 
6 59 59 59 59 59 115 115 579 635 635 
74 79 234 299 299 299 299 363 363 498 498 
421 591 601 
179 239 
159 304 304 314 314 640 640 
546 546 

66 66 66 66 352 352 
151 277 277 277 277 382 382 382 558 739 
589 589 
169 
19 19 19 198 602 665 712 
83 500 500 646 646 646 
511 511 511 739 739 
5 5 5 5 693 693 693 
633 708 
407 549 
195 195 195 195 300 300 300 571 
203 203 
119 250 296 358 358 719 
377 617 617 
498 498 
2 2 2 349 349 
26 26 114 114 114 117 226 303 303 303 342 342 478 478 478 508 566 652 652 676 754 
16 173 394 394 553 553 
185 499 499 
116 116 
35 35 362 362 362 677 677 677 740 
81 
595 595 595 699 
260 634 

672 672 739 739 
224 758 758 
569 569 
526 646 646 662 733 
348 348 348 
16 201 201 626 626 626 629 629 
81 551 551 
61 342 342 489 643 643 643 704 704 
274 
67 67 67 273 305 305 305 523 523 523 523 760 760 
166 166 166 601 601 
5 5 79 79 79 340 340 403 403 403 403 511 
25 25 189 189 386 386 386 386 386 733 733 753 

533 537 
589 589 627 633 
720 720 
626 626 
14 141 141 739 
25 25 25 25 123 123 123 123 215 246 
150 150 150 150 583 583 
490 490 
46 46 545 612 612 
156 156 
359 359 710 
594 
156 182 
193 341 341 341 
342 342 
5 5 17 17 17 130 130 130 130 272 272 272 272 272 
203 203 727 727 727 

123 360 
96 96 96 96 292 
29 29 29 29 29 213 

16 16 78 78 296 642 642 642 642 642 
269 554 554 554 554 761 
347 
278 278 633 633 640 739 739 739 
278 499 499 499 
33 33 33 118 118 118 428 428 428 675 
16 296 296 
14 532 532 
501 722 722 722 
203 230 
276 
5 5 5 144 144 163 163 163 163 197 
16 16 16 296 626 626 
203 565 565 
558 558 610 
5 63 295 295 295 295 651 
6 175 254 444 497 497 639 667 667 667 667 704 704 
125 125 458 458 
503 
16 16 
14 145 548 727 739 739 739 

363 507 693 693 693 695 
171 
489 489 664 664 695 695 695 
104 213 213 299 299 363 363 406 406 426 426 
430 430 477 477 477 
83 83 417 417 688 
23 23 481 
75 75 108 667 697 697 
56 242 491 605 
176 213 595 595 739 
16 326 326 
5 144 144 144 251 251 251 
127 127 127 495 664 693 693 695 695 695 
243 320 428 566 
633 
366 725 
418 418 418 448 739 
130 368 368 
703 716 
10 
310 310 310 310 310 364 364 397 397 397 397 397 
32 32 199 199 199 615 638 638 711 
62 62 
253 342 681 
74 74 705 
157 157 720 720 720 
22 22 
161 278 404 404 
67 145 251 272 272 272 371 371 371 383 383 383 446 446 446 446 
200 696 716 
149 716 
440 733 
147 147 147 225 225 225 225 354 354 354 710 710 710 
563 563 563 669 669 669 
10 10 105 105 257 596 596 596 596 641 649 649 649 705 705 705 766 
576 763 
260 260 260 
342 342 342 342 480 480 696 696 739 739 739 745 745 
31 451 

271 271 
89 643 643 
5 11 451 719 719 
563 563 563 742 742 742 
342 342 
203 203 203 
196 196 196 196 261 261 261 
204 204 225 225 225 275 275 593 593 593 738 738 
544 544 544 
107 107 197 197 197 203 203 203 331 341 374 374 374 393 393 393 543 543 543 
459 546 612 612 643 732 
184 184 410 410 545 
16 16 16 16 114 114 114 186 186 333 333 333 563 573 573 702 702 
16 16 269 269 284 284 289 289 321 321 372 493 739 739 
421 
588 741 741 
65 65 443 443 
129 399 
2 2 2 16 429 429 
377 377 474 474 474 474 697 
90 90 90 203 203 203 
29 29 297 297 297 297 297 
5 21 21 21 21 622 626 739 739 739 
294 413 487 487 632 632 
227 
307 
16 16 16 162 361 361 361 569 569 615 615 615 
206 348 348 661 
329 329 329 329 329 528 528 528 538 538 538 547 669 742 742 742 742 742 
317 317 317 317 
122 122 486 486 715 715 715 763 
331 428 508 
5 663 
26 26 148 266 
16 16 91 380 380 439 439 561 561 
203 203 203 203 348 660 660 
422 
598 678 678 678 756 
547 547 
10 16 739 739 739 
304 304 304 314 613 613 613 
363 530 
196 196 277 277 603 
157 157 341 341 341 648 
164 164 164 164 385 385 405 602 602 757 757 757 
239 239 239 601 601 601 766 766 
164 164 164 164 
9 9 124 124 192 192 192 271 271 271 271 289 289 289 382 382 632 737 737 737 764 
52 56 457 457 667 667 667 739 739 739 
165 294 636 636 
43 316 316 316 343 642 743 761 
0 168 168 168 
658 
107 107 107 107 107 283 550 
92 92 197 414 414 452 452 633 
156 156 239 239 757 
16 16 16 16 390 390 407 601 601 601 
129 203 347 347 
213 213 225 542 542 542 662 
5 5 5 79 79 79 239 239 462 
132 176 176 213 234 373 434 434 434 504 504 728 728 
219 227 227 529 529 529 529 693 693 725 725 

572 624 624 
10 10 81 170 170 170 206 206 661 
16 54 278 278 
16 16 16 49 245 245 330 330 330 390 390 407 447 447 580 580 580 591 591 591 602 602 602 613 647 647 660 660 664 664 664 695 695 730 730 
198 198 416 579 579 601 601 601 
577 

197 197 503 
241 
81 109 109 109 310 
649 649 
30 30 203 338 
487 636 686 686 
16 150 150 150 
141 141 459 459 545 545 
575 575 575 601 
128 144 144 695 
516 561 561 561 
134 134 134 158 
369 425 425 648 
39 
694 
207 213 315 315 315 
356 356 356 356 356 358 659 659 
80 190 236 350 350 350 557 650 739 

16 16 598 598 
203 203 312 393 393 
16 16 16 21 21 128 128 128 209 263 263 263 263 299 333 333 333 442 442 442 454 454 485 485 557 
288 452 667 667 
117 
150 442 442 
301 301 301 
714 714 714 714 
558 558 582 739 739 739 
16 16 16 89 261 261 333 333 333 336 395 420 452 476 476 509 589 708 708 708 
393 393 393 435 669 669 669 669 
5 115 202 405 405 
294 294 298 584 584 610 671 
65 65 127 131 
308 308 308 308 516 516 
5 5 5 68 489 667 
343 343 343 409 409 476 
529 
121 121 121 298 298 473 473 473 473 473 585 739 739 
83 83 83 273 342 342 444 444 444 536 536 545 667 
55 203 203 
735 
417 417 417 440 440 
601 601 730 
199 203 217 217 217 217 217 290 290 369 377 578 617 
387 387 387 387 529 529 529 608 608 
21 21 21 622 
5 5 147 488 654 654 654 
303 428 428 
342 342 
5 5 5 147 174 174 174 174 651 651 651 
207 207 207 261 
213 
190 190 190 402 402 
48 127 127 127 306 306 306 333 333 371 371 587 674 674 674 690 
225 273 621 621 
80 570 570 601 601 730 730 
206 206 562 599 
324 440 593 733 733 756 756 
5 395 567 682 731 
198 198 198 330 497 497 507 601 601 601 695 695 
91 91 416 
109 109 109 
75 75 75 96 96 201 201 254 288 288 342 342 342 489 489 489 489 502 583 583 583 627 627 639 643 739 739 762 
108 108 197 197 197 
6 6 6 528 528 528 563 634 634 634 634 
35 
636 686 
95 95 95 129 129 437 437 
262 674 674 
193 193 284 284 284 284 284 658 658 658 673 673 690 690 690 690 
114 114 114 478 
428 
117 432 432 432 
572 572 572 733 
94 184 184 184 256 256 
83 297 
30 203 518 
5 5 663 
342 
87 87 87 706 706 706 
748 748 
610 610 671 
177 177 177 177 737 737 737 739 
265 265 500 739 
739 739 
193 346 371 371 371 658 674 674 674 674 
294 294 309 345 

419 419 419 495 495 495 507 507 596 596 
619 
197 197 197 495 497 497 497 507 507 507 601 601 614 664 664 
200 200 257 298 388 388 524 532 532 717 
193 377 502 502 554 
725 725 
434 
5 5 5 
113 257 705 705 
16 16 142 142 142 142 142 333 333 547 547 
169 291 513 
337 337 337 337 337 342 342 444 444 489 489 
252 274 274 274 274 369 519 529 529 529 701 701 755 755 
341 684 684 684 
15 15 15 15 319 
1 1 248 248 313 324 325 325 329 329 329 420 633 633 633 733 733 733 749 753 756 756 
16 125 296 747 
108 159 159 233 233 461 527 527 527 
32 312 312 516 
26 26 26 266 266 356 416 
56 56 56 56 239 239 242 242 
631 631 631 631 739 
203 203 285 285 301 301 311 311 565 565 565 
140 140 140 387 513 524 525 
696 
27 312 312 312 
5 5 11 213 213 222 222 222 367 367 424 537 537 
69 157 341 453 453 520 520 520 
105 105 
481 481 481 
391 
16 16 
366 366 366 510 596 596 698 698 
95 283 283 283 
18 265 265 265 467 467 467 493 
142 142 384 595 595 
343 343 343 
80 80 80 159 159 163 163 601 601 647 660 660 
27 186 295 295 342 663 
545 
37 91 91 91 91 110 110 339 440 449 449 526 662 662 678 708 708 708 753 753 753 756 

645 741 741 
307 320 320 
126 126 126 126 236 236 582 582 582 687 687 687 
225 225 542 542 
10 10 10 14 16 16 17 68 68 80 80 80 82 90 90 108 108 108 121 121 121 133 133 133 133 136 136 136 136 139 152 177 177 185 185 190 190 205 205 205 205 236 236 236 236 241 258 274 274 292 292 292 294 294 298 298 298 312 312 312 342 342 366 382 382 382 389 389 391 391 413 418 418 437 437 455 476 476 476 493 493 493 504 511 532 532 532 548 548 557 557 557 574 574 574 583 583 583 622 632 632 632 642 642 667 667 687 688 689 689 714 745 745 748 748 751 751 
259 259 259 259 432 
16 16 18 18 35 73 142 214 214 214 327 327 327 550 550 735 735 
188 188 188 188 367 367 538 538 538 563 563 563 563 563 
585 
378 378 765 765 
181 241 241 532 532 739 739 
287 
709 
127 127 137 137 137 137 190 190 249 685 685 739 739 
110 708 
117 224 224 
331 366 739 739 
247 247 276 
25 25 25 80 80 80 80 350 350 350 350 449 708 733 733 733 
342 428 
136 136 136 705 705 
324 324 383 383 383 572 662 662 708 708 733 
579 579 579 590 
403 403 403 438 438 

213 213 242 273 273 446 446 
343 474 585 
342 342 667 
363 363 530 565 
9 9 582 
146 146 744 744 
239 239 239 529 580 580 
5 5 
