nodes: 768 edges: 2379
5 168 
138 138 708 708 
65 65 282 282 427 427 
214 633 
178 178 178 178 247 
0 6 6 17 17 79 79 79 99 101 115 115 118 144 144 147 147 147 163 163 171 194 210 213 216 216 216 216 221 221 239 239 240 272 272 307 307 367 367 370 370 382 387 395 395 419 448 451 466 466 466 484 484 488 488 506 506 537 557 594 598 623 623 635 639 639 639 651 651 654 654 663 663 700 719 719 739 739 759 759 767 767 
5 5 254 405 489 489 489 489 669 
214 214 214 214 741 741 
343 724 
124 124 124 764 764 
81 81 252 257 257 257 265 265 265 274 285 285 300 300 300 381 381 381 381 381 529 529 574 599 599 599 599 739 739 739 755 
537 
16 16 376 376 376 
67 159 159 238 
455 480 739 739 
296 296 319 319 319 319 376 707 707 707 
12 12 18 35 35 57 78 78 150 198 214 214 258 258 278 278 278 296 321 333 333 376 376 376 376 378 378 390 390 390 390 394 394 429 442 442 473 479 485 485 485 492 492 505 505 547 547 547 547 548 548 548 553 553 561 561 569 569 569 591 600 601 601 601 611 611 624 626 633 633 702 702 702 709 724 724 741 741 
5 5 466 466 739 
16 34 741 741 741 
416 416 416 
352 352 352 
128 128 557 557 557 626 626 626 650 650 650 
67 67 67 67 186 186 186 186 260 521 521 521 
218 481 481 481 501 501 
312 312 
386 386 386 449 449 456 456 753 753 753 753 753 
41 148 203 203 311 311 328 342 342 342 379 385 385 428 428 462 540 540 540 568 
30 203 203 
203 203 
35 35 35 288 288 471 471 471 556 
27 203 338 338 681 
533 533 
372 372 372 372 516 
118 207 207 207 478 478 478 
18 
16 16 29 29 29 73 287 287 287 287 400 432 432 556 645 741 
102 
110 110 733 

261 261 261 355 415 415 
118 118 122 
26 88 
48 108 108 421 
50 189 585 
337 337 
212 212 253 
459 
112 171 171 171 271 271 
42 421 658 658 
351 351 368 368 601 601 
43 312 312 711 
203 203 342 342 666 666 666 
583 583 

171 171 171 171 600 600 
144 144 375 375 375 623 
239 242 242 242 388 503 583 713 713 713 713 
16 102 102 492 
203 203 265 265 265 265 265 
245 245 365 405 
106 106 156 
444 444 
517 599 
198 292 292 292 488 
156 156 222 222 222 223 255 255 255 499 
2 2 117 381 381 381 551 551 551 637 637 
395 412 412 
13 22 22 22 22 120 159 159 159 213 213 260 305 305 354 354 383 383 397 397 446 446 521 521 521 523 527 
108 739 
286 
307 716 716 
237 268 625 
113 113 170 170 170 170 257 381 381 
35 142 142 142 142 142 741 741 741 
519 519 519 519 
285 570 667 667 667 
402 402 
352 352 
16 16 473 473 
5 5 5 239 406 406 406 448 448 597 
154 154 154 163 163 163 241 622 622 660 660 660 660 730 730 739 739 739 753 753 
10 10 170 170 170 195 195 195 257 288 300 312 312 312 343 343 422 422 435 599 607 607 
739 
117 228 228 342 342 643 643 667 680 
225 225 225 225 


229 229 229 284 684 684 684 
41 224 224 224 224 342 
281 633 
555 
569 569 665 733 733 733 733 
589 
312 312 
203 203 212 212 253 679 
399 399 672 672 
470 470 667 667 
342 

5 

5 367 
36 57 57 
342 342 704 704 
498 741 
529 721 721 721 727 727 727 
60 60 
588 588 
42 42 68 312 312 312 502 668 739 739 739 
203 203 398 398 398 398 512 607 607 666 666 666 
37 37 749 749 749 749 
157 157 577 577 
47 
72 72 257 257 312 312 312 312 701 
342 342 428 428 547 547 547 547 675 675 
5 5 213 405 405 405 405 635 700 700 700 
213 431 
65 83 192 192 224 224 277 277 277 317 342 342 342 381 381 381 381 428 628 628 677 677 677 683 750 750 
5 33 40 40 122 348 348 370 370 478 478 
434 
67 
642 642 642 739 739 739 
40 118 565 
215 354 354 456 456 456 456 
9 9 9 381 582 
496 496 496 709 709 709 
289 737 737 737 737 
658 658 658 729 748 748 
21 21 614 626 
399 552 552 552 592 592 592 672 
466 512 

595 595 
739 739 739 
158 158 158 158 616 616 616 
326 326 
274 739 739 739 739 739 755 755 755 755 
748 748 748 
1 1 
687 739 739 
368 387 
315 315 315 455 612 612 
73 73 73 73 73 702 702 702 702 728 728 728 728 741 741 
401 
5 5 55 55 163 163 484 506 614 614 
523 523 
588 588 588 765 
5 5 5 354 354 354 527 527 527 651 651 651 651 654 654 
26 568 568 722 
342 427 
16 214 457 457 457 457 611 611 611 611 

650 739 
317 317 
80 80 80 
289 388 
60 64 64 239 280 460 463 590 590 590 
111 111 203 263 263 263 341 520 520 520 720 720 
134 134 134 134 
13 13 67 67 67 238 354 362 362 409 640 730 
520 
254 522 522 
278 278 561 
5 5 80 80 80 144 144 484 484 484 484 730 730 730 730 
579 579 579 581 581 
584 
221 447 447 447 447 
203 203 247 
0 243 586 586 586 586 586 
320 320 320 415 415 587 703 703 
72 72 72 72 81 81 81 206 206 206 206 331 331 331 331 435 435 599 599 
5 47 47 47 54 54 54 54 496 
294 

371 654 654 654 
254 489 667 
504 504 504 595 
342 687 739 
4 4 4 4 208 208 357 357 357 
408 
739 739 
532 532 745 
197 197 197 
343 
256 256 679 
739 739 
22 22 22 22 333 731 
756 756 756 
742 742 
43 449 449 449 449 
402 402 558 622 657 739 748 748 
247 
117 117 317 317 582 582 
415 464 464 464 674 674 690 
5 210 210 
81 81 81 422 422 422 422 
203 203 541 541 577 577 
182 182 182 349 543 544 544 605 668 668 668 695 
16 63 416 601 602 664 664 
203 203 203 253 253 648 648 
524 532 532 532 696 
213 242 242 242 442 442 667 667 
244 244 244 244 244 723 741 
26 26 27 27 28 28 30 51 51 58 58 94 94 109 109 157 167 167 196 196 199 199 199 218 253 262 290 290 322 337 337 341 341 342 374 377 377 386 399 467 467 486 540 540 544 544 544 555 555 555 555 555 570 570 570 577 577 592 609 609 609 625 625 625 644 644 644 648 648 681 681 715 715 715 
542 542 542 
343 739 739 739 739 
170 170 170 170 562 599 
33 33 33 620 620 633 633 633 655 
178 178 247 
246 342 342 626 
5 194 194 446 720 
286 286 286 
45 45 94 94 
5 67 67 115 116 201 222 222 225 225 225 353 373 373 388 446 498 504 593 593 595 620 620 620 646 689 719 719 719 760 
3 7 7 7 7 16 16 150 395 395 395 395 741 741 
123 354 456 
5 5 5 5 437 
290 290 
23 203 
227 227 227 596 596 
324 324 324 
5 5 166 387 
64 64 64 213 213 401 719 
64 255 255 
88 88 88 88 117 117 336 342 342 381 381 381 381 438 750 750 750 
84 84 84 84 213 213 213 273 273 273 273 275 275 299 299 299 334 334 334 380 527 527 527 527 527 542 593 593 659 659 659 760 
428 428 675 675 675 
219 219 219 366 559 596 
83 83 
87 87 87 
482 482 
264 264 398 

710 
367 367 373 595 595 

737 737 737 737 739 739 739 
71 241 
13 159 
5 5 56 79 156 408 580 580 580 580 594 713 766 766 
5 
80 237 293 312 312 455 455 606 606 606 739 739 745 745 
56 56 56 201 201 201 503 
168 428 428 482 508 
202 202 202 202 202 
59 59 
209 337 342 
4 167 191 208 262 341 341 706 716 752 
708 
748 

364 364 371 371 371 419 419 419 419 419 523 523 612 
10 705 
45 94 199 199 203 518 
6 161 175 372 372 435 489 667 
64 64 64 223 223 
184 184 679 679 
10 10 10 72 81 113 113 371 701 721 721 721 
16 16 379 379 379 379 696 739 
278 740 740 740 740 740 
22 67 397 435 531 531 531 
39 39 39 287 333 333 333 355 355 355 415 415 415 541 541 541 541 633 633 655 
203 247 648 
157 157 157 626 626 626 626 
231 231 328 328 328 
10 10 10 58 58 58 58 58 688 688 727 727 739 739 739 
462 462 462 568 568 568 712 
366 725 
71 298 298 298 
284 372 372 548 548 
286 286 
47 47 535 535 582 582 
5 5 466 466 466 523 523 523 523 
225 225 225 225 334 446 643 659 760 
10 136 445 705 705 739 739 
225 225 542 542 
718 718 
117 117 117 413 413 413 413 577 577 
16 16 16 162 162 259 287 287 364 404 404 432 432 432 476 476 477 522 600 600 

156 590 
89 
2 2 
399 588 726 726 726 
87 269 548 548 674 
10 10 75 715 715 715 
69 211 211 211 270 270 335 335 
35 35 35 35 261 278 278 434 746 746 
29 29 81 627 667 762 
126 155 388 388 388 548 582 582 582 582 
203 203 217 217 648 648 
703 
63 63 63 366 470 470 739 
241 
172 298 298 298 341 341 341 341 558 636 691 691 691 692 692 692 692 739 739 
321 321 321 321 342 488 488 488 488 
15 15 16 326 376 424 473 473 475 479 505 505 
556 556 556 680 
268 268 268 294 294 294 487 636 642 642 671 686 686 739 739 
225 225 225 363 406 406 498 626 
10 10 10 81 
630 630 630 723 
355 393 393 
428 652 
409 575 575 575 575 
67 67 
658 658 658 706 
5 5 70 560 560 604 604 693 716 
638 638 638 638 638 
691 691 
361 361 361 515 515 607 607 
26 26 385 385 579 715 715 715 715 
24 24 50 50 81 81 81 93 93 108 108 108 113 113 113 113 241 241 342 342 342 381 402 625 739 739 739 
708 708 
409 409 575 575 575 
141 141 141 378 378 378 620 
343 530 585 
117 153 153 192 192 564 564 564 
354 354 360 360 
15 15 15 15 671 
169 169 169 508 736 736 736 736 
16 295 295 295 295 548 548 
203 
421 
220 220 220 662 678 756 
708 708 
135 135 296 505 505 505 

26 264 264 264 377 377 377 377 
563 563 
601 601 664 664 664 664 
170 170 170 170 544 751 
577 577 
16 16 186 261 261 261 364 364 386 386 386 386 547 547 601 626 626 633 633 658 658 702 702 702 
225 225 225 273 
286 286 
224 589 589 633 
44 44 203 203 246 465 704 704 704 
30 30 609 
534 534 
448 579 
157 203 203 247 247 294 294 294 294 464 464 464 544 544 578 684 706 
26 26 26 51 51 83 83 88 97 103 103 114 114 117 117 117 149 177 203 209 209 224 224 246 295 312 312 312 428 444 465 518 539 643 643 653 653 653 667 667 704 704 704 731 731 731 739 739 754 754 754 
8 81 81 183 205 316 433 433 640 640 640 729 761 761 761 
466 466 
691 691 
690 
592 592 592 
118 118 441 562 562 562 562 661 661 
197 427 427 427 
622 622 753 753 753 
49 49 
20 20 20 77 77 412 412 412 412 472 472 526 526 526 
213 
67 67 123 123 147 147 147 159 215 318 318 469 527 
39 261 261 261 302 
621 621 621 621 712 712 
178 178 178 
424 
461 
318 318 469 
310 310 310 561 561 561 561 611 611 611 
159 159 432 432 
299 406 406 495 498 498 498 530 530 576 576 763 
251 251 278 333 333 515 515 515 
59 
227 267 292 510 510 510 725 739 739 751 751 
5 5 101 234 234 719 
49 49 140 512 512 512 
648 705 
5 5 118 118 
174 251 251 251 257 523 523 523 523 658 658 
32 32 32 32 254 254 269 269 548 
213 213 234 595 
203 544 544 
55 55 55 
12 12 12 15 16 16 16 16 296 
203 203 328 328 328 328 425 425 554 617 648 648 697 
16 16 315 315 315 
26 258 258 258 258 
225 569 569 
10 10 10 10 10 65 65 65 72 72 117 117 117 117 124 224 224 224 224 312 
5 413 413 413 582 582 739 
67 67 523 523 523 756 
728 
26 26 311 311 579 579 579 
25 25 25 203 333 333 333 333 449 449 449 449 486 
5 140 221 649 649 649 716 716 
56 155 213 289 289 289 696 
739 739 
16 16 16 16 591 591 591 601 601 601 
429 723 739 

302 302 544 544 625 634 
16 16 429 429 
5 5 66 214 214 214 214 633 663 682 682 682 

67 67 260 515 
109 109 109 109 231 667 690 
95 95 129 203 283 685 
35 536 
143 222 
76 76 190 190 312 657 657 739 
448 448 758 
278 278 522 
6 59 115 115 115 115 635 635 
79 79 79 299 299 363 363 498 498 
421 601 
179 239 517 
159 304 314 314 640 640 


66 66 352 352 352 352 
277 277 277 277 382 382 382 558 558 739 739 
633 
39 39 169 169 193 261 261 261 
19 19 19 198 602 665 
500 500 500 646 646 
511 511 648 739 739 739 
5 251 251 251 251 251 
633 708 708 
42 48 323 407 549 549 
81 81 195 195 195 195 571 571 571 

296 358 473 621 
377 377 617 617 617 
498 
2 2 149 349 349 349 
26 26 114 114 117 226 226 243 243 303 342 478 566 566 566 652 652 754 754 
16 391 394 394 
499 499 499 
116 
35 35 278 278 278 362 362 677 677 677 677 
343 343 
119 287 595 595 699 699 699 699 
81 170 170 254 260 634 634 
447 
216 672 672 672 672 739 739 739 
224 758 
569 569 569 569 612 
646 646 646 646 733 
348 
16 16 201 201 626 626 629 629 747 
551 551 551 551 551 
61 61 342 643 643 643 704 704 
274 
67 67 210 213 273 523 523 523 523 760 760 760 760 
166 166 166 166 436 
5 79 79 340 403 403 511 
25 25 189 189 189 189 386 386 386 386 733 733 733 753 753 

5 533 
589 627 
720 
626 626 
14 141 241 241 739 
25 25 123 123 123 123 215 
150 150 150 150 583 667 

46 545 545 612 612 
156 
359 710 
26 266 266 266 
156 
193 193 193 341 341 341 
337 342 
5 5 5 17 17 130 272 272 272 344 344 
203 203 727 727 727 

354 360 
96 96 292 292 
29 29 29 
352 352 526 526 
16 78 78 296 296 424 642 642 642 642 
554 554 554 761 
296 
278 278 633 633 640 739 739 
278 499 499 
33 33 33 118 118 428 
16 296 
14 532 
23 23 23 501 722 722 722 
230 230 243 

5 5 144 163 163 163 163 623 623 623 
16 16 16 626 626 626 
203 386 565 
298 558 
5 5 63 295 295 295 295 
6 6 6 6 175 254 497 497 497 639 639 667 667 667 667 704 704 
709 

16 16 57 
727 739 739 
719 
363 507 507 601 693 695 695 
125 125 125 171 
489 489 489 664 695 
104 213 299 363 363 363 406 406 426 
64 430 430 430 477 477 
417 417 417 688 
23 23 481 
108 667 697 697 697 697 
56 242 
176 176 176 213 595 739 
16 16 296 296 326 326 326 
5 5 144 
495 495 664 664 695 695 
243 320 
633 
366 366 366 725 
418 418 448 739 739 739 
109 130 368 368 368 
703 716 
529 529 
310 310 364 364 364 397 
32 638 638 
62 408 599 599 
253 342 681 
74 74 74 74 591 705 
157 157 157 160 720 720 720 
22 22 22 67 67 67 
161 161 278 404 
67 145 145 251 251 272 272 272 272 371 371 371 371 383 383 383 446 446 446 446 
200 696 716 716 
716 716 
352 352 352 472 472 
67 147 147 147 225 225 225 225 225 354 710 710 710 
669 669 669 
10 10 105 514 514 596 596 596 641 649 705 705 721 721 
316 363 363 576 576 763 
260 260 260 
181 181 200 200 200 480 696 696 696 717 717 739 739 739 745 745 745 745 
31 31 451 
339 339 
271 271 
400 643 711 
5 11 719 719 
563 742 742 742 
342 
26 26 26 203 203 
196 196 261 261 261 261 
204 204 204 225 275 275 593 593 738 
197 544 544 695 
197 197 203 203 203 331 341 341 374 374 393 393 543 543 
459 459 612 643 732 732 732 732 732 
643 643 
16 16 16 16 114 114 114 114 333 333 563 573 702 702 
16 16 16 269 269 284 284 289 321 321 372 739 
421 421 
741 741 
65 65 65 443 443 443 443 443 637 637 
129 129 129 
16 16 
377 474 474 474 697 697 
90 203 203 203 203 203 
29 35 297 297 297 
5 21 21 21 622 662 739 739 
190 294 413 413 487 632 
227 
307 307 
16 16 162 361 361 361 361 569 569 615 615 
206 348 348 348 348 
329 329 538 547 669 669 
317 317 317 
122 486 715 715 715 715 
428 428 428 
663 663 
26 148 148 266 266 266 615 615 
16 16 16 91 91 380 380 439 439 439 439 561 561 
75 203 203 203 660 660 660 660 
422 422 422 
678 678 678 
547 
10 739 739 
304 304 304 304 314 314 314 613 613 
363 363 530 530 763 
111 111 196 196 203 203 277 277 332 332 603 603 
341 648 
164 164 164 311 340 385 385 385 602 757 757 757 757 
239 239 239 239 601 601 601 601 766 766 766 
164 164 725 725 725 
124 192 192 271 271 289 289 289 289 382 382 632 737 737 737 
52 52 56 457 667 667 739 739 
165 636 
43 316 642 642 642 743 743 743 743 761 761 
168 168 168 168 168 
169 649 
107 107 146 146 146 283 
92 336 336 452 
156 156 156 280 757 
16 390 390 390 519 
129 129 129 203 347 347 347 
213 213 225 225 542 542 
5 239 
132 132 176 213 234 234 373 434 434 504 728 
219 219 227 529 529 529 693 693 693 725 
79 
5 624 
10 10 10 10 62 81 170 170 206 517 517 661 
16 54 54 278 278 
16 16 16 49 49 198 330 330 333 390 390 390 407 495 580 580 580 580 602 613 613 613 647 647 647 660 660 664 664 695 695 695 730 730 
198 416 579 601 
577 577 
307 307 
197 
241 241 241 
81 81 109 109 310 310 
649 
203 203 203 338 681 
686 686 
16 16 150 150 150 150 361 361 361 
141 141 251 439 459 459 545 
575 575 601 601 601 746 746 
128 144 144 
561 561 568 568 
134 134 134 
377 425 425 425 

694 694 
207 207 213 213 213 315 
356 356 356 356 424 659 659 
80 80 190 350 350 557 650 719 739 
5 5 55 484 484 484 
16 598 
71 203 203 203 312 393 
16 21 21 21 128 209 263 263 263 263 299 333 333 442 442 454 454 485 485 485 
288 452 
117 117 
442 442 
301 301 301 
714 714 
558 582 739 739 739 
3 16 16 89 207 207 207 261 261 333 333 336 395 414 420 476 476 509 708 708 
393 435 435 669 
5 115 405 405 759 759 
294 298 584 671 671 671 671 
65 65 551 551 
308 308 308 308 308 516 516 
5 5 5 489 489 667 667 667 
159 343 343 343 409 409 476 
529 
121 121 121 298 298 473 473 473 473 585 585 585 739 
83 83 273 342 342 444 444 444 536 545 546 546 667 667 
203 203 203 
35 741 
213 417 417 440 440 440 440 
601 601 601 730 730 
199 199 203 203 262 290 290 369 377 377 418 578 
387 387 387 529 587 608 
21 21 21 152 622 
5 5 147 147 147 147 654 654 
303 428 428 
342 342 342 
5 5 147 147 174 174 174 651 651 
207 261 

190 402 402 
48 48 127 127 127 306 306 306 333 333 371 371 674 674 690 690 
225 225 225 273 621 621 
80 80 80 80 570 570 570 570 601 601 730 
348 348 599 
324 557 733 756 756 756 
5 5 395 567 567 731 
198 198 330 330 330 330 497 507 507 601 601 695 695 695 
91 416 
51 51 51 109 109 109 
75 75 75 83 96 96 175 201 201 254 288 342 342 398 457 489 489 489 489 502 583 583 639 639 639 643 643 739 739 739 762 762 
108 197 197 197 
6 528 528 528 563 563 634 

298 319 636 636 636 636 686 
95 95 129 437 437 437 437 
674 674 674 674 
193 193 284 658 658 673 673 673 673 690 690 
114 114 226 226 226 

117 117 117 432 432 432 432 
324 572 572 572 756 
94 184 256 256 
83 297 
30 203 203 518 609 
395 395 395 
117 
87 87 87 341 
399 748 748 
298 298 610 610 671 
139 177 737 737 739 739 
265 265 500 739 739 
213 739 739 739 
193 346 398 658 658 674 674 
294 294 294 309 309 345 345 
294 294 294 294 
307 495 596 596 596 
619 619 
197 495 495 497 507 507 543 601 601 601 664 664 664 
200 258 388 524 532 532 532 717 717 739 739 739 
377 502 502 502 502 554 554 
725 
434 434 434 434 
5 115 115 115 
113 257 705 
16 16 16 142 142 142 142 333 333 333 547 547 
169 169 291 513 
103 103 337 337 337 342 342 342 444 444 489 489 
252 274 274 369 519 529 529 701 755 755 755 755 
247 306 341 
15 15 15 
1 1 248 313 313 325 325 420 420 633 633 733 733 749 749 749 753 753 756 756 756 
16 125 125 125 490 747 
233 461 527 527 527 
50 536 
266 356 356 
56 56 56 56 239 
631 631 739 
203 203 203 285 285 285 311 311 311 311 565 565 565 565 
70 70 247 307 387 387 513 524 524 525 525 
532 532 696 696 
276 276 
5 5 213 213 213 222 367 494 537 537 622 
157 157 210 453 520 520 520 
105 105 105 257 257 257 529 529 
148 481 481 481 
202 301 391 
8 16 16 
267 366 510 581 581 581 596 698 
283 283 283 
105 105 105 265 265 467 467 467 493 
142 142 142 142 384 595 
127 343 
80 80 159 163 163 163 163 601 601 647 647 660 
186 342 342 342 663 
545 545 545 545 545 
37 91 91 91 91 440 449 449 449 662 708 708 749 749 753 753 756 756 756 

741 
320 320 320 320 
126 126 126 126 236 236 236 236 582 582 582 687 687 739 
542 
5 5 10 10 10 14 14 17 68 80 80 80 82 108 108 108 121 121 121 133 133 133 136 136 136 136 136 139 139 152 177 180 180 185 185 190 205 205 205 205 236 236 236 241 241 258 265 265 265 274 274 292 294 294 298 298 312 312 312 342 342 366 366 382 389 389 391 402 413 413 418 418 418 437 437 437 455 476 476 493 493 504 511 511 511 532 532 532 548 557 557 574 574 583 583 622 632 632 632 642 667 667 667 687 687 688 688 689 689 689 696 696 696 714 737 745 745 745 748 751 751 
259 259 259 259 259 
7 7 16 16 18 18 18 35 73 73 73 104 142 142 202 214 214 550 550 645 735 
188 188 538 538 538 
585 585 585 585 
765 765 
181 241 241 532 532 532 532 739 739 739 
287 287 613 613 
442 709 
127 127 137 137 137 190 190 249 685 685 739 
110 110 110 110 708 708 708 733 733 
117 117 224 224 224 
331 366 366 739 739 
247 
25 25 25 25 25 80 80 350 350 350 449 449 708 708 733 733 
342 342 342 428 428 
10 136 136 136 136 705 705 705 705 
187 187 187 324 383 662 662 662 678 708 708 708 733 733 733 
579 579 579 579 590 
403 438 
5 5 635 635 
213 225 273 446 446 446 446 
343 343 343 474 585 585 
288 667 667 
363 530 576 
9 9 
146 744 744 
239 239 580 580 580 
5 5 
