nodes: 512 edges: 1600
64 
3 225 225 441 
153 153 183 183 189 340 
1 54 76 76 76 271 408 408 408 493 
454 454 454 454 
34 48 50 86 86 86 86 86 184 184 184 198 198 225 255 255 255 273 273 279 354 354 408 408 408 441 441 475 475 504 504 508 508 508 
404 404 
233 233 266 266 266 266 271 271 271 
99 196 196 224 224 350 350 350 
271 271 304 304 304 304 
476 476 476 
356 356 356 
184 184 184 202 355 355 355 
47 47 47 47 459 459 
76 117 117 136 267 
182 182 335 335 335 
426 426 


104 104 
428 428 428 
31 31 
32 32 32 108 108 108 115 331 331 331 389 414 414 414 436 436 436 461 497 497 
290 290 480 
144 144 
408 424 484 
271 271 271 408 
76 207 
153 178 178 183 
56 
180 180 483 483 
21 21 105 105 105 172 172 184 184 315 315 354 486 486 489 489 
22 22 22 41 
192 254 
5 
210 210 210 210 309 309 314 314 439 439 439 494 494 494 
409 
415 415 415 452 
358 358 
62 163 163 166 231 231 239 267 267 302 302 330 330 405 477 
192 192 192 236 236 236 249 249 249 401 401 401 
32 99 151 184 184 324 324 354 354 450 450 450 457 457 492 492 
323 323 323 

111 111 111 137 
162 162 162 413 439 439 
64 64 64 145 145 145 339 381 395 
13 13 13 13 76 346 346 459 459 
5 239 
236 236 236 
5 76 76 76 361 361 361 
338 338 490 
184 184 292 292 292 292 345 345 

3 299 299 340 501 
93 93 195 236 236 414 414 414 
29 191 236 236 236 285 285 285 304 304 304 304 304 388 388 388 446 446 474 474 487 487 
415 
173 294 294 397 397 
444 444 
104 104 236 236 278 278 
329 359 359 359 
39 206 206 250 250 250 250 
102 125 415 463 
0 46 46 46 303 381 381 
193 193 242 362 362 483 483 483 
141 141 141 289 
281 281 310 347 347 
169 169 296 296 371 
338 344 344 
184 246 388 388 409 409 409 409 
253 253 253 330 
358 358 466 466 
184 184 194 405 405 
193 193 193 413 413 
383 
3 3 3 14 27 47 50 50 50 184 199 199 207 207 208 208 229 229 229 245 270 270 270 270 292 292 292 328 328 328 346 346 354 354 354 360 361 413 413 423 423 440 456 456 501 509 509 509 
196 
216 
192 236 236 310 310 310 310 
214 214 214 214 418 418 418 
223 223 223 223 248 248 248 248 261 261 394 495 495 495 
115 142 143 143 
236 237 237 237 237 321 321 321 
85 85 312 
84 84 160 160 312 312 
5 5 5 5 5 508 508 508 
306 306 370 370 
167 504 
358 413 
326 358 
360 360 360 
182 182 413 413 
55 55 414 414 414 
402 402 402 
147 147 147 165 165 174 418 
304 328 328 483 483 483 
290 290 290 
121 121 121 198 198 420 441 441 
8 41 156 354 354 445 
197 197 197 476 476 476 
140 195 212 221 221 221 221 267 267 267 267 320 450 450 471 471 471 
63 117 117 136 136 136 216 
146 379 379 
19 19 60 60 138 170 170 170 
31 31 31 106 190 190 213 216 
105 190 190 190 229 229 229 286 286 286 346 372 

22 22 22 115 115 414 414 414 
199 250 250 442 442 442 442 
139 139 288 288 390 
44 44 44 182 455 455 455 455 
184 184 253 324 324 324 409 
184 202 246 246 246 426 426 426 426 
301 367 367 
22 82 108 108 389 389 389 
184 206 415 415 415 
14 14 102 102 125 125 136 136 136 184 184 236 236 236 293 293 293 
364 364 
222 222 413 
486 489 489 
98 98 98 
222 222 
428 428 428 428 
219 219 387 387 387 454 
63 117 117 136 136 455 455 455 
185 185 185 473 473 473 

413 448 
191 236 446 446 446 
491 
454 
151 168 413 413 
381 381 
380 380 389 443 443 443 
177 177 177 
14 102 102 102 117 117 117 125 125 455 455 455 455 
44 241 241 241 324 
104 345 345 
110 110 271 271 271 381 381 395 395 395 
101 220 220 220 324 
66 66 66 413 503 
82 414 
82 82 217 
24 24 228 228 228 282 
46 46 46 154 154 288 339 
103 379 379 379 429 
95 95 95 236 

250 250 250 417 417 
248 408 408 408 437 
41 132 257 345 354 354 395 395 395 
467 467 
2 2 28 325 
145 145 374 374 
453 453 
99 445 445 445 445 450 450 
233 233 276 
194 271 271 271 408 
188 227 231 231 305 305 330 330 433 469 477 510 510 511 511 
85 85 312 312 312 
382 382 382 382 500 
45 45 45 251 291 322 322 322 451 451 451 
39 39 
236 274 
95 95 383 383 
39 477 477 
88 220 220 413 
132 376 376 
68 68 233 233 296 296 296 
104 104 104 237 247 247 
290 290 480 
31 31 
58 344 397 397 
95 222 222 222 335 335 335 413 413 
298 298 298 298 407 
371 371 371 371 497 
135 135 135 283 300 415 415 415 
28 28 183 183 
371 371 371 
30 30 222 437 
367 367 
15 15 92 92 111 220 220 220 299 299 316 316 316 317 317 363 404 413 413 413 438 438 438 438 438 444 455 455 455 499 499 
2 2 28 178 178 
5 5 5 12 12 12 31 31 41 41 52 52 70 73 73 76 112 112 113 116 117 117 213 213 213 221 221 236 236 246 246 258 267 267 267 279 279 284 284 291 292 324 345 345 355 355 355 396 396 396 415 415 415 426 426 451 451 456 490 490 490 
126 126 126 491 491 
245 245 245 440 
413 455 
159 
2 
105 105 106 106 106 334 372 372 376 
56 129 267 267 267 268 285 304 304 304 446 446 
33 40 40 40 79 198 236 236 310 508 508 
65 65 74 74 74 270 270 270 286 358 358 413 479 479 500 
73 158 
55 101 236 249 249 249 249 249 267 282 282 282 282 282 471 471 
8 8 77 200 200 290 290 303 350 373 373 373 413 413 413 422 
100 100 100 496 496 496 
5 5 98 98 192 441 508 
76 76 109 207 207 207 
196 196 
232 232 232 236 236 415 
12 113 454 454 454 454 
271 271 271 
267 267 267 268 268 285 285 285 285 

62 62 116 293 405 
27 76 76 199 199 199 245 337 337 337 478 
76 76 
215 328 
35 35 35 35 244 244 244 309 309 
432 432 460 
101 233 233 
105 184 184 184 261 
80 80 80 80 215 314 
209 214 314 314 467 467 
78 102 105 
143 
271 297 
124 124 232 402 430 430 430 430 
140 140 140 167 167 182 182 182 316 316 378 378 378 378 413 413 
101 101 101 101 184 184 
119 119 122 122 174 174 174 180 286 314 413 413 
81 81 81 81 
8 8 313 313 350 
1 1 5 348 375 375 375 393 400 400 400 419 419 441 441 
292 292 
159 257 257 305 305 392 392 
144 144 144 245 245 
76 76 76 106 106 106 295 
236 236 254 275 303 422 460 460 460 460 
39 39 159 159 
201 201 201 219 
7 7 157 157 169 169 212 212 271 271 296 374 374 375 505 
503 503 
487 
40 40 40 49 49 49 55 55 56 56 56 60 60 79 79 83 117 117 117 129 147 164 184 184 192 192 195 201 201 230 230 237 237 267 267 267 268 268 268 268 268 275 275 275 283 283 351 354 354 354 356 356 401 411 411 411 415 415 432 438 447 460 460 
83 83 83 83 170 236 236 
272 272 505 505 505 
39 48 405 
476 476 476 496 496 
137 137 137 287 405 
65 416 416 
311 311 311 424 424 424 494 
210 210 210 325 358 358 
76 186 186 186 207 228 228 478 478 478 478 478 
70 113 113 113 184 184 
170 170 288 401 401 401 
81 81 81 81 150 408 
40 40 40 195 195 195 195 195 
62 62 62 62 109 109 149 149 149 336 336 374 374 374 417 417 442 442 
162 286 413 
344 
71 71 71 112 
33 230 350 350 
5 5 5 
273 273 273 354 
151 227 227 305 
184 409 409 
377 458 
354 354 
81 81 213 329 
292 292 292 292 364 
315 315 315 
334 385 385 385 
348 496 496 
7 7 7 7 271 391 391 391 391 
14 39 39 101 101 101 101 184 184 184 191 191 191 195 204 204 204 236 236 236 268 268 268 471 
191 204 204 236 236 236 236 236 267 267 267 450 450 450 450 450 
415 
76 76 76 76 193 193 193 328 328 328 361 361 361 
3 7 7 7 9 9 26 26 26 139 139 139 158 158 158 203 203 203 218 233 233 266 282 282 282 287 339 339 354 354 374 374 375 375 401 401 408 408 412 427 427 442 442 442 453 453 
238 238 
5 5 256 256 256 354 381 472 472 475 475 
164 428 
230 236 236 236 
157 370 
343 343 343 
60 60 399 
5 184 184 307 307 307 
308 308 467 467 467 467 
67 67 298 298 347 347 421 
144 195 195 195 195 195 271 271 271 374 374 374 374 374 427 
177 236 236 351 415 
184 184 302 
56 56 56 191 204 204 204 204 
106 106 106 193 222 251 413 413 
241 271 
110 110 145 247 447 447 447 
66 394 394 394 495 495 495 495 
23 23 97 97 97 171 171 196 196 
162 184 426 426 
52 52 52 52 76 76 76 184 226 226 262 262 262 262 364 364 364 364 
117 117 117 206 408 408 436 450 462 462 462 
58 58 437 437 
229 309 309 309 309 
68 68 169 169 169 233 425 425 
218 327 327 327 408 408 
175 175 175 175 281 281 347 347 
54 54 182 182 413 
177 
114 
39 39 284 485 
64 196 230 415 415 
9 9 9 9 56 56 56 56 56 96 191 191 191 
159 159 227 227 257 343 343 343 343 343 392 
87 87 370 370 370 
279 279 279 354 354 493 
280 280 467 467 467 
35 35 210 210 295 295 295 295 358 358 358 
67 79 79 79 79 192 364 
243 243 243 
84 85 85 160 160 160 
224 224 
35 35 214 215 215 222 319 349 349 349 354 354 384 384 398 398 398 413 413 418 418 455 455 481 483 483 483 483 489 
31 31 263 263 263 336 336 486 486 486 
182 182 182 220 220 
182 182 398 398 398 413 413 494 494 494 

314 354 
101 
83 83 83 323 323 359 359 
162 162 162 465 465 465 465 
42 42 42 321 321 359 
41 41 112 112 112 137 140 184 378 
153 244 424 444 444 444 444 
90 413 
297 297 297 
76 76 76 96 96 209 270 270 270 
61 261 
39 39 71 159 159 369 
22 22 22 
413 413 413 420 420 420 420 420 

190 264 
15 15 15 174 174 174 413 
250 250 315 315 486 486 
207 207 207 
51 51 69 415 
46 145 271 271 381 381 408 408 408 427 427 427 427 452 452 
2 54 


277 277 277 305 305 305 305 305 392 392 392 
69 69 173 252 
52 52 138 138 151 184 184 
47 47 76 76 106 444 444 444 444 459 
67 67 281 281 298 298 506 506 
225 265 
314 314 314 410 473 473 473 481 
8 8 8 196 224 254 254 
236 283 383 383 383 383 
402 402 402 
456 456 
5 5 31 41 41 76 76 76 99 99 151 151 236 236 236 256 260 260 271 271 273 307 307 314 314 319 396 450 450 450 462 462 490 490 502 502 502 508 508 508 
12 12 12 184 184 184 
11 11 11 236 236 
431 431 496 496 496 
38 38 72 72 89 90 193 193 244 244 309 309 309 413 413 
61 61 61 321 321 323 
76 91 91 91 
50 50 50 76 270 270 270 
65 65 413 413 
182 444 
118 118 262 292 292 292 292 310 


114 114 181 181 496 496 

330 
87 87 276 306 306 306 431 
68 176 176 176 176 179 179 179 
106 190 190 
196 196 196 
154 154 233 233 250 250 250 271 271 282 282 282 282 282 408 408 417 442 442 
225 225 225 233 271 271 
168 168 190 
259 458 
220 220 220 220 324 
103 103 146 146 146 
134 134 
46 64 64 133 133 139 139 273 339 339 395 395 405 408 408 408 
161 161 161 161 500 500 500 
75 165 165 351 351 351 351 415 432 432 463 
314 314 
264 264 264 

124 124 124 
56 56 56 70 70 487 
22 115 115 115 134 497 497 497 
110 391 
266 266 266 266 390 
227 227 305 343 343 343 482 
225 441 441 441 
81 289 289 289 
46 139 139 139 151 151 151 381 381 
184 184 184 354 
58 58 173 173 
314 314 314 317 317 317 
278 418 418 
225 225 225 
40 40 40 236 247 247 247 271 271 
94 94 94 219 352 352 352 428 428 

6 6 182 
39 73 73 206 239 241 381 425 509 

175 
3 3 3 5 5 5 25 26 150 150 150 158 248 271 271 293 293 297 297 339 339 339 374 374 381 381 381 437 470 
36 70 70 70 70 112 258 258 484 484 
349 
236 236 236 
271 
45 74 74 76 76 89 92 92 119 128 132 132 141 167 174 174 182 182 182 187 193 196 196 196 220 220 222 222 251 286 286 299 314 314 317 317 326 332 332 332 335 358 358 362 362 439 439 439 448 455 455 494 500 
22 22 22 55 55 55 93 93 93 108 108 108 142 
37 37 37 57 63 116 116 116 177 177 177 184 184 184 201 236 236 269 283 303 303 338 383 432 432 432 463 463 
242 242 423 
149 149 250 250 374 
80 80 80 95 314 314 399 399 
225 225 
98 332 332 332 332 332 441 
281 506 
196 230 
76 76 416 
25 243 243 243 325 
296 296 405 
16 16 113 113 113 113 184 184 291 291 
271 271 282 339 339 339 339 
20 20 20 123 123 123 123 274 402 402 468 468 
146 
219 219 219 219 
357 357 370 496 496 496 
211 211 236 383 383 415 415 415 460 460 
159 

449 449 
22 22 22 293 
150 180 294 294 408 
182 182 182 182 182 236 460 
35 35 35 45 45 413 413 413 
76 186 
1 5 5 98 98 198 225 225 393 393 393 420 
109 109 109 109 250 250 271 271 271 374 374 468 
134 134 134 
59 59 182 325 325 325 325 346 346 346 346 363 459 459 
99 156 156 156 156 
56 56 129 129 129 191 191 
236 288 288 288 
128 413 
435 435 467 467 
41 41 41 101 101 156 156 268 268 268 268 268 293 354 354 354 462 
162 162 162 184 184 
37 339 339 464 464 464 
155 155 271 271 
4 4 4 4 124 131 202 202 202 202 
111 111 111 111 125 125 125 136 136 136 136 182 182 182 187 314 314 413 413 
76 76 184 353 353 478 478 478 
41 41 
259 377 
13 13 47 47 346 444 444 
211 230 230 230 230 236 236 432 432 438 
22 
293 293 293 354 354 450 
63 383 415 415 
452 452 452 
322 322 322 322 
72 72 
152 152 215 215 280 280 280 280 308 308 308 449 449 
428 428 442 
159 477 511 
408 
101 101 101 195 195 267 
273 273 475 475 
126 126 126 349 349 349 491 491 
56 56 487 
5 5 273 273 472 472 
10 10 10 100 100 100 240 240 240 496 496 
39 159 166 166 469 
207 245 245 245 245 245 456 456 456 
193 193 
23 171 
314 349 
392 
30 30 65 65 65 96 96 96 314 314 314 314 
25 409 409 
302 
31 31 120 315 315 315 336 336 
56 56 235 388 474 

31 31 120 120 314 
51 184 184 184 354 354 
130 185 185 473 473 
41 41 
3 307 
35 35 35 243 317 317 317 413 
81 81 81 289 289 289 289 
197 197 197 240 240 265 265 357 357 357 367 367 431 431 431 476 476 
22 22 176 389 389 389 

182 182 
161 193 382 382 382 413 
54 76 
354 354 354 
141 234 234 
5 5 88 
233 238 238 238 
347 347 421 

5 5 5 86 86 86 192 192 198 354 354 354 
76 76 76 405 
159 159 
159 159 469 
