nodes: 512 edges: 1621
406 
3 3 3 225 225 225 225 441 441 
91 91 91 111 153 153 183 183 183 189 340 
1 1 1 76 76 76 271 271 271 408 408 408 408 493 
454 454 
48 50 50 86 184 184 198 225 225 255 255 273 273 279 279 354 354 354 400 400 408 408 408 408 475 475 475 508 
404 404 404 
233 233 266 266 266 271 
224 313 313 313 350 
271 271 304 304 304 304 417 
476 476 476 
356 356 385 
184 184 184 184 202 202 355 355 355 
47 47 47 459 
64 117 136 
182 335 335 335 
426 426 426 
86 390 455 
420 

428 428 
31 31 167 
108 108 331 414 414 436 461 461 461 461 497 497 
290 290 480 
76 144 144 144 363 
408 424 
271 271 271 408 408 
76 76 346 346 346 
153 178 183 183 183 
56 56 56 
180 180 180 483 483 
21 21 105 184 354 354 354 486 489 
41 41 41 41 184 184 
67 67 192 
144 
210 210 210 309 314 439 439 439 439 494 494 494 
106 409 
415 415 452 
358 358 
62 62 163 166 219 231 267 330 402 402 405 
192 192 236 236 249 249 401 401 
32 32 32 32 85 99 99 137 151 151 184 324 324 324 354 354 399 445 445 450 457 
323 323 323 323 
362 
111 111 
76 76 413 439 
64 145 145 339 381 381 381 381 395 395 
13 13 13 76 76 459 459 459 459 
5 239 239 239 239 239 

5 5 76 76 76 76 76 361 361 400 400 400 
338 338 338 498 
184 184 292 292 292 292 345 
225 225 
299 340 501 
93 93 195 195 236 236 414 414 414 414 414 
29 29 29 191 236 285 285 285 304 304 304 388 388 388 388 446 446 474 487 487 
415 
131 173 294 294 397 397 
444 
104 104 104 236 278 278 
359 359 359 
39 39 206 206 206 206 241 250 250 250 330 330 430 
125 463 463 463 
14 46 381 381 465 
193 193 242 362 483 483 483 483 483 
141 289 
33 33 281 281 281 310 310 310 347 
169 179 179 
236 344 
184 246 246 388 388 388 409 409 409 409 
253 253 253 253 253 
325 358 466 466 
94 194 194 194 194 315 315 315 405 405 
193 193 413 413 
383 415 
3 3 3 24 27 27 45 45 47 47 50 50 50 50 50 78 107 107 107 109 109 109 184 184 184 186 196 199 208 208 229 229 242 245 270 270 270 292 292 322 322 328 353 354 354 360 361 413 413 423 440 456 501 
335 379 
76 216 
192 236 236 310 310 310 
214 214 418 418 
184 223 223 223 261 261 394 394 
121 142 143 143 143 329 329 329 389 
237 237 237 321 321 321 321 321 
85 85 312 312 
41 84 84 312 312 348 
5 17 211 386 386 508 
306 306 408 408 408 
504 504 
358 
326 358 358 
2 2 2 360 360 
182 
55 55 414 414 414 414 414 
73 315 315 402 402 402 
147 147 165 165 418 418 418 
304 328 328 328 328 328 483 483 483 
290 290 
121 198 198 198 420 441 441 441 
41 41 156 156 156 354 354 445 
197 197 197 476 476 
140 140 195 221 267 450 450 450 450 450 471 
117 136 136 136 136 136 216 
379 425 
60 60 60 138 138 237 507 507 
31 106 184 190 190 
36 105 190 190 190 190 229 229 229 229 229 286 286 346 346 346 372 372 
76 76 76 
22 22 115 414 414 
76 76 76 199 250 250 250 442 442 
139 139 139 176 288 288 288 
2 44 44 182 182 455 455 455 455 
184 184 324 324 324 409 409 
184 184 184 246 426 426 
301 367 367 
108 389 389 389 
184 
14 102 125 125 184 184 184 236 293 293 293 
364 364 
122 122 413 413 
486 486 489 489 
82 98 
119 119 
428 428 428 
219 219 219 219 387 387 454 454 
63 117 117 136 455 455 
473 
480 480 

191 236 236 415 446 446 446 446 
389 389 
58 454 
168 413 
381 381 381 
380 380 389 443 443 
177 177 177 
14 102 102 102 102 102 125 
41 241 241 241 386 
104 104 345 345 345 345 
110 110 110 271 271 271 271 381 395 395 
101 101 220 220 220 324 
66 358 
82 
82 82 82 217 217 217 
24 24 24 34 228 228 
46 46 154 154 154 154 339 339 
379 
95 95 344 344 
191 
417 417 
248 248 408 437 437 
41 41 354 354 395 395 395 395 
287 467 467 467 
2 2 28 325 325 325 
145 145 145 145 374 374 
453 453 453 
99 99 99 445 445 445 450 
233 276 276 
194 194 271 408 408 
188 188 188 188 305 433 433 433 469 477 510 510 511 511 
272 498 
382 382 439 439 500 
312 312 312 312 322 451 451 451 
39 
236 
95 95 329 383 383 415 
39 477 
21 220 220 413 
132 376 376 376 
68 233 233 233 296 
247 247 247 247 
290 290 290 290 480 

58 344 397 397 397 397 
222 222 222 335 335 376 413 413 
298 298 298 413 
110 371 371 371 371 371 
135 135 135 283 283 300 300 
28 183 183 
68 68 371 371 
30 30 30 222 222 
367 367 
15 92 111 111 220 220 299 299 316 317 317 317 363 404 413 413 438 444 444 444 455 455 499 499 
2 2 2 28 28 28 178 178 
5 5 12 12 12 12 31 32 32 41 52 52 70 76 76 76 81 105 112 112 113 113 113 116 117 117 117 213 213 221 221 221 236 236 236 246 246 258 279 279 284 289 291 291 292 292 338 396 396 415 415 415 426 426 490 490 
491 
76 322 440 440 440 
193 413 
159 159 159 159 
2 
105 105 106 106 106 106 372 372 376 
56 129 148 267 267 267 268 268 285 285 304 304 446 
33 40 40 79 198 236 236 310 310 310 310 421 508 508 508 508 
65 65 74 74 187 270 270 270 270 286 358 362 362 413 479 
73 73 73 73 158 158 
55 55 101 236 236 236 249 249 267 267 282 282 282 282 471 471 
76 290 290 350 373 422 
100 100 100 265 496 496 496 
5 98 98 98 192 386 386 441 508 
76 109 207 207 

232 232 232 232 236 236 236 415 415 
12 12 355 355 454 454 
271 271 271 
267 267 268 285 
305 
62 62 62 62 293 303 405 405 
199 199 245 337 478 478 
76 76 355 
215 270 328 
35 35 35 244 244 244 244 309 309 309 
86 432 432 460 460 
233 233 310 310 310 375 
184 184 261 472 
80 80 215 215 314 314 
209 214 214 314 467 467 
78 102 
143 143 143 
271 408 
39 124 124 124 124 232 274 430 430 430 454 
140 140 140 167 167 182 182 316 316 316 316 378 378 378 413 413 
101 184 184 184 
174 174 174 180 180 314 314 376 376 413 413 502 
81 81 81 
8 313 313 350 
1 1 1 1 5 5 53 53 348 375 375 375 375 393 393 400 400 400 400 441 441 441 
292 292 
257 305 392 392 477 
144 144 
76 76 106 106 106 106 106 295 
236 236 254 275 275 303 303 415 422 422 460 460 460 
39 
201 201 201 201 219 454 
7 7 157 169 169 169 212 212 271 296 310 374 374 374 375 
503 503 

40 40 55 55 56 60 69 79 79 117 129 129 164 184 184 184 192 192 195 195 195 201 201 201 230 230 267 267 267 268 268 268 268 275 283 283 344 344 351 354 354 354 354 356 388 401 411 411 411 415 415 415 432 432 447 460 487 
83 83 83 104 
272 272 272 505 505 505 505 
48 48 48 48 48 405 
476 476 476 496 
62 137 137 137 405 405 405 405 
65 76 416 416 416 416 
311 311 311 413 424 424 
210 210 210 210 325 325 358 358 
76 207 478 478 478 
70 70 113 184 184 
170 170 170 170 288 368 
150 150 265 265 265 408 505 505 505 
40 40 195 195 
62 62 62 109 109 109 336 336 336 336 336 374 374 417 417 442 442 442 
286 286 
344 
71 71 71 71 71 
230 350 350 350 350 
5 5 
273 354 354 
227 305 305 305 
184 409 
338 377 377 377 377 458 458 458 
354 354 494 
81 81 213 329 
292 292 292 364 364 
315 315 315 
334 334 385 385 385 385 
197 248 248 248 
7 7 7 271 271 391 391 391 
39 101 191 191 191 195 195 204 204 236 236 236 268 268 471 471 
191 191 204 236 236 236 236 267 267 450 450 450 450 

76 76 76 193 193 193 193 209 361 361 361 
3 3 3 7 9 9 26 26 26 139 139 139 139 158 203 203 203 218 233 266 266 282 282 282 287 297 339 339 354 354 374 374 375 375 401 408 408 412 427 427 427 442 453 453 453 
160 238 238 238 
5 5 256 354 472 472 475 475 
219 402 
230 230 236 
157 157 319 370 
343 343 343 343 343 
60 60 
5 5 184 184 307 307 307 
308 308 467 467 467 
67 67 67 298 298 298 347 347 356 421 421 
195 195 195 195 271 271 271 374 374 374 374 427 427 
177 177 236 236 351 351 351 351 415 
184 
56 56 56 191 191 204 
106 106 193 251 251 
152 271 
110 110 110 247 447 447 447 447 447 
66 184 394 394 394 495 495 
23 23 97 97 171 171 171 171 196 196 
184 184 426 
52 52 52 52 76 76 184 184 226 226 262 262 262 364 364 364 364 
117 117 117 206 408 436 436 436 436 450 462 462 462 462 
58 58 397 397 408 437 437 
229 309 309 
169 233 425 
271 327 327 327 327 408 
175 175 175 281 281 281 347 
54 182 182 
177 177 
114 
385 485 485 485 
206 230 230 
9 9 9 9 56 56 56 96 191 191 
159 205 227 257 257 257 343 343 392 392 
87 87 370 408 
279 279 279 354 354 465 465 465 
280 280 
35 210 210 210 295 295 358 358 358 400 
67 67 67 79 79 79 192 192 192 192 212 212 212 233 364 364 364 364 
243 243 243 
84 84 85 85 162 162 162 162 
8 8 8 224 224 
35 214 214 215 222 222 349 349 354 354 354 413 413 418 429 434 434 455 455 455 467 481 481 481 481 483 483 489 494 
73 73 73 94 94 263 263 263 336 336 336 486 486 
182 220 220 220 220 
182 182 182 398 413 494 

276 354 

83 83 83 83 83 323 323 359 359 
76 76 162 186 465 465 
42 42 42 42 321 321 
41 41 41 112 112 112 140 378 
72 153 153 153 244 244 358 424 424 444 444 444 503 503 
90 413 
297 297 297 297 
76 96 96 96 96 96 209 
82 82 82 165 261 
39 62 62 369 369 369 428 
22 
407 413 420 420 420 420 
413 413 
264 264 
15 15 15 77 174 174 413 413 
250 250 250 250 250 315 315 315 486 486 
207 
51 51 51 184 259 415 
46 145 145 271 271 381 381 391 408 408 427 427 427 427 427 452 452 
2 54 
505 

277 277 277 277 277 305 305 392 392 392 392 
69 147 147 173 236 236 252 447 447 
52 138 138 138 138 
27 27 27 106 106 106 444 444 444 
67 281 281 298 421 506 506 
85 225 
314 314 473 473 481 
8 196 224 254 254 254 254 
236 283 283 283 283 383 383 383 
402 402 
76 365 456 456 456 
5 5 5 31 31 31 41 41 76 76 99 99 151 151 236 236 236 236 256 256 260 260 271 271 273 307 307 314 314 314 319 396 396 396 450 462 462 462 490 502 502 508 508 508 
12 12 12 202 202 208 
11 11 236 281 
431 431 496 496 496 
38 38 72 89 90 90 141 193 244 244 309 309 309 325 413 413 503 503 
61 61 61 321 321 
76 91 91 
50 50 76 270 270 270 
43 65 193 193 413 413 
24 182 
118 118 262 262 292 292 292 292 310 310 310 310 
353 415 432 
490 
114 114 181 181 496 496 496 
247 
330 330 330 
276 306 
176 176 176 176 176 179 179 
106 106 190 190 
196 
154 154 233 233 233 250 250 271 271 282 282 282 282 375 408 408 417 417 421 442 442 442 
212 225 225 225 225 233 271 271 374 
168 168 168 174 190 222 222 
259 259 259 259 458 458 
220 220 220 324 
77 103 146 
134 134 
46 46 46 46 64 64 133 133 133 139 339 339 395 395 408 408 
161 161 500 500 500 
75 165 165 351 351 351 415 415 463 463 463 

11 264 264 264 264 302 
86 86 137 198 198 
124 124 
56 56 56 56 70 70 70 236 423 487 
82 115 115 115 130 130 134 497 
17 391 391 400 400 
266 266 266 339 390 390 400 
227 227 305 305 343 343 343 343 482 
225 225 441 441 
81 81 289 289 289 
46 46 139 139 151 151 151 151 381 381 
184 184 354 354 354 
58 58 173 173 173 173 294 294 
317 
41 418 418 418 
5 5 50 50 50 225 225 225 225 309 390 390 391 
40 40 236 271 
39 39 94 94 94 274 352 352 405 428 428 
427 
6 6 6 182 
39 73 73 206 206 239 241 241 241 241 402 
0 
332 413 413 413 413 
3 3 3 3 5 5 5 5 25 26 26 87 87 87 150 158 158 218 248 271 271 293 294 297 306 339 339 374 374 381 381 437 437 470 
36 70 70 70 70 112 112 258 484 484 484 484 484 

236 236 236 
271 
45 74 74 76 76 119 119 132 167 174 174 175 182 182 187 193 220 220 222 222 243 314 314 317 326 332 333 333 335 335 358 358 362 362 407 407 407 407 439 448 448 455 455 455 494 
22 22 55 55 55 55 55 93 93 93 93 93 108 108 
37 37 57 75 129 165 184 184 184 201 201 230 236 236 236 283 338 365 383 383 432 432 463 
242 242 242 242 423 
9 149 149 250 250 374 374 
80 80 95 95 95 314 399 399 399 

18 98 332 332 332 332 441 
192 281 281 347 374 506 
196 230 230 
76 388 416 
25 243 243 325 325 
103 296 
16 16 16 113 113 184 184 291 
271 271 271 282 282 339 339 339 339 339 403 
20 20 123 123 123 330 402 402 468 
314 
62 219 219 219 
357 357 496 496 
211 211 236 236 365 415 415 460 460 
159 159 159 
314 314 
449 
22 293 293 293 293 
150 150 294 294 408 408 
182 460 
35 35 35 35 45 161 161 413 
76 186 186 186 
1 1 98 98 98 198 225 225 225 393 393 420 
109 109 250 250 250 271 374 374 374 468 
134 134 
59 182 182 182 325 325 325 346 346 346 459 
41 41 99 156 156 156 
56 56 129 129 129 129 191 
236 288 288 288 288 288 344 344 
413 413 
435 467 467 
41 101 101 101 101 101 156 268 268 268 268 293 354 462 462 
162 162 162 
37 339 339 464 464 
155 155 155 271 271 271 
4 4 124 124 131 202 202 219 232 
17 111 111 111 111 125 125 182 182 314 314 314 413 413 413 
76 353 353 353 478 478 478 478 
41 
259 259 259 377 377 
13 47 47 47 47 444 
211 211 230 230 230 236 432 432 438 
22 22 22 22 
293 293 293 293 354 354 354 450 450 
63 63 63 383 383 383 415 
452 452 
64 307 307 307 322 322 
72 72 
152 152 152 215 215 280 280 280 314 449 449 
428 442 
159 477 511 511 511 
408 
101 195 195 267 267 
213 273 273 
126 349 349 491 491 491 491 491 
56 487 487 487 
5 5 5 273 273 
10 10 10 100 100 240 240 240 496 496 
159 166 227 469 
207 207 245 245 245 456 456 456 456 
193 
23 127 127 171 
314 314 314 314 349 
392 
30 30 65 65 65 65 65 96 96 96 314 314 
409 409 409 409 409 
302 302 302 
31 120 120 315 315 336 336 489 
56 56 236 388 474 474 474 

31 120 120 314 486 
184 184 354 366 
185 473 473 473 473 473 

3 
35 35 35 260 314 317 413 
289 289 
197 197 197 240 357 357 357 367 367 367 431 431 476 476 
22 22 389 
51 160 
182 182 
161 382 382 382 
54 76 
222 354 354 
234 234 325 325 358 358 
88 88 
238 238 238 238 248 248 248 341 
347 347 421 
104 104 
5 86 192 192 192 192 198 354 354 354 

159 159 
159 159 469 469 469 
