nodes: 512 edges: 1602
381 381 
85 85 85 85 441 441 443 
28 183 183 189 189 189 260 260 260 
271 271 493 493 
454 454 
34 48 50 50 50 50 88 88 184 184 198 225 225 225 255 273 273 279 279 280 280 280 354 354 354 400 400 400 441 441 441 443 443 443 443 504 504 504 508 
195 195 195 
233 427 
224 224 224 313 313 350 413 413 
203 
240 240 240 240 476 496 496 496 
264 264 264 
147 184 184 184 184 202 355 355 
76 118 118 118 118 118 229 229 229 
184 184 
16 182 182 182 184 184 184 
15 184 
390 390 448 448 
85 85 
287 
102 102 102 428 
31 
108 108 115 166 389 414 414 421 421 436 436 461 497 
171 176 176 290 

308 346 346 346 346 408 408 
44 357 408 
47 122 346 353 
2 178 183 183 183 
56 487 
180 180 181 181 181 181 222 222 483 
21 155 155 184 184 184 354 354 489 
496 496 496 
67 67 
5 
210 210 309 309 
106 106 
406 406 415 415 
118 199 326 358 
62 159 159 166 206 206 206 219 219 231 241 267 274 302 330 402 402 477 
67 67 249 249 
85 85 85 137 151 151 156 160 184 184 354 354 354 399 445 445 445 450 450 457 502 
321 321 
193 
26 214 214 
76 76 358 413 413 413 439 
64 339 339 381 381 
27 76 76 346 459 459 459 
5 
236 420 
5 5 5 5 58 58 58 255 400 
292 292 292 292 292 354 
345 380 
208 377 377 377 377 
109 299 299 299 501 501 501 
195 236 236 267 
29 236 304 377 446 446 474 487 
415 415 
50 50 50 294 294 294 397 
192 192 192 

381 381 381 464 
39 241 330 330 430 430 
383 383 463 463 
46 287 381 
193 193 362 362 416 
141 141 362 
33 33 40 40 192 281 281 298 298 298 298 347 347 
179 296 
344 344 344 
184 246 246 258 258 258 259 259 259 259 
330 330 354 428 428 428 428 
208 208 208 251 251 251 413 466 
94 128 315 398 398 398 398 
76 76 76 413 413 
383 383 383 463 463 508 508 508 
13 45 45 47 47 74 74 74 107 107 109 109 109 109 109 119 184 184 184 186 199 199 207 228 228 228 229 242 245 245 292 292 314 314 322 322 346 346 353 353 353 354 360 360 360 361 410 410 410 410 413 413 423 423 440 456 456 459 478 
196 196 196 413 

438 438 438 438 438 
314 314 418 418 418 
82 82 130 130 130 184 184 184 261 261 276 289 289 389 389 389 394 
81 81 143 143 389 389 
230 236 236 
85 85 118 118 118 118 118 312 312 348 490 
1 1 1 1 18 18 41 41 41 84 84 441 441 441 441 465 465 465 465 465 475 475 475 475 
254 254 254 508 
306 306 306 306 370 370 408 412 
5 5 295 504 504 
303 358 

189 189 189 
182 500 
177 177 236 236 236 259 415 415 415 
73 315 315 
276 276 276 276 314 314 314 
224 
290 
223 441 441 
354 354 401 
197 197 476 476 496 496 
170 267 267 267 378 471 471 471 
20 20 20 117 117 117 117 135 216 216 
146 146 146 379 379 
116 116 134 134 134 134 134 236 236 236 237 346 346 346 346 366 507 507 507 
431 431 508 
36 36 117 190 190 372 
76 76 
22 22 115 115 115 115 331 331 
54 76 76 76 76 76 
176 247 247 401 
182 182 234 234 
355 355 355 355 355 
289 
294 294 294 367 367 367 
22 108 108 108 108 441 461 497 497 497 497 
104 104 184 184 303 303 303 415 415 415 
102 102 102 102 106 125 125 125 184 184 236 418 418 
13 13 13 13 13 38 84 84 84 84 84 
76 122 222 237 339 374 413 413 413 508 
239 239 239 486 489 489 
130 130 130 130 157 157 159 159 159 171 171 171 171 389 
27 119 222 222 310 353 353 353 
180 468 468 468 
154 387 454 454 
117 117 117 136 136 
185 185 491 
371 
73 494 494 
275 275 283 
81 81 81 121 121 121 121 389 389 
257 257 257 
413 

104 104 104 104 104 380 406 
102 473 
125 125 420 420 420 420 
41 184 184 
164 164 236 461 
381 381 381 
170 320 320 332 332 332 378 378 378 
66 66 237 325 
389 
82 82 217 217 217 
282 282 445 
452 
103 103 103 379 379 379 381 
12 236 236 344 
191 304 304 452 
250 
248 408 
41 41 198 198 354 354 508 508 508 
175 175 262 262 292 364 364 364 368 368 
325 325 390 
124 211 
31 31 243 243 243 
41 287 287 287 287 450 492 492 492 
121 121 261 
194 194 271 271 348 408 408 408 508 508 508 
39 39 121 121 121 177 177 177 177 188 227 231 231 231 330 330 402 428 428 469 469 477 
41 236 272 272 272 312 312 498 498 
390 455 
208 228 228 228 228 228 322 

138 138 293 293 293 
329 329 329 
22 39 477 477 477 
455 
209 390 390 390 413 
233 233 265 296 296 368 368 368 371 
101 140 217 371 371 371 471 471 
23 121 121 121 121 184 
449 
344 344 
222 222 222 376 376 413 
152 152 262 262 262 262 373 413 
23 23 110 247 247 
93 93 159 159 159 159 283 283 300 300 414 414 414 414 415 415 415 
28 373 
68 407 407 432 
30 30 123 222 334 
30 30 30 30 216 216 216 367 
15 15 15 92 111 111 220 220 220 340 363 363 404 404 404 444 499 499 
2 2 28 28 28 260 260 260 304 
5 5 12 12 12 12 14 14 15 15 15 16 31 31 31 41 41 70 76 76 76 81 81 81 116 116 117 117 137 137 171 202 202 202 202 202 221 221 236 236 236 246 246 258 265 267 284 284 292 292 307 345 354 354 355 356 366 366 396 396 396 409 415 415 426 465 465 490 490 
126 126 473 491 
76 245 245 245 328 328 328 328 373 373 440 440 
382 382 382 382 
159 477 
2 2 2 91 91 91 437 
106 106 372 
148 236 236 236 267 268 268 268 446 474 474 474 
59 59 59 67 281 281 298 298 
43 65 65 286 358 362 362 479 
158 158 230 230 230 
6 6 6 55 236 236 404 404 404 
77 77 77 200 200 290 350 422 422 
100 100 340 496 496 
5 151 151 386 386 508 
38 76 76 207 
196 196 
211 211 211 236 236 415 415 
12 184 184 184 184 184 
9 
267 274 274 274 274 274 348 

39 39 39 402 
76 199 337 337 337 478 478 
53 72 72 72 162 
168 328 413 
35 35 309 
154 201 201 201 236 460 460 
233 310 310 505 
338 338 338 338 
44 44 215 314 
214 387 387 387 434 434 434 467 
102 102 181 181 181 
143 143 143 170 
271 271 327 327 
39 39 402 427 
182 182 182 
184 184 370 370 
30 30 119 122 122 174 174 174 180 314 376 376 413 413 483 
98 488 488 488 488 
8 8 8 96 313 313 350 350 
5 5 5 259 377 419 419 419 458 
292 
159 257 343 343 392 392 
76 76 76 162 162 162 162 162 398 398 398 
13 13 13 76 295 295 360 360 360 360 360 
83 194 194 194 236 236 236 236 236 303 303 405 415 
39 159 159 159 267 267 267 267 
454 454 454 
7 169 169 212 271 271 271 374 374 375 375 
111 111 375 375 503 
430 430 430 487 487 
49 55 55 56 83 83 93 93 93 104 104 104 117 138 147 147 160 184 184 184 191 191 191 195 195 201 201 211 230 230 230 230 230 249 252 252 267 267 267 269 269 269 269 275 275 300 300 356 356 415 415 432 432 460 487 
104 119 141 

120 120 120 306 306 306 342 342 405 405 405 
10 10 10 10 476 476 496 
39 62 425 425 425 432 
76 260 260 260 413 413 413 413 
155 155 155 413 494 494 
325 325 358 
76 76 186 186 186 
70 70 184 184 267 267 267 
110 110 176 176 288 401 
150 408 408 
40 40 236 
149 374 374 401 401 401 417 417 417 
72 72 72 
236 236 
330 330 
86 86 86 415 508 
5 50 
273 273 354 354 354 488 
131 131 131 227 305 
70 70 70 184 409 409 
70 70 70 70 93 225 
2 2 2 183 183 183 242 242 242 
81 81 157 329 
152 152 175 175 175 175 410 
315 315 315 315 
11 11 11 385 385 
169 184 

39 55 101 101 101 184 191 204 231 231 231 231 236 236 236 246 246 246 268 268 268 274 356 378 378 471 471 
191 191 191 267 267 267 274 274 274 274 
236 236 236 236 365 365 415 415 
286 286 
3 3 158 158 218 218 233 233 233 282 282 282 287 297 297 297 327 339 339 354 354 354 374 374 374 375 391 391 401 401 401 408 408 427 427 427 442 442 453 
160 160 160 
5 5 256 256 354 472 475 475 
39 204 204 204 204 204 267 268 268 268 268 
129 129 236 236 
81 95 95 95 95 
338 371 

5 5 
5 5 5 308 308 308 449 449 467 
67 67 192 192 298 
144 144 271 271 271 427 427 
129 177 177 
184 184 
373 
193 270 270 
19 64 156 156 156 156 271 412 412 412 
247 401 401 401 
81 81 113 359 
23 97 196 480 480 
426 426 426 
51 51 51 51 51 76 76 152 184 184 226 364 364 444 
164 164 164 408 408 
58 58 58 114 114 114 397 397 397 437 
88 229 229 378 378 378 509 509 509 
68 169 169 389 389 389 389 425 
271 271 271 408 
67 67 67 67 192 192 281 
54 54 54 
177 177 236 236 
339 339 
39 321 321 485 485 485 
89 116 116 116 230 230 304 365 365 365 365 415 415 
56 148 148 183 303 
257 389 392 392 392 482 482 
87 87 87 87 239 239 239 370 
184 354 354 354 396 465 
25 280 280 280 364 364 467 467 467 
35 35 210 484 484 484 
122 212 212 353 353 375 375 
348 348 
84 84 160 160 
8 8 224 224 
76 76 80 80 95 95 95 214 222 349 349 354 398 413 413 449 455 455 455 467 467 
73 94 94 263 263 263 263 336 336 336 486 486 486 
444 444 
398 398 413 
382 
354 429 429 429 
140 140 
42 42 302 302 
76 76 162 509 509 509 509 
359 359 
508 
141 153 153 244 244 358 358 503 503 503 
38 
218 218 271 
186 186 186 186 209 
165 165 165 261 
39 62 62 71 71 159 159 253 253 369 369 425 425 425 425 425 428 428 
108 108 406 
140 140 140 413 
339 339 339 385 385 385 413 413 452 452 452 
180 385 385 413 

315 315 315 
207 207 207 
213 213 213 213 277 
46 46 119 271 271 301 301 333 333 333 395 403 403 403 408 408 427 427 427 452 470 470 470 
182 197 

239 239 
227 227 
69 69 69 147 173 173 447 
52 184 
25 25 25 25 27 47 76 76 104 104 104 104 459 
67 67 506 506 
84 158 204 311 311 
314 314 371 481 
8 196 224 224 
432 432 
402 
27 76 76 76 122 122 122 310 310 456 456 
5 5 5 31 31 41 41 41 51 71 76 99 99 151 151 184 184 256 256 256 271 271 271 273 307 307 307 314 319 396 411 450 450 490 490 490 502 502 508 
12 12 112 112 112 112 112 184 388 388 388 490 490 
184 236 236 267 
26 367 431 431 431 
38 45 89 193 244 325 325 466 466 
289 323 323 495 495 495 
76 76 76 229 229 229 229 229 
76 
65 65 66 193 193 
182 182 
152 152 152 292 292 308 308 410 410 410 
269 269 303 303 303 303 
104 184 184 
114 114 114 181 357 
152 152 169 169 169 442 442 442 
330 330 
87 87 221 221 306 
127 169 170 170 170 277 349 
106 190 449 449 449 449 
175 178 186 186 285 
119 233 233 250 250 271 271 271 408 408 417 417 417 442 468 505 
233 233 234 234 271 310 310 
174 174 222 222 
53 53 53 53 56 225 393 
101 140 140 140 267 267 295 295 295 
103 103 146 146 146 
52 134 
0 0 46 46 61 61 61 64 139 139 139 146 395 395 395 
187 187 187 187 318 
63 63 75 75 75 432 432 
449 
264 264 333 333 333 334 334 413 413 
198 198 
124 215 215 215 434 434 434 434 
355 355 355 474 474 
22 81 81 81 82 82 121 130 130 142 296 296 296 296 305 414 421 421 421 421 497 497 497 506 
17 17 153 161 168 168 168 448 465 
271 271 
227 227 305 305 305 
377 458 474 
81 495 495 
339 381 381 381 
184 184 184 307 354 465 465 465 465 
58 294 294 294 
73 73 73 73 228 228 228 314 317 317 
41 
5 5 5 50 
99 110 247 250 250 250 271 271 271 288 288 288 
39 39 159 206 219 352 
339 339 339 427 
182 182 182 195 195 195 
230 239 239 239 
37 37 134 331 
179 179 
25 25 26 87 150 158 158 158 248 248 271 271 293 293 297 339 339 374 374 437 437 453 453 470 470 
184 258 258 
76 76 76 76 262 364 364 364 
354 462 462 
87 287 287 287 458 
8 8 45 45 45 72 74 74 76 76 77 119 119 119 132 168 174 175 209 222 222 242 242 242 242 243 314 314 317 332 333 333 334 385 385 424 439 448 455 494 
22 22 177 177 177 177 389 
37 37 57 57 93 93 93 116 116 116 177 177 177 184 184 201 201 230 236 236 254 269 269 303 303 432 432 463 463 
65 
250 250 250 374 374 374 
80 80 80 117 117 
225 225 225 
49 136 136 136 136 441 441 
22 22 389 389 389 389 435 
196 196 
76 76 
413 
241 241 241 296 330 330 330 330 330 
184 291 291 291 
7 219 271 271 271 282 282 339 339 339 403 
20 71 71 71 71 159 159 330 330 
319 319 319 
62 62 235 235 235 
105 105 357 357 357 440 
179 236 236 241 351 351 383 383 415 415 460 460 

215 215 215 387 387 387 387 
421 449 
22 22 474 474 474 
189 294 408 408 
79 79 79 79 79 
45 413 
76 186 186 431 
1 1 5 5 5 85 85 85 85 98 98 115 420 420 475 475 475 475 
271 271 368 368 368 374 468 
1 5 5 5 5 
182 292 316 316 
41 41 41 144 
56 56 191 
344 464 464 464 464 
17 17 390 413 455 
172 280 280 314 372 372 372 372 384 435 467 467 467 
41 41 156 354 354 460 460 460 460 460 

145 148 333 333 333 339 467 
271 408 408 
4 4 124 124 232 232 232 
161 167 314 314 314 413 448 
76 76 353 353 491 
41 
225 393 412 
47 47 47 76 346 
211 211 236 432 432 450 450 450 450 450 
22 115 138 497 
411 411 
63 63 75 75 415 415 
61 447 447 447 447 
85 85 85 85 85 184 184 307 390 396 396 396 396 
72 358 358 
215 280 308 308 308 314 314 449 449 449 452 
123 123 123 374 442 
159 159 511 511 
339 339 339 408 408 474 474 474 
101 101 101 170 170 267 267 
273 475 475 
135 185 507 
56 191 191 191 388 388 393 436 436 436 470 470 470 487 
85 85 85 85 273 273 441 441 441 441 472 472 
10 100 100 240 240 496 496 496 
39 159 166 166 166 188 
76 207 207 
193 
290 290 
349 
305 305 
30 222 
309 309 309 488 488 488 488 
302 302 302 
120 315 315 315 489 489 
29 56 235 235 236 474 
223 223 223 223 256 484 484 484 484 
31 120 120 486 486 
84 184 184 354 354 354 355 355 
126 185 456 
156 156 156 
3 3 
128 128 243 243 413 
359 359 359 394 394 
10 10 10 32 32 32 100 100 197 197 240 476 476 476 
22 115 115 115 115 389 389 389 461 
160 160 
182 182 
92 
54 54 54 
41 354 354 
234 325 325 325 
5 5 5 88 88 
212 374 
347 347 389 
104 104 104 473 
5 75 75 75 86 105 119 151 151 151 158 158 158 198 254 324 354 
295 295 295 322 322 322 322 

469 469 
