nodes: 512 edges: 1594
381 
85 85 441 443 
28 28 91 111 111 111 183 189 260 260 
5 142 271 271 271 493 493 
327 454 
3 34 34 48 48 48 50 50 50 88 88 184 184 198 198 225 255 273 279 280 280 280 280 280 354 400 400 400 443 443 456 504 504 508 508 
195 195 195 195 
233 233 233 427 
196 224 224 224 350 413 
203 203 203 203 218 
240 240 240 476 496 496 496 
264 264 
184 184 184 202 355 
76 118 118 118 118 229 229 
117 117 184 184 
16 16 182 182 184 184 184 444 444 444 
15 15 184 
448 448 448 

104 
102 
31 31 
108 108 115 389 389 414 421 421 436 436 461 461 497 497 
171 176 176 176 176 176 290 
225 
346 346 346 
44 158 158 357 408 
122 122 122 346 346 346 353 353 353 
2 2 178 178 178 183 183 183 
56 487 487 
181 222 483 483 483 
21 21 155 155 155 155 172 184 184 243 243 243 243 243 354 
496 496 496 
67 67 192 192 192 
5 5 
210 222 222 309 413 413 
106 106 
83 406 406 
90 118 326 358 358 
62 62 159 159 166 206 206 206 219 231 267 267 274 330 330 402 402 477 477 
67 67 192 192 
85 137 137 151 156 156 156 160 184 184 184 324 324 324 399 399 445 445 445 450 450 457 457 457 
321 321 321 
193 193 193 
26 137 214 214 
76 358 413 413 439 
339 381 381 381 
459 459 
5 5 5 387 
236 236 236 420 
5 5 5 58 58 58 92 400 
292 292 292 
184 
377 377 377 377 
299 299 
195 236 236 267 
29 236 377 438 446 487 
146 415 415 415 
50 50 50 294 294 397 397 
192 444 444 
201 
359 359 359 
39 39 241 241 288 330 330 430 430 

287 287 287 
193 193 193 362 
141 141 362 362 
33 33 40 40 281 281 298 298 298 298 347 347 347 347 
179 179 296 296 
236 
184 246 246 258 259 259 
330 428 428 428 
251 251 325 413 413 413 466 466 
94 94 128 315 398 398 398 398 
76 76 413 413 
383 383 463 463 508 508 
13 45 74 74 78 107 107 109 109 119 184 196 199 228 229 242 245 245 292 292 299 299 314 322 322 346 353 354 354 360 361 361 361 410 410 413 413 423 423 423 440 456 456 509 
196 196 413 413 
76 
236 438 438 438 
314 418 418 
130 130 261 261 289 289 329 389 394 
143 143 389 389 
37 230 237 237 
118 312 312 348 348 348 490 
1 1 41 160 348 348 465 465 465 465 475 475 475 475 475 
198 198 254 254 254 254 508 508 
306 306 370 408 
5 5 295 504 
303 358 
38 358 358 
2 189 189 189 
50 182 182 182 182 404 404 413 413 
177 177 177 236 236 236 236 259 259 259 259 259 415 415 415 
73 73 315 
276 276 314 314 314 314 
224 224 224 
171 171 290 290 290 
441 441 
156 288 320 354 354 354 401 401 401 508 
197 476 476 476 496 496 
170 170 195 195 267 267 471 471 471 
20 117 135 216 
146 379 379 415 425 
19 116 116 134 236 236 236 237 237 237 346 346 346 366 507 
372 431 
36 36 190 190 190 190 190 372 372 
76 76 
22 22 115 115 115 115 331 331 331 414 414 480 
76 76 483 
176 176 176 247 
2 2 2 
355 355 355 355 
237 289 289 289 289 
294 294 294 367 
22 108 108 108 108 461 497 497 
104 104 184 184 303 415 415 415 451 
14 14 102 125 125 136 184 184 184 236 236 418 418 418 
13 13 13 13 38 84 
76 122 122 122 207 222 222 299 299 339 374 413 508 
239 239 239 239 486 486 489 489 
130 130 157 157 159 159 171 171 389 389 
27 27 27 119 119 119 222 222 222 310 353 438 
180 468 468 
154 387 454 454 454 
117 117 136 136 136 
185 185 491 
290 371 
73 413 448 494 494 494 
275 275 275 342 
81 81 121 121 389 
257 257 257 257 257 

381 381 
104 380 380 406 
102 473 
117 125 125 125 420 420 
41 41 44 184 184 
164 164 236 
381 381 
320 332 332 332 332 378 378 
66 66 325 
3 389 
82 82 171 217 217 217 
282 
319 
57 103 169 379 379 
466 
191 304 304 452 452 452 452 452 
250 250 250 349 
248 248 408 
41 198 198 198 354 354 508 508 508 508 
175 175 262 262 262 364 368 368 368 368 
325 325 325 
124 211 374 374 
31 31 31 31 243 413 
41 41 41 99 287 287 450 450 492 492 
121 121 276 276 
26 26 194 194 271 271 408 408 408 508 508 508 508 
39 39 121 121 177 177 177 177 177 188 188 231 231 330 330 402 402 428 428 428 469 469 469 477 477 477 477 510 511 511 
41 85 312 498 498 

208 208 208 228 228 228 322 

138 138 293 293 
329 329 329 
39 477 477 477 
220 220 455 
390 413 413 
146 233 265 265 296 368 368 368 
101 101 371 371 371 471 
23 97 97 121 121 143 290 290 
31 449 
344 344 344 
335 335 335 376 376 413 
152 152 262 373 407 407 413 413 413 
23 23 23 23 23 110 110 110 247 247 
93 93 93 159 159 159 159 159 283 283 300 300 300 414 414 415 
28 28 28 183 373 
68 68 407 
123 222 222 334 334 334 334 
30 216 216 
15 15 92 92 92 92 220 340 340 340 363 363 385 404 404 413 444 444 499 
2 28 28 28 178 260 260 304 
5 5 12 12 12 14 14 15 15 15 16 31 31 41 41 41 52 70 76 116 116 117 117 117 137 137 202 202 202 202 213 236 236 246 246 258 258 258 258 265 267 267 267 279 284 284 292 307 307 315 324 324 324 354 354 396 396 409 409 415 415 415 426 426 465 465 488 490 490 
126 126 473 491 
245 245 245 328 328 328 373 373 373 373 440 440 
382 382 382 
159 159 477 477 477 
2 91 91 91 
106 106 106 106 106 372 372 372 
148 236 236 236 267 267 268 446 474 474 
33 33 33 40 40 59 281 298 298 298 
43 43 43 65 65 65 286 286 358 358 362 413 479 479 479 500 
158 158 230 230 230 230 
6 6 6 6 55 101 101 236 236 404 404 
8 76 77 77 215 290 290 350 350 373 373 373 382 422 422 
100 372 496 496 
5 5 86 86 151 151 151 386 508 508 508 
76 207 

60 211 211 211 211 236 415 415 
12 184 184 184 184 
9 9 9 9 
267 

39 39 39 
119 199 337 337 478 
162 162 162 
328 328 328 413 413 413 
35 309 309 
154 201 201 201 201 236 460 460 
233 310 505 505 505 505 505 
184 338 338 338 338 
44 44 215 215 314 
196 214 214 314 387 387 434 
102 181 181 
143 143 143 
9 271 271 
39 232 232 274 454 454 454 510 
167 167 182 413 413 
370 370 370 370 370 
30 35 35 119 119 122 122 122 180 180 314 413 413 
488 488 488 488 
8 8 8 96 96 96 313 350 350 
5 24 259 259 377 377 393 419 441 441 458 
292 
257 343 392 392 
76 162 162 162 398 
13 13 76 295 295 316 360 360 
83 194 194 194 194 236 236 236 303 415 
39 159 159 267 267 
219 219 454 454 
7 7 7 169 212 271 271 276 374 374 374 375 375 
375 375 375 503 
388 430 430 430 430 487 487 
49 49 49 55 55 56 69 79 93 93 93 93 104 104 104 117 117 138 184 184 191 191 191 195 195 201 211 230 230 230 249 252 252 267 267 269 269 269 269 283 283 300 300 300 351 356 415 415 415 415 432 432 432 438 460 487 487 487 
83 83 104 104 104 113 

120 120 120 120 306 306 342 342 405 405 
10 10 10 476 476 496 496 496 
62 62 425 425 425 
76 260 260 413 413 413 
31 31 31 31 31 155 311 311 413 494 
325 325 358 
76 76 186 186 186 
70 70 184 184 267 267 404 
110 176 176 
150 150 408 412 
236 
149 149 149 374 374 374 401 401 417 417 417 
72 72 
236 236 
330 330 330 
86 86 86 86 415 415 415 508 
5 
354 
131 131 131 131 131 227 305 
70 184 184 184 184 409 
70 70 93 93 93 93 93 225 225 
2 2 183 183 242 242 
81 81 329 329 
152 152 152 175 410 410 410 
315 315 315 315 315 
11 11 334 385 385 
169 169 184 
282 
39 39 55 101 101 184 184 184 191 191 204 231 231 236 236 246 246 356 378 378 378 471 471 471 
191 274 274 274 285 
236 236 236 236 365 365 415 415 
286 
3 3 3 158 158 218 218 233 233 282 287 297 297 297 327 339 339 354 354 354 374 374 391 391 391 401 401 401 401 408 408 408 412 412 427 427 442 453 

5 354 354 472 472 475 
39 219 268 268 268 402 402 
129 129 129 
95 95 157 157 233 383 
371 415 415 

5 184 
5 5 5 5 5 308 308 308 449 449 467 
67 67 192 298 298 421 421 
144 266 271 284 427 427 
177 177 236 236 415 
184 184 282 
268 373 
193 193 270 
64 64 64 156 156 271 412 412 412 412 
62 99 401 
81 81 113 113 113 113 
23 97 97 97 127 171 171 196 196 
354 354 354 426 426 426 
51 51 51 76 76 184 226 364 423 423 
164 164 408 408 
58 58 114 114 114 397 408 437 
88 229 229 378 509 509 509 
68 68 169 389 389 425 
271 271 271 408 408 
67 67 67 67 192 192 192 281 281 
54 54 76 76 119 119 494 
177 177 177 236 236 236 
339 339 339 
321 321 321 321 485 485 485 
89 116 230 365 365 365 415 
148 148 183 
257 392 392 392 482 
87 87 239 239 
184 184 354 354 465 465 
280 280 280 364 364 364 364 364 467 467 
35 210 210 
122 212 353 353 375 375 
243 243 348 
84 84 160 
224 
76 80 95 95 95 95 214 215 222 319 349 349 354 354 384 413 413 413 418 434 449 449 467 
73 94 184 263 263 263 263 263 486 
229 444 444 
398 398 
413 
145 314 354 429 429 
99 140 
42 42 42 302 302 302 302 323 
76 76 162 509 509 509 
321 
41 41 41 184 184 184 508 
72 141 153 153 153 244 244 358 358 503 
38 
4 271 
186 186 186 209 209 209 
81 165 165 165 261 261 
39 39 62 62 71 159 159 253 253 253 369 369 428 428 428 
108 108 108 406 
140 140 140 140 407 407 413 
339 339 385 385 385 452 452 452 452 
180 180 180 180 264 385 385 385 
174 174 174 448 

207 207 
213 213 213 213 415 
46 119 271 271 301 301 301 333 333 381 381 403 403 403 408 427 427 470 
182 182 182 

129 239 239 
227 
173 173 173 447 

25 25 25 27 27 27 76 104 104 104 459 509 
67 67 67 67 
84 84 84 85 85 311 
149 314 314 481 481 481 
8 196 196 224 224 
236 432 
402 
27 27 27 76 122 310 310 456 456 
5 31 76 76 99 99 99 151 151 184 184 256 271 271 271 273 273 291 291 291 307 307 314 314 319 396 411 426 450 450 502 502 508 
12 112 112 112 112 388 388 388 490 490 
236 267 
26 367 367 367 431 431 431 496 
38 38 45 89 90 90 193 193 244 325 325 466 500 503 503 
61 61 61 495 495 495 
76 229 229 
76 76 76 
65 66 66 193 413 
182 182 
152 292 308 308 308 308 308 410 
269 269 303 303 303 415 
104 
114 357 357 357 496 
152 152 152 152 169 169 169 442 442 442 442 
330 330 
87 221 221 221 221 221 
127 170 170 170 277 
105 106 106 190 190 190 197 
175 178 186 186 186 186 196 196 196 285 
119 154 154 233 233 233 250 250 250 271 271 408 408 417 417 442 442 505 
233 233 234 234 234 310 310 
174 174 
53 53 53 53 56 225 225 393 
140 140 267 267 267 295 
103 103 146 146 
134 134 
0 46 46 46 133 133 139 139 339 339 395 395 408 
187 187 187 196 
75 75 276 415 415 432 
314 449 
182 264 264 333 333 333 334 334 334 413 
198 
48 124 215 215 434 
235 355 355 355 474 474 474 474 
22 22 81 82 82 121 121 130 142 296 296 414 421 421 497 497 506 506 506 
168 465 
271 271 271 
227 227 305 305 305 
225 377 458 474 474 474 
81 495 
381 381 
184 184 354 465 465 
58 58 294 
73 73 73 73 228 317 317 
41 41 
5 5 5 50 
99 99 99 250 250 271 271 271 271 288 
39 39 159 159 274 274 352 
339 339 339 427 
92 92 182 182 195 195 246 
239 239 
37 37 134 331 
175 175 179 332 332 413 413 
26 87 150 158 158 158 248 271 271 271 293 293 294 297 297 339 374 374 381 437 437 453 453 453 470 470 470 
184 184 258 
76 76 262 262 262 364 
354 462 462 462 
248 271 271 287 287 287 287 
8 35 35 45 45 72 72 72 74 74 76 76 77 77 92 92 119 128 155 168 168 174 175 175 175 182 193 209 209 209 220 220 222 222 242 242 242 243 314 314 314 318 332 362 385 407 407 439 439 439 455 494 494 
22 108 108 177 177 389 
57 57 57 93 93 93 103 116 116 116 177 184 184 184 201 201 230 236 236 236 236 254 254 254 269 269 277 277 283 303 338 365 383 383 432 432 432 463 

250 250 250 374 374 
80 80 117 117 117 314 
225 
49 136 136 441 
22 22 281 281 389 389 435 506 506 
196 196 
76 76 76 292 292 

103 241 241 241 296 
184 184 291 291 291 354 
7 271 271 282 282 339 339 403 
71 71 71 159 159 159 330 330 330 
319 319 
62 62 235 235 235 235 
105 357 357 357 440 440 440 496 496 
236 236 236 351 383 415 415 415 460 460 460 

215 314 387 
421 
22 22 474 474 
294 408 408 
56 79 79 79 122 236 
45 413 413 413 
76 186 186 431 431 431 
1 98 98 225 225 420 475 475 
271 368 368 368 368 374 374 468 468 
1 5 5 
15 15 15 59 59 182 182 316 316 
41 41 41 
56 191 
344 464 464 
17 17 17 128 335 455 455 455 
172 280 280 314 314 384 467 
41 41 156 156 354 354 462 462 462 
116 
148 148 148 148 148 333 333 333 333 464 467 
271 408 408 408 
4 124 124 124 219 219 219 232 232 
167 413 448 448 448 
5 76 76 353 353 491 
41 41 41 
225 393 
47 47 346 
211 211 236 432 432 432 
22 22 115 497 
411 411 411 450 450 450 
75 75 415 
447 447 452 
85 85 85 85 184 184 307 307 390 396 396 
72 72 147 358 
280 308 308 314 449 452 
123 123 442 442 
159 159 159 511 511 511 
339 408 408 408 474 474 
101 101 101 170 267 267 267 
273 273 
135 185 507 
191 191 388 388 388 388 393 393 393 436 436 470 470 487 487 
85 85 85 85 85 273 441 441 
10 100 100 100 240 240 496 496 496 496 
39 39 159 159 159 159 166 166 166 188 188 188 
207 
193 193 193 
108 
349 349 349 
305 
30 30 30 109 
488 488 488 488 
302 302 302 
120 120 315 489 489 
29 29 56 235 235 236 236 236 474 474 
184 223 223 223 223 484 484 484 484 
120 120 486 486 
84 184 184 355 355 
126 185 456 
156 156 
3 3 
128 128 128 243 299 413 413 
359 359 359 394 
10 10 10 32 32 32 100 100 197 197 240 240 240 357 367 431 431 476 476 476 476 
22 22 115 115 389 389 461 
160 160 
182 
193 358 

354 354 
234 325 358 358 
5 5 88 
212 212 212 212 212 374 
389 389 389 421 421 
104 473 
5 5 75 75 86 86 99 119 151 151 151 151 158 158 158 158 198 198 198 254 324 354 
76 295 295 295 322 322 322 346 
159 219 
159 159 469 469 469 
