nodes: 512 edges: 1532
134 134 134 381 
441 
91 182 189 213 213 213 
218 218 218 218 218 493 
387 454 501 
34 34 37 37 37 37 37 48 50 88 88 88 198 225 225 273 273 279 354 441 441 443 443 508 508 508 
95 95 358 404 404 
233 271 271 
210 224 313 313 350 
163 271 
476 
264 264 
202 202 271 297 297 297 
76 
117 184 184 
195 
105 105 318 
287 287 455 455 
105 105 105 105 420 441 441 508 

46 46 339 339 339 371 
31 
108 108 108 115 115 158 274 274 274 389 389 389 436 461 497 
171 171 290 290 
76 361 
297 297 297 
158 158 163 163 297 408 408 
78 346 346 418 418 418 418 
178 178 183 189 419 419 419 419 
487 
180 180 483 483 
21 120 172 184 263 315 315 354 354 486 489 489 
184 184 
67 67 192 306 
5 5 37 37 37 
222 222 309 309 309 413 
105 106 106 372 372 372 372 
5 5 5 5 5 34 34 34 108 266 266 266 400 406 415 415 415 

62 159 159 163 163 218 219 231 241 267 267 267 302 330 402 405 477 485 485 
149 192 236 236 249 
85 99 105 137 137 151 151 160 160 160 184 184 195 324 324 324 354 399 399 450 
323 
193 
137 137 159 159 205 205 205 433 433 
76 196 413 413 413 439 459 
20 20 64 284 284 284 339 339 339 381 381 
229 346 459 459 
5 504 504 504 504 
192 344 344 344 344 344 
5 278 278 278 400 
83 83 83 83 
184 184 184 184 345 
83 83 225 255 255 377 
109 109 109 109 109 299 299 501 501 
147 147 147 147 195 195 236 236 277 
129 236 304 446 446 474 474 487 487 
254 254 254 466 466 466 466 
294 294 397 397 397 

236 236 252 
81 81 81 359 
39 241 241 330 330 330 430 430 
75 75 75 383 463 
46 150 221 
193 251 251 362 362 362 416 416 
193 193 
33 33 94 94 94 101 101 101 101 192 192 281 281 347 
169 169 371 
147 344 344 447 
184 184 258 279 345 345 345 
330 369 
325 325 358 466 466 

123 123 141 376 
63 63 63 463 
13 24 45 107 186 199 199 208 208 208 228 228 229 229 245 314 314 336 346 346 353 354 354 354 360 361 364 413 413 413 413 440 449 449 449 449 456 456 478 478 
122 122 196 314 314 314 413 422 422 422 422 422 
27 92 92 184 

95 95 221 221 221 221 346 346 418 418 418 
61 61 61 82 82 113 184 184 184 329 329 359 359 389 389 394 495 
81 81 121 121 142 142 329 329 329 
51 51 51 51 53 53 236 236 236 237 237 490 490 490 490 490 
85 85 85 122 312 312 312 348 
41 84 84 84 160 160 160 255 255 255 312 312 335 348 348 
198 198 386 386 
150 150 306 306 
5 5 5 
358 358 
358 358 
2 
78 78 182 340 340 340 413 499 499 499 
236 
67 67 67 263 315 315 315 324 
6 6 80 80 164 
314 
171 246 246 290 
420 441 441 
41 
197 300 300 476 
67 67 67 67 192 192 195 249 378 471 
135 135 135 135 216 216 289 289 289 289 341 
146 379 379 425 
236 236 237 408 408 408 408 408 507 
16 16 18 18 18 18 36 41 184 184 190 
36 36 190 448 448 448 448 448 
76 186 186 204 204 204 322 
22 22 22 37 115 414 
54 54 54 54 54 199 199 
247 401 401 401 
182 182 
184 184 
81 121 

22 22 108 
213 213 213 419 419 419 419 419 
14 125 125 136 184 184 230 236 236 
364 
122 222 413 413 
31 181 486 486 489 489 489 
82 82 113 
77 77 84 119 222 
74 74 375 
454 
117 117 136 149 149 149 149 192 
185 185 491 491 
480 480 480 
448 448 
56 191 191 191 195 280 
389 
402 454 454 


0 0 0 
102 102 102 102 
117 125 329 
41 41 44 44 184 184 184 
164 236 415 

320 320 320 
74 345 345 363 363 363 363 363 413 413 413 
82 82 389 
217 
282 

103 358 358 379 379 379 
55 55 55 55 69 236 344 
191 268 268 268 304 304 
40 125 125 125 125 250 417 417 
64 87 87 248 248 
41 41 354 354 
226 364 
325 325 
374 394 394 394 394 394 408 408 408 408 


233 233 276 276 471 
22 26 26 194 194 224 224 224 271 271 288 288 408 
39 39 44 44 227 227 231 231 305 330 402 428 469 477 511 511 511 
41 41 41 85 85 85 224 272 272 312 450 450 450 
318 318 318 413 413 413 439 
228 228 228 239 239 239 322 322 322 328 
9 26 26 39 39 354 
95 138 
329 329 
211 239 477 477 
220 220 413 413 
413 413 
68 68 296 296 296 390 390 390 390 402 
471 
23 23 97 290 
31 424 424 
344 447 
222 334 376 376 413 413 481 
407 407 
288 401 401 401 478 
206 206 283 283 381 415 415 
28 28 183 183 183 
296 
30 30 483 
120 310 310 367 367 367 
2 92 111 111 220 404 404 413 444 444 
28 178 178 178 
14 14 31 32 32 41 41 52 52 52 52 70 70 78 81 81 81 105 105 112 112 117 117 137 137 137 202 221 221 236 236 258 260 260 260 267 267 289 292 307 307 307 324 324 338 338 354 355 355 355 366 366 399 399 399 399 399 409 409 409 415 415 426 426 426 446 446 446 451 451 451 456 456 465 465 465 490 
126 126 491 491 
76 107 107 245 245 
193 
477 477 510 510 510 510 510 
2 28 
105 106 406 
129 129 129 148 236 236 236 267 267 268 268 285 285 285 
33 40 49 67 67 101 101 125 236 249 281 281 306 306 378 421 
43 65 66 66 187 286 286 358 362 362 413 479 500 500 
158 158 483 483 483 483 483 
15 41 55 55 101 129 204 236 267 267 471 471 471 
45 77 200 350 350 350 373 373 373 413 413 422 
100 367 367 367 367 496 496 496 
5 86 86 386 386 386 508 
76 76 109 109 337 337 337 337 
196 
236 236 303 303 303 415 
12 12 184 224 

107 107 107 195 267 
44 44 44 433 433 433 
177 177 405 405 405 
337 423 423 423 509 509 509 509 
76 76 76 438 
328 328 
8 309 309 309 344 
166 432 432 
233 233 233 310 
2 2 2 116 116 116 
215 467 
214 413 467 467 
102 102 
143 
3 3 3 3 3 39 409 
39 232 232 232 232 232 274 274 274 284 402 402 402 454 
167 167 182 413 413 444 444 
64 80 80 80 80 184 184 507 507 507 507 
35 35 119 122 174 314 341 376 376 376 413 413 483 
329 329 
8 158 158 158 160 202 313 313 313 
5 5 53 393 393 393 458 458 462 462 
152 292 
159 159 257 305 343 
76 76 162 162 162 245 
47 76 76 295 299 409 
117 275 303 303 346 415 
39 159 159 
219 219 219 219 219 485 485 
7 157 157 212 212 212 238 271 271 271 296 374 374 375 505 505 
244 358 358 358 358 
375 
40 40 55 55 56 60 60 83 83 83 93 104 104 117 117 138 147 184 184 191 191 191 192 195 201 201 237 237 237 267 275 275 278 283 283 351 351 356 356 432 432 460 460 487 
83 83 104 236 236 236 408 408 
233 374 374 
162 162 162 166 342 405 
476 476 496 496 496 
39 62 62 268 268 268 

311 311 311 494 494 
234 358 
76 186 186 228 
97 97 
110 266 266 266 271 271 271 288 288 417 462 
150 150 505 505 505 
40 101 192 
149 374 417 442 442 468 468 
65 65 413 413 413 479 
60 
330 330 330 
57 57 57 283 283 338 338 338 415 
53 53 85 85 85 385 385 385 385 
354 354 354 
227 305 305 391 
70 184 409 409 
462 462 462 
184 184 184 
329 329 505 505 
364 410 410 410 410 
31 94 315 
11 11 385 385 
389 389 389 
37 37 37 247 247 247 271 271 
39 39 39 184 184 191 191 195 195 204 236 268 268 356 356 468 471 471 
148 148 148 191 191 241 241 241 267 267 
392 392 392 392 506 
286 457 457 
7 7 9 12 158 158 233 233 233 247 247 247 266 266 282 287 327 339 339 354 354 354 374 374 377 401 408 442 442 442 450 
160 160 281 281 400 
5 5 319 354 354 354 472 472 475 475 
22 22 22 219 219 219 434 463 463 
230 236 236 
157 157 
55 365 365 365 
50 50 50 236 
5 70 
129 314 314 314 449 449 449 
67 67 192 192 272 272 296 296 296 296 298 298 
144 271 427 427 427 
177 177 236 236 254 254 415 415 484 
46 46 46 219 
191 191 191 400 449 449 449 
193 193 270 413 
17 17 271 
158 158 176 247 247 478 478 478 
102 102 102 102 184 341 
23 23 97 171 480 480 
426 
184 226 
408 
58 58 397 397 480 480 
229 
169 169 169 179 233 281 281 281 281 425 
12 12 12 25 25 25 26 408 
281 281 347 
54 54 229 385 385 385 413 
100 100 
369 395 395 395 428 428 
39 485 485 
201 201 201 230 230 304 
56 148 148 303 
159 227 257 257 343 343 343 343 482 482 
33 87 87 192 192 370 408 
184 184 184 354 465 465 
479 479 479 
35 35 35 210 210 210 
181 181 212 
243 243 243 424 
84 84 84 85 85 160 440 
8 8 224 224 224 345 
76 76 77 77 77 96 222 280 280 280 317 317 349 349 354 354 354 398 413 413 418 418 418 429 429 446 446 449 449 455 455 455 467 467 467 481 481 
31 31 94 94 94 263 336 465 465 486 486 
444 444 444 
314 314 398 398 398 413 413 
16 161 161 161 
273 354 354 354 
140 140 140 
323 323 323 
107 162 162 162 
42 321 321 321 359 359 
41 41 41 94 184 184 
72 72 153 153 358 358 424 503 
358 466 466 466 466 
271 375 375 375 408 
162 209 209 346 346 
81 81 82 82 82 136 165 165 223 223 261 261 
39 62 62 62 71 159 253 253 253 430 
511 
407 413 
413 
174 413 
85 413 413 
76 315 
199 199 199 199 207 
184 184 254 254 254 415 415 415 
20 20 20 46 46 46 271 271 381 381 381 408 408 408 427 452 452 452 
92 92 92 
102 222 289 348 
239 405 
227 305 305 305 305 401 401 
49 49 49 49 49 69 69 147 173 210 
52 70 70 70 141 141 313 407 
27 27 47 76 76 80 80 230 328 328 
67 298 493 506 506 
84 85 85 341 
314 314 429 
8 196 196 196 
236 236 432 432 432 
405 
76 456 456 
5 31 31 41 76 76 76 151 151 163 184 256 256 256 271 271 271 273 273 273 307 314 314 314 319 319 319 380 411 450 450 462 475 475 475 490 490 502 508 508 
184 184 184 
236 236 267 267 
367 431 496 496 
6 72 89 89 90 90 146 146 193 234 234 234 234 244 325 325 326 413 413 466 466 503 
61 81 81 323 323 
76 
24 76 
65 65 65 193 193 
141 141 141 141 141 
76 118 152 262 
277 277 277 415 503 503 503 503 
184 184 
181 181 181 197 197 197 197 357 
391 401 
71 301 
306 
20 68 
36 36 36 36 
196 196 196 
154 233 233 238 238 250 271 271 408 408 408 417 417 417 442 442 
123 233 235 327 327 327 408 408 408 505 505 505 505 505 
74 174 174 222 222 222 
53 271 393 393 393 419 458 458 
101 192 
103 103 146 146 146 
354 
0 46 46 177 339 339 339 408 408 408 

63 415 415 
449 
255 255 255 255 264 264 299 299 299 413 
86 86 198 198 198 449 
4 
487 
22 22 22 81 81 130 142 265 265 265 496 497 
169 169 169 169 
257 368 
269 269 269 269 
225 225 225 377 377 377 
81 154 154 154 154 154 495 495 495 
301 301 301 

58 58 58 294 294 480 
314 317 317 317 445 445 445 445 
41 41 184 184 184 184 184 
37 50 272 285 
110 110 110 176 176 176 271 343 343 368 
39 131 159 169 219 219 219 
412 412 
6 6 182 182 432 432 432 
39 206 206 206 239 342 352 
37 190 
175 175 332 345 413 
26 26 104 104 104 104 104 154 154 154 154 158 237 237 271 293 297 306 327 339 339 339 374 374 374 375 375 375 381 381 381 437 470 470 492 492 492 492 
184 184 184 218 229 258 258 
262 262 262 262 
354 
403 403 483 483 
35 45 45 45 76 76 76 76 77 92 119 119 141 141 141 161 161 161 167 167 168 168 174 174 182 193 196 196 215 220 220 222 222 251 251 251 286 299 314 314 317 317 332 333 334 335 335 358 358 385 407 439 448 448 448 500 500 
108 
37 37 37 138 177 177 184 184 201 230 254 283 283 338 338 338 365 383 383 432 463 463 463 463 
65 65 
149 149 247 250 374 374 374 
27 27 27 27 80 80 80 314 314 314 434 
28 28 28 28 116 116 116 116 116 377 
18 98 441 441 441 
192 
77 77 77 77 77 196 
207 207 207 
172 172 311 325 
103 296 
184 184 184 291 464 
282 282 282 339 
159 301 301 
314 314 349 
62 62 330 
357 496 
211 211 236 236 351 351 351 404 404 404 415 460 
44 44 205 205 205 
274 418 456 456 456 456 
449 449 
22 
408 477 
208 
45 161 413 
76 312 
1 5 5 18 18 98 98 420 420 420 
250 250 271 271 271 374 374 
5 5 
182 182 220 220 316 316 316 
398 398 398 398 
56 56 184 184 184 314 314 
69 173 
106 106 106 106 106 128 128 413 413 413 
76 76 76 76 280 280 280 285 285 285 314 314 384 386 435 435 467 467 
41 160 160 160 271 354 354 
184 184 184 475 
339 339 339 464 

4 124 131 131 219 
17 17 314 314 314 
76 76 184 184 353 353 434 434 434 434 
270 270 
225 225 377 377 
45 47 47 
236 236 432 
22 469 469 469 469 497 
225 225 247 259 259 259 354 
63 75 274 274 415 415 415 415 
426 452 470 
184 184 184 307 307 315 315 487 
57 57 57 57 72 72 326 326 326 326 358 358 
214 215 215 314 314 314 449 449 479 
250 250 267 
159 461 461 461 461 511 511 511 
408 408 464 
101 157 170 195 195 195 267 267 
273 273 475 

56 56 505 
273 273 354 354 354 451 472 
10 100 240 240 496 
39 159 166 166 188 188 437 
76 76 176 288 288 288 
193 251 308 308 308 467 
127 127 127 290 290 294 294 397 
174 314 314 
305 305 
30 30 180 194 194 194 194 194 222 412 412 
283 
39 39 232 232 302 302 
31 120 120 315 315 489 489 
29 56 56 236 388 465 

31 31 120 120 120 486 486 
83 83 83 83 83 184 354 354 
126 126 185 185 
408 408 408 408 
3 347 
243 243 
81 394 394 394 
197 197 197 240 240 240 357 357 389 431 476 497 497 497 
22 389 461 496 496 496 

92 92 92 
193 193 413 413 
4 54 54 
354 508 
325 358 365 365 365 365 
48 48 48 48 
233 233 248 248 248 261 261 375 375 375 375 375 474 
269 347 347 
104 221 221 221 221 
5 5 5 18 198 354 354 502 
207 207 207 207 
188 188 188 188 188 
159 159 159 331 469 469 469 
