nodes: 512 edges: 1534
134 
441 441 
28 91 91 91 111 111 111 182 189 189 213 213 
218 218 218 218 271 
387 387 454 501 
34 37 37 37 48 48 50 88 88 88 225 225 273 273 279 279 346 354 354 441 441 443 443 443 508 
95 95 95 95 358 358 358 358 
233 271 271 271 
210 224 224 224 313 
271 
476 476 476 
177 264 264 
184 202 202 271 297 

184 292 292 292 
182 182 195 
105 105 105 105 184 318 318 
169 287 287 287 455 455 
105 441 441 508 
237 
46 46 46 46 339 339 339 339 339 371 371 371 

108 115 158 274 274 274 331 331 414 414 436 436 461 461 497 497 
171 171 
76 361 
297 297 297 297 
163 163 163 163 163 408 
78 78 78 78 418 
2 178 183 183 189 213 419 419 
56 56 487 
180 180 483 
120 184 184 263 263 263 315 354 
184 184 396 
67 192 306 
5 37 37 
210 222 309 309 413 
105 105 106 372 372 372 372 
5 5 5 34 34 108 108 266 266 266 400 406 415 
358 358 
159 159 159 163 219 219 231 241 241 241 267 330 402 402 477 485 485 
149 149 236 249 249 
85 137 137 151 151 160 160 160 184 184 195 324 324 354 354 398 399 445 445 450 457 457 492 492 492 498 
323 
193 193 
137 137 137 159 159 159 205 205 433 433 433 433 
76 76 76 413 413 439 439 459 
20 20 20 20 284 284 339 339 339 381 381 381 
346 346 459 459 459 
5 5 441 504 504 
192 344 344 344 
5 278 278 278 400 
83 83 83 490 
112 184 184 184 184 345 
83 83 83 255 255 377 
76 76 109 109 109 299 501 
147 147 236 236 
29 29 129 191 191 236 236 236 304 408 446 446 446 446 487 
254 254 254 415 415 
294 294 397 397 
444 444 444 

81 359 359 
330 330 430 
75 75 75 463 463 
150 150 150 150 381 
251 251 362 416 416 479 
193 193 
33 94 94 94 101 101 101 101 101 281 347 
296 296 371 
147 236 236 
184 258 258 279 279 279 345 345 366 
330 330 369 
325 325 358 358 358 466 466 
94 94 178 315 315 315 
123 123 123 123 141 141 141 376 
63 63 63 383 463 463 
24 45 45 45 54 54 78 78 78 107 207 207 228 228 229 229 242 242 245 292 314 336 336 336 346 346 346 353 354 354 360 360 361 361 364 413 413 413 440 440 440 449 449 449 449 449 456 456 478 478 478 
122 122 122 196 314 413 422 422 
27 27 27 27 76 76 76 92 92 92 184 
435 
95 95 221 221 314 314 314 346 418 418 
61 82 184 261 261 289 289 359 359 394 394 495 495 
81 121 121 121 121 142 142 142 143 143 329 329 389 
51 51 51 53 53 53 236 236 237 237 237 490 490 490 
85 85 122 348 348 
41 84 84 255 255 312 312 348 348 
386 386 498 508 508 508 
150 306 370 
5 5 5 
358 358 
173 358 358 
2 2 2 
78 78 78 182 182 404 499 499 

67 67 67 73 73 315 324 405 
6 6 6 6 80 80 
314 
171 171 246 246 290 
420 420 420 441 441 441 
354 354 354 
197 197 197 300 300 300 476 496 
67 67 67 67 67 192 192 195 249 471 
135 135 135 135 136 136 216 216 289 341 
146 379 425 425 
236 237 237 408 408 408 408 507 507 
16 16 16 16 18 36 36 106 106 184 184 190 190 190 
36 105 105 190 448 448 448 
76 186 186 204 204 204 322 322 322 
22 37 37 115 115 115 414 414 
54 54 54 199 
247 
2 2 2 182 182 182 
52 184 
508 
367 
22 108 108 108 
213 213 415 419 
135 136 136 136 184 184 230 236 
364 364 
122 122 222 222 222 413 413 
31 486 486 486 489 489 
82 82 82 82 
77 77 77 84 119 119 222 314 
74 74 74 74 
454 454 474 
135 136 149 
185 185 185 491 491 491 
480 480 
413 413 448 
56 191 191 191 195 236 280 285 
389 389 
454 454 
168 
381 381 
0 354 380 380 381 
102 102 102 102 117 125 
102 102 117 117 117 125 
41 41 44 44 44 184 184 246 354 
164 236 415 
381 
320 320 
74 74 74 363 363 363 413 
82 82 82 389 
82 82 217 217 217 
282 282 
339 
103 358 358 358 358 379 379 379 
55 55 69 236 236 344 344 
191 268 268 304 304 
40 40 125 250 250 250 417 417 
64 64 64 64 87 248 
41 41 354 354 
262 364 
325 325 325 
271 374 394 394 394 408 408 408 408 
413 413 

233 233 276 471 
22 194 224 224 224 271 271 271 288 288 408 
39 39 39 44 44 44 227 227 231 231 305 330 330 402 428 428 469 511 
41 41 41 224 224 224 272 272 272 312 312 450 450 498 498 
318 318 413 413 439 
228 228 328 364 364 
26 26 26 26 26 39 354 
138 
329 329 
239 239 239 477 
220 220 413 
132 413 
17 233 233 390 390 390 390 
471 471 
23 23 97 97 290 290 
424 424 424 424 
90 210 344 447 
222 222 334 334 334 413 413 481 481 
413 413 
288 288 401 401 401 
11 206 283 283 283 415 415 
28 73 183 
296 356 
30 30 222 222 
310 310 367 
2 15 15 92 92 111 111 111 413 413 444 
28 28 178 
12 14 16 31 31 32 32 41 41 52 52 52 52 70 78 81 105 105 112 117 117 137 137 202 202 202 202 221 221 221 236 236 258 260 260 260 267 267 284 284 284 289 289 289 292 307 307 324 324 324 338 338 355 355 366 399 399 409 409 415 415 415 426 446 446 451 451 456 456 456 465 465 465 488 490 
126 126 126 473 473 491 
107 107 
193 
477 510 510 510 
2 2 28 
105 105 105 106 372 372 
56 56 129 129 129 148 236 236 236 267 267 268 285 
33 49 101 101 236 281 306 306 306 306 
43 43 66 66 187 286 286 358 362 362 413 500 
158 483 483 483 
15 41 101 129 204 236 267 471 471 471 
77 200 200 200 350 373 413 422 
100 100 100 367 367 496 
386 386 508 
109 337 337 337 
196 196 196 
236 236 236 303 303 415 
12 12 184 184 184 184 
287 
107 107 107 195 267 267 471 
44 44 433 433 433 433 
177 
76 76 337 337 478 

328 328 328 
8 35 173 309 309 309 344 344 344 
432 
233 310 310 
2 2 28 116 116 
467 
413 413 
102 102 
143 143 143 
3 3 3 3 
39 39 232 274 402 402 402 454 
167 167 413 413 413 444 444 444 
80 80 184 184 184 507 507 
35 119 119 119 122 174 174 180 180 314 341 341 376 413 483 
329 
8 8 8 158 158 158 160 160 160 
5 5 393 393 393 441 462 462 462 462 

159 159 257 305 305 
76 76 162 162 245 411 
76 76 258 258 295 509 509 
117 275 275 303 303 346 415 
39 159 159 
219 485 485 485 
7 157 157 169 169 212 238 271 276 296 296 374 374 374 375 442 505 505 
244 358 358 358 358 503 503 
375 487 487 
40 55 55 56 56 56 69 69 83 83 104 117 129 138 147 147 184 184 191 191 191 192 195 201 201 201 237 237 267 267 275 275 275 278 356 356 432 432 432 438 438 438 460 460 487 487 487 
19 83 83 83 104 104 236 236 408 408 
233 374 374 
166 166 166 342 342 342 405 
321 476 476 476 496 496 
39 39 39 268 268 268 268 
76 76 
311 311 311 494 
234 325 325 358 358 
76 228 
97 97 137 
110 266 266 266 271 271 271 288 462 462 462 
150 408 408 505 
40 40 101 281 
149 149 149 374 374 374 374 442 442 468 468 
65 65 413 413 413 479 

330 330 
57 57 57 283 338 338 338 338 
53 53 85 85 385 385 385 508 
354 
227 305 305 477 
70 70 184 229 229 409 
441 441 462 462 
184 184 184 
81 81 329 505 505 
152 364 364 410 410 410 410 
31 31 31 315 
11 11 334 334 385 
389 389 389 389 
37 37 37 247 247 247 271 
39 184 184 191 191 195 204 204 236 236 268 268 356 468 471 471 471 
148 148 191 241 241 241 241 267 267 
415 415 
286 457 457 
3 7 7 7 9 12 154 158 158 158 233 247 247 247 266 282 282 327 327 339 339 339 354 354 374 377 391 401 401 403 408 408 412 427 442 450 453 453 453 
160 160 160 281 281 281 400 
5 5 319 354 354 354 354 453 472 472 472 475 475 475 
22 22 22 219 434 463 
230 230 236 236 236 
157 233 
365 365 
50 50 50 236 
5 5 70 70 70 
129 308 308 314 314 314 314 449 449 449 
67 192 249 272 272 272 298 298 347 
144 144 271 271 427 
177 177 177 254 415 484 
46 46 184 184 184 
129 191 449 
193 193 270 
17 17 17 203 
158 158 176 176 247 478 478 
81 81 102 184 184 184 341 341 341 
97 171 171 480 480 
426 426 
14 14 14 76 184 
408 408 
58 58 397 480 
229 
68 68 179 233 233 425 425 
12 25 25 25 25 408 
281 281 347 
54 385 385 385 413 413 
100 100 100 
395 395 428 428 428 428 
485 485 
201 201 230 230 
56 148 148 487 
159 227 227 257 257 343 343 343 343 392 482 482 
33 87 192 192 192 192 370 408 408 408 
184 184 354 354 354 396 465 465 
280 280 467 479 
35 35 210 210 210 
181 181 212 212 393 
243 243 243 424 424 424 424 
85 85 160 160 
8 345 345 345 
76 77 80 80 80 96 122 222 280 280 280 280 317 317 317 354 354 384 398 398 413 413 413 418 418 418 429 446 446 446 449 455 467 481 481 
31 73 73 73 94 263 336 354 465 465 486 
444 444 444 
314 314 314 398 398 398 413 413 
16 16 161 161 
273 354 
140 140 
240 323 323 323 323 
107 107 107 
42 321 321 321 321 359 359 
41 41 94 184 184 184 
72 72 153 153 153 244 244 358 503 503 
358 358 358 358 358 466 466 
271 271 375 375 375 408 
162 209 209 209 346 346 
82 82 165 165 223 261 
39 62 62 71 71 159 159 253 253 369 428 
22 22 511 511 511 
407 407 413 
413 
174 174 174 264 264 385 413 
413 
76 76 76 315 486 
199 199 199 207 207 
184 184 254 254 254 254 415 415 
20 20 20 20 20 46 46 46 145 271 271 271 381 381 408 408 427 427 452 

102 222 222 289 289 289 
239 239 239 492 
305 305 305 305 401 
49 49 49 147 147 173 210 210 210 432 
52 70 70 313 313 313 407 475 
5 47 47 76 76 76 80 230 328 328 459 
67 281 298 421 421 421 421 493 506 506 
84 84 85 85 
429 
196 471 
432 432 456 456 456 456 456 
360 405 
76 456 
5 5 31 41 41 76 76 99 99 99 134 137 151 151 163 256 271 271 273 273 273 273 307 307 307 314 314 315 319 411 411 450 450 462 475 475 484 502 508 
184 184 
179 236 236 267 
367 496 496 
6 6 6 6 38 38 72 72 72 89 89 90 90 146 146 146 146 193 234 234 234 234 244 244 325 326 326 326 326 326 466 503 503 
61 61 81 81 323 323 
76 76 352 
24 76 76 
65 193 193 413 413 
141 141 141 
76 118 118 152 162 162 262 262 
277 277 415 503 503 
70 184 443 
114 181 197 197 357 
391 401 401 
71 330 
87 306 
20 20 20 68 
36 36 36 36 190 190 
196 
154 233 233 233 238 238 250 250 250 250 271 408 442 
233 235 327 327 327 408 408 505 
74 222 
53 271 393 393 393 419 458 458 
474 
103 146 146 146 
134 134 
46 46 46 64 133 133 134 139 339 339 
413 413 
75 
314 
255 255 255 264 299 299 299 334 413 413 
86 86 198 198 449 
4 4 454 

82 130 130 142 265 265 265 265 496 
169 169 169 169 
271 368 442 
305 
225 225 225 310 377 377 377 
81 81 154 154 154 
301 301 
32 307 
58 58 294 480 480 
41 314 314 317 317 317 445 445 445 445 
41 184 184 
37 50 272 
176 176 176 271 271 343 368 368 
39 39 159 219 219 219 
271 412 412 412 427 427 
92 432 432 
94 239 352 
37 
332 332 345 413 
26 56 104 104 104 104 154 154 154 154 158 237 237 248 248 271 271 293 293 297 306 306 306 327 339 339 374 375 375 412 412 437 437 492 
184 184 258 
262 262 262 262 
228 354 354 
271 403 403 403 408 408 483 483 
35 45 45 76 76 76 77 119 119 128 128 141 155 155 161 161 167 168 174 174 175 175 182 182 193 196 215 215 220 220 220 222 251 251 251 299 299 314 314 314 317 317 332 333 334 335 362 362 382 382 385 385 407 448 494 500 500 
22 22 108 108 
37 57 57 116 138 177 177 184 184 184 201 230 269 269 283 338 338 365 432 463 463 463 
65 65 
149 149 
27 80 80 314 314 314 434 
28 28 116 377 
98 98 98 441 441 
347 347 347 347 
77 77 196 

172 172 172 172 311 311 311 311 
103 103 296 296 
184 291 291 
271 282 339 339 403 403 
159 159 301 301 301 301 330 
314 349 
62 
496 
211 236 236 236 344 351 351 404 404 415 460 460 
44 44 44 44 205 205 205 205 
274 418 456 456 456 
79 449 449 
22 22 
408 408 
236 236 236 
45 45 161 
76 76 76 
1 1 5 5 18 18 48 98 98 98 225 259 259 420 420 
233 250 250 271 374 391 
5 5 5 366 
59 59 59 182 220 220 220 316 316 316 
41 41 398 398 398 398 
56 56 56 56 184 184 314 314 314 
173 
106 106 106 128 413 
76 76 76 76 76 280 280 280 285 314 386 435 435 467 
41 160 160 271 354 354 
184 184 
339 464 
271 271 271 273 
4 124 124 131 131 219 387 
17 17 314 
76 76 184 184 184 351 351 351 351 351 353 434 434 434 491 
41 41 270 270 
377 377 
45 47 47 47 346 
236 236 432 432 
22 22 469 469 497 
225 225 225 225 247 247 247 259 259 354 
63 63 75 75 274 415 415 415 
452 470 470 
184 184 184 307 307 315 315 
72 72 326 326 358 
214 308 314 449 479 
250 250 267 
159 461 461 511 511 
464 464 
101 157 170 170 195 195 195 204 267 267 267 350 
273 273 273 475 
185 185 
124 378 487 505 
273 273 273 345 354 354 472 
10 10 10 100 240 240 240 496 496 
39 166 188 257 
76 76 76 207 288 288 
65 251 308 467 501 
127 127 290 290 294 397 397 
174 174 314 314 
305 305 
30 194 194 194 222 412 412 
283 354 
39 39 232 232 232 302 302 
120 120 120 315 336 489 489 
29 56 235 235 236 236 236 304 474 
184 
120 120 486 486 
51 83 83 83 184 
126 126 126 185 456 
41 41 41 342 408 
347 
243 413 
81 81 
100 197 240 240 357 357 389 431 476 476 
22 22 461 
41 86 160 160 
92 92 
193 413 413 
4 54 479 
354 
234 234 325 325 358 358 365 365 
48 48 
233 233 248 261 261 375 474 
347 347 
104 104 221 221 
5 18 86 86 86 113 198 255 354 
229 229 
188 188 188 
159 331 331 331 469 469 
