nodes: 512 edges: 1570
134 134 134 134 381 
441 441 
28 91 189 213 213 
218 218 218 271 271 493 493 496 
387 387 454 454 501 501 
34 34 37 37 37 198 198 198 225 225 225 273 273 273 279 279 354 354 441 443 508 508 
95 95 95 95 358 358 404 
233 233 271 
224 313 350 350 
271 271 271 
476 
264 
184 202 202 271 297 297 

117 136 184 292 292 292 
182 182 195 
105 105 105 105 184 318 318 318 318 507 
287 287 287 455 
105 105 420 441 508 
237 
46 46 46 46 339 339 339 371 371 
31 
108 115 115 158 274 274 274 389 414 414 436 497 497 
171 171 
76 76 361 
297 297 297 
158 163 163 163 163 408 408 
78 78 346 346 418 418 418 
2 178 178 183 183 419 
56 56 487 487 487 487 
122 180 180 222 483 483 
21 184 263 263 263 263 315 486 486 
184 184 
67 
5 5 37 37 37 37 37 383 
210 222 309 413 413 413 
105 106 106 372 372 372 
5 5 5 34 34 34 34 34 108 108 266 266 400 406 406 406 415 
358 
62 159 159 159 163 219 219 231 231 241 267 267 267 302 302 330 402 402 402 405 405 477 477 485 
149 149 192 236 236 236 
85 85 85 99 99 105 137 151 151 160 160 184 195 324 324 354 354 354 399 445 450 450 457 457 492 492 492 

193 193 
137 137 137 159 159 159 159 205 205 205 433 
76 76 413 413 439 439 
20 20 20 20 64 284 284 284 339 381 
48 229 459 
47 441 504 504 504 
344 344 344 344 
278 278 400 400 
83 83 490 
112 184 184 184 345 345 
83 83 83 377 
501 501 
147 147 195 195 236 
29 29 129 191 236 304 446 446 446 474 474 487 487 
254 254 254 415 466 466 466 466 
294 397 397 397 397 397 
444 444 
104 104 104 236 252 
81 81 359 359 
39 241 241 330 330 430 
75 75 383 383 
46 150 150 150 150 150 221 381 
193 193 251 251 362 416 416 479 479 479 479 
193 193 
33 94 94 94 101 101 192 192 281 281 347 
169 169 296 
147 236 344 447 
184 184 246 258 279 279 279 345 345 345 366 
330 369 
325 466 
94 94 315 
123 123 123 123 123 141 141 
63 63 463 
24 24 45 45 107 107 107 162 186 186 207 208 228 228 228 229 229 242 242 245 292 292 314 314 336 346 353 354 354 360 360 413 413 440 440 449 456 478 478 
122 122 122 122 196 314 314 314 314 413 413 422 
27 27 92 92 
351 
95 95 95 95 221 221 221 314 346 346 418 
61 61 82 113 184 261 261 261 289 289 329 329 359 389 389 389 394 495 
81 121 121 329 329 389 
51 51 53 53 53 236 237 237 490 490 
85 85 85 312 312 312 
41 41 41 84 84 84 160 160 255 255 255 255 312 335 348 
386 386 508 508 508 
150 306 306 306 370 370 

358 
173 358 358 358 
2 183 
78 78 182 182 340 340 340 413 413 499 499 499 
236 
67 67 67 73 73 263 324 405 
6 6 6 6 80 80 80 80 
314 
171 246 246 246 290 290 290 
420 
41 41 354 354 450 
197 300 300 300 300 476 476 496 496 
67 67 192 192 192 195 249 471 471 
117 117 135 136 136 289 289 
379 425 425 
60 60 60 236 237 353 408 408 408 
16 16 16 16 18 18 36 41 106 106 106 184 184 184 190 
36 36 105 105 105 404 448 448 448 
76 76 76 204 204 204 322 322 322 
22 37 37 115 115 115 414 
199 199 
401 
182 
52 184 
81 121 508 
367 367 
22 22 108 108 108 
129 415 415 419 419 419 419 
14 102 102 125 136 136 136 184 230 
364 
122 122 222 222 413 413 
181 486 489 
82 82 113 
30 77 77 77 77 119 119 222 222 314 
74 74 74 74 74 356 
454 
117 136 149 149 149 192 
185 185 185 185 491 491 491 
480 
413 413 448 
56 116 191 191 195 275 
389 389 
454 
168 168 
381 
0 0 0 0 354 
102 
14 102 102 117 117 117 125 329 
41 44 44 44 184 184 354 
164 164 236 
381 381 381 
320 
74 74 345 345 358 358 363 363 363 413 413 
389 
217 
282 282 
339 
358 358 358 379 
55 55 69 236 486 
191 191 268 268 304 304 
40 40 125 125 125 250 250 
64 64 64 64 64 87 248 248 
41 41 354 
226 262 364 
325 
271 374 374 394 394 394 394 408 
413 413 

233 233 233 276 
22 26 194 224 224 271 271 271 288 288 288 288 288 408 408 408 
39 39 39 44 44 44 44 227 330 402 402 428 469 477 477 
41 41 85 85 224 272 312 450 450 450 498 
318 318 413 413 439 439 
76 228 228 228 228 239 239 239 322 328 
26 26 26 26 39 354 
138 138 
329 329 
211 477 477 
220 220 220 
132 132 
68 68 233 296 390 390 402 
471 
23 23 97 290 290 290 
424 424 424 424 
90 210 344 
222 334 376 376 376 413 413 413 481 481 
407 407 413 
288 288 401 437 478 
283 283 300 415 415 
28 28 183 183 183 
356 
30 30 
120 367 
15 15 92 92 111 220 220 363 404 413 413 413 444 444 
28 28 91 178 178 178 
12 14 16 31 32 32 41 52 52 52 70 70 81 105 105 105 112 117 137 137 202 202 202 202 221 221 236 236 258 258 267 267 267 284 284 284 289 289 289 292 292 307 307 307 324 338 338 338 345 345 354 354 354 355 355 366 399 399 399 399 399 409 415 446 446 446 446 451 456 465 465 488 488 490 490 490 
126 126 126 126 473 473 473 
76 76 245 245 
413 413 
477 510 510 510 
2 
105 372 372 
56 129 129 148 148 236 236 267 267 268 268 285 304 304 
40 67 67 101 101 101 125 236 236 281 281 306 
43 43 65 65 66 66 358 358 413 413 479 500 
158 483 483 483 483 
15 41 55 55 101 129 236 267 267 444 471 471 471 471 
77 290 350 350 373 373 413 413 422 
100 367 367 367 496 496 
5 5 5 386 386 
109 109 337 337 337 354 

303 303 303 415 415 
12 12 184 184 184 184 224 
287 
107 107 107 268 381 471 
44 44 44 433 433 433 433 
405 405 
76 337 337 423 423 423 478 509 509 509 509 
76 

35 173 309 344 344 
166 432 432 432 
310 310 
2 2 221 
215 215 314 467 
214 214 413 413 413 467 

143 
3 3 3 409 
39 39 232 232 274 274 274 284 402 402 454 
167 167 167 182 182 444 444 
64 80 80 80 184 184 213 507 
30 35 119 119 122 122 174 314 314 341 341 376 376 376 376 413 
329 
8 158 158 160 202 313 313 350 
5 5 5 393 393 393 419 441 441 458 458 462 462 462 
152 
159 257 257 305 343 343 343 
76 76 76 162 162 162 162 245 245 245 411 
47 76 76 258 295 295 299 409 509 509 
117 275 275 415 415 
39 39 
219 219 454 454 485 485 485 485 485 
7 7 157 157 157 169 271 271 271 296 296 296 374 375 375 505 505 
244 358 358 358 358 503 503 
375 487 
40 40 40 55 56 60 69 83 93 104 138 147 184 184 191 191 192 192 195 237 267 275 278 278 344 351 351 356 356 356 432 432 438 438 460 460 487 487 
19 83 83 104 236 408 408 

162 162 162 342 405 
476 496 496 496 
39 62 62 268 268 268 
76 76 
311 311 424 494 494 494 
234 325 325 325 358 
76 186 186 228 228 228 
70 97 97 97 
266 266 266 271 271 288 288 417 462 462 462 
150 150 408 505 
101 
149 149 374 374 442 442 468 468 468 
65 65 413 
60 445 
330 330 
57 57 57 283 338 338 338 338 415 415 
85 85 85 85 385 385 385 508 
354 
227 227 305 305 305 391 
70 184 184 229 409 409 409 
441 441 462 462 462 

81 81 81 329 505 505 505 505 505 
152 364 364 410 410 
31 31 31 31 94 315 315 
11 334 334 385 
389 389 389 
37 37 247 247 247 
39 39 39 184 184 184 191 191 195 195 236 268 356 356 468 471 471 
148 148 191 191 204 241 241 241 267 
392 392 392 415 415 415 
286 286 286 457 457 457 
3 3 7 9 9 9 12 154 158 158 158 233 233 233 247 247 282 282 287 287 327 327 339 339 354 374 374 377 377 391 401 403 408 427 442 442 442 450 453 453 453 
160 281 281 281 281 
5 5 5 319 354 354 354 354 472 475 475 475 475 
22 22 22 219 219 219 434 463 463 463 463 463 
129 230 230 236 
157 
365 365 365 365 
50 50 236 236 
5 5 70 70 70 
308 314 314 314 449 
67 67 192 192 272 272 272 272 296 296 296 298 347 493 
144 144 271 271 427 427 427 
177 177 254 415 415 
46 46 46 184 184 184 219 
191 400 449 449 
270 270 270 413 413 
17 17 17 203 271 271 
158 158 158 158 158 176 176 247 247 478 
81 81 102 102 184 184 184 341 341 341 
97 97 97 171 171 171 196 
426 426 
14 14 14 76 76 184 184 
408 
58 397 480 480 480 480 
229 229 
68 169 233 233 233 281 281 281 425 
12 12 25 25 25 408 408 
281 
229 385 385 413 413 
100 100 100 100 177 
369 395 395 395 428 
39 39 485 
201 201 201 
56 148 148 191 191 487 
227 257 257 257 343 343 343 392 392 482 
87 87 87 192 370 
184 184 184 354 354 396 465 
280 467 479 479 
35 210 
212 212 393 
243 243 
84 84 84 85 160 440 
8 224 224 
76 76 77 77 77 77 80 96 122 214 222 222 280 280 280 317 317 317 349 354 354 384 384 398 413 413 418 418 429 429 429 446 446 446 446 449 455 467 467 481 481 
31 73 263 263 465 465 465 465 
444 444 
314 314 314 413 413 413 
16 16 16 16 161 161 
273 354 354 354 
140 
323 323 
107 107 107 162 
321 321 359 
41 41 94 184 
72 153 244 244 244 424 
358 358 466 466 466 466 466 
271 271 375 375 
162 346 346 346 346 
81 81 82 82 136 165 165 223 261 
39 62 62 71 159 253 253 428 428 430 
511 511 511 
407 407 407 
413 413 
174 264 264 385 413 
85 
76 
199 199 199 207 207 
184 184 184 254 254 254 254 415 415 
20 20 20 46 145 271 271 381 381 408 408 427 452 470 470 
92 92 92 
222 222 289 289 289 
239 
227 227 227 305 305 305 401 401 
49 49 49 49 69 173 210 210 236 
52 52 70 70 70 141 141 184 184 
27 27 76 80 80 328 328 328 328 459 
67 281 421 493 506 506 506 
85 
314 429 
8 8 196 196 224 
79 236 236 432 432 456 456 456 456 456 
360 402 402 
76 104 456 456 
5 5 41 41 41 76 76 99 99 134 137 151 163 184 184 184 199 256 271 273 273 273 273 307 307 314 314 319 319 319 380 411 411 450 462 462 462 475 475 484 502 502 508 508 508 
184 184 444 
123 179 236 236 236 267 267 
367 431 431 
6 6 38 89 90 90 90 141 141 146 146 146 193 193 234 234 234 234 244 326 326 413 413 413 466 466 
61 61 81 323 
76 76 352 
24 
65 413 413 
141 141 141 182 
118 152 262 262 
277 277 277 277 415 503 503 503 503 
70 184 
114 114 181 197 197 197 357 
401 401 
71 301 
87 87 306 
20 20 
36 36 36 190 190 
196 196 
154 154 233 250 250 271 271 408 408 408 417 417 
233 233 235 327 327 408 408 408 505 505 505 
174 174 174 222 222 222 222 
53 271 271 393 393 393 393 419 458 
471 
103 146 
354 
0 46 64 133 139 139 139 204 339 339 395 408 
413 
34 63 63 415 432 432 
314 314 449 
255 255 255 264 299 299 334 413 413 
86 86 198 198 449 
4 4 
487 
22 81 81 81 82 130 130 142 265 265 265 496 496 496 496 496 497 497 
169 169 
257 271 
269 269 269 305 305 
225 225 225 310 377 377 377 377 
81 154 154 154 154 495 
301 301 301 381 
307 
58 58 58 58 58 294 480 480 480 
314 445 445 445 
41 184 184 184 184 184 
37 50 50 285 
110 176 271 343 343 368 368 
39 39 39 159 159 169 219 219 352 352 
271 412 412 412 427 
6 106 182 432 432 432 432 
39 39 94 206 206 239 
37 37 37 
175 175 332 332 332 
26 26 104 104 104 154 158 158 158 237 237 248 271 293 297 297 339 339 374 374 374 375 375 375 381 437 470 470 492 492 492 492 
184 218 229 258 258 258 466 
262 262 
228 354 354 
403 403 403 483 483 483 483 
35 35 35 45 45 76 76 77 77 92 92 119 119 128 128 141 141 155 155 161 161 174 174 174 175 182 182 182 187 187 193 193 196 196 215 215 215 222 251 286 286 299 299 314 314 317 317 317 333 333 334 358 358 358 362 362 382 385 385 439 448 448 500 500 
22 22 108 
37 57 116 116 177 177 184 201 201 230 230 254 254 269 269 269 283 283 338 338 365 383 432 463 
65 65 
247 374 374 
27 27 27 80 314 314 434 
28 116 116 116 116 225 377 
18 98 441 441 
347 
77 196 
207 207 207 
172 172 172 172 243 325 
103 103 296 
291 291 
271 282 282 282 339 403 
159 301 330 330 
314 314 314 349 
62 330 
357 357 496 
211 211 211 236 236 351 351 383 383 404 404 404 404 415 460 
44 205 205 205 205 
274 418 456 456 456 456 

22 
176 408 
236 236 
45 45 161 161 413 
76 76 312 
1 1 5 18 48 225 225 259 259 420 420 
250 250 271 271 271 
5 
59 59 182 182 195 220 220 316 316 355 
41 252 398 398 398 
56 56 56 184 184 184 184 314 314 314 314 
69 
106 106 106 128 413 413 
76 280 285 285 314 384 386 
41 41 99 160 160 160 271 354 462 462 
184 
339 464 464 464 
271 271 271 
4 4 124 131 219 232 232 
17 314 
76 184 351 351 351 351 351 353 353 434 434 434 434 
41 41 270 270 270 
225 225 377 
47 346 
236 236 432 
469 
225 225 225 247 247 247 259 259 259 354 354 354 450 450 
75 274 274 274 274 274 415 
452 452 452 470 470 470 
184 184 307 315 315 315 315 487 
57 57 57 57 72 326 326 326 326 326 358 358 409 
214 215 308 314 314 
250 250 250 267 
159 461 511 
339 339 408 408 464 464 464 
101 101 170 195 195 195 195 204 267 267 378 
273 475 475 
185 185 185 
56 56 487 
273 273 273 273 354 354 472 472 
10 100 100 240 496 496 496 
39 39 159 159 166 166 188 
76 76 176 207 288 
65 65 65 65 193 308 308 
127 294 294 294 294 397 397 397 
174 174 314 314 
305 
30 30 194 194 194 194 412 412 412 412 
354 
39 232 232 232 232 232 302 
31 31 120 147 489 
29 29 29 29 56 56 235 236 236 304 388 465 474 
184 184 
120 486 
51 83 83 184 184 184 
126 126 126 
41 41 41 408 408 408 408 
3 3 281 347 
243 243 243 
81 394 
3 100 100 197 197 240 240 240 389 389 389 389 389 431 476 476 476 497 
22 22 389 389 496 
160 
92 92 92 
193 413 413 
4 4 54 54 
354 354 508 
234 234 365 365 365 365 
48 48 48 
233 233 248 261 261 261 261 261 375 375 375 
347 347 347 
16 221 
5 5 18 86 86 86 113 255 354 354 354 502 
207 207 207 207 229 229 
188 188 188 
331 331 331 469 
