nodes: 512 edges: 925
134 134 381 

91 91 111 189 
218 271 
289 387 454 501 
34 37 37 88 279 346 441 
95 95 358 358 404 
233 271 
196 196 313 350 
163 
476 
99 
202 202 297 297 297 



105 105 184 
287 287 
105 105 105 441 

339 339 371 
31 
108 108 158 274 331 389 389 389 414 461 497 
32 290 290 


158 158 163 163 
78 78 
419 419 
487 487 487 487 
483 
21 120 184 184 263 315 315 486 486 489 489 
23 184 
57 
5 37 
76 413 
105 106 372 
5 5 34 108 108 266 400 406 415 415 
358 
62 159 159 219 231 267 267 267 302 330 330 405 405 477 477 477 
149 192 236 249 249 
85 137 160 324 324 399 399 445 450 450 492 492 
323 323 
193 
137 137 159 159 159 205 
413 459 
64 64 261 284 284 381 
229 459 
441 504 
192 344 
278 
490 
184 184 184 345 
83 225 255 255 255 
76 109 299 501 
147 236 236 277 
191 304 304 304 408 446 446 474 487 487 
33 254 466 466 
294 
444 
104 104 236 
81 359 
39 241 241 330 
75 100 463 463 
46 46 150 150 221 
251 362 362 416 416 479 479 
193 193 
94 101 101 192 281 281 
233 296 
447 
246 279 279 
330 369 
358 358 

123 123 123 141 141 376 
63 383 463 
35 54 78 107 162 162 186 199 207 208 229 245 292 314 314 314 346 353 353 354 354 364 413 413 413 449 456 456 456 
122 122 196 314 314 314 413 
27 27 76 92 184 
351 435 
221 
61 82 184 184 261 289 389 389 389 
81 121 121 142 142 329 389 389 
53 236 490 490 490 
312 312 348 
41 160 255 255 312 312 
198 
150 150 150 150 370 
5 

358 
2 2 183 
78 340 404 499 499 499 

67 324 405 
6 6 170 

171 171 246 
420 
11 354 
63 197 300 
67 67 192 192 192 378 471 
117 135 135 135 136 136 216 289 
146 379 379 425 
60 60 236 236 236 237 408 408 
16 16 18 18 18 36 
36 404 448 448 
76 204 204 204 322 
22 22 37 37 115 115 414 414 
54 199 
401 
2 182 

121 

108 108 
213 213 419 
102 125 136 184 184 184 236 

222 
31 486 486 489 
82 82 113 
77 77 222 314 
74 74 74 

117 149 149 149 
185 491 
480 480 
413 413 
191 195 
389 
454 
168 

0 0 354 354 380 
102 102 102 
102 102 117 
41 44 44 184 246 

381 

74 74 345 345 358 358 363 363 363 413 
82 82 389 

282 
339 339 
103 379 
55 344 486 
268 268 304 304 304 
40 125 125 125 417 417 
64 64 87 87 87 87 248 

262 292 364 364 

408 408 408 
413 

233 276 471 
22 26 26 194 194 224 224 224 271 271 271 288 408 
39 39 44 44 44 305 305 428 477 
41 85 224 224 312 450 
318 318 413 439 
76 76 322 322 364 
9 26 26 354 

329 
239 477 
220 413 413 
132 413 
233 233 390 
95 
97 97 290 

344 344 
334 376 376 376 413 481 481 

288 288 288 401 
206 283 300 300 

296 356 

310 310 310 310 367 
111 363 363 413 413 444 444 
91 
16 31 31 32 52 52 52 78 81 81 117 117 117 137 221 236 258 267 267 284 284 289 292 307 307 324 324 338 345 345 355 409 415 415 446 446 446 451 
126 381 473 491 
76 245 
193 413 
510 
2 
372 
56 129 236 236 267 267 268 285 304 304 
40 49 67 101 101 101 236 236 281 306 
43 66 66 187 358 358 362 413 
158 158 483 483 483 
129 267 471 471 
8 8 77 373 373 413 413 
100 367 
86 
76 109 337 

236 236 303 415 415 
12 12 224 
287 
107 107 107 267 268 268 381 471 
44 433 
177 405 405 
76 423 423 
76 
328 328 328 
309 344 
432 432 

116 116 
215 215 314 467 
214 214 413 467 467 
102 

3 
39 232 232 284 454 
167 413 
64 80 184 507 507 
119 122 314 314 341 413 413 
329 329 329 
158 158 158 160 160 202 313 
53 393 441 462 462 

343 
245 245 
47 76 258 299 409 
275 415 
39 
219 219 485 
7 68 157 169 169 271 271 276 296 296 374 374 505 505 
358 358 503 
375 487 
40 55 55 60 83 104 104 104 117 184 191 191 192 192 201 201 237 237 237 267 267 344 351 432 
104 236 236 236 408 408 

166 342 405 
476 476 496 
62 62 

424 
325 
76 186 228 228 
70 97 137 
271 271 462 462 
150 408 505 505 
40 40 
374 417 417 468 
65 413 413 479 

330 
57 338 415 
53 53 53 85 85 508 
354 
305 
184 229 409 409 
441 462 

46 81 505 505 
152 364 410 
31 315 315 
334 385 
389 389 
37 
39 39 39 184 184 191 191 195 204 236 236 268 268 291 356 468 471 
148 148 191 204 204 267 267 
392 392 392 415 
286 286 286 
3 7 158 158 158 233 233 247 247 287 327 339 354 354 374 374 377 401 401 408 408 442 450 
281 400 
354 354 354 453 475 475 
22 434 
230 
157 233 
55 365 
50 
5 70 70 357 
314 
67 67 192 272 298 298 347 
144 
177 
46 46 184 184 219 
191 449 
270 270 270 413 
17 17 203 271 
158 176 176 176 478 
4 81 102 184 341 
23 23 171 480 
267 426 426 426 
76 152 184 
408 
58 397 397 408 480 

68 179 233 233 425 
12 12 12 408 
281 281 347 
54 229 385 385 385 413 
100 177 177 
395 
39 
201 
56 56 56 148 148 148 191 191 
159 159 257 343 392 392 
192 370 408 
184 184 354 396 465 
467 479 
210 
181 181 181 181 393 
424 
84 84 85 85 160 
8 224 
76 76 76 77 77 77 122 214 222 222 280 317 349 354 398 413 413 413 429 429 434 446 446 467 481 
31 31 263 263 354 465 486 486 
444 444 
314 413 413 
161 161 
354 354 354 


107 162 162 
42 42 359 359 
41 41 94 184 184 
244 358 424 
358 466 
271 375 375 375 
209 209 209 346 
82 165 223 223 223 
39 39 62 71 253 428 428 
22 
407 

174 264 385 385 
413 413 
486 486 
199 
184 254 415 
20 20 145 145 271 381 408 408 427 
92 
222 289 
239 
227 305 401 401 401 
49 147 173 173 210 236 432 
52 141 141 184 184 
5 76 328 
281 298 421 421 506 
84 
314 
8 471 
79 236 432 456 456 456 
360 402 
76 76 456 
76 76 99 134 134 163 256 271 271 273 273 273 307 314 315 319 319 319 380 411 450 475 475 484 490 502 508 
184 
179 267 
279 367 431 496 496 
6 6 38 72 72 90 141 141 193 193 234 234 325 326 413 413 413 466 466 503 503 
61 323 323 
352 

65 65 193 
141 141 141 182 182 
76 152 152 162 262 
277 503 

181 197 357 

71 
87 306 
20 
36 190 
196 196 
233 233 250 271 271 408 417 
235 327 327 327 408 408 
74 174 174 174 
271 393 393 393 458 458 
101 471 
103 103 146 
134 354 502 
0 46 139 185 204 339 395 408 408 

75 415 415 432 432 
449 449 449 
264 299 299 299 334 334 413 413 413 

4 454 
487 
22 22 22 81 81 81 82 82 130 142 265 265 496 496 496 496 
169 460 
442 
269 269 269 305 305 
225 310 377 377 377 
495 
301 381 
307 
294 294 480 480 
314 445 
41 41 
37 272 
110 176 271 271 343 343 343 
352 
412 412 412 427 
6 92 106 432 
39 39 94 206 206 239 
37 
332 413 413 
56 104 104 154 154 154 158 237 237 248 271 271 293 294 297 306 339 339 374 375 375 381 381 412 412 470 492 492 492 492 
184 229 258 258 466 
262 
354 
403 403 403 408 408 
35 45 76 76 76 77 128 128 141 155 161 167 167 168 174 182 182 187 193 196 196 215 220 222 222 251 251 286 299 314 314 314 317 317 335 335 358 358 358 385 385 385 407 407 448 448 494 
22 108 108 
37 37 184 184 201 201 230 254 269 338 383 383 432 463 
65 65 
149 149 250 250 374 

28 28 116 
98 441 441 
347 347 

207 207 
243 311 325 
103 296 
291 291 291 
339 403 
159 330 330 
314 314 

357 
211 211 236 344 351 383 383 404 415 460 
205 
274 314 456 456 
79 449 



161 

5 18 48 225 259 420 420 
271 391 

59 182 182 316 316 
41 398 
56 56 184 184 184 314 314 
69 
106 106 413 413 
76 285 384 384 384 435 467 
41 41 160 271 354 462 462 462 
184 
464 464 464 
273 
4 131 219 387 

76 76 76 351 351 351 353 434 434 491 

377 377 
45 47 
390 432 
22 469 
225 225 247 247 259 450 450 450 
63 63 75 415 
452 452 452 
307 315 
57 57 326 358 358 409 
214 215 215 308 314 449 
250 267 
461 
408 
101 157 195 195 204 267 350 378 

185 
56 487 
273 273 354 354 
10 240 240 496 496 
39 39 39 159 166 
288 
65 65 251 308 
127 127 290 294 397 397 
174 174 314 

30 194 194 194 
354 
232 
31 31 120 120 147 315 315 336 336 
29 29 29 29 56 56 235 388 474 

31 31 120 
51 83 83 83 354 
126 185 456 
41 41 408 408 408 408 

413 
394 
240 357 357 389 389 389 389 476 476 
22 

92 92 92 

4 54 
354 380 
234 358 358 365 
48 
233 233 248 248 261 261 
347 
221 221 
255 354 

188 

