nodes: 512 edges: 1547
134 134 134 381 
441 441 
28 28 91 91 182 189 189 213 
218 271 271 493 493 496 
387 387 387 454 454 454 501 501 501 501 501 
37 37 37 37 37 48 48 50 88 88 198 225 225 273 273 279 279 307 346 354 354 441 443 508 508 
95 95 95 95 358 358 
233 271 271 
196 196 224 224 313 350 350 350 
271 271 271 
476 
264 
184 202 202 271 297 297 297 
456 
117 117 136 184 184 292 292 292 292 
182 182 182 195 220 
105 105 105 184 184 318 318 318 
169 287 287 287 455 
105 105 420 441 441 508 

46 46 339 339 339 339 371 371 371 371 
31 
108 115 115 158 274 274 389 389 389 414 414 436 461 497 497 
32 171 290 290 290 
361 
297 297 297 
163 163 163 163 
78 78 78 346 418 418 418 
2 2 183 
56 56 487 
180 180 180 222 483 
21 58 120 172 184 184 263 263 315 315 354 354 486 486 489 489 489 
23 184 184 396 
57 67 306 306 
37 37 37 37 
210 210 222 222 413 
106 372 372 
5 5 5 5 5 34 34 34 34 108 108 266 266 266 266 266 400 406 406 415 415 
344 358 
62 62 159 159 159 163 218 219 219 219 231 231 267 267 267 302 402 402 405 405 477 477 477 485 
149 149 192 236 
85 99 99 105 137 137 151 160 184 184 184 195 324 399 445 445 457 457 492 492 
323 323 
193 
137 159 159 159 159 159 205 433 433 433 
76 76 196 413 439 439 
20 20 64 64 64 284 284 284 339 339 339 381 395 
63 346 346 459 459 459 
5 5 504 504 504 
192 344 344 
5 278 400 400 
83 83 
112 184 184 184 345 
83 83 83 83 225 225 255 377 
76 76 109 109 299 299 
147 147 147 195 236 
29 29 191 191 236 304 408 446 446 487 487 
33 254 466 
31 294 397 397 
444 444 
236 
81 81 359 359 
39 39 330 330 330 430 
47 75 100 383 383 463 
46 46 46 150 150 150 381 381 381 
193 193 251 251 251 479 
193 193 193 
33 101 101 192 192 281 281 347 347 347 

147 236 344 447 
184 258 258 279 345 345 345 366 
330 
358 358 
94 94 315 
123 123 123 123 123 141 
63 383 383 463 463 463 
45 45 54 54 107 107 107 199 199 208 208 208 228 228 242 245 245 292 314 314 336 346 346 353 354 354 360 361 413 413 440 440 440 449 449 449 449 456 478 
122 122 196 196 314 314 314 413 422 422 422 422 422 
27 27 27 92 92 184 
351 
95 95 221 221 221 314 314 346 346 346 418 418 418 
61 61 82 113 113 184 184 184 261 261 289 289 359 389 389 389 394 394 
81 121 142 142 142 329 329 329 389 389 389 
51 51 53 53 53 53 236 237 490 490 490 490 
85 122 312 348 348 348 
41 84 160 255 255 255 312 312 348 437 
198 198 386 498 508 508 508 
150 370 370 
5 5 
358 

2 2 183 
78 78 340 404 413 499 499 499 

73 73 263 315 315 324 
6 6 6 6 80 80 346 
314 314 314 
246 246 290 290 
420 420 441 441 
41 41 354 450 
63 300 300 300 476 496 496 496 
67 67 192 192 195 249 471 
117 135 135 136 216 289 289 289 341 
146 146 379 379 379 425 
236 237 237 353 408 408 408 
16 16 16 18 18 41 106 106 184 190 190 
36 105 105 404 448 448 
76 76 76 186 204 322 322 322 
22 37 37 115 115 414 
54 54 199 
401 401 401 

52 
81 81 508 
367 367 
22 22 108 108 238 
129 415 419 
14 14 102 125 125 135 136 136 136 184 184 236 
364 364 
122 122 222 222 413 413 
31 486 486 489 489 
82 
77 77 84 119 119 222 314 
74 74 74 74 74 
188 454 454 
117 117 136 149 149 149 149 192 
185 185 185 185 491 
480 480 
413 413 448 448 
116 191 191 191 280 

454 454 
168 168 
381 
0 0 0 354 380 381 
102 102 117 
14 102 117 117 117 125 
41 41 44 184 184 
164 

320 320 320 
74 345 345 358 363 363 413 413 413 
82 82 82 
217 

339 339 339 
103 103 379 
55 55 55 69 236 236 
191 268 268 268 304 304 
40 40 125 125 125 125 250 250 417 417 
64 64 64 87 248 
41 354 354 354 
226 292 
325 325 325 
271 374 394 394 408 408 
413 413 

233 276 
22 224 224 224 271 271 288 408 408 
39 39 39 44 44 44 44 44 227 227 231 231 305 402 402 402 428 469 469 477 477 
41 85 224 272 272 272 312 450 450 450 450 450 498 
318 318 318 413 
228 228 228 239 328 364 364 
26 26 26 26 39 354 
138 
329 
239 239 239 
413 413 
132 132 
17 233 233 296 296 390 390 402 
471 
23 290 290 290 
31 424 
447 
222 334 334 376 376 376 413 413 413 481 481 481 
413 
288 288 288 401 401 401 
283 283 381 415 
183 183 
296 
30 30 30 483 
310 310 310 367 367 
2 15 15 15 363 404 404 413 413 444 444 444 
28 91 178 178 
12 14 14 16 16 31 31 32 32 41 41 41 52 52 52 70 78 81 81 81 105 117 117 137 137 202 202 202 202 221 221 236 236 258 258 260 260 267 267 267 284 284 289 289 289 292 292 307 307 324 324 338 338 345 345 354 354 354 355 366 399 399 399 415 426 426 446 446 446 446 446 451 456 465 465 465 490 490 490 
126 126 126 126 473 473 491 
107 245 245 245 
413 
124 510 510 510 510 
2 2 
105 105 372 372 
56 56 129 129 129 148 267 267 268 285 285 304 
40 49 67 67 101 101 125 236 236 236 249 281 281 281 306 306 421 
43 65 65 66 66 66 286 358 413 413 
483 483 
15 41 55 101 204 236 236 267 267 471 471 471 471 
8 8 45 77 77 200 200 413 422 422 
367 367 367 367 496 496 
5 86 86 386 386 386 508 
76 76 109 337 337 354 
196 196 
236 236 236 303 303 
12 12 184 184 184 184 224 

107 195 267 268 
44 433 433 433 433 
264 405 405 
337 423 423 423 423 478 509 509 
76 76 76 
328 328 328 
35 35 309 309 
432 432 
233 310 310 
2 
215 
214 413 413 413 413 467 
102 
143 
3 39 409 
39 39 39 232 274 274 274 274 284 402 454 
15 413 444 444 444 444 
80 80 80 184 184 507 507 507 
30 35 35 119 119 122 174 314 314 314 341 376 413 483 483 483 
329 329 
8 8 158 158 158 160 202 313 313 350 
5 5 53 53 278 441 458 458 462 462 
152 
159 159 305 305 343 343 
76 76 162 162 162 245 
258 258 258 258 295 295 299 509 
303 415 
39 39 159 159 
219 454 485 485 
7 157 169 169 212 238 271 271 271 296 296 374 374 442 505 505 
244 358 358 358 358 
375 487 487 
40 55 56 60 69 83 104 117 147 147 184 184 192 192 192 195 195 201 201 201 237 237 237 267 267 267 275 278 283 283 283 344 351 356 356 432 432 460 460 487 487 487 
83 104 104 236 236 236 408 408 
115 233 
162 166 166 166 
321 476 476 496 496 
268 268 268 
76 
311 311 424 424 494 494 494 
234 325 325 325 358 
76 76 186 186 186 228 426 
97 97 
266 266 266 266 271 271 462 462 462 
150 408 408 505 505 505 505 
101 192 
149 149 374 374 374 417 417 442 442 442 468 468 
65 65 65 413 413 479 
445 
330 330 
57 283 338 338 338 338 415 
53 85 85 85 385 385 385 385 508 
354 
305 305 391 392 477 
70 70 184 184 229 229 229 229 
441 441 441 462 462 462 
184 184 
81 81 329 329 505 505 505 505 
364 364 410 410 
31 31 94 315 315 
11 206 334 385 
389 389 389 
37 37 37 37 37 247 247 247 247 271 271 
39 39 39 184 184 184 191 191 195 195 204 236 236 236 268 356 356 471 471 471 
148 148 148 191 204 241 241 241 267 
392 392 392 392 392 415 415 506 
286 286 457 457 457 
3 3 7 7 9 9 9 12 154 158 158 233 233 233 247 247 266 266 282 287 287 327 327 339 354 354 374 374 374 377 377 401 408 408 427 453 
160 160 160 281 281 281 
5 5 319 354 354 354 354 472 472 
22 22 219 219 219 219 434 463 463 
236 
157 
365 365 365 365 365 415 
50 225 236 
5 5 70 357 
129 308 308 314 449 449 
67 67 192 192 192 272 272 272 296 296 296 296 296 298 298 347 347 
271 427 
177 177 236 236 236 254 415 
46 46 46 184 184 219 
191 191 400 449 
193 270 270 413 413 
17 17 17 271 271 
158 176 176 176 478 478 
81 81 102 102 102 184 184 184 341 341 341 
23 23 23 97 97 171 171 171 

14 14 14 14 76 152 184 184 

58 397 397 408 480 480 480 
229 229 
169 169 179 233 233 281 281 281 281 281 425 425 
12 12 12 25 25 25 408 408 
281 281 347 347 
54 54 229 385 385 385 413 
100 100 100 
339 369 395 428 
39 485 485 485 
201 201 230 
56 148 148 191 
159 227 227 257 257 343 343 343 343 392 392 482 
33 33 192 192 370 408 408 408 
5 184 184 354 354 396 396 465 465 465 
280 280 467 467 467 479 
210 210 
181 181 181 212 212 393 
243 243 424 424 
84 85 85 160 
8 224 224 345 
76 76 77 77 77 80 80 96 96 96 122 222 222 222 280 317 317 317 317 384 413 413 418 418 429 429 429 434 446 446 446 449 449 455 455 455 467 467 467 481 481 
31 31 73 94 94 263 263 354 465 465 486 
344 444 444 444 
314 314 314 314 398 398 413 413 413 
16 16 16 161 161 161 324 
273 354 354 354 354 
140 140 140 
240 323 323 
107 107 107 
42 42 321 321 359 
41 94 184 184 318 
153 153 153 244 244 244 358 503 503 
358 358 358 466 466 
271 271 375 375 375 375 408 
162 209 209 209 346 346 346 346 
82 82 82 165 223 223 261 261 
62 62 62 71 253 253 428 430 
511 511 
407 413 413 
413 
174 174 264 385 385 413 
413 413 
76 486 486 486 
199 199 207 
184 184 254 254 254 254 415 415 
20 20 20 20 46 46 46 145 145 145 271 301 408 427 427 452 470 
92 
102 222 289 289 289 348 

227 227 305 305 305 305 
38 49 49 69 236 316 432 
52 70 70 70 141 141 184 184 313 475 
5 27 47 47 76 76 80 80 80 95 328 328 328 328 459 459 
67 67 67 281 281 298 298 421 421 421 421 421 
84 84 84 85 341 
384 
8 8 8 224 
79 236 432 432 456 456 456 
360 402 
76 104 456 
5 5 31 31 76 76 99 134 151 151 151 163 184 184 184 199 256 271 271 273 273 273 273 307 307 315 319 319 319 319 411 450 462 462 475 475 475 475 484 490 502 502 508 508 
184 
236 236 267 267 
279 367 431 496 
6 6 38 72 72 89 141 193 234 234 234 234 244 325 326 326 326 413 466 466 466 503 
61 61 81 323 
76 352 
24 76 
413 
141 141 182 
118 118 162 162 262 262 
277 277 277 277 277 415 415 415 503 503 
70 184 443 
114 114 181 181 197 197 197 197 357 
391 401 401 
301 
87 87 306 
20 20 20 20 
36 36 190 190 

154 233 233 250 250 250 271 271 271 408 408 408 417 417 417 442 
235 327 327 327 327 408 408 505 505 
174 174 174 222 
53 271 271 393 393 458 
474 
103 103 103 146 
134 502 
0 46 64 64 64 133 134 177 408 408 
413 
63 63 75 75 415 
314 349 449 
255 255 255 255 264 299 299 299 334 334 413 413 
86 198 198 198 
4 4 4 
487 487 
22 22 22 81 81 81 82 82 82 265 265 265 496 497 497 
169 169 460 
257 368 442 
257 269 269 269 269 269 305 305 
310 377 377 
81 81 154 154 495 495 495 
46 301 
32 307 307 
58 58 294 294 480 480 480 480 
317 317 445 445 445 445 
41 184 184 184 
37 50 50 285 
110 110 110 176 176 176 271 368 368 
39 39 159 159 159 169 219 352 
412 412 427 
92 106 182 182 432 432 432 432 
39 39 206 206 
37 37 
332 413 
56 104 104 104 154 154 158 158 237 237 248 248 271 271 294 297 297 306 306 306 327 339 374 374 374 375 375 381 381 412 437 437 437 492 492 
218 
262 262 
354 
403 403 408 483 483 483 
35 45 76 76 77 92 119 119 128 128 141 141 141 155 155 161 167 167 174 174 174 175 182 182 187 193 193 196 215 215 215 215 220 222 251 251 286 286 299 314 314 317 317 317 332 332 333 334 335 335 358 362 382 385 385 407 439 500 
22 22 108 
37 37 116 177 184 230 254 269 269 277 283 338 338 365 365 365 383 432 432 463 463 463 

149 149 250 250 374 374 374 
27 27 27 80 80 80 314 314 434 
116 
18 98 98 441 441 
192 347 347 347 347 347 
77 77 77 77 77 196 196 
207 207 207 207 
172 243 243 311 311 
103 296 296 
184 184 245 464 
271 282 339 339 403 
159 301 330 
314 314 314 
62 330 
357 496 
211 211 236 236 344 351 351 404 404 404 404 415 415 
44 44 44 205 205 205 205 
274 314 418 456 
449 
22 
85 408 408 408 477 

45 45 413 
76 76 76 
1 1 5 18 18 98 98 225 259 259 259 420 420 
233 250 250 250 374 391 
5 366 
59 59 182 182 182 220 220 220 220 316 316 316 
41 41 252 398 398 398 398 
56 56 184 184 184 184 184 314 314 314 
69 173 
106 106 128 128 
76 76 76 76 280 280 285 314 314 384 435 467 467 
99 160 160 160 160 160 354 462 462 
184 475 
339 464 
271 
4 4 4 124 124 131 131 219 232 
17 314 314 314 
13 76 184 351 351 351 353 434 491 
41 41 270 270 270 
225 225 377 
47 47 47 346 346 
236 236 390 
22 497 
225 225 247 247 247 259 259 259 354 354 450 450 
63 75 75 75 274 274 415 415 415 
426 452 470 470 470 
184 184 184 307 307 307 315 315 487 
57 326 326 358 358 358 
215 308 308 308 314 314 314 449 449 
250 250 
159 159 511 
339 464 464 464 
101 170 195 195 195 195 267 267 267 
273 273 
185 185 
378 487 
345 354 354 354 354 451 
10 100 240 240 496 
39 39 39 159 159 257 437 
76 207 288 288 
65 251 308 
127 127 294 294 294 397 397 397 397 
174 174 174 314 314 
305 
30 180 194 194 222 222 222 412 412 412 
354 
39 232 232 302 302 302 
31 31 120 120 315 336 336 336 489 
29 56 56 235 235 236 236 236 388 388 465 474 

31 31 31 120 120 486 
83 83 83 83 184 184 184 354 
126 185 456 
41 41 408 408 
3 3 
243 243 243 
394 394 394 
3 100 100 100 197 197 240 240 357 389 431 476 497 
22 22 389 389 461 496 
86 160 
92 92 92 
413 
4 4 4 4 4 
354 354 380 508 
325 325 358 365 365 
48 48 48 
233 233 248 248 248 248 261 261 261 261 375 375 
269 
221 221 221 
5 5 18 86 86 86 113 198 255 354 354 502 
207 207 229 
188 188 188 188 
331 331 469 
