nodes: 512 edges: 962
134 134 134 381 
441 
182 213 
218 271 493 
387 387 501 501 501 
37 37 37 48 48 88 225 225 273 279 279 307 346 354 354 354 443 508 508 
95 299 358 404 
233 233 271 271 
196 224 313 313 


264 
202 

117 191 292 292 
182 182 
105 105 105 
287 287 287 455 455 455 
105 105 420 508 

339 339 371 

108 108 115 158 274 331 331 331 389 414 461 461 497 
290 
76 
297 297 297 
158 158 163 163 408 
78 418 418 
189 419 
56 56 
483 
120 172 263 263 263 263 315 354 489 489 
184 396 
67 
37 37 37 383 
76 210 222 309 309 309 
105 372 
5 5 5 34 34 34 108 108 266 266 400 415 
358 
62 62 159 159 163 219 231 231 267 267 267 302 402 402 405 477 
149 149 
85 99 151 160 160 195 324 354 398 450 457 492 

193 
137 137 159 159 433 433 433 
76 76 413 
284 339 381 381 
229 459 
5 5 504 504 504 504 

278 400 
83 
112 184 
83 255 337 
501 
147 277 
29 29 191 236 236 304 446 446 446 487 
254 254 466 
294 397 397 
444 444 
104 
359 
39 39 241 330 330 430 430 
75 100 463 463 
381 
251 251 362 362 479 479 479 
193 193 
33 94 94 94 101 281 281 347 
169 
236 236 344 344 447 
258 258 

325 325 358 466 
94 315 315 
141 
63 300 
24 35 45 45 78 107 162 199 199 207 207 208 228 228 242 314 314 314 336 346 353 353 354 413 413 413 449 478 478 
122 122 413 413 413 
27 76 92 92 92 92 92 
435 
95 95 314 314 314 346 346 346 418 
82 82 184 184 261 289 329 389 394 495 
81 81 121 143 143 329 389 389 
51 53 236 236 490 490 
85 
41 84 160 255 255 312 348 
198 198 386 498 
150 306 
5 
358 358 
358 358 358 

78 78 78 78 78 340 413 413 499 499 499 
236 
67 67 67 73 263 315 315 315 324 405 
6 80 80 346 

171 246 246 290 290 
441 
41 
63 197 300 476 496 496 
67 195 195 249 378 
135 136 216 289 289 341 

60 236 236 236 237 408 408 408 507 507 
16 16 16 18 18 36 106 190 
105 190 448 
76 186 186 204 
22 22 37 37 115 


182 182 
52 184 
121 

22 108 
129 213 213 415 415 419 419 419 
14 136 136 184 236 236 
364 
122 122 222 413 
31 
82 113 
77 77 119 119 222 222 314 
375 
188 
136 
185 491 491 
480 480 
413 413 448 
116 191 236 280 285 
389 

168 168 

0 0 0 380 380 
102 
102 117 117 125 
44 44 184 184 
164 236 415 


74 345 345 358 358 363 413 

82 82 217 217 
282 

358 379 
55 236 344 486 
268 268 
40 40 250 250 417 
87 248 248 248 408 
41 354 
364 
325 
394 
413 

233 233 
22 26 26 271 288 288 408 
39 39 44 44 402 402 428 477 477 477 
41 41 85 224 224 272 272 312 450 450 450 
318 
76 228 239 322 364 
26 26 39 354 
138 
329 
211 239 
220 220 413 
132 132 
68 233 296 296 390 

97 290 
31 424 
344 344 
222 334 334 376 481 

288 288 401 
381 415 415 
183 
296 

310 310 
2 15 15 111 111 220 404 413 444 
178 
32 52 81 81 112 117 137 137 202 202 202 260 267 267 267 284 289 292 307 338 345 345 366 399 399 409 409 415 446 451 456 456 465 465 
126 473 473 491 
107 107 

124 510 510 510 510 
28 
105 106 
14 56 129 236 267 268 285 285 285 304 
236 236 236 281 306 378 
43 66 66 286 362 479 
483 
41 101 101 236 236 267 267 471 
8 200 200 290 350 413 413 422 422 
100 367 367 496 
86 86 386 386 508 
76 76 337 337 337 354 
196 196 
303 
12 184 184 184 

107 267 267 381 
433 433 
264 405 
76 76 337 423 423 509 509 509 
76 
328 328 
35 309 344 
166 432 

2 116 116 
467 
413 
102 
143 143 
3 
39 232 232 284 402 402 454 
167 167 182 413 444 444 444 444 
507 507 
35 119 122 122 174 314 314 341 413 483 

8 160 160 
5 5 278 393 419 441 458 462 462 
292 292 
257 305 343 
76 76 162 411 
47 258 295 
275 346 415 415 
39 39 
219 219 294 454 485 485 
7 7 157 157 169 238 271 271 374 374 375 505 505 
358 503 
375 
56 56 69 69 83 83 93 104 104 104 117 117 129 138 147 191 192 192 192 195 195 237 267 267 267 278 283 351 351 356 356 432 432 432 438 487 
104 236 408 408 
233 374 374 374 
162 166 342 342 342 405 405 
476 
62 268 
76 
311 413 424 
325 325 
426 
97 97 
271 271 271 417 462 
150 150 150 408 505 
101 
149 149 374 417 442 442 468 468 468 
65 65 

330 
57 57 338 338 338 
53 85 85 385 385 
354 354 
227 305 391 392 477 
70 70 229 

184 
81 505 505 
410 
31 31 31 31 94 
11 206 334 379 
389 
37 37 271 
39 39 39 184 184 184 191 195 195 204 204 236 236 236 268 356 471 471 
148 148 191 241 267 
392 392 415 
286 286 457 457 
3 7 7 158 233 233 247 247 247 266 282 327 327 327 339 354 354 374 377 377 401 401 401 408 408 412 427 427 427 442 450 
160 160 281 281 
5 354 354 354 472 475 
22 
230 

55 365 365 415 
50 225 236 
5 5 
129 314 449 449 
67 67 192 272 272 296 
144 271 427 427 
236 415 415 
46 184 219 
129 191 191 191 400 449 
193 270 270 413 
17 17 17 
158 158 176 176 478 478 
81 102 102 184 341 341 
23 97 97 171 196 480 

14 14 184 226 226 
408 
58 232 408 480 
229 
169 169 179 281 425 
25 25 25 408 

6 385 385 413 
75 100 
395 395 428 
39 485 
201 
56 191 487 
227 257 343 392 392 482 
87 192 370 370 408 408 408 
5 184 354 354 465 465 

35 35 35 210 
181 181 393 
243 424 424 424 
85 160 
8 8 345 
76 76 76 80 80 80 122 222 222 280 317 354 354 398 413 418 418 418 429 429 429 446 446 446 481 
31 73 73 94 94 94 336 465 465 465 465 
444 
314 398 
161 
354 354 

323 323 
162 
321 321 359 
41 94 
72 72 153 244 244 358 358 503 
466 466 
271 271 271 375 375 408 487 
209 209 346 346 
81 82 165 
62 62 253 369 428 428 430 
22 22 22 


174 174 264 385 413 

76 315 486 486 
53 199 199 199 207 
184 254 254 254 415 
20 20 46 271 381 381 408 427 452 452 
92 
102 222 289 289 
239 239 239 492 
227 305 
69 69 147 173 173 210 
141 141 184 184 313 475 
5 76 80 80 80 95 230 328 328 459 459 
67 421 506 
85 

196 471 
236 236 432 456 
360 405 
76 76 456 
5 5 5 31 41 76 151 163 199 256 256 271 271 273 273 273 307 307 314 314 319 319 380 411 411 450 462 475 508 

236 236 267 
431 
6 38 72 89 89 90 90 90 141 141 146 234 325 325 413 413 413 466 466 503 
61 323 
352 

65 65 193 
141 
118 152 162 
277 277 503 503 
184 
197 197 

330 
306 306 
20 
36 

233 233 238 238 238 250 271 408 408 
123 233 235 327 327 408 
174 
271 271 393 458 
101 192 
146 264 
134 134 354 502 
0 46 46 64 177 204 339 339 408 408 408 
413 
34 415 

255 255 299 299 334 413 413 
86 198 198 449 
4 4 454 
487 
22 81 82 82 130 265 496 496 
169 
257 
257 269 269 305 305 
225 310 377 
81 154 
301 301 
32 
58 58 480 480 480 
41 314 317 445 
184 184 
37 50 285 
176 271 271 271 
39 39 159 159 219 219 
412 412 427 
6 182 432 432 432 
39 94 206 239 239 352 

413 413 
26 104 104 104 150 158 237 237 248 271 271 293 294 297 306 306 306 327 339 374 374 375 381 381 381 412 492 492 492 
184 184 466 
262 
228 354 354 
271 403 403 408 
45 76 76 76 77 77 77 92 92 119 128 128 141 155 167 182 196 196 215 220 222 243 286 299 314 334 358 358 358 382 385 385 407 407 448 
22 
37 116 116 138 177 177 184 230 230 269 277 283 283 338 383 432 432 463 463 

149 247 250 
27 27 80 314 314 314 
28 116 116 116 225 
18 
347 
196 196 
207 207 
172 243 311 311 311 
296 
245 
271 271 271 282 282 339 403 
159 301 330 330 
314 314 314 
62 62 330 
357 
211 236 236 236 351 404 404 404 415 415 
44 44 44 205 205 
456 
79 


236 


1 98 225 
250 250 271 
5 
59 59 182 220 220 220 220 316 
398 
56 56 56 184 314 314 314 
69 
106 128 413 
76 280 280 285 386 467 
41 160 160 160 271 354 462 
184 
339 339 464 464 

219 232 387 
17 17 17 
184 184 351 353 434 
41 270 270 
225 377 
47 346 346 

22 22 469 
225 225 247 354 450 
63 63 415 415 
452 452 470 
184 184 307 307 315 315 315 315 
57 72 326 326 358 358 409 
214 449 479 
250 250 250 
461 
464 
195 267 267 350 
273 
185 185 
487 505 
273 345 354 
100 240 496 496 
39 159 159 159 257 
76 76 288 288 
65 65 65 193 467 
127 127 290 294 397 397 397 
174 314 
305 
30 194 222 

232 232 302 
147 336 336 
56 236 304 327 388 474 

31 31 
83 83 
126 126 185 
41 342 408 408 408 
3 

81 
100 100 197 389 389 476 476 
22 
86 
92 92 92 

4 4 4 54 
380 508 
234 325 358 365 365 
48 48 48 48 
233 233 248 261 261 474 
347 
104 104 221 221 
5 5 18 198 354 502 
207 207 207 
188 188 188 188 

