nodes: 512 edges: 920
134 381 
441 441 
28 189 213 213 
218 218 493 
387 
37 37 37 37 88 273 441 443 
95 95 95 358 358 404 404 

196 196 210 224 313 
271 271 
476 
99 
184 
76 
117 292 
182 182 
105 318 507 
287 287 
105 105 441 
237 
46 339 339 371 371 
31 
108 108 115 389 389 389 414 461 497 497 
171 290 
361 
297 297 
158 158 163 
78 78 78 418 418 418 
2 178 178 183 183 183 189 213 419 
487 487 487 
222 222 483 483 
21 58 120 263 315 315 486 486 489 


37 37 383 
413 
105 106 
5 5 5 5 34 34 108 266 400 406 406 406 
344 
62 163 219 267 267 330 402 477 477 485 485 
149 149 192 192 236 
151 160 160 184 184 324 324 450 457 492 
323 323 

137 159 159 433 433 433 
76 196 413 
20 64 64 64 284 339 381 381 395 

504 504 
192 344 344 
278 278 
83 83 
184 
83 255 
76 76 109 109 299 
195 236 236 
129 446 446 487 
254 415 466 
31 294 397 397 
444 
104 104 236 
81 81 
39 430 430 
75 383 463 
46 46 46 150 381 
193 251 362 416 479 479 479 479 
193 193 193 
94 94 94 101 101 281 347 347 
169 371 371 
236 236 447 
184 258 279 345 366 

325 325 358 466 466 466 
94 315 
123 141 141 141 141 376 
63 383 463 
13 45 54 54 78 78 78 186 199 199 207 207 208 228 229 245 262 292 292 314 336 336 336 346 346 353 413 440 440 449 449 456 456 
122 196 422 
27 27 27 76 76 76 92 92 92 

221 221 346 346 418 418 
61 61 113 184 289 329 329 359 359 389 
121 143 143 389 389 
51 51 53 236 236 237 237 
85 122 312 348 348 
84 160 160 312 335 437 
198 508 
370 
5 
358 
173 

78 78 78 340 340 404 404 413 

67 67 67 73 263 315 
6 6 6 

171 246 246 290 290 
420 441 441 
11 
197 
67 67 195 378 471 
135 135 135 136 289 289 341 

60 60 236 237 408 408 408 408 507 507 
16 18 18 36 106 184 190 190 
36 105 404 448 
186 204 204 322 322 
22 22 37 414 414 
54 54 199 

182 182 
184 184 184 
81 
367 
22 
129 213 213 415 
14 136 136 
364 364 
122 222 413 
31 
82 
77 84 119 222 
74 356 
454 
136 149 149 149 
185 491 491 

413 448 
56 116 191 191 195 236 280 
389 
454 
168 

0 380 
102 102 102 
102 117 117 125 329 
44 184 
236 236 415 

192 320 320 
74 74 74 74 345 358 
389 
82 82 

339 
358 358 379 379 
236 
191 268 
40 40 125 125 125 
64 408 
41 354 
292 292 364 

408 408 408 
413 

276 
26 26 194 224 224 271 271 408 
44 44 227 227 231 305 428 469 469 477 511 
41 41 85 85 224 224 272 312 450 450 498 
318 318 413 
228 239 239 322 322 364 364 
26 39 354 

329 329 
211 239 239 477 
220 
132 413 413 413 
68 233 233 233 296 390 

23 97 290 
424 
90 210 447 
334 

401 401 478 
206 
28 28 183 

483 
367 
15 15 111 111 220 363 404 413 413 
28 28 28 178 
12 41 41 52 70 81 105 112 112 112 137 202 202 221 221 267 267 284 289 292 307 324 324 345 366 399 409 415 451 456 456 465 488 488 490 
126 473 473 491 
76 107 
193 

2 28 
105 105 372 372 
129 129 148 236 236 267 268 285 304 
40 40 49 140 236 281 
65 66 66 66 187 286 286 358 358 362 413 479 500 
158 483 
55 101 129 204 236 267 471 471 471 
8 8 45 77 200 290 350 413 
100 367 367 367 496 
86 386 386 508 508 508 
76 76 109 337 337 354 
196 
236 303 303 303 
184 184 224 

107 107 195 267 381 

177 300 405 
76 76 423 423 478 509 
76 
328 
8 173 309 309 309 344 344 
166 432 432 
233 310 
2 2 28 116 116 

413 413 467 467 


3 3 
39 232 232 232 274 274 274 284 454 454 
167 182 444 
80 80 184 184 
30 30 119 122 314 314 341 376 376 413 413 413 483 483 
329 
8 158 158 160 160 202 313 
419 458 462 462 
292 
159 159 305 305 
76 162 411 
76 258 295 299 409 509 
275 303 303 346 415 415 
159 
219 219 219 454 454 485 485 
169 169 169 212 374 375 
358 
375 487 
40 55 55 60 69 69 83 83 104 129 138 138 147 191 191 192 195 201 237 267 267 351 432 438 460 
19 83 83 104 236 
374 
162 162 166 166 342 405 
476 
268 268 

311 
325 358 358 
76 
97 97 
266 266 271 271 288 417 462 462 462 
408 
281 
374 374 417 417 
65 413 479 
445 
330 
57 283 338 338 
53 385 
354 
305 305 
70 229 
441 462 462 462 

329 329 505 
76 410 410 
31 94 315 
334 
389 389 
37 247 247 271 
39 39 184 184 191 195 204 236 236 268 268 291 356 471 
148 191 241 241 267 267 
415 

9 9 158 158 247 247 266 282 287 327 327 327 339 339 354 354 354 374 374 391 401 408 408 412 412 427 427 442 450 453 453 
160 281 281 
5 354 354 
219 219 219 434 463 463 
230 
157 
365 365 415 
50 50 
70 
129 308 314 314 449 449 
67 192 249 272 272 296 347 
271 
254 415 
46 184 219 
191 400 449 449 
193 193 413 413 
17 17 271 
247 
81 102 102 184 341 341 341 341 
23 97 97 171 196 480 
267 426 
14 76 76 152 152 184 226 
408 
58 397 408 480 480 
229 
169 281 425 
25 25 408 
347 
54 229 385 385 
206 
428 428 
485 
201 201 201 230 230 
191 
159 227 227 257 257 343 392 482 
408 
184 396 396 465 465 
280 467 
210 210 210 
212 
243 424 
84 85 160 440 
8 224 345 345 345 
76 222 222 280 280 317 317 354 398 398 413 413 429 446 446 446 446 449 481 
31 31 73 94 263 336 336 336 354 465 465 465 486 

314 314 398 413 413 
16 161 161 

140 140 

107 107 162 162 
42 42 359 
41 41 184 184 
72 72 244 358 424 503 
358 466 
271 271 271 408 
209 346 
81 81 136 165 165 223 261 261 
39 253 369 
511 
413 

174 264 385 
85 
76 76 76 315 315 315 486 486 
199 199 
254 254 415 
20 20 46 145 271 271 381 
92 92 
102 222 289 289 289 289 
239 
305 401 
38 49 49 210 210 432 
70 141 184 313 313 313 407 
76 76 80 80 230 328 459 
67 67 281 298 421 421 
84 84 

196 471 
236 432 432 
360 402 402 405 
76 456 
151 163 199 256 271 271 271 273 273 314 315 411 462 462 475 490 490 502 
444 
123 267 
367 431 
6 6 72 89 141 146 146 193 193 234 244 244 325 326 413 466 503 
81 81 323 
352 
24 
65 193 
182 
118 118 152 162 162 
277 277 415 503 503 503 
70 184 443 
114 181 197 197 197 357 

330 
87 
20 20 68 68 
190 190 

233 238 250 250 271 271 442 442 
233 235 408 408 408 
74 222 222 
393 393 458 
101 
146 146 
134 
0 46 46 64 204 339 395 395 408 

34 63 75 

255 299 299 334 413 413 413 
198 198 
4 
487 
22 22 22 81 82 82 130 142 265 265 
169 
271 442 
305 
377 377 
495 
46 381 381 
307 307 
58 58 294 
314 314 317 445 
184 
37 285 
176 176 271 343 
39 352 352 
412 412 
6 6 92 92 106 182 432 
206 239 352 
37 37 37 
345 
104 104 104 104 150 154 154 154 158 248 271 271 293 294 297 306 327 375 375 375 381 437 437 470 470 470 492 492 
184 229 
262 262 
228 354 
271 271 403 403 
35 45 76 92 119 128 155 161 168 168 168 182 182 193 196 215 215 222 222 222 251 286 286 314 314 317 317 332 358 385 385 385 439 448 494 500 
22 108 108 
57 116 138 184 230 230 269 277 283 338 365 432 432 463 
65 
247 250 250 
27 27 27 80 80 
28 225 
98 441 
347 347 
77 
207 207 
172 311 325 
296 
291 464 
271 271 
159 301 301 
314 
62 62 
357 496 
211 211 236 344 351 351 404 415 415 460 
44 44 44 
274 456 456 


85 408 408 
236 
413 
76 76 312 
1 1 5 18 98 98 259 420 
271 374 374 391 
5 366 
59 220 355 
252 398 
56 56 314 314 314 314 
69 173 
106 128 413 
76 76 280 280 285 285 314 467 
41 160 160 271 462 
184 475 
464 
271 271 
124 131 219 219 232 232 

76 76 184 184 353 434 434 491 
41 
225 377 
346 
236 432 
22 469 
225 225 247 247 247 259 259 259 354 354 450 
63 75 274 274 415 
426 452 470 470 
184 307 307 315 315 315 487 
57 72 72 72 326 358 
215 215 308 449 

159 159 461 
408 408 408 464 464 
101 195 195 195 267 350 

185 185 
487 487 505 
354 451 
10 240 496 
39 39 159 166 
176 207 
65 65 65 65 193 251 
290 294 294 
314 
305 
30 30 180 194 222 222 

39 39 232 232 302 
31 31 315 336 336 
29 29 29 56 235 388 465 474 474 
184 184 
31 
184 354 354 
126 126 185 456 
41 408 408 
3 
413 
394 
197 431 476 
22 22 
160 

193 413 

354 
325 358 365 365 365 
48 48 
261 474 

16 104 104 
86 198 198 198 
207 229 

159 331 
