nodes: 512 edges: 1532
134 134 134 134 381 381 
441 441 
28 111 182 182 189 213 213 
218 218 493 
289 387 387 387 454 454 501 501 501 501 
34 37 37 50 88 88 198 198 198 225 273 273 279 279 279 307 354 441 443 508 508 
95 95 95 299 358 358 358 404 404 
233 271 271 
196 224 224 224 350 
163 
476 
177 264 
184 184 297 297 297 297 
76 
117 136 184 191 292 292 
195 
105 105 105 105 184 318 318 318 507 
169 287 287 287 455 455 
105 105 105 105 105 420 441 508 

46 46 46 46 46 339 339 339 371 371 371 371 
31 
108 115 274 274 274 274 331 389 389 389 414 436 436 436 461 497 497 
171 290 
76 
297 297 297 
158 158 158 163 163 163 408 408 
78 78 78 78 78 346 346 418 418 
2 178 178 178 213 419 419 419 419 
56 56 487 487 487 
122 180 180 180 222 483 
21 172 184 263 263 263 354 486 
184 
67 192 306 306 
5 37 37 37 37 
210 210 222 309 413 413 
105 106 372 372 372 372 
5 5 34 34 34 34 108 266 266 406 415 415 
358 
62 159 159 163 163 218 219 219 231 241 267 267 267 302 330 402 402 405 405 405 477 477 485 
149 192 192 236 236 
85 99 137 137 151 151 151 160 184 324 354 399 445 445 445 450 450 457 492 492 498 
323 323 
193 
137 159 159 159 159 159 433 433 
76 76 196 413 413 459 
20 20 20 20 20 64 284 284 284 339 339 381 381 
48 229 346 459 
47 441 504 504 504 
344 344 344 344 
5 278 278 278 400 
83 
112 184 184 184 184 345 
83 83 83 225 225 255 255 377 
109 109 109 109 299 501 501 
147 147 147 147 195 195 195 236 277 
29 29 129 191 236 236 236 304 408 446 446 446 474 474 487 487 
254 254 415 466 
294 397 397 

104 104 236 
81 81 359 
39 330 330 330 430 
75 75 100 383 383 383 463 
46 
193 193 193 251 251 362 479 479 
193 193 193 193 
33 94 94 94 101 101 192 281 281 281 347 374 
296 296 371 
147 
184 184 258 258 258 279 279 279 345 366 
330 330 369 
325 466 466 
178 315 315 
123 123 123 141 141 376 
63 63 383 463 463 
13 24 45 45 78 107 107 199 228 229 245 245 245 262 292 314 314 336 336 336 336 346 353 354 354 360 361 361 361 364 413 413 413 440 449 449 449 456 478 478 
122 122 122 146 196 314 314 314 314 413 413 413 422 
27 27 27 27 27 76 92 184 
435 
95 95 95 221 221 314 314 346 346 
61 61 113 184 184 184 289 329 359 359 389 394 495 495 
121 121 121 121 142 142 143 329 389 389 
51 53 53 53 236 236 236 237 490 490 
85 85 85 122 312 348 348 
41 84 84 84 160 160 160 255 255 255 255 348 348 437 
198 198 508 
150 150 150 306 306 
5 5 
358 
173 358 358 
183 
78 182 182 340 340 340 340 413 413 499 499 
236 
67 67 67 263 324 
6 6 6 80 80 80 170 
314 314 314 
171 171 171 246 246 290 
420 441 441 441 
41 450 
63 197 300 496 496 
67 67 192 192 195 471 471 
117 117 117 135 135 135 136 216 216 289 289 289 
146 146 379 425 425 
60 60 236 236 237 353 408 408 507 
16 16 16 16 18 18 18 18 18 36 106 106 184 184 190 
36 105 105 404 448 448 
76 76 186 186 186 186 204 204 322 322 322 
22 37 115 115 414 
54 54 54 54 199 199 
401 401 
2 182 
52 184 184 184 
81 508 
367 367 367 
22 108 108 
213 213 415 415 419 419 419 419 
14 102 102 102 125 135 136 136 136 184 236 236 236 

222 
489 489 
82 82 82 82 
30 77 77 77 84 222 222 314 
74 74 74 
454 
117 136 136 149 149 149 192 
185 185 185 
480 480 
413 448 
56 191 236 280 
389 
454 454 
168 
408 
0 0 0 0 354 354 380 380 
102 102 102 117 
14 102 117 117 117 125 125 329 
41 41 44 246 

381 
320 320 
74 74 345 345 358 358 358 363 363 413 413 
82 82 389 
82 217 217 
282 282 282 
339 339 339 
77 103 103 358 358 358 
55 55 55 55 69 236 344 
191 191 268 268 268 268 304 
40 125 125 125 250 250 417 417 
87 87 87 248 408 
41 41 41 354 354 
292 364 364 
325 325 
271 374 394 394 408 408 

465 
233 233 276 471 
26 26 26 194 194 224 224 271 271 271 288 288 288 408 
39 39 44 44 44 44 44 231 231 402 402 428 428 477 
41 85 85 85 224 224 224 224 224 272 312 450 450 450 498 
318 318 318 413 
228 228 228 228 239 322 364 364 364 
9 26 26 26 39 39 354 

329 329 329 
239 239 477 477 
220 
132 413 
17 233 233 390 390 390 
95 471 
23 97 97 97 290 290 
31 424 424 
90 344 447 
334 334 334 334 376 376 413 413 481 
407 413 
288 288 288 437 478 
11 206 206 283 283 300 300 415 415 
28 28 28 73 183 

30 30 30 483 
310 367 
2 2 92 92 111 220 363 363 404 404 404 413 444 
91 178 
12 12 14 16 31 32 41 52 52 52 52 70 70 78 81 81 81 105 105 112 112 112 117 202 202 202 221 221 236 258 258 260 267 267 284 289 289 292 292 307 307 324 338 345 354 355 366 366 399 399 399 409 409 409 415 446 446 446 451 451 456 456 456 465 465 488 488 490 490 490 
126 126 126 473 473 491 491 
107 107 107 107 245 
193 413 413 
477 477 510 
2 
105 406 
14 56 129 148 148 236 236 267 268 285 304 
33 40 40 67 101 101 125 236 236 281 281 306 306 306 378 
43 65 65 65 66 66 66 66 187 362 362 362 479 479 500 
158 158 483 483 483 
15 55 55 55 101 236 236 267 444 471 471 471 
8 45 77 200 200 350 350 373 413 413 413 422 
100 367 367 496 
5 5 5 86 86 386 
76 109 109 337 337 337 
196 196 
236 303 303 415 
184 184 184 224 
287 
107 107 267 267 268 471 
433 433 433 433 
177 177 300 405 
337 337 423 423 423 509 509 509 
438 

35 35 309 309 

310 
2 2 28 116 116 
215 314 314 314 467 
214 413 413 413 413 467 
102 102 
143 143 
3 3 39 
39 39 232 284 402 454 454 
167 182 413 413 413 444 444 444 
80 80 184 184 507 507 507 507 
30 35 119 122 122 314 341 376 376 376 376 376 413 413 413 483 483 483 
329 329 329 
8 8 8 158 158 160 160 160 160 160 202 313 313 350 350 
5 53 53 278 393 441 458 458 462 462 462 
292 292 292 
257 305 305 
76 162 162 162 162 245 245 
47 76 258 295 
275 275 303 303 346 415 415 
39 159 159 
219 454 485 485 485 485 
7 157 157 169 169 271 271 276 296 296 374 374 375 375 
244 358 358 358 503 
487 487 
40 40 55 56 56 56 60 83 83 83 93 104 104 117 117 117 129 147 184 191 191 192 192 195 195 201 237 259 267 267 267 275 275 275 278 344 351 432 432 432 438 460 460 487 
83 104 236 408 408 408 408 
374 374 374 374 
162 166 166 342 342 405 405 
476 496 
39 268 268 268 

311 413 424 494 494 
234 325 325 358 358 
76 76 76 186 228 228 426 
97 97 137 
266 266 266 266 271 271 271 271 288 288 462 462 
150 408 

149 149 374 374 374 468 468 468 
65 65 479 

330 330 330 
57 57 283 338 338 338 
53 53 85 85 85 85 385 385 385 508 

227 305 
70 70 70 184 184 229 409 409 
236 441 441 441 462 462 462 
184 
505 505 505 505 505 
76 364 364 410 410 410 410 
31 31 31 94 315 
11 334 385 
389 389 
37 37 247 247 247 247 271 
39 39 39 184 184 191 195 204 204 236 236 236 268 268 356 468 471 471 
148 148 148 148 191 204 241 241 241 267 267 
392 392 392 392 415 
286 457 
7 7 154 158 158 158 233 233 247 247 247 247 266 282 327 339 339 354 354 354 374 374 377 377 391 401 408 412 427 450 453 
160 281 281 281 281 281 400 
5 5 319 354 472 472 475 
22 22 22 22 463 463 
230 230 236 236 236 
157 233 
55 365 365 365 365 415 415 
50 50 50 225 236 
5 5 5 70 70 70 
129 308 314 449 449 
67 67 67 192 192 272 272 272 272 272 296 296 296 296 298 493 
144 144 144 271 
177 177 254 415 484 
46 46 46 184 219 
191 400 449 449 449 
270 413 
17 17 17 203 
158 158 158 176 176 176 247 247 478 478 478 
4 81 102 102 102 184 184 341 341 
23 97 171 171 480 
426 426 
14 14 76 152 184 184 226 226 226 
408 408 
58 397 480 
229 
68 68 233 233 281 281 281 281 425 425 
12 12 12 12 25 25 25 408 408 
281 347 347 
6 54 385 385 413 
100 177 177 206 
339 395 395 428 
39 485 485 
201 201 230 230 304 
56 148 191 303 487 
227 227 257 343 392 482 482 
33 33 87 87 192 192 192 370 408 
5 184 184 396 396 465 
280 467 467 479 
35 210 210 
181 212 393 
243 424 424 
84 160 440 
224 224 345 345 345 345 345 
76 76 77 77 77 77 80 80 96 96 96 122 214 214 214 222 280 317 317 317 317 354 384 398 413 413 418 418 434 446 446 446 446 449 455 467 481 481 481 481 
73 73 263 336 465 465 465 465 486 
344 444 444 444 444 
314 314 314 314 398 398 413 413 
16 16 16 161 161 161 324 
273 354 354 
140 140 
323 323 323 
107 107 107 162 
42 42 321 321 321 
41 94 184 318 
72 153 153 244 244 358 358 424 503 503 
358 358 358 358 466 466 466 
271 375 375 408 
346 346 346 346 
81 82 136 165 165 165 223 223 223 
39 62 62 62 71 71 253 253 253 
22 511 511 
407 407 413 
413 413 
174 174 174 174 264 385 413 
413 
76 76 76 76 315 486 486 
199 199 199 207 207 
184 254 254 254 415 415 
20 20 20 46 46 145 145 145 271 271 301 381 408 408 427 427 427 452 452 470 470 
92 92 92 92 353 
222 289 289 
239 239 492 
305 401 401 
49 49 49 49 147 173 236 316 
52 70 141 141 184 313 313 313 313 313 407 
27 27 47 76 80 80 230 328 328 328 328 459 
67 298 298 421 421 506 506 
84 84 85 85 
384 429 
8 196 196 224 224 471 
236 
360 402 405 
76 104 340 456 
5 31 41 76 76 134 134 151 151 163 184 271 271 271 273 314 319 319 411 411 411 450 450 462 462 462 475 475 475 475 475 484 490 490 502 502 508 
184 444 
267 
367 431 496 
6 6 6 38 89 90 90 141 141 141 146 146 146 234 234 234 244 244 325 325 326 326 326 326 413 466 466 
61 81 81 
76 352 
76 76 76 
65 193 193 193 413 413 
141 141 182 182 
76 152 152 162 162 162 262 262 
277 277 277 277 415 503 503 503 
70 184 184 443 
114 114 114 181 197 197 357 
401 401 
71 
306 
20 20 20 20 68 
36 36 36 36 
196 
67 154 233 233 238 238 238 238 250 250 250 271 271 408 408 408 417 417 
233 233 327 327 408 408 408 408 505 505 
74 174 174 222 222 222 222 222 
53 271 271 393 393 393 393 458 458 458 
192 474 
103 
134 134 502 
0 0 46 46 139 339 395 395 395 408 408 
413 
63 63 63 75 415 415 415 432 432 
314 349 449 
255 255 255 264 299 299 334 413 
198 
4 4 4 
487 
22 22 22 81 82 82 130 142 265 265 496 497 
169 169 169 
271 
269 269 269 269 305 
225 310 377 377 377 377 
81 154 154 495 
301 301 381 381 381 
307 307 
58 58 294 480 480 480 
314 317 317 445 445 
41 184 184 184 
50 272 285 
110 110 271 343 343 368 368 
39 39 159 159 219 352 
412 412 412 412 
6 6 106 182 182 182 432 432 432 
39 39 39 206 239 239 352 
37 190 
175 332 332 345 413 
26 26 56 104 104 133 150 154 154 158 237 237 237 237 248 271 293 293 297 297 306 327 339 339 374 374 374 375 375 375 375 381 381 437 437 492 492 492 492 492 
184 184 184 258 258 
262 262 262 262 419 
354 354 354 
271 403 403 403 403 483 483 483 
35 35 45 45 76 76 76 77 77 77 92 92 128 141 141 161 168 174 174 175 182 187 187 196 196 196 215 215 215 215 220 220 220 222 222 222 243 286 299 314 314 317 317 332 333 333 334 335 358 362 362 382 385 407 439 448 448 494 
22 108 
37 37 57 116 116 177 177 184 201 230 230 269 277 277 283 338 338 365 383 383 383 432 463 463 463 463 

149 149 374 374 
27 27 314 314 
28 28 28 28 116 116 116 116 410 
18 98 441 
347 347 
77 196 
207 207 207 
172 172 243 311 311 325 
103 103 296 296 
245 291 291 464 
271 339 339 339 
159 159 301 
349 
62 
357 496 
236 236 236 383 383 404 404 404 415 
44 44 205 205 205 205 
314 456 456 456 456 
79 
22 22 22 
85 176 408 408 
208 236 
413 
76 312 
1 1 5 18 48 98 98 98 225 259 259 259 420 

5 366 
182 195 220 220 220 316 316 316 316 355 
41 41 41 398 398 
56 56 56 184 184 184 314 314 314 314 
173 
106 106 128 413 413 
76 76 76 280 280 285 285 285 314 384 467 
41 41 99 160 160 160 271 354 354 462 462 
184 184 475 
339 339 464 
271 
4 4 124 131 131 219 219 232 
17 17 314 
76 184 184 184 353 434 434 434 434 491 
41 270 
225 225 377 377 377 
45 47 346 
236 236 
22 469 497 497 
225 225 225 247 247 259 259 259 354 354 354 450 450 
63 75 75 274 274 415 415 415 415 
426 452 470 
156 184 184 307 315 315 315 315 487 
57 72 72 326 326 326 358 358 
214 215 308 308 314 449 479 
250 250 250 267 
461 511 511 
339 339 464 
101 101 157 170 195 195 195 204 267 267 350 
273 273 475 475 
185 185 
56 56 378 487 487 487 
273 354 354 354 354 354 451 472 472 
10 240 496 496 
39 39 159 166 166 188 188 
76 76 176 288 288 288 
65 65 193 193 251 308 467 
127 127 290 294 397 397 397 
174 314 314 314 314 
305 305 
30 180 194 194 194 222 222 222 412 412 412 
283 354 
39 232 232 232 232 302 302 
31 315 336 336 
29 29 29 56 56 235 235 236 304 388 465 474 474 474 
184 184 
120 120 
83 83 184 184 184 354 354 
185 185 456 
41 41 342 408 408 408 408 408 
3 281 
243 243 413 
81 81 394 
100 100 197 240 357 389 431 476 476 497 497 497 
22 22 389 461 461 496 496 496 
41 160 
92 92 
193 
4 4 4 4 54 54 
354 354 380 508 
234 325 325 365 365 365 
48 48 48 
261 261 261 261 261 375 375 
347 347 
16 104 221 221 221 221 
5 5 18 86 113 255 354 502 
207 207 207 
188 
331 331 469 469 
