nodes: 512 edges: 960
381 
441 
28 91 111 189 213 
218 218 271 271 493 496 
501 
34 48 88 88 198 198 273 273 279 279 307 354 508 
299 358 
271 271 
224 224 350 350 
271 271 
476 476 476 

184 202 271 297 297 
456 
184 191 292 292 292 
182 182 220 
105 318 318 507 
287 287 455 
105 105 420 441 

339 371 371 
31 
108 115 274 274 389 436 497 
171 290 290 
361 
297 
158 158 297 
78 78 418 
2 178 178 419 419 
487 487 
122 180 222 483 483 483 
21 120 184 263 486 489 489 
396 
57 67 
5 37 
210 210 222 309 413 
105 372 372 372 
34 108 266 266 266 266 400 406 406 
358 
159 159 159 163 163 218 219 219 267 267 267 330 402 402 402 405 405 477 
192 236 236 
85 105 137 151 151 160 160 184 354 450 450 457 492 498 
323 

137 137 159 159 159 205 205 433 
196 413 439 439 459 
64 339 339 381 381 

5 504 504 504 
192 
400 400 
83 83 83 490 
184 345 
83 83 255 255 
76 109 109 109 299 501 501 501 
147 147 236 
191 191 236 304 408 446 446 446 446 474 474 487 487 
33 254 254 415 466 466 
397 397 

236 
81 81 
430 430 
75 383 383 463 
46 150 221 
416 416 479 
193 
33 94 94 101 101 192 
169 296 
236 
246 246 258 279 279 345 345 345 
369 
358 358 466 
178 315 
141 
63 
54 78 78 107 107 199 228 229 229 229 242 242 242 314 314 336 346 346 346 353 354 361 361 361 413 413 413 440 449 449 449 456 478 
122 122 196 196 314 314 413 
27 27 76 76 92 92 92 184 

95 95 221 221 221 314 346 346 418 
61 61 82 113 184 261 261 289 289 329 359 389 394 495 495 
81 142 389 
51 51 51 53 53 236 236 237 
85 312 348 
41 84 255 335 348 437 
198 508 
306 370 
5 5 
358 

2 183 
78 78 78 182 340 404 413 413 499 499 

67 67 315 324 
80 80 170 

171 246 290 290 
441 
450 
476 496 496 
67 67 195 471 
117 135 135 136 216 289 289 341 
146 425 
236 237 408 507 507 
16 18 18 36 41 106 106 184 184 184 190 190 
105 105 
76 76 204 204 
22 37 115 115 115 414 
54 54 54 199 
401 401 401 
2 182 

81 

22 108 108 108 238 
213 415 415 
102 184 184 236 236 
364 
222 
31 486 

30 77 77 222 

474 
136 149 149 149 192 
491 491 

448 
280 



408 

102 102 
102 125 
41 44 44 246 354 

381 381 381 
320 
74 345 358 413 413 
82 389 389 
217 

339 339 
103 358 379 379 379 
55 55 236 344 486 
268 268 268 
125 125 125 250 417 
64 248 248 
41 41 354 354 354 
292 292 364 364 
325 
271 394 394 408 408 

465 
233 276 
26 26 194 224 224 224 271 271 288 408 
39 39 39 44 44 44 227 231 231 305 428 469 469 477 511 
41 41 224 224 224 272 312 450 498 
318 318 
228 239 322 322 364 
39 39 354 


239 
220 
413 
68 233 296 296 390 390 
95 471 
23 97 290 
424 
344 
222 222 334 334 376 376 481 481 481 481 
407 413 
401 478 
283 300 300 300 381 415 415 
28 28 73 
296 356 
30 222 
310 
15 15 92 111 363 404 413 444 444 
91 
12 14 31 41 52 78 81 105 105 105 117 117 202 221 221 221 236 260 267 292 307 324 324 355 355 355 366 399 399 409 409 415 415 426 426 446 446 465 465 490 490 490 
381 473 473 491 
245 
413 
477 510 510 
2 
105 105 
14 56 56 267 267 268 285 304 
40 49 67 125 236 236 236 281 281 281 306 
66 358 362 413 500 
158 483 483 483 
101 204 236 267 471 471 471 
45 77 77 290 290 373 413 413 422 
367 367 496 496 
5 5 86 386 508 
76 109 337 337 354 

236 303 303 415 
12 184 

107 107 195 381 471 
44 44 433 
264 405 
337 337 423 423 509 

328 
35 35 309 
432 
233 233 310 
2 116 

413 413 
102 
143 
3 3 39 
39 39 274 402 402 
15 167 444 
64 80 80 80 184 184 184 507 
30 35 119 122 174 174 180 314 341 341 376 376 413 413 483 
329 
8 8 158 158 158 160 160 160 313 
458 458 462 
292 292 
159 257 305 305 
76 162 245 411 
76 76 76 258 509 
275 275 415 
159 159 
485 485 
157 169 212 212 271 271 296 296 374 
358 

40 40 55 56 60 69 83 83 104 117 117 147 184 192 192 192 195 201 237 237 237 267 275 275 278 283 351 432 432 438 487 
83 104 236 236 236 408 408 408 408 
115 
162 166 
476 496 

76 76 76 
311 311 311 413 424 494 
325 
186 228 426 
70 70 97 137 
271 271 271 288 462 
150 150 408 408 505 505 

149 374 442 468 
413 

330 
57 57 283 338 338 
53 53 85 385 

227 305 477 
70 229 
441 462 462 
184 
81 81 329 329 505 505 

31 
206 334 385 

37 37 37 37 271 271 
39 39 39 184 191 191 195 236 356 468 471 471 
148 148 148 191 
415 
286 457 457 
3 3 7 7 9 9 12 154 158 158 233 233 247 247 247 266 266 282 287 287 339 354 354 374 374 377 391 401 408 408 412 442 450 453 
160 400 
5 5 453 472 475 
22 22 219 463 463 
230 230 236 236 
157 
365 415 
236 
5 5 70 70 
129 314 314 449 
192 192 192 347 493 
271 427 
177 236 254 415 

191 449 
270 413 
17 17 271 271 
158 247 
81 81 102 102 341 341 341 
23 23 97 97 171 196 196 480 
426 426 
14 14 14 152 152 184 226 226 
408 408 
397 397 480 480 

68 169 169 179 233 233 425 425 
12 12 25 26 408 

6 54 385 385 413 
177 177 177 
369 428 
485 
201 201 
56 191 
159 227 227 257 343 343 392 392 482 482 
87 192 
5 184 354 354 
467 479 
35 210 
181 212 
243 243 243 424 424 
84 160 
224 
76 76 77 77 80 222 280 280 354 398 413 413 418 418 434 446 446 446 446 467 481 
73 94 336 336 354 465 465 465 486 
444 

16 16 161 161 
354 
140 

162 162 
42 359 359 
94 184 184 
153 244 358 358 424 
466 466 466 
375 375 375 
209 
81 223 261 261 
39 253 369 428 428 
511 

413 413 
174 174 264 385 
85 
76 315 315 486 486 
199 199 207 207 
254 254 415 415 
20 46 46 145 145 271 381 381 381 408 408 427 427 
92 
102 222 222 289 289 289 
405 492 
305 305 401 401 
147 173 432 
52 70 70 70 141 
76 76 76 80 80 
281 421 
84 85 

8 8 
236 432 456 456 
360 402 402 
76 
5 41 76 137 151 151 151 163 199 271 271 307 307 314 315 319 411 411 411 450 475 502 
184 184 184 
179 267 
431 496 496 
6 38 72 72 89 141 146 193 234 325 325 413 413 413 466 503 503 
81 323 323 
352 
24 76 76 76 
193 413 
182 
118 152 152 162 
277 
184 
197 197 
401 
71 301 330 
87 
20 20 
36 36 36 
196 
233 250 271 271 408 
327 327 327 408 505 505 
174 174 222 222 
271 393 393 393 458 
471 
146 146 146 
502 
0 46 46 139 139 139 177 185 204 339 339 339 408 408 

63 63 415 432 
449 
255 264 299 299 334 413 413 
198 449 

487 
22 81 82 142 142 496 496 497 
169 169 460 
271 
305 305 
377 377 377 
81 154 154 

32 
58 58 294 294 480 480 480 480 
314 445 
184 184 
37 50 50 272 
110 110 110 176 271 343 343 368 
39 39 39 219 219 352 352 
412 412 
92 182 432 
39 39 206 342 
37 37 
175 413 
56 104 133 154 154 158 237 237 237 237 248 248 271 271 293 293 297 339 339 374 375 381 381 412 437 437 492 492 492 
184 184 466 

228 354 354 354 
271 403 403 408 483 483 
35 45 76 76 76 77 92 92 141 141 168 175 182 187 193 196 196 215 215 222 222 243 251 286 299 314 314 333 333 358 358 358 362 385 385 407 448 494 500 
108 
57 116 116 177 177 184 184 201 230 269 277 283 338 338 383 463 
65 65 
149 
27 80 314 314 
28 28 
18 441 
347 
196 
207 207 
172 243 311 311 325 
103 296 296 
184 184 245 291 291 
282 339 339 
159 301 330 330 

62 62 
357 496 
211 236 236 344 351 383 404 460 460 
44 205 
314 456 

22 
85 408 408 
236 
45 45 
76 
1 18 98 259 420 
250 271 

182 182 220 316 
398 
56 56 56 56 184 184 314 314 314 314 

128 413 
76 76 76 280 285 384 386 
41 41 99 160 271 354 462 

464 464 
271 273 

17 
13 76 351 351 434 491 
41 270 270 
225 225 377 
45 
390 432 432 
469 469 
225 247 259 259 450 
63 274 274 415 
452 452 470 470 
156 184 184 315 315 315 
57 57 72 326 326 326 358 409 
308 314 
250 267 
159 159 461 461 
464 464 
101 170 195 195 195 204 267 267 378 
273 475 
185 185 
56 56 124 
273 354 472 
10 10 10 100 240 496 
39 159 188 257 
76 176 
65 308 
290 294 294 397 397 397 397 
174 174 174 174 314 
305 305 
30 30 30 194 194 194 222 412 412 

232 232 302 
31 120 147 315 336 336 489 
29 29 56 56 236 388 

31 31 486 
51 184 184 184 
126 126 185 456 
41 342 408 408 408 
3 281 
243 413 
81 81 
3 100 100 197 197 240 357 357 389 389 431 476 497 497 
22 389 496 496 
41 160 
92 92 
193 413 
4 54 54 54 
354 380 
358 358 
48 48 48 
248 248 261 261 375 375 

16 104 104 221 
5 86 198 
207 229 
188 188 
159 331 
