nodes: 512 edges: 1555
134 134 134 381 
441 441 
28 28 91 91 213 
218 218 218 271 
387 387 387 454 454 454 501 501 
37 37 37 37 48 50 88 88 198 198 225 225 225 273 273 279 279 354 354 443 508 508 
95 95 95 95 358 404 
271 
196 224 224 313 350 350 
271 271 271 271 
476 476 476 
99 177 264 
184 202 202 202 271 297 297 
456 
117 117 117 184 191 292 292 292 
182 182 195 220 
105 105 105 105 184 318 318 507 
169 287 287 287 455 455 455 
105 105 105 105 105 420 441 441 
237 
46 339 371 371 371 
31 
108 108 115 115 158 274 274 274 274 274 331 414 414 436 436 497 
171 171 290 290 

297 297 297 297 
158 158 163 163 297 408 
78 78 78 78 418 418 
2 2 178 183 189 419 
56 487 487 
122 180 483 483 483 
21 184 184 263 263 315 315 354 354 486 486 489 489 489 
184 184 
67 67 67 192 192 306 
37 37 37 383 
76 210 210 222 222 309 413 
105 105 106 372 372 372 372 
5 5 5 5 34 34 34 108 108 108 266 266 266 266 266 400 406 406 415 
344 
62 159 159 163 219 219 219 231 231 241 267 267 267 302 302 330 402 402 405 477 485 485 
149 149 149 192 236 236 249 
85 85 99 105 137 151 151 151 160 160 160 184 195 324 324 354 354 398 450 450 457 457 492 492 
323 323 
193 
137 137 137 159 159 159 159 205 205 433 433 433 
76 76 413 413 459 
20 64 64 64 284 284 284 339 339 381 381 395 
229 459 459 
5 441 504 504 504 504 
192 344 344 
5 278 278 278 278 278 400 400 
83 83 490 
112 184 184 345 
83 83 83 83 225 225 255 255 
76 109 109 109 109 299 299 
147 147 195 236 236 236 
29 129 191 236 236 304 304 408 446 446 474 474 487 
254 254 415 466 466 466 466 
294 397 397 397 397 
444 444 
236 236 236 
81 81 359 
39 241 241 330 330 430 430 
75 75 383 463 463 
46 46 46 150 150 150 381 381 
251 251 251 251 362 362 416 479 479 479 479 479 
193 193 193 
33 33 33 94 94 94 101 101 192 192 281 347 374 
169 296 296 371 
236 236 447 
184 258 258 279 279 279 345 
369 
325 466 466 466 
178 
123 123 123 
63 63 383 383 463 
35 45 45 54 78 78 107 107 162 162 199 208 228 228 229 229 242 242 245 245 292 292 292 314 314 336 346 353 354 354 361 361 361 413 413 413 440 440 440 440 449 449 449 456 456 456 478 478 478 
122 122 122 196 314 314 314 413 422 422 
27 27 27 27 76 76 92 92 92 92 
435 
95 95 221 221 221 221 221 314 346 418 
61 61 184 261 261 261 289 359 495 495 
143 329 329 389 
51 51 53 53 53 53 236 490 490 490 
85 312 348 
41 41 84 160 255 255 255 255 312 312 348 348 
198 386 386 508 508 
150 306 306 306 370 
5 5 
358 
358 358 
2 2 
78 78 78 78 182 182 340 340 413 499 499 

67 67 67 263 315 324 
6 6 6 6 80 80 164 170 

171 171 171 246 246 246 290 290 
420 420 420 441 441 
11 41 354 354 450 
197 300 300 476 496 496 496 
67 67 192 195 195 249 378 471 
117 117 135 135 135 135 136 136 289 289 289 
146 146 146 379 379 379 425 
236 236 236 236 237 237 353 408 408 408 408 408 507 507 507 
16 16 16 16 18 18 18 18 18 36 36 41 106 106 106 184 184 
36 105 105 105 190 404 448 448 
76 76 186 186 186 204 204 204 204 322 322 322 
22 22 37 37 37 115 414 414 
54 54 54 54 199 
247 247 
182 
52 184 
508 
367 367 367 
22 22 108 
213 213 213 415 419 419 419 419 
14 14 14 102 102 125 135 136 136 136 230 236 
364 364 
122 222 222 413 413 413 
486 486 489 

30 77 77 77 119 222 
74 74 74 
454 
117 149 149 149 
185 185 185 185 491 491 
480 480 
448 
56 191 191 236 285 
389 389 
454 
168 168 168 
381 381 408 
0 0 0 380 
102 102 102 102 117 
102 102 117 117 117 329 
41 44 44 44 184 184 
164 236 236 

192 320 
345 345 345 358 358 363 
389 389 389 
82 217 
282 282 282 
339 
103 103 103 358 358 358 358 379 379 379 
55 55 236 236 344 344 
268 268 268 304 304 
40 40 40 125 125 125 417 417 
64 64 64 87 248 408 
41 41 41 354 354 
262 292 
325 
271 374 394 394 394 394 408 408 
413 
465 
233 276 471 
22 26 26 224 224 271 271 288 288 288 408 
39 39 44 44 44 44 227 227 231 231 231 305 330 330 402 477 
41 41 41 85 224 224 272 312 312 450 450 498 
318 318 318 318 413 413 439 
76 76 228 228 228 228 322 328 
26 26 39 354 
95 138 
329 329 
239 239 477 477 
413 413 413 
132 132 132 413 413 413 
17 68 233 296 390 390 390 
95 
23 23 97 97 97 290 290 290 
424 424 
344 344 447 
334 334 376 413 481 481 481 481 481 
407 407 413 
288 288 401 401 401 401 401 
11 206 283 283 283 381 415 
28 73 183 
296 356 
30 483 
310 367 367 367 
15 15 92 92 111 220 363 404 413 413 
28 178 
12 14 16 31 31 32 32 41 52 52 70 81 105 105 112 137 137 202 202 202 202 221 221 221 236 236 258 260 260 267 284 284 284 289 289 292 292 307 307 307 324 338 345 345 345 354 354 355 355 355 399 399 399 399 409 409 409 415 415 426 426 446 446 446 446 451 456 465 488 488 490 490 
126 126 126 126 473 491 
107 107 107 
413 
477 510 510 510 510 
28 
106 372 372 406 
14 56 129 129 236 236 236 267 267 285 285 304 
33 33 40 49 67 67 101 140 236 236 249 281 281 306 306 306 421 
43 66 66 66 286 286 286 362 413 479 
483 483 
15 41 55 101 101 204 236 236 471 471 
8 77 200 200 200 350 373 413 
100 367 496 
5 5 86 386 386 508 
76 109 337 337 
196 196 196 
303 303 303 415 
12 12 12 184 184 184 184 
287 
107 107 107 107 195 267 267 268 268 268 471 
44 44 433 433 433 
177 264 405 405 
337 337 423 423 423 423 478 509 509 509 509 
76 438 
328 328 
35 35 309 344 344 
432 
233 233 310 310 310 
2 116 116 116 
215 215 314 
214 214 413 413 467 467 

143 
3 3 3 409 
39 39 39 232 232 274 274 274 284 402 402 454 
15 182 413 444 444 
80 80 80 80 80 184 184 184 507 507 
35 35 119 119 122 314 314 341 341 376 413 413 413 483 
329 
8 8 158 158 160 160 350 
5 5 5 53 53 393 419 419 441 441 458 

159 159 257 257 305 305 305 343 
76 76 162 162 162 162 245 245 245 
47 76 76 258 295 299 409 
117 275 275 275 415 415 
39 39 159 159 159 
219 219 454 454 485 
157 169 212 212 238 271 271 271 296 296 374 374 375 442 505 505 
358 358 503 

40 40 55 55 55 56 56 60 60 60 69 69 83 104 104 104 104 117 129 138 138 147 147 184 184 191 191 191 192 192 195 195 237 259 267 267 275 275 283 351 351 356 356 432 432 460 
19 104 104 236 408 408 408 408 
233 374 374 374 
166 166 342 342 
496 496 
39 62 62 268 268 268 268 268 
76 76 
311 311 413 424 494 
325 358 
76 76 228 228 228 
97 97 97 
110 110 266 266 266 271 271 288 288 288 417 462 462 462 462 
150 505 505 505 
40 101 192 
374 374 374 417 442 468 468 468 
65 65 65 65 413 479 
445 

57 57 283 283 338 338 415 415 
53 53 85 85 85 85 385 385 508 
354 354 
227 227 391 392 
70 70 184 229 409 
236 441 441 441 462 462 462 462 
184 184 
81 81 81 505 505 505 505 505 
152 364 364 410 410 
31 31 94 315 
11 206 379 
389 389 389 389 
37 37 37 37 37 247 247 247 271 
39 39 39 184 191 191 204 204 236 236 268 356 356 468 471 471 471 
148 148 148 204 204 204 241 241 241 241 241 267 
392 506 
286 457 457 457 
3 7 9 9 9 9 12 154 158 158 233 233 233 247 247 266 287 327 339 339 354 354 354 374 374 374 377 377 391 427 442 442 442 450 453 453 
160 281 281 400 
5 5 354 354 475 475 475 
22 22 22 22 22 219 219 219 434 463 463 463 
230 230 230 236 236 
157 
365 365 415 415 
50 50 50 50 50 
5 5 70 70 70 
308 314 314 314 449 449 
67 192 192 272 272 296 296 298 298 347 
144 144 144 427 
177 177 177 236 254 254 415 415 
46 46 46 184 184 184 219 
129 191 191 449 449 449 
193 193 193 270 413 
17 17 17 203 271 
158 158 158 176 176 247 247 247 478 478 
81 102 102 102 184 184 
23 23 97 97 171 171 171 480 480 480 
426 
14 14 14 76 76 76 152 184 184 
408 
58 397 397 397 480 480 480 
229 
68 68 169 179 233 233 281 281 425 425 425 
12 12 25 25 25 25 26 408 408 
281 281 
54 54 229 385 385 
100 100 
369 395 395 428 428 428 428 
39 39 
201 201 201 
56 56 148 148 191 487 
159 227 227 227 343 343 343 343 482 482 482 
33 87 87 87 192 192 192 370 408 408 408 
184 184 184 354 396 
280 479 479 479 
35 210 
181 212 212 212 
243 243 424 424 424 424 
84 85 85 160 160 
8 345 345 
76 76 77 77 77 80 214 222 222 280 280 280 349 349 354 354 384 398 413 413 429 429 429 434 446 446 446 446 449 455 467 481 481 481 
31 31 94 263 336 336 465 486 486 486 
344 444 444 444 444 
413 
16 16 161 161 161 161 324 
354 354 
140 

107 107 107 162 
42 42 359 359 359 
41 41 94 184 318 
72 153 244 503 503 
358 466 466 466 466 
271 375 375 375 408 487 
162 209 209 346 346 346 
82 82 136 165 165 223 
39 62 62 159 159 369 428 428 428 
22 511 511 511 
407 407 413 413 
413 
174 174 385 413 

76 315 315 486 
199 199 207 207 
184 254 254 415 415 
20 46 46 145 271 271 381 381 381 408 408 427 470 470 
92 92 353 
222 222 
239 239 405 
227 305 305 305 305 401 401 401 
38 49 49 147 147 173 173 210 210 316 432 
52 70 141 141 141 184 184 184 313 313 407 475 
76 80 328 328 328 459 459 
67 281 421 493 506 506 
84 85 85 
314 314 429 
8 8 196 224 471 
236 236 432 432 432 456 456 456 
360 402 405 
76 104 340 456 456 
5 5 31 31 41 41 76 76 99 99 151 151 163 184 184 256 256 271 271 271 273 273 307 314 314 319 319 411 450 462 475 475 475 475 484 490 508 
184 184 184 444 
179 236 236 267 267 
367 367 431 431 496 496 
6 89 90 90 141 141 146 146 146 146 234 234 244 326 413 413 413 466 503 
61 81 323 323 323 
352 
76 76 76 
65 65 193 
141 182 
118 118 262 262 
277 277 415 503 503 503 503 

114 114 114 181 181 181 197 357 357 
401 
71 301 330 
87 306 408 
20 20 20 68 
36 36 36 36 190 190 
196 
67 154 233 233 238 238 238 250 250 250 271 271 271 408 408 417 417 417 442 
233 327 327 327 408 408 408 408 505 505 
174 222 
271 271 393 393 393 458 458 458 
101 
103 103 103 146 146 146 264 
134 
0 46 46 64 64 133 133 177 339 339 339 395 395 408 408 

34 63 75 75 415 415 432 
314 449 449 
255 255 299 299 334 413 413 413 
86 86 198 198 
4 4 4 454 
487 
82 130 130 142 142 142 265 265 265 265 496 496 496 
169 169 169 
257 271 
257 269 
225 377 377 377 
154 154 154 154 
46 301 301 381 381 
307 
58 58 58 58 294 294 294 480 480 480 480 
41 314 445 445 
184 184 184 184 
37 50 50 272 
176 176 176 176 176 343 343 343 368 
39 39 159 219 219 352 

6 106 182 
39 206 206 342 352 
37 37 190 
175 175 332 332 345 413 
26 56 104 104 104 104 104 133 150 154 154 158 237 237 237 237 293 297 297 306 306 306 327 339 339 370 374 374 375 375 375 375 381 381 412 437 470 492 
184 184 184 218 229 258 466 
262 262 
354 
408 483 483 
35 45 45 76 76 76 77 92 119 119 119 155 161 161 167 167 167 168 168 168 174 175 182 182 187 193 196 215 215 220 222 222 222 243 251 286 314 314 317 332 332 333 334 358 358 358 385 385 385 407 439 439 448 448 500 
22 22 108 108 
37 57 116 177 184 184 201 230 230 254 254 277 277 283 283 338 338 365 383 383 432 432 432 463 463 
65 
149 149 247 250 374 374 374 
27 27 80 434 
28 116 116 116 116 225 225 
18 98 98 98 441 441 441 
192 347 
77 77 
207 207 207 207 
172 172 243 311 311 311 311 
103 296 296 296 
184 184 291 
271 282 339 
301 301 301 301 330 330 330 
314 314 314 349 
62 62 
357 357 496 
211 236 236 344 351 351 351 383 415 415 415 460 460 460 
44 44 44 205 205 205 
274 314 418 456 456 456 456 
79 
22 22 
408 477 
208 
161 413 413 
76 76 76 76 
1 1 18 18 48 98 98 225 225 259 259 259 420 420 420 
233 250 271 271 271 374 
5 
59 59 220 220 316 316 316 316 355 
252 398 398 
56 56 184 184 184 184 314 314 314 314 
69 173 
106 106 128 413 413 
76 76 76 280 280 285 285 285 314 384 384 467 467 467 500 
41 41 99 160 160 271 354 462 462 
184 475 
464 464 
271 271 
4 4 4 124 131 219 232 232 387 
17 17 17 314 
13 76 76 76 184 351 351 351 353 353 434 434 434 434 
41 41 270 270 270 
225 377 377 377 
45 47 47 346 346 
236 432 432 432 
469 469 497 
247 247 247 247 259 259 259 259 354 450 450 
63 63 75 274 274 274 415 415 
452 452 470 470 470 
156 184 315 
57 57 57 57 72 72 72 326 326 326 326 358 409 
215 215 314 449 449 449 479 
250 250 250 267 
461 461 511 
339 339 408 464 464 464 
101 157 195 195 204 267 267 267 350 
475 
185 
56 56 505 
273 273 273 345 354 354 354 354 451 472 
10 10 10 100 496 496 
39 159 166 166 188 437 
76 76 76 207 288 288 
65 65 65 65 65 193 251 308 308 308 467 
127 127 290 290 290 294 294 294 397 397 397 397 
174 174 174 174 174 314 314 314 
305 305 305 
30 30 30 180 194 194 222 412 412 
354 
39 39 232 
31 31 120 120 315 315 315 336 489 489 
29 29 56 304 327 388 
184 184 
31 31 31 120 486 486 
51 83 83 83 184 184 354 
126 126 185 
41 41 408 
347 
243 
81 81 
100 100 100 197 240 240 357 357 389 389 389 431 476 476 497 
22 461 496 
160 
92 92 
413 449 
4 4 
508 
234 325 325 358 365 365 365 365 
48 48 48 48 
233 233 248 248 248 261 261 261 261 261 375 375 474 
269 347 347 
16 104 104 104 221 221 
5 5 86 86 113 198 255 354 502 
207 207 207 207 
188 188 188 188 
331 331 331 469 
