nodes: 512 edges: 1574
134 134 134 
441 441 441 
28 28 91 91 91 111 111 182 213 213 
218 218 493 493 
289 387 387 387 454 501 501 501 501 
34 37 37 37 37 48 48 50 50 50 88 88 88 198 225 225 273 273 279 279 307 346 354 354 354 441 441 443 443 508 
95 95 95 358 358 358 358 404 
233 233 271 271 271 
196 224 224 313 313 313 350 
271 271 
476 476 476 
99 264 
184 184 202 202 271 297 
76 76 
117 136 184 184 191 292 292 292 292 
182 182 195 
105 105 184 184 318 318 318 507 
169 287 287 287 455 455 
105 420 441 

46 46 339 339 339 339 371 371 

108 108 115 158 274 274 274 331 331 389 414 414 436 436 436 461 497 
171 171 171 290 290 290 
76 76 
297 297 
158 163 163 163 163 163 408 
78 78 78 78 346 346 418 418 418 418 418 
2 2 183 183 189 419 419 419 
56 487 
180 483 483 
120 184 263 263 263 263 315 354 486 486 486 489 
184 184 184 
192 
5 37 37 37 37 37 
76 222 222 309 413 
105 106 372 372 372 372 
5 5 5 5 34 34 34 34 34 108 108 266 266 266 266 406 415 415 415 
358 358 
159 159 159 163 218 219 219 219 231 231 241 267 267 267 330 330 402 402 405 477 477 485 485 
149 149 149 149 149 192 192 236 236 
85 85 99 99 105 151 151 151 160 160 184 184 184 195 324 354 354 398 399 445 450 450 457 457 457 492 492 492 498 
323 323 
193 193 
137 159 159 159 159 433 433 433 
76 413 413 439 439 439 
20 20 64 284 284 284 284 339 381 395 
48 63 346 459 459 
5 5 47 441 504 504 
192 344 344 344 
5 5 5 278 
83 83 490 490 
184 184 184 
83 83 83 225 255 
76 109 109 109 299 501 
147 147 147 195 236 236 277 
29 129 191 191 236 236 304 304 446 446 446 474 474 474 
254 254 415 466 466 
294 397 397 397 397 
444 444 
104 104 236 236 
81 359 

47 75 383 463 463 
46 150 150 150 150 221 381 381 
193 251 416 416 479 479 479 479 
193 193 193 
94 101 101 101 192 281 347 347 
169 296 371 371 
236 236 344 
184 258 279 279 345 345 345 
330 369 
325 325 358 466 
94 315 315 
123 141 141 141 
63 300 463 463 
13 13 24 24 35 45 54 78 107 199 208 208 228 229 229 242 242 242 245 245 292 292 314 336 336 336 346 353 353 353 354 354 354 361 361 361 364 413 413 440 449 449 449 449 456 478 478 
122 314 314 314 413 413 422 
27 27 27 27 76 92 92 92 184 
351 435 
95 95 221 221 221 221 314 346 418 
61 82 113 113 184 184 184 289 289 329 329 359 359 389 389 495 
81 121 142 143 143 329 329 389 
51 51 53 53 53 236 236 237 490 490 490 490 
85 85 85 122 312 312 312 348 348 348 
41 41 84 84 84 160 160 160 255 255 255 312 312 335 348 437 
198 198 386 508 508 
150 150 306 306 370 
5 5 5 


2 2 2 
78 78 78 182 182 340 404 413 499 499 499 

67 73 315 405 
6 6 6 80 80 170 
314 
171 246 246 290 
420 441 441 
11 41 41 354 354 
197 197 300 300 476 476 
67 67 67 192 192 192 192 195 195 471 
117 136 216 289 289 341 
146 379 379 379 
60 60 236 236 237 353 408 408 408 
16 16 18 36 41 106 106 106 184 190 
36 105 105 105 190 448 
76 186 186 186 204 322 322 322 
22 22 37 37 115 414 414 
54 54 54 199 199 
247 247 401 401 
2 2 182 
184 184 
81 81 
367 367 
22 108 
213 213 213 213 415 415 415 419 419 
14 102 125 135 136 136 184 184 230 236 236 
364 
122 122 222 222 413 413 413 
31 489 
82 
77 84 119 119 222 222 
74 356 375 

117 136 149 149 
185 185 185 185 491 
480 480 
413 413 448 
56 191 191 195 275 285 
389 389 389 
402 454 454 
168 168 
381 
0 0 0 354 380 380 
117 
14 102 117 117 125 
44 184 246 
164 164 164 236 236 
381 381 
320 320 
74 74 74 345 345 345 358 358 363 363 363 363 413 413 
82 389 
82 82 217 
282 282 
339 
103 358 379 379 
55 55 55 236 344 486 
191 191 268 304 304 
40 40 40 40 40 125 125 250 250 250 417 417 
64 64 64 64 87 87 248 
41 41 41 354 354 354 
292 364 
325 325 
374 394 394 394 394 408 408 
413 413 413 
465 
233 276 276 471 
22 26 224 224 224 224 271 288 288 288 408 408 
39 39 39 44 44 44 44 231 231 305 330 402 402 402 428 469 477 477 477 511 511 511 
41 41 85 85 85 224 224 224 224 272 312 450 450 498 
318 318 318 318 413 413 439 
228 239 322 364 364 364 
26 26 26 26 26 39 
138 138 138 
329 
211 239 
220 413 
132 132 
17 68 233 296 390 390 
95 471 
23 23 23 97 290 
424 424 424 
344 344 447 
222 222 334 334 376 376 413 413 481 481 481 
407 
288 288 288 288 288 437 
206 283 300 415 415 415 
455 

30 222 483 
310 310 367 367 
2 15 15 92 92 111 220 363 363 413 413 444 
28 28 
12 12 14 14 16 16 31 32 32 32 41 41 41 52 52 52 70 78 81 81 81 105 112 112 117 117 137 202 202 202 202 202 221 236 258 258 260 260 260 267 289 289 292 307 307 324 324 324 338 345 345 354 355 355 355 399 399 399 409 415 415 426 446 446 446 446 451 451 456 488 490 
126 126 126 126 473 473 
107 107 107 245 245 
413 
477 477 510 510 
28 
105 106 372 406 
14 56 56 129 129 148 148 236 236 236 267 267 268 268 285 285 304 304 
33 40 40 49 67 101 101 101 101 236 236 281 281 281 306 306 378 421 
43 43 65 66 66 66 358 358 362 362 413 500 
483 483 483 
15 41 55 101 101 129 236 267 267 444 471 471 471 471 
8 200 200 200 290 350 350 373 413 413 422 
100 100 367 367 496 496 
5 86 86 386 508 
76 109 109 337 
196 196 196 
236 236 303 303 303 415 415 
12 12 184 184 184 184 184 
287 
107 267 267 268 268 
433 433 433 433 
177 264 405 
423 509 
76 76 
328 328 328 
309 344 344 
166 432 432 
310 310 310 
2 2 116 116 116 116 221 
467 
413 413 413 467 
102 
143 
3 3 39 
39 39 39 232 274 274 274 402 454 454 
167 182 413 444 444 
64 80 80 80 80 184 213 507 507 
35 35 119 119 122 122 174 174 180 314 314 341 376 376 376 413 483 
329 
8 8 158 158 158 158 160 160 160 160 313 313 
5 5 53 278 393 393 393 441 441 458 458 462 462 462 
292 
257 257 305 305 
76 162 245 245 
76 76 258 258 295 
117 275 275 415 415 415 
39 39 159 159 
219 485 485 485 485 
7 7 157 169 238 238 271 296 296 296 374 374 374 375 505 
244 358 503 
487 
40 40 55 55 56 56 60 60 69 69 83 83 104 104 117 117 138 138 147 184 191 191 191 192 192 195 201 201 237 237 237 259 267 267 267 275 275 275 278 283 283 344 351 356 356 432 432 432 438 438 460 460 487 487 
83 104 236 236 236 408 408 408 
233 233 374 374 374 
162 166 342 
476 476 496 496 
39 268 268 268 268 268 
76 76 76 
494 494 
234 325 358 
76 76 186 186 228 228 426 
97 97 137 
110 110 266 266 266 266 266 271 271 271 288 288 417 462 462 462 
150 408 505 505 

149 149 149 374 374 374 417 442 442 468 468 468 468 
65 413 413 

330 
57 57 283 283 283 338 338 338 338 338 415 
53 85 85 85 385 385 508 
354 
227 227 305 477 
70 184 184 229 229 409 409 409 
236 441 462 462 462 462 462 
184 184 184 
329 329 505 505 
410 410 
31 31 31 31 315 
11 206 334 334 385 
389 389 389 
37 37 37 37 247 247 247 247 247 271 
39 39 39 184 191 191 195 195 204 204 236 236 236 268 268 356 356 356 471 471 471 
148 191 191 204 204 241 241 241 241 241 267 267 
392 392 392 392 415 
457 457 457 457 
7 7 7 9 9 12 158 233 247 247 247 266 282 327 339 339 354 354 354 374 374 374 377 377 391 401 408 408 412 427 427 442 442 450 453 453 453 
160 281 281 281 281 
5 5 319 354 354 354 354 453 472 475 475 475 
22 22 22 219 219 219 434 463 463 
129 230 230 236 236 236 
157 157 
55 365 365 365 415 
50 225 236 
5 5 70 70 
308 308 314 314 314 314 314 449 
67 192 192 192 272 272 272 272 296 298 298 347 
144 144 271 
177 236 236 254 254 254 415 415 
46 46 46 46 
129 191 191 400 449 449 449 
413 
17 17 17 203 
158 158 158 176 176 176 176 176 247 247 478 
4 81 81 102 102 184 184 341 341 341 341 
23 23 23 97 171 196 
426 
14 14 14 14 76 76 152 184 226 
408 408 
58 397 408 480 480 480 480 
229 
68 169 233 233 233 281 425 425 
12 25 25 408 408 
281 281 347 347 
54 385 385 385 
75 100 100 177 
369 395 428 428 428 428 
485 
201 201 201 
56 56 148 148 191 191 487 
159 227 227 257 343 343 343 392 482 482 482 
87 87 192 192 370 408 408 
5 184 184 354 396 465 
280 280 479 479 479 479 
35 210 
181 181 212 212 212 
424 424 424 
84 84 84 85 85 160 
8 8 8 224 224 345 345 
76 77 77 77 80 96 222 222 280 280 280 280 280 317 349 354 354 384 384 398 398 413 418 418 429 429 429 446 446 446 446 446 449 455 467 467 481 481 
31 73 73 94 263 336 336 336 465 465 465 465 486 
444 444 
314 398 398 398 413 413 
16 16 16 161 161 161 161 324 
273 354 354 
140 140 
323 323 323 
107 107 107 162 
42 42 321 321 321 359 359 
41 184 184 184 318 
72 72 153 153 244 358 503 
466 466 466 466 
271 375 375 375 487 
209 209 209 
81 81 82 82 165 223 261 261 
39 39 71 159 253 369 428 428 428 428 
22 22 511 511 511 511 
407 407 407 413 
413 
174 174 264 264 413 
85 413 
76 76 76 315 315 315 486 
199 
184 254 254 254 254 254 415 
20 20 20 20 46 145 271 271 381 381 408 408 427 427 452 
92 353 
102 222 289 289 289 289 348 
239 492 
305 305 305 401 401 
49 49 49 69 147 173 173 210 210 236 
70 70 70 141 141 141 184 184 313 313 407 
5 27 27 47 76 80 459 459 
67 67 281 298 298 421 421 421 506 506 
84 84 84 85 341 
314 384 
8 196 196 471 
79 236 432 432 456 456 456 456 
405 
76 76 76 104 340 456 456 
5 5 5 31 41 41 76 76 76 99 99 134 151 151 151 184 256 271 271 271 273 273 273 273 307 314 314 319 319 411 450 462 462 462 475 475 475 490 490 502 502 508 
184 184 184 444 
123 236 236 267 267 267 
367 431 496 496 496 
6 6 6 6 38 38 72 141 141 146 193 193 234 244 325 413 413 413 466 466 503 503 503 
61 81 81 323 323 

76 76 76 
193 193 
141 141 141 141 182 182 
76 118 152 162 162 162 
277 277 277 415 503 503 

114 114 181 181 197 197 357 
401 401 
71 301 330 
87 306 408 
20 20 68 68 
36 36 36 36 190 
196 
154 233 233 233 238 238 238 250 250 250 271 271 271 408 408 417 417 417 
123 233 327 327 327 408 408 408 505 505 
174 174 222 222 222 
271 271 393 393 393 393 458 
192 
103 103 103 146 146 
134 134 502 
46 64 64 133 139 139 339 339 408 

63 415 415 432 432 
314 314 349 449 449 449 
255 255 264 299 299 299 413 413 
86 198 
4 4 4 454 

22 81 81 82 130 130 130 142 265 265 265 496 
169 169 460 
271 442 
269 269 269 269 305 
225 225 225 377 377 377 377 
154 154 154 154 495 
46 301 
307 
58 58 58 58 294 480 480 480 480 
41 314 314 317 317 317 445 
41 184 184 184 
285 
110 110 271 343 343 368 368 
39 39 131 159 159 159 219 
412 412 427 427 
6 92 432 432 432 432 
39 94 206 352 
37 190 
175 332 332 332 345 
26 104 104 104 154 154 158 158 237 237 237 248 271 271 293 293 294 297 297 306 306 339 339 370 374 374 375 375 375 381 437 470 492 492 492 
184 258 258 258 466 
262 262 419 
354 
271 403 403 483 
35 45 45 76 76 77 77 92 119 119 119 128 128 141 141 155 155 155 161 161 167 174 174 182 182 187 193 196 196 215 215 215 220 222 251 251 286 314 317 317 332 333 334 335 358 358 358 385 385 439 494 500 500 
22 22 108 108 
37 37 37 57 116 116 116 177 177 177 184 184 201 201 230 230 230 254 269 277 283 283 338 365 383 383 432 432 463 
65 65 
149 149 247 250 374 374 374 
27 27 27 27 27 80 314 314 434 
28 28 28 116 116 410 
18 98 441 441 
192 347 347 347 
77 196 
207 
172 172 172 311 311 311 
296 296 
184 245 291 
271 271 339 339 403 403 
159 301 301 301 301 330 330 330 330 
314 314 314 

357 496 496 
211 211 236 236 236 351 351 383 383 404 404 404 404 415 415 460 460 
44 44 44 205 205 205 205 
274 418 456 456 456 456 
79 449 449 
22 22 22 
85 176 408 477 
236 236 
45 45 45 161 413 
76 
1 1 1 5 5 18 48 98 98 225 225 259 420 420 
250 250 271 271 391 
5 5 
59 59 182 195 220 220 316 316 355 
41 398 
56 56 56 184 184 184 184 314 314 314 314 314 
173 
106 128 
76 76 76 76 280 285 285 285 314 384 384 384 435 435 
41 41 160 160 271 354 462 462 
184 184 
339 464 464 
271 271 271 273 
4 131 131 219 219 387 
17 17 178 314 
76 184 351 351 351 351 353 353 434 434 434 434 
41 41 41 270 270 270 270 
225 225 377 
47 47 346 346 
236 236 390 432 432 
22 469 469 469 469 469 
225 225 225 247 247 247 259 259 259 259 259 354 354 354 450 450 
63 63 75 75 274 274 415 
452 452 470 
156 307 315 315 315 315 
57 57 72 326 326 326 326 358 358 409 
214 215 314 314 479 
250 250 250 250 
159 461 461 461 461 461 
408 464 
101 157 170 195 195 195 195 267 267 267 350 
273 475 
185 185 
56 56 56 487 487 
273 273 273 354 354 354 472 
10 10 10 100 100 240 240 496 
39 39 159 159 159 188 188 257 437 
76 76 288 
65 65 65 65 308 308 308 308 467 
127 127 294 294 294 294 397 397 397 397 
174 174 174 314 314 
305 305 305 
30 30 180 194 194 194 222 412 

39 39 232 232 232 232 302 
31 31 31 147 315 336 489 
29 235 236 236 304 327 474 474 
184 
31 120 486 
51 51 83 83 83 83 184 354 354 
126 
41 41 41 342 408 408 408 
3 3 
243 243 413 
81 394 
197 197 240 240 357 357 357 389 431 431 476 497 497 497 497 497 
22 496 496 496 496 496 
41 160 
92 92 92 
193 413 413 
4 4 4 4 54 
354 354 380 
234 325 358 358 358 365 365 
48 48 
233 248 248 261 261 375 375 
347 347 
16 221 221 
5 86 86 198 255 354 
207 
188 188 
159 159 159 331 331 331 331 
