nodes: 512 edges: 942
134 381 381 
441 441 
91 91 182 189 
218 271 493 
289 387 454 501 501 501 501 
34 34 37 50 88 88 225 273 279 441 441 443 443 508 
95 95 358 358 404 404 
233 
224 224 350 350 
271 271 
476 476 
177 264 
184 202 271 297 297 297 

117 184 191 
182 
184 318 318 
287 455 
105 105 441 

46 339 339 
31 31 
108 115 158 274 389 389 497 
32 171 171 290 

297 
297 
78 78 346 
178 178 183 419 
56 487 
180 222 
21 21 172 263 263 315 354 486 486 486 489 
23 184 184 

5 5 37 
309 413 413 
105 372 372 
5 34 108 108 415 415 

62 62 62 159 159 163 163 219 219 219 231 267 302 330 330 402 405 477 477 477 
149 149 149 192 249 
85 85 137 137 151 160 160 184 184 195 324 399 450 457 492 498 


137 137 159 159 159 205 205 433 
413 439 
20 64 284 284 339 381 
63 229 459 459 
504 
344 344 
5 278 278 

184 
83 83 255 377 
76 109 501 501 
147 195 236 236 
29 408 446 446 474 487 
415 466 466 
397 397 
444 
104 
81 
39 39 39 241 330 430 430 
47 75 463 463 
46 381 
251 479 479 
193 193 
94 101 101 192 281 281 281 347 374 
169 169 296 371 371 371 
147 
246 246 258 279 279 279 345 345 366 
330 369 
325 325 
94 178 315 

63 463 
54 78 107 107 107 162 186 199 207 207 208 229 229 242 314 336 336 336 346 346 353 410 413 413 413 449 456 
122 196 314 314 314 314 413 
27 27 76 92 92 

95 95 221 314 346 346 346 
61 82 113 261 261 261 289 289 359 394 495 
81 121 121 143 143 389 
53 53 236 237 

41 41 255 312 335 
386 
150 150 
5 5 
358 
173 
2 2 
78 78 182 340 413 499 

67 73 263 315 405 
6 6 80 80 170 
314 314 314 
171 171 290 
420 420 
450 
300 300 300 496 496 
67 67 249 378 
117 117 289 289 
146 425 425 425 
60 236 353 408 408 408 507 507 
18 18 36 106 190 
105 448 448 
76 76 76 204 322 
22 37 37 414 
54 199 
247 247 401 
182 182 

81 
367 
22 
213 213 213 419 
14 102 102 136 136 230 236 
364 364 
122 122 222 413 413 413 
489 
82 82 
77 119 119 222 314 

454 
136 149 149 
185 491 
480 480 

191 191 
389 389 

168 168 
381 
0 354 354 381 

117 117 125 
41 41 44 44 184 184 354 
164 236 415 

192 
345 358 363 413 413 

82 82 217 217 


103 
55 69 236 236 
191 268 304 
40 40 40 125 125 417 
87 87 248 
41 354 
292 
325 
271 374 394 394 408 408 

465 
233 233 471 
22 224 271 288 408 408 
39 39 44 44 44 231 330 402 402 402 428 477 511 
41 41 224 272 450 450 450 498 
413 439 439 
76 228 228 239 239 364 364 
39 39 
138 

239 239 477 

132 132 
68 68 233 390 390 402 
95 
23 23 97 97 290 290 
31 424 
90 
334 334 413 413 413 481 

288 288 401 
11 206 206 283 381 415 415 
28 28 73 183 455 

30 
310 
2 15 92 111 111 363 404 404 413 444 444 
28 178 
12 14 16 32 32 41 41 52 137 137 236 236 260 267 267 289 292 324 338 354 355 366 399 399 409 415 415 426 426 426 446 446 446 446 451 456 456 465 488 488 490 490 
126 473 473 491 
76 245 
193 413 
477 510 510 510 
2 
105 372 406 
14 129 129 148 236 236 267 
40 67 140 236 236 281 281 281 306 
66 66 187 362 362 413 500 
483 
41 55 204 267 471 471 471 
77 200 200 350 373 413 413 
367 496 496 
386 508 
76 109 337 
196 196 
236 303 303 415 
12 224 
287 
107 195 267 268 268 
44 44 433 
177 177 
76 76 423 423 478 478 
76 
328 328 
309 344 
432 432 432 432 

116 116 116 
314 


143 143 
3 409 
39 39 39 232 232 274 284 454 
444 
80 
30 119 122 314 314 341 341 376 376 413 413 483 483 
329 329 
8 8 158 160 202 350 
5 278 393 393 419 441 458 458 462 462 
292 
257 305 
162 162 245 411 
47 76 76 258 295 295 509 
117 346 415 415 
39 159 
219 219 485 
7 157 157 169 271 271 296 296 374 505 
358 358 358 503 
375 487 
55 55 83 104 117 138 147 147 184 184 191 191 192 192 201 237 237 267 267 278 283 283 344 344 351 351 356 356 432 438 460 460 487 
83 236 236 408 408 408 
374 374 
162 162 166 166 342 
321 476 496 496 496 
62 268 
76 
311 494 
358 358 
186 228 426 
70 70 
110 110 266 271 271 288 288 462 
150 408 
40 101 
374 374 417 442 468 468 468 
65 413 


283 338 338 338 338 
53 85 385 385 508 
354 
227 391 477 
70 229 
441 441 462 462 
184 
81 81 81 329 329 505 505 505 
364 
31 31 94 315 
11 385 
389 
247 271 
39 184 184 191 195 204 236 236 268 268 471 471 
148 204 204 241 267 267 
392 415 
286 457 457 
3 9 9 12 154 158 233 233 247 247 266 287 327 327 339 339 374 374 377 377 377 377 391 401 408 408 412 427 442 453 453 
160 281 281 281 
5 354 354 475 
22 219 463 


365 365 365 
50 50 225 236 
5 70 70 70 357 
308 449 
67 67 67 192 192 192 272 272 272 296 298 

177 236 236 254 415 415 
46 46 219 
400 449 
270 
17 203 271 
158 176 176 247 247 
4 81 81 102 102 184 
23 97 171 171 480 

152 184 226 

480 480 
229 229 
68 233 233 281 425 425 
12 12 12 25 26 
281 347 
385 385 385 
100 100 100 
339 428 428 
39 485 485 
201 201 304 
148 303 
227 392 482 482 
192 
354 354 354 396 465 
280 467 479 
35 210 
181 
243 
85 440 

76 77 77 77 77 80 96 96 96 122 214 222 222 317 349 354 384 413 413 418 418 434 446 449 455 455 455 467 
31 73 94 263 465 465 486 

314 413 
16 16 
354 354 

240 323 
107 
321 359 
41 184 
72 72 153 424 
358 358 466 466 
271 271 375 
209 209 346 346 346 346 
223 223 261 261 
39 39 62 71 159 369 428 428 
511 511 
407 407 
413 
174 174 385 
85 413 
76 76 76 
199 
184 254 254 254 254 
20 20 46 271 271 301 381 381 381 408 452 452 470 
92 
222 222 
239 
401 
49 49 210 236 236 
70 70 141 407 
27 76 76 80 80 80 230 328 328 328 328 
67 298 421 506 

314 
8 8 196 224 
236 236 432 432 456 456 

76 104 456 456 
31 134 134 137 151 184 256 273 273 307 307 307 314 319 319 450 462 462 490 502 508 508 
184 444 
236 236 
279 431 496 
6 6 89 141 234 234 234 244 244 326 326 413 413 413 466 466 503 
81 323 


193 193 
141 182 
118 118 162 162 262 
277 277 277 
70 184 
114 197 
401 
71 330 

68 68 68 
36 36 190 
196 
67 154 233 238 238 250 250 271 271 408 
235 327 505 
222 222 
53 271 271 271 271 393 
101 


0 0 46 64 133 134 177 339 339 339 395 408 408 408 

415 415 432 
314 
255 255 264 299 299 299 334 413 413 
86 198 
4 
487 487 
22 22 82 130 130 265 496 497 497 
169 169 460 
257 271 
269 305 
225 225 377 
81 154 154 
381 
307 
58 58 480 
445 
41 184 184 
285 
110 176 271 343 368 
39 159 159 159 169 

6 6 182 182 432 432 432 
39 94 
190 
332 332 345 413 
56 104 104 104 154 154 158 158 237 237 237 248 271 271 339 374 381 381 381 412 412 437 437 437 470 492 492 492 
184 218 466 
76 
228 
271 408 408 483 483 
35 35 45 76 76 76 77 92 119 119 119 141 141 161 174 174 174 182 187 193 196 196 222 222 251 314 314 317 333 335 358 358 358 385 385 407 439 500 
108 
37 37 57 138 177 177 184 184 201 230 230 269 283 283 383 383 432 432 

149 250 
314 314 
28 116 225 
98 98 441 
347 

207 207 
172 325 
103 103 103 296 296 
184 184 184 245 
271 
159 301 301 330 330 

62 62 
357 496 
211 211 211 211 236 351 351 383 404 404 404 415 415 
44 205 
314 


408 408 408 
236 
45 161 161 413 
312 
1 1 5 5 18 225 259 259 420 
250 271 
5 5 
59 182 182 220 355 
398 
56 56 184 184 184 184 314 

106 106 
76 280 285 314 
41 99 160 160 160 354 
184 
339 339 
271 271 
4 124 219 
17 178 314 314 314 
76 184 184 351 351 353 353 
41 270 270 
225 225 
47 47 
236 236 390 
497 
225 225 247 259 259 354 354 
63 63 75 274 

156 184 307 315 315 
57 57 326 326 358 358 409 
308 314 
250 250 250 
511 
339 408 
157 195 195 195 267 267 
475 475 475 
185 185 
56 487 505 
273 472 472 472 
10 10 240 496 496 
39 39 39 159 166 188 257 
207 207 
65 65 308 
127 127 290 294 294 397 
174 
305 305 
194 222 222 412 412 

232 302 302 
31 31 31 315 489 
29 56 235 236 388 388 474 
184 184 
31 120 486 
184 184 354 
126 185 
41 408 408 408 
3 
243 
81 
100 100 197 197 240 240 240 357 389 431 476 476 497 497 
22 389 389 461 496 496 
41 160 
92 
193 413 
4 4 4 4 54 54 
354 508 
234 358 
48 
233 261 261 261 375 474 
347 
104 104 
5 198 255 354 354 502 
229 
188 188 188 
159 331 331 469 
