nodes: 512 edges: 1548
134 134 381 
441 
28 91 111 189 213 
218 218 218 218 493 493 
387 387 501 501 501 
34 37 37 37 37 48 88 88 225 225 273 273 273 279 279 307 354 354 441 443 443 508 508 
95 95 95 299 358 404 
233 233 271 
196 196 224 224 224 224 313 350 350 350 
163 271 271 271 271 

99 177 
184 184 202 202 297 
76 76 
117 184 184 191 292 292 
182 182 220 
105 105 105 184 318 318 507 
287 287 455 
105 105 105 420 441 441 508 

46 339 339 339 
31 31 
108 108 115 158 274 274 331 389 389 389 436 436 436 461 497 497 497 
171 171 171 290 
76 
297 297 
163 163 163 163 
78 418 418 418 
2 178 178 178 183 183 
56 487 487 487 487 
122 180 180 180 222 483 
21 21 184 184 184 263 263 263 263 263 315 354 486 486 486 489 489 489 
396 
57 192 192 306 306 
5 37 37 37 383 
76 210 210 222 413 413 
105 106 106 372 
5 5 5 5 34 34 34 108 108 266 266 266 266 400 406 406 415 
358 358 
62 159 159 159 163 218 219 219 219 231 267 267 267 330 402 402 405 405 477 477 485 
149 192 192 236 
85 99 105 137 160 160 184 184 184 195 324 354 354 398 399 445 445 450 457 457 492 492 492 498 
323 323 323 
193 193 193 
137 137 159 159 159 159 205 205 433 433 433 
76 413 413 439 
20 261 284 284 284 284 395 395 
48 63 346 459 
5 47 441 504 

278 278 278 400 400 400 
83 83 490 
184 184 184 345 345 
83 225 255 255 
109 109 299 299 299 
147 147 147 195 195 236 236 277 
29 129 191 191 191 236 236 236 408 446 446 446 474 474 487 
33 254 415 466 
397 397 
444 
104 104 236 236 252 
359 
39 241 241 330 330 430 430 
47 75 75 100 383 383 463 
150 150 150 381 381 381 
193 251 362 362 416 479 479 
193 193 193 193 
94 94 101 101 101 192 281 281 347 
169 169 169 233 296 296 371 
344 447 
184 184 246 246 258 345 366 
369 
325 325 325 358 358 
315 
123 123 123 
63 63 383 383 463 
13 13 24 35 45 78 78 107 186 199 199 207 208 229 242 245 292 314 314 336 336 336 336 346 353 353 354 361 361 361 410 413 413 413 413 413 440 440 449 449 449 456 456 456 
122 122 196 196 196 314 314 314 314 413 422 422 422 422 422 
27 76 76 92 

95 95 95 221 221 346 346 418 418 418 
82 82 82 113 113 184 184 261 261 261 289 329 329 359 359 389 389 389 394 495 
81 81 81 121 121 142 143 329 329 329 389 389 
51 51 53 236 236 237 237 237 490 490 490 
85 85 312 312 348 
41 84 84 160 160 255 255 255 255 312 312 312 335 348 348 437 
386 386 508 508 
150 306 370 370 
5 5 
358 358 358 
173 358 358 
2 
78 182 182 182 340 340 404 499 499 
236 
67 67 263 315 315 315 324 
6 6 6 80 80 80 
314 
246 290 290 
420 420 420 441 
11 41 354 354 354 450 
63 197 300 300 300 476 476 496 
67 67 67 192 192 195 195 378 471 
117 117 135 135 135 216 216 289 289 
146 146 379 379 379 
60 60 236 236 236 237 408 408 408 507 
16 16 16 18 18 18 36 41 106 106 106 184 184 184 190 
36 36 105 105 105 190 448 448 448 
76 186 186 204 204 204 322 322 
22 22 37 37 115 414 414 
54 54 199 
401 
2 182 

81 81 121 
367 367 
22 108 
213 415 419 
14 102 102 125 135 136 136 184 184 184 230 236 236 236 
364 
222 222 222 413 413 413 
486 486 489 489 
82 82 113 
30 77 77 222 
74 74 74 356 
188 
117 135 136 136 149 149 149 149 
185 185 185 185 491 491 491 
480 480 
413 413 448 448 
56 191 191 195 236 275 280 285 
389 389 
402 454 
168 168 168 
381 408 
0 0 354 354 
102 102 102 117 125 
117 117 125 125 
41 44 44 184 184 184 354 
236 236 415 
381 
320 
345 345 363 363 413 
82 389 
82 217 217 


103 103 358 358 379 379 
55 55 55 236 236 344 486 
191 268 268 268 304 304 
40 125 125 125 125 417 417 
64 64 64 87 248 248 248 
354 354 354 
226 262 292 

374 394 
413 413 

276 276 
22 194 194 224 224 224 224 271 271 271 288 408 408 
39 39 39 44 44 44 44 227 231 231 305 402 402 477 477 477 
41 41 85 85 224 224 224 224 272 312 312 450 450 450 498 
318 318 318 413 413 413 439 439 
228 228 228 322 322 322 328 364 
9 26 26 26 26 39 


239 239 477 
413 413 413 
132 132 132 413 
68 68 68 296 296 390 
471 471 471 
23 23 23 290 290 
424 424 424 424 
90 344 447 
222 222 334 334 376 413 
407 413 413 
288 288 288 288 401 401 
11 206 206 283 283 283 415 415 
28 28 28 183 183 
296 356 
30 30 30 222 
310 367 367 367 
15 15 92 92 92 111 220 220 363 363 404 413 413 413 
28 28 178 178 
12 12 14 14 16 31 31 31 41 41 41 52 52 52 70 70 81 81 105 105 105 117 117 117 137 137 137 202 202 202 221 221 221 236 236 258 258 260 260 267 267 267 284 284 284 292 307 307 324 324 338 338 345 345 345 354 355 355 355 366 366 399 399 399 409 409 415 415 426 426 446 446 446 446 456 465 465 465 488 490 490 
126 126 126 126 381 473 473 473 491 491 
76 107 107 245 245 
193 
124 510 510 510 510 
2 
105 106 372 372 406 
14 56 56 56 129 129 148 236 267 267 268 
33 33 40 40 67 101 101 236 249 281 281 306 306 306 
43 43 43 65 66 66 66 66 187 286 358 358 413 500 500 
158 158 483 483 483 
41 55 55 101 101 129 204 267 471 471 471 471 
8 8 77 77 77 200 200 350 350 373 373 413 413 413 422 422 
100 367 367 496 496 
386 
76 76 109 354 
196 196 
236 303 303 303 415 415 
12 12 184 184 184 224 
287 
107 107 107 195 267 268 268 268 381 471 
44 44 433 
177 177 264 405 
76 423 423 509 509 509 
76 438 
328 328 328 
35 35 309 344 344 
432 432 432 
233 310 310 310 
2 116 221 
215 314 467 
214 413 413 
102 102 
143 143 
3 3 3 3 39 409 
39 39 39 232 232 274 274 274 284 402 402 402 454 
15 182 182 413 444 444 444 
80 80 184 184 184 213 507 507 
30 35 119 119 119 122 174 174 180 314 341 376 376 376 376 413 
329 329 
8 8 8 8 158 158 158 158 160 160 160 160 202 313 313 350 
5 5 53 278 393 419 419 441 462 462 462 462 
152 292 
159 257 257 305 305 343 343 
162 162 162 245 
76 258 295 295 299 409 
117 275 303 303 415 
39 159 159 
219 219 294 454 454 485 
7 7 68 212 238 238 271 271 374 375 505 505 
358 358 358 358 358 503 
487 487 
40 55 55 56 56 56 60 60 83 83 93 104 104 104 117 117 117 129 138 138 147 147 184 184 191 192 201 237 259 267 275 278 278 283 283 344 344 351 351 356 432 432 438 460 487 487 
83 83 83 104 236 408 
233 233 374 374 
166 166 405 405 
476 476 496 
62 62 268 
76 
413 413 413 424 
325 
76 186 186 228 426 
70 70 97 
266 266 266 271 271 271 462 462 462 
150 150 150 505 505 505 
192 
374 374 374 374 417 442 468 468 468 
65 413 413 
60 
330 330 
57 283 338 338 338 338 415 415 
53 53 85 85 85 85 385 385 508 
354 354 354 
227 227 305 305 305 391 392 
70 184 184 229 409 409 
236 441 441 441 441 462 462 462 
184 184 
46 81 81 81 505 
152 364 364 410 410 
31 31 31 31 31 94 315 315 
206 334 334 334 385 385 

37 37 37 37 247 247 247 271 271 
39 39 39 184 184 184 191 191 195 204 236 268 268 291 356 356 468 471 471 
148 148 148 191 204 204 204 241 267 267 
392 392 392 415 415 
286 286 457 457 
7 9 9 9 9 158 158 158 233 233 247 247 247 266 266 282 287 327 339 339 354 374 374 377 377 377 377 401 401 403 408 408 408 427 442 450 453 453 
160 281 281 281 281 281 400 
5 5 5 319 354 472 472 475 475 475 
22 22 219 219 219 434 463 463 463 463 463 
129 230 236 
157 157 
55 365 415 
50 50 50 225 236 236 
5 5 
129 308 308 314 314 314 314 449 449 
67 67 192 192 272 272 272 272 272 296 347 
271 427 
177 177 177 236 236 254 415 
46 46 46 46 184 184 184 219 
129 449 449 449 449 
193 270 270 413 413 
17 17 203 271 
158 176 176 176 176 478 
81 102 102 341 341 341 341 
23 97 97 171 171 480 480 
267 426 426 
14 14 76 152 184 226 
408 
232 397 397 480 480 480 480 
229 229 
68 68 169 169 179 281 425 
12 25 25 408 408 
347 
6 54 54 54 229 385 385 413 
100 100 100 
339 369 428 428 428 
485 
201 201 201 230 230 
148 148 487 
159 227 227 257 257 257 343 343 343 343 343 392 392 392 482 482 
33 33 87 192 192 192 370 370 370 408 408 
5 184 184 354 354 354 465 465 
280 280 479 479 479 
210 
181 212 212 212 393 
424 424 424 
84 84 85 85 85 160 160 
8 224 224 345 345 345 
76 76 77 77 77 77 96 214 222 280 280 280 280 317 317 349 354 354 384 384 398 413 418 418 429 429 429 429 434 446 446 449 467 467 481 481 
31 73 94 94 94 263 263 336 336 354 465 465 465 486 
444 444 444 444 
314 314 398 413 
16 16 161 161 161 324 
273 354 
140 
323 
107 107 162 162 162 
42 42 42 321 359 359 
41 94 184 184 318 
72 72 72 244 358 424 503 503 
358 358 358 466 466 466 466 466 
271 375 375 
162 209 209 209 346 346 346 
81 81 82 82 82 223 223 
39 62 62 253 253 369 428 428 428 428 430 
22 511 511 
407 407 413 413 413 

174 174 264 264 264 385 385 
85 
76 76 76 76 315 315 486 486 486 

184 184 254 254 254 254 415 415 
20 20 20 271 271 301 381 381 381 408 408 408 470 
92 92 
222 289 289 289 289 348 

227 227 305 305 305 305 305 401 401 
69 147 173 210 210 236 236 432 
52 52 70 141 141 184 184 184 313 313 313 
47 76 80 80 328 328 328 
67 281 298 421 421 493 506 
84 85 85 341 
314 384 
8 8 8 196 196 224 
236 236 432 432 456 456 456 
360 405 
76 76 456 456 
5 5 31 41 41 76 99 99 99 134 134 137 151 151 151 184 199 256 256 256 271 273 307 307 307 314 314 315 319 380 411 411 462 475 475 475 490 502 508 508 508 
184 184 184 
123 179 236 267 267 
367 496 496 
6 38 38 72 72 89 89 89 90 90 146 146 193 193 234 234 234 234 234 325 326 326 326 413 413 413 466 503 
61 81 81 323 323 
352 
76 76 76 
65 65 413 
141 141 182 182 
118 162 262 262 
277 503 
70 184 184 443 
114 114 181 181 181 197 197 357 
391 401 
71 301 330 
87 87 306 306 306 
68 
36 190 190 
196 196 
154 233 238 238 250 250 250 250 271 271 408 417 
233 327 327 408 408 505 505 505 
174 222 222 222 222 
271 271 271 271 393 393 458 458 
101 474 
103 103 103 146 146 
354 
0 64 64 64 133 139 185 204 339 339 339 395 408 408 408 

34 63 63 75 75 415 415 415 432 432 
314 314 349 449 
255 255 264 264 299 299 334 334 413 
86 86 198 
4 4 
487 487 
22 22 22 81 81 81 82 82 130 130 142 496 496 496 496 496 497 497 
169 
257 368 442 
257 269 269 269 305 305 305 
225 310 377 377 
81 154 495 495 495 
46 46 381 
32 
58 58 294 294 480 480 480 
41 314 317 445 
41 184 184 184 
37 50 50 50 272 
110 176 176 271 271 343 343 368 
39 39 131 159 159 219 219 219 
271 412 412 412 427 
6 92 182 432 432 432 
39 39 206 239 239 352 
37 37 190 
175 332 332 413 413 
56 104 104 104 133 158 158 237 271 271 271 293 297 297 306 306 339 339 339 374 375 375 381 381 381 412 412 437 470 492 492 
184 184 218 229 258 258 
76 262 262 
354 354 
403 403 403 408 408 483 
35 35 45 45 76 76 76 76 76 77 119 119 119 128 128 141 155 155 161 161 161 167 167 167 168 174 175 175 182 182 182 193 196 196 196 215 215 220 222 243 243 243 251 251 286 286 299 314 317 332 332 332 358 358 358 362 385 407 407 439 439 448 448 448 494 
108 108 
37 57 116 138 177 177 184 184 201 201 230 254 254 269 269 277 283 338 338 383 383 383 432 432 463 463 
65 
149 149 250 374 
27 27 27 80 80 80 314 314 
116 225 225 
18 98 98 98 441 
347 347 
77 77 77 77 77 196 196 
207 207 
172 172 172 172 243 311 311 311 325 
296 
184 184 245 291 291 
271 282 403 
301 301 301 330 330 330 330 
314 314 314 314 
62 62 330 
496 
211 211 211 236 236 344 351 351 383 383 404 404 404 415 415 460 460 460 
44 44 44 205 
274 314 456 

22 22 22 
85 408 477 
208 236 
45 161 161 413 413 
76 76 
1 5 18 18 48 98 225 259 259 259 259 420 
250 271 391 
5 5 366 
59 220 220 220 316 316 316 316 
41 41 398 
56 56 56 184 184 184 184 314 314 
69 173 
106 106 106 128 128 413 413 413 
76 76 76 280 280 285 285 285 285 314 384 467 500 
41 99 160 160 160 271 

464 464 
271 271 
131 219 232 232 
17 
76 76 76 184 351 351 351 353 353 434 
41 41 270 270 
377 377 
47 
236 432 432 432 
22 469 469 469 
225 225 225 225 247 247 247 259 259 259 354 
63 75 274 274 274 274 274 415 415 
452 452 470 470 
184 184 184 307 307 315 315 315 487 
57 326 326 326 326 326 358 
214 314 314 449 
250 250 250 267 
461 461 461 511 511 
339 408 464 464 
101 170 170 170 195 195 195 195 204 267 267 
273 273 475 
185 185 185 
56 56 378 487 487 505 
273 273 273 354 354 354 472 
100 100 240 240 496 496 
39 39 159 159 159 166 437 
288 
65 65 308 308 308 
127 127 290 290 294 294 294 294 397 397 397 
314 314 
305 305 
30 194 194 194 412 

39 232 302 
31 31 31 120 120 147 315 336 336 336 489 
29 29 29 29 56 235 235 236 236 304 388 388 465 474 474 
184 
31 31 31 120 120 486 
51 83 83 83 184 184 354 
126 126 126 185 185 
41 41 41 408 408 
3 3 347 
413 
81 394 394 394 
100 197 197 240 357 357 389 389 389 389 389 431 476 476 497 497 497 
22 22 22 389 389 496 496 496 
41 160 
92 92 
193 193 449 
4 4 4 
354 508 
234 325 325 358 365 
48 
233 233 248 248 248 261 375 375 375 474 
347 
16 104 221 221 
5 5 18 86 86 255 354 354 354 502 
207 207 207 
188 188 188 188 
331 331 469 469 
