nodes: 512 edges: 926
134 

28 91 111 182 213 213 
218 218 493 
289 387 387 454 501 501 501 
34 37 48 50 50 88 88 307 441 443 508 
95 299 
233 271 
196 210 313 350 350 
271 271 
476 
264 
184 184 271 297 297 
76 
136 184 191 292 292 292 
182 182 220 
105 105 105 184 318 
287 287 455 
441 

46 339 339 371 371 

115 274 274 331 414 461 461 497 
290 290 

297 297 
158 163 163 297 408 
78 418 418 418 
2 178 178 183 419 
487 
180 483 
58 263 315 315 486 

67 192 306 
5 37 37 37 
76 210 222 222 309 309 413 413 
105 
5 34 34 34 108 266 406 406 406 415 
344 
62 159 159 218 219 231 267 330 330 402 405 477 485 485 
149 149 192 236 236 
85 99 151 160 354 457 457 498 
323 
193 
159 159 159 205 433 
76 413 413 439 459 
20 64 284 284 284 339 381 
346 
5 504 504 504 504 
192 344 344 344 
5 5 278 400 

112 184 184 345 
83 255 255 337 
109 109 501 
147 195 236 236 
304 446 446 474 474 487 487 
466 466 
31 397 



39 430 
75 
46 150 221 381 381 
362 
193 
33 94 101 101 101 
233 296 
344 
279 279 345 366 
330 369 
325 325 358 466 
94 178 315 315 
123 123 141 
63 383 
13 35 45 107 107 162 228 229 242 245 245 262 292 292 292 314 336 346 353 354 354 360 361 361 410 413 413 413 440 449 478 478 
122 314 314 314 413 413 413 422 
27 92 92 184 
435 
95 95 314 346 
82 113 184 261 261 261 289 329 359 389 389 495 
81 121 121 121 143 329 329 329 
53 237 490 490 
85 312 348 348 
41 84 160 160 255 255 348 
198 386 386 386 508 
150 370 370 
5 5 
358 

2 
78 78 182 340 

67 73 263 324 
6 80 80 164 170 346 
314 314 
290 
420 420 441 
41 354 
197 476 496 
67 67 67 192 192 195 249 471 471 471 
117 135 135 135 135 216 289 289 
425 
237 353 408 408 507 
16 16 16 36 106 
105 448 448 448 
76 76 204 204 322 322 
37 115 414 414 
54 54 199 
401 401 
2 
52 
81 508 
367 
22 108 
129 213 213 213 419 419 
102 125 125 136 136 136 230 
364 
222 222 413 413 
486 489 
82 82 82 
77 
74 74 375 
188 
117 117 135 136 136 149 149 
185 185 491 491 
480 
413 413 
116 191 275 280 
389 389 


381 
0 
102 102 102 102 125 
14 117 117 117 125 125 
184 
164 415 

192 320 
74 345 358 363 363 413 
389 
82 
282 282 282 

358 379 
55 344 486 

40 40 125 125 250 417 
64 87 248 408 
41 354 354 
262 364 364 
325 325 
271 394 408 408 408 

465 

26 224 224 224 224 271 271 288 288 288 408 408 
39 39 44 44 44 227 305 330 330 469 469 511 511 
41 85 85 224 450 498 
318 318 318 
76 228 228 239 328 
26 26 
95 138 

211 239 239 477 
220 
413 
233 233 
95 
290 

344 344 
376 376 413 481 481 
407 407 413 
288 401 401 437 
206 283 300 300 
28 28 73 183 455 

30 483 
310 310 367 
2 15 15 92 413 413 444 
28 178 
12 12 14 16 52 52 78 81 137 221 258 258 284 289 289 289 307 324 338 345 345 354 355 399 399 415 446 456 465 465 488 490 
126 126 473 

413 
124 510 510 510 

372 
14 129 236 267 267 285 285 304 
33 40 49 101 101 140 236 236 281 281 
43 66 286 286 358 358 413 413 479 500 

55 101 236 236 267 471 471 
8 290 373 373 373 413 413 422 
100 496 
86 508 
109 337 

236 303 303 415 


107 107 267 268 
44 433 433 433 
177 
423 423 509 509 

328 
8 35 344 
166 432 
233 310 310 
2 2 116 116 116 

413 413 467 
102 

3 3 39 409 
39 274 284 402 
15 167 413 413 444 444 444 444 
64 184 
35 35 119 119 341 341 376 413 413 413 483 483 
329 329 
158 158 158 158 160 313 350 350 
441 462 

159 305 343 
76 162 162 245 
76 258 258 295 509 
117 275 303 346 415 
39 
294 485 
7 68 169 169 212 271 271 374 505 505 505 
244 
487 
40 40 55 55 191 192 192 195 195 201 267 275 344 356 432 438 
83 104 408 
374 374 
162 166 166 342 342 
496 

76 
494 
234 358 358 
76 76 228 

266 271 271 288 462 462 
150 408 505 505 
101 
149 374 374 417 468 468 468 468 
413 479 

330 
283 338 415 
53 53 85 85 
354 354 

184 184 229 229 
441 441 

81 81 81 329 329 505 
76 152 364 364 410 
31 94 315 315 
11 334 379 
389 389 
37 247 271 271 
39 191 191 195 204 236 268 356 356 471 
204 267 
392 392 415 
286 457 
7 9 9 12 154 158 158 233 233 247 247 266 266 282 327 327 339 339 354 374 374 377 377 391 408 408 412 427 442 453 453 

319 354 453 472 472 
22 22 219 434 463 463 
129 230 236 

365 
50 
70 70 357 
129 308 314 314 
192 192 296 296 296 298 347 
144 144 144 271 
177 254 484 
46 46 46 184 219 
191 191 449 
193 193 270 413 
17 17 
158 158 158 176 247 478 
4 81 102 102 184 184 184 341 341 341 
23 23 97 171 196 480 480 

14 14 14 76 76 76 

232 397 397 
229 
68 281 281 281 
12 12 25 25 26 408 
281 
6 413 
177 177 
395 428 428 428 
485 
201 201 230 304 
56 191 303 487 
159 227 343 392 392 482 
33 370 370 408 
5 184 354 354 396 465 
280 467 479 479 479 
35 35 
181 181 212 212 
424 424 424 
84 
8 224 345 
76 77 77 77 80 96 96 280 280 317 317 317 354 354 384 413 413 429 429 434 446 446 455 455 455 467 481 481 
31 31 73 73 263 263 336 465 
444 444 444 444 
314 314 314 
16 161 161 161 
273 354 354 354 
140 
323 
107 107 
42 321 
94 184 
72 72 153 153 358 424 503 
358 358 466 466 
271 271 375 487 
162 209 346 
81 82 82 82 223 223 261 261 
39 39 71 159 159 253 428 430 
22 511 
413 
413 
264 413 
413 
76 315 486 
53 199 
184 254 415 
20 20 46 271 271 408 452 470 470 
92 
222 222 289 289 289 
239 239 405 
227 305 401 
38 49 49 49 69 147 173 173 210 236 
52 70 141 184 184 313 407 
47 76 80 95 230 328 459 
281 421 506 
84 84 85 
429 
8 8 224 224 471 
456 

76 104 
41 76 76 99 151 151 184 256 256 271 273 307 307 314 314 319 319 319 462 462 475 475 490 502 
184 
236 267 267 
279 367 496 
72 89 141 146 193 193 244 244 325 326 326 413 413 413 466 
81 
76 
76 76 
65 413 
141 141 
118 152 152 262 262 
277 415 415 503 
70 
114 181 357 
401 401 
71 
87 87 306 306 
20 20 
190 
196 196 196 
233 238 238 250 250 271 271 408 408 417 442 442 
123 327 408 505 
174 174 222 
271 271 393 393 393 393 458 458 
474 
146 264 

46 64 64 133 408 
413 
75 415 432 
314 449 

86 86 86 449 
4 4 
487 
81 81 130 130 142 265 265 496 496 

271 
269 269 305 305 
377 377 377 377 
154 495 495 
301 
307 
58 294 294 480 480 480 
445 445 
184 184 
50 
110 110 176 176 343 368 368 
39 219 
427 
432 432 
39 342 
37 37 37 
175 175 345 413 
26 104 104 150 154 154 154 158 158 237 248 271 271 297 306 339 374 374 375 381 412 492 492 492 
218 
76 262 

271 408 483 483 483 
35 35 45 45 76 76 76 77 77 77 119 119 128 128 141 168 174 175 182 182 187 193 193 196 196 215 215 220 220 222 222 222 251 286 299 314 314 332 333 334 335 358 358 358 362 382 407 448 448 500 
22 108 108 
37 138 184 201 230 254 269 338 365 365 383 432 463 

149 250 374 
27 27 27 
28 116 116 
98 98 
347 
77 196 
207 207 
311 311 311 325 
103 

271 403 
301 301 301 330 
314 314 349 
62 330 

211 236 383 404 404 415 460 
44 205 205 205 
274 314 456 456 
79 

176 
236 
45 
76 
5 18 98 225 259 259 
271 374 374 
5 
182 220 220 220 220 316 316 316 316 
398 398 
56 56 184 314 314 

106 106 106 413 413 
76 285 384 386 467 
160 462 462 

339 
271 271 273 
4 
17 178 314 314 314 
184 351 434 434 491 
41 41 270 
377 377 
45 346 
432 
22 22 497 497 
225 247 247 354 354 450 450 
274 274 415 
470 
156 184 184 307 315 487 
57 57 72 326 326 358 
215 308 314 449 
250 250 250 250 
159 159 
339 339 464 
101 101 101 195 195 267 350 
273 273 
185 
56 56 378 487 487 
354 354 
10 100 
39 166 
76 76 288 
193 251 308 308 308 501 
127 290 290 397 397 397 
174 174 314 314 
305 
30 180 222 222 412 412 412 
283 
39 39 232 302 
31 120 147 336 
29 56 56 235 304 327 388 465 474 474 
184 
120 
83 83 184 354 
126 126 456 
408 408 408 
3 
243 
81 394 394 
100 197 240 357 389 389 497 
22 461 461 496 
41 160 

193 413 
4 4 4 54 479 
354 
325 365 
48 48 48 48 
233 233 233 248 248 261 375 
347 
104 
5 86 113 198 
207 207 229 
188 188 188 
159 159 331 
