nodes: 512 edges: 1542
134 134 134 381 381 
441 441 
91 91 111 189 189 213 
218 218 271 493 496 
387 387 387 454 454 501 501 501 
37 37 48 50 50 50 88 88 88 198 198 225 273 279 279 354 354 441 443 443 443 508 508 
95 95 95 404 404 
233 233 271 
196 196 196 224 224 313 350 
271 
476 
99 264 
184 202 271 297 297 297 

117 136 184 184 191 292 292 
182 182 182 195 
105 105 184 184 318 318 318 318 507 
287 287 455 455 
105 105 105 420 441 

46 46 46 46 339 339 371 371 371 
31 31 
108 108 115 115 158 274 274 274 331 389 389 414 414 436 436 461 
171 171 290 
76 
297 297 297 297 297 
158 163 297 408 408 
78 78 78 346 418 
178 183 189 213 419 419 
56 487 487 487 
122 180 180 180 222 483 
21 21 172 184 263 263 315 315 315 354 354 489 
184 184 
67 67 192 306 306 
37 37 37 383 
210 210 222 222 309 413 
105 105 106 372 372 
5 5 34 34 34 108 108 266 266 266 266 400 406 406 406 415 415 
344 358 
62 159 159 159 163 219 219 219 241 241 267 267 302 330 330 330 402 402 402 405 405 477 477 477 485 485 
149 149 149 192 192 192 236 
85 85 99 137 137 151 160 160 160 184 184 184 195 324 354 398 445 450 450 457 457 492 492 498 
323 323 323 
193 
137 137 159 159 205 205 205 433 
76 76 76 413 439 439 
20 20 20 20 64 284 284 284 284 381 381 395 
48 346 
5 47 441 504 504 
344 344 344 
5 5 5 278 278 278 400 
83 83 83 83 490 
184 184 184 345 
83 83 83 83 225 225 255 255 255 255 377 
76 76 76 109 109 109 299 299 501 501 
147 195 195 195 236 
29 191 191 304 446 446 446 474 474 487 487 
254 466 466 466 466 
294 397 397 
444 444 
104 104 236 
81 81 359 359 
39 330 330 430 
75 100 383 463 463 
46 150 150 150 150 150 221 381 381 381 
193 193 251 362 416 416 416 479 479 479 
193 193 193 193 
33 33 94 94 101 101 101 101 192 192 281 374 
169 296 371 
147 236 236 344 
184 246 258 258 279 279 345 345 345 
330 
325 325 358 358 
94 94 178 315 
123 123 141 141 141 
63 463 
24 45 45 45 54 54 54 78 78 107 107 107 162 199 199 199 228 228 228 229 245 245 262 292 292 292 314 314 314 336 336 346 346 353 360 361 364 410 413 413 413 413 440 440 440 449 449 449 449 478 
122 122 146 196 314 314 314 413 413 413 422 422 
27 27 27 76 76 92 92 184 
351 
95 221 221 221 314 314 418 418 
61 61 82 82 113 113 261 329 359 389 394 495 
81 81 121 121 143 329 329 329 329 389 
51 51 51 51 53 53 53 53 236 236 237 237 237 490 490 
85 122 312 312 348 348 
41 41 84 160 160 255 255 312 312 335 348 437 
198 386 386 498 508 508 
150 306 370 370 
5 5 5 
358 
173 358 358 
2 2 
78 78 182 340 404 499 499 
236 
67 67 73 73 315 315 315 324 
6 6 6 80 

171 246 246 290 
420 441 441 
11 41 354 354 450 
63 197 300 476 
67 67 67 67 192 195 249 378 471 471 471 
117 135 135 136 136 289 341 
146 146 379 379 425 
60 60 236 236 237 237 353 408 408 408 408 408 507 
16 16 18 18 18 36 36 184 184 190 
36 448 448 
76 76 76 204 322 
22 22 37 37 414 414 414 
54 54 54 
247 247 401 
2 182 

81 81 121 
367 
22 22 
213 213 213 213 415 419 419 419 
14 102 125 125 135 136 136 136 236 236 
364 
122 122 222 222 413 
181 489 489 489 
82 82 113 
30 77 77 84 119 119 222 
74 74 356 
454 474 
117 117 136 192 
185 185 491 491 
480 
413 413 448 
191 195 236 275 

402 
168 168 
381 408 
0 0 0 354 354 380 
102 102 117 
14 102 102 117 117 117 125 329 
41 41 44 44 184 184 184 
164 164 236 236 415 

320 320 320 
74 74 74 345 345 345 358 358 363 363 363 413 413 

82 217 
282 
339 
77 103 103 358 358 
55 69 236 344 344 486 
191 191 268 268 268 304 304 
40 40 40 250 417 
64 64 64 64 64 87 248 248 408 
41 354 
226 292 292 
325 325 325 
374 374 394 408 408 408 408 
413 413 413 
465 
233 233 233 276 276 276 471 
22 26 194 194 224 224 224 271 271 288 288 288 288 408 408 
39 39 39 44 44 231 231 305 330 402 402 477 477 
41 41 41 85 85 224 224 272 312 498 
318 318 318 413 413 439 
76 228 239 239 239 239 322 322 364 364 364 364 
26 39 354 
138 138 
329 
239 239 
220 413 
132 132 413 
68 233 233 296 390 390 390 
471 
23 23 97 290 
31 424 424 424 
90 344 344 447 
222 334 334 334 376 413 413 481 481 481 
407 407 407 
288 288 288 401 401 401 
206 283 283 300 381 415 415 
28 73 183 183 
356 
30 30 30 
120 310 310 310 367 367 
15 15 15 92 111 363 404 404 413 413 
28 178 178 
12 14 14 16 16 31 32 32 41 41 41 52 52 52 70 78 105 105 137 137 137 202 202 202 221 221 236 236 258 260 260 267 267 289 289 289 292 292 292 307 324 324 338 338 345 345 345 354 355 366 399 399 399 399 409 409 426 426 446 446 446 446 451 456 465 488 490 
126 126 473 473 491 491 

193 413 
477 510 510 510 
2 2 28 
105 372 
14 56 56 129 148 148 236 236 267 267 268 285 285 285 304 
33 40 40 40 67 67 101 125 236 236 281 281 306 306 378 
43 65 65 66 66 66 66 187 286 362 479 500 
158 158 483 
15 41 55 55 55 101 129 204 267 471 471 471 
8 8 8 77 200 200 200 290 350 350 413 413 
100 367 367 367 496 
5 5 86 386 508 
76 76 76 337 337 337 
196 196 196 
236 236 236 303 303 303 415 415 
12 184 184 184 224 

107 195 267 268 268 381 471 
44 44 44 433 433 433 
177 405 405 405 
337 423 423 423 423 509 509 509 
438 
328 328 
35 35 309 309 344 344 
432 432 432 432 
310 310 
2 28 116 116 116 116 
314 314 467 
413 413 467 467 467 

143 
3 3 
39 39 39 232 402 454 
167 413 413 413 444 
64 80 80 80 184 184 507 507 507 
30 35 35 119 119 122 174 314 314 314 341 341 341 376 376 376 413 483 483 
329 329 
8 8 158 158 158 160 160 202 313 350 
5 53 53 393 393 441 441 441 458 458 462 462 462 462 
152 292 292 
257 
76 76 76 162 245 411 
76 258 258 258 295 295 295 509 
275 275 275 303 346 415 415 
159 159 
219 454 485 485 
7 7 157 157 157 169 169 238 238 271 271 271 296 374 374 374 375 505 505 
244 358 503 

40 55 60 69 69 83 83 93 104 104 117 117 129 138 138 147 184 184 191 191 192 192 201 201 201 237 237 267 275 275 278 283 344 344 351 351 351 432 432 438 438 460 460 460 487 487 
83 83 83 104 104 236 236 408 408 408 408 
233 233 374 374 374 
162 162 162 162 166 166 405 
476 476 496 496 
39 39 268 268 268 

311 424 494 
234 325 
76 76 228 426 
70 97 97 
110 110 266 266 266 271 271 271 271 462 462 462 462 462 
150 150 408 408 505 
101 
149 374 374 417 442 468 468 
65 413 

330 330 
57 283 283 283 338 338 415 415 
53 53 53 53 85 85 385 385 385 385 385 508 

227 305 
70 70 184 229 229 229 409 409 
441 441 441 441 462 462 
184 184 
81 329 329 505 505 505 505 
76 364 364 410 410 410 
31 31 315 315 
11 334 334 379 385 
389 389 389 
37 37 37 37 247 247 247 
39 39 184 184 191 191 195 204 236 268 268 
148 148 148 191 204 204 241 241 241 267 267 
392 392 392 506 
286 457 457 457 457 
3 7 9 12 158 158 233 233 233 247 247 247 247 282 287 327 327 339 339 354 374 374 377 377 377 377 391 391 401 401 408 408 408 412 427 427 442 442 450 453 
160 281 281 281 281 400 
5 319 354 354 354 354 472 475 475 475 
22 22 22 434 463 463 463 463 
129 230 230 230 236 236 
157 157 157 
365 365 415 
50 50 50 236 
5 5 70 70 
314 314 449 449 
67 192 192 272 272 272 272 296 296 298 
144 271 427 427 427 
177 177 236 254 254 254 415 415 415 
46 46 46 46 
191 191 191 449 449 449 
193 270 413 413 413 
17 17 271 
158 158 158 158 176 176 176 478 478 
102 184 184 184 341 341 
23 97 171 196 
426 426 426 
14 14 76 76 76 152 152 184 184 184 226 226 
408 
58 397 397 480 
229 229 229 
68 169 233 281 281 425 425 
12 12 12 25 25 25 25 25 26 408 
281 347 347 
54 54 385 385 385 385 413 
100 177 
369 395 395 395 428 
39 485 485 
201 201 201 230 304 
56 148 148 191 303 487 
159 257 343 392 482 482 
33 33 87 192 192 370 370 
184 354 354 396 465 465 465 
479 479 479 
35 210 210 
181 181 181 212 212 
243 424 424 
84 84 85 85 160 
8 224 345 345 
76 76 76 77 77 77 80 80 214 214 222 222 222 280 280 317 317 317 317 317 349 354 354 398 398 413 413 429 434 446 446 446 446 449 449 455 455 467 481 481 481 481 
31 31 31 73 94 94 94 263 263 336 336 354 465 465 465 486 486 
444 444 444 
314 314 314 314 314 398 398 413 
16 16 16 16 161 161 161 324 
273 354 354 354 
140 140 140 
323 323 323 
107 162 162 
42 42 42 321 321 321 
41 94 184 184 318 
72 72 153 153 153 244 
358 466 466 466 466 
271 271 375 375 408 
209 209 346 
81 82 82 82 82 136 165 223 223 261 261 
39 39 39 62 62 71 159 253 253 369 428 428 428 430 
22 511 511 511 
407 413 
413 413 413 
174 174 174 264 264 
85 413 413 
76 76 315 315 486 486 486 
199 199 199 207 
184 184 254 254 415 415 
20 20 145 271 271 381 381 381 408 408 408 452 
92 353 
102 222 222 222 289 289 
405 492 
305 401 401 
38 49 49 49 69 147 147 173 173 210 210 236 236 
52 70 70 70 141 141 141 184 184 184 313 313 475 
27 47 76 76 230 328 
298 298 421 421 421 421 493 506 506 
84 84 85 
314 384 429 
8 196 196 224 471 
79 236 236 236 456 456 
402 
76 104 340 456 456 456 
5 5 31 31 41 99 99 134 134 151 163 184 271 273 273 273 273 307 307 314 314 315 319 319 319 380 411 411 450 462 462 475 475 484 490 490 490 502 508 
184 
123 179 
367 367 367 496 
38 72 72 89 90 90 141 141 146 146 234 326 413 413 466 503 503 
61 61 81 
76 
76 
65 193 413 413 
141 141 141 182 
76 118 162 162 162 162 262 262 
277 277 415 503 503 
184 443 
114 181 181 197 197 197 357 357 357 
401 
301 330 
87 87 306 306 
20 20 20 68 
36 36 190 

67 154 154 233 233 233 238 238 238 250 250 271 271 408 408 417 442 
233 327 327 408 408 505 505 
174 222 222 222 
53 271 271 271 271 393 393 458 458 
101 192 
103 103 264 
134 354 
0 0 46 46 64 64 64 133 177 204 339 339 339 395 408 408 408 

34 63 432 432 432 
349 449 
255 255 255 255 255 264 299 299 299 299 413 413 
86 86 198 449 
4 4 4 
487 
22 22 81 82 265 265 265 496 496 497 
169 169 169 
271 271 
269 269 269 305 
225 225 377 377 
81 154 495 
46 301 301 301 381 
307 
58 58 294 294 480 480 480 480 
41 314 314 317 317 445 
184 184 184 184 
37 50 272 
110 176 176 176 271 271 343 343 368 
39 39 39 131 159 159 219 352 
412 412 412 
6 6 92 182 182 432 432 432 
39 39 206 206 206 239 342 
37 37 37 
175 175 175 332 
26 26 104 104 104 104 104 133 150 154 154 154 154 158 158 237 237 237 237 248 248 271 271 271 293 297 327 339 339 339 374 374 375 375 381 381 381 412 437 470 470 492 492 492 492 
184 184 258 258 466 
76 262 262 262 
228 354 354 
271 403 403 403 408 
35 45 76 76 76 76 77 77 77 119 128 128 141 141 155 155 155 161 161 167 168 174 174 182 182 187 196 196 215 215 220 220 220 222 251 286 286 286 299 314 314 317 332 333 333 333 335 335 358 358 362 362 385 385 439 494 500 500 500 
22 22 108 108 108 
37 37 116 138 177 177 201 201 230 230 254 254 277 283 283 283 338 338 365 432 432 463 
65 65 65 
149 250 374 
27 80 80 
28 28 116 116 116 
18 98 441 441 
347 347 347 347 
77 77 
207 207 207 207 
172 172 172 243 311 311 
103 296 296 
184 184 245 291 291 291 
271 271 282 282 282 
301 330 330 330 
314 349 
62 330 
496 496 496 
211 211 211 211 236 236 383 383 383 404 404 404 415 415 460 460 
44 205 205 205 
274 314 456 

22 22 
85 408 477 
208 236 236 
45 45 161 413 
76 76 76 
1 1 5 18 48 98 98 225 225 225 259 259 259 259 420 420 
250 271 271 374 
5 5 5 366 
59 59 220 316 316 316 
41 398 
56 56 56 184 184 184 184 314 314 314 314 
173 
106 106 128 
76 76 76 76 280 280 285 285 285 314 314 384 386 467 467 500 
41 41 99 271 354 462 462 
184 475 
339 464 464 464 
271 
4 4 124 219 232 
17 17 314 314 
184 351 351 353 353 353 434 491 
41 41 270 270 270 270 
225 225 377 377 

236 236 236 432 432 
22 469 469 497 497 
225 225 225 225 247 247 247 247 247 259 259 354 354 450 450 
63 63 75 274 274 274 274 415 
452 452 452 470 470 470 
156 184 307 307 307 315 315 315 
57 57 57 57 326 326 326 326 358 409 
214 215 215 215 314 449 449 
250 250 
461 461 511 511 511 
408 408 464 464 464 
101 101 101 157 170 195 195 195 204 350 
273 475 
185 185 
56 56 124 487 487 
273 273 273 345 354 354 451 472 
10 100 240 240 496 496 
39 39 39 159 159 188 437 
76 288 288 
65 65 65 193 308 308 308 
127 294 397 397 397 397 
174 174 174 314 314 314 314 
305 305 
30 194 222 222 
354 
39 39 232 232 302 302 
147 315 315 336 336 336 489 
29 29 29 56 56 236 236 304 388 474 474 
184 
31 120 120 120 486 
51 83 83 184 354 354 354 
126 126 185 185 456 
41 41 342 408 408 408 408 
3 347 
243 413 
81 394 
3 197 240 240 357 389 389 431 431 431 476 476 497 497 497 
389 461 461 496 496 496 
41 86 160 
92 92 
193 413 413 413 449 
4 4 4 54 54 
354 508 
234 358 358 365 365 
48 48 
233 233 248 261 261 261 261 375 375 
269 347 347 
16 104 221 221 221 
5 5 86 86 198 255 354 502 
207 207 207 229 
188 188 188 
331 331 331 469 469 469 
