nodes: 512 edges: 919
134 381 
441 441 
28 213 
218 271 493 
387 387 454 
34 34 37 37 37 48 50 225 225 279 441 443 508 508 508 
95 358 358 404 
233 233 233 
196 196 224 224 313 
163 271 
476 
177 
297 297 297 
76 76 
184 184 292 292 
195 
318 507 
455 455 
105 508 
237 
46 46 339 371 

108 115 158 274 331 331 389 389 436 461 
290 290 290 
76 76 361 
297 297 
158 163 
78 78 346 418 
2 178 178 
56 56 487 
122 180 483 
120 172 184 184 263 263 263 315 354 

57 192 306 
5 5 
210 413 
106 372 372 372 
5 5 5 108 266 266 415 415 
344 358 
159 159 219 231 267 267 267 302 330 402 405 477 
149 149 149 236 
85 160 184 324 324 354 354 354 399 492 


137 159 159 205 433 
76 439 459 
20 20 64 64 284 284 284 339 381 381 
346 459 
5 504 
344 344 
5 278 278 400 400 400 
83 83 
184 345 
83 255 
76 299 299 501 
147 147 195 236 236 
29 29 236 304 408 446 487 
33 254 254 415 415 


252 
81 81 359 

463 463 
46 46 150 381 
193 251 362 416 479 479 

101 101 101 101 192 192 281 347 
296 371 
236 344 447 
184 184 246 258 279 279 345 366 

325 325 
94 315 
123 123 141 376 
300 463 
13 13 24 24 45 54 78 199 208 228 242 245 292 292 314 346 346 353 354 360 360 361 410 413 413 413 440 440 449 449 449 478 478 
122 146 196 196 314 314 314 413 413 422 422 
27 27 76 92 92 92 
351 
95 221 221 221 314 314 346 346 
61 61 82 82 113 184 261 289 329 329 359 389 389 389 394 394 
81 81 121 143 
51 51 53 236 490 490 490 
85 85 312 348 348 
41 84 84 160 160 255 312 335 348 348 437 
386 386 498 508 508 



173 

78 78 78 340 404 413 499 

73 315 405 
6 80 
314 
171 171 290 290 
420 420 441 441 
354 
197 300 300 300 476 476 496 
67 67 67 67 192 192 195 195 249 471 471 
117 136 289 
146 379 425 
236 237 237 408 408 408 
18 106 184 184 
36 105 404 448 
186 
22 37 414 414 414 
199 199 
247 247 
182 182 

81 121 
367 
22 
213 213 213 
102 136 136 236 236 
364 364 364 

31 489 
82 113 
30 77 314 
74 74 
188 454 454 
136 149 
185 

413 
191 191 280 



381 
0 380 381 

102 117 117 125 
44 184 246 
164 236 415 
381 
320 
74 345 345 358 363 363 413 413 
389 
82 217 

339 339 339 
77 103 
55 55 236 236 344 
268 268 268 304 
40 40 40 125 250 250 417 417 
64 248 408 408 

262 364 

271 394 394 394 408 


276 276 
22 26 194 224 224 271 271 288 288 408 
39 39 44 44 402 469 477 477 511 
41 85 85 224 272 312 312 450 450 498 
439 
228 228 228 228 239 239 322 322 364 364 
9 26 
138 
329 
211 239 
220 413 413 
413 
233 233 390 
471 
97 97 290 
31 424 
90 344 344 447 
222 334 413 481 481 481 
407 
437 
11 206 283 283 415 415 
28 28 183 183 
296 
30 222 
310 367 
111 111 413 
178 178 
14 14 31 31 41 52 70 70 81 105 105 137 221 221 236 260 267 267 289 307 345 345 354 354 355 409 409 415 446 451 456 456 465 490 
126 473 491 
107 245 

124 477 477 510 510 510 

372 
129 129 236 267 267 
33 67 67 101 101 236 236 236 249 281 378 
65 358 413 413 500 
158 483 
15 55 101 101 204 236 236 267 444 471 
8 8 77 77 373 413 413 
100 367 496 
508 508 508 
76 109 109 337 354 

236 415 

287 
195 267 267 471 
44 
177 405 
337 337 423 478 509 509 
76 438 

35 309 309 
166 432 432 
233 310 
2 116 116 116 221 
215 314 314 
214 

143 
3 
39 232 232 232 232 274 284 
167 413 444 444 
80 80 80 184 184 213 507 507 507 507 
174 180 314 376 413 413 483 

8 8 158 158 160 313 350 
5 5 419 441 458 
292 
305 
76 162 162 162 162 411 
409 509 
415 
39 
219 219 219 219 485 485 
7 7 7 169 169 212 271 271 271 296 296 374 375 505 
358 

40 55 55 56 69 83 104 117 117 138 147 147 184 191 192 192 192 195 195 201 237 237 267 275 344 344 351 351 432 487 487 
19 104 104 236 236 408 
374 
162 162 166 
476 

76 


76 186 426 
70 137 
110 110 271 271 462 462 462 462 
150 505 
101 192 
149 149 374 417 417 442 468 468 
65 479 
60 
330 
57 57 338 338 415 
53 85 385 

477 
70 
441 441 
184 
81 329 505 505 
152 
31 31 31 
379 

37 37 271 
39 39 39 184 184 191 191 195 204 204 236 268 268 356 356 471 471 
148 148 148 267 267 
392 506 
286 457 457 
3 9 154 158 158 233 233 233 247 247 266 287 287 327 354 354 354 374 374 377 377 391 401 408 408 412 442 450 453 
160 281 281 
319 354 472 
22 219 463 
236 
157 157 
365 
50 50 
5 70 70 
129 308 314 
67 192 272 272 298 298 347 
427 
177 177 415 
46 46 46 219 
449 449 449 
270 
203 271 271 
158 158 478 
81 102 184 341 341 341 341 
23 23 23 97 97 171 480 480 

14 14 76 76 226 
408 408 
397 408 480 

68 179 233 233 425 425 425 
12 12 12 25 25 
281 281 347 
54 54 413 
75 100 100 100 
339 369 395 395 
39 

56 148 487 
227 343 343 392 482 
33 370 
184 
280 467 467 479 
210 210 
181 212 393 
424 
84 85 160 160 
8 224 345 
76 77 77 77 80 80 96 122 214 214 222 280 317 317 354 354 398 413 429 434 446 446 446 449 481 
31 73 94 336 336 465 465 486 
444 444 
314 314 398 
16 324 
273 354 
140 
323 
162 162 
321 359 359 
41 41 318 
72 72 424 503 503 
358 466 466 
271 375 408 
346 346 
81 81 165 261 
39 253 369 
22 22 511 
407 413 
413 413 
174 385 413 
85 413 413 413 
315 315 
199 207 207 
254 254 415 
20 46 145 145 145 301 381 408 408 408 452 452 
92 
289 289 289 289 

305 305 401 
38 49 49 69 147 173 173 236 236 432 
52 70 141 141 184 184 313 407 475 
27 47 76 76 80 80 328 328 
67 281 298 421 421 506 
84 84 85 85 
384 429 
224 
79 236 236 
402 
76 
31 41 41 41 76 99 184 184 199 271 271 271 273 314 314 319 411 475 475 475 484 502 508 
184 
267 267 
367 
6 6 38 141 193 234 326 413 413 466 503 
61 81 323 323 
76 76 
24 76 
65 
141 141 
118 118 118 152 162 162 
277 415 415 415 503 503 
70 
114 181 197 357 

301 330 
306 
20 68 
36 36 36 190 
196 
233 238 250 271 271 408 417 417 417 442 
233 327 408 408 408 505 505 
74 222 
271 271 393 393 458 458 
192 474 
103 264 
134 502 
0 46 46 64 133 134 139 339 408 408 408 
413 
415 
349 
255 334 413 
86 86 
4 4 
487 
22 22 81 81 81 142 496 496 497 
169 
271 
269 305 
310 377 377 
81 81 154 154 154 495 
301 301 

294 480 
314 317 445 445 
41 
50 50 50 
271 343 
39 159 352 
412 412 427 
6 92 106 432 432 
39 94 206 

175 332 345 413 
56 104 104 104 150 150 154 158 237 271 271 293 293 294 327 339 339 339 374 375 375 375 381 381 381 412 492 492 492 
184 184 229 
76 419 
228 354 
271 403 403 408 483 483 
35 76 76 76 77 77 92 128 141 141 167 167 168 174 182 193 193 196 196 220 222 222 299 314 332 333 333 334 335 335 335 358 358 382 385 407 448 448 500 
108 108 108 
37 37 57 57 138 177 177 184 201 230 254 283 338 365 365 365 383 432 432 432 463 463 463 
65 
149 149 250 250 374 374 374 
27 
225 410 
98 98 441 441 
347 347 
77 77 
207 
172 311 325 
103 296 296 296 
245 
282 403 

314 349 


211 211 236 344 404 404 415 415 415 
44 
314 456 456 
449 
22 
85 176 
208 
45 161 
76 76 
1 1 5 98 98 225 259 259 420 420 
250 271 374 
5 
195 220 220 316 316 
398 398 
56 184 314 314 314 
69 173 
106 413 413 
76 76 76 285 285 285 314 435 467 500 
160 160 271 462 
184 
339 339 464 464 
271 
4 124 124 
17 17 
184 184 434 434 491 
270 270 
225 377 377 
45 47 

22 
247 247 247 247 450 
63 63 75 274 415 415 415 
452 452 
184 315 315 487 
326 326 358 
308 308 449 
250 250 
159 

101 101 170 195 204 267 267 
273 
185 
378 487 505 
345 354 354 354 
10 100 100 240 
39 159 159 188 188 257 
76 76 207 288 
65 65 251 308 
290 290 294 397 
174 174 174 314 
305 
30 194 222 412 412 
354 
232 232 
315 
29 56 236 236 304 388 465 474 

120 
83 83 83 184 
185 456 
41 408 408 408 
3 

394 
100 197 389 389 497 497 
389 496 496 
86 160 
92 
193 413 449 
54 
354 380 
325 325 358 365 365 
48 
233 248 261 261 375 375 474 
269 347 
16 221 221 221 221 
5 5 5 18 86 86 198 198 198 354 
207 207 229 
188 188 188 
159 331 
