nodes: 512 edges: 1539
134 134 134 381 
441 441 441 
28 28 91 91 111 111 111 182 182 189 189 
218 218 218 271 493 496 
387 387 454 501 
34 37 37 37 48 48 50 50 50 88 88 88 88 198 198 225 225 273 279 307 354 441 441 443 508 508 
95 95 95 358 358 404 404 
233 233 233 271 271 
196 196 224 313 
271 271 
476 476 

184 184 202 202 297 

117 117 184 191 292 292 
182 182 195 220 
105 105 105 184 318 318 318 
287 287 287 287 455 455 455 
105 105 420 441 441 508 

46 46 46 46 339 339 371 371 371 371 
31 
108 108 108 115 115 158 274 274 274 331 389 414 436 461 497 
32 171 171 290 

297 297 
158 158 158 163 163 163 408 
78 78 78 346 418 418 418 
2 2 183 183 189 213 419 
56 56 487 487 487 
180 483 483 483 
21 172 184 263 263 263 315 354 354 486 489 
23 184 184 184 
67 67 192 192 306 306 
5 37 37 37 
76 222 309 413 
105 106 106 372 372 372 372 
5 5 5 34 34 34 108 108 108 108 266 266 266 406 406 415 415 
358 
62 159 159 159 163 163 219 219 219 231 231 241 241 267 267 267 330 330 402 402 402 405 477 485 
149 149 149 149 149 192 192 236 236 236 
85 85 85 99 105 137 137 151 151 151 160 160 184 184 184 324 324 354 398 399 399 445 445 445 450 492 492 492 498 

193 
137 137 159 159 205 205 205 433 433 433 433 
76 196 413 413 413 439 
20 20 20 20 64 261 284 284 284 339 381 381 
63 229 346 
5 5 504 504 504 
192 344 344 344 
5 5 5 278 278 278 278 400 
83 83 83 83 83 490 
112 184 184 345 
83 83 83 83 225 225 255 255 255 255 
109 109 501 501 501 
147 147 147 195 195 236 
29 29 191 191 236 304 446 446 446 474 474 474 487 487 487 
254 254 254 466 466 466 466 
397 397 397 
444 444 
104 104 104 236 
81 359 
39 241 330 430 430 
47 75 383 383 383 
46 150 150 150 381 
193 193 251 251 362 362 416 416 479 
193 
33 33 94 94 101 101 101 101 281 281 347 
296 296 371 
147 236 447 
184 184 246 246 258 258 279 279 279 345 345 345 345 
330 330 
325 325 358 358 358 466 
94 94 94 
123 123 141 141 141 
63 463 463 
35 45 78 78 78 107 107 186 186 199 199 208 228 228 228 229 229 242 242 242 245 245 314 314 336 336 346 346 353 354 354 354 361 361 413 413 413 413 440 440 449 449 456 478 478 
122 122 146 196 196 314 314 314 314 413 413 413 422 422 422 
27 27 27 76 76 76 92 92 92 
435 
95 95 95 221 221 221 314 346 346 346 346 418 418 418 
61 82 113 113 261 261 289 359 359 394 394 495 
81 121 121 121 142 142 143 329 389 
51 51 51 51 51 53 53 53 53 236 236 237 490 490 
85 85 312 348 348 
41 41 41 84 84 160 255 255 255 255 312 
198 386 386 508 508 
150 150 306 306 370 370 
5 5 5 5 
358 
173 358 358 
2 2 183 
78 78 78 182 182 182 404 404 404 413 413 413 499 499 499 499 

67 67 73 73 73 263 315 315 315 324 
6 6 6 80 80 80 
314 314 
171 246 290 290 
420 441 441 441 
41 354 450 
197 300 476 476 476 496 
67 67 67 67 192 192 192 195 378 471 471 471 
117 135 135 135 136 136 216 289 289 
146 379 425 425 
60 60 60 236 236 237 408 408 408 408 507 507 
16 16 16 18 18 36 41 106 184 184 184 190 190 
36 36 105 448 448 448 448 
76 76 204 204 322 322 322 
22 22 22 37 37 37 37 115 115 414 
54 54 199 
401 401 401 
2 2 2 
52 184 
81 81 121 
367 367 367 
22 22 108 108 
129 213 213 415 419 419 419 419 
14 14 102 125 125 135 136 136 136 136 184 184 184 230 236 236 236 
364 
122 122 222 413 
486 489 
82 82 82 113 
77 77 119 119 314 
74 74 
188 454 474 
117 117 135 149 
185 185 185 185 491 491 
480 
413 413 413 448 448 
116 191 191 191 191 195 275 
389 
454 
168 
408 
0 0 0 354 
102 102 102 117 125 
102 102 117 117 117 117 
41 41 44 44 184 184 184 
236 415 
381 381 
192 320 
74 74 74 345 345 345 358 363 363 363 413 413 
82 82 389 
82 217 217 
282 
339 
77 103 358 358 379 
55 55 55 69 344 344 486 
191 191 268 268 304 
40 40 40 40 40 125 250 
64 64 64 87 87 248 248 248 408 
41 41 41 354 354 

325 
271 374 374 394 394 408 408 


233 233 276 276 471 
22 26 26 26 194 194 194 224 224 224 271 271 288 288 288 408 408 408 
39 39 39 44 44 227 305 305 330 330 402 402 402 469 511 
41 41 85 224 224 224 272 272 272 312 312 312 450 450 450 498 498 
318 413 
228 228 228 228 239 239 239 328 364 364 364 
26 26 26 39 39 

329 329 
211 239 239 239 239 477 
220 220 220 413 413 
132 413 
233 390 390 390 390 402 
471 471 471 
23 23 97 290 
31 424 424 
90 210 344 
334 334 334 334 376 376 413 413 481 481 481 481 
407 407 413 
288 288 401 401 
206 206 283 283 283 381 415 415 415 
183 183 455 
296 
30 222 
310 310 
2 2 15 15 92 92 92 220 363 363 404 413 413 444 
28 28 91 178 178 
12 12 14 16 31 32 32 32 41 41 41 52 52 70 70 105 105 105 112 117 117 117 137 137 137 202 202 202 202 221 221 236 236 258 260 267 267 292 324 324 324 338 338 338 345 345 354 354 355 355 366 399 399 399 399 409 415 415 446 446 451 451 456 465 465 465 488 490 
126 126 126 126 491 
76 76 245 
413 413 
124 477 477 477 510 
2 2 28 
105 105 372 372 406 
14 56 56 129 129 129 129 148 148 236 236 267 268 285 
33 33 40 40 49 101 101 101 140 236 236 236 281 281 281 306 306 378 
43 65 65 66 286 286 286 413 479 500 500 
158 158 158 483 483 483 483 
15 55 55 101 129 236 236 267 444 471 471 
8 8 45 77 77 200 290 350 350 350 413 413 
100 367 496 496 
5 5 86 386 386 386 508 508 
76 76 109 337 337 337 
196 
236 303 303 415 415 
12 12 184 184 184 184 
287 
107 107 267 267 268 381 471 
44 44 44 433 433 433 433 433 
177 177 405 405 
337 478 478 509 509 509 
76 
328 328 
173 309 309 309 344 
166 432 432 432 
233 233 310 310 
28 116 116 221 
215 314 
214 413 413 467 
102 
143 143 
3 3 3 409 
39 39 39 274 284 402 
15 167 167 167 182 413 413 444 444 444 
80 80 80 184 184 213 507 
35 119 180 341 341 376 413 413 483 
329 
8 158 158 158 160 160 160 313 313 
5 5 53 53 278 393 393 419 419 441 458 458 458 462 462 
292 
159 257 257 305 343 343 
76 76 76 162 162 162 162 245 
47 76 76 258 258 295 409 509 
117 275 275 415 
39 39 
294 454 485 485 485 
7 7 7 157 157 169 212 212 238 271 296 374 374 374 375 375 442 
358 358 503 
487 
40 40 40 55 56 60 69 83 83 104 104 117 117 117 138 184 184 191 191 192 192 192 195 195 201 237 237 267 267 275 278 351 351 356 356 432 432 432 438 460 487 
83 104 236 236 408 
233 374 374 374 374 
162 162 162 166 166 166 166 342 342 342 
476 
39 39 62 268 268 
76 76 76 
311 311 311 424 424 494 
325 358 358 
76 76 186 228 
70 70 97 
266 266 266 266 266 271 288 462 462 462 
150 150 150 408 505 505 
281 
149 374 374 442 442 468 468 
65 65 
445 
330 
57 57 57 283 283 338 415 
53 53 53 53 85 85 85 85 385 385 385 
354 354 354 
227 227 305 305 305 391 
70 70 184 229 229 409 409 
441 441 441 462 462 
184 
46 81 81 329 505 
364 364 364 410 410 
31 31 31 94 315 

389 389 389 
37 37 37 247 247 247 247 247 
39 39 39 184 184 191 195 204 204 236 236 268 356 471 471 
148 148 191 204 241 241 267 
392 415 415 415 506 
286 286 457 457 
3 7 7 9 9 154 158 158 233 247 282 282 287 327 327 339 354 354 374 374 377 377 391 391 403 408 408 408 427 427 442 442 442 450 
160 160 160 281 281 281 400 
5 354 354 354 354 354 472 475 475 
22 22 22 219 434 463 463 
129 230 230 236 
157 157 

50 50 50 50 225 236 
5 70 70 70 
308 308 314 314 314 449 449 
67 67 192 192 192 249 272 272 272 296 296 347 347 
144 271 271 427 427 427 
177 177 177 254 254 415 415 
46 46 46 219 
191 449 449 
193 193 193 270 270 
17 17 17 17 203 271 
158 158 158 176 176 247 478 
81 102 102 341 341 
23 97 97 171 196 480 
426 
14 14 184 226 
408 
232 408 480 
229 
68 68 179 233 281 281 425 425 
12 25 25 408 408 
347 347 
385 385 385 385 385 
100 
369 395 395 395 395 428 
485 485 
201 201 
56 148 487 
159 159 227 257 257 257 343 392 392 482 482 
33 33 87 87 192 192 370 408 408 
5 354 354 396 465 
280 280 467 479 479 
35 210 210 210 
181 181 212 212 
243 243 243 424 424 424 
84 85 160 160 160 440 
8 224 224 345 345 
76 76 77 77 77 77 80 96 96 122 214 280 280 280 317 317 354 354 384 418 418 429 429 429 434 446 446 446 455 481 
31 94 94 94 263 336 336 336 354 465 486 486 
444 
314 314 398 413 413 
16 16 16 161 324 
354 
140 
323 323 323 
107 107 107 
321 321 321 359 
41 41 94 184 184 184 318 
72 72 153 244 358 503 
358 358 358 358 466 
271 271 375 375 375 
162 209 209 346 346 346 346 
82 165 165 223 261 
39 39 62 71 71 159 159 253 428 428 428 430 
22 511 511 511 511 511 
407 407 413 413 
413 413 
174 174 174 174 385 413 
413 413 
76 76 315 315 315 486 486 
199 199 199 207 
184 184 184 254 415 415 
20 20 46 145 271 381 408 427 427 470 470 
353 
222 222 289 289 
239 239 239 
227 227 305 401 
49 49 49 147 147 173 210 
52 70 70 70 70 141 141 141 184 184 313 313 475 
27 47 76 76 80 80 80 80 328 328 328 328 459 
67 281 281 298 298 421 421 421 421 493 
84 84 
384 429 
196 196 196 471 
236 236 432 432 432 456 456 

76 340 
5 31 31 41 76 76 76 99 134 151 151 184 184 256 256 256 271 271 273 273 273 273 273 307 307 314 314 315 319 380 411 450 462 462 462 475 475 490 490 502 502 508 508 
184 184 444 
236 236 267 
367 367 367 431 431 496 
6 6 38 72 72 72 89 90 90 141 146 146 234 234 244 244 325 326 326 326 326 466 466 466 503 503 
61 81 81 323 

76 76 
65 65 413 
141 141 141 182 182 
118 162 162 162 262 262 262 
415 415 503 503 503 503 503 
184 
114 114 114 197 357 357 357 
401 401 
301 
87 87 306 
20 20 20 20 68 
36 36 36 36 190 190 

154 154 233 233 233 238 238 238 238 250 250 271 271 408 408 442 
233 233 327 327 327 408 408 505 505 505 
174 174 222 
271 271 393 393 393 458 
101 192 
103 146 
354 
0 46 46 64 139 139 177 204 339 395 408 408 

63 63 63 415 415 415 432 432 
314 349 449 449 449 
255 255 255 299 299 299 299 299 334 413 413 413 
86 86 198 198 198 
4 4 454 
487 
22 82 130 142 265 265 265 496 
169 169 169 169 
257 271 271 442 
269 305 305 
225 225 377 377 377 
81 81 154 154 
301 301 301 301 381 
307 
58 58 58 480 480 480 
41 317 445 
41 41 184 184 184 184 
50 272 
110 110 110 176 176 343 368 368 
39 39 39 159 159 159 169 219 
271 412 412 412 427 
6 6 92 92 92 182 432 432 
39 206 206 
37 37 190 
175 175 332 332 413 413 
26 104 104 104 104 133 150 154 154 158 158 158 237 248 271 271 271 293 294 297 297 306 306 339 374 374 375 375 381 381 412 437 470 470 492 492 492 
184 218 229 258 258 
262 262 419 
354 
403 403 403 408 483 
35 45 45 45 76 76 76 76 77 77 77 92 92 92 119 128 128 128 141 141 161 167 167 168 174 174 175 182 182 187 187 193 196 196 215 215 220 220 222 222 317 317 332 332 333 333 334 335 335 362 385 385 385 407 407 448 494 494 
22 108 
37 37 116 138 177 177 177 184 184 201 201 230 254 269 269 269 283 283 338 338 365 365 383 383 383 432 432 432 463 463 463 
65 65 

27 27 27 80 80 80 314 314 434 
28 116 116 116 116 225 225 410 
18 98 441 441 441 
347 347 347 347 
77 77 77 

172 172 243 243 311 311 311 
103 103 296 296 
291 
271 271 282 282 282 339 339 403 
301 330 330 330 
314 314 314 349 
62 62 330 
357 357 496 
211 211 211 236 236 236 351 351 351 383 383 404 404 415 415 415 460 460 
44 44 44 44 205 205 205 205 205 
274 314 418 456 456 
79 449 449 
22 
408 
236 
45 
76 76 312 
1 1 1 5 5 18 18 98 98 98 225 259 259 259 420 420 420 
233 250 250 271 271 271 374 391 
5 
59 59 182 195 220 220 220 316 355 
41 41 41 252 398 
56 56 56 184 184 314 314 314 
69 
106 106 106 106 128 128 413 
76 76 280 280 285 285 384 384 384 435 435 467 
41 99 160 160 160 271 354 462 
184 184 
464 464 464 

4 124 131 232 387 
17 17 17 178 314 
76 184 351 351 434 434 491 
270 270 
225 225 225 377 
346 
236 432 432 
22 469 469 469 
225 225 247 247 247 259 259 354 354 354 450 
75 75 274 274 415 415 415 
452 452 452 470 470 
184 184 184 307 315 
57 57 57 57 72 326 358 358 358 
215 308 449 
250 250 
159 461 461 461 511 511 
339 339 408 408 464 464 
101 101 101 157 170 170 170 195 195 204 267 267 350 
273 475 475 

56 56 56 124 487 
273 273 345 354 354 472 472 
10 10 100 100 100 240 496 496 
39 166 188 188 188 
76 76 207 207 288 
65 193 308 308 
127 290 294 397 397 397 
174 174 174 174 314 
305 305 
30 30 30 194 194 194 194 222 412 

39 232 232 232 302 302 
31 120 147 315 315 336 336 
29 29 29 56 56 56 235 236 304 388 474 
184 
31 120 
51 83 83 184 354 354 
126 126 185 456 
41 41 41 408 408 408 
3 347 
243 413 413 
81 
3 100 197 197 357 389 431 476 476 497 
22 496 
41 160 160 
92 92 92 92 
193 193 
4 54 54 54 
354 354 508 
234 325 358 358 365 365 365 365 365 
48 48 48 
248 248 261 375 375 375 
269 
104 104 221 
5 5 18 86 86 198 198 354 354 502 
207 207 207 229 
188 
159 331 331 331 331 331 469 469 
