nodes: 512 edges: 937
134 134 134 381 381 

28 28 28 111 189 
218 218 271 271 
289 387 454 454 501 501 501 
34 48 50 198 273 279 279 346 354 508 
95 95 299 358 404 
233 
196 224 224 313 313 313 350 350 350 
271 

264 
271 297 297 

117 117 292 
182 182 
105 105 507 
169 287 287 
105 105 105 420 

46 46 46 46 339 339 371 

108 274 389 389 461 461 461 
171 
361 
297 297 
158 163 163 297 
346 418 418 418 
2 2 2 178 178 183 419 
56 487 
122 180 180 222 483 
263 315 486 486 
396 
67 
5 37 
76 210 413 413 413 
105 106 106 372 372 
34 108 266 266 266 406 406 415 415 
358 
62 159 159 163 219 219 241 241 267 267 267 302 330 330 405 405 485 
192 236 249 
85 105 184 195 354 399 445 450 457 492 492 
323 

137 137 137 159 159 159 205 433 
76 413 413 413 
20 20 20 20 64 284 284 284 284 339 381 381 395 
229 459 
5 441 504 504 
192 
5 278 278 400 400 
83 83 490 490 
112 184 184 345 
83 83 225 255 
76 
195 236 
29 191 236 408 446 446 446 474 487 
254 254 254 
397 397 

236 236 
81 81 81 
39 241 330 430 
463 463 
46 150 150 
193 251 362 416 416 479 479 479 
193 
33 94 101 101 101 281 281 281 347 374 
169 169 233 296 371 
147 344 
184 184 246 279 345 366 
330 369 
325 358 466 
94 94 178 
123 141 
300 383 463 
35 45 54 107 186 208 228 245 292 292 314 314 346 353 353 354 354 410 413 413 413 449 449 478 478 
122 146 196 314 314 314 413 413 422 
92 
435 
95 221 221 314 314 314 346 346 418 
61 61 61 82 113 113 184 184 289 289 359 389 389 495 
81 142 389 
51 51 53 53 236 237 
85 348 
41 84 160 160 255 312 335 
198 386 508 
306 306 370 

358 
358 358 

78 340 340 404 413 413 499 

67 73 73 324 
6 6 80 164 170 346 

171 290 

354 450 
197 197 197 300 300 476 496 
67 67 67 192 192 249 
117 135 136 216 216 
379 425 425 
236 236 408 408 408 
16 16 18 18 18 36 41 184 190 190 
36 36 404 448 448 
76 186 204 322 322 
22 37 115 115 115 414 


2 
52 
81 81 508 
367 367 
108 108 108 
213 419 419 
14 14 102 125 136 184 236 236 
364 
122 222 413 


30 77 119 
74 356 
454 454 
117 135 
185 
480 480 
413 413 413 448 448 
191 191 191 
389 

168 
408 
0 0 0 380 
102 125 
102 117 
44 44 44 184 184 354 
164 164 

320 
74 345 345 358 363 363 413 413 
82 389 

282 282 
339 
77 358 358 358 358 379 
69 236 
191 268 

64 64 408 

226 
325 
394 394 408 
413 

233 276 471 
26 224 224 271 271 271 408 408 
39 39 44 44 44 227 231 402 402 402 428 469 477 477 
85 85 224 224 272 312 450 450 450 450 498 498 
318 318 413 439 
228 228 239 239 322 328 364 
26 26 39 354 
95 138 138 
329 
211 
220 413 
132 
17 68 68 233 233 390 390 
95 471 
23 97 290 
424 
210 
334 481 481 
407 407 407 
401 401 437 
206 283 300 381 415 
28 28 73 183 
296 
30 30 

15 15 363 404 404 413 444 444 
28 178 
41 52 52 70 70 81 81 105 117 137 137 202 202 221 236 260 307 324 345 354 366 399 399 415 415 426 446 446 456 490 
126 473 473 491 
76 107 
413 413 
510 
2 
105 105 372 372 406 
56 129 129 129 148 236 236 236 268 304 304 
40 49 101 101 236 236 236 281 281 378 
65 66 286 286 286 358 362 413 413 
483 
41 55 204 236 267 267 
8 77 290 350 
100 100 100 367 496 
5 86 508 


236 415 
184 184 

107 195 268 381 471 
44 433 
177 264 405 
337 423 509 
76 438 

35 173 309 344 
166 432 432 432 
233 310 310 
116 
314 
413 413 413 413 
102 102 

3 3 
39 39 232 274 454 
167 444 444 444 
80 80 184 507 
30 119 314 314 341 376 413 413 483 483 
329 329 
8 8 158 158 160 160 313 313 
53 419 458 
152 292 
159 305 305 343 
76 162 162 
47 295 
275 346 
159 
219 294 485 485 
7 68 157 169 169 212 271 271 271 296 374 375 442 505 
244 358 358 358 358 503 
375 
40 55 56 60 60 83 104 104 117 117 147 184 191 191 191 192 192 192 195 201 237 237 267 267 267 275 275 283 283 344 351 432 460 487 
83 236 236 408 408 

162 162 342 
476 476 496 496 
39 39 62 268 268 

311 413 494 494 
234 358 
76 
70 
266 271 271 271 462 
408 505 
40 101 

65 413 


57 57 57 415 
53 85 385 385 
354 354 

409 409 
441 441 
184 
329 505 
364 364 
31 315 
11 206 334 334 

37 37 37 247 271 
39 39 39 195 195 236 236 236 268 268 268 356 356 356 468 471 
148 191 204 241 241 267 267 267 
392 415 
286 286 457 
3 3 9 12 158 158 158 233 233 233 247 247 247 266 327 339 339 354 354 374 374 377 377 377 391 408 408 427 442 442 442 450 
160 281 281 281 281 
5 475 
22 219 434 463 463 
230 236 236 
157 
365 365 
50 50 
5 5 70 
308 314 
67 67 67 192 192 272 272 272 272 493 
144 144 
177 236 236 415 415 
46 46 46 46 
449 
193 193 193 270 270 413 413 
17 17 

4 81 81 341 
97 171 196 

14 76 76 226 
408 
232 397 480 
229 
68 179 233 425 425 
12 12 25 25 26 
347 347 
6 385 413 
75 100 100 177 
395 
39 485 
304 
191 191 303 
227 227 343 
87 87 370 370 408 408 
184 396 396 
280 479 479 479 
210 
212 212 
243 424 
85 160 440 
8 8 8 224 224 345 345 
76 76 77 77 77 80 80 80 214 222 222 280 317 317 349 354 354 354 384 413 418 429 434 434 446 446 449 449 467 481 
31 263 336 336 465 465 465 486 
344 444 444 
314 314 413 413 
161 161 

140 

107 107 162 
42 
94 184 
72 153 358 424 
358 466 466 
271 375 
162 346 346 346 
165 223 223 261 
39 39 62 71 369 369 428 
511 
407 

174 264 264 385 
85 413 413 
315 315 
207 
415 
20 20 46 145 271 271 381 381 381 408 408 408 427 427 470 470 
92 92 
222 289 348 
239 492 
227 305 401 401 
69 210 236 316 
52 70 141 141 184 313 313 475 
5 27 76 80 80 95 230 328 328 328 459 
67 298 298 421 421 
84 341 
314 
8 8 8 196 
236 456 456 456 
360 
76 76 456 
5 41 76 76 99 137 163 184 256 256 271 271 314 314 314 462 508 

123 267 267 267 
367 496 
6 38 72 89 90 90 141 146 146 146 146 193 234 234 234 234 244 325 326 413 413 466 
81 
352 
24 
65 193 
141 141 182 
118 162 262 262 
277 277 415 503 
70 184 
114 114 197 357 

71 330 330 
87 306 306 
20 68 
36 36 190 190 

67 233 271 271 408 408 417 442 
233 235 327 408 
222 
271 271 271 393 393 
192 474 
103 146 
134 
0 0 46 46 177 204 339 339 339 408 408 
413 
75 415 
314 449 449 
255 255 299 334 413 413 413 
86 
4 
487 
22 22 81 81 82 130 142 496 497 
169 169 
271 442 
269 
377 377 
154 154 495 
46 301 
32 307 307 
58 58 294 480 
445 
41 184 184 
50 50 
176 176 343 343 
159 159 159 
412 427 
6 92 106 182 182 432 432 432 
39 39 206 
37 37 190 
175 175 175 332 
56 104 104 104 133 150 154 158 158 237 237 248 271 271 293 306 306 339 339 339 374 374 375 381 381 470 492 492 
258 258 
76 

403 483 
35 35 35 45 45 45 76 76 76 77 77 92 92 119 128 128 128 141 141 155 161 167 182 187 187 193 193 215 215 215 215 222 222 243 251 286 286 299 314 317 317 335 335 358 358 382 385 385 385 494 500 500 
108 
37 37 177 184 184 201 254 269 283 283 338 365 383 432 432 432 463 
65 65 
374 
27 27 27 80 314 
28 116 116 225 
18 441 
347 347 
77 
207 
172 311 325 
103 103 296 296 
184 
271 339 339 403 
159 330 
314 
62 
496 
211 211 211 236 404 404 404 415 415 415 460 460 
44 205 
274 314 314 456 
79 449 

176 
208 
161 
312 
48 259 259 420 
233 271 271 271 374 391 

182 182 220 220 220 316 316 
41 398 
56 56 56 184 184 314 314 

106 106 128 128 
76 76 285 314 314 384 384 435 467 
41 99 160 160 160 160 271 462 



4 4 124 124 219 

184 351 351 351 353 434 491 
41 270 
225 
47 346 
236 432 432 
22 22 22 469 469 469 
247 354 450 
63 63 75 274 274 415 
470 
315 315 315 
72 326 326 358 
314 449 479 
267 
159 461 461 461 511 
339 339 408 464 
157 170 204 267 
475 
185 185 
56 378 487 487 
273 345 472 
100 240 240 496 
159 159 
76 76 
65 65 65 308 308 308 467 
127 127 294 397 
174 174 314 

30 194 222 222 412 

39 232 232 302 
31 31 315 
29 56 236 388 474 474 


51 51 184 
185 456 
41 41 342 408 408 
281 
243 243 413 
81 394 
100 197 240 240 357 389 431 476 497 
389 496 
160 160 
92 
413 413 
4 4 4 

234 365 
48 48 
233 248 261 

16 221 
5 86 113 198 354 
207 
188 
331 469 
