nodes: 512 edges: 933
134 134 134 381 381 
441 
28 91 189 213 
218 218 271 493 493 
289 454 501 
37 50 88 198 225 273 273 279 279 307 354 443 508 
95 358 358 
233 233 
210 224 224 313 
163 271 
476 
99 
184 184 271 297 297 297 297 
76 
117 292 
195 
105 105 105 105 184 318 
287 287 287 455 455 
105 420 441 508 

46 46 371 371 

108 108 158 274 389 389 414 414 436 436 461 497 497 
290 290 290 

297 297 
158 163 163 297 
78 78 418 
2 178 178 183 183 189 419 419 

180 180 483 
120 172 184 263 315 315 
184 
67 192 306 306 
37 37 37 
76 210 222 222 309 413 413 413 
105 106 372 
5 34 34 34 108 108 266 
344 358 358 358 
159 159 159 163 219 219 241 267 267 402 402 405 405 477 485 
149 149 192 192 236 236 236 
85 99 105 151 160 184 324 398 399 457 492 492 

193 
137 159 159 
76 439 
20 20 284 284 284 339 339 339 381 381 395 395 
63 229 


5 278 400 
83 490 
184 345 345 
83 83 225 225 337 
76 76 109 109 109 501 
147 147 147 147 236 
129 191 191 191 236 304 408 446 446 474 474 487 
254 254 466 
294 397 

104 252 
81 359 
241 241 330 330 
47 75 463 
150 381 
193 251 362 
193 193 
33 94 94 101 101 101 192 281 374 
233 296 
147 344 344 
246 279 279 279 345 345 345 
330 
325 358 358 466 
94 94 315 

63 300 383 463 463 
13 35 45 54 54 162 228 229 245 292 292 314 336 353 354 354 354 413 413 413 413 440 440 449 456 478 478 
122 122 196 196 196 314 422 422 
27 27 92 92 

221 314 346 418 418 
61 82 82 82 289 495 
81 81 81 143 329 329 
51 53 53 236 237 237 490 490 
312 348 348 
41 312 335 348 348 
508 
150 306 306 306 370 
5 

173 
2 
78 78 182 340 340 413 413 499 

67 67 73 73 315 315 324 
6 164 
314 
171 171 246 290 290 
420 
11 41 
300 300 
67 67 67 192 192 192 195 471 
117 117 135 136 136 216 289 
425 
60 408 408 408 
16 16 16 16 18 36 41 106 184 
36 105 404 448 
204 322 322 
22 22 37 37 115 414 
54 54 54 
247 401 

184 

367 
108 
213 213 415 419 419 
14 102 102 125 184 

122 
31 489 

77 77 119 222 314 
375 
188 454 454 
117 136 149 149 192 
185 491 
480 
448 
56 191 191 195 236 285 
389 
402 454 
168 168 
381 381 
0 0 0 354 
102 
102 102 125 329 
44 184 184 354 
164 164 

192 320 
358 358 413 413 
389 
82 
282 

358 358 379 
55 55 55 55 69 236 486 
268 268 268 
40 40 125 125 417 
64 87 248 
41 
364 
325 
374 


233 233 276 471 
22 26 194 194 224 271 271 288 408 
39 39 39 44 44 227 227 231 231 305 305 402 477 
41 224 224 224 272 450 450 450 
318 413 413 
76 228 239 364 
9 26 26 39 
95 138 138 
329 
211 239 
413 
132 132 
296 

97 97 290 290 290 
31 424 424 
90 
334 334 413 413 413 481 481 
407 
401 401 437 478 
206 283 283 300 415 415 
28 28 455 

30 30 222 
310 310 
92 363 363 404 413 444 
28 28 
12 12 16 31 32 41 52 105 112 117 137 137 202 202 260 260 289 289 292 307 324 338 345 354 354 355 355 399 409 415 415 426 446 446 451 456 465 488 490 490 
126 381 473 473 


124 477 
2 28 
372 372 
56 56 56 129 129 236 267 267 285 
33 40 40 67 101 101 101 125 140 236 236 281 281 421 
43 65 66 66 286 286 362 362 413 413 479 500 
158 158 483 483 
15 101 129 236 267 471 471 471 
77 77 77 200 290 373 413 413 

5 508 
337 337 337 354 
196 
236 303 303 415 415 415 
184 184 224 

107 268 381 
433 433 433 433 
177 
509 

328 328 
8 35 344 
166 
310 
2 116 116 221 
314 314 

102 

3 3 409 
39 39 232 232 232 274 274 402 454 
413 444 
80 213 507 507 
35 35 122 180 314 314 341 413 413 

8 8 158 160 160 160 202 313 313 
5 53 53 393 441 458 

159 159 305 305 343 
76 162 411 
47 76 258 509 509 
275 415 
159 159 
219 219 219 294 454 
7 7 68 157 157 238 238 271 271 296 296 374 374 442 
358 358 503 
487 
40 40 40 55 56 83 129 147 191 192 192 195 201 237 237 267 275 275 351 356 356 438 460 487 487 
83 83 236 236 408 408 408 
233 233 374 374 374 
162 166 405 
476 
39 62 62 


358 358 
76 426 
70 97 
110 266 266 271 271 271 288 288 417 462 462 462 462 462 
150 

374 374 468 468 468 
65 413 479 
60 
330 
57 57 283 415 
385 385 508 

305 
229 409 
441 441 441 441 441 462 462 462 
184 184 
329 505 
410 
31 315 
334 385 

37 247 247 271 
39 39 191 191 195 236 268 268 471 
148 148 148 204 267 267 
392 392 392 
286 286 
3 9 12 158 158 233 233 247 247 247 266 282 282 287 327 327 339 339 339 354 374 374 377 401 401 401 408 408 427 427 442 450 
160 281 281 400 
5 5 319 354 453 472 475 
22 219 219 434 463 463 
230 236 236 
157 

50 
5 5 70 70 70 
308 314 314 449 
67 192 192 272 272 296 296 347 493 
144 271 271 
177 177 254 
46 46 46 
129 191 400 
193 193 270 270 413 413 
17 17 17 271 
158 247 247 478 
4 81 102 184 184 341 
23 23 23 97 97 171 171 171 196 480 

14 76 76 184 

58 232 408 480 480 

68 169 233 233 281 281 425 
12 12 12 12 25 25 26 408 408 
347 
413 
75 100 100 177 
339 395 428 428 428 
485 
201 201 
56 
159 159 227 227 257 343 343 482 
33 33 87 87 87 
5 184 396 465 
280 
35 
181 181 212 
424 
84 85 
8 224 224 345 
76 77 80 96 122 214 214 222 222 280 280 349 354 384 413 413 413 446 446 449 467 467 
31 31 73 94 94 263 336 336 354 465 465 486 
344 444 
398 
16 161 
273 354 
140 
323 
107 107 
321 
41 94 184 
72 153 358 424 
466 
271 271 
209 209 346 346 
82 82 136 165 261 
62 62 71 253 369 428 
511 511 
407 407 413 

174 174 264 385 
85 
76 315 315 
53 199 199 199 
184 415 415 
46 46 46 271 271 271 301 381 408 408 408 427 452 470 
92 92 
222 289 

227 305 305 401 401 401 401 
38 69 69 210 316 432 
52 52 70 70 70 184 313 475 
80 328 328 459 459 
281 298 421 
84 84 85 85 
314 384 

236 456 456 
402 
76 456 
5 76 76 76 134 137 184 184 199 271 273 314 315 319 411 450 462 462 475 475 475 490 502 502 502 
184 184 
236 236 
367 431 
6 6 38 38 38 72 72 141 141 146 146 234 234 244 244 325 413 413 413 503 
61 


65 193 193 413 
182 182 
152 162 
415 
443 
114 357 

330 
87 
20 20 
36 190 190 
196 
67 154 233 233 238 238 238 250 250 271 271 408 417 442 
123 408 408 505 

271 
471 
146 

0 0 46 46 64 133 133 185 204 339 408 

75 415 432 
314 349 449 
255 255 264 334 413 
449 
454 
487 487 
22 22 130 142 496 496 497 
460 

269 269 269 
225 

46 46 301 
307 
58 
41 317 445 445 
41 184 
50 272 285 
110 176 176 271 271 271 343 343 343 343 
39 39 131 159 219 352 
412 412 427 
106 182 432 
39 39 239 

175 332 332 413 
56 104 104 104 158 237 237 237 271 271 294 297 297 339 339 339 374 375 375 381 412 492 492 
184 218 258 466 
262 419 
228 354 
403 403 408 483 483 483 483 
35 35 35 76 76 76 76 92 92 141 141 161 161 167 174 174 174 182 193 193 196 196 220 222 222 251 286 286 299 314 314 314 332 358 358 358 362 385 407 439 
22 22 108 
116 177 177 184 184 201 201 201 230 254 338 338 365 383 432 

149 247 374 
27 80 80 
28 28 116 116 410 
18 98 441 
192 347 
77 77 

172 172 311 325 
103 296 
184 245 
271 271 339 403 
301 301 301 330 


357 
344 383 404 415 460 460 
205 205 205 205 
274 

22 22 
176 477 
236 
45 413 
76 76 
1 18 225 259 259 259 259 259 420 
233 271 374 
5 366 
182 220 316 
398 398 
56 56 184 184 314 314 

106 128 
76 280 314 384 386 
160 160 160 271 354 
184 475 
339 464 464 
273 
4 124 124 131 219 232 387 
17 17 178 
76 184 351 351 353 
41 
225 
346 346 
236 390 432 432 
22 469 
247 247 247 247 247 259 259 259 354 354 
63 75 75 274 274 
452 452 470 470 
184 307 315 315 
57 72 326 409 
314 314 
250 250 250 
461 
339 464 464 
101 157 195 195 195 267 378 
273 
185 185 
56 56 487 
273 345 354 354 354 451 
10 240 496 496 
39 159 188 437 
76 76 176 288 
193 251 
127 290 294 294 
174 174 
305 
30 194 194 412 412 412 412 

39 302 
147 315 489 
56 235 236 236 388 388 474 
184 
120 486 
51 83 83 184 184 354 
126 
41 41 408 408 
3 3 281 

81 
389 389 476 476 
22 22 389 

92 
193 
4 54 
354 354 354 508 
234 358 

261 375 

221 221 
5 18 86 198 255 502 
207 229 229 

331 331 
