nodes: 512 edges: 963
134 134 381 
441 441 
28 28 28 91 182 189 213 213 
218 271 271 496 
454 501 501 501 
37 37 48 48 50 50 88 225 273 279 354 441 443 508 
358 358 358 
233 
224 

476 

184 271 297 

117 191 292 

105 105 105 318 318 
287 287 287 287 
441 441 

46 371 
31 
108 108 115 274 274 436 436 461 461 497 
290 290 290 

297 297 
158 163 163 408 
78 78 78 418 418 
2 2 2 183 183 189 

180 222 483 
21 172 263 315 315 489 
184 396 
67 67 306 
383 
222 309 413 413 
105 372 372 
5 5 108 266 415 415 
344 358 
159 159 219 231 231 241 241 267 267 267 330 330 402 402 402 405 405 477 485 
149 149 149 192 236 249 249 
85 85 105 137 151 160 160 195 324 399 399 450 492 
323 
193 193 193 
137 159 159 205 205 205 433 
76 413 
20 261 284 339 395 
48 229 
5 5 47 441 504 504 504 
344 
5 5 278 278 
83 
184 184 
83 83 225 225 255 
76 76 109 109 299 299 501 501 
147 147 195 236 
191 191 191 236 236 408 446 446 446 474 487 
254 254 254 415 466 
397 397 397 397 
444 444 
104 236 236 
359 
330 430 430 
100 463 

193 251 362 479 479 479 
193 
33 33 101 192 281 281 347 374 
296 
147 236 236 344 
184 246 258 345 366 
330 330 
325 358 358 466 
94 
123 376 
383 463 463 
45 54 54 107 107 162 186 208 228 242 242 245 292 292 292 314 314 336 336 346 354 360 361 364 413 413 413 449 449 449 449 456 
122 196 196 314 413 413 422 422 
27 27 27 92 92 
351 435 
95 221 221 314 346 346 418 418 
113 184 184 184 261 289 289 359 389 495 
121 143 143 329 389 
51 53 53 236 236 237 490 490 490 
122 312 
41 41 160 255 255 335 348 
198 508 508 508 
150 306 
5 
358 

2 183 
78 78 340 404 499 499 

73 315 315 324 
80 164 170 346 

171 246 246 290 
420 441 441 

63 197 300 496 
67 192 192 192 195 
136 136 216 216 289 341 
146 379 425 
60 236 236 237 408 408 408 507 
16 16 16 36 41 106 
105 448 448 
76 76 186 322 322 
22 22 37 
54 54 199 
401 

184 184 
81 121 508 
367 367 
22 238 
213 415 415 
14 125 125 236 236 
364 
122 413 
486 489 
82 113 
77 84 119 
74 
454 
117 117 135 136 136 149 192 
185 185 491 491 
480 480 
413 
191 275 280 285 
389 
402 
168 168 
381 
0 0 354 
125 
102 102 125 125 329 
41 44 
164 
381 381 
320 
345 345 358 363 413 413 

82 82 

339 
103 379 
55 55 69 236 236 
268 268 268 304 
40 40 40 125 250 
87 248 408 408 
41 
226 292 
325 
394 394 408 
413 413 

276 
26 194 224 271 271 288 408 408 408 
39 39 44 44 402 402 477 
41 41 85 224 272 312 312 
318 318 
76 239 328 364 
26 26 
95 138 

239 239 239 477 
220 
132 132 413 413 
233 233 
95 
97 
31 424 
344 
334 376 413 413 481 

401 437 
206 206 283 300 300 300 415 415 
183 

30 
310 310 310 367 367 
2 363 363 404 413 
28 28 91 178 
12 32 52 52 70 81 81 81 112 112 202 221 221 236 236 258 258 260 260 260 267 292 292 324 338 354 399 399 415 426 446 451 456 
126 126 473 491 
76 107 
193 413 
477 510 
2 28 
372 
14 56 56 56 129 236 267 304 
40 67 101 101 101 125 236 236 281 281 306 306 421 
43 43 43 65 66 187 286 358 
158 483 483 483 483 
41 55 101 236 267 267 444 
77 77 200 290 290 290 350 373 373 373 413 413 
100 367 367 496 
86 386 508 
109 
196 
303 415 
184 
287 
267 
44 44 44 433 433 433 433 
177 177 405 
423 509 509 
76 
328 
309 344 344 
432 

2 2 116 
215 215 
214 214 413 
102 102 

3 
39 232 232 284 402 454 
167 413 444 
80 80 184 184 507 
30 35 314 341 376 413 483 483 
329 
8 158 160 313 350 
5 53 53 393 393 419 458 462 462 
152 292 
305 343 343 
76 245 411 
47 258 258 299 409 509 
275 
39 39 
219 219 454 485 485 
7 169 169 238 271 271 271 296 374 374 374 442 
358 358 358 
487 
40 55 56 56 60 60 69 69 83 83 104 104 117 117 147 147 184 184 191 192 192 195 237 259 267 267 283 283 356 356 432 438 460 460 487 
83 104 236 408 408 408 408 
115 233 374 
162 166 166 166 342 342 405 
321 476 476 496 
39 39 268 268 
76 76 
311 413 

76 228 426 
70 97 97 
266 271 271 271 417 462 462 462 
150 408 408 505 
40 40 
149 374 374 417 442 468 
65 413 413 
445 
330 
57 57 57 283 338 415 
53 85 85 385 508 
354 354 

70 184 184 229 229 409 
236 462 462 462 462 
184 184 184 
46 81 505 505 
364 
31 315 
379 385 
389 
37 247 
39 39 39 184 191 195 195 204 236 236 268 268 291 356 356 356 471 471 471 
148 148 148 241 241 267 267 
392 392 
457 457 457 457 
3 3 12 158 158 233 233 233 247 247 247 282 282 339 354 354 374 374 377 377 377 401 408 408 412 427 442 450 453 
160 281 281 
5 354 354 472 472 
22 22 434 
129 230 
157 
365 
50 50 
5 
129 314 314 449 
67 67 192 192 272 272 296 298 347 493 
271 271 
177 236 236 254 
46 219 
129 449 
193 
17 17 17 17 203 
158 
81 81 102 341 
23 23 23 97 196 196 196 
267 426 426 
14 76 76 76 152 184 184 226 
408 
397 408 480 

68 233 281 425 
12 25 25 408 
281 347 
54 54 229 385 
100 177 177 177 
339 
485 
201 
148 191 487 
227 343 343 392 392 482 
33 87 192 192 370 408 
354 354 

35 210 
181 181 181 
243 424 424 
84 160 160 
224 345 345 
76 76 77 80 222 280 280 317 349 354 384 413 413 413 418 418 429 434 434 446 446 446 449 449 455 481 
31 31 94 94 263 336 465 486 
444 
314 
16 16 161 161 
354 
140 
240 323 
107 107 
42 321 359 
41 94 184 
72 153 
358 358 358 
375 375 487 
162 209 346 
82 136 223 
39 39 62 71 71 253 369 430 
511 511 511 511 
407 413 

174 385 413 
85 413 413 
76 76 315 486 

184 254 415 
46 145 271 301 381 408 408 408 427 427 452 452 
92 353 
102 222 289 348 
239 239 
227 227 305 305 401 401 401 
38 49 69 173 210 210 432 
70 141 141 313 313 475 
76 80 80 95 328 
67 281 298 421 
85 341 
314 
196 224 471 
79 456 
402 
340 
5 76 134 184 256 256 271 271 273 273 307 307 314 319 380 411 462 475 475 475 484 

236 236 267 267 267 
367 367 496 
6 6 6 38 72 72 89 141 193 234 234 234 326 326 326 413 413 413 466 466 503 
61 81 323 
76 
76 
65 413 
141 182 182 
76 118 162 262 
277 415 503 503 503 
70 
114 114 181 181 197 197 357 357 

330 
306 
20 
36 36 190 
196 196 196 
67 233 233 233 238 250 250 271 271 408 417 
327 327 408 408 
74 174 222 
271 271 271 393 458 
471 
103 146 264 
354 502 
0 133 139 139 339 395 395 408 408 

34 75 415 432 
314 449 
255 264 299 334 413 413 413 
198 449 
454 
487 
81 82 130 265 496 


269 269 305 305 
225 225 377 
154 154 
46 381 381 
32 
58 58 58 58 294 480 480 
445 
41 41 184 184 

110 176 271 343 343 343 
39 39 39 131 159 159 219 352 
412 412 412 
92 182 432 432 432 
39 39 206 239 

332 
26 56 104 104 104 150 150 154 158 158 158 237 237 237 237 248 248 271 271 293 294 297 306 339 339 339 374 375 375 381 381 412 437 492 492 
229 258 466 
419 
228 354 
271 403 403 403 408 483 483 483 
35 35 45 76 76 76 77 77 119 128 141 141 155 155 168 168 174 174 182 187 196 196 215 220 222 243 251 251 314 314 314 332 334 335 335 358 358 358 362 385 385 385 439 439 439 

37 37 57 116 116 177 177 184 201 254 338 365 383 432 432 463 

247 250 374 
27 27 80 80 314 314 434 
225 410 
98 
192 347 
77 77 
207 
172 311 311 
103 296 
184 245 291 291 464 
271 339 339 

314 
62 62 330 
496 
211 236 344 383 404 404 404 415 415 
44 205 205 205 205 
274 314 314 418 456 
79 449 
22 22 
176 408 
236 
413 413 413 

1 1 5 18 18 48 98 98 
233 250 271 
5 
59 59 195 220 316 
252 398 
56 56 56 184 314 314 314 

106 106 
76 76 76 76 280 285 314 314 384 386 435 
41 271 462 462 
184 
339 339 
271 
4 124 219 232 387 
314 
76 184 351 434 
270 270 270 270 
225 377 

236 236 
22 22 469 497 
225 225 247 247 247 259 259 259 259 354 450 450 
63 75 75 415 
426 470 470 
315 
57 72 358 358 409 

250 
461 511 
464 464 
267 267 267 350 378 
273 273 475 475 
185 
56 487 505 
345 354 354 354 472 472 
10 240 240 496 496 496 
39 159 166 188 

65 65 65 
127 127 294 397 397 
174 314 
305 
30 194 194 194 194 222 222 412 412 412 
354 
39 232 232 302 
120 315 336 
56 235 236 304 327 388 474 

31 120 
83 83 83 
126 126 185 
41 408 408 
281 

81 
3 100 197 240 357 389 431 476 476 476 
22 461 

92 92 

4 4 4 54 54 
380 508 
358 365 365 365 
48 48 48 
248 261 261 474 

104 221 
5 86 86 86 113 198 255 502 
207 207 229 
188 
331 331 331 331 469 
