nodes: 512 edges: 923
134 134 381 
441 441 
28 91 111 111 189 213 213 
218 493 493 496 
501 
37 37 48 50 88 88 198 198 225 225 273 273 279 508 
95 95 358 358 358 404 
233 271 
196 313 313 313 350 350 
271 271 
476 

202 202 

117 184 191 292 

105 105 105 184 318 
287 455 
420 441 

46 339 
31 
108 115 115 158 274 331 389 389 414 436 436 461 497 
171 290 

297 297 
158 158 
78 418 
2 178 183 183 189 419 
56 487 

21 172 263 315 486 486 486 489 
184 184 
67 
37 
222 309 309 413 413 
372 
5 5 34 108 108 108 108 266 406 415 
344 358 
159 159 219 219 241 241 241 267 267 267 302 302 330 402 402 405 405 485 
149 192 192 249 
85 85 137 151 151 160 160 184 184 324 399 445 450 450 457 457 492 

193 193 
137 159 159 159 159 
413 413 
20 284 284 339 381 395 
459 459 
5 441 504 
344 
5 278 278 278 278 
83 83 83 490 
184 345 345 
225 225 255 377 
501 501 
147 147 195 
29 191 236 446 446 446 474 474 474 487 
415 
397 397 

236 
81 359 
241 241 330 430 
75 
150 381 381 
193 251 362 362 479 
193 193 193 
33 94 94 94 101 192 281 374 
296 371 
147 447 
184 258 258 279 279 366 
369 
466 
315 
123 141 
63 
107 107 162 199 228 242 262 292 314 314 336 346 346 353 354 361 361 410 413 413 440 449 449 456 478 
122 196 196 314 314 413 413 413 422 
27 92 184 
435 
95 95 95 346 
61 113 184 289 359 359 389 394 394 
121 142 142 143 143 
51 51 51 236 237 237 237 490 490 490 490 
85 122 348 
41 41 84 160 255 255 
198 
150 306 370 
5 5 
358 
358 
2 
78 182 340 404 499 

67 67 67 315 315 405 
6 6 80 80 80 170 

290 
420 441 
354 
197 197 300 476 
67 192 192 195 471 
117 135 135 136 216 
379 
236 236 353 408 408 408 507 507 
16 16 16 106 106 184 190 
105 105 448 
76 76 204 204 
22 37 37 37 37 414 

247 
2 2 
184 
81 
367 
22 22 
129 213 419 
14 102 136 236 
364 
122 222 222 413 
486 489 489 
82 
77 84 119 222 314 
74 
454 
136 136 136 149 149 192 
185 491 
480 480 
448 
116 236 
389 389 

168 168 

0 0 354 380 380 
102 102 
102 117 125 125 125 329 
41 44 184 184 184 
164 236 
381 381 
192 
74 345 358 358 358 363 413 413 413 
82 82 
82 82 217 
282 282 
339 339 
358 
55 55 69 236 344 
268 304 
40 125 125 
64 87 248 408 
41 41 354 
262 
325 325 
374 374 394 394 394 408 


233 276 276 471 
22 26 26 194 224 271 271 288 408 
39 39 44 44 44 44 227 227 231 231 402 428 477 477 511 
41 41 85 224 224 272 272 450 450 498 
318 318 318 318 318 439 439 
76 228 228 239 239 239 364 364 
354 
138 
329 
239 
220 413 
132 132 
233 233 390 390 402 
95 471 
23 290 
31 
344 
334 413 
413 
288 401 401 478 
206 283 300 415 
28 183 455 

222 222 
367 367 
92 220 413 413 444 444 
28 28 178 
14 16 32 32 41 41 52 70 78 81 105 112 137 137 137 258 258 267 289 289 292 324 338 354 354 366 399 415 415 415 426 426 446 456 488 490 
126 473 
245 
413 
477 510 
2 28 
105 
14 56 236 236 267 285 304 
40 40 67 101 101 125 140 236 281 421 
43 43 65 66 66 66 362 413 413 479 479 
158 483 483 
55 101 204 267 267 471 471 471 
8 77 77 350 373 373 
100 100 367 496 
5 5 86 386 508 
76 337 337 354 

236 303 303 415 
12 12 224 

107 107 195 267 268 381 471 

177 
423 478 509 509 

328 
344 
432 432 
233 
2 2 116 
215 314 
214 
102 
143 
3 409 
39 39 274 402 402 454 
167 182 413 413 444 

35 119 119 122 180 180 314 314 314 341 341 376 376 413 413 413 483 
329 329 
158 160 160 202 
5 5 53 53 393 419 441 441 462 462 462 
292 
159 159 257 343 
76 162 162 245 
258 258 409 509 
275 415 
159 159 
294 485 485 
7 157 169 169 212 271 271 374 374 375 442 505 
358 358 503 
487 
56 60 83 104 104 117 129 138 147 191 191 192 201 259 267 275 278 283 283 351 432 432 438 460 487 
83 83 83 408 408 408 408 

162 162 162 166 405 
476 496 
39 39 39 62 62 268 268 
76 
311 
325 325 
186 228 426 

110 266 266 271 288 288 462 462 462 
150 408 505 505 
40 
442 442 468 468 
65 
445 
330 
283 415 
53 85 85 385 385 385 
354 354 
227 305 305 391 392 
70 70 184 184 229 229 
236 441 

329 
76 152 364 
31 
334 379 
389 
37 247 247 
39 39 39 184 191 195 195 204 236 268 291 356 356 468 471 
148 204 241 241 267 
392 392 415 
457 457 
7 9 9 158 158 233 233 247 282 287 327 339 354 354 374 391 401 401 401 408 412 427 450 
160 160 281 281 400 
5 5 354 354 354 475 
22 219 463 463 
230 236 
157 157 
365 
50 50 50 50 236 
5 70 70 
308 308 308 314 314 314 314 449 
67 192 272 272 296 493 
144 144 271 427 427 427 
177 236 236 254 415 415 
46 46 
191 449 
413 413 
17 271 
158 176 247 247 478 
81 184 184 341 
23 97 171 480 480 
267 426 
14 76 184 226 

232 397 397 408 

68 281 425 
25 25 408 408 
347 
413 
100 177 
339 339 395 428 
39 39 485 485 
201 201 
148 191 
257 257 343 482 
87 370 408 408 
354 354 396 465 
280 280 280 
35 35 

243 424 
440 
8 8 8 345 345 345 
76 76 77 77 122 214 222 222 222 280 280 280 280 384 413 413 413 418 446 446 446 449 449 481 481 481 
31 73 94 94 354 465 465 486 
344 
413 
16 161 161 161 161 161 324 
354 




41 184 318 
153 153 244 244 358 358 
358 358 
271 375 487 
209 
136 165 223 223 261 
39 62 253 428 430 
22 
413 413 

174 264 413 413 

76 486 
199 199 
184 415 
20 46 145 145 271 301 301 381 452 452 
92 
222 222 289 

227 305 401 401 
38 49 147 173 210 316 432 
52 52 141 313 313 313 
76 76 80 
298 421 421 506 
84 

8 8 196 
236 432 456 456 
402 402 
76 104 456 456 
76 99 134 151 163 184 184 199 256 256 271 271 273 273 273 307 307 315 319 411 450 462 462 475 475 484 508 

267 267 
367 431 
6 6 6 38 89 90 141 141 141 146 234 234 325 325 326 326 413 413 
61 81 81 

76 76 
65 65 193 
141 
118 162 162 262 
277 415 503 
70 184 
114 181 181 197 357 
401 
71 
87 306 408 
68 
36 
196 196 
67 154 154 233 233 271 408 442 
233 327 408 505 
222 222 
53 393 393 419 458 
474 
103 264 
134 134 
0 46 64 64 139 139 204 339 408 408 

415 415 432 432 
314 
255 255 255 
198 449 

487 
22 22 81 130 130 265 496 496 
169 169 
257 271 442 
257 269 269 
225 377 377 
81 81 154 154 154 
46 301 
307 
58 58 294 294 480 480 480 480 
445 445 
41 184 
272 
176 176 271 271 271 343 343 368 
39 39 159 169 219 219 352 352 
412 
6 92 432 432 
39 39 94 239 
37 
413 
104 104 104 150 154 158 237 237 237 237 248 271 294 297 297 306 306 370 374 375 381 381 437 437 492 492 
218 229 
76 419 
354 
271 403 
35 35 45 45 76 76 77 77 77 119 141 141 141 167 174 175 182 182 187 193 193 220 220 222 222 222 286 286 299 314 314 314 317 332 332 334 334 358 358 407 439 448 448 494 494 500 
22 108 
37 57 177 184 184 184 201 230 254 269 283 283 338 365 383 383 432 463 463 


27 314 
28 116 225 377 410 
18 98 441 
192 347 347 
77 
207 
311 
296 
184 184 245 291 
271 282 282 282 
159 301 330 

62 330 
357 496 
211 211 236 236 344 351 383 383 404 404 415 460 

456 456 
79 449 
22 22 
408 408 477 
236 
161 161 413 
76 312 
1 1 18 48 98 225 225 259 420 
233 250 250 374 391 

182 182 220 
41 252 398 398 
56 56 56 184 314 314 314 
69 
106 128 413 413 
76 76 280 285 314 314 386 435 467 467 
41 41 160 160 271 354 462 

339 339 464 464 

124 219 
17 178 
76 184 351 351 353 353 434 434 
41 41 270 270 
377 
47 47 
236 432 
22 469 
225 225 225 247 247 247 354 354 450 
274 274 415 415 
452 452 470 470 
307 315 315 487 
72 
449 449 
250 250 267 
461 
464 464 
101 157 170 195 195 195 204 267 

185 
56 56 56 378 
273 354 354 
10 100 240 496 
159 159 188 437 
76 176 207 288 
65 193 193 
127 127 290 290 397 397 397 397 
314 314 314 
305 
194 194 222 
354 
39 232 232 302 302 
31 31 31 120 315 336 
29 56 235 236 327 388 465 
184 
31 120 120 
51 83 83 83 83 184 
126 
41 408 408 
3 3 281 
413 413 

3 197 240 389 389 431 476 497 
22 496 
160 
92 
413 
4 54 54 

234 365 
48 
233 248 248 375 
347 
104 104 
5 198 354 
207 207 229 
188 
159 
