nodes: 512 edges: 939
134 381 381 

91 111 182 182 213 213 213 
218 271 271 496 
387 501 501 
37 37 37 48 50 88 198 225 279 307 346 443 508 508 
95 299 358 358 358 358 404 
233 233 271 
196 313 
271 

264 264 
184 184 184 271 
76 
117 117 184 292 
182 
105 105 
287 287 455 455 
441 

46 339 
31 
108 108 108 115 158 274 389 436 461 461 
32 
361 
297 297 
158 163 163 163 408 
78 346 346 418 418 
178 183 183 189 213 
56 
180 222 222 483 
21 120 172 184 184 315 315 354 489 489 
23 184 
57 67 192 
37 383 
76 210 210 309 413 
105 106 106 
5 5 5 34 266 415 

159 159 159 163 219 219 267 267 267 302 402 405 477 477 
149 192 236 236 
85 85 99 151 151 160 195 354 354 399 399 450 492 

193 
137 137 137 159 159 205 433 
76 
20 64 284 284 339 381 381 381 
63 459 
5 504 

5 400 400 400 
83 
345 
83 225 377 
76 76 299 
147 195 195 277 
29 129 236 304 487 
33 254 466 
294 397 397 
444 444 
236 
81 359 
241 241 241 330 
47 463 463 
46 150 150 381 381 
479 
193 193 193 
33 94 94 101 192 192 347 
169 233 296 
344 344 
279 345 
330 330 330 369 
325 358 358 466 
94 178 315 
123 123 
463 463 
13 35 45 54 54 78 207 228 229 229 245 314 314 336 346 353 353 354 354 354 360 361 364 413 413 413 440 440 449 449 456 478 
314 314 413 422 
27 76 92 92 

95 95 221 314 346 346 346 418 
61 113 113 184 261 289 289 289 329 389 394 495 495 
142 
51 53 237 237 490 490 
85 312 312 348 348 
41 41 84 160 160 255 255 312 312 
508 
150 306 
5 
358 

2 183 
78 78 182 182 340 340 404 413 413 499 499 

67 67 73 263 315 324 
6 80 80 170 
314 314 314 
246 
420 
41 354 354 
300 
67 192 192 471 
135 136 136 216 
146 146 379 379 
236 236 236 353 408 408 408 408 
16 16 36 106 184 184 190 
36 36 105 448 
186 186 322 322 
22 22 22 115 414 
199 
401 401 
2 182 
184 
81 81 508 
367 
22 108 
415 415 419 
14 14 136 136 136 184 236 236 
364 
122 122 222 222 413 
31 489 489 

119 119 222 222 
74 74 
454 474 
149 149 
185 185 185 491 

413 
56 195 275 

454 
168 168 
381 
0 354 
102 
102 102 117 117 117 329 
44 44 44 246 
164 

320 
345 358 358 363 413 413 
82 389 
217 
282 

103 103 379 379 
55 236 344 
268 268 268 268 304 
40 125 125 250 
64 64 87 248 408 
41 41 354 

325 325 
271 394 408 
413 

276 
22 26 194 224 271 271 288 408 408 
39 39 39 44 44 227 231 305 402 428 428 
41 85 85 224 312 450 
318 318 413 439 
228 228 228 328 364 
26 26 26 39 
138 

239 477 477 
220 
132 132 413 
68 233 296 296 390 390 
95 471 471 
290 290 
31 424 
344 
222 334 334 334 376 481 481 
407 407 413 
288 437 478 
283 283 381 415 415 
28 73 183 
356 
30 222 
310 310 310 367 367 
2 2 15 92 92 111 363 404 413 413 444 
28 28 91 178 
12 12 12 14 31 31 32 81 105 105 112 117 202 202 202 202 221 236 236 258 258 260 267 267 289 292 292 307 324 354 354 399 399 409 415 415 415 426 446 446 451 451 456 456 465 488 490 
126 126 126 473 
107 107 245 
413 413 
510 
28 
105 372 
236 267 285 304 304 
33 40 67 67 101 101 236 236 281 281 281 306 378 421 
43 66 66 66 286 358 358 358 362 413 413 500 
158 483 
41 55 55 129 204 236 444 471 
8 290 290 350 413 422 
367 
5 
109 337 337 337 337 

236 303 415 
184 184 184 184 224 
287 
195 268 268 471 
44 433 
300 
76 423 509 
438 
328 
35 35 309 
432 432 
310 
2 2 2 28 221 

467 467 
102 
143 
3 
39 39 232 274 402 402 454 454 
167 444 444 
80 184 213 507 
30 30 119 119 122 122 174 180 314 314 376 413 413 483 483 

158 160 202 313 
5 53 393 393 458 458 458 462 462 

159 
76 162 162 162 245 411 
76 76 258 258 258 295 299 
303 346 415 
159 
219 454 485 485 485 485 
7 7 68 169 238 271 271 375 375 442 
358 503 

40 40 56 60 104 104 104 117 117 147 184 184 191 192 192 195 201 237 237 267 267 275 275 275 344 356 432 432 438 487 
83 83 236 236 408 408 
233 
166 
476 476 496 
62 62 62 268 268 

311 413 424 424 494 
358 
76 186 228 426 
97 137 
266 271 271 288 462 462 
150 408 505 

149 374 374 417 442 468 468 


330 
57 283 283 338 338 415 
85 85 385 385 

477 
184 184 229 229 229 
462 462 
184 
81 
364 
94 315 
11 11 385 
389 389 
37 247 271 
39 39 39 184 184 191 236 236 268 356 468 471 471 
148 148 148 148 204 204 241 241 267 
392 392 
286 457 
3 3 7 9 12 154 158 158 233 233 247 247 266 287 327 339 339 339 354 354 354 374 377 377 403 408 408 427 427 442 450 453 
281 
354 453 
22 219 434 463 463 463 
129 236 236 236 
157 
55 365 

5 70 357 
314 449 449 
192 192 192 272 296 296 493 
144 
177 177 254 254 415 415 
46 46 
191 449 449 
193 270 
17 17 203 271 
158 176 247 478 
81 81 81 184 341 
171 171 196 196 480 
426 
14 184 184 
408 408 
58 408 408 480 
229 
68 169 169 281 281 425 
25 25 408 

6 54 229 385 
100 206 
395 395 
39 485 
201 230 
56 148 191 191 487 
159 343 
87 192 408 
5 184 354 396 

35 210 
181 181 181 212 
243 424 
84 84 85 85 160 
8 224 345 345 345 
76 76 77 77 80 96 96 96 222 222 280 317 317 317 317 354 384 398 413 413 418 418 429 429 446 446 467 467 
31 31 73 94 263 336 336 465 486 
444 444 444 
314 314 314 314 413 413 
161 161 324 
354 354 354 
140 
323 
107 107 
321 
94 184 318 
72 153 153 358 
358 358 466 
271 375 
162 209 
81 136 
62 71 71 71 253 369 430 
511 
407 413 413 

174 174 174 413 

76 315 315 486 
199 199 199 199 
254 254 
20 46 271 271 271 381 381 381 408 408 427 452 
92 92 353 
289 

305 401 401 
69 69 147 173 236 
52 70 141 313 313 313 
5 27 27 76 80 80 80 230 459 
67 421 421 421 506 
84 84 

196 
432 456 456 
405 
76 76 104 340 456 
31 41 41 76 76 76 99 99 134 151 184 184 271 271 271 273 307 314 319 319 319 411 450 450 462 462 475 502 508 508 

179 236 267 
279 431 496 
6 6 6 6 72 72 89 141 141 193 193 193 234 244 325 326 326 413 413 466 503 
61 
76 
24 76 
193 
141 182 
76 118 162 262 
277 415 415 503 
443 
114 181 181 197 
391 
71 330 


190 

250 250 271 408 417 442 442 
233 233 327 408 408 
174 222 
53 271 271 393 393 393 458 
192 
103 103 146 146 

0 0 46 46 46 64 64 133 177 339 339 339 408 408 
413 
34 415 415 432 
314 449 
255 255 264 299 413 413 413 

4 454 
487 
22 81 142 265 265 496 497 
169 169 
368 
269 269 
225 225 377 377 377 
81 154 
301 301 
307 
58 58 480 
314 445 
41 41 184 184 
50 50 50 
110 110 343 343 
39 159 219 219 
271 412 427 
6 92 182 432 
39 352 

175 175 332 
26 104 104 104 104 150 154 158 158 237 237 248 271 271 293 293 294 294 297 306 339 339 374 375 375 381 381 492 492 492 
184 
419 
228 354 
403 483 483 483 
35 76 76 76 77 92 92 119 128 141 141 155 161 168 175 182 182 187 187 193 193 196 222 222 243 314 314 317 317 332 332 334 358 358 382 385 385 385 439 
108 
37 116 116 177 177 184 184 184 201 230 254 283 283 365 365 383 383 463 463 463 

250 374 
27 27 80 314 314 
116 410 
98 441 441 
192 347 347 347 
77 196 
207 
172 243 243 311 
296 
184 245 291 464 
271 271 339 403 
159 159 
314 314 
330 
357 496 496 
211 211 236 236 351 383 404 
44 205 
274 456 456 
449 
22 
176 
208 236 
161 413 
76 76 
18 420 420 
233 250 271 374 374 
5 366 
59 59 182 195 220 220 316 316 316 
398 
184 184 314 314 

106 
76 76 280 280 285 285 384 435 
41 160 271 354 354 462 
184 184 
339 464 464 
271 273 
124 131 219 219 232 387 
17 17 
76 184 184 351 351 353 434 434 
270 
225 225 225 377 
47 346 

22 22 469 497 497 
225 225 247 247 259 259 354 354 450 
63 63 75 75 274 274 274 415 415 415 
426 452 452 470 470 
184 315 487 
57 72 326 358 
215 215 314 314 
250 250 267 
461 511 
464 464 
101 170 170 195 204 267 267 
475 
185 
124 487 
354 472 
240 240 
39 39 166 166 257 
76 176 288 
65 501 
290 294 397 
174 174 

30 194 222 222 412 412 412 

232 232 232 232 302 
315 336 489 
56 236 304 388 465 474 
184 
31 31 120 120 486 
83 83 184 
126 
41 408 408 408 
281 
243 
81 81 
3 240 357 389 431 431 497 
389 461 461 496 

92 92 
193 
4 4 479 
354 
234 358 365 
48 
248 
347 
221 
5 5 86 113 354 354 
207 
188 
331 469 
