nodes: 512 edges: 1570
134 134 
441 441 
28 91 91 111 111 111 213 
218 218 218 271 271 496 
387 387 454 454 501 501 501 
34 37 37 48 50 88 88 198 198 225 225 273 273 279 279 279 346 354 441 508 
95 95 95 299 358 358 358 404 
233 271 
196 224 224 313 350 350 

476 476 476 
264 
184 184 297 297 297 297 
76 
117 184 292 292 
182 182 195 
105 105 105 105 184 318 318 318 318 318 507 
287 287 455 455 
105 105 441 441 
237 
46 46 339 339 339 371 371 371 371 371 
31 31 31 
108 108 108 115 115 115 158 274 389 389 414 414 436 436 461 
171 290 
76 76 
297 
158 163 163 163 163 408 408 
78 78 346 418 418 418 418 
2 178 178 178 183 183 183 419 419 
56 56 487 487 487 
122 180 180 180 222 483 483 483 
21 21 21 120 172 172 184 263 263 263 315 354 354 486 486 489 489 
184 
67 67 192 306 
5 
76 222 222 309 413 
105 106 372 372 372 
5 5 108 108 266 266 266 266 400 406 406 415 415 
344 
62 62 159 159 159 163 163 218 219 219 219 231 231 241 267 267 267 302 302 302 402 402 477 485 485 
149 192 236 236 249 
85 85 99 105 137 151 151 151 160 160 160 184 184 324 324 354 354 398 399 450 450 450 457 492 492 492 
323 
193 193 
137 137 159 159 159 159 205 433 433 
76 413 439 439 
20 20 64 284 284 339 339 339 381 381 395 395 
229 459 459 459 
5 504 504 
344 
5 278 278 278 278 400 400 
83 490 
184 184 184 184 345 345 
83 83 83 225 
76 76 109 299 501 501 
147 147 195 195 236 236 236 
29 29 191 191 304 408 446 446 474 474 487 487 
254 254 415 415 466 466 466 466 
294 397 397 397 397 
444 
236 236 236 252 
81 81 81 359 
39 39 241 330 430 
75 75 75 75 383 383 463 463 
46 150 150 221 381 
193 251 251 251 362 362 416 479 479 
193 193 193 193 
33 33 94 94 94 94 101 101 101 347 
169 371 
236 236 236 
184 184 246 258 258 279 279 279 345 345 
330 330 330 369 
358 466 
94 94 178 315 
123 123 123 141 141 141 
63 63 63 63 383 463 463 
13 24 24 35 45 54 54 78 107 107 186 186 199 229 242 242 245 292 314 314 314 336 336 336 346 346 353 353 353 354 364 410 413 413 413 413 440 440 440 449 449 449 449 449 456 456 478 478 478 
122 314 314 413 413 422 
27 27 76 92 92 92 184 
351 
95 95 221 221 221 221 314 314 346 346 418 418 
61 61 61 82 82 184 184 261 261 289 359 389 389 394 495 
81 81 142 142 143 143 329 329 329 389 
51 53 53 53 236 236 237 490 490 490 490 490 
85 85 312 312 348 348 
41 41 84 84 160 255 255 312 312 335 348 
198 198 386 508 
150 150 306 
5 5 
358 
173 358 358 
2 2 183 
78 78 78 182 182 340 340 404 404 404 413 413 413 499 499 
236 
67 67 67 67 73 73 263 324 
6 6 6 80 80 164 170 

246 246 246 290 
420 441 441 
41 354 354 
197 197 300 476 496 496 
67 67 67 192 192 192 195 195 
117 135 135 135 135 136 136 216 216 289 289 
146 379 379 425 425 
236 236 237 408 408 408 408 507 
16 16 16 16 18 18 36 41 106 106 106 184 184 190 190 
36 105 105 105 190 448 448 448 
76 76 186 204 322 322 322 322 
22 22 22 37 37 115 115 414 
54 199 199 
247 247 401 
2 2 2 
184 184 
508 
367 367 367 
22 22 22 108 108 
213 213 419 
14 102 125 125 135 136 136 136 184 230 236 236 236 
364 364 
122 222 222 222 413 
31 486 486 486 489 489 489 

30 77 119 222 222 314 
74 74 74 
188 454 454 474 
117 117 136 136 149 149 192 
185 185 185 491 
480 
413 413 413 448 448 
191 191 275 
389 
454 454 
168 

0 0 380 
102 102 102 102 117 
102 102 117 117 117 125 125 
41 44 44 184 184 184 354 
164 164 164 415 
381 
320 
74 74 74 345 345 345 358 358 363 363 363 363 413 
82 82 
82 82 217 217 217 
282 
339 339 
103 379 379 379 
55 55 344 344 344 
268 268 268 304 304 
40 125 125 250 250 417 417 
64 64 87 87 248 248 408 
41 41 41 354 
292 292 292 364 364 
325 
374 374 394 394 394 408 408 408 408 408 
413 413 
465 
276 276 471 
22 26 194 194 224 224 224 271 271 288 288 288 408 408 
39 39 39 44 44 44 44 227 227 227 231 231 231 305 330 330 428 469 477 477 477 
41 41 41 85 224 224 272 272 272 312 312 312 450 450 
318 318 318 413 413 413 439 
228 228 228 228 239 239 322 364 364 364 
26 26 26 26 39 39 354 
95 138 138 138 
329 329 
239 239 239 
220 220 220 
132 
68 233 296 296 390 390 390 
95 471 471 
23 290 
31 31 424 424 424 
90 344 
334 376 413 413 413 
413 
288 288 401 401 401 437 478 
283 283 381 415 415 415 
28 28 28 73 183 

30 30 30 222 
310 310 310 367 367 
15 15 92 92 220 220 404 404 413 444 
28 28 28 91 178 
12 12 14 16 31 32 41 41 52 52 52 52 70 70 78 81 81 105 105 112 112 117 137 137 137 202 202 202 221 221 236 236 258 258 258 260 260 267 267 267 284 284 289 292 292 292 307 307 324 324 324 338 345 354 354 354 355 366 366 399 399 399 399 409 409 409 415 415 426 426 426 446 446 456 456 456 465 488 488 490 490 
126 126 126 491 491 
76 76 107 245 
193 413 
124 477 477 510 510 510 510 

105 105 106 372 372 
56 56 129 129 236 236 267 268 285 304 304 
33 40 101 101 101 125 236 236 281 281 281 
43 43 65 66 66 66 66 187 286 362 362 479 500 
158 158 483 483 483 483 
15 55 55 101 101 204 236 236 267 444 471 471 471 
8 200 290 350 350 373 413 413 413 
100 100 367 367 496 496 
5 5 86 86 386 508 
76 109 109 337 337 337 337 354 
196 
236 236 303 303 303 303 415 415 
184 184 184 224 

107 195 267 381 471 
44 433 433 
264 405 
337 423 478 509 


309 344 
432 432 432 
310 310 
2 116 116 
215 215 314 467 
214 214 413 413 413 413 413 467 
102 102 
143 143 143 
3 3 3 39 409 
39 39 39 232 232 232 232 274 274 284 402 402 402 454 454 454 
167 167 167 182 182 413 413 413 444 444 
64 80 80 80 80 184 184 507 507 507 
30 35 35 119 119 119 122 122 180 341 341 376 413 483 
329 329 
8 8 158 158 158 160 160 202 313 313 
5 5 53 278 419 441 462 462 462 462 
292 
159 159 159 257 305 305 343 
162 162 162 162 245 411 
47 76 258 258 295 299 409 509 
117 275 275 303 303 346 415 415 
39 39 159 159 159 
219 219 219 219 485 485 
7 169 238 238 271 271 271 296 374 374 442 505 
244 358 503 
375 487 
40 40 55 55 55 60 60 60 69 69 69 83 83 93 104 104 117 117 117 184 184 191 191 192 192 195 195 201 201 237 237 237 267 275 275 283 283 351 351 356 356 432 432 432 438 460 487 487 
19 83 104 236 236 236 408 408 408 
233 233 374 374 
162 162 166 166 166 342 405 405 
321 476 
39 62 268 268 268 268 268 
76 76 
311 311 424 424 494 
234 325 325 325 358 
76 186 228 426 
70 97 97 97 
110 110 266 266 266 266 271 271 288 462 
150 150 408 505 505 
40 
149 149 374 374 374 374 374 468 468 
65 65 65 413 479 
60 445 
330 330 
57 57 283 283 338 338 338 338 338 415 
85 85 385 385 385 508 
354 354 
227 305 391 477 
70 70 184 184 184 229 229 409 
441 462 462 462 462 
184 184 
81 81 329 329 505 505 505 
410 410 410 410 410 
31 31 31 94 315 315 
11 206 334 334 385 385 
389 
37 37 37 37 247 247 247 247 271 271 
39 39 39 184 184 184 191 195 204 236 268 356 356 471 471 471 
148 148 148 191 241 241 241 241 241 267 
392 392 392 392 392 415 
457 457 
3 3 7 158 158 233 233 233 247 247 266 266 282 282 327 327 339 339 354 354 374 377 377 377 401 401 403 408 408 408 412 427 453 
160 160 160 281 281 281 281 400 
5 5 354 354 354 354 453 475 475 
22 219 219 463 463 463 463 
129 230 230 236 236 
157 157 
365 365 365 365 
50 50 50 50 225 
5 5 5 70 70 70 
314 314 314 449 449 
192 192 192 272 272 272 272 296 296 296 298 298 298 
144 271 271 427 427 
177 177 236 236 254 254 415 415 415 484 
46 46 184 184 219 
191 
193 413 413 
17 17 
158 158 158 176 176 247 478 478 478 
81 102 102 184 341 341 
23 97 171 196 

14 14 76 152 152 152 184 184 184 226 
408 408 
58 397 480 480 480 480 
229 
169 169 233 281 281 281 425 
12 12 12 12 25 408 408 
281 281 281 347 
6 54 229 385 385 413 
100 
395 395 428 428 428 428 
39 39 39 485 485 
201 201 201 201 230 230 
56 148 148 191 191 487 
159 227 227 257 343 343 343 343 392 482 482 
33 87 370 370 408 408 408 
184 184 354 354 396 396 396 465 465 
467 467 479 479 
35 210 
181 181 181 212 212 
243 243 424 424 
84 84 85 85 160 160 160 
8 224 224 345 345 345 
76 76 76 77 77 80 80 122 214 280 280 280 317 317 349 349 354 354 354 384 398 398 413 418 429 429 434 434 446 446 446 449 449 455 467 467 481 
31 73 263 263 336 336 465 465 465 465 486 
344 444 
314 314 398 398 413 413 
16 16 16 16 16 161 161 161 

140 
240 323 323 
107 107 107 107 162 
42 321 321 359 
41 41 94 184 184 184 
153 244 244 244 358 
358 358 358 358 466 
271 271 375 408 
346 
82 82 82 165 165 223 223 261 261 
62 71 71 71 159 159 253 253 428 430 
511 511 511 511 
407 413 413 
413 
174 264 264 385 
85 
76 76 76 315 315 486 
199 199 199 199 207 
184 254 254 254 254 254 415 415 
20 20 20 46 46 46 145 145 271 271 381 381 381 408 427 452 452 470 470 
92 92 
222 222 289 289 
239 405 
227 305 305 305 305 401 
38 49 147 147 147 173 210 316 432 
52 52 70 70 141 141 141 184 313 313 313 475 
5 27 76 76 80 80 230 328 459 459 
67 298 421 421 421 421 493 506 506 506 
84 84 85 
314 314 384 429 
8 8 196 196 
79 236 236 432 432 432 456 456 456 456 456 
360 402 405 
76 76 76 456 
5 31 31 41 41 76 99 99 137 151 163 184 184 184 199 256 256 271 271 273 273 273 273 307 307 314 314 314 380 411 450 462 475 475 484 490 490 502 508 508 
184 
236 236 267 267 
367 367 431 431 496 
6 6 6 72 89 90 90 141 141 234 244 325 326 326 326 326 413 413 413 466 466 503 503 503 
61 81 323 
352 

65 65 193 193 413 
141 141 141 141 
76 118 118 152 152 162 162 162 
277 277 277 277 503 
184 184 443 
114 114 114 181 181 197 197 357 357 
391 401 
71 
306 306 408 
20 20 20 20 20 68 
36 36 36 190 190 
196 
154 154 233 233 238 238 250 250 250 250 250 271 408 408 417 417 442 
235 327 408 408 408 505 
174 222 
271 271 271 393 393 393 458 458 
471 
103 103 146 146 146 
134 354 502 
46 46 64 139 177 204 339 339 339 395 395 408 

63 63 75 415 415 432 
314 349 449 449 
255 255 255 264 264 299 299 334 413 413 
86 198 449 
4 4 454 
487 
22 22 81 81 82 130 265 496 
169 169 169 
257 368 
269 269 269 269 269 305 
377 377 377 
81 154 154 154 495 495 
46 46 301 301 381 381 
307 307 307 
58 58 58 58 294 480 480 480 480 
41 314 314 317 317 445 445 445 
41 184 184 184 184 
37 50 50 272 
110 176 176 176 271 271 343 368 
39 39 219 219 219 352 
271 412 412 412 412 412 427 
6 92 92 92 182 182 432 432 432 432 432 
206 239 239 342 352 
37 37 
332 
26 26 56 104 104 104 104 150 154 154 154 154 154 158 158 237 237 237 248 271 271 271 293 293 297 297 306 306 306 327 339 370 374 374 375 375 375 381 412 437 470 492 492 492 492 
184 184 184 218 229 258 466 
76 262 262 262 262 262 
228 354 
271 403 403 403 403 403 408 483 483 483 
35 45 76 76 76 76 77 77 92 92 92 119 128 128 128 141 155 155 161 161 161 174 174 174 175 182 187 196 196 196 215 215 215 215 215 220 220 220 222 251 286 286 299 314 317 317 332 332 333 358 358 358 362 385 385 439 448 500 500 
22 22 108 
37 37 57 57 138 177 177 177 184 184 201 201 230 230 254 269 283 283 283 338 338 383 383 432 432 463 463 463 463 
65 
149 149 374 374 
27 27 27 27 80 80 314 434 
28 28 116 225 
98 441 441 
347 347 347 347 
77 
207 
172 172 172 243 243 311 311 
103 103 296 
184 184 184 245 
271 282 282 339 403 
159 301 301 301 301 330 
314 314 349 
62 330 
357 357 496 
211 211 211 236 236 236 344 351 351 351 383 404 404 404 404 404 415 415 460 
44 44 205 205 
314 314 418 456 456 

22 22 
176 408 
236 
45 45 161 413 
76 76 76 
1 1 5 18 18 98 98 225 259 420 420 
233 374 
366 
59 182 195 220 220 316 
252 398 398 398 
56 56 184 184 314 314 314 

106 106 106 128 128 413 
76 76 76 76 76 280 280 314 314 384 384 386 467 500 
41 41 41 160 160 354 462 462 

339 339 464 464 
271 273 
4 4 124 124 131 131 219 219 219 387 
17 17 314 
76 76 184 184 184 351 351 351 351 351 353 434 434 491 491 
41 270 270 
377 377 
47 47 47 346 346 
236 432 
22 469 469 497 
225 225 225 225 247 259 259 259 259 354 450 450 
63 63 75 75 274 274 274 274 415 415 415 415 
452 452 470 470 
156 184 307 307 315 315 315 315 
57 57 57 57 72 326 358 358 409 
214 215 308 308 314 314 449 479 
250 250 
159 461 461 
339 339 408 464 464 
157 170 170 195 195 195 204 267 267 267 378 
475 

56 56 124 505 
273 273 345 354 354 472 
10 10 10 100 240 496 496 
39 159 159 159 188 188 257 
76 76 76 176 207 288 288 288 
65 65 193 251 308 308 467 
127 294 294 294 294 397 397 397 397 
314 
305 305 
30 30 30 194 194 194 194 222 412 412 412 
283 354 
39 39 232 232 302 302 
31 31 120 120 120 315 336 489 
29 29 29 56 56 235 236 236 304 388 
184 184 
31 31 120 120 120 486 
51 83 83 83 83 83 184 184 354 354 
126 185 185 456 456 
41 41 41 408 408 408 408 
347 
243 
81 394 394 
3 100 100 197 197 357 389 431 476 476 497 497 
461 496 496 

92 92 
193 413 413 449 
4 4 4 54 54 
354 380 508 
234 358 358 358 365 
48 48 
233 248 248 261 261 261 375 474 
347 347 347 
16 104 221 221 221 
5 86 113 198 255 354 354 502 
207 229 
188 188 188 188 
331 331 331 331 
