nodes: 512 edges: 1570
134 134 134 
441 441 
28 91 91 111 111 182 182 213 213 213 213 
218 218 218 218 271 271 271 493 496 
387 387 454 454 501 501 501 501 
34 37 37 48 50 88 88 88 88 225 273 273 279 307 441 443 443 508 508 
95 95 95 299 358 358 
233 233 271 
196 196 196 210 224 224 313 313 350 350 
271 271 
476 476 476 
99 264 264 
184 202 202 202 297 297 
76 456 
117 117 117 136 184 292 292 292 292 
182 
105 105 105 105 184 184 318 318 318 318 
169 287 287 287 455 455 
105 105 105 105 420 441 441 

46 46 46 339 339 371 
31 
108 115 115 274 274 274 274 389 389 414 414 436 436 461 461 461 497 

76 76 361 
297 
158 158 163 163 
78 78 78 418 418 418 
2 178 178 178 183 183 183 189 419 
56 487 487 487 
483 
21 120 172 184 184 263 263 263 315 315 354 354 486 489 489 
184 184 
67 192 306 
5 37 37 37 383 
76 210 222 222 309 309 413 
105 105 106 372 372 372 372 372 
5 5 34 34 34 108 108 108 266 266 266 406 406 415 415 
344 358 358 358 
62 159 159 159 163 219 219 219 231 241 267 267 267 330 402 402 405 477 477 477 
149 192 192 236 249 249 
85 85 99 99 105 137 151 151 184 184 324 354 354 354 398 399 445 445 450 457 457 457 498 
323 
193 
159 159 159 205 205 433 
76 196 413 413 413 439 439 
20 20 20 64 284 284 284 339 339 381 381 395 
48 63 346 346 459 459 459 
5 47 441 504 504 504 
344 344 
5 278 278 400 400 400 
83 490 
112 184 184 184 345 
83 83 83 83 225 225 255 255 255 255 337 
109 109 299 299 
147 147 147 147 195 195 195 236 236 
29 191 236 236 304 408 446 446 474 
254 254 254 415 415 
294 397 397 397 
444 444 444 
236 
81 81 81 359 
39 241 241 241 330 330 330 430 430 
47 75 100 383 383 463 463 
46 150 150 150 221 381 381 
251 251 251 362 416 479 479 479 479 
193 193 
33 94 94 94 94 101 101 101 101 192 281 347 
169 169 371 371 
236 344 344 
184 246 246 258 258 279 279 345 
330 
325 325 325 466 466 
315 315 
123 123 123 123 141 141 141 
63 383 383 463 463 
13 24 24 35 45 78 78 107 107 186 186 199 199 199 207 208 229 229 242 242 245 245 262 314 314 336 346 346 346 353 353 354 354 361 361 361 413 413 413 413 440 440 449 449 449 449 456 456 478 478 
122 122 122 122 122 314 314 422 
27 27 27 76 76 92 92 92 184 
435 
95 95 221 221 221 221 314 314 346 346 346 418 418 
61 61 61 82 113 113 113 184 184 184 261 261 289 359 359 389 389 389 394 495 495 
81 121 121 142 142 143 143 143 329 329 329 389 
51 53 53 53 53 236 237 237 237 490 490 
85 122 312 348 
41 41 84 160 160 255 312 335 348 437 
198 198 386 386 386 498 508 
150 150 150 150 306 306 370 
5 5 5 5 
358 

2 2 
78 78 78 340 340 404 499 
236 
67 67 67 67 263 315 315 315 
6 6 6 80 80 164 
314 
246 246 246 290 290 
420 420 420 441 441 
11 41 41 354 354 354 450 
63 197 300 496 496 496 
67 67 67 67 192 192 192 195 249 471 471 471 
117 117 117 135 135 135 135 136 136 136 216 289 289 341 
146 146 379 379 379 425 425 425 
236 236 236 236 237 408 408 408 
16 16 16 16 18 18 18 18 36 36 41 106 106 106 184 184 190 190 190 
36 105 105 105 190 404 448 448 448 448 448 
76 76 186 186 204 
22 37 37 37 115 115 115 414 414 
54 54 199 199 
401 
2 2 182 
52 184 184 184 
81 81 81 
367 367 367 
22 22 108 108 108 
129 213 213 213 415 419 419 419 
14 14 14 102 102 102 125 125 135 136 136 136 136 184 184 184 236 236 
364 
122 122 222 413 413 
31 486 486 489 489 
82 82 
77 77 77 77 77 84 119 119 
74 74 74 74 

117 117 136 136 136 149 192 
185 185 185 491 
480 480 480 
413 448 448 
116 191 191 195 236 280 
389 

168 
381 
0 0 0 380 
102 102 102 102 117 
14 102 102 102 117 117 117 117 125 125 125 329 
41 184 184 184 246 354 
164 236 415 
381 381 
192 320 320 
74 74 74 345 345 345 358 358 363 363 363 413 
82 82 389 
82 82 82 217 217 
282 282 
339 
103 103 358 379 
55 55 55 55 236 344 344 344 
191 268 268 268 304 304 
40 125 417 
64 64 64 87 87 87 87 248 248 248 408 
41 41 354 
262 292 
325 
394 408 
413 
465 
233 276 
26 26 224 224 224 288 288 408 408 408 
39 39 39 44 44 44 231 305 330 330 402 402 402 428 469 477 477 511 
85 85 224 224 224 224 272 312 312 450 
318 318 318 413 439 
228 228 228 228 228 239 239 239 322 364 364 
26 26 39 354 
95 138 
329 329 
239 239 
220 220 220 413 
132 413 
17 68 68 296 390 390 
471 471 
290 
31 424 
210 447 
222 222 334 334 334 334 376 376 413 481 481 
407 407 413 
288 288 288 288 288 401 401 
206 206 206 283 415 415 415 
28 28 28 183 455 
296 

310 310 310 367 
2 2 15 111 220 404 404 413 413 413 444 
28 28 28 178 
12 14 16 16 31 31 32 32 41 41 52 52 52 70 78 81 81 81 105 105 112 112 112 117 117 117 137 137 137 202 221 221 236 236 258 258 260 260 267 267 267 284 284 289 289 292 292 307 307 307 324 324 338 338 345 345 354 354 366 399 399 399 399 409 409 415 415 415 426 446 446 451 456 465 465 465 488 488 490 490 
126 126 126 381 473 473 473 491 
76 76 107 107 

477 477 510 510 510 510 510 
28 
105 105 105 106 372 406 
56 129 129 148 236 267 267 268 285 304 304 
33 40 40 67 101 101 101 125 140 236 236 281 281 306 306 
43 66 66 286 286 362 362 413 413 479 500 500 
483 483 483 
55 55 55 101 129 236 267 267 471 471 
8 8 8 45 290 350 350 373 413 413 
100 367 367 367 367 496 
86 86 386 386 386 508 
76 76 76 109 109 337 337 337 354 

236 236 303 303 303 
12 12 12 184 
287 
107 268 268 381 471 
44 44 433 433 
177 177 177 
76 337 337 337 423 423 509 509 
76 438 
328 328 
8 35 173 309 309 344 
432 432 432 432 
310 310 
2 2 2 2 116 116 116 221 
215 467 
214 413 467 
102 
143 143 
3 3 3 3 
39 39 39 232 232 274 274 274 274 284 402 402 402 454 454 
167 167 167 182 413 444 444 
64 80 80 80 80 184 184 213 507 507 507 507 
35 35 119 174 174 314 341 341 376 376 376 376 413 413 
329 
8 8 158 158 158 160 160 160 160 313 313 350 
5 53 53 393 393 419 441 441 458 458 458 462 462 462 
292 292 
257 305 305 343 343 
162 162 162 162 162 245 
76 76 258 295 295 
275 275 303 303 415 
39 159 
219 219 294 485 485 485 
7 7 157 238 271 271 271 276 374 374 375 375 442 505 505 
358 
375 487 
40 55 55 56 56 60 69 83 93 104 104 104 104 117 117 129 138 147 184 184 191 192 192 195 201 201 237 237 259 267 267 267 275 278 283 283 351 351 356 356 432 432 438 460 487 
83 83 83 104 236 236 408 408 408 408 
233 374 
162 162 162 166 166 342 342 
496 496 
39 62 62 62 268 268 268 
76 76 
311 311 424 424 494 494 
325 358 
76 76 228 
70 70 97 97 97 137 
266 266 266 266 266 271 271 288 462 462 462 462 462 
150 150 150 505 505 505 
40 40 101 
374 374 374 374 417 442 468 468 468 
65 65 65 413 

330 
57 57 57 283 283 338 415 
53 53 53 53 85 385 385 385 
354 
227 305 391 
70 70 184 184 229 409 409 
236 441 441 441 462 462 462 462 
184 184 
81 81 505 505 505 505 
76 152 364 410 
31 31 31 94 315 
11 11 334 334 385 
389 389 
37 37 37 247 247 247 247 247 271 271 
39 39 39 184 184 184 191 191 195 195 236 236 236 268 356 
148 148 148 191 204 204 241 241 241 267 
392 392 415 415 415 506 
286 457 457 457 457 
3 3 3 7 9 9 233 233 233 247 247 266 266 282 282 287 327 327 339 339 354 354 374 374 377 377 401 401 401 403 408 408 408 412 412 427 442 442 450 453 453 
160 281 281 281 
5 5 319 354 354 453 472 472 475 475 475 475 
22 22 22 22 219 219 219 219 434 463 463 463 463 463 
230 230 236 
157 233 
415 
50 50 236 
5 70 70 357 
129 308 308 308 314 314 314 314 314 
67 192 192 272 272 272 296 296 296 296 347 493 
144 144 271 271 427 
177 236 236 254 254 415 415 415 
46 46 46 184 184 219 
191 400 449 449 449 
193 193 270 413 
17 17 17 203 271 
158 158 176 176 176 176 176 247 478 
81 102 102 184 184 341 341 
97 97 171 196 
426 426 
14 14 14 14 152 184 184 226 226 

58 232 408 480 480 
229 229 
169 179 281 281 281 281 425 
12 12 25 408 408 
347 
6 54 54 385 
100 
339 395 395 395 428 428 
485 
201 201 201 230 230 
56 148 148 191 191 
159 227 227 257 343 343 392 392 392 482 482 
33 87 87 192 192 370 408 408 408 
5 184 184 184 354 396 396 396 465 465 
280 280 280 
35 35 210 210 
181 181 181 212 212 
243 243 424 424 424 
84 85 160 160 440 
8 8 224 224 345 345 345 345 345 
76 76 77 77 80 80 96 222 280 280 280 280 280 317 317 354 354 354 384 413 413 413 418 418 429 429 429 434 446 446 446 449 467 467 481 481 
31 31 73 73 94 94 94 263 336 336 465 465 465 465 486 486 
344 444 444 
314 314 398 398 413 413 
16 16 16 16 161 161 161 324 
273 354 354 354 
140 140 
323 
162 
42 321 359 
41 184 184 318 
72 72 72 153 244 358 358 358 424 
358 358 466 466 
271 271 375 
209 209 346 346 
82 82 82 136 165 165 223 
39 62 62 62 71 159 159 253 428 430 
511 511 511 511 
413 
413 
174 174 174 174 264 264 385 413 
85 413 
76 315 315 486 486 
53 199 199 199 207 207 207 
184 184 254 
20 20 46 46 145 271 271 301 381 381 381 408 408 427 470 470 
92 92 353 
102 222 222 289 289 348 
239 239 405 
227 227 305 305 401 
38 49 49 69 69 147 147 147 210 316 
52 70 141 141 141 184 184 313 313 313 313 313 475 
47 47 76 76 76 80 80 80 328 328 459 
67 281 298 421 506 
84 85 341 
384 
8 8 196 196 224 
236 236 432 432 456 456 456 456 
405 
76 76 340 456 456 456 
31 31 41 41 41 76 76 99 99 99 137 151 163 184 184 199 256 271 271 273 273 307 314 314 314 319 319 319 380 411 450 462 462 475 475 475 484 490 490 490 502 502 502 508 508 508 
444 
236 236 267 
279 431 496 496 496 
6 6 38 38 38 89 141 141 146 234 244 325 325 325 326 326 413 466 
61 81 81 323 

24 76 76 76 
65 193 193 
141 141 141 
118 162 162 262 
415 415 415 503 503 
184 443 
114 114 114 181 197 197 197 197 
401 

87 306 
20 68 68 
36 36 36 36 36 190 
196 
233 233 238 250 250 250 250 271 271 408 408 408 442 442 
233 233 235 327 408 408 408 505 
174 174 222 222 222 222 
271 271 393 393 
471 
103 103 103 146 
134 354 
46 46 64 64 133 139 139 185 204 339 339 339 395 408 
413 
34 63 63 75 75 415 415 432 
314 349 
255 255 255 264 299 334 413 413 
86 86 86 198 198 198 
4 4 
487 
22 22 81 81 81 82 130 142 265 265 497 
169 169 460 
257 442 
269 269 305 305 305 
225 225 377 377 
81 154 495 495 
46 301 301 301 381 
307 307 307 
58 58 58 480 480 480 
41 317 317 445 
41 184 184 184 184 
50 50 50 285 
110 176 176 271 271 271 343 368 
39 39 159 159 159 219 219 219 
271 412 412 427 
92 106 182 182 432 432 432 
39 342 352 
37 37 190 
175 175 413 413 413 
56 104 104 104 150 154 158 158 158 237 237 237 237 271 271 271 294 297 297 306 306 306 339 339 374 374 374 375 375 375 381 437 437 470 492 492 492 492 
184 184 258 258 466 
262 419 
354 
271 271 403 403 483 483 483 483 
35 45 45 45 76 76 76 76 119 119 128 141 155 161 167 168 174 175 182 182 182 193 193 196 196 215 220 222 222 251 286 314 314 314 317 317 332 333 334 335 358 382 385 385 407 407 407 439 439 439 448 448 
22 22 108 108 
37 37 57 57 116 138 177 177 177 184 184 184 230 254 269 269 269 277 283 283 283 365 365 365 383 383 432 432 463 463 463 
65 
149 250 
27 27 27 80 80 314 314 434 
28 116 116 116 225 410 
18 98 98 98 441 
347 
77 
207 207 
172 243 243 311 311 311 325 
103 103 103 296 
184 291 291 
271 282 339 403 
159 301 301 330 
314 314 314 
62 62 330 
357 496 496 496 
211 211 211 211 236 236 351 351 383 404 404 404 415 415 
44 205 205 
274 314 418 456 
79 
22 22 
85 408 408 
208 236 
45 45 161 413 413 413 
76 76 312 
1 1 5 18 18 48 98 98 225 225 259 259 259 420 
233 250 271 271 374 374 391 
5 5 366 
59 59 59 182 220 220 316 316 355 
41 41 398 
56 56 184 184 314 314 314 
173 
106 106 106 106 106 128 128 413 413 
76 76 76 76 285 285 285 314 467 467 500 
41 99 160 271 354 462 462 
184 
464 
271 271 273 
4 4 219 219 
17 17 178 
13 76 76 184 351 351 351 351 353 353 353 434 491 
41 41 41 270 270 270 270 
225 225 225 
47 47 47 346 
236 390 
22 22 22 469 469 469 469 
225 225 225 247 247 247 247 247 259 259 259 259 354 354 450 450 
63 63 75 75 274 274 274 274 274 415 415 415 
452 470 
156 184 184 184 307 307 315 315 315 315 487 
72 72 326 326 358 409 
214 215 314 314 449 449 
250 250 250 
159 461 461 461 461 511 
339 339 408 464 
101 101 101 170 170 195 195 204 378 
273 273 475 475 475 
185 185 185 
56 487 505 
273 273 273 273 345 354 354 354 472 472 472 
10 10 10 496 
39 39 39 159 159 188 188 
76 76 288 
65 65 65 65 193 
127 127 127 294 294 397 397 397 
174 174 314 314 
305 305 
30 194 194 194 412 412 412 412 
354 
232 232 232 302 
31 120 120 315 315 336 336 489 
29 29 29 235 236 388 465 474 
184 184 
31 31 120 120 486 
51 83 83 184 184 354 354 354 
126 185 456 
408 408 408 408 
3 281 
243 243 
81 81 394 394 
3 100 100 100 197 240 240 357 357 357 431 431 431 476 497 497 
22 389 496 496 
41 86 
92 
193 193 449 
4 4 4 4 
354 354 354 
365 365 
48 48 48 
233 233 248 248 248 261 261 261 261 375 474 
269 347 
221 221 221 221 
5 5 86 198 354 354 354 
207 207 
188 188 188 188 188 
159 331 331 331 331 469 
