nodes: 1024 edges: 1880
107 107 
9 9 664 747 1002 1002 
97 182 
954 
20 20 20 212 212 
167 250 263 328 328 328 341 384 531 531 569 569 625 767 767 992 992 
229 759 
61 544 698 
789 
1 1 
943 
74 74 473 658 

264 312 803 825 
222 954 
147 458 
954 
19 19 353 643 
588 725 
17 17 
4 4 4 229 439 
436 922 
532 
120 120 179 179 308 617 617 

971 

291 333 379 505 886 
463 

146 417 417 883 954 954 
351 934 
228 229 603 746 822 
686 
401 
429 
166 166 229 1019 1019 
602 602 602 751 937 954 954 

411 492 492 814 886 886 886 
133 497 497 954 954 954 


497 
559 845 

176 
866 
701 
316 903 
277 555 555 696 


502 
879 
826 826 826 954 954 
220 

99 960 985 
740 740 740 740 903 
366 366 
7 328 328 870 
1014 
154 154 154 
93 93 93 229 277 903 
387 387 407 710 
786 
197 229 
382 
925 925 
589 794 
151 448 930 930 938 
277 876 
424 424 811 
11 11 120 120 160 564 839 

482 958 
229 686 686 686 686 1011 1011 

111 344 420 420 611 866 880 
954 954 

147 155 155 155 166 172 197 209 267 343 355 500 500 513 537 699 699 728 728 954 954 
1006 
419 430 
123 123 229 229 229 886 886 886 886 
505 505 





271 479 1010 
64 64 64 1010 1010 
277 277 473 902 902 
352 352 928 928 962 962 
714 974 
2 
119 266 
58 344 344 
305 318 318 963 963 
434 
143 
561 601 601 601 919 
739 739 
660 881 881 881 881 882 
392 748 748 748 748 
0 0 171 171 310 310 454 633 661 661 711 837 901 954 
607 607 777 777 904 904 
229 1021 1021 

79 
340 340 340 
229 229 229 
363 366 396 399 476 476 745 745 840 980 
233 233 632 632 632 654 654 985 
185 185 185 238 
667 
855 952 
98 162 739 931 
23 23 74 74 512 599 952 
569 569 
500 738 738 
85 85 162 162 162 168 168 456 456 456 525 780 780 974 974 995 1004 1004 
367 367 
250 923 923 

546 736 937 937 

265 265 428 557 898 898 
932 
861 861 
547 547 873 
40 497 
351 842 
199 199 
252 270 270 753 753 
301 301 684 
421 571 1006 1009 
277 324 324 324 348 348 541 541 541 
181 181 181 624 831 
660 660 938 938 
959 959 
102 
151 151 407 407 

30 
15 82 235 497 501 699 737 886 886 939 954 
208 
455 455 
826 903 
71 144 144 448 448 
434 801 
309 323 357 603 814 910 
63 63 63 252 360 360 360 360 376 642 
82 82 82 583 769 769 769 979 
989 
205 954 954 
277 375 954 954 954 
582 582 582 
74 646 761 

119 123 123 123 204 229 277 277 289 303 322 439 439 472 472 647 739 903 903 925 
582 582 
165 165 
164 164 673 
36 36 82 256 256 635 
5 580 
123 123 171 171 171 435 525 792 792 
645 975 
509 
107 107 168 168 168 210 723 954 
82 576 593 699 
339 
471 471 
432 769 769 769 780 780 780 807 
46 238 511 511 754 864 
428 455 486 
273 954 954 954 
23 23 
376 
140 140 140 831 
2 229 387 796 994 
277 461 858 
420 
116 116 116 814 814 
516 516 954 
203 402 402 434 506 
411 674 674 
277 846 872 903 903 

531 531 915 
391 841 841 
886 886 
548 855 
223 
218 218 229 229 571 581 794 885 954 954 
67 82 219 219 219 277 355 541 541 887 887 
491 954 
135 135 516 
789 
340 418 418 418 

187 
162 384 
157 494 494 494 
277 

148 
82 436 728 728 954 954 
171 723 723 
621 
4 4 803 825 825 
374 683 865 865 929 929 
611 611 

329 487 
365 365 820 820 939 939 
196 196 403 403 403 767 767 853 853 954 
197 197 197 887 
56 651 
377 461 
14 787 
195 
417 417 417 949 

388 388 924 

32 
6 20 32 36 64 67 77 85 85 85 109 113 113 113 162 182 196 196 241 277 277 278 278 281 281 320 323 345 358 358 366 368 398 407 415 427 427 446 461 461 461 464 476 485 534 534 578 578 603 603 632 655 669 669 681 690 691 691 719 730 730 747 747 752 766 775 775 776 780 780 780 796 819 819 864 864 871 880 886 948 949 949 998 998 1011 1011 1013 1018 1018 
632 719 719 719 
554 

115 115 632 901 901 
631 891 891 
147 

966 
116 176 309 660 814 922 941 941 

305 305 334 334 334 927 1002 
229 420 420 
267 1009 1009 1009 
583 
617 617 
502 
536 

397 984 
909 979 
5 125 621 621 887 954 

136 154 539 
393 616 616 
677 677 1011 
382 382 382 382 
166 166 947 

791 1019 1019 
371 502 502 905 905 905 

366 616 663 
363 363 440 440 624 660 799 1017 
5 384 641 641 
13 904 904 904 
129 129 898 898 
98 277 
82 242 718 718 783 783 

277 1007 
136 136 444 856 856 856 856 944 
92 583 
407 
178 542 954 
387 779 
666 668 
464 464 464 819 
50 64 72 94 94 139 158 162 162 183 189 197 206 229 229 266 269 283 339 339 346 381 381 411 423 439 439 453 459 475 475 485 485 529 529 541 541 570 603 619 666 697 707 727 739 855 858 872 874 874 876 876 903 903 941 954 957 957 988 988 988 1018 
229 229 630 
376 
301 725 725 804 
229 229 759 
958 
277 459 954 954 
954 954 
374 374 
547 
432 432 673 
785 785 785 921 956 
162 725 
314 491 491 892 
27 936 
368 954 
362 362 
486 486 

802 



366 423 423 
137 137 280 804 
590 590 590 
162 
858 858 858 
100 240 240 474 
385 385 661 936 
326 366 951 
23 412 551 551 551 879 
153 238 814 814 814 
107 107 412 412 954 
352 922 922 
13 
414 502 502 
290 491 781 
1008 
49 379 1020 
874 
100 100 954 

229 476 476 503 781 
715 715 715 
162 660 
153 229 357 603 655 706 864 877 
139 139 139 558 664 

307 777 777 
337 337 361 361 361 714 868 1006 
5 5 5 61 61 331 531 580 
216 796 796 
879 
328 606 
548 548 616 721 
27 
240 240 240 831 
366 366 502 502 953 
421 502 
327 327 548 548 638 638 956 956 
924 924 
173 277 277 714 739 
112 112 112 201 418 
5 701 701 954 992 
844 844 853 
82 
79 99 99 779 
229 
277 
832 
139 139 523 
823 
715 
31 134 457 469 469 548 548 548 548 629 
95 95 311 
17 
529 529 993 
82 197 

153 323 
229 229 387 566 
528 
154 154 154 154 
327 327 327 
293 293 437 450 615 731 788 788 
114 262 262 366 366 624 624 624 641 790 790 
586 586 
217 217 558 558 558 
60 60 114 229 261 300 307 335 335 363 363 372 372 393 399 399 409 441 441 450 470 470 502 502 510 607 745 745 745 763 763 763 790 922 950 970 976 976 980 
124 124 954 954 
229 292 
937 937 1023 
737 954 954 
259 490 490 490 
366 366 
681 681 954 954 
213 285 285 544 954 
158 988 
154 180 279 
221 
1009 
27 316 

277 277 
68 255 255 255 255 810 

5 204 263 
306 306 419 454 454 616 661 661 687 687 
722 
65 65 182 274 358 864 
226 226 568 924 924 1002 
404 404 
395 778 893 893 
192 954 
106 439 439 439 527 
253 366 466 
451 451 780 
390 
114 767 767 
248 
229 690 690 706 871 871 871 
114 366 366 518 823 823 889 981 999 999 
665 665 766 778 778 
34 645 949 
187 187 736 736 1023 1023 
218 218 218 954 
389 389 603 
565 869 
527 527 
65 144 144 229 272 422 427 427 561 561 579 583 584 671 
455 455 455 886 
366 962 962 
660 953 977 
39 188 277 492 903 
308 310 310 660 660 
586 609 609 609 749 749 841 841 
313 489 682 954 997 
229 1007 
761 761 963 
30 30 224 224 224 591 
201 201 201 340 
84 385 543 543 543 
79 79 184 241 241 573 573 
138 336 689 
407 550 561 579 583 979 979 
277 300 300 
73 73 882 882 882 

634 
229 229 407 407 474 474 519 583 671 695 975 
129 177 463 498 498 557 684 684 709 755 861 861 861 937 
35 
84 
843 
175 287 287 740 780 880 
652 954 
101 152 187 515 640 698 756 954 
168 786 786 786 877 995 995 
21 209 922 
362 
728 733 733 
20 162 162 277 277 392 392 392 802 855 
262 262 660 
366 366 679 679 679 
565 
894 
270 808 808 
817 817 
229 
709 763 763 763 
71 151 151 555 

362 366 816 
394 394 1015 
954 
277 550 903 
107 385 385 
149 149 177 408 408 408 
123 123 123 
351 
15 
277 283 957 
780 
183 221 229 229 229 1011 1011 
546 
28 428 
229 276 276 276 
590 590 594 
393 
639 815 877 888 895 
475 
351 351 726 726 806 810 921 
366 366 
174 174 780 780 780 899 
162 162 735 761 925 
11 94 507 507 881 902 902 
305 427 427 1012 
277 277 468 679 679 914 923 923 923 
114 114 229 320 320 
954 954 954 
585 
92 491 954 955 1010 
502 773 
784 
76 958 958 
780 
950 950 950 
229 277 277 707 
177 294 294 498 
216 540 714 862 1006 1006 
693 693 756 756 
414 
371 371 371 715 715 748 
198 290 290 314 479 518 954 954 997 997 
39 39 411 954 954 
962 
205 205 205 
568 
563 
40 40 43 133 147 954 954 
428 428 486 841 841 841 861 861 1010 
789 
82 82 122 954 
147 
53 245 259 259 313 313 335 335 336 366 366 480 528 532 532 607 659 674 720 720 731 731 738 763 763 773 773 800 800 800 836 859 922 922 922 966 966 966 984 
320 

27 86 86 1017 
187 756 
473 473 656 662 902 902 908 969 
662 662 
170 
366 797 797 797 797 821 821 
176 176 660 660 793 880 
120 719 
82 
544 544 
434 756 
186 186 199 689 
527 
399 491 577 823 
427 
759 
660 660 660 
555 
348 981 981 981 
736 
123 168 
764 767 844 844 954 
392 406 406 517 
359 502 
277 277 354 354 
954 
5 5 191 191 328 710 710 938 
22 502 502 692 692 907 
637 637 715 715 
229 229 

246 954 954 
82 
773 
252 808 
487 
139 139 139 197 197 277 277 
273 926 
419 419 419 713 
7 374 514 514 758 775 775 
562 596 596 922 941 978 978 
127 462 886 886 
132 132 286 954 
194 332 332 337 337 351 351 351 351 719 782 792 810 810 835 
1006 
422 453 903 
308 308 308 879 
742 742 742 742 820 956 956 

231 957 
50 50 448 522 

129 428 640 861 861 937 937 
324 365 365 365 939 939 997 
44 628 712 922 
676 676 
103 407 407 422 
545 
496 
74 
405 442 877 
358 978 978 
876 876 876 
388 495 692 692 692 1002 
5 5 121 121 719 767 931 931 983 
277 
138 196 954 954 

420 420 

875 886 
172 860 
518 904 
229 229 
407 422 851 
167 328 
196 
159 159 159 163 163 587 950 950 954 
155 243 271 407 422 427 
407 979 
478 
364 364 413 689 946 
582 877 942 954 954 972 
18 
70 772 954 954 
302 302 302 465 465 
417 

172 699 
465 640 

545 545 922 
735 992 
819 882 
120 
871 
103 103 103 954 954 
37 37 37 751 954 954 
32 153 229 229 277 323 404 
1006 

331 903 903 
108 108 366 502 

413 413 413 660 660 
820 
79 214 214 880 
660 

994 
362 
253 253 261 332 385 632 632 663 982 982 982 
23 23 244 244 
1009 
277 

211 250 250 887 
632 951 951 
780 
140 262 363 363 363 959 959 959 
5 844 954 
810 

559 862 
351 695 
278 690 
234 
115 115 115 229 230 233 616 616 622 669 
107 821 
426 955 
166 

533 533 
337 337 679 679 679 
467 895 
434 557 594 954 
263 263 363 
154 801 
17 

169 401 732 
160 717 761 761 887 
162 847 847 965 
1002 1002 
736 736 
836 836 
220 694 694 
433 
780 840 
115 115 985 
229 323 
507 

11 810 810 
502 953 953 
105 141 141 238 262 322 410 412 412 440 511 511 521 521 521 609 609 612 673 675 678 805 805 835 835 835 878 922 922 954 954 986 
107 107 306 385 385 837 861 899 899 899 
507 508 508 969 
261 616 982 1006 1006 
1 324 
400 400 904 989 989 
275 277 964 
117 676 742 1006 
275 
229 229 632 864 864 
880 
407 427 865 865 
1000 
165 287 660 791 791 
188 188 502 990 
660 793 
560 560 667 
254 254 
660 
441 441 441 475 475 638 638 638 831 831 831 
826 979 
229 373 373 722 954 
414 902 954 954 
213 
137 428 428 755 755 870 937 954 
836 
33 77 77 77 77 
385 385 

421 516 586 956 
229 398 398 630 
229 229 706 706 
532 532 568 568 568 
488 488 814 
651 651 791 
427 629 780 812 
50 879 
277 
7 434 871 
82 82 147 172 593 749 

48 341 341 

808 808 808 
954 954 954 954 954 

323 398 691 691 871 871 871 
277 485 

428 447 920 
65 531 531 954 
107 
559 784 784 845 922 
543 954 
96 327 339 487 1001 1001 
321 321 321 350 490 490 533 533 797 797 
1004 
646 839 
267 267 
229 230 230 230 512 548 569 1016 
502 502 773 
332 838 838 954 954 
386 681 
171 210 210 

18 280 280 289 
469 469 730 730 894 
277 902 
82 82 209 209 438 

229 229 726 726 
362 502 502 
645 1013 
438 438 954 

472 597 973 
127 402 402 524 649 649 954 
147 370 
122 122 502 966 
104 104 119 162 277 339 835 835 1001 
59 59 59 59 432 780 886 886 
1006 
552 552 552 552 667 896 

827 
114 114 366 366 366 
32 
1 229 229 
106 106 106 106 490 
413 413 699 841 

37 602 829 829 
229 
136 136 988 
176 
428 684 684 
434 488 488 506 515 820 820 820 

544 
6 281 520 

160 416 416 472 646 646 

366 366 366 447 447 447 502 502 
526 927 

229 400 
5 5 218 218 396 396 526 569 931 954 992 992 992 

155 155 155 175 175 175 780 


589 794 954 
480 502 502 538 720 

229 229 544 544 
229 880 
108 108 326 326 
390 400 400 
274 344 
123 123 175 175 175 229 229 229 394 432 460 471 471 471 483 623 653 695 740 769 840 854 886 886 943 969 
314 320 
548 975 
267 267 
481 712 712 
288 288 288 
66 435 435 435 842 890 890 
222 954 
362 362 
8 200 499 
363 363 366 
258 673 673 694 1019 
168 168 548 
511 675 
70 196 772 885 

182 229 329 329 
510 510 510 510 715 715 925 
1006 
262 
502 502 502 936 
152 642 
296 439 
13 212 825 
280 301 
660 660 852 852 893 954 954 
469 
175 
444 444 539 703 703 703 
906 1011 
382 469 548 548 626 658 658 868 
73 
695 876 
978 978 
39 153 185 185 238 309 309 309 693 
467 
450 
445 445 

229 229 276 598 866 
217 217 552 610 756 756 756 916 916 
510 510 633 966 
32 1022 
349 399 399 518 

13 212 212 803 
55 55 55 150 680 1006 1006 1006 
744 
978 
751 751 

140 181 334 679 679 679 
347 


548 660 660 660 739 739 1001 
502 650 650 685 859 859 
107 661 899 
721 721 952 952 954 954 
74 717 
114 653 780 
192 192 413 413 498 498 498 749 946 946 954 
134 786 954 
431 
342 342 526 526 625 
44 712 
189 
647 647 1017 1017 
1005 

905 966 
579 
805 805 
218 218 342 
780 
118 194 277 439 951 958 
270 270 270 270 
954 954 
183 277 304 304 304 874 
502 836 836 
576 
131 131 428 428 428 498 498 557 557 661 1010 
487 628 

176 229 229 323 387 669 669 
213 213 671 671 
47 79 819 

327 810 903 
405 
61 684 
229 398 398 398 600 698 706 706 706 939 
189 277 
132 
277 277 317 858 900 900 
575 
72 277 277 567 567 567 812 
323 435 467 565 587 
660 
54 308 330 551 696 
79 229 432 511 611 670 776 996 996 
105 105 105 105 473 
105 424 424 424 598 907 907 954 954 
30 

196 794 
27 39 39 39 85 85 85 85 147 147 193 193 229 408 546 546 575 740 740 780 780 
197 197 219 250 621 646 
467 
399 999 
786 786 
234 234 
290 955 
390 390 805 
443 726 
467 639 
742 

129 129 265 265 
471 661 661 661 837 982 982 982 982 
874 874 
107 233 233 
94 94 473 473 507 507 682 727 908 
49 59 64 150 162 162 189 189 277 277 411 453 550 606 606 868 
108 108 264 264 264 577 665 
259 259 259 850 
809 
532 882 882 954 954 954 
507 902 
249 
153 

968 968 968 

475 
191 
820 820 


103 977 
709 
288 469 956 
21 238 311 311 366 436 502 502 502 545 559 596 660 660 712 927 927 927 978 
125 125 475 475 475 
226 338 338 388 388 
69 69 162 472 797 
542 
240 764 922 922 922 968 
95 95 1006 1006 1009 1009 1009 
213 213 
71 71 
119 569 569 767 
130 
963 
31 
1002 1002 
291 306 800 
37 127 127 369 369 428 557 557 684 977 977 1023 1023 
71 141 141 531 
147 217 217 558 558 871 
954 
238 238 277 545 
587 
10 780 
270 976 

586 841 841 
256 
229 
224 229 229 401 1013 1013 
366 484 484 484 582 582 
307 622 622 855 
118 120 838 838 954 
335 410 659 659 1016 1016 1016 1016 
3 14 16 30 30 37 37 40 40 40 55 55 80 80 82 82 107 147 157 157 158 158 158 171 178 178 178 186 196 196 198 209 209 218 250 273 277 283 283 284 284 292 310 318 341 367 367 370 370 373 373 374 391 403 414 433 434 452 477 477 477 479 491 491 492 492 497 497 500 526 530 536 536 547 571 571 582 587 587 589 589 601 601 602 602 625 640 660 660 681 682 682 684 704 704 704 704 704 710 713 721 721 733 736 767 772 787 805 805 838 838 841 842 857 857 882 882 907 907 907 940 952 963 963 997 1006 1006 
479 634 892 
288 337 337 552 552 689 921 
277 277 459 554 
76 282 482 482 855 
142 142 624 624 624 
58 

95 95 409 409 493 
100 100 416 933 954 954 
666 
647 
237 502 502 502 738 821 850 

912 912 912 927 
507 662 780 
366 
25 
587 
735 
96 123 123 
169 427 782 
366 366 944 980 980 980 
410 919 937 937 1023 
545 545 566 566 813 813 828 922 
155 249 422 422 584 680 
114 366 976 976 976 
399 523 523 523 
616 616 616 663 899 899 899 899 
569 
248 502 
58 115 654 
660 

277 277 277 375 753 
156 665 665 
674 

5 5 341 597 767 767 767 
354 1007 
182 614 
123 435 435 
880 880 
414 491 491 558 954 
229 229 
399 399 889 
672 1013 
714 714 739 835 
1 1 240 388 568 648 648 935 935 1006 1006 1006 1008 

123 123 716 
848 
83 138 327 487 487 549 604 663 663 667 741 798 826 826 826 928 928 954 954 1002 1002 1002 
269 415 993 
315 1002 
138 242 242 242 378 618 928 928 928 
92 93 93 479 498 861 
77 77 229 229 254 461 461 809 
474 
229 732 949 949 1000 
62 
451 
719 953 953 953 953 
262 505 847 847 
229 229 277 
36 36 258 258 791 
316 
109 109 
822 
369 402 402 937 937 977 
