nodes: 1024 edges: 1892
107 258 310 
849 1002 
329 
452 452 
212 212 
61 61 167 167 185 250 250 263 328 341 342 342 531 531 569 569 678 686 686 710 710 767 767 
759 

229 231 366 553 


160 748 
82 240 781 
212 212 803 825 825 
51 51 178 787 954 1005 
147 

82 82 172 240 
21 21 927 

229 
18 18 284 574 922 927 927 968 
84 117 117 
74 110 120 120 235 308 617 855 879 
31 31 351 728 
478 
244 244 422 876 
447 
463 463 
121 121 853 
146 954 
24 24 782 
229 229 603 998 
77 1016 1016 

965 
166 229 
462 462 602 937 954 

990 
497 802 802 802 
77 82 

497 954 
538 1003 1003 
62 399 399 981 
176 451 855 1019 

701 701 720 

700 1004 
14 14 647 647 647 647 837 837 837 998 
452 452 530 
336 502 532 721 838 838 838 
279 279 308 879 
954 
220 220 275 275 275 582 651 942 
79 146 524 880 
458 610 985 
903 
366 366 399 
5 5 328 328 686 686 799 954 954 
45 
154 220 382 382 
229 229 278 407 
449 449 
877 877 

382 
472 
325 
448 
876 
229 644 
23 179 879 879 879 954 954 
810 
194 958 958 
33 41 229 
366 
57 99 99 229 229 229 420 611 611 819 905 
536 954 954 
761 
12 17 17 41 147 267 283 283 283 343 355 355 366 500 500 513 513 537 593 643 643 643 657 657 657 699 699 728 787 787 
1006 
22 277 430 
123 502 780 780 863 
170 376 531 661 661 799 1017 
674 
658 658 658 658 
422 427 
532 
241 241 
403 479 691 691 691 1010 
736 736 902 902 902 

667 667 667 798 866 
974 

739 
79 79 760 
318 436 436 
756 756 843 843 
324 397 397 414 414 414 414 558 980 
410 
113 113 113 358 358 358 358 

392 517 
0 310 633 661 661 837 901 954 981 
366 366 409 409 458 458 458 
229 229 775 775 1021 
23 1005 
420 420 778 
154 
104 104 104 
366 399 399 980 991 
150 229 229 632 654 963 963 963 
238 326 326 
22 22 138 138 138 
128 855 855 
227 227 797 
23 23 225 225 225 
29 29 529 744 744 
323 323 323 
85 168 435 435 525 525 546 780 780 780 
367 
250 250 923 923 
640 833 
465 595 736 860 860 
118 
477 486 498 688 898 
554 932 954 
132 271 407 
131 998 998 
497 

199 199 571 
252 270 270 
284 284 284 284 684 684 684 954 954 
117 117 117 242 242 421 1009 

153 181 
245 245 734 
262 624 

407 
169 505 1017 
30 57 417 884 
15 82 235 497 536 699 699 714 940 954 954 954 

399 399 399 723 981 999 
115 700 826 1006 1006 1006 
407 407 
432 432 432 
140 357 357 
63 112 252 360 856 856 856 
193 629 699 
533 589 640 989 
205 205 632 632 857 954 
375 
210 582 587 700 716 
11 748 748 
541 541 
204 229 229 229 277 277 277 303 321 392 439 472 637 647 647 715 715 739 739 758 758 797 903 903 903 925 
954 

569 569 660 673 
36 256 635 635 635 
5 5 580 
123 435 525 858 
145 366 366 592 592 592 
86 
210 588 588 
17 267 718 718 915 
339 617 617 
273 702 
507 769 780 807 832 943 
46 511 660 
486 498 696 861 
14 273 683 
74 308 308 
856 
140 562 562 831 911 
229 229 387 
277 277 277 
333 
5 
799 799 799 954 
434 434 488 756 756 
502 773 
277 846 846 
382 382 

239 239 239 354 354 354 391 
155 699 939 
76 
223 223 223 223 978 
229 571 678 678 681 681 694 954 
355 
882 954 954 
135 135 571 571 


584 
571 
162 303 
157 157 954 954 
277 
596 
714 714 811 1006 
905 905 954 
159 171 215 215 
241 284 284 689 689 
4 4 13 13 825 884 912 
314 314 683 929 954 
611 611 880 
210 210 
329 329 
365 425 434 434 451 451 500 594 594 
1002 

56 56 63 437 437 437 521 521 651 
229 478 478 
787 
195 195 195 195 816 

120 120 120 537 795 879 
388 
119 119 632 
699 699 
8 20 32 32 36 64 64 73 77 79 79 79 109 109 115 115 162 162 162 182 182 196 221 230 230 241 277 277 277 281 323 358 366 368 405 407 407 407 408 424 427 427 442 446 464 476 485 500 500 500 500 544 544 544 603 603 630 630 655 681 706 719 722 726 747 752 766 775 775 780 780 780 830 864 886 886 891 891 906 906 954 994 998 998 998 1011 1013 1013 
229 229 
8 
916 
252 632 632 
642 810 810 810 834 891 891 956 956 
23 147 
775 775 775 

116 309 609 660 660 922 
192 192 192 273 273 366 366 391 671 954 
12 17 602 907 907 
91 91 211 229 524 765 765 
138 138 
671 
26 26 617 617 
141 141 313 
536 1009 
596 
397 397 816 
568 909 909 1017 1017 1017 
5 5 125 125 569 621 621 954 
343 343 343 
136 154 233 376 376 
335 335 335 366 
677 677 
382 382 597 
166 

0 791 
502 502 532 850 850 
607 
366 
142 363 366 366 563 624 660 959 1017 
5 
362 362 577 
898 
277 822 822 
82 172 654 718 991 
978 
487 954 954 989 
136 136 376 376 539 
131 407 583 
407 
174 178 239 239 542 542 926 926 
366 407 407 627 
56 56 56 
479 
84 162 162 162 183 183 183 189 206 229 229 229 266 298 323 323 323 324 324 339 383 419 419 423 449 453 459 459 529 529 533 543 558 558 570 666 666 697 707 739 739 739 758 802 837 858 868 872 874 874 876 900 902 902 903 903 941 954 960 988 988 1016 1018 1018 
64 345 387 387 
54 54 
745 745 804 
229 
744 884 884 884 884 
82 82 82 954 
21 137 137 137 137 211 211 619 954 
407 407 723 723 
547 765 954 
673 
553 956 956 
355 546 546 780 780 780 780 
314 314 955 955 
366 847 847 
954 

469 469 
966 
802 802 
545 745 
277 
642 642 
366 740 740 
684 
732 926 
162 204 

602 954 954 

326 
23 54 179 179 814 814 814 838 964 
238 
0 107 317 711 

803 825 825 
245 502 502 529 529 529 
213 213 290 290 491 683 683 
648 935 
379 903 903 
310 781 781 781 
100 416 
831 
476 781 785 
162 
503 660 938 
122 122 122 229 277 277 277 357 485 744 827 
102 277 277 903 903 903 
70 355 
116 116 307 660 660 777 
549 1006 
5 61 61 686 
2 216 216 
378 
625 686 686 

184 
530 530 999 
253 253 253 502 
53 
810 810 921 956 956 
880 919 919 1001 
173 277 617 1020 
418 418 418 
5 597 597 992 992 
5 5 767 853 
82 251 251 251 
611 
278 
616 
832 
988 988 
399 
758 758 758 
24 457 457 460 460 460 469 548 592 782 782 

429 
192 192 192 749 995 1007 
82 82 197 289 325 
850 850 850 
153 153 323 
104 104 104 104 229 
502 
154 684 684 
410 410 714 714 
264 264 502 518 518 518 615 788 788 984 
262 366 790 
946 
217 391 451 451 
8 60 60 78 82 108 108 114 169 169 229 239 239 253 261 262 262 274 291 300 363 393 399 399 399 407 407 409 441 450 470 470 476 476 502 502 502 510 607 660 660 668 668 688 700 719 745 745 790 847 847 847 871 871 922 950 950 963 963 980 980 981 981 999 1017 1017 1017 1017 1022 
124 
229 487 733 733 878 878 
937 
737 
680 
523 817 

954 954 954 
158 988 
86 252 252 270 270 513 820 
442 
330 879 
316 

419 988 
63 63 68 190 190 255 255 810 810 956 
277 852 
684 767 767 
419 988 988 
524 524 722 722 736 
182 278 278 
226 426 426 1002 1002 

400 778 
192 239 365 950 950 954 
106 162 406 517 517 
366 
451 770 770 
530 805 805 
767 767 
102 102 248 248 
706 
45 45 60 114 114 149 149 149 349 366 366 366 594 650 823 981 999 
390 
732 757 757 949 1013 
477 736 
92 

229 869 869 
392 
64 131 144 151 151 229 229 229 271 272 274 274 285 285 366 366 427 583 584 584 894 894 
229 
108 108 366 652 652 652 904 
103 361 361 526 526 660 919 
990 990 

841 
102 102 102 102 891 950 950 954 954 954 997 
960 960 960 
318 
146 591 636 
340 340 340 
277 277 381 385 707 707 988 
79 111 111 642 642 
138 
26 89 561 561 579 
277 449 
229 579 
217 539 
388 388 653 1002 1002 
89 229 229 407 483 583 583 695 780 780 826 826 826 854 975 1012 
486 486 557 557 557 684 684 755 755 861 937 
353 966 
84 
902 902 
152 152 152 486 

187 187 217 217 640 756 756 768 820 820 954 954 954 
123 123 168 550 
100 100 922 
220 220 220 887 887 
733 913 913 913 1007 
162 603 
609 
366 
229 377 
708 708 708 726 747 
539 539 539 998 

229 
27 709 
71 
65 65 277 423 
366 
46 217 217 365 365 394 780 1015 
3 3 52 52 530 
277 503 550 903 903 963 
661 899 899 


351 351 
58 108 108 108 985 
277 277 957 
351 351 351 575 575 875 875 
949 
37 37 546 
28 28 623 623 623 709 
229 988 988 988 
127 
909 909 
815 815 895 954 997 
475 475 1010 
294 294 351 
366 366 

69 162 761 
902 967 
929 929 929 
468 468 802 
229 320 366 366 745 781 
129 402 486 736 1023 
25 221 221 971 
92 276 491 518 518 954 1010 
502 
712 712 
958 
427 780 840 

229 323 
129 177 428 428 432 477 861 
269 368 540 1006 
187 693 693 
747 
797 
314 479 545 

982 

568 
563 563 
40 43 133 147 817 817 940 
129 177 861 861 898 898 
530 789 789 
82 82 217 229 229 229 229 820 
504 
53 85 188 259 259 313 313 335 359 362 366 366 366 480 528 532 607 659 659 674 685 720 720 731 773 836 836 859 859 922 922 922 953 966 966 984 
322 453 
501 993 1007 
145 
622 622 622 632 810 
175 662 969 969 

946 946 1017 
366 
176 
719 
82 82 376 
758 
961 
954 
106 392 392 527 527 537 
362 362 362 479 479 577 577 954 
780 780 
680 680 759 
220 220 
530 530 
372 
57 241 386 386 736 736 889 
123 123 168 
410 410 979 
517 517 
502 836 
121 277 277 313 313 313 954 954 
52 334 334 395 452 499 522 522 555 789 954 954 
5 5 86 992 
53 90 259 502 692 
156 277 739 739 

592 
80 147 246 
82 225 517 
44 
270 425 444 444 444 808 808 856 
487 
161 161 
273 273 840 926 
277 884 
229 229 229 
297 491 562 596 922 922 978 
123 289 289 462 647 780 835 
286 954 
351 792 792 810 810 954 956 956 
327 1006 
435 453 858 
879 964 
601 810 956 
8 288 
130 
530 698 
731 
428 428 428 877 937 937 937 947 947 
102 277 277 619 619 862 
712 712 712 784 
676 676 1006 
422 422 
181 181 545 922 
262 496 496 959 


978 
876 876 876 
249 495 621 1002 1002 
5 5 165 165 250 673 673 767 931 
277 957 
135 196 199 199 203 881 881 


21 709 937 937 968 
460 460 653 653 886 
670 670 670 670 670 915 915 915 
264 518 518 

422 424 851 
167 

56 159 880 950 
271 407 427 427 
202 407 407 979 979 
702 702 
689 
159 681 
171 171 
156 954 
926 926 
417 
169 169 169 351 535 
82 
217 217 399 627 640 855 
127 
207 247 545 922 
255 341 341 

879 

552 801 801 805 954 
37 240 305 907 907 907 907 954 
32 229 229 439 


903 903 
260 366 502 790 790 790 

238 440 
58 820 
79 79 214 214 344 880 
675 675 
753 
830 
362 
346 663 687 982 
23 173 173 244 244 339 642 

284 558 558 714 1006 
745 
250 250 568 887 
506 506 506 
463 463 463 780 780 
142 262 959 
331 

274 594 
937 937 
155 
229 229 634 888 888 888 

115 157 157 227 233 233 506 
107 
630 680 
166 166 166 857 857 
417 
162 852 
679 831 
895 
126 156 434 594 833 954 
991 
234 299 299 420 420 617 
82 82 82 
73 
1014 1014 

51 51 51 51 162 162 546 737 737 737 
315 935 935 935 
736 
399 
56 220 791 
409 409 409 
426 575 575 
115 267 896 896 
229 864 
969 969 
82 82 82 
88 88 88 88 810 810 
502 502 762 762 784 
165 176 238 238 262 322 326 326 366 366 410 673 678 733 734 805 805 805 878 878 919 919 919 922 922 954 959 959 
86 86 107 107 454 
507 
616 

989 989 
277 277 852 
95 95 95 676 
366 366 

576 576 576 576 576 
239 243 697 
1000 1000 1000 
165 287 569 569 660 791 791 
87 502 692 
612 612 793 
560 560 667 
254 254 
5 196 196 660 
638 831 
371 520 520 634 
196 196 229 587 722 954 
756 756 954 
178 213 314 314 
137 137 137 301 360 360 384 428 428 755 755 937 937 937 954 
502 
5 5 61 61 328 331 331 
616 982 
129 366 868 999 999 
211 211 586 946 

92 92 92 
532 674 
488 488 
196 791 
427 724 812 812 812 
177 
277 671 952 1016 1016 
555 
82 82 147 147 155 193 228 228 745 745 745 897 939 
50 150 159 366 950 950 1004 
48 48 
174 585 585 
886 
954 

229 398 871 871 
277 419 419 949 949 
443 443 443 726 730 730 
447 463 574 
5 5 954 
310 
481 481 559 559 559 845 922 922 

147 208 208 361 361 619 790 790 974 974 1006 1006 
162 162 797 797 797 
159 1004 
839 
172 172 267 
229 366 512 
48 502 502 773 773 
53 954 
229 386 386 681 
149 285 285 803 803 950 
695 812 
963 
229 443 708 730 747 747 894 894 894 

24 82 

708 708 726 747 747 
502 556 738 738 
302 401 1013 
368 368 438 660 787 954 
141 660 
973 
93 93 127 386 402 477 524 524 649 1023 1023 
370 647 647 647 954 
731 731 966 
98 162 162 277 277 277 533 533 
300 300 780 886 
975 
907 
801 
121 121 282 323 827 
280 280 297 366 366 476 620 699 699 699 

229 443 489 726 726 730 730 
11 160 160 
354 


229 
613 988 

428 428 684 684 771 
101 101 187 187 434 434 682 682 768 768 
401 401 949 
162 162 277 350 350 350 514 
6 520 
99 
81 472 
659 659 


241 241 286 965 
229 
5 5 342 384 384 396 396 569 830 830 830 954 
434 756 756 
175 780 780 
394 394 
755 
954 
188 502 720 720 
783 
109 109 229 229 236 236 236 933 

326 
111 390 805 893 

85 85 123 123 123 175 229 229 229 289 289 289 289 427 427 451 483 519 519 546 623 623 740 769 769 812 840 840 849 849 875 886 886 886 967 1015 
12 317 317 317 320 476 964 
31 351 351 795 
774 860 
559 659 
320 956 
890 
14 82 82 222 733 
362 362 845 845 
499 499 530 
363 366 607 607 607 714 714 
258 651 673 673 694 1019 
548 548 
675 

225 782 

119 162 490 715 715 715 
95 1006 1006 
61 86 186 186 186 

601 601 743 954 1006 1006 
40 40 40 277 296 296 475 816 816 
13 312 723 723 
280 846 
395 395 601 660 660 660 778 878 893 954 954 
934 
175 832 832 
539 539 
906 906 1011 
75 234 234 234 337 337 382 382 506 548 548 552 658 658 917 917 
208 
695 695 695 724 780 1019 
922 
308 308 308 
467 467 841 
223 248 802 802 
372 497 497 

79 1009 
376 434 434 500 610 

266 266 
399 
963 
13 13 212 312 312 1001 
150 427 427 427 903 1006 
323 744 

954 
229 614 767 767 767 
181 319 638 679 911 959 
175 347 807 807 
126 640 
234 
546 1001 1001 1001 
502 502 528 859 
51 51 51 107 277 
53 53 53 308 952 952 954 1020 1020 
717 
483 542 780 780 
413 815 930 946 

101 101 

712 788 788 
189 189 804 
291 291 366 366 366 
1005 
1 780 780 
259 259 356 356 356 905 
579 
383 637 666 
29 342 
427 
23 46 118 118 594 
154 154 154 180 539 
157 635 635 
168 277 550 1016 1016 1016 
502 502 836 988 
127 127 783 973 991 
177 428 486 498 498 
558 
85 
229 655 

95 1009 
935 
277 688 
405 405 

366 366 706 706 
277 

277 277 
460 460 780 
26 72 277 567 567 567 
66 66 557 
368 368 660 660 805 945 
23 54 74 74 74 225 378 551 599 964 1005 
57 214 338 582 611 
571 571 
198 907 

146 212 282 282 282 282 543 

229 229 575 703 740 780 780 780 
437 437 621 
630 630 630 
524 950 
786 
229 229 234 234 414 

778 805 
407 407 726 726 726 
467 639 
654 654 
699 
129 265 498 498 
454 454 
277 
107 
93 93 93 277 277 431 431 473 908 
59 162 162 162 277 277 316 316 324 324 324 453 453 606 606 826 972 972 
409 
79 209 209 850 948 
229 229 809 809 
240 240 602 602 602 602 742 882 
902 
249 249 466 466 

181 831 
212 
438 438 438 

172 576 576 576 
232 
810 810 

338 338 410 660 660 660 938 

337 956 
21 238 366 436 502 502 502 545 545 562 596 660 660 712 712 813 978 978 
125 125 
1002 
162 
273 273 302 542 590 590 
18 21 21 
935 
213 474 474 474 954 
841 
569 
130 
775 1019 1019 
806 
315 648 648 648 867 928 1002 1008 

37 369 428 557 557 557 574 574 628 628 684 684 684 954 954 954 1023 
322 919 
193 699 
147 497 
277 
56 
175 967 

878 
364 509 509 689 841 1017 1017 
557 557 
905 
401 461 707 707 757 
366 366 391 391 414 414 582 700 700 723 889 954 954 

697 838 838 
502 
14 30 37 43 55 61 61 74 74 80 80 107 130 137 137 147 147 147 157 163 186 196 198 198 205 205 209 213 229 239 250 269 269 277 283 284 286 292 305 305 374 374 374 391 414 414 414 434 434 434 467 479 516 518 529 529 530 530 547 548 589 601 602 640 660 681 682 684 704 710 721 733 737 767 772 801 805 805 829 838 929 937 937 937 950 950 963 1006 1006 1007 1007 
290 290 
234 234 288 288 337 337 382 548 548 552 785 921 
459 570 
76 76 482 
262 563 624 660 660 831 
277 415 415 415 
515 

115 115 115 366 366 453 725 824 954 
308 551 781 879 
35 765 
295 429 502 502 738 
473 780 943 
21 574 993 
507 507 656 656 

478 
903 903 
735 860 
96 714 714 
427 741 
980 

195 268 545 566 922 922 
526 584 584 
102 114 366 366 976 
45 107 149 366 366 399 
493 616 687 

362 502 
58 458 


277 277 348 348 375 381 385 385 419 464 464 464 753 859 
156 269 665 665 
39 411 411 
114 267 641 860 
341 341 531 
504 968 
229 
354 

414 467 
32 51 132 132 229 229 229 444 
149 334 366 399 688 688 
672 672 672 1013 
338 825 835 835 835 
1 218 388 388 426 426 568 568 924 935 1006 1006 1008 1008 
44 44 
50 700 716 
14 110 848 879 
83 150 150 150 208 327 487 549 560 619 714 714 798 798 801 801 826 954 954 1002 1002 
354 438 504 954 954 
935 1002 1002 
138 246 819 866 
92 468 479 
229 809 
427 
229 229 401 732 1000 
645 645 
451 780 
33 33 277 697 697 858 858 858 
86 145 249 249 249 262 366 366 366 366 509 946 946 
277 277 
46 791 812 933 933 
339 838 838 
109 
366 
477 736 736 937 
