nodes: 1024 edges: 1882
107 901 
9 9 648 648 664 664 747 1002 
97 182 

20 20 20 
167 250 328 328 331 384 531 531 710 954 954 992 
229 759 759 987 
544 544 698 698 
178 229 229 300 366 553 789 789 
1 1 648 648 1002 
175 
74 74 550 658 658 
82 82 
264 803 
954 
147 
643 954 954 
155 396 643 
588 725 725 
728 
4 4 4 229 439 
922 922 
532 
120 120 225 617 879 1005 

780 
422 584 584 
291 291 333 453 

56 853 
417 417 591 884 954 
351 629 629 629 
228 229 603 603 746 822 998 
77 
401 401 401 
330 
166 166 166 229 229 229 600 600 
751 937 937 954 

492 886 
133 133 497 
82 
277 941 941 
434 983 
559 845 1003 



701 773 773 773 
353 
277 277 

954 
335 502 502 

391 391 826 826 954 
29 762 
344 
985 
740 740 
366 399 
328 698 870 954 
556 1014 
154 
93 277 
387 387 
281 786 890 
197 197 
230 382 382 790 
925 925 
280 280 794 885 
151 930 930 938 
277 876 
424 614 644 
11 11 120 120 120 120 160 160 564 839 879 879 879 954 954 
544 810 
482 
33 686 686 686 1011 
366 
241 241 344 420 866 880 880 
954 

12 12 41 147 147 155 155 166 172 197 197 209 267 267 267 343 413 457 513 699 787 999 
741 1006 1006 
529 
123 123 229 229 229 630 630 780 863 886 
505 1017 
674 

427 427 427 
532 

271 
64 
410 410 473 902 
560 928 928 962 1006 

2 928 
266 266 266 
344 
318 318 963 
434 756 
143 143 635 635 
561 
162 739 
660 660 734 881 881 881 881 882 
392 392 748 
0 171 171 310 310 454 454 633 661 837 901 901 954 954 
366 458 607 
544 
1005 

340 340 
162 229 229 
324 363 366 396 399 399 399 476 745 745 745 840 886 944 980 
233 233 632 654 
185 238 910 
667 667 853 853 853 
194 855 
162 931 931 
23 23 74 74 74 74 581 952 


85 85 162 162 162 168 168 229 435 456 456 456 780 780 974 
367 
250 
425 
402 402 937 937 937 937 

265 428 428 428 557 
932 
241 861 861 
547 873 998 
40 40 
842 
571 
252 
301 
571 1006 1009 1009 
277 324 324 348 
624 831 831 
660 883 938 
496 959 
102 102 

505 

15 82 82 235 235 497 497 501 501 699 737 847 886 886 939 954 
208 
455 
509 1006 1006 
71 202 407 448 448 
434 756 
309 309 323 323 323 357 744 814 910 
63 252 360 360 376 642 642 642 642 
17 82 82 583 979 

954 954 
277 277 375 375 954 
582 954 
74 74 
541 
104 113 119 123 123 123 204 229 229 277 277 321 439 439 439 472 472 514 533 533 533 715 758 903 925 

673 

36 36 36 82 256 355 355 635 635 
5 328 328 403 
123 123 171 171 171 435 525 792 

509 509 509 
107 107 168 168 168 210 588 723 954 957 957 
82 593 915 
701 
471 780 780 
10 347 432 432 764 769 780 780 807 832 832 943 
238 511 511 660 913 913 913 
428 455 455 
8 954 
308 
376 376 
831 831 911 
2 329 796 994 
277 375 461 

116 
516 954 
402 434 506 506 
674 
277 738 738 738 738 903 
966 966 
328 328 531 
841 
233 886 
118 
223 978 978 
218 218 229 229 229 581 581 794 954 954 
67 67 82 82 219 219 277 355 355 541 541 887 887 
491 491 857 
203 571 
789 
340 340 
151 
199 963 
162 242 303 303 384 384 
494 494 494 954 


148 327 327 714 
82 436 436 449 728 728 728 954 954 
171 615 723 

470 803 803 825 912 912 
374 683 683 781 865 929 
880 
588 
329 329 487 
365 820 939 939 939 
196 196 403 403 767 767 853 853 853 954 954 
197 197 735 735 887 887 
595 606 
377 
335 787 
195 

23 
924 
230 632 
32 897 1000 
6 8 8 20 32 36 36 36 85 85 85 113 113 123 162 162 196 196 196 241 241 277 277 320 323 345 398 398 407 407 407 415 415 427 427 427 445 445 461 461 461 476 476 485 534 544 565 565 565 578 603 632 632 655 719 719 719 726 726 726 730 752 752 765 775 776 780 780 780 781 796 809 819 864 864 871 880 880 880 886 886 891 949 954 987 994 998 1013 1013 1018 1018 1018 
68 227 632 
300 554 554 
790 1004 1004 
115 115 193 901 901 
441 834 834 891 966 
147 147 
767 
966 
116 176 545 660 660 922 922 941 941 

262 305 305 305 334 334 334 959 1002 1002 1002 1002 1008 1008 
79 79 131 229 229 420 420 
204 267 350 350 350 428 1009 

617 
502 
536 536 

362 362 362 397 397 816 
847 909 909 979 979 979 
5 125 621 621 954 
343 
136 154 270 539 
366 366 393 616 616 616 
677 677 
382 
166 359 947 947 

1019 1019 
371 502 836 905 

366 
240 366 366 412 563 624 660 705 705 705 705 959 959 1017 
384 
13 904 
129 898 
98 98 98 277 
82 82 82 242 
922 922 978 978 
277 1007 
252 444 444 444 856 
92 407 407 583 
407 779 
926 954 954 
366 
666 668 
464 559 
42 50 50 64 72 139 158 158 162 162 183 189 197 229 229 266 269 283 298 324 324 339 339 346 375 381 381 383 419 419 423 439 449 449 468 475 475 529 529 533 541 558 570 603 603 872 874 874 876 876 903 903 903 941 954 957 960 988 988 1016 1018 
345 630 630 
722 722 
70 70 301 725 725 
66 467 759 

277 459 954 
954 
427 

432 673 
785 
725 
314 314 892 892 892 
27 27 366 936 

362 

676 
802 
545 545 
277 
420 420 
8 231 423 
137 280 804 804 

204 204 
858 
240 240 240 474 474 742 
385 419 
326 366 366 
179 412 551 551 879 964 
153 153 814 
107 107 412 412 454 454 454 456 
352 352 
760 760 803 803 803 
502 
290 290 491 781 

903 903 903 
874 874 874 
100 100 954 
831 
229 322 476 476 503 503 
162 715 
320 660 
153 153 153 229 603 655 706 864 
114 139 139 277 277 558 664 903 903 
355 
307 366 366 366 777 777 
208 208 361 714 1006 1006 
5 5 61 167 167 191 191 331 531 580 
182 216 216 
35 334 
5 328 606 
548 548 616 616 721 721 
27 
240 240 240 330 366 366 831 831 
53 222 502 502 953 
421 421 421 502 835 936 
548 638 956 
634 1002 
277 277 714 714 714 714 
112 112 201 201 
701 701 917 954 992 
844 853 
82 251 
57 79 99 
229 278 
277 
175 832 
139 616 

242 242 242 
31 457 469 535 548 548 548 629 
311 311 
49 
529 842 993 993 
166 166 197 197 325 728 946 946 946 
780 780 
153 

256 528 528 
154 154 
327 
248 248 248 293 502 731 743 788 
114 366 366 624 
586 586 946 
217 558 592 
8 60 78 108 114 253 253 261 262 262 274 291 307 307 326 326 326 334 334 363 363 393 399 407 409 409 441 470 502 502 502 510 607 607 659 660 700 719 745 745 763 763 777 790 922 922 963 963 970 981 1017 1022 1022 1022 
124 954 

1023 
737 737 
259 490 490 490 
933 
954 954 
213 544 544 757 954 954 
158 158 183 277 988 
154 180 180 
221 
879 879 879 

709 
277 277 
68 68 255 
277 
5 204 204 263 396 767 767 853 
306 419 454 616 661 687 687 988 988 

65 65 612 864 
426 568 568 924 1002 1002 
954 
400 778 893 
55 55 954 
106 106 406 425 439 
253 366 
780 780 
878 878 
17 114 384 
248 248 934 
229 229 690 690 690 871 871 871 
60 114 114 114 366 650 750 823 981 981 999 999 
390 665 778 778 778 
34 34 34 645 645 732 949 1013 1014 1014 
127 127 187 736 1023 
167 218 218 737 954 
991 
869 
392 527 580 
151 229 229 229 271 271 272 366 422 422 427 427 427 427 561 579 579 583 583 584 671 
455 455 886 
366 366 962 
94 94 660 953 953 977 
492 903 903 
262 308 310 310 660 660 878 
82 586 609 609 841 946 
506 682 954 954 954 
229 229 504 672 
761 761 824 
30 30 

277 277 306 385 543 543 988 988 
79 241 241 299 299 573 
336 336 336 
26 407 407 583 584 584 979 979 
277 300 
73 882 882 
126 392 
388 
89 89 89 229 229 229 285 407 407 407 407 474 474 519 671 695 695 849 854 975 
129 129 129 177 242 463 498 498 557 557 557 684 709 755 843 861 937 937 937 
767 


175 175 287 740 780 780 880 
652 652 652 652 
43 101 152 187 515 698 756 756 820 820 954 
123 168 786 877 995 
209 209 

660 728 733 733 
20 162 162 162 277 392 570 570 
563 660 
234 366 679 

747 894 894 
270 270 270 808 
229 229 817 

463 463 463 763 
151 151 451 
209 277 277 

448 1016 
530 954 
27 903 
107 107 310 310 310 385 
149 177 177 408 408 
123 123 123 310 
82 351 
108 939 
283 957 
780 
183 229 229 229 1011 1011 
546 
428 447 447 447 
276 
590 594 

281 877 888 980 
277 475 
351 726 726 726 810 
212 366 912 
174 780 
162 162 572 797 925 
94 881 881 
305 305 427 427 975 1012 
277 277 468 679 914 923 
114 229 229 320 320 
954 
971 
954 
502 981 

76 958 
780 
950 950 
229 707 707 

216 862 1006 
693 

371 371 371 715 748 797 797 
198 198 314 518 954 997 
39 411 954 
663 
205 205 205 
568 
142 563 959 
40 147 147 857 857 940 954 954 954 
428 428 841 841 841 841 861 861 1010 

954 954 954 
147 147 
53 53 245 259 313 335 335 336 362 366 366 366 480 532 607 674 720 738 738 763 800 836 836 922 922 922 
320 320 
415 
86 145 
187 187 414 756 851 
656 656 656 902 902 902 902 908 908 908 
662 
150 170 170 170 1017 1017 
366 797 797 
176 176 660 660 
719 
82 954 954 
162 544 
434 
186 689 

491 553 
427 
608 759 759 
660 660 
555 
981 981 
618 736 
168 
767 767 954 954 
406 
359 359 
84 277 277 354 
452 789 954 
5 5 191 328 710 710 710 938 
22 90 502 692 905 907 966 966 
162 162 162 277 637 637 715 715 
229 918 
351 
246 246 582 954 

1003 1003 
252 

161 197 197 277 

419 419 
7 7 75 109 229 374 374 514 775 775 
238 297 297 562 562 596 596 922 922 941 978 
462 780 886 
132 954 
332 332 337 351 351 351 719 721 721 721 721 782 795 795 810 810 810 835 835 921 954 954 
1006 
11 903 
308 308 
742 820 820 
8 518 
231 231 957 
522 
62 
129 428 428 428 640 861 937 937 
277 324 365 939 939 939 
44 276 628 712 712 712 784 784 922 
95 
103 407 
545 545 
262 440 496 
74 
229 229 229 927 
952 952 952 978 978 
876 876 944 
388 388 495 692 1002 
767 767 983 
277 439 439 
135 138 199 954 954 954 
472 
420 
684 937 

860 860 

229 
407 407 851 851 
328 406 
120 196 196 
159 536 587 950 
155 271 407 407 422 
26 26 407 422 422 
702 
364 364 413 946 
582 942 942 942 972 972 
18 171 215 963 
772 
465 926 
30 
365 
172 
465 640 640 647 
220 
545 545 922 
992 
819 969 

36 36 861 861 871 
801 801 805 805 954 954 
954 954 
32 32 229 277 277 323 702 
826 1006 

220 331 903 
108 366 366 502 
520 759 
413 413 660 

866 880 880 
387 

73 830 994 994 
210 
253 253 253 332 332 348 385 632 663 663 663 687 
23 244 
524 1009 
900 

250 250 
632 
780 
140 262 363 959 
767 
810 

559 862 862 862 
31 31 31 351 695 
85 85 278 278 690 

115 227 229 229 230 616 622 873 1014 
107 711 711 821 821 821 
338 924 
102 102 166 166 

533 533 
337 679 

557 594 594 833 954 954 

154 154 154 154 801 
16 17 
73 
401 401 732 732 1014 1014 
761 761 992 
594 847 
1 1 9 9 1002 
736 943 
399 836 836 
1019 
433 433 433 433 
840 
115 985 985 
229 323 864 
507 507 507 978 

11 11 810 
366 953 
105 105 141 176 238 238 262 322 366 410 412 412 438 440 511 511 521 521 609 673 678 835 835 835 835 878 922 922 938 938 954 986 986 
107 385 837 837 861 861 861 861 899 899 
508 
493 616 616 616 1006 1006 1006 1006 1006 
1 1 324 834 834 
400 989 
275 668 964 964 
117 117 676 
275 666 

880 
407 427 
415 
164 287 660 791 
87 188 502 990 

295 667 1007 
254 254 
660 
441 475 638 831 

869 954 
414 889 
213 213 865 865 865 
428 574 755 755 755 870 892 937 954 954 

77 77 77 
385 385 616 

516 946 
398 398 398 630 
706 706 
532 568 917 
488 814 814 

427 427 629 780 812 
879 

7 7 61 434 871 988 
82 147 
366 
48 173 341 341 
585 603 
740 
954 954 
262 262 262 262 
323 691 691 871 
485 485 

380 428 920 
5 531 531 531 
633 633 
559 559 559 922 
954 
208 327 339 339 339 339 1001 1001 1001 1006 1006 
162 321 490 533 533 739 797 

839 839 

229 229 229 366 512 548 
502 
332 332 548 548 548 548 838 838 954 954 
279 279 
171 210 

18 18 280 280 289 954 
229 229 229 469 469 469 730 730 
902 
19 209 209 209 355 438 
922 
229 726 726 
362 
401 645 645 1013 1013 1014 
438 438 954 
105 
219 219 973 
402 524 649 954 954 1023 
147 370 370 403 954 
189 189 189 189 502 502 966 
104 715 835 
59 59 432 703 780 
83 1006 
305 552 
362 816 
153 827 
114 114 114 366 366 
32 
1 443 
106 490 
841 841 
399 
37 829 829 829 829 940 
229 229 
988 

428 684 684 684 771 
101 152 434 434 506 820 820 
374 
162 
6 6 281 520 520 608 
312 312 803 
416 416 646 646 
56 763 763 
366 366 447 502 762 762 
175 
229 

218 218 236 384 384 429 526 526 569 569 625 844 844 853 853 931 992 992 

175 780 
920 920 
755 
589 794 794 
48 48 48 
935 935 935 
229 544 544 
229 
326 326 366 
390 400 400 400 
272 
25 85 123 123 174 174 175 175 229 229 229 356 356 394 394 432 432 460 471 483 546 623 695 740 769 854 875 886 886 886 943 969 969 1015 
213 229 314 845 
548 795 795 975 

559 559 
288 
66 435 842 
82 222 954 954 954 
362 
8 8 200 530 
68 232 366 
673 
168 
889 
70 196 772 772 885 885 
548 548 782 782 1001 1001 1001 
182 229 
472 490 490 510 510 715 


502 
601 601 642 954 
296 
13 212 212 312 312 312 760 825 825 825 
301 301 
601 601 878 945 
810 
175 832 
444 
229 906 906 
75 469 548 548 548 626 658 806 868 

695 
922 
153 309 693 693 
888 888 
248 743 
445 

229 598 
217 434 434 552 552 756 756 916 
633 633 633 966 966 
32 1022 1022 
399 
416 
212 803 803 803 
55 55 604 1006 
744 
978 
751 751 751 751 954 
614 
140 140 181 181 319 334 334 679 911 959 
175 175 347 807 
640 
234 234 664 664 
336 548 548 660 660 660 660 739 
259 502 502 650 650 
107 661 661 899 
721 721 952 954 1020 
74 717 717 
114 653 
192 413 498 498 498 498 749 749 930 946 954 
134 354 786 954 
428 
342 767 767 
44 781 

147 249 647 1017 
1005 
427 
905 905 966 
506 579 579 
945 
29 117 117 117 218 218 218 342 384 767 767 
427 780 
118 951 
270 
198 497 497 954 
304 

576 576 991 
131 131 428 498 498 557 600 600 661 661 661 661 1010 
487 628 628 628 
85 
229 229 323 387 655 
213 683 683 683 
79 611 
1008 
810 
405 681 
61 684 
229 398 398 398 600 698 706 
277 
132 632 
277 277 317 317 317 900 
780 886 886 
72 277 277 567 567 
435 467 
395 395 412 660 805 
23 74 74 74 308 378 378 378 696 1005 
79 79 214 229 229 229 432 611 611 670 996 996 996 
105 105 105 105 473 473 
105 424 424 907 
141 
30 
70 794 794 
39 85 114 147 147 193 229 229 408 546 780 780 780 875 875 
197 197 219 219 
467 815 815 
682 793 950 950 950 
66 
229 234 
290 290 290 684 955 
390 
443 443 


228 
265 
661 661 837 982 982 
619 874 
0 107 107 233 233 
94 507 507 507 507 727 908 
162 189 277 277 277 316 316 316 324 324 411 411 453 550 606 972 972 
264 
259 532 850 850 966 
809 809 
532 882 954 
507 507 507 902 
249 249 
116 153 
181 831 
212 212 470 
176 176 176 
475 
172 
820 
341 692 
534 
977 
709 770 770 
548 956 
21 21 238 238 268 268 366 366 502 502 502 545 545 559 596 660 660 712 729 813 927 927 927 978 
475 
226 388 634 
69 69 162 472 
273 590 
565 922 922 922 968 
95 95 97 935 935 1006 1009 
213 997 
71 71 841 
119 119 767 
130 
372 963 
397 
774 774 774 928 928 985 1002 1006 1006 
291 336 
37 37 127 127 127 127 428 428 428 557 557 574 684 954 954 977 977 977 
71 141 531 660 660 
147 217 217 217 458 558 558 558 
497 751 
42 42 238 238 277 545 
587 587 587 
175 649 780 
114 567 976 
805 852 
355 355 355 364 413 586 689 841 
256 256 

229 401 
484 484 582 889 889 889 
855 
120 566 566 566 838 954 954 
335 410 410 659 
5 5 14 16 16 30 37 52 55 61 74 74 80 107 107 147 157 157 158 159 171 178 186 196 196 205 209 209 218 218 229 250 273 273 277 283 284 318 341 367 373 373 374 374 389 391 403 414 414 414 434 452 477 479 491 492 497 497 497 500 500 500 513 513 526 526 530 536 547 548 548 571 571 571 601 601 602 602 640 640 660 681 684 684 704 704 713 721 721 725 733 736 736 737 787 787 787 801 829 838 841 842 857 907 937 937 952 952 963 1002 1006 1006 
892 
337 921 
171 171 277 459 554 
482 
142 240 262 262 496 624 831 
277 

95 409 
100 203 366 366 588 933 954 
308 666 666 

190 190 234 237 532 532 738 821 821 850 905 

927 
598 780 780 
366 
478 
587 587 903 903 
735 
123 
427 474 782 
944 980 
410 919 937 937 937 1023 1023 
195 195 268 268 545 566 566 656 828 922 
155 249 249 249 422 422 
114 467 976 
366 399 399 480 523 523 
899 899 
43 569 

58 654 654 935 
660 660 
6 229 
277 277 375 385 385 419 419 698 753 
665 
674 
404 860 
5 341 597 646 767 767 
354 354 1007 
182 229 614 614 
435 
880 880 880 
491 929 
32 132 229 
82 399 399 
228 
714 714 714 795 795 795 
1 9 240 240 240 240 338 388 388 568 648 935 954 1006 1006 1008 1008 
44 538 538 
232 232 
23 110 848 879 
83 83 95 138 150 150 327 327 487 549 604 663 663 663 663 663 714 714 741 826 928 935 935 954 954 1002 1002 
269 676 993 
240 240 867 1002 1002 
138 138 242 618 928 
498 861 
77 461 461 
474 
229 229 401 732 732 
62 401 401 632 645 645 732 
780 
277 451 
86 262 366 509 509 847 
229 229 229 277 
258 258 651 
838 

366 366 366 822 822 
369 402 736 977 977 
