nodes: 1024 edges: 1948
107 194 310 
9 118 664 1002 1002 
182 182 387 832 832 

172 353 353 
64 167 250 250 250 263 263 328 328 331 331 341 384 569 625 710 767 954 992 992 
281 520 520 520 759 994 994 994 
61 328 328 661 661 
300 
1 
175 667 943 
390 
82 103 
803 

162 162 162 910 

19 82 645 645 645 
725 
17 82 537 537 537 651 804 
776 925 
545 545 922 922 927 968 
444 444 539 539 648 
74 82 82 82 120 120 154 154 154 225 308 330 479 617 879 
803 803 
780 780 
422 
886 
111 326 463 

224 417 636 884 884 954 
80 
132 229 229 603 795 822 822 

461 461 
482 482 482 
166 635 
602 602 751 937 

492 

147 155 684 
766 
977 977 
481 481 481 481 559 845 845 
366 399 
176 176 660 995 995 
122 
179 773 
198 
277 277 473 473 522 
129 129 129 
110 452 530 
502 502 532 876 876 
179 179 
954 
651 
69 69 344 
985 985 985 1010 1010 
324 324 665 822 915 
366 399 977 
7 657 710 
314 380 380 380 502 502 529 529 529 556 556 
112 348 376 887 887 
5 229 697 
272 274 
683 786 
229 229 229 843 997 997 
658 658 
57 57 472 472 
589 589 
151 448 687 687 687 
237 277 567 820 820 
79 79 79 79 497 497 540 614 817 817 817 1017 1017 
23 564 599 646 646 717 717 717 748 879 879 879 954 
148 
194 194 194 712 
229 
366 366 722 722 
73 73 73 73 111 111 184 229 229 229 241 299 344 344 611 819 
31 548 548 548 954 1017 1017 
604 959 
12 17 19 23 23 23 147 147 147 155 172 172 209 355 500 500 513 513 537 593 699 728 798 798 798 954 
714 714 714 
277 277 277 757 
123 123 123 462 502 780 
792 1017 
674 674 986 
567 

453 532 790 790 902 
559 
1010 

473 727 902 902 

714 714 974 
236 935 
739 984 984 

244 318 933 

645 645 645 
12 
739 
986 

0 171 310 661 661 711 899 899 
366 409 607 607 607 652 904 
775 
52 164 1005 
28 79 79 590 
63 
277 277 277 
232 363 366 580 580 944 980 
229 229 654 654 
238 238 244 309 771 771 814 934 
138 
1 459 664 664 
162 
23 23 
277 390 397 397 569 569 596 596 
47 453 846 
85 85 85 168 229 229 435 492 780 995 995 995 1004 1004 
367 367 
210 210 567 567 923 923 
648 648 
402 1023 1023 
954 954 
51 51 51 265 265 428 428 428 486 486 557 557 898 
932 
407 859 859 
32 434 544 873 
774 
367 
199 571 
252 856 
557 
117 242 421 1006 1006 1009 
277 541 778 778 855 
911 
734 
298 298 624 831 831 831 831 

187 422 
505 505 1017 
417 417 954 
41 82 82 82 171 235 262 262 262 262 497 497 497 816 816 816 954 
75 208 208 208 
650 981 
1006 
71 
276 617 756 756 
323 
23 23 23 252 252 252 359 856 856 
41 82 
263 263 263 
205 
277 
954 

541 
15 15 15 119 182 182 182 229 229 229 266 277 277 289 303 303 321 472 472 514 572 715 739 758 797 903 903 925 

110 673 673 673 

36 256 635 
5 191 580 
123 317 317 730 730 863 863 
183 
799 799 
107 147 723 954 
4 82 82 576 
339 
702 724 780 
10 347 430 430 430 764 769 769 780 780 807 832 832 943 969 969 
46 46 511 511 684 684 754 827 827 827 827 
486 486 
587 587 728 728 1006 
48 54 54 
192 192 522 
831 
2 2 162 162 162 229 229 329 329 329 796 796 
169 277 858 
79 195 195 195 

516 954 
144 756 

277 277 277 383 612 867 903 
234 
167 531 
180 180 303 391 783 783 783 
311 311 311 1004 1004 
0 76 76 76 277 958 
184 184 184 
222 222 229 229 437 581 948 954 
668 
49 
135 203 794 
530 
340 340 418 418 418 567 567 567 673 684 850 850 
998 
199 244 
321 321 321 321 791 
157 279 954 
277 
247 
148 148 148 327 714 714 714 714 717 
82 305 785 785 785 
125 125 723 
284 317 
282 282 282 470 825 938 

611 611 880 
588 723 

434 820 
954 987 
495 495 621 887 
437 651 651 
229 270 377 377 377 439 
196 196 
978 978 
30 
23 491 833 
388 924 924 

897 
32 32 64 67 67 67 77 79 79 79 115 115 123 123 162 162 162 182 182 196 196 221 250 269 277 277 281 320 323 358 387 405 405 407 407 424 464 476 476 534 544 578 600 600 603 603 603 630 630 632 632 681 706 719 726 726 726 746 746 746 752 766 775 776 780 780 780 796 869 880 886 886 886 949 987 1013 1013 1013 
719 
554 554 845 
114 363 363 787 787 
632 
190 631 834 
147 
97 
72 
116 116 423 660 660 922 922 
699 950 
305 907 907 
79 
138 794 
665 665 665 665 874 874 874 
100 116 203 302 
502 
536 
207 647 
788 816 
412 416 847 909 
5 5 5 229 621 887 887 
343 518 
136 154 154 154 270 539 539 856 
393 393 393 
677 677 1011 
810 
166 
311 311 311 476 545 
897 897 

549 549 
366 422 
147 147 147 147 324 366 366 440 493 521 563 563 563 624 660 660 799 959 959 1017 1017 
5 5 156 156 156 384 384 
518 577 767 767 954 
129 129 898 1022 1022 
162 277 739 739 949 
991 
576 576 576 850 850 
229 277 
221 252 376 808 
671 671 
65 347 347 347 407 
302 488 542 542 
65 407 407 407 779 779 
666 773 773 
152 479 479 
50 50 72 84 84 84 113 113 113 121 139 158 162 162 183 189 189 189 194 206 229 229 266 269 296 298 298 324 324 324 324 346 346 346 411 419 419 453 459 459 475 529 529 533 541 570 603 621 621 621 666 666 697 707 739 739 771 802 855 872 902 902 903 903 941 941 954 957 988 1018 

205 722 823 
486 725 
6 229 759 987 987 
212 212 212 468 468 468 876 876 
429 513 
211 800 
407 407 778 

673 673 
921 
162 
314 314 402 491 
366 366 806 
461 872 872 
362 722 722 
567 

277 475 475 
545 
142 142 277 277 619 860 929 929 929 
79 420 
8 554 896 
684 684 684 728 
244 273 
162 162 192 

209 240 907 
385 419 683 
777 
23 551 964 
116 372 372 
0 107 317 456 954 954 
193 193 193 257 257 257 565 596 754 922 
803 

62 290 290 491 

379 617 903 903 
168 168 211 310 
100 414 414 414 414 954 
831 831 
229 362 957 
162 204 204 204 204 
641 641 641 878 
153 229 357 603 603 655 655 706 706 706 827 864 871 
59 59 262 277 277 277 277 346 876 876 876 903 903 903 
343 
28 333 333 652 777 777 
208 714 714 1006 
5 5 7 7 580 580 
182 182 182 590 590 796 
23 
5 5 908 908 908 
366 
326 326 622 622 622 622 
523 523 
366 720 720 984 984 984 
659 659 659 659 800 
351 548 810 
924 924 
173 551 
201 201 418 684 
5 597 954 
853 853 
251 325 763 
57 79 79 
830 918 
277 277 277 324 452 452 
175 272 272 272 832 832 
63 
823 
428 755 755 755 
337 457 548 810 983 983 
813 
4 4 
954 954 993 993 1007 
82 643 
872 872 
323 780 
229 603 
154 502 502 
502 541 
714 
293 320 615 743 743 984 
114 232 232 366 366 641 
586 586 
820 820 
45 60 78 78 108 114 261 262 262 291 291 332 335 363 363 372 399 399 407 450 470 470 476 502 502 510 510 523 616 616 660 663 663 663 700 719 745 745 777 790 889 902 902 922 922 954 954 976 980 999 999 1007 1007 1007 1017 1017 
124 124 134 954 954 


737 882 954 954 
490 490 
309 309 366 523 523 963 963 
681 
644 954 
613 613 988 
63 270 403 403 
221 221 221 
618 819 819 879 
316 
62 62 62 428 
433 

189 
5 263 263 396 767 
306 

2 229 
226 568 634 924 924 1002 
997 
11 121 400 400 663 663 788 788 805 805 
192 954 
406 439 527 527 
253 253 253 564 790 
451 874 
805 878 
384 767 857 
121 121 816 
775 819 819 819 
45 60 366 366 599 599 599 823 853 981 
390 390 852 852 852 852 
1013 1014 
127 290 736 736 937 937 937 1023 
376 376 954 

229 229 869 
392 
131 229 229 272 274 274 274 285 285 366 422 427 561 583 583 584 864 
460 
108 
660 660 919 977 
277 473 570 903 903 990 
249 999 999 1017 1017 
513 513 586 749 946 
318 318 318 318 530 530 682 868 950 954 954 
504 
249 824 824 
30 146 146 884 
201 201 201 340 
277 277 306 666 666 707 988 1006 
299 573 
138 
26 144 261 407 561 579 584 756 756 756 
238 
229 
434 
1002 
407 483 483 583 625 625 671 695 780 780 854 975 1012 
129 129 129 350 380 463 486 486 557 684 684 709 709 755 822 838 879 937 
283 816 835 835 
175 175 175 764 
1002 
1015 
381 853 853 954 
132 217 425 479 515 516 768 820 820 820 
123 525 786 786 877 995 995 
922 955 
196 220 545 1004 1004 

221 392 855 
262 
515 515 

747 747 
22 22 


463 463 
71 
558 
366 
394 637 780 
52 346 346 708 708 954 954 
90 122 277 550 550 918 
661 
725 
310 
351 535 
977 
118 277 277 957 1006 1006 1006 1006 
408 
34 34 292 949 949 
85 546 929 
28 428 447 447 649 
229 578 
590 900 900 926 926 954 

888 954 973 
282 282 282 
810 
212 366 366 566 912 959 

69 69 162 162 572 735 925 978 978 
50 50 94 411 881 881 
975 
277 296 296 720 802 
229 229 257 366 934 957 957 
1023 
971 971 
23 276 276 434 518 712 1010 
889 889 
44 44 44 44 
35 35 35 712 
427 427 671 
889 889 889 950 

129 129 177 177 280 428 428 801 801 898 898 954 
714 730 741 741 862 862 
273 756 
726 726 818 
371 371 
225 290 314 954 
39 123 
262 764 982 1000 
746 746 954 954 
219 219 568 
809 809 
73 73 147 147 147 790 790 954 954 954 


82 82 

53 53 62 62 85 245 359 359 360 366 366 528 528 532 532 556 607 674 720 731 763 773 836 922 922 966 984 984 
735 
415 636 
145 145 648 648 
756 
656 662 
662 969 969 969 

366 366 
176 176 

82 82 283 413 413 787 
162 637 1017 
434 441 441 820 874 874 961 961 
186 434 820 820 1023 1023 

251 264 479 
780 780 
6 6 6 680 680 759 
262 
50 180 555 
334 334 366 372 372 817 817 

435 
767 844 844 
392 392 927 
502 502 859 859 
62 62 62 277 277 954 954 
52 200 414 414 789 954 954 
191 
53 90 502 502 692 738 
277 
229 
457 
246 
19 19 19 82 
632 
22 22 252 252 808 1017 1017 1017 
73 
139 161 277 360 
273 273 739 
855 855 
132 229 614 998 
21 21 257 297 437 596 596 596 922 978 
462 
954 
80 80 80 337 351 782 795 795 810 835 835 
260 260 1006 
453 453 972 972 972 972 
308 339 964 


231 231 300 
522 
62 62 502 
129 129 137 428 684 684 937 947 
449 
44 91 712 758 784 922 
676 676 1006 
407 422 
922 
262 262 262 959 
74 393 
311 
470 978 
72 88 125 125 201 201 201 294 571 571 
388 495 1002 1002 
5 121 121 767 
277 411 
135 567 567 
162 472 721 
420 
741 
875 875 
172 268 268 268 775 
264 
229 464 
422 851 851 
114 114 167 328 328 722 
196 
587 950 950 1007 
407 407 427 
407 422 667 979 
702 
364 364 413 689 
178 178 582 710 954 
215 607 761 761 761 1000 1000 
70 70 954 
111 329 329 465 715 715 715 926 926 


82 
640 

121 121 311 545 545 545 922 922 922 
341 

74 399 399 399 
229 229 
710 801 
37 37 
32 229 229 229 277 323 323 358 995 995 
81 826 1009 


108 108 108 502 588 777 777 902 
759 
707 707 707 

79 214 214 880 
189 660 733 733 878 878 
375 375 933 
73 544 830 
362 913 
366 366 663 982 
23 152 316 
378 
298 

219 250 277 277 277 
333 333 333 333 632 
734 734 734 
142 262 959 
5 427 427 707 707 707 767 767 

750 
870 

229 229 
234 
229 229 233 538 622 
902 
388 
36 166 
30 504 
451 514 779 779 779 
831 
895 
594 833 833 954 954 
322 322 322 363 

355 
374 817 
17 17 17 102 102 102 907 1014 
74 74 
247 965 965 
22 126 126 505 505 1002 1002 
463 1023 
149 
19 56 220 220 
108 326 
849 849 886 
115 115 985 
323 323 744 
507 
61 954 
68 68 
336 336 336 336 763 
46 238 238 262 262 366 410 410 612 675 675 678 705 721 883 919 922 938 938 954 954 
7 7 107 107 454 837 901 
507 508 
366 366 366 390 390 616 982 
1 118 118 795 
59 243 243 243 243 989 
275 277 277 419 419 
10 584 676 741 1006 
197 

880 880 
271 271 427 483 

164 164 164 201 287 287 791 791 
87 87 502 773 
660 660 793 793 906 906 967 
560 560 667 
254 254 793 793 
660 883 
831 831 831 
520 520 
229 373 722 722 954 
414 801 
66 306 865 954 954 
41 176 176 201 301 301 301 340 428 428 557 557 755 787 937 937 
836 836 836 
983 983 
71 71 71 
1017 1017 
586 


532 

791 791 1019 
427 
796 796 
64 277 802 

82 239 939 939 954 
366 950 

174 585 


660 
229 323 323 323 
277 419 609 609 609 625 625 625 
452 452 
428 428 920 
5 61 587 601 
107 967 967 981 
76 479 482 559 845 922 922 922 
954 
83 83 83 96 96 208 208 208 208 327 327 361 487 746 746 900 974 1006 
162 590 590 590 797 

74 74 74 208 839 998 998 998 
991 991 
229 230 366 
335 335 475 502 773 773 773 
572 660 838 838 954 
78 78 279 293 293 580 681 681 823 
171 210 215 
174 
18 280 455 804 804 805 954 
229 229 229 489 489 747 894 
94 
82 178 178 301 1018 1018 

168 168 487 906 
502 

612 612 
141 623 623 623 
472 503 
402 402 954 
370 
532 966 
98 104 162 266 266 277 277 542 

487 487 574 667 1006 1006 
901 
362 362 
655 827 827 
366 366 
229 229 229 494 494 714 714 1002 1002 1002 1002 
443 443 726 818 818 
74 
413 930 
627 
37 954 954 
229 776 776 776 
988 988 
176 311 
350 350 350 428 684 934 
152 152 187 422 422 422 488 506 954 954 
84 949 
162 559 1017 1017 
6 281 520 608 
803 803 803 803 825 
588 588 588 

343 502 659 
175 430 493 943 

42 229 
5 264 264 384 396 526 569 625 625 844 844 954 954 
434 
175 175 780 
834 840 
116 116 277 

48 275 275 502 674 720 720 720 
133 
109 229 398 576 
20 229 752 752 752 
307 326 326 366 607 607 
139 139 285 805 
274 274 637 637 637 
25 25 85 123 174 175 175 229 229 229 357 427 427 451 519 519 769 886 886 943 969 1015 1015 1015 

548 
192 192 192 
559 
209 209 209 
66 435 435 
232 232 513 684 892 892 954 954 
248 390 390 
530 
90 90 366 393 497 497 795 992 
204 673 673 694 694 870 
86 
675 675 677 677 
199 242 
32 548 548 664 790 835 835 1001 
182 182 229 329 696 696 936 936 936 936 
162 715 
82 82 82 
170 170 262 
284 336 876 
486 486 601 682 954 
277 475 697 
13 24 24 312 760 760 760 760 825 
19 725 725 
390 390 395 725 778 945 945 954 954 
291 810 
175 832 832 946 
270 539 
496 496 
255 337 351 469 548 806 956 


352 922 922 
116 
888 
147 147 147 248 397 429 936 936 
73 73 73 523 523 644 
489 747 747 942 
79 378 378 398 398 398 
72 72 217 365 365 434 434 434 515 516 516 916 
966 
32 32 59 428 
279 349 399 722 
416 416 963 
212 760 803 
604 853 853 1006 
176 176 176 176 323 744 744 
922 978 
954 
345 614 987 
142 142 142 142 181 319 319 638 679 679 679 911 959 
2 2 175 175 347 347 807 807 
225 640 640 935 
234 770 
429 429 548 548 795 795 
502 685 685 685 
661 
428 721 721 1020 
717 
770 
906 906 906 946 954 
954 954 
67 
526 526 767 767 945 
44 44 231 712 
122 
249 1017 1017 
1005 1013 
653 653 
201 201 268 268 
579 579 
400 400 400 400 
342 342 399 433 433 826 826 
427 
139 277 439 543 543 958 
136 154 154 252 
396 
183 903 903 
131 131 528 528 
298 

487 487 
168 168 
323 407 
683 

189 935 935 1008 
414 903 
229 405 
628 791 
323 
277 292 292 356 356 982 982 
132 
243 243 243 394 515 515 
575 575 886 
53 53 282 282 324 324 324 800 
435 
322 395 612 612 
23 74 74 74 378 428 1005 
214 229 611 670 670 996 
473 473 
370 
660 678 
30 30 417 1006 1006 

27 229 229 229 653 780 780 875 
63 63 219 250 250 
467 815 
366 480 480 484 484 484 950 


787 787 

726 
639 
300 
228 258 258 
129 265 486 486 1022 1022 
107 107 
465 465 714 
661 742 
90 94 94 277 277 366 366 607 633 
162 162 189 277 277 316 316 324 324 324 411 411 858 858 868 972 972 
108 

675 675 730 841 841 841 
240 240 305 645 
331 331 331 
249 
15 
140 831 
470 
615 

59 
820 

345 453 
410 660 
709 
288 956 
21 21 238 238 311 366 366 436 502 502 545 559 562 596 596 596 660 712 712 712 813 813 828 978 
125 125 
226 226 338 338 388 388 1002 
20 162 472 
465 465 590 590 
21 527 
935 935 
298 298 298 462 
749 

130 
100 613 963 
116 476 755 
97 833 867 867 928 928 1002 1002 1006 
796 796 796 796 816 816 
37 402 402 402 428 557 684 684 1023 
212 660 660 
699 699 

277 277 963 
818 
10 175 764 780 
114 980 
805 805 844 
413 807 841 
557 
196 
229 266 461 461 757 1013 
239 414 484 582 582 700 889 

954 

5 30 55 74 80 82 128 128 146 147 159 171 186 196 205 218 264 277 310 310 318 341 354 354 366 366 367 367 370 370 374 391 403 414 414 433 452 452 465 467 486 491 494 494 497 497 497 529 529 530 530 547 587 589 640 640 657 660 660 681 683 683 699 713 721 725 736 751 751 756 756 767 767 787 787 801 805 805 829 841 842 842 952 963 993 1002 1002 1006 1023 1023 
436 
810 921 
277 320 459 476 476 
194 855 
81 262 262 470 563 624 831 

515 515 
1017 
372 372 824 933 941 954 
308 551 
647 647 
502 738 821 
675 711 711 
21 
175 175 508 508 508 780 
976 
478 478 
550 550 550 550 903 903 
467 
96 714 
427 474 1012 1012 
366 970 
43 43 60 410 458 
223 223 472 472 545 566 828 922 
584 
114 366 944 
149 399 711 
493 616 663 872 872 
351 351 686 686 
98 98 335 335 335 362 502 502 
58 58 58 654 
87 105 
218 229 281 281 830 
277 375 419 753 753 
665 
411 
267 718 718 
5 5 790 1017 1017 
354 354 954 1007 1007 
6 6 6 
46 46 123 123 123 435 435 603 603 
880 
67 67 389 
202 544 717 717 717 
366 366 412 412 
493 588 588 1013 1013 
795 
1 1 388 426 431 568 568 648 648 746 746 746 746 924 935 935 954 954 1006 1006 1008 

123 123 193 193 437 437 
110 848 879 
138 138 150 178 327 419 459 459 459 459 549 560 667 714 741 741 826 884 884 935 954 1002 1002 1008 
354 366 366 366 582 993 993 
867 1002 1006 
138 604 
58 58 92 479 
254 
427 975 975 
229 229 229 401 848 949 1000 1000 
401 645 
432 780 780 780 

73 73 80 80 86 145 262 262 366 366 412 412 514 539 539 539 688 688 758 758 847 847 962 992 992 
277 728 728 
694 
838 

265 265 898 898 
127 127 402 477 516 516 649 937 954 954 
