nodes: 1024 edges: 1891
310 
9 664 849 1002 
329 329 329 
414 452 
368 
250 250 328 331 331 341 342 531 531 569 686 767 767 767 992 992 

278 278 

1 
347 
160 748 748 
240 
212 
51 787 954 954 

107 815 
172 240 643 643 
21 436 927 927 927 
82 
162 229 766 766 
18 922 922 968 
117 117 117 
74 110 120 120 308 617 617 879 1005 1005 
728 
478 478 
244 422 422 453 
447 447 447 886 886 
463 
121 853 853 853 
224 417 
351 351 548 548 
229 405 746 746 822 
77 77 442 442 1016 
176 
965 
229 
462 602 602 628 628 751 751 842 937 937 


497 802 954 954 965 
77 77 77 77 

954 
538 712 845 845 1003 1003 
62 62 981 
451 855 1019 
324 324 


277 555 555 700 700 1004 
14 647 647 647 837 998 

502 721 838 838 838 874 874 936 936 

954 954 
220 220 275 582 582 582 651 651 
79 79 524 880 880 880 
458 458 458 
159 903 
366 366 366 399 399 
328 328 686 799 799 799 954 
45 45 109 
154 154 
277 
272 274 449 449 
786 877 877 903 
229 
810 
472 755 925 
325 589 

876 
229 614 644 
23 564 564 646 717 839 839 839 879 954 
810 
958 958 
33 33 41 41 41 41 229 544 
366 
57 57 99 111 229 229 229 241 241 611 819 866 880 905 

472 472 606 761 761 761 826 826 
19 147 197 197 209 209 267 283 343 353 500 513 537 593 643 657 657 699 787 787 
741 
277 419 430 430 
462 780 863 
170 376 376 376 661 799 799 
674 
569 658 
427 427 
692 692 692 

403 691 691 
736 736 902 
277 473 902 
667 798 1006 
974 


79 760 760 
318 436 436 436 436 963 
756 843 843 
324 362 397 397 414 414 480 558 980 

358 358 358 739 739 
986 986 
392 517 517 517 517 
16 171 310 310 837 954 954 
366 
62 229 775 1021 
23 
79 420 
154 

366 399 750 980 980 991 991 
150 229 229 233 632 963 963 963 
238 326 326 326 326 
22 22 22 138 1009 
128 855 855 
162 227 227 739 797 941 
23 23 225 225 225 
29 529 529 529 569 744 
189 
780 780 780 863 863 995 
367 367 
250 569 946 
399 833 833 
402 465 595 736 736 860 860 860 
118 954 954 
265 477 498 498 498 898 
554 554 954 954 
132 271 271 286 407 
131 873 998 
298 298 
954 
199 199 571 
270 270 270 
284 284 284 284 684 684 954 
117 421 1006 
277 361 541 

245 660 
624 959 959 
857 
407 
325 505 
417 884 884 
82 235 497 512 699 714 737 954 954 
208 208 
366 399 999 999 
115 1006 1006 
202 202 407 407 
432 756 756 
323 357 603 
63 63 112 360 360 617 
193 279 629 
589 589 989 989 
205 857 
277 375 
59 171 210 681 954 
11 748 748 
541 689 
20 119 204 229 229 229 277 277 277 303 321 321 439 472 472 637 647 647 647 739 758 758 758 797 903 903 903 
954 
569 
569 660 673 

580 580 
435 525 858 
592 592 
86 1017 
107 159 210 215 954 954 
17 576 576 718 718 915 
205 205 617 617 
273 585 585 780 780 
347 507 780 832 832 832 943 969 
34 511 660 754 
432 498 498 861 

308 308 
856 
266 266 266 562 562 831 831 831 
329 387 387 796 
858 
573 

704 704 799 799 
434 488 756 962 
502 502 773 
122 277 846 872 903 


239 239 354 354 354 391 
155 363 939 939 939 

978 
199 229 229 678 678 681 694 954 
82 82 355 
954 
135 135 196 203 

340 684 
151 151 285 584 
199 571 571 
162 303 
157 173 173 

596 596 596 
148 148 714 811 
82 82 366 905 905 905 954 
159 171 215 215 215 
241 241 241 284 
13 825 
683 
575 611 880 880 880 
171 210 210 210 

425 434 434 451 500 500 500 594 594 
869 954 1002 
887 887 
56 56 437 437 521 521 521 595 595 
229 377 478 
787 
816 
30 
120 120 120 795 879 
388 388 388 
119 119 
699 741 1000 
20 32 36 67 73 77 79 79 79 109 115 115 162 162 162 196 196 221 241 277 281 320 320 323 323 358 366 366 368 407 407 407 408 424 427 427 430 442 442 442 446 464 464 476 485 500 500 500 544 578 600 600 600 632 632 681 681 706 706 719 722 747 752 775 780 780 796 796 818 829 829 829 830 830 863 864 869 880 885 885 886 886 891 906 948 948 949 949 987 994 998 998 1013 
719 
554 
916 916 916 916 
115 632 632 689 
631 631 642 642 642 810 810 834 956 
147 


116 609 609 609 609 660 922 
192 192 273 273 273 366 366 391 391 671 950 954 954 
12 17 602 907 
79 79 211 211 211 229 524 524 
1013 
387 583 671 671 
26 617 642 642 642 
141 313 800 
1009 

397 
568 1017 
5 5 125 621 
343 
376 856 
335 335 
677 


545 545 
791 791 
850 850 
607 

366 440 440 563 563 563 660 660 799 799 959 959 1017 
384 384 384 396 
362 
129 898 
181 181 181 277 277 
82 654 991 

487 954 954 
136 136 136 376 539 
131 131 407 1012 1012 
65 407 
174 239 239 239 302 302 926 
65 366 407 407 627 
56 
769 
50 64 84 94 139 158 162 162 162 189 229 266 266 323 323 339 346 346 354 419 419 423 423 439 453 529 533 543 558 666 707 739 739 758 837 837 852 872 874 876 876 902 902 903 903 903 941 954 957 960 988 988 1016 
7 7 345 387 
155 722 722 
745 745 745 
229 
744 744 
82 954 954 
137 137 137 137 211 619 954 
202 407 723 723 
131 547 782 782 954 954 
673 
553 553 553 921 
355 355 355 355 546 780 780 
314 491 
847 

362 
469 469 
966 966 

545 620 620 620 620 745 
133 133 
642 
740 740 740 
684 
273 273 732 732 926 
162 204 

602 602 
419 901 901 

23 179 179 838 964 

0 107 107 454 454 711 711 954 954 954 

803 825 
245 502 502 529 529 
290 491 491 
648 648 648 935 
379 379 
781 
100 416 

229 229 476 
162 162 
503 660 660 878 938 938 
153 229 229 277 277 706 744 744 864 864 
47 47 102 346 846 
70 145 355 
116 116 116 116 

5 61 61 384 625 
2 2 2 182 

5 5 625 686 686 686 
616 

366 530 
253 253 502 502 

956 956 
825 919 
277 
201 418 684 
5 597 954 992 992 
5 767 
82 251 
611 619 
278 
277 277 324 407 
10 175 733 832 832 
568 568 988 
823 
758 758 758 
31 31 460 469 548 548 782 810 
922 
82 429 
192 192 192 277 749 954 1007 
197 289 289 289 289 325 
780 850 850 850 
153 
104 104 104 229 
502 528 528 
154 154 684 755 
139 410 410 410 
102 264 293 502 502 518 518 518 816 984 
193 366 366 
946 
391 
60 60 60 78 108 114 149 209 229 229 239 239 262 274 334 363 363 372 399 407 407 441 476 502 502 502 510 523 657 660 660 660 668 688 700 719 790 847 889 922 922 922 950 980 980 981 999 1017 1017 1017 1022 
124 124 
4 229 487 733 733 733 878 878 
937 937 
737 954 
680 797 
366 523 817 
605 605 605 

158 
86 86 86 252 270 513 513 513 513 820 
221 
618 618 
316 316 502 713 

419 988 988 
810 810 956 
852 852 852 
263 263 263 328 396 396 767 
419 
524 722 736 787 918 
182 182 243 278 
226 226 226 426 426 924 1002 

778 
192 239 239 365 950 950 950 
106 527 

451 770 770 

263 384 384 
102 102 248 802 816 
706 
60 60 114 126 149 366 594 816 944 981 981 999 

697 732 949 1013 1013 1013 1014 
127 736 736 
92 954 
603 
32 565 565 869 
527 527 527 
131 144 151 151 229 229 229 271 272 274 274 285 346 366 366 422 427 584 584 
229 909 
652 904 
361 361 361 526 526 660 678 919 977 
492 903 903 

586 586 
3 102 102 950 950 954 954 
960 960 1007 
318 
30 146 591 636 636 884 
340 
84 277 277 306 381 385 
111 573 642 866 
138 
26 26 407 561 561 561 
277 277 
229 
217 539 539 
388 388 653 1002 1002 
89 89 229 229 407 483 483 583 695 695 780 780 826 826 1012 
431 463 463 486 557 684 684 755 843 861 937 937 
353 966 
84 84 229 
428 
152 177 486 780 
954 
187 217 217 768 768 
168 550 550 550 786 877 995 995 
18 100 100 100 100 922 
220 220 887 887 
733 913 913 913 
162 277 603 855 
262 262 609 609 660 662 
366 
33 33 229 229 229 
708 708 708 747 
539 539 

229 885 885 885 
27 27 27 709 709 

65 65 

46 217 394 780 780 780 
3 
26 277 550 550 903 903 963 
310 310 661 



58 58 58 777 777 985 
957 957 
351 575 782 875 
949 949 954 
37 85 
28 428 428 623 709 
229 229 988 988 988 
127 

639 

294 294 351 511 


69 81 81 162 162 735 735 761 
94 881 
929 929 1012 
802 914 
229 320 366 781 781 
129 486 736 
25 25 221 
491 491 518 518 1010 1010 
102 
712 750 

427 427 840 840 
889 950 950 
229 
428 432 477 696 861 
269 368 714 714 771 771 862 1006 
187 693 

797 797 
290 314 314 479 479 545 954 955 
411 
982 

568 568 
959 
40 147 817 954 
129 129 129 177 177 898 898 898 
789 789 789 
82 217 217 217 229 229 229 820 

53 188 188 313 313 335 335 359 362 362 366 366 366 379 532 607 607 659 659 674 685 763 773 836 922 922 922 966 966 
322 
993 1007 1007 
145 885 
622 622 
175 662 969 969 969 
662 
946 946 946 
366 700 
176 469 878 
147 789 789 
82 376 376 376 376 
758 
820 961 961 

106 106 106 106 527 537 537 
362 362 362 479 479 577 954 954 954 
727 727 
680 
220 220 220 595 595 
530 530 530 
366 372 
57 241 241 386 736 
168 
410 410 844 844 
392 406 406 406 517 
359 359 
121 121 121 277 313 313 
334 522 522 522 555 555 789 954 
5 5 992 
502 
277 739 

592 592 
571 
82 517 517 
44 1003 1003 
270 425 425 444 444 808 856 

139 161 
926 
277 884 
77 229 998 
257 257 297 491 562 562 596 596 922 922 978 978 
289 647 647 780 780 835 835 835 835 835 
286 857 
31 31 351 351 792 810 810 835 954 956 
667 667 1006 
435 435 435 453 453 858 858 

810 956 
288 288 288 
130 130 231 
50 50 530 530 698 698 
1021 
428 877 937 947 
102 277 619 619 619 
784 
676 
422 422 422 584 
181 181 545 545 729 922 922 
262 262 262 959 
74 74 
405 405 
978 978 
876 
249 348 348 495 495 621 621 1002 1002 
5 88 121 125 164 165 673 767 931 

135 203 203 536 881 

184 420 
684 709 
214 460 653 
172 172 670 915 915 915 915 
518 
229 
851 
167 167 

56 56 56 942 942 950 954 
243 427 
202 407 407 561 979 979 
174 174 
413 413 946 946 
681 681 

70 156 156 954 

417 
169 169 535 535 746 746 
82 699 
217 217 399 640 640 
127 220 220 521 521 
207 207 207 545 545 805 805 922 
341 917 

879 879 
229 229 229 871 871 
801 805 954 
37 37 240 305 305 751 907 907 907 954 
153 404 439 
683 1006 
373 373 373 
81 
260 502 502 612 612 612 790 790 
759 759 
238 238 238 238 440 440 660 678 

79 214 344 819 819 880 
607 607 607 660 675 675 
988 988 
73 620 620 745 745 830 

332 663 663 687 982 982 
23 23 154 173 173 244 642 
378 378 
284 344 558 558 558 714 
297 297 297 297 614 614 745 
250 568 568 887 
506 506 632 
463 780 
142 
328 331 

274 
37 37 
155 695 908 
888 888 
234 234 956 
115 229 229 233 233 622 951 951 


857 
417 417 
162 705 705 852 

467 895 
594 594 833 
954 
234 234 234 244 244 244 299 420 617 
17 17 82 
73 747 
886 1014 
74 
51 51 51 162 162 162 546 546 737 737 737 
315 315 315 935 
720 736 

56 56 694 
409 777 777 
426 575 780 780 886 
267 896 
864 
969 
82 82 366 
88 810 810 
502 502 762 
141 165 176 238 262 262 322 322 366 366 366 410 440 609 612 673 673 705 705 733 733 805 805 919 919 919 922 922 922 959 959 959 
86 454 837 
440 507 508 717 
616 616 982 
1 
989 
277 852 
95 549 549 676 
366 
864 
576 
239 243 243 
710 
165 287 569 660 660 
87 502 
612 612 793 
560 667 
254 
196 196 410 609 

371 520 
159 196 229 229 587 587 722 722 
756 756 954 
213 604 865 955 
137 137 201 301 340 360 428 428 574 755 892 892 937 954 
502 
5 61 331 331 331 
616 
366 868 999 999 
161 233 946 

92 92 
90 90 90 
488 
196 651 791 791 791 874 
427 427 629 724 
486 
401 952 1016 
555 555 756 
82 147 228 593 745 745 745 
50 50 366 510 950 1004 1004 1004 1004 
841 841 

886 886 886 
186 186 
637 637 660 660 
229 229 323 398 871 
277 1018 
443 443 443 726 
447 447 463 574 
672 954 
310 310 
44 481 784 784 922 
379 1006 
147 208 487 487 619 790 790 974 974 1006 1006 1006 

1004 
74 662 839 839 
172 172 
229 230 366 970 
649 
53 841 841 841 841 954 
229 279 279 386 681 681 
285 285 803 950 
695 
963 
708 730 894 
519 519 
24 
562 
726 747 747 
738 
302 302 401 1013 1014 
347 368 368 368 438 660 660 787 954 

472 472 
93 93 127 127 386 402 402 477 524 649 954 
147 370 647 647 647 954 
731 
104 104 119 162 277 277 533 
300 300 300 789 886 886 
83 228 826 826 1006 


121 282 282 323 323 827 
280 280 280 297 614 614 620 699 699 699 
32 32 592 592 
229 443 644 730 730 
11 11 160 160 
354 
114 481 961 
37 37 602 1006 
229 

176 
69 360 428 684 771 771 
101 152 152 187 682 682 698 768 954 954 
949 
162 162 162 277 350 350 350 514 
608 608 
99 99 803 
81 81 81 472 
659 763 
502 762 
943 

20 20 
5 5 5 342 384 569 830 954 954 1023 
434 434 756 
276 
394 394 
487 487 755 755 

188 502 
928 928 
109 229 933 933 

458 458 652 652 
390 805 893 893 

85 123 123 123 174 174 175 229 229 289 289 356 427 427 432 451 451 451 546 546 623 653 653 840 886 886 886 943 943 943 967 969 
317 476 476 964 964 964 
286 286 351 460 795 
860 860 
559 712 712 

66 435 
14 82 82 222 386 733 
845 
499 499 499 512 512 530 740 
366 607 607 714 714 
258 258 694 694 694 1019 
548 
675 

225 782 835 
182 229 229 
119 162 371 490 490 
95 1006 1006 
61 61 61 86 86 186 186 262 262 1017 1017 
245 
601 1006 1006 1006 
40 397 475 816 816 816 
312 723 760 
846 846 846 846 
596 596 601 660 660 778 
810 934 934 

539 
906 906 1011 
68 75 234 234 351 382 382 548 548 552 658 658 806 956 
208 
1019 1019 
922 

16 
223 362 397 399 802 802 802 
372 497 
229 
79 611 611 1009 
376 500 515 916 
966 966 
32 
349 

212 312 338 
81 81 427 427 741 741 903 1006 1006 1006 
744 
978 
229 229 229 954 954 
229 229 614 767 844 844 
181 181 181 911 959 
175 175 175 347 347 
126 126 640 
234 
546 546 546 546 546 548 795 1001 
502 
51 107 277 277 661 
53 53 53 308 952 
74 74 74 717 717 
483 483 780 
701 701 721 721 721 721 946 946 
37 
101 101 428 
526 526 830 830 
44 44 788 
189 324 804 804 804 804 
291 366 919 
1005 
1 
259 259 356 356 356 905 
579 
277 383 383 383 637 666 
29 29 29 

46 118 118 439 
180 252 539 
143 157 547 635 
168 183 550 550 903 903 1016 
988 988 
127 127 127 783 783 
177 428 486 
487 
85 123 123 229 
229 323 323 655 669 
683 954 
79 420 

688 
218 229 405 
954 954 954 
600 600 706 
189 277 
132 
53 53 277 694 900 
460 886 886 
72 277 277 567 
66 66 435 557 1023 
322 368 368 511 
23 74 225 599 599 964 
57 57 57 79 214 214 214 229 611 
473 571 902 
907 

146 146 417 543 
229 229 446 446 446 505 
27 27 229 229 645 653 703 703 703 740 740 780 780 780 875 875 
219 219 437 437 621 
630 630 
366 484 950 950 950 

229 
684 684 
778 778 
726 
639 
654 

129 265 498 498 498 

874 
306 306 
93 94 277 277 881 908 
59 66 162 162 162 189 277 277 277 411 411 453 453 826 858 858 
409 
79 209 209 209 850 948 
229 809 809 
240 602 602 602 882 954 954 
629 902 
408 

831 

438 438 438 
475 
172 576 576 576 576 
232 232 232 232 820 
597 
386 
338 410 660 660 660 847 938 

288 956 
21 21 238 352 366 366 366 436 502 502 502 545 545 562 562 596 660 660 660 712 813 968 968 978 

388 
69 
273 302 542 
18 18 18 
774 774 935 1006 
474 474 954 954 

569 

775 775 963 963 1019 1019 
806 806 
315 648 928 975 1002 1002 1006 1006 1006 1008 1008 
53 53 
37 37 369 369 428 428 557 684 954 954 1023 
322 322 919 
193 193 193 

119 277 
582 582 
175 764 780 780 780 967 967 967 
399 

125 364 509 509 509 586 586 689 841 841 1017 1017 1017 1017 
557 
229 229 905 
229 229 401 461 461 757 
239 366 391 391 391 414 414 484 484 582 700 723 889 889 889 954 
632 632 
697 838 

14 14 40 40 43 55 55 61 74 107 107 128 128 130 130 134 137 147 147 159 163 171 171 196 198 209 218 239 239 269 269 277 283 283 284 286 286 310 310 310 341 354 370 403 414 414 433 461 491 497 518 518 518 530 548 582 589 601 602 641 682 684 710 721 733 736 737 756 756 767 767 829 829 865 870 870 870 907 907 929 929 937 937 950 1007 1007 1023 
491 683 
234 337 337 382 548 552 631 810 921 
277 459 459 
76 76 993 
142 142 262 262 496 563 660 660 660 831 
277 415 415 
515 515 750 
187 
100 115 115 115 453 725 933 933 
308 781 781 781 879 
35 40 
295 295 429 502 502 821 821 
780 943 943 943 
21 922 922 
175 507 507 507 656 780 
719 



96 714 714 
935 1012 

410 
195 545 545 566 566 828 922 
584 584 
102 114 114 366 366 
45 366 399 399 
493 616 616 663 

362 
458 
105 105 
229 
277 277 348 381 381 464 464 464 613 613 859 859 
156 156 665 

114 114 267 
5 5 341 341 531 
504 958 
229 
123 435 435 


51 132 229 229 544 
149 149 366 399 688 688 
228 1013 
835 
1 218 388 426 426 568 568 935 935 1006 1006 1006 1008 1008 
44 44 538 538 
50 700 700 700 700 716 
23 23 848 
95 138 150 150 487 549 604 713 714 714 714 741 751 798 798 801 801 801 826 826 826 928 935 935 935 1002 1002 1002 1009 
354 415 504 504 954 954 
935 935 1002 1002 
117 246 819 1006 
479 479 
809 
271 271 427 474 975 
229 242 401 401 401 732 1000 
401 645 732 

33 277 697 858 
170 249 262 366 366 366 799 799 946 946 946 946 
707 
46 791 812 812 933 933 

109 556 
366 
767 877 937 954 
