nodes: 1024 edges: 1950
107 194 194 
118 118 648 1002 
387 832 832 832 832 
57 452 
353 353 
61 64 185 250 328 342 342 569 625 767 992 
281 520 520 520 759 994 
61 61 61 
229 231 300 
648 
175 
74 74 160 390 
77 82 103 995 995 995 995 
390 825 

147 147 162 162 162 
818 954 
19 82 82 643 645 645 
305 
17 82 537 651 
229 776 
545 545 922 922 
277 277 539 931 
74 74 82 82 82 82 120 154 479 617 617 879 1005 1005 1005 
803 803 
478 971 971 
422 
886 
111 111 326 326 326 447 447 463 463 590 926 926 926 
853 
224 
351 351 782 
229 229 603 

757 
482 482 482 
166 229 635 
602 602 751 937 
323 
492 
497 
147 684 684 
766 766 941 941 
497 977 
481 481 845 922 

176 176 
122 635 
179 179 773 
606 606 606 
277 473 473 473 522 555 934 
129 129 129 
530 
502 502 502 532 800 800 876 936 
179 308 
954 
220 595 595 651 
3 69 79 344 344 
547 985 1010 1010 1010 
324 324 665 903 915 
366 366 366 399 977 
5 7 7 7 657 657 657 710 
314 380 380 502 502 502 529 529 556 
112 112 376 887 
5 697 
272 274 377 
683 786 890 
229 776 843 997 997 
337 337 382 658 
57 

151 202 448 687 687 
277 277 567 820 820 
79 79 497 497 540 644 811 811 811 817 817 1017 1017 
11 11 23 23 564 646 717 717 879 879 954 954 
148 810 
194 559 
12 229 229 418 
722 722 
57 73 73 111 184 229 229 241 299 299 299 611 819 
548 548 954 1017 
604 826 
12 17 17 19 23 23 23 23 147 147 172 197 209 209 267 343 353 513 798 798 
714 714 
277 277 405 430 757 757 757 
123 546 780 780 
1017 
986 


532 790 790 
559 
1010 
277 277 


714 974 974 

717 984 984 
344 500 500 500 500 
244 318 963 963 
488 756 
480 645 
12 919 
162 739 739 
660 660 986 
392 392 
0 171 310 454 661 661 661 899 899 954 
366 366 607 652 904 
775 1021 
164 1005 
28 28 79 
63 63 
162 162 277 
232 363 363 366 580 580 580 934 
229 229 985 
238 258 258 771 771 934 

1 1 664 855 

23 
277 390 390 397 596 
47 846 
85 229 229 229 492 492 780 780 863 995 995 995 1004 
654 699 
210 210 887 

736 1023 1023 
954 
51 51 51 428 428 486 557 
932 
151 407 
873 
497 

199 571 
252 
557 937 
242 1009 
277 541 778 778 855 855 
181 831 911 
180 180 660 734 
298 298 470 496 831 

151 151 
460 1017 
417 417 954 954 954 
15 15 41 82 82 235 262 262 262 497 497 699 737 737 816 816 939 939 
75 208 
650 
893 
71 131 144 144 
276 276 276 617 756 756 
323 357 603 603 
23 252 617 617 856 

263 263 954 
205 857 954 954 
375 
582 954 
11 
541 
15 15 15 104 113 113 182 182 182 182 229 229 277 277 303 303 321 439 439 472 472 514 514 572 572 715 715 739 739 797 903 
954 
110 673 

36 256 284 635 
191 191 191 191 328 328 
317 317 435 525 730 863 863 
183 
1017 
107 588 723 954 954 
82 267 576 860 
339 339 
585 724 780 854 854 854 
10 430 764 764 769 832 832 943 943 969 
46 46 511 511 660 684 684 684 684 754 827 827 827 
486 
404 728 954 
48 48 54 879 
141 141 192 192 192 
140 831 
162 162 162 162 229 387 796 796 994 
169 277 858 
79 195 
5 
311 516 516 954 954 
756 
261 773 
277 846 867 903 
234 
167 167 167 167 328 
180 180 180 303 391 783 954 954 
311 311 311 311 954 1004 1004 
0 0 76 958 
184 
218 222 222 229 437 581 794 869 869 948 954 
82 668 668 

135 203 571 
530 530 
418 418 567 567 684 850 
71 407 
199 
321 321 791 
157 279 279 829 

247 
148 327 327 361 714 714 
82 82 305 785 785 785 954 
125 125 723 
317 
282 282 282 470 
314 314 374 865 
611 
723 723 

429 429 434 610 610 820 820 
196 222 954 987 987 
495 621 
56 651 
377 
196 196 218 

30 
491 833 
388 388 388 
608 
897 
8 20 32 32 36 67 77 77 79 79 115 115 123 123 123 162 162 182 196 230 230 241 241 241 250 277 281 323 323 377 377 387 387 405 405 405 407 424 424 424 424 427 464 476 485 578 600 600 603 603 655 681 681 690 706 706 719 746 765 766 775 776 780 780 780 796 796 809 830 864 869 869 885 886 891 891 949 949 987 998 1013 1013 
229 229 
8 300 845 
114 787 787 

190 631 834 
147 
767 767 928 928 

116 309 660 660 814 922 

907 
79 229 229 229 
138 794 794 
583 665 665 
100 302 617 617 

536 624 
207 
362 397 397 
847 847 909 909 1017 
5 229 887 887 887 954 954 954 
343 353 
136 154 856 
366 393 
677 677 1011 1011 
300 810 
166 
311 311 476 545 
116 116 791 791 897 1019 
502 532 532 
549 
188 
147 147 147 324 363 366 493 493 493 521 521 563 563 660 660 799 799 1017 1017 
156 156 531 625 625 
577 954 
898 1022 1022 
277 277 739 949 
82 172 991 991 
566 566 811 
277 900 900 
376 
407 407 407 671 
65 274 347 407 
302 488 488 542 926 954 
65 272 407 407 779 
419 666 773 
152 152 152 470 479 479 719 
22 22 50 72 72 84 84 93 93 113 121 139 162 162 183 189 229 266 266 269 296 324 324 324 339 346 346 346 411 419 419 419 453 459 459 533 533 541 541 570 603 619 621 666 697 697 707 739 739 802 855 855 858 872 874 900 902 903 954 988 
345 
205 205 386 386 
1022 
6 229 987 994 994 
212 212 212 468 
954 
166 954 954 
407 407 

673 
921 956 
647 
479 491 
366 366 806 806 806 
872 872 954 966 
362 666 722 722 


277 475 802 920 

142 142 619 719 929 929 929 
79 79 79 420 449 
8 231 255 366 554 554 554 896 
728 728 892 
244 273 
162 162 192 

18 209 907 954 
385 
326 777 777 
54 551 551 551 
238 372 
107 317 367 367 367 454 456 954 
186 193 193 193 193 257 257 352 352 754 754 879 922 922 
760 

62 213 213 491 
1008 
379 617 617 
168 168 211 310 
100 414 414 954 


162 204 204 
641 660 660 735 878 
38 153 229 229 357 603 650 706 864 871 
59 59 262 277 277 277 346 558 569 569 876 903 903 
343 343 
28 28 28 307 
208 208 714 746 1006 
5 167 167 191 531 580 
590 590 796 796 

908 

622 622 622 
523 523 
366 366 502 720 720 984 984 
659 659 800 
68 68 457 548 592 592 810 

173 173 277 551 551 551 
418 418 684 
597 954 954 992 992 
5 5 
82 251 325 325 
57 57 99 
278 
277 277 277 324 348 348 348 452 452 651 
272 832 
346 346 346 
823 
755 755 
31 31 548 806 810 810 810 983 
311 311 813 813 813 813 
4 4 82 251 
954 954 1007 1007 

780 872 872 872 
153 323 780 

502 528 
541 541 801 
208 
248 293 502 502 
114 114 262 366 641 
586 

60 60 60 108 108 114 253 262 291 291 300 335 335 363 372 399 399 407 450 450 470 470 470 502 523 523 616 616 660 660 663 663 668 668 668 719 763 763 763 777 777 889 902 902 922 922 922 950 954 954 963 963 981 981 999 1007 1007 1017 1017 1022 1022 
310 310 310 954 

937 

490 
309 366 452 523 817 817 817 963 
681 
213 644 954 
158 385 385 613 
63 270 403 403 
65 221 229 229 445 
618 819 819 879 
316 
62 62 398 428 914 

68 626 626 810 
533 533 
396 677 767 
306 375 375 
279 279 
2 182 229 229 
226 226 226 426 426 568 568 634 634 634 924 1002 
997 
11 13 121 121 400 663 663 663 778 805 
192 
106 106 439 
253 564 564 790 
451 874 
805 878 878 878 
384 767 857 857 857 
121 248 248 
380 819 819 
60 366 366 650 650 853 999 
390 852 852 
644 645 645 757 1013 
937 937 937 1023 
376 376 954 
178 
84 229 229 229 565 565 567 
527 
131 202 229 271 271 271 272 274 274 285 285 366 422 422 427 427 


919 977 
277 473 473 492 570 570 570 903 990 990 
1017 
513 513 586 930 946 946 
318 318 530 682 868 868 954 

517 824 963 963 
146 146 884 884 
77 201 201 340 340 
275 277 277 277 666 666 666 707 707 988 1006 
299 

26 407 407 434 561 561 579 756 756 756 768 768 
735 
229 229 229 229 
434 
388 388 634 634 
229 407 407 483 625 671 671 780 780 780 
129 129 380 463 463 486 486 557 684 684 684 709 755 755 838 861 861 861 879 937 947 
217 217 835 835 
84 175 764 
709 1002 1002 1002 
1015 
767 767 853 
217 422 425 479 479 479 479 516 640 756 820 954 954 
168 525 525 786 877 995 
922 927 927 927 955 955 
196 545 545 545 1004 1004 
890 
162 162 392 758 855 

515 515 515 963 

726 726 

377 464 464 

28 28 463 
71 
299 954 954 954 
366 366 
394 637 
3 346 346 372 954 954 
277 903 918 
107 310 661 
486 725 
310 
337 
777 
277 277 1006 
145 875 
949 
929 929 
28 28 428 428 447 649 709 
229 445 445 
590 737 737 900 900 900 900 926 926 926 954 
1014 
639 888 954 
282 
810 
142 212 276 366 366 366 566 624 912 
585 
162 162 572 572 925 978 978 
50 50 50 411 411 727 
975 
296 802 
229 257 620 745 957 
1023 
25 
23 276 276 290 434 434 434 434 518 954 
102 502 889 889 
44 44 559 559 
35 35 35 958 
427 780 
889 889 889 
229 
129 177 428 428 455 801 801 898 
532 532 540 540 707 707 707 714 714 741 741 862 1006 1006 1006 
101 273 273 756 
726 726 818 
371 715 797 
225 290 314 954 955 
39 123 123 411 
262 262 262 1000 1000 
746 746 746 746 954 954 
219 568 
142 809 809 809 959 
40 43 73 73 133 147 147 790 790 954 954 954 

789 
99 99 99 99 

53 53 53 62 62 62 259 335 359 362 362 366 480 532 532 556 607 659 659 720 763 889 889 889 922 922 922 966 966 984 
735 735 
636 
648 
756 
656 662 
662 662 969 


176 176 660 
719 
82 413 413 
162 162 637 
441 441 441 820 874 874 874 
186 186 434 820 820 1023 
416 527 527 
479 954 958 
780 
6 6 6 680 683 759 759 
262 262 
50 
334 334 366 366 372 817 
736 
168 435 435 
844 954 
406 517 517 927 927 
359 859 859 
62 62 
52 200 200 414 954 
263 328 
53 90 259 259 487 487 502 502 692 692 738 
277 277 383 383 
948 

246 
19 
622 632 632 
22 808 808 863 1017 
73 487 487 
139 161 277 277 360 360 
273 926 
855 855 855 855 
614 998 
21 21 257 437 437 437 562 562 596 596 922 978 
85 
58 937 954 
80 80 337 351 795 795 810 810 810 835 954 954 
260 600 
903 903 972 
308 308 308 339 339 339 964 
810 

300 300 300 
50 
62 502 
129 137 428 684 937 937 947 947 
324 
76 91 481 481 712 758 758 784 922 922 1003 
676 
422 422 583 584 
545 545 
262 262 
74 393 393 915 915 
405 405 
268 268 470 761 
72 201 201 405 820 820 
388 388 495 1002 
5 324 324 767 931 
277 411 411 411 
135 199 
162 162 472 472 721 

937 937 
875 886 
172 775 
264 
229 
422 851 
114 114 114 328 722 722 722 
196 
159 587 587 954 1007 1007 
243 561 
561 
174 471 702 
364 413 689 689 
582 582 954 
171 607 607 1000 
954 
28 329 329 465 715 926 926 926 

337 337 

640 
56 56 
121 545 545 922 922 
341 992 992 
819 819 819 866 

229 229 549 
710 801 
37 37 954 
32 153 153 229 229 277 323 995 995 995 995 
81 826 1009 1009 
681 681 826 
49 49 49 903 903 
108 502 588 588 777 902 
227 759 1020 
660 707 
217 217 820 820 
79 214 819 880 
733 733 
375 933 
544 701 

366 366 663 663 
23 23 152 154 154 244 244 316 316 
378 776 776 
277 298 929 
476 
219 277 
333 333 333 538 632 
734 734 734 
246 470 959 
5 263 263 427 707 767 
382 382 810 
750 750 750 
870 870 870 
695 

234 
538 538 622 

388 388 388 426 426 
36 47 166 
504 
451 514 779 779 

467 
434 594 833 
322 363 790 790 
720 
17 
73 374 401 817 
17 17 102 401 401 907 907 907 907 1014 1014 
74 
289 965 
1 9 505 1002 1002 
463 
149 323 399 399 
19 56 220 346 694 694 791 
108 
849 
124 985 
229 744 744 744 
507 
61 61 61 954 954 
68 810 810 
336 336 502 502 763 763 
105 105 141 176 238 238 262 262 322 322 366 366 511 609 675 675 721 805 805 913 922 922 922 954 986 
107 107 107 454 837 901 
507 508 508 
366 366 390 390 390 616 616 687 982 982 
118 
59 243 243 989 
275 277 293 419 419 419 832 
741 741 
197 197 366 366 366 


271 427 427 
1000 1000 
164 287 791 791 
773 773 773 773 
660 660 841 841 906 992 992 
560 1006 
254 254 384 
954 
831 
520 
229 229 373 605 605 722 722 722 954 
414 
66 520 865 
41 41 176 176 176 176 201 340 428 428 428 557 688 755 787 892 
836 
983 983 983 
71 71 663 982 
684 1017 
586 586 
229 

532 532 

651 651 791 791 791 
629 724 780 780 780 812 854 

64 277 277 
820 
124 147 939 939 954 
950 
614 828 
585 
740 780 
954 

229 229 323 
277 419 419 487 487 487 609 625 

428 431 463 
61 601 
967 967 981 
559 784 845 922 922 922 
954 
83 83 96 208 208 327 487 487 746 746 746 1006 
162 162 490 590 797 

74 74 98 

229 276 298 366 512 
335 335 502 642 773 
572 660 731 838 954 
78 78 293 293 580 580 580 681 681 681 
171 210 215 215 
174 695 812 
455 804 805 954 954 
443 443 489 489 894 
473 902 
178 301 301 1018 1018 
922 
168 
721 

612 612 
141 623 623 623 
322 423 503 503 
127 524 954 
147 147 465 465 
532 
104 104 162 162 266 277 277 
703 780 780 
487 487 667 667 
901 

655 655 655 827 827 
476 
229 327 494 494 494 494 714 714 714 847 1002 1002 1002 



627 627 627 
37 833 954 954 954 954 
776 776 

176 311 311 
350 350 428 428 684 934 
101 152 152 187 422 422 422 434 488 506 954 954 
34 84 84 84 401 949 949 1014 1014 1014 
439 559 559 892 1017 1017 
6 520 520 608 
312 803 825 
566 

366 366 366 502 659 659 
175 175 430 
229 
42 42 229 
5 236 236 384 396 433 433 569 625 954 954 983 
422 422 
175 

116 116 
954 
48 188 275 674 674 674 674 720 

109 229 576 
20 67 229 618 618 752 752 
307 307 366 366 458 607 
139 139 390 805 
274 637 637 
85 85 123 123 174 229 229 229 356 357 427 427 427 483 519 695 695 695 703 740 740 849 886 943 969 1015 

31 
192 
559 712 
209 209 209 941 
66 435 890 890 890 
232 232 684 892 954 

499 
90 90 393 497 497 641 641 795 
204 258 258 651 673 673 694 694 694 870 870 870 870 
1001 

196 242 242 
548 548 790 835 1001 
182 182 229 229 329 329 936 936 
162 490 715 
82 82 
262 262 
53 53 336 876 
360 486 486 601 
277 296 475 
24 24 760 
725 
390 395 660 660 725 778 878 954 
291 291 291 351 810 810 
832 
539 539 
229 496 496 496 
75 255 337 351 351 351 382 469 548 548 548 552 626 658 658 806 806 956 
73 73 73 268 
695 724 
352 352 352 352 
238 

147 147 936 936 936 
73 73 372 372 372 523 644 
16 489 
79 378 378 398 398 598 598 598 611 
72 72 217 217 434 515 516 516 567 567 610 610 698 
850 

349 
416 
13 760 
81 604 605 1006 
176 176 176 744 744 
701 
205 954 
229 987 
140 142 181 679 959 
2 2 2 2 175 175 347 666 807 
225 640 751 935 
234 
429 429 548 795 
685 
661 
428 721 954 954 954 


675 675 906 946 
954 
67 
526 945 
44 231 712 
122 189 903 
249 249 746 1017 
1005 
653 780 
201 821 905 905 
579 1002 
400 400 
29 399 433 
174 174 174 695 
118 139 139 277 277 439 543 543 543 543 
154 252 
157 396 396 396 
183 277 903 903 
528 528 
172 
428 428 428 
487 
123 168 168 539 
229 323 
213 683 
598 
189 935 1008 
414 414 903 903 903 
196 196 229 229 
628 628 628 791 791 791 791 1019 
323 
277 292 292 356 356 356 982 
132 
277 394 515 515 515 900 900 1007 
460 575 
53 324 800 
435 
322 395 395 395 805 
23 74 74 179 311 378 428 
611 996 996 

907 

417 417 1006 1006 
229 
27 229 575 780 
63 125 250 250 250 
467 
366 480 480 484 484 484 502 502 502 950 950 
66 438 786 786 786 
229 229 
301 684 758 787 
150 
726 

300 
228 258 
265 486 
107 107 
269 269 277 465 465 465 465 874 874 
661 742 
277 366 366 607 727 908 
59 162 189 277 324 324 411 453 550 550 606 606 846 858 858 868 868 868 
108 
850 850 
675 841 
240 305 645 645 645 645 882 954 954 
331 902 
249 249 

140 
470 958 958 
660 
380 
59 564 564 


453 
103 410 
296 
288 
21 21 44 238 311 311 366 366 366 436 502 502 502 545 559 559 596 596 660 660 660 712 712 712 729 978 978 

388 
472 
28 28 28 273 465 465 465 542 590 590 590 
436 436 436 527 527 
236 236 1006 
298 298 298 462 462 619 
413 
22 569 
130 
613 963 
50 114 116 755 
833 867 1002 1006 1006 1008 
53 796 796 816 816 816 
37 137 369 402 402 402 428 547 557 557 574 574 1023 

147 147 699 699 

42 42 785 

175 175 780 
980 
844 
413 413 841 
428 557 557 
196 534 
229 229 266 461 757 757 1013 
366 700 889 889 



16 55 74 74 80 107 128 146 146 146 156 157 157 159 163 171 171 178 186 186 192 192 193 196 209 218 250 250 250 264 273 277 283 284 284 292 305 310 318 341 341 354 354 366 366 367 374 403 414 434 434 449 449 449 452 452 465 467 479 491 494 494 497 497 497 518 526 530 547 548 548 582 587 589 602 657 657 660 678 681 699 704 713 721 725 725 736 751 751 751 751 756 756 767 767 772 787 805 829 838 838 838 842 907 907 993 1006 1023 1023 
436 436 491 
288 810 
476 
194 482 518 912 912 
496 624 831 


1017 
100 100 366 366 372 416 416 441 933 
551 
647 
292 502 502 
711 711 

175 508 780 

25 25 
550 

96 96 
474 1012 

43 60 410 
472 472 545 922 922 

944 
366 366 711 
663 663 687 872 
351 686 686 686 767 
98 98 335 335 502 
58 115 654 
87 105 660 
218 218 229 281 830 
277 419 
665 
411 411 
267 267 
5 341 341 597 597 675 675 1017 1017 
954 1007 
6 182 281 281 
12 12 12 12 123 123 123 435 603 603 603 603 
880 880 
67 67 389 
229 544 
366 399 
493 493 588 672 672 1013 1013 
792 795 
1 388 431 431 431 568 648 648 746 746 746 851 935 1006 1006 1008 
559 
123 193 193 437 437 
23 23 23 110 848 
327 419 459 487 487 487 676 714 826 884 884 928 935 935 954 1002 1002 1009 1009 
354 354 366 366 582 582 874 993 
315 867 935 1002 
138 604 604 1006 1006 
58 58 58 92 
254 254 
975 
229 229 401 949 1000 1000 
466 645 645 757 757 757 
432 780 

73 73 80 86 145 170 249 262 262 366 366 412 539 688 758 758 847 962 992 992 
728 728 
258 870 
608 
109 
265 265 280 366 366 
127 127 402 477 516 937 954 954 
