nodes: 1024 edges: 1946
107 107 194 194 194 
9 9 648 648 
387 832 
57 
353 
61 61 167 167 250 250 263 328 331 341 341 710 767 954 
281 520 520 520 759 994 
61 61 328 661 661 
229 231 366 
1 1 
667 667 676 
74 
82 82 995 
803 825 
892 954 
147 147 162 235 
954 954 
19 53 82 82 82 643 645 

17 82 537 537 651 
925 
545 545 927 968 968 968 
277 444 444 444 537 931 
74 74 82 82 82 82 112 120 154 154 179 225 225 308 330 879 879 1005 1005 1005 
803 
304 971 
422 
886 886 
111 326 326 447 447 447 447 463 463 926 926 
853 
224 417 884 884 
351 
132 229 603 603 603 795 822 
77 
461 757 757 
482 1005 
166 635 635 635 
937 

492 
497 954 954 
147 147 147 155 
277 766 766 941 
497 954 977 
481 481 559 845 922 1003 
366 
176 660 660 995 995 
122 122 122 
179 179 
198 606 606 903 
277 277 277 473 473 473 522 522 934 
129 948 948 948 
452 530 
17 90 336 502 502 800 876 936 936 
179 879 879 
391 391 
595 651 651 
3 69 99 344 
547 985 1010 
324 665 665 903 915 915 
399 399 
5 5 7 7 657 657 710 
314 502 502 502 529 529 529 529 556 
112 112 112 252 252 348 376 887 
229 
274 274 
435 786 890 
229 229 843 843 
337 658 
57 

448 
277 567 800 820 820 
79 79 79 497 497 497 614 614 811 817 817 817 817 1017 1017 
11 23 23 564 599 646 646 646 879 954 
148 148 810 
194 194 194 559 712 
33 229 
366 722 
73 73 73 111 111 184 184 229 229 241 241 241 299 299 
536 548 548 548 548 1017 
826 826 
12 12 17 17 17 19 23 23 23 23 147 147 172 172 197 209 209 343 500 537 537 593 699 699 699 728 798 798 954 
714 
277 277 405 430 757 
123 318 863 863 
792 1017 
674 674 964 


53 453 790 902 902 902 

1010 1010 
277 
473 902 902 
1006 1006 1006 


376 717 717 739 984 984 984 
57 344 
244 318 
488 488 693 

919 919 919 938 

986 

0 0 171 310 454 633 661 837 837 899 954 
366 409 607 777 
229 
1005 
28 79 79 
23 63 63 63 
277 277 
232 363 366 366 399 580 944 944 944 980 980 
654 654 
238 238 244 258 309 309 309 309 771 771 814 934 
138 
459 664 664 
739 
23 
277 390 390 397 596 596 
47 47 47 
85 168 229 229 435 525 525 780 780 780 863 995 
699 699 699 699 
210 210 923 
640 648 648 
402 736 736 1023 

51 177 428 428 947 

151 
32 873 
497 774 
367 
199 571 
252 
557 937 
117 1006 
439 541 778 855 
181 911 
180 180 180 660 660 734 734 
298 298 298 470 470 470 470 624 831 831 
635 635 
187 422 
505 505 1017 1017 
417 417 591 954 
15 15 41 41 41 82 82 171 235 235 235 262 262 262 262 497 497 501 699 816 816 816 816 939 
75 75 
650 650 650 
826 1006 1006 
131 407 407 
157 756 
603 
23 23 252 359 360 
41 
640 989 
152 205 205 414 857 954 954 954 
277 277 
582 


15 182 182 229 229 277 277 289 303 321 439 472 472 514 572 572 715 715 739 739 758 758 797 797 903 903 925 925 
192 


36 635 635 
5 5 191 191 328 
123 317 317 435 730 863 


107 147 588 954 
82 82 267 915 
339 
585 585 702 780 780 
347 430 430 764 769 780 780 780 832 943 
46 660 684 684 827 827 
129 455 486 
587 587 728 728 798 798 954 1006 
23 48 48 54 879 879 
141 141 141 192 192 522 
140 831 911 
162 162 229 329 387 796 796 796 994 
277 858 
79 79 

311 
144 434 756 
261 773 773 773 
277 277 277 383 612 867 867 903 903 903 

167 167 531 
163 180 180 303 391 391 783 783 
954 1004 1004 1004 
0 0 0 76 76 76 277 855 958 958 
978 
218 229 229 242 581 794 869 869 948 948 954 
82 355 668 
49 
135 203 203 

340 567 673 684 684 850 
407 
199 199 244 
303 321 321 321 321 
157 157 279 279 829 


327 714 714 714 717 
82 82 785 954 
125 125 
317 317 
470 470 
314 491 865 954 
611 
588 
329 
429 610 820 820 
196 222 222 733 987 987 
495 621 621 621 887 887 
580 595 651 651 
229 270 377 534 
218 218 787 
978 978 
30 1001 
23 23 
388 924 
632 963 
897 
8 32 64 67 67 77 79 79 109 123 123 162 162 182 196 196 221 230 241 241 250 250 250 277 277 281 292 366 368 377 405 405 407 407 427 442 476 485 544 578 600 603 632 655 655 655 681 746 746 747 775 780 780 780 796 830 864 880 885 886 906 948 949 949 951 987 987 989 998 998 1013 1013 
229 234 
8 300 300 
114 892 
632 
230 631 719 891 
15 147 147 147 
767 767 

116 116 660 814 

907 907 
79 79 79 229 229 
196 509 794 794 
665 665 874 
100 116 203 302 642 

536 
647 
362 397 708 788 
688 847 1017 
5 5 229 229 229 887 887 
343 343 
63 63 136 154 376 539 739 
366 393 393 588 903 
677 
300 810 810 

311 311 476 545 545 781 
116 897 
502 532 966 
549 
188 366 366 663 
147 147 147 147 363 366 440 493 493 521 624 624 660 660 1017 1017 
5 625 625 
518 577 767 767 
898 1022 
277 277 739 949 
172 
576 576 

221 376 
407 671 671 671 
347 347 407 407 
302 302 488 488 926 954 954 
65 65 779 
666 666 773 773 
470 479 
22 42 50 50 50 72 84 84 93 113 113 121 158 158 162 162 183 189 189 189 194 229 229 266 266 296 324 324 324 324 324 346 375 411 419 419 453 453 459 475 533 533 541 570 570 603 621 666 666 697 707 707 771 802 855 900 900 902 903 903 957 957 988 
345 
205 205 386 
725 
6 229 987 994 
468 468 
429 429 513 954 
800 954 

901 901 954 954 

785 
162 647 
314 314 491 
366 806 
229 872 952 954 954 
362 

966 
277 475 920 

142 142 142 619 929 929 
79 79 420 449 
231 231 255 896 896 
892 
244 273 273 926 
162 192 204 
25 
907 954 954 
419 
777 837 
23 
116 116 116 116 372 372 
107 367 367 367 454 456 456 954 
186 257 257 352 352 565 565 754 879 922 
760 
502 
62 213 290 290 491 
812 812 
379 617 617 903 
168 168 211 211 
85 100 366 414 954 954 

362 957 
162 204 204 204 204 
641 641 641 660 
650 655 827 864 
59 277 277 277 277 277 558 569 876 876 903 
343 343 343 355 355 
28 28 777 777 777 777 
208 714 746 1006 1006 
5 7 167 531 686 
182 216 590 590 796 796 
23 921 
5 908 908 
366 366 
622 
523 523 523 523 
366 366 502 720 
53 448 659 659 800 
68 351 

173 551 551 
201 418 684 
5 5 954 992 
396 853 
82 251 251 325 325 325 
57 99 
278 830 918 
277 452 452 452 
175 272 272 
63 
823 
428 428 755 
31 337 457 469 469 548 806 806 810 810 983 983 
311 311 813 
4 
954 993 1007 
197 325 325 
780 872 
780 

154 528 
154 541 541 

248 293 320 502 502 816 
114 262 

820 820 
8 45 78 108 114 114 229 253 261 261 262 291 318 332 332 335 335 372 399 407 450 450 470 470 470 476 502 502 510 607 616 616 660 663 663 663 688 719 763 777 790 889 922 954 954 954 963 963 976 980 981 999 1007 1007 1017 1017 1022 
134 310 310 310 
229 
937 
954 954 954 
490 
309 309 366 523 523 648 963 
681 
954 
277 385 
63 98 252 270 403 403 
221 229 445 
819 879 
316 944 
398 914 
988 
626 626 810 
189 533 533 1016 
505 625 767 
375 419 
279 
2 182 
226 426 568 634 634 924 924 

121 121 778 805 805 
55 55 192 192 954 954 
406 527 
253 253 466 466 
451 451 
805 878 
342 767 
121 248 484 
380 819 819 
60 60 114 366 599 823 999 

645 732 757 757 949 
127 736 937 937 937 1023 
376 376 954 
603 
84 229 229 565 
392 527 
151 151 202 229 229 271 272 272 366 422 422 561 561 583 583 

108 
977 
277 473 570 570 903 
999 999 1017 
513 586 749 841 841 841 946 
157 318 530 530 530 655 868 950 
1007 1007 
824 
30 146 146 884 884 884 
340 
277 277 306 385 666 666 707 707 988 1006 
299 

26 144 407 407 579 579 584 756 768 768 


573 
388 634 634 
229 483 583 625 671 780 780 854 
129 129 350 350 463 463 463 486 486 498 557 557 684 684 709 755 838 861 937 937 
217 283 283 624 835 
84 175 175 764 
1002 
1015 1015 
853 853 853 
187 479 515 640 756 820 820 
66 123 168 525 786 877 995 
922 922 955 
1004 1004 
733 
139 162 758 
262 609 609 660 

229 
726 726 747 747 
22 22 22 
377 

28 28 28 28 463 463 
71 336 
299 954 954 
366 366 
394 394 637 780 1015 
52 346 346 346 708 954 
90 277 277 903 903 
107 310 661 
177 725 725 
310 310 
351 535 535 
640 777 777 
118 277 957 1006 

34 
929 
28 28 428 428 428 447 447 649 649 649 

737 900 900 900 926 926 954 954 
393 393 741 
639 815 954 954 973 
282 282 802 802 
351 351 810 810 
142 142 142 142 212 212 276 366 366 366 566 

162 162 566 572 572 572 735 925 925 978 
50 50 50 94 411 881 902 
483 
277 296 802 
229 257 366 620 745 745 934 934 957 


276 434 518 
502 889 
44 44 559 712 784 
35 712 
427 474 671 780 
397 889 889 889 
229 
177 428 428 801 801 801 898 898 898 
532 532 532 707 741 741 741 741 862 862 1006 
101 101 273 273 693 756 756 
818 818 818 
371 715 
213 290 314 929 954 955 955 955 
39 
262 262 982 1000 1000 1000 
746 746 954 
219 
809 809 809 
40 43 73 73 73 133 147 147 790 790 790 954 
428 861 947 
530 530 789 
82 
147 
53 53 62 62 62 259 313 335 362 362 366 366 480 528 532 674 674 720 720 731 763 763 773 836 859 889 889 922 922 922 984 
735 735 
636 636 
145 145 384 
756 756 
508 656 662 
507 969 
242 
366 
660 
600 719 719 
283 413 787 
162 1017 
434 820 
820 1023 1023 
527 527 
264 479 954 958 
780 
6 6 6 680 680 680 683 759 
262 
50 50 180 555 
334 334 334 334 372 372 

123 123 435 
767 844 
392 406 517 517 927 927 
359 502 859 859 
62 62 62 62 
52 414 414 414 499 499 789 954 
191 328 
259 487 487 487 502 692 692 738 
277 277 383 383 
221 
457 457 
80 246 
19 19 22 82 82 
1003 1003 
252 808 1017 1017 1017 

139 277 360 360 
739 
855 
229 614 998 
21 21 257 257 562 922 922 
780 
58 
80 80 80 80 351 782 795 795 810 810 810 835 954 
260 1006 1006 1006 
903 
339 339 879 879 
956 956 


522 
62 
137 428 428 684 684 937 947 
324 
44 76 481 712 712 758 758 758 784 922 
1006 
407 407 583 584 
545 
959 959 
74 915 
311 311 405 
470 472 
72 201 571 571 820 820 820 
388 1002 
324 931 931 
277 277 411 411 
135 567 567 
162 162 472 472 472 721 898 
425 
684 684 684 741 937 

268 268 775 775 
264 
229 
422 422 851 
114 220 722 722 
196 
159 942 950 954 1007 
407 407 427 561 
422 561 667 979 
174 174 702 
413 689 689 
178 178 954 954 
171 215 253 607 607 761 1000 1000 1000 
954 
329 329 715 715 715 
146 

82 
640 
56 220 
121 121 715 922 

819 866 
74 399 
229 512 
801 
751 751 
32 32 32 153 229 277 404 995 
1009 1009 
826 826 826 
49 49 903 
108 366 588 588 777 902 
759 
440 440 660 707 
217 820 
214 819 819 880 
189 733 733 
933 
73 73 544 
913 975 975 975 
366 366 663 982 
316 316 
776 776 
298 929 
476 
219 219 219 277 
333 632 951 
849 
142 262 262 429 
263 263 384 427 707 767 767 
382 382 810 
955 981 
870 


234 
227 229 233 622 
107 
388 388 426 426 
36 36 36 143 143 166 166 
504 504 
451 779 
831 
467 895 
126 156 434 458 594 833 954 
322 322 322 681 
244 720 
17 

17 401 907 907 1014 1014 
74 74 74 717 717 
247 289 965 965 
1 1 126 126 372 1002 1002 
463 463 463 
149 149 149 323 
19 56 56 220 220 


115 115 985 
229 229 229 323 414 744 744 
507 
61 61 
68 810 
336 336 763 763 
46 46 141 141 176 238 262 262 322 366 440 511 609 678 705 721 734 805 805 805 913 919 922 922 938 954 986 
7 7 107 454 
507 
261 366 366 366 616 982 982 
118 118 
59 59 243 243 989 989 
275 275 277 277 419 419 832 
10 10 584 676 676 1006 
197 


271 271 271 427 483 
709 709 
201 
87 87 502 502 773 773 773 
793 841 906 967 992 992 
10 667 667 1006 
254 793 793 
660 883 954 
831 
520 520 520 
229 373 641 722 722 954 

520 865 954 
176 176 201 201 340 428 428 557 557 574 574 574 688 755 787 787 892 937 937 954 954 
836 836 
328 983 983 
982 
249 366 684 
586 586 946 946 


532 532 
101 488 
791 
724 780 854 
796 796 796 796 
277 802 802 

82 82 82 124 124 124 124 147 
950 

174 585 
740 
954 954 
660 

277 277 419 419 487 609 625 
248 452 
428 672 672 920 920 
5 61 
967 981 
76 481 482 559 559 845 922 922 922 
954 
83 208 208 208 327 746 746 900 974 1006 1006 
162 162 490 590 590 590 596 
1004 1004 
98 98 208 646 646 998 998 

234 366 512 512 
335 502 502 642 773 
572 660 731 954 
78 580 580 681 681 
861 
695 727 812 
280 455 455 804 
443 443 
724 
82 178 178 1018 1018 1018 

168 
502 721 953 953 953 953 
401 1014 
218 438 612 612 
141 141 660 
472 503 503 
127 127 402 954 
465 
532 966 966 
98 119 162 162 252 266 542 
703 
466 487 487 487 487 574 1006 1006 
901 907 

655 655 
476 476 
229 229 327 494 494 714 714 847 1002 1002 
229 443 443 

413 

602 602 954 954 
776 776 
988 988 988 
311 
350 428 684 934 
152 187 422 434 488 488 506 506 768 
34 34 84 401 401 949 949 1014 
162 162 439 559 559 559 1017 1017 1017 1017 1017 
6 520 608 
312 803 825 825 
588 
763 
366 502 502 659 659 762 
175 430 

42 42 
5 236 236 264 264 384 396 526 625 625 844 954 
422 422 756 
175 

116 116 277 856 
954 954 954 
188 188 188 275 275 502 674 674 674 720 
133 
229 576 576 
618 618 752 752 
108 307 326 326 326 326 366 458 458 607 
139 390 893 893 893 
274 637 
123 123 123 174 174 175 175 175 229 229 229 356 357 427 427 451 483 519 546 695 849 886 886 943 
257 
548 795 
192 192 
481 559 
209 288 941 
66 435 890 890 890 
222 513 684 684 954 
248 
499 530 
90 366 497 497 497 795 992 
694 870 870 
86 
675 677 677 
196 242 242 
32 548 548 782 790 835 1001 
182 182 182 229 329 329 696 696 696 696 936 936 
162 162 
82 82 178 178 
1017 
53 72 284 336 876 876 876 876 
486 486 486 601 
277 468 468 475 697 697 
13 24 760 
725 
390 390 395 660 660 660 893 954 954 
291 351 351 810 810 

539 
496 496 496 
75 255 255 351 351 382 469 469 548 548 548 626 658 806 806 956 956 
73 
315 315 724 
352 
116 238 
467 954 
147 147 147 147 362 936 
73 73 73 73 
489 489 489 942 
378 398 398 598 611 611 
72 72 217 217 365 365 434 434 515 516 567 567 567 610 916 
850 
32 
349 399 
416 
13 760 760 
81 81 150 605 605 605 853 1006 1006 
176 176 323 

205 954 954 
229 345 
142 142 181 638 679 
2 175 666 960 
640 935 

429 548 795 1001 
502 685 685 
107 107 307 
428 954 954 954 1020 


413 413 413 675 906 930 954 

67 67 861 
526 767 945 945 
44 712 

249 746 1017 
1005 1005 
623 780 
201 821 
579 

29 342 433 433 433 826 
427 695 
139 194 277 543 958 
771 
157 
183 903 903 
502 528 528 

428 498 723 843 
487 487 
85 85 123 168 
229 323 
213 683 
598 
189 189 1008 1008 1008 
414 903 903 903 
196 196 
628 791 791 

292 356 982 982 982 
132 
243 900 
886 886 967 
53 324 324 800 800 800 800 
435 
395 
23 23 54 54 74 179 179 311 378 551 551 
229 611 
473 902 902 
907 954 954 
678 
30 30 417 417 417 1006 1006 1006 
229 
27 27 229 780 780 875 875 
63 219 219 250 250 

366 480 484 484 484 502 502 950 
66 786 786 786 
234 
14 232 301 684 
778 778 778 805 

639 
300 300 
228 258 
265 486 486 486 572 1022 
107 
277 277 465 465 465 714 874 
286 286 742 
90 90 90 94 94 277 473 607 881 881 908 
49 59 162 162 189 189 189 253 277 277 316 324 411 453 453 550 606 858 858 868 868 868 


229 675 841 
240 240 305 645 645 742 882 954 954 
331 331 902 


140 181 
958 958 958 
615 660 936 
380 
59 59 172 564 
820 

345 
103 103 103 660 
296 709 709 
330 
44 311 366 436 436 502 502 502 545 545 559 596 660 660 712 712 712 978 978 
125 
226 388 388 1002 
20 162 162 472 472 
28 28 273 302 465 465 
21 527 527 
935 1006 1006 
298 298 462 491 619 954 
841 
22 569 569 

613 963 
50 116 476 476 755 
833 928 
53 53 796 796 816 913 
37 137 369 402 402 402 428 428 557 574 684 684 
103 660 
147 

42 785 963 
582 818 
175 780 
114 114 114 379 976 980 
844 844 
413 689 689 
129 498 557 
51 51 51 196 196 229 
229 229 266 401 757 757 1013 1013 
414 582 700 889 
229 622 
292 954 
731 731 731 731 
5 14 16 16 40 40 43 74 82 107 146 157 157 157 171 178 193 196 209 213 273 273 283 284 286 286 292 292 305 305 310 318 318 341 354 366 366 366 370 370 370 374 391 391 403 449 449 452 465 465 467 467 491 494 497 518 530 548 582 587 587 589 640 660 678 681 683 684 684 704 704 713 721 736 751 751 767 772 772 772 787 805 805 815 829 829 838 838 838 841 882 882 907 907 929 952 1023 
436 491 491 491 627 
552 552 810 810 
277 277 320 459 476 
194 194 518 855 912 912 912 
563 563 
832 


227 366 366 372 933 941 
87 
647 647 
259 295 738 738 1008 
675 711 875 
21 21 21 
508 
976 
25 

467 
714 
615 615 615 
366 944 970 980 
43 410 
195 223 223 472 922 922 
584 
114 114 366 944 976 
366 627 711 
493 616 663 663 687 872 872 872 
351 351 686 686 
98 98 98 502 
58 654 
105 660 
218 218 229 229 281 
277 381 419 753 753 753 
156 229 665 665 


341 675 675 790 1017 1017 
354 1007 
6 182 281 
12 46 46 123 435 603 


229 229 544 717 717 1011 
366 399 412 412 
493 493 493 588 588 588 1013 
224 795 835 
431 568 648 648 746 746 924 1006 1006 1006 1008 
44 538 538 
193 193 193 437 437 716 716 
23 23 23 35 110 848 848 
95 95 95 138 150 150 178 327 327 419 459 487 549 549 549 560 667 676 714 714 741 741 826 826 884 884 884 928 928 1002 1002 1002 1008 
354 366 366 415 415 582 993 
867 867 867 966 1002 1006 
604 604 
58 92 92 
998 

229 229 949 949 1000 
645 645 732 757 
432 432 451 
383 
73 73 80 86 145 145 249 262 262 366 366 412 514 539 539 539 758 758 758 758 758 799 847 992 992 
728 728 728 

838 

265 366 898 
127 402 516 516 954 
