nodes: 1024 edges: 3144
107 107 258 901 901 
9 648 648 648 648 
329 329 329 
414 414 452 
212 368 
61 61 61 185 185 185 250 250 328 331 331 341 341 342 342 531 569 686 686 710 767 767 767 954 954 992 
759 759 759 
278 278 278 
231 231 300 300 366 366 553 553 896 
1 648 648 648 
943 
160 160 160 160 748 
240 240 240 240 240 285 
212 212 803 825 825 825 
51 51 178 178 787 954 954 
147 147 
107 954 954 
82 82 
21 21 21 436 804 927 927 927 927 
82 82 
229 229 766 766 
18 18 18 922 927 927 
117 117 117 277 
110 110 120 308 879 1005 1005 
31 351 351 351 728 728 728 
780 971 971 
244 244 244 244 422 453 584 584 876 
447 447 886 
463 463 
121 121 121 121 853 853 
146 146 146 224 224 417 884 954 954 954 
24 351 351 548 548 
229 405 405 405 405 603 603 603 746 746 822 822 
77 442 1016 
949 949 
879 965 965 1005 1005 1005 
166 229 
462 462 602 628 628 751 751 751 842 842 954 954 954 


497 802 954 954 954 
77 77 77 77 82 
277 
497 954 954 
91 538 538 538 559 559 712 845 845 1003 
62 62 62 399 399 981 981 
176 451 451 451 451 855 855 1019 1019 1019 
189 324 324 324 
701 701 720 
161 903 903 
277 555 555 700 700 1004 1004 1004 
14 14 647 647 647 837 837 837 998 998 998 
452 452 452 
336 336 336 502 502 721 838 838 874 874 936 936 
308 308 879 
954 954 
275 275 582 582 651 942 942 942 942 
79 344 344 524 524 880 880 880 
458 458 458 458 985 
159 159 159 159 903 903 903 
366 399 399 
5 5 5 328 328 686 799 799 799 954 954 
45 45 45 109 109 109 
154 382 382 626 
229 277 277 407 407 407 407 407 
272 272 272 274 274 274 449 449 449 449 
435 435 786 877 877 903 903 903 
229 
382 810 
472 925 925 
325 589 589 
151 151 448 448 448 
277 876 876 
229 229 614 644 644 
179 179 564 717 717 954 
810 
194 766 958 958 
33 41 41 41 41 229 
366 
57 229 229 229 241 241 420 420 611 819 819 819 866 880 905 
536 536 536 954 954 
472 604 604 606 761 761 761 
17 17 19 19 41 147 147 147 197 197 197 209 267 267 283 283 283 283 343 343 343 353 366 500 500 513 513 593 643 657 657 699 699 728 728 787 991 
741 1006 1006 1006 
277 277 430 
123 123 123 462 780 863 
170 170 170 170 376 376 531 661 661 661 661 799 1017 
674 674 

427 
532 692 692 
44 241 
403 403 403 691 691 691 1010 1010 
266 649 649 736 736 736 902 902 902 
277 277 473 473 902 902 
667 667 667 798 866 
714 974 
928 928 
739 
760 760 760 760 760 
436 963 963 
125 488 843 843 
324 324 324 324 397 414 414 414 414 480 980 980 
410 
113 113 113 358 358 358 739 
986 986 986 
517 517 517 517 
0 0 16 171 171 310 310 310 837 901 901 901 954 954 981 
366 409 409 458 
62 62 62 229 229 775 1021 1021 1021 
23 23 1005 1005 
420 420 420 778 778 
154 
104 104 104 162 
366 366 366 399 399 750 750 750 750 980 980 980 991 991 991 
150 229 229 233 632 632 963 963 963 963 985 985 985 
238 326 326 
22 22 22 138 
128 128 128 128 128 855 855 
162 162 227 227 227 227 739 739 797 797 941 1007 
23 225 225 
29 29 29 29 395 529 529 529 569 569 744 
189 189 323 323 
85 85 85 168 168 168 546 780 863 995 995 995 1004 1004 
367 
101 509 923 923 923 
833 833 833 
402 736 736 860 860 973 973 
118 118 118 118 118 954 954 
265 265 477 486 498 498 498 498 557 688 1023 
554 554 554 554 932 954 954 
132 132 132 132 452 
131 131 131 131 873 873 998 
298 298 298 497 497 
916 916 916 954 
199 571 571 571 919 
270 270 270 270 519 
284 684 684 684 954 954 
117 242 421 1009 
361 541 541 1018 
181 181 181 
245 245 245 660 660 734 
262 262 262 624 
857 857 857 

169 169 169 169 1017 1017 
30 30 30 417 884 
15 15 82 82 82 235 497 501 501 501 512 699 737 737 939 940 940 940 954 954 
208 208 
366 399 399 723 981 999 999 
115 700 826 826 1006 
71 71 407 407 
756 756 
323 323 323 357 357 603 
63 112 252 252 252 360 617 
193 193 279 279 699 
389 533 589 640 989 
173 173 173 205 205 494 494 632 632 632 954 954 
277 277 375 375 
59 59 59 59 171 210 587 681 700 700 700 700 954 
11 11 11 11 646 646 646 748 748 839 
49 541 541 689 
113 119 119 229 229 277 277 277 321 439 439 439 472 472 472 637 637 637 647 715 758 758 797 903 903 
954 954 954 954 
569 569 
569 569 660 673 
36 256 256 635 
580 580 
123 123 123 435 525 525 858 858 
145 145 145 145 366 366 366 366 366 592 592 592 592 999 999 
86 86 86 86 192 1017 1017 
107 107 159 215 215 588 588 954 
576 718 718 718 915 
157 157 157 205 205 205 617 617 617 617 
273 471 471 780 780 
239 347 347 507 769 769 780 807 807 832 832 943 
46 511 511 660 
428 428 486 486 486 498 498 498 696 861 
14 14 273 954 954 
74 74 308 308 308 
856 
140 140 140 266 266 266 266 562 562 562 562 831 831 
329 387 387 796 796 994 
277 277 858 858 

5 5 5 
704 704 799 799 799 799 799 954 954 954 
434 962 
502 773 
47 122 122 277 277 872 872 903 903 
234 382 382 382 382 
328 328 328 328 328 601 
170 239 239 239 391 
155 155 363 699 939 939 939 
76 958 
223 481 481 677 
199 199 218 218 229 571 678 678 678 681 681 681 681 694 694 694 794 869 869 954 
82 82 82 355 355 
954 
135 196 196 203 203 571 571 794 
568 
340 340 
407 407 584 
199 199 571 571 571 571 
303 303 
157 157 173 173 173 954 954 
277 277 277 478 
247 596 596 596 596 596 
148 148 361 361 714 714 811 811 811 1006 
82 366 367 905 905 905 905 954 
159 215 215 215 723 723 
241 241 284 689 772 
4 13 13 470 825 912 912 912 912 
314 929 929 954 954 954 
575 575 611 611 611 880 880 880 
171 171 210 210 210 
329 329 
365 425 425 434 434 451 451 451 451 500 500 500 515 594 594 610 
196 196 954 954 954 

437 437 521 521 521 521 595 651 
229 377 377 478 478 478 478 478 
787 787 
195 694 
30 30 508 
120 120 465 537 537 537 795 
388 388 634 
119 119 119 119 
699 699 741 
20 20 32 36 64 67 73 73 77 79 79 79 109 109 115 115 162 162 196 221 230 230 241 277 300 320 320 323 323 345 366 366 368 368 368 398 405 405 407 407 408 408 408 408 424 446 464 464 464 476 476 485 500 500 500 500 544 544 544 578 578 578 600 603 614 630 630 630 655 681 681 691 691 722 722 722 722 752 752 766 775 776 776 780 780 780 809 809 818 829 829 829 830 863 864 869 869 871 880 880 886 886 886 891 891 906 949 949 954 954 987 998 998 998 1013 1013 
229 229 719 719 
8 8 366 554 
916 916 916 916 
115 632 
190 642 642 642 810 810 834 834 891 956 956 956 
147 
775 
966 
116 609 660 660 890 922 922 
175 192 192 192 366 366 366 366 366 391 391 391 950 954 954 
12 12 12 12 12 602 602 602 907 
79 79 91 211 211 229 524 524 765 765 765 
138 
583 583 671 671 671 
26 26 26 26 617 642 642 642 642 
141 141 141 313 313 800 800 
536 536 536 1009 1009 
207 596 596 
362 397 816 816 816 
568 1017 1017 
5 5 569 621 686 954 954 954 
343 343 
154 154 154 376 376 856 
366 
677 677 677 
382 597 
166 166 

0 791 791 791 
295 502 502 850 850 966 966 
607 607 
366 366 
142 142 142 363 363 366 366 412 412 412 440 440 624 660 660 799 799 959 959 
271 384 
288 362 362 362 362 518 577 
129 129 898 
93 181 181 181 181 277 739 822 
82 82 783 783 860 860 860 991 
877 978 978 
487 954 954 954 
136 136 136 136 539 539 
263 407 407 407 583 1012 1012 1012 
65 65 65 366 407 
174 178 302 542 542 926 926 
65 65 65 366 402 407 627 779 779 779 
56 56 666 666 
479 769 
22 42 50 64 64 72 84 84 94 94 158 158 162 162 162 183 183 189 189 206 206 206 229 266 298 323 323 323 324 324 324 339 339 419 419 423 423 453 453 453 459 459 475 529 533 541 558 558 570 570 666 697 707 739 758 758 758 758 758 802 802 837 852 852 852 852 852 858 858 858 868 868 868 868 872 876 876 876 902 903 903 941 941 954 954 954 957 960 988 988 1016 1018 1018 
7 7 7 345 387 387 
155 155 722 
725 745 745 804 804 
759 
744 744 744 876 884 884 884 
82 82 82 82 429 429 954 954 
137 211 619 619 619 619 619 954 
12 407 407 407 723 723 723 725 
765 782 782 782 782 954 954 954 
673 
264 553 553 553 956 956 
546 546 647 647 780 780 
491 491 955 955 
366 847 
954 954 

469 469 898 
259 966 
802 802 802 
545 620 620 745 745 745 
133 133 133 277 

8 8 229 366 740 740 740 
684 892 
273 732 732 
204 204 

602 602 954 
385 385 419 419 419 419 901 
326 326 777 777 777 
23 54 54 179 179 179 814 814 814 814 838 964 

107 107 107 317 317 454 454 456 711 711 954 954 
922 
760 760 760 803 803 803 825 825 825 
245 245 502 502 529 529 529 
213 491 683 683 683 
648 648 
379 379 379 903 
310 310 724 781 
416 416 416 954 954 963 
831 
229 229 476 781 
162 
660 878 878 878 938 938 938 938 
122 122 153 153 153 229 229 277 277 277 744 827 827 827 864 910 
47 47 47 102 102 102 102 277 277 277 346 558 903 903 
70 355 
116 116 307 307 660 660 777 777 
549 
5 61 61 191 191 191 191 191 331 331 531 580 686 
2 2 2 182 216 216 796 796 
879 879 
5 5 328 328 486 509 625 625 
616 

366 530 530 
502 873 
53 53 53 800 800 821 
810 810 956 956 956 
825 825 825 919 919 919 924 1001 
277 277 1020 
201 201 418 418 684 
5 5 597 597 597 954 992 992 
5 5 767 767 853 
82 82 82 251 251 
57 57 611 619 773 
229 278 
324 407 422 616 
175 175 832 832 
568 568 568 988 988 
399 
428 428 428 758 
24 24 24 31 31 457 457 460 460 460 469 469 548 548 592 592 782 782 782 810 810 810 
922 922 922 
82 429 429 
749 954 954 1007 
197 197 325 
850 850 
153 153 
104 104 104 
502 528 528 
154 684 755 755 
139 208 208 714 714 
248 264 264 264 264 502 502 518 518 518 788 788 788 816 816 816 984 
193 262 262 366 366 790 790 790 944 
586 586 946 979 
217 451 451 451 
8 8 60 78 82 108 114 114 114 149 169 169 169 169 169 209 229 229 231 239 239 239 239 239 253 261 261 262 262 272 274 291 300 334 363 363 372 372 372 393 393 399 399 407 409 409 441 441 441 450 450 470 470 470 470 476 476 502 502 523 523 607 607 668 668 668 688 700 700 719 745 745 745 763 763 777 790 847 847 847 871 871 871 889 889 922 922 950 950 950 963 963 963 976 980 981 999 999 1017 1017 1017 1022 1022 
124 209 
4 229 229 229 487 487 487 487 733 733 733 878 
937 937 
737 737 737 954 
520 680 797 797 
366 366 366 523 523 817 817 963 
605 605 605 605 
954 954 954 
158 158 988 988 
86 86 252 252 513 513 513 513 513 820 
221 221 442 442 
618 618 879 879 
316 316 316 713 
843 
988 988 988 988 
63 63 68 190 190 190 190 255 810 810 810 956 
852 852 
263 396 684 684 684 684 
306 306 419 419 
524 524 524 722 736 
182 182 278 278 577 
226 226 568 634 924 1002 1002 
156 
400 778 778 805 
192 239 239 239 950 950 950 950 950 954 
406 406 517 517 517 527 
366 366 
451 770 770 770 
121 530 805 805 
384 767 
102 248 816 
229 706 
45 45 60 60 114 114 149 149 349 366 366 594 594 627 650 650 750 750 823 981 981 999 999 
390 
697 732 732 732 732 757 1013 1013 
127 274 736 736 
92 92 92 954 954 
603 
32 32 32 32 229 229 869 
392 392 527 
64 64 64 64 64 151 151 202 202 229 229 271 271 271 272 274 285 285 285 346 366 422 427 427 427 584 584 894 894 894 
229 229 229 229 
108 108 366 366 652 652 904 904 904 
103 526 526 526 660 660 660 678 919 919 919 977 
492 903 990 
262 262 262 
586 586 841 946 
3 3 102 102 102 102 891 950 950 954 954 997 
960 960 960 960 960 1007 
318 318 318 664 963 
30 146 591 591 591 636 636 636 884 
340 340 
277 277 306 306 306 306 385 385 707 707 988 988 
79 79 111 111 111 573 573 573 642 642 642 
138 
26 346 407 561 561 584 
277 277 
229 579 
217 217 539 
653 653 653 1002 1002 1002 
89 407 407 407 474 474 483 483 583 583 695 695 780 826 826 854 854 975 975 1012 
177 177 350 350 350 455 486 486 498 498 557 628 684 755 755 861 934 937 
283 283 353 353 
84 551 
902 902 
486 486 780 780 
954 
187 217 217 515 515 640 756 756 768 768 820 820 954 954 
66 66 168 550 550 786 786 995 995 
18 100 922 922 
220 220 887 887 887 
733 913 913 913 913 913 1007 1007 1007 1007 1007 
162 162 162 603 603 855 
262 262 563 609 660 
366 366 366 
33 377 377 690 
708 708 708 726 747 

811 
229 885 885 
27 27 709 709 709 
71 71 71 
65 65 65 65 
366 366 976 
46 46 46 46 217 217 217 217 365 365 365 394 780 780 1015 
3 52 52 52 131 530 
26 277 277 277 550 550 903 903 963 
310 310 661 661 899 899 
428 
310 
351 351 592 592 592 
58 58 58 58 108 985 985 985 985 
277 277 957 
351 351 351 575 575 575 575 575 782 875 875 875 875 
805 949 954 
37 37 85 546 
28 28 623 623 623 709 709 
229 229 229 779 779 779 988 988 
225 954 
909 909 909 909 909 
639 639 895 895 954 954 997 
475 502 1010 
294 294 351 351 511 806 806 806 810 
212 366 366 366 366 
174 174 780 
69 81 162 162 162 735 925 925 
94 94 881 902 902 
427 427 929 929 929 1012 1012 
277 468 914 
229 229 320 366 366 745 781 781 
129 486 736 1023 
206 221 221 221 221 221 971 
276 518 954 
102 502 
195 195 712 750 784 
855 855 919 958 958 958 
427 427 780 780 840 840 840 
889 
229 
129 177 177 177 331 428 428 432 432 477 696 861 861 861 
269 368 368 368 368 540 540 714 714 862 862 1006 1006 
101 693 

797 
290 290 314 545 954 954 954 
411 
982 
157 157 

521 563 563 957 959 959 
40 43 133 133 147 817 817 817 817 954 954 
129 129 129 129 177 177 177 428 428 861 861 861 898 898 898 
530 530 530 789 789 
82 82 217 217 217 229 229 229 229 820 820 820 
147 147 147 
53 53 188 259 259 313 313 335 359 362 362 366 366 468 480 556 607 607 607 685 685 685 763 773 773 859 922 922 922 953 953 966 966 984 984 

1007 1007 
885 885 885 885 
622 622 622 632 756 810 
175 662 662 969 969 
224 662 662 
125 331 946 1017 
700 700 700 700 
176 176 469 
147 719 789 789 
82 82 376 376 376 376 376 
925 
217 434 434 820 961 961 
954 954 954 
106 106 106 106 392 392 392 527 527 537 546 
264 362 362 362 479 548 954 954 
136 727 727 727 727 
371 680 680 680 759 759 759 
220 220 220 220 496 595 595 595 
530 
366 366 372 372 817 817 817 
57 57 241 241 386 386 386 736 736 736 
168 168 
410 410 410 767 767 979 979 979 
392 406 517 517 
359 359 836 
121 121 121 277 313 313 313 954 
334 334 395 452 499 499 499 522 555 555 789 789 954 
5 86 328 992 992 992 
90 692 692 692 
156 277 739 739 928 
636 948 
592 592 592 592 
80 80 80 246 246 246 
225 225 225 517 
44 44 44 1003 1003 1003 
270 270 425 808 856 
487 487 
139 139 161 161 277 
273 273 840 840 926 
884 884 884 884 
229 229 229 998 998 
297 491 562 596 922 922 939 978 978 
123 289 289 462 517 647 647 780 780 835 835 
857 857 857 954 954 
31 31 351 351 518 792 792 810 835 835 954 954 956 
327 667 714 1006 1006 
435 435 453 453 858 
430 879 964 964 964 
601 810 810 810 956 
8 8 288 288 288 
130 130 130 130 231 
50 50 530 530 698 698 698 
502 731 
129 428 861 861 877 877 877 937 937 937 947 947 947 
277 277 324 619 619 862 
44 44 712 712 712 784 
676 1006 
422 422 584 584 584 687 
181 181 181 181 545 
440 496 496 959 
74 

978 978 978 
876 876 876 
200 249 348 348 348 388 621 621 1002 1002 1002 
5 121 121 164 164 165 165 250 673 673 767 767 931 931 931 983 983 
277 277 957 
135 135 135 196 199 199 203 203 203 203 881 881 881 881 

420 420 420 
684 709 709 709 709 937 968 968 968 968 
214 214 460 460 460 460 460 653 653 653 653 653 886 886 886 
172 670 670 670 915 915 915 
264 387 
229 229 229 
424 851 851 851 
167 167 328 

56 56 587 880 942 950 954 954 
243 243 271 427 427 
26 26 202 407 407 422 561 561 561 979 
702 702 
364 364 413 413 689 884 946 946 946 
159 582 681 681 
171 171 
70 70 156 954 954 
926 926 
417 417 417 
169 169 169 169 351 351 457 457 457 535 535 535 535 746 746 746 
82 699 699 
217 217 399 399 627 640 855 
220 521 521 521 
207 207 207 207 207 247 247 545 712 805 805 805 922 
255 341 341 341 917 917 992 992 

879 879 
229 871 871 871 
191 552 801 801 805 805 954 954 
37 240 240 240 305 305 907 907 907 907 954 
32 32 32 153 229 404 439 439 
81 81 683 
373 373 373 373 
81 903 
260 260 366 366 502 502 502 612 612 790 
759 
238 440 660 660 660 754 
217 
79 214 214 214 344 880 
607 607 660 660 660 675 805 
753 988 988 988 988 
73 229 620 745 745 745 745 830 

332 346 663 982 982 982 
154 173 173 173 173 244 642 
378 378 
284 284 284 284 284 344 558 558 714 714 714 714 1006 
297 297 614 745 745 745 
250 568 568 887 887 
506 506 506 632 632 951 
463 463 463 780 
142 262 959 959 959 
331 331 
63 734 
274 399 594 
37 37 428 937 
695 908 908 908 
229 229 229 888 888 
956 
115 115 157 157 157 233 506 622 622 951 951 

226 388 680 
166 857 857 857 
417 417 417 534 
162 162 162 705 705 705 852 852 852 
679 679 679 831 831 
467 467 888 895 895 
156 434 594 833 954 

234 234 234 244 244 244 244 420 420 420 617 
82 
73 73 
886 1014 
160 160 160 717 717 
51 51 51 162 289 289 546 546 737 737 737 737 
1 1 1 1 9 9 9 315 315 935 935 935 
93 93 736 
399 399 
56 220 694 791 
409 409 777 
426 426 426 575 575 575 575 575 780 780 840 886 
896 
229 864 864 
969 969 969 
82 82 
810 810 
763 784 784 784 
141 141 165 176 238 238 262 262 322 326 326 410 410 410 440 609 609 609 612 612 612 673 673 678 705 705 705 733 733 734 805 878 878 878 878 919 919 919 922 922 954 959 959 959 
86 86 86 86 454 454 
507 507 508 508 
616 982 982 
416 
989 989 
275 275 277 852 852 
95 95 95 549 676 676 676 
366 366 366 
864 864 
576 576 576 
243 243 243 
710 710 710 710 1000 1000 1000 
165 287 569 569 660 660 791 791 791 
87 87 692 692 
612 793 
560 667 667 667 
195 254 254 254 
196 196 196 410 660 
638 638 638 831 
371 520 520 520 634 
159 196 196 196 196 229 229 587 587 722 722 954 954 954 
756 756 756 756 954 954 954 
314 314 314 604 865 865 
137 137 137 301 340 360 384 384 384 384 428 574 755 755 892 937 954 954 
502 502 502 
5 5 61 250 328 
561 982 982 
129 366 999 
161 211 586 946 
442 
92 92 92 229 229 
90 90 532 532 532 674 674 
488 
196 196 196 223 651 791 791 791 
427 427 629 724 724 812 
177 486 
277 401 952 1016 
555 555 555 756 756 756 756 
82 82 147 155 193 228 228 593 593 745 745 745 897 897 897 
50 50 150 159 159 159 159 366 366 510 510 510 510 772 950 950 1004 1004 1004 
48 48 841 841 
585 585 
886 
186 186 954 954 954 
637 637 637 660 660 660 
398 871 
277 419 419 949 949 949 
443 443 443 726 726 730 
447 447 447 463 463 574 574 574 574 920 920 
5 672 672 672 672 954 954 
310 310 
44 481 559 559 559 596 922 
379 1006 1006 
96 208 208 361 361 487 487 549 619 619 619 619 790 974 974 974 1006 1006 
162 797 925 

74 74 646 646 839 839 
172 172 172 
230 230 366 512 939 
48 773 836 836 836 
53 841 841 841 954 954 954 
229 229 229 229 279 386 681 681 
149 210 210 285 285 285 803 803 954 
317 695 695 
280 285 954 954 
443 708 708 747 747 894 
519 519 519 519 902 
24 24 24 82 82 

708 747 747 747 747 747 
556 738 738 738 
302 302 401 401 401 401 1013 1013 1014 
368 368 368 438 660 660 954 954 954 
141 626 660 
472 
93 93 93 127 127 386 402 402 477 524 524 524 649 954 954 954 1023 1023 
147 147 370 370 370 647 647 647 647 
731 731 731 966 966 
98 104 119 119 266 277 533 533 
300 300 300 780 780 789 886 
83 228 826 975 975 1006 
907 907 

121 282 282 282 323 
280 280 297 297 297 366 366 366 476 614 614 614 614 620 620 620 699 699 699 
32 32 592 592 592 
443 726 726 730 730 730 730 730 
11 160 160 
354 
114 114 114 114 399 399 481 
37 37 37 1006 
229 229 
613 988 988 
609 
360 360 428 428 684 684 771 771 771 843 
152 152 434 434 506 682 682 682 682 698 698 698 698 768 768 
401 949 
162 162 277 277 277 277 277 350 
6 6 6 281 520 520 520 608 
99 99 99 99 99 312 312 312 
81 81 81 

366 366 502 659 

241 241 241 286 
20 20 76 229 
5 5 5 342 342 396 526 526 569 569 830 830 830 853 954 1023 
434 434 756 756 
175 175 276 780 780 780 780 780 936 
394 394 394 780 
755 755 755 989 
211 700 954 
188 344 502 502 720 
928 928 
109 229 236 933 933 
229 229 
307 307 307 326 326 366 652 
111 111 390 390 893 
274 274 274 464 464 464 
25 85 123 174 174 175 229 229 229 289 289 427 432 432 451 451 471 483 483 546 546 623 653 653 740 740 769 769 769 769 769 770 812 840 854 875 875 886 886 943 943 943 969 1015 
317 320 476 476 
286 286 286 286 351 351 351 460 795 
267 267 860 860 
481 559 659 659 659 

66 435 435 890 
14 82 222 222 
362 362 362 845 
499 499 512 512 530 530 740 
363 363 363 366 607 714 
258 258 258 651 673 673 673 694 694 694 1019 
548 548 
675 
196 199 
225 782 835 835 1001 
182 182 329 329 
119 119 162 371 371 490 715 
95 1009 
61 61 61 86 186 186 186 186 186 262 262 1017 1017 
245 245 336 336 
601 601 954 1006 1006 1006 1006 
40 277 277 296 296 296 816 816 816 
13 312 312 312 723 723 825 
18 280 280 846 846 846 846 
390 395 395 461 596 596 596 601 601 612 660 878 878 878 893 893 954 
469 469 469 810 810 934 934 934 934 
175 175 832 
539 
229 229 906 906 1011 1011 
68 75 234 234 337 337 351 351 351 382 382 382 469 506 548 552 552 552 658 658 806 806 917 917 917 917 956 
208 208 208 445 
695 780 1019 1019 1019 
922 
308 308 308 308 
888 888 
248 248 248 362 362 362 397 802 802 802 
372 372 497 497 497 497 523 523 523 
229 
79 79 79 1009 
376 434 434 500 500 500 515 916 
336 966 966 
32 32 266 
399 
963 963 
13 13 13 212 312 312 312 338 338 338 803 1001 
150 150 427 427 741 1006 1006 1006 1006 
323 323 323 
922 922 978 
229 229 229 954 954 
229 614 767 767 767 844 844 
181 181 319 638 638 679 911 959 
175 175 347 347 807 
126 126 126 640 
234 234 
546 546 548 548 795 795 1001 1001 1001 
528 720 720 720 859 
51 51 51 107 277 
53 53 308 952 952 952 954 954 
160 717 717 
483 483 483 542 542 653 780 
413 701 701 721 721 721 930 946 946 946 954 954 
37 37 
101 101 380 755 
830 830 
44 44 788 
804 804 804 804 
291 366 366 366 919 1017 
1005 1005 

259 259 356 356 905 966 966 
579 579 579 
277 277 277 277 277 383 383 637 637 637 666 666 954 
29 29 342 767 
427 427 780 
46 46 118 118 439 482 482 594 958 958 
180 252 539 
143 143 143 547 547 547 635 635 635 
168 168 183 183 277 277 277 550 903 1016 1016 
502 836 988 988 
127 127 267 267 267 783 783 973 973 991 991 
177 428 486 486 486 498 498 498 557 557 
487 487 558 
85 123 229 
229 323 655 655 669 669 
683 683 954 
79 95 1009 
935 935 935 
277 277 277 277 
196 196 229 229 405 
937 937 954 954 954 
229 366 366 366 600 600 600 706 
189 189 277 
132 132 335 
53 53 900 900 900 
460 460 460 460 780 780 886 886 
26 72 72 277 277 277 282 567 567 567 
66 66 268 557 557 557 890 1023 
322 322 322 368 660 660 660 660 805 805 805 945 945 945 
23 35 54 330 330 378 378 551 599 599 964 964 964 1005 1005 1005 
57 57 57 79 214 214 214 229 229 582 611 982 
473 571 571 571 571 


30 146 282 282 282 417 543 543 543 543 586 
446 446 505 505 505 505 
27 229 229 229 575 575 575 645 653 703 740 780 780 875 875 
437 437 437 621 621 
630 630 639 815 815 
366 366 484 950 
238 786 877 
229 229 234 414 
301 684 
778 805 805 
407 407 407 726 
467 467 639 639 
8 654 
699 699 699 
265 294 498 498 498 
454 454 
874 874 874 
0 0 107 107 107 306 
93 93 93 94 94 277 431 431 473 473 727 
49 49 59 59 59 66 66 66 162 162 189 189 277 277 316 324 324 411 453 453 606 858 972 972 
409 409 409 
79 209 209 209 209 850 948 966 966 
229 809 809 
240 602 602 602 602 742 742 954 954 
629 629 629 
466 466 466 466 466 
323 
831 
212 212 212 212 
438 438 438 438 438 
475 
172 576 576 576 
134 134 134 232 232 232 232 820 
597 597 810 810 810 810 

135 338 338 338 410 410 410 482 660 660 660 847 938 
709 709 
956 
21 238 238 311 352 352 352 366 366 436 436 502 502 502 545 545 596 660 660 712 813 828 828 
125 125 125 
338 388 
69 69 472 472 514 715 
273 273 542 590 590 
18 18 18 18 21 21 
97 97 533 774 774 935 1006 
213 213 474 474 474 954 954 954 
841 
569 569 569 
130 
775 775 963 1019 1019 1019 
428 806 806 806 806 
648 648 648 867 867 867 928 1002 1002 1002 1006 1008 
53 53 769 
369 369 428 557 557 557 574 628 684 870 870 954 954 954 1023 1023 1023 
322 322 322 322 919 
147 193 193 193 545 719 
147 147 147 
119 277 277 
56 56 56 56 582 
10 175 780 780 780 967 967 
363 980 991 
878 878 878 
364 413 509 586 586 586 689 841 841 841 1017 
557 557 557 
534 905 
34 34 229 229 461 707 707 707 757 1013 1013 
239 366 366 366 391 391 391 391 391 414 414 582 700 700 889 954 
622 632 632 
697 838 838 838 954 954 
502 502 
5 5 14 14 16 16 30 30 30 37 37 37 40 40 40 43 43 55 55 61 61 74 80 80 107 107 128 128 130 130 134 137 137 147 147 157 157 159 163 163 163 163 171 178 178 186 186 186 196 198 205 205 209 213 213 213 218 218 218 229 229 239 239 250 250 250 269 269 269 277 277 277 283 283 284 286 286 286 292 292 305 310 310 318 318 341 354 354 370 374 374 374 391 403 403 414 414 433 434 434 461 465 467 467 479 491 491 491 497 497 516 516 516 518 518 529 530 547 547 548 548 582 582 589 589 601 601 602 640 660 681 681 681 682 682 682 684 684 704 704 704 710 710 721 721 721 723 725 725 733 733 733 736 736 736 767 772 801 805 829 829 838 838 841 841 852 865 870 870 870 907 907 929 929 929 937 937 937 950 952 952 1006 1006 1006 1007 1007 1023 1023 1023 
290 290 
234 234 234 288 288 337 337 337 382 548 552 631 810 921 
277 459 496 570 
76 76 194 482 482 482 855 855 993 
262 262 496 496 563 624 624 624 660 660 660 831 
277 415 415 415 415 415 
515 515 
187 
100 100 115 115 115 115 318 366 366 366 372 416 453 824 824 933 
308 551 551 551 879 879 879 
35 35 
237 259 259 295 502 502 738 738 821 821 850 850 905 905 
943 943 
574 574 574 574 
507 507 656 656 656 780 

25 25 478 
903 903 
127 127 860 860 
96 714 714 714 
427 427 741 741 1012 
366 450 
410 
268 268 545 545 566 566 566 828 
364 526 526 526 584 
102 102 114 114 114 366 944 
45 45 107 149 366 399 399 
493 616 616 616 663 663 687 687 880 
569 569 
362 502 502 
58 115 115 115 458 458 458 458 
105 105 105 
229 
277 277 348 348 375 375 381 381 381 381 419 419 464 464 613 613 613 613 753 753 859 859 
156 665 665 771 
411 
82 114 114 114 267 860 860 944 
5 341 341 531 531 531 597 597 
958 
182 
123 123 123 435 435 

414 467 
51 51 51 132 229 229 229 544 544 
149 149 169 169 366 366 399 399 688 
672 672 672 1013 
338 795 825 835 835 835 
388 388 426 426 426 568 568 568 935 935 935 1006 1006 1006 1008 
44 538 538 538 
50 50 50 123 123 700 700 700 
23 23 35 35 35 110 110 848 848 879 879 879 
83 83 83 150 208 487 487 549 549 560 619 713 713 714 714 741 751 801 801 801 801 826 826 826 826 928 935 954 954 954 1002 1002 1002 1009 
119 354 415 438 438 438 438 438 504 504 954 954 
935 1002 
138 246 246 798 819 866 1006 
92 92 468 
809 809 
271 271 271 427 474 474 975 
229 229 401 401 732 732 949 949 1000 
645 732 
451 780 
33 277 697 858 858 
86 145 145 170 170 249 249 366 366 366 509 799 799 847 946 
139 277 277 
46 46 46 791 812 812 812 933 933 933 
339 
109 109 109 
366 366 
129 477 736 736 767 877 937 937 937 954 954 954 
