nodes: 1024 edges: 1879
901 
9 648 
97 

20 20 20 212 
7 167 263 328 331 331 341 342 569 710 767 767 954 992 
987 
5 61 544 544 
178 183 229 229 231 366 553 553 
1 
175 175 
74 74 74 748 748 

264 803 825 825 
452 
147 587 
643 954 954 
19 155 155 643 
588 725 
17 728 
4 4 4 229 439 
436 968 
277 532 532 
120 120 179 179 225 225 225 308 308 879 

478 971 
584 
333 333 333 453 505 886 886 
463 463 463 
56 56 
146 224 417 417 883 883 
351 351 629 629 
228 228 603 746 746 822 998 998 998 
77 686 686 686 
461 
330 330 429 879 
1019 
937 937 954 954 

814 886 
133 497 954 985 

277 
497 
845 
399 687 
754 

773 773 
316 903 903 
277 555 555 696 
998 
954 
335 335 502 502 
308 308 308 
391 826 826 826 
29 29 220 

99 99 960 
740 

7 328 328 328 870 954 
1014 

93 229 229 277 582 
387 387 387 387 407 
281 435 786 875 877 877 890 

658 658 790 810 
925 925 
280 280 794 794 794 885 
448 477 765 938 
876 
229 424 614 614 644 
11 11 11 646 717 879 879 954 
544 
482 958 958 
33 686 686 
366 
111 241 611 866 866 
954 954 
604 
147 147 172 209 267 267 343 343 500 513 537 593 728 728 787 939 954 954 
741 
529 
113 123 229 229 780 780 886 886 
145 145 505 505 

673 


720 
271 1010 
64 1010 
410 473 902 
352 352 928 962 1006 
714 974 974 
2 928 
119 266 739 739 
58 58 
318 318 963 963 963 963 
434 434 756 756 
143 143 635 635 
601 601 601 919 919 
739 
660 660 734 881 882 882 986 

171 310 310 454 661 899 901 954 954 
366 458 607 777 
229 544 

79 
154 
85 162 229 229 
324 366 366 396 399 399 476 476 745 886 980 
229 233 632 
185 
667 667 853 853 
194 855 
98 739 931 931 
23 23 581 599 
569 
738 
85 162 162 162 168 229 229 435 456 780 974 974 995 995 1004 
799 
923 
425 425 594 833 
369 402 402 546 736 937 

265 557 557 898 898 
932 954 954 
861 
547 873 998 
40 497 497 
351 842 954 954 

252 270 

571 1006 1006 1006 
277 324 348 348 
181 624 624 
660 660 734 

102 102 
151 407 
86 86 
30 
15 82 82 193 193 497 497 501 501 699 699 886 886 939 
208 208 
399 399 
826 826 1006 
144 407 407 448 
434 434 434 434 685 801 
309 309 309 323 357 357 744 814 814 814 814 
112 360 376 856 856 
17 17 769 769 769 769 979 
989 
205 954 
375 954 
582 954 
646 
541 
113 123 123 123 204 229 229 277 303 303 321 322 439 439 472 472 472 514 533 533 637 739 739 739 903 903 965 
582 


355 355 
5 
123 435 525 525 792 
645 645 
509 509 
107 210 588 723 723 
82 267 576 593 593 860 
339 339 339 
780 780 780 
10 10 347 764 764 764 769 780 780 807 832 943 943 
238 238 660 754 754 913 913 913 
428 455 
8 273 954 
23 23 
376 376 
140 831 831 
229 329 387 796 994 994 
8 277 375 461 858 
420 
116 328 814 
516 
434 

846 846 846 872 
966 
326 328 
391 841 841 954 
147 147 886 
118 958 
223 223 
199 199 229 390 405 571 794 794 954 954 

491 491 857 954 
196 196 203 
789 
340 340 418 418 
407 
199 
162 242 242 242 303 384 384 
157 494 494 494 954 

247 
148 148 327 714 
82 436 436 728 728 954 954 
171 723 723 
621 
4 803 
314 374 929 
611 611 
845 
329 487 487 
365 939 
403 767 853 
735 735 887 
56 437 595 651 651 
377 
787 
195 195 
30 417 417 417 
23 23 23 848 
924 924 
632 
32 32 
8 8 20 64 64 73 85 85 109 113 113 115 123 123 162 162 182 196 241 277 281 323 323 345 358 366 366 407 407 407 415 415 427 427 442 443 445 461 464 476 485 534 544 632 655 669 726 726 747 752 766 766 776 780 780 818 819 819 864 864 864 871 871 871 880 880 886 891 918 948 948 949 954 1011 1013 1018 1018 
392 632 632 719 719 719 
8 300 554 554 
1004 1004 1004 
115 632 901 901 
441 631 891 966 

767 767 
966 966 
176 176 660 922 922 941 941 
837 
262 305 305 334 334 927 927 927 927 1002 1002 
79 229 420 420 
204 204 204 267 350 350 428 1009 1009 
591 
617 617 


207 596 
362 397 816 
847 847 909 979 979 
887 887 954 954 954 

136 270 376 
393 
677 1011 
382 
359 947 947 
545 545 

371 371 502 502 532 905 905 966 966 
549 
366 366 663 
240 363 366 366 412 412 563 624 624 660 660 705 705 1017 
5 641 641 641 
13 518 518 904 904 
129 898 
98 
82 82 172 242 718 783 860 
922 922 922 978 978 
277 277 
136 252 444 856 
92 583 583 
779 
178 302 954 
387 387 779 779 
668 
464 464 559 819 
22 42 50 64 139 162 183 229 269 269 283 283 283 298 324 324 324 339 339 346 346 348 383 383 419 419 423 439 439 449 453 453 475 485 529 533 533 541 558 603 603 619 666 697 739 855 855 858 872 876 903 903 903 960 988 1016 
345 630 630 
376 
70 70 301 301 301 804 804 
66 229 759 759 
876 
277 277 277 459 459 459 954 954 
618 954 
427 
547 954 
432 432 
785 921 921 956 
594 725 725 
314 892 892 
936 
368 
362 
486 486 
821 
469 923 
545 545 
277 498 
420 
231 366 423 
280 280 280 804 804 804 
273 590 
162 162 204 
858 858 
240 240 474 474 474 742 742 954 954 
661 
326 326 366 366 366 388 
23 23 54 54 54 412 412 412 412 551 551 551 879 
153 153 153 814 814 
107 107 317 412 412 412 456 954 954 

760 760 803 

213 290 491 

49 1020 
310 874 874 
100 100 954 954 
831 831 831 831 
322 322 476 781 
162 715 715 
162 320 320 660 
153 229 229 357 864 864 877 
114 139 277 277 277 558 664 903 

191 307 307 346 366 366 366 777 
208 337 337 361 361 714 1006 
5 61 61 61 185 191 331 531 
182 216 796 
35 35 334 879 
5 5 328 
616 721 721 721 
27 27 27 728 
240 240 330 366 366 831 
53 53 366 502 
421 502 835 936 
327 327 548 548 956 956 956 
634 634 634 634 634 1002 
173 173 173 277 277 714 739 
201 201 
5 701 701 735 735 954 992 
5 844 
82 82 

229 278 
277 277 326 
175 832 
139 139 277 
823 823 
242 242 755 
31 31 134 469 469 469 535 629 629 782 
95 95 922 

529 993 
166 166 946 

153 153 323 
229 387 566 
256 
154 800 800 
327 327 
248 293 437 502 731 731 743 788 984 
262 641 790 790 
586 946 946 
217 558 558 558 
8 78 108 114 114 229 229 261 261 262 262 300 307 307 307 326 326 326 334 334 335 393 399 399 407 407 407 409 409 450 450 502 502 510 510 510 523 523 607 607 660 660 719 719 790 922 922 950 950 963 970 976 981 1017 
954 
292 
127 
737 737 
259 259 490 490 490 490 
817 933 933 

213 544 544 
158 183 613 988 
154 180 180 252 279 
221 
879 

428 428 

255 
277 277 750 
204 204 396 767 
419 454 454 661 661 661 988 
722 722 
65 65 65 65 182 274 274 358 
307 568 924 1002 1002 
404 404 954 
196 400 400 778 893 893 
55 192 954 
230 406 406 439 439 517 
253 366 466 
451 861 
878 878 
114 384 767 
248 934 
690 
45 114 114 149 149 366 366 823 981 981 981 
390 390 642 665 665 778 778 
645 732 949 1013 1013 
127 127 1023 
218 737 954 
389 389 603 603 
196 
392 392 527 580 580 
65 144 151 151 202 229 229 229 366 366 366 422 422 422 427 427 561 579 579 579 579 583 671 

366 366 962 962 
94 660 660 953 953 953 977 
903 990 990 
262 262 308 308 308 308 310 310 310 660 
586 609 609 749 749 841 841 
489 954 997 
229 229 504 672 
761 824 963 
30 30 224 224 224 591 
201 201 
277 277 385 543 543 
184 241 241 299 573 
336 689 689 
407 407 407 561 579 583 583 583 979 
277 300 
73 882 
126 126 

229 229 285 407 407 671 849 975 975 
177 242 380 380 431 463 498 498 498 557 557 684 684 755 861 861 861 937 937 937 
35 767 774 

428 843 
287 287 740 780 780 
652 652 
101 101 152 152 152 152 187 515 640 640 698 756 820 820 
66 123 168 877 877 877 
21 209 209 922 
220 362 
733 
20 162 162 277 277 392 392 570 855 
563 609 609 870 870 870 
234 
229 565 
229 894 894 
270 
229 747 747 817 817 

463 709 763 
71 151 451 451 451 555 
277 
366 366 
394 448 448 448 
14 530 954 
27 277 277 550 550 903 903 
107 385 385 
177 
123 310 

108 939 
283 283 283 

34 183 229 949 1011 
546 
28 28 28 428 447 
229 276 276 
590 
393 
815 895 987 

296 351 351 351 726 726 726 726 810 
912 

162 162 162 572 572 761 761 797 797 797 
94 881 902 
305 305 305 
277 670 679 679 806 923 923 
114 114 229 320 
71 
25 971 
954 1010 
502 773 

76 958 
780 
950 
229 277 
294 294 498 
216 216 540 714 
756 
414 726 726 
371 371 371 371 715 748 748 
198 198 314 997 
954 954 
663 
205 205 205 

563 959 
40 43 133 133 147 147 954 954 
298 428 428 428 486 841 841 861 861 
789 
82 954 
147 147 
53 53 259 259 335 336 362 366 366 480 532 607 607 659 659 674 674 738 738 757 762 763 773 800 836 922 966 984 

415 
27 86 86 1017 
756 928 
902 902 902 908 908 962 969 
662 
170 170 
366 366 366 797 797 821 821 
660 880 

82 
162 
434 756 756 756 961 
186 689 
392 527 
264 264 

759 

555 
366 366 817 981 
736 
168 168 
767 767 844 954 954 
406 517 

84 277 354 
452 789 789 954 954 
328 710 938 
22 22 259 502 905 966 
162 162 277 277 637 637 715 
229 918 
351 
923 954 
82 
1003 
808 
487 
161 277 

419 419 713 
7 7 75 109 229 374 374 758 775 775 998 
257 257 297 297 562 596 596 922 941 941 978 
127 462 780 780 780 886 886 
132 286 
337 337 719 721 721 721 792 810 810 810 954 
260 1006 
453 453 903 903 
308 308 308 879 
742 742 742 742 810 820 820 
8 8 
231 231 957 
50 50 448 522 

129 129 428 428 640 861 937 937 937 
277 324 365 365 365 939 939 939 
276 628 712 712 922 
676 
407 422 
545 
262 440 496 959 

442 877 877 
358 952 952 952 978 
876 
388 692 1002 1002 
5 121 719 
439 957 957 
138 196 954 954 
472 472 
420 707 
937 
886 
172 860 860 860 


407 407 407 407 422 851 851 
406 406 
120 
64 159 163 954 
271 271 407 422 422 422 671 
26 

364 413 689 946 
15 877 954 972 972 
18 171 
954 
302 465 926 
243 417 

82 172 172 699 699 
126 289 640 
220 
247 545 545 

819 969 
120 
861 861 861 871 871 
103 103 103 801 801 805 805 
954 
32 277 277 404 404 702 
81 

903 
108 366 366 502 502 

413 413 440 440 660 660 660 754 
820 820 
79 214 214 866 
878 
375 753 
73 73 830 994 

332 632 632 632 663 663 982 
244 244 
284 
277 

211 887 887 
951 951 
780 
140 140 262 262 959 

806 810 

559 862 862 
31 31 351 351 
278 278 
234 
115 227 229 230 230 233 616 616 616 669 669 669 
711 821 821 821 
338 338 338 338 338 924 
102 102 

162 533 533 

888 
434 434 557 594 
263 263 263 363 
400 
16 17 
73 
169 169 401 1014 
74 160 761 992 
847 847 962 
1 
736 736 943 
836 836 
220 220 694 791 1019 
433 433 
840 840 

229 
912 978 978 978 

68 68 810 
502 502 
105 105 141 141 176 238 262 262 322 366 366 410 410 412 511 609 609 609 673 678 805 835 835 878 922 922 954 954 986 986 986 
107 306 385 385 385 705 861 861 
508 
261 493 616 616 676 1006 1006 
324 834 834 
400 400 
277 964 964 964 
117 117 676 
275 
229 632 632 632 864 
475 880 880 
407 427 583 865 865 
415 
88 660 
502 502 

560 663 667 
254 
660 954 
475 475 
826 826 979 
722 
902 954 
865 865 865 
428 428 755 755 755 892 892 892 937 937 
152 
33 33 33 77 77 
45 982 982 982 

421 421 516 586 946 956 
398 

568 

651 791 791 
724 780 780 812 
50 
277 
434 871 871 871 871 988 
147 147 593 593 749 
950 
341 341 
603 
740 740 808 808 
954 954 954 
262 262 661 
871 871 
573 

447 920 
5 531 954 
633 
559 559 845 922 922 
543 954 
96 208 327 339 487 974 1001 1006 1006 
321 321 490 533 797 
1004 
74 839 839 
267 860 
230 230 230 366 366 548 569 
91 773 
332 332 332 548 548 548 954 
386 386 681 
171 171 210 210 
695 
18 289 289 954 
229 229 469 469 469 469 489 489 730 894 894 
902 
19 82 82 209 209 333 
922 
726 
362 362 
401 
438 954 
105 141 
219 219 341 341 
127 524 649 649 1023 1023 
370 370 403 954 954 
122 502 502 966 966 
98 98 104 119 162 162 162 277 339 
59 432 703 703 780 780 886 886 
83 1006 
305 305 552 552 552 552 896 
362 
153 827 827 
114 
32 32 
229 445 445 
11 11 490 490 
413 413 699 841 
383 
829 829 940 
229 
613 
46 176 176 609 
350 428 684 684 684 934 934 934 
101 101 434 488 506 515 515 515 820 954 954 
502 
544 
281 281 520 
312 312 803 
416 472 472 646 
502 763 
447 502 762 
175 175 175 927 
71 
229 229 
5 5 218 236 236 384 396 429 526 526 853 931 931 931 954 954 992 

155 155 155 155 175 780 780 780 
780 920 

794 
48 48 480 502 720 
429 935 935 
544 544 
229 880 
108 326 
390 400 400 
272 274 274 
85 85 123 174 174 174 175 175 229 229 432 432 483 546 546 546 623 695 695 740 740 769 769 769 770 854 875 886 886 969 1015 
320 
351 
267 860 

288 
66 842 842 842 890 
82 222 807 954 
362 
200 499 530 530 
68 363 363 366 
651 694 694 
168 548 

70 70 70 196 196 772 885 885 885 
1001 1001 
182 329 
472 472 472 510 510 715 925 
1006 
124 1017 1017 
360 360 502 
152 601 601 954 

13 212 312 760 825 825 825 
280 280 301 301 301 
601 601 660 852 945 954 954 
475 626 
175 787 
539 703 703 
906 
68 469 548 548 548 552 626 658 868 868 956 

695 
978 978 
39 153 153 153 153 185 309 309 
467 888 888 
248 
372 445 445 523 
229 
229 229 276 598 866 
434 434 552 552 610 610 756 
295 510 510 633 633 633 966 966 966 
32 1022 
349 349 399 
416 963 963 
13 13 803 803 803 
55 55 55 150 150 680 680 1006 
744 744 
975 978 
751 751 
614 
181 181 319 319 319 319 334 911 
175 347 
126 
664 664 
336 660 660 
502 650 650 859 
239 
952 954 954 1020 
717 717 
653 653 
192 192 413 413 498 498 749 930 946 946 
134 786 786 786 
431 
342 526 
44 215 712 
189 189 189 
249 249 647 647 1017 
225 1005 
427 
905 905 
579 579 
805 945 
117 117 218 767 
780 
118 277 277 439 958 
154 154 270 
198 954 
183 277 304 304 903 
836 
172 267 576 576 576 718 783 
131 394 428 428 428 498 498 557 600 600 600 661 661 1010 
628 628 

229 229 229 323 323 669 
671 671 683 683 683 
79 79 611 819 
1008 
810 810 903 903 

61 440 440 440 
229 229 229 600 600 698 698 698 698 706 706 
189 277 
132 
317 317 900 900 900 902 
66 780 886 
72 277 282 567 
66 66 323 435 435 435 565 565 587 
395 395 612 660 
23 35 74 74 308 330 378 551 1005 
229 229 511 670 670 776 
105 473 
105 105 424 907 954 954 
30 30 

70 794 794 794 
27 27 39 85 85 114 147 147 193 229 546 546 575 740 740 780 780 875 
219 250 250 621 621 
639 815 815 
950 
66 786 
229 234 
290 290 684 684 684 955 
390 390 
443 443 726 726 
467 
742 

129 129 265 
107 982 
874 874 874 
0 107 233 233 
94 473 507 507 507 682 727 874 908 
49 49 162 162 277 277 277 324 411 453 453 550 550 606 858 868 868 
264 264 
259 259 532 850 850 
809 
882 954 
507 507 902 
249 

831 
470 656 968 968 
176 176 176 




229 534 
103 103 938 938 977 
709 770 
288 288 956 
238 238 268 268 268 352 366 366 436 502 545 559 660 660 712 712 729 927 927 927 978 978 978 
125 296 475 475 536 
226 226 388 634 
69 69 797 
590 
240 240 240 240 764 922 922 922 
95 97 506 1006 1006 1006 1009 
213 997 
841 
119 119 767 767 767 
130 
372 372 963 963 
397 755 755 755 
774 774 985 1002 
291 336 
37 37 127 428 428 428 557 557 557 574 684 684 954 1023 
71 531 919 919 
82 147 217 458 558 558 558 
751 954 954 
238 238 545 545 

175 175 649 
976 976 976 
805 852 
355 364 364 586 689 841 841 974 
256 256 
229 229 
229 401 461 
366 366 484 700 889 
622 622 
566 566 566 838 
410 410 410 
5 16 16 37 37 40 52 61 74 80 80 82 82 107 107 130 130 134 134 157 158 159 178 192 196 196 198 205 209 209 229 250 250 250 273 283 283 284 286 305 305 310 310 318 318 341 367 389 391 403 414 452 479 492 492 497 497 500 526 526 530 530 536 548 571 571 582 587 589 602 660 660 678 682 704 704 704 710 713 721 725 733 737 737 756 756 767 767 787 801 805 805 838 838 857 882 882 907 937 940 940 997 997 1002 1006 1006 1006 1007 1023 1023 
892 
288 337 337 337 689 810 921 
554 570 570 
76 76 194 482 855 
496 563 624 
58 277 
515 
95 409 409 507 647 
100 100 100 100 366 416 824 824 933 933 
666 666 666 
162 
190 234 237 237 259 259 502 532 738 738 821 821 821 

21 912 912 
507 598 780 
366 
25 478 
587 587 

96 96 123 123 714 946 
427 427 828 
366 944 944 944 980 
410 919 1023 1023 1023 
268 268 545 566 656 656 656 813 813 828 922 922 922 
155 249 249 422 680 
114 976 
366 399 399 399 523 
616 687 687 687 899 

362 502 
40 935 
105 660 660 660 
6 467 
277 375 385 698 
156 
411 411 

5 341 646 767 
354 1007 1007 
182 182 614 
123 123 

414 491 929 954 954 
32 32 32 51 132 544 


714 795 795 
240 240 338 388 388 568 568 935 954 1006 1006 1006 1008 
538 
123 232 232 232 716 
848 879 
95 138 138 138 150 327 549 663 663 714 714 741 798 826 928 928 928 954 954 954 1002 1002 1002 
954 993 993 
867 1002 
242 242 928 
92 93 479 861 
229 254 461 

229 401 401 
62 645 
780 
277 
262 366 505 799 799 847 
229 229 
36 651 
316 838 

822 
402 736 736 937 954 954 977 977 977 
