nodes: 1024 edges: 3145
107 310 901 901 
648 1002 
329 329 329 329 
414 452 452 
212 368 
61 167 250 250 263 328 328 328 331 331 341 341 341 342 342 569 678 686 710 710 767 767 767 954 954 
759 759 
278 278 278 
229 300 366 366 553 
648 648 648 
943 
160 160 160 748 
19 82 240 285 781 
212 803 803 
51 51 178 178 178 787 954 954 1005 
69 147 
954 954 
172 643 
21 21 927 927 927 927 
12 
229 229 766 766 766 
18 18 574 574 922 922 927 968 968 
117 277 277 
74 110 120 235 308 879 879 1005 
31 31 351 351 351 351 728 728 728 728 728 
478 780 971 
244 244 453 584 584 
447 447 447 447 886 886 

121 121 121 
146 146 224 224 417 417 884 954 954 
24 24 351 351 548 548 782 
229 229 405 405 405 462 603 746 746 822 998 998 
77 442 1016 1016 1016 
949 949 
879 965 965 965 965 1005 
229 229 
462 462 462 602 602 602 628 628 628 751 751 751 842 842 937 954 
229 

802 802 802 954 954 965 
77 77 77 77 82 82 
98 277 277 
497 954 954 
538 538 559 712 845 845 
62 62 62 62 399 399 399 399 399 981 
176 451 855 855 1019 1019 1019 1019 
324 
701 701 701 720 720 
161 903 903 903 
277 555 555 700 700 855 1004 1004 
14 14 178 647 647 837 837 837 837 837 998 998 998 
452 530 530 530 708 708 
336 502 502 532 532 532 721 721 721 874 874 936 936 
279 279 879 
954 954 954 954 
275 275 582 582 582 651 651 942 942 
79 79 146 344 344 344 524 524 880 880 880 880 
458 985 
159 159 903 903 
366 366 366 399 399 
5 328 328 686 686 686 799 799 799 799 954 954 954 
45 45 45 45 109 109 109 
382 382 382 
229 229 229 277 277 407 407 
272 274 449 449 449 449 
435 786 786 877 903 903 903 
229 229 776 776 
382 810 810 810 
15 472 472 755 925 925 
325 325 589 
151 151 151 448 
277 876 
229 614 644 
23 179 179 179 564 564 839 839 879 954 954 
810 810 
194 194 958 
33 41 41 41 41 229 
366 366 366 
57 57 99 111 229 241 420 611 611 781 819 880 905 
536 954 
472 472 472 604 604 606 761 761 761 761 
12 41 41 147 147 197 209 267 283 283 283 343 343 353 355 355 355 366 500 500 513 513 513 537 537 537 593 593 643 643 657 657 699 699 728 728 787 787 
1006 1006 
419 
123 123 462 462 462 780 863 863 
170 376 661 661 661 661 799 799 1017 

658 658 
422 427 427 
692 
241 241 241 241 
403 403 403 403 479 479 691 691 691 691 691 1010 
649 649 736 736 736 902 902 
277 277 277 473 
667 798 798 798 866 866 866 866 
601 714 714 974 
928 928 928 
42 739 739 739 
79 760 760 760 804 
318 318 436 963 
488 488 756 843 
324 324 324 362 480 480 558 980 
410 410 410 
113 113 358 358 358 358 739 
986 
517 517 517 
0 171 171 310 310 310 310 633 633 661 661 837 901 954 954 981 
366 409 458 458 458 607 607 
62 62 62 229 229 775 775 1021 1021 1021 
23 1005 1005 
79 420 778 778 
154 154 
104 104 162 
366 366 366 399 399 399 750 750 750 750 980 980 980 991 991 
229 233 632 963 963 963 
326 326 333 
22 138 138 138 
128 128 855 855 
227 227 227 227 739 739 797 1007 
23 225 225 225 
29 29 29 395 529 529 529 569 
189 189 
85 85 168 435 435 525 525 550 995 1004 

250 250 250 509 509 923 
399 640 640 833 
402 402 402 465 736 736 736 860 860 860 860 973 973 973 973 
118 118 954 954 
265 265 486 486 498 498 498 557 557 688 688 898 898 
554 554 954 954 954 
132 132 271 286 407 
131 131 271 873 873 998 998 998 
298 298 298 298 497 
916 916 916 916 916 954 954 954 
199 567 571 571 
252 270 
284 284 284 284 684 954 954 954 
117 117 117 242 242 242 421 1006 1006 
277 361 
153 181 181 
245 245 245 734 734 
262 262 262 262 400 959 959 
857 857 
407 
169 169 325 505 505 1017 1017 
30 30 57 884 884 884 884 
15 82 82 497 497 501 501 512 536 699 737 737 940 940 940 940 954 954 954 
208 208 208 
366 399 723 999 
826 826 1006 1006 
71 71 71 202 202 202 407 407 407 407 
432 432 432 756 756 
140 323 323 323 357 
112 112 252 252 252 360 617 617 856 856 
193 193 193 193 279 279 279 699 
533 589 640 640 989 
173 173 173 173 205 205 494 632 632 954 
277 277 375 375 375 
59 59 210 700 700 942 954 954 
11 11 11 646 646 748 748 748 839 
49 541 689 
113 204 204 229 229 277 277 292 303 321 439 472 472 490 572 572 637 637 637 647 647 715 715 739 739 752 758 758 797 797 797 903 903 925 
954 954 954 954 954 
569 569 
569 569 569 569 673 673 
256 256 256 635 
5 328 328 576 580 
123 435 435 525 
145 145 366 366 366 592 592 592 592 999 
86 1017 
107 107 215 954 954 
17 267 267 267 718 718 915 
157 157 157 157 205 205 339 617 617 617 
273 471 585 702 
347 347 507 507 507 507 769 769 780 832 832 943 943 969 969 
46 511 511 660 
432 486 498 498 861 861 
14 14 14 51 273 954 954 
74 74 74 

140 140 266 562 562 562 562 831 831 831 831 
229 387 796 994 994 
277 277 858 858 
573 

516 516 704 704 704 799 799 799 799 799 954 954 
488 756 756 
502 635 773 773 
122 122 277 846 903 
234 382 382 
328 328 328 601 601 
239 239 239 354 354 354 354 354 391 
155 155 155 155 363 699 939 939 939 939 
76 76 958 958 
223 223 223 223 481 677 978 978 978 
199 229 229 571 581 678 678 678 678 681 681 681 694 694 694 694 869 869 869 954 
82 355 
954 954 954 
135 196 203 203 297 571 794 

340 340 340 684 
151 151 151 285 407 584 715 
199 199 571 571 571 571 
162 162 303 303 
157 157 173 173 954 954 954 
315 478 
247 247 596 596 
148 148 148 361 361 714 714 811 811 811 811 811 
82 366 367 905 905 954 
159 215 215 215 723 
241 284 284 689 689 689 
4 13 470 470 470 912 912 912 
314 929 929 954 954 954 
575 575 575 611 880 880 880 
171 210 210 210 
329 
365 425 425 434 451 451 451 451 500 500 500 500 594 594 610 610 
954 954 1002 
887 887 
437 437 521 521 595 595 651 
229 229 377 478 478 478 
787 
195 195 195 195 694 
30 30 508 
120 120 120 465 537 537 537 537 
388 388 388 
119 119 119 119 
699 699 699 699 1000 1000 
8 20 20 32 32 36 36 38 64 64 64 67 67 73 77 79 109 109 115 162 162 182 196 196 221 221 230 241 277 281 300 320 320 320 323 345 345 366 366 368 368 405 405 407 408 408 408 424 424 424 427 427 427 442 446 464 464 476 476 485 500 500 500 534 534 544 544 544 544 578 578 600 600 630 630 630 632 655 681 681 691 706 719 719 722 722 726 730 747 752 766 775 775 776 776 780 796 796 809 809 818 818 829 830 830 864 880 880 886 886 906 906 948 948 948 949 949 954 954 987 994 998 998 998 1011 1011 1013 
229 719 880 
554 
820 916 916 916 916 916 
115 632 
190 642 642 810 810 810 810 891 891 956 956 956 
23 
775 775 775 830 

309 609 609 609 609 609 660 922 922 
192 192 192 273 273 273 366 366 366 366 950 950 950 954 954 954 
12 602 602 602 907 907 
79 91 91 91 91 211 229 524 524 765 765 765 
138 138 138 
583 583 583 671 671 671 671 
26 26 617 642 642 
141 141 141 800 800 800 
1009 1009 1009 
207 207 596 596 
362 362 397 816 
568 568 568 909 909 962 1017 1017 
5 5 125 125 125 621 621 686 954 954 
343 
136 154 154 154 376 376 856 
335 335 335 366 366 
677 
597 
166 166 166 

791 791 
295 532 532 850 850 966 
607 
366 
142 142 142 142 363 366 366 440 563 624 624 660 799 799 959 959 1017 1017 
5 384 
362 
129 129 898 898 
181 277 822 
82 172 172 172 654 718 783 783 860 991 
978 978 
487 487 954 954 
136 376 539 539 
131 132 1012 1012 1012 
65 407 
174 178 239 239 239 542 542 
65 366 366 366 402 407 407 779 779 
56 56 666 666 666 
479 
22 22 42 42 50 64 64 72 94 94 94 139 158 158 162 162 183 183 189 229 266 298 323 323 323 323 324 324 324 339 354 383 419 419 423 423 423 439 439 449 453 453 453 459 475 475 529 541 543 558 570 666 697 697 707 707 707 739 739 739 758 758 802 837 837 837 852 852 852 858 858 858 868 868 868 868 872 872 872 874 876 900 902 903 903 903 954 954 954 957 960 960 988 1016 1016 1018 
7 7 7 387 387 387 387 
54 54 155 155 155 722 
725 725 745 745 804 
229 759 
744 744 744 876 884 884 884 
82 82 82 429 429 429 954 
137 137 137 137 211 211 619 619 619 954 954 
12 202 407 407 723 723 725 
131 547 765 782 782 782 954 954 
673 673 
553 553 553 921 956 
355 355 546 647 647 647 780 780 780 780 780 
314 314 491 955 
366 847 847 
162 954 954 

469 469 898 
259 
802 802 802 
199 545 545 545 620 745 745 
133 133 133 133 277 
642 642 
8 229 740 740 740 740 
684 892 892 
732 926 
162 204 204 

602 954 954 1012 
385 385 419 419 901 901 
326 326 326 777 777 
23 814 814 814 814 838 964 
238 
0 107 107 107 107 317 317 454 456 456 711 711 954 954 
577 922 922 
760 803 803 825 825 
529 529 
213 290 290 491 491 683 
206 411 648 648 648 935 
379 903 
310 310 781 781 
100 100 954 963 963 963 
831 831 831 
229 229 229 420 476 476 781 
162 
503 503 878 878 878 938 
153 153 153 229 277 277 277 277 357 706 706 744 827 864 
47 102 102 102 277 277 277 346 346 558 846 903 903 
70 70 145 355 355 589 762 
116 116 307 307 307 660 
549 727 1006 
5 5 5 61 61 167 167 191 191 191 331 331 384 531 580 625 
2 2 2 2 216 
879 879 
5 5 328 328 388 509 625 686 686 686 686 
616 
116 
366 366 530 530 530 530 530 
253 253 253 480 502 502 873 
53 800 821 
810 921 956 956 
825 825 825 919 
173 277 617 
201 201 201 684 684 
5 5 5 597 597 954 954 992 
5 5 767 767 853 853 853 
82 82 251 
57 57 57 450 611 611 611 619 
229 229 
324 324 407 422 
175 175 832 
568 568 988 
823 823 823 
428 428 758 758 
24 24 24 24 31 31 457 469 469 548 592 592 782 810 810 

82 429 429 429 
192 192 192 192 192 277 749 954 995 1007 1007 
82 82 82 197 289 289 325 325 
780 780 850 850 850 
153 323 
104 104 104 104 
502 528 528 528 
154 684 684 755 755 755 755 
139 208 208 410 714 714 
102 248 248 264 502 502 502 518 518 518 615 743 984 984 984 
193 262 366 790 790 790 944 
586 946 
217 451 451 451 
8 8 60 60 60 78 78 78 82 108 114 114 114 149 169 169 169 209 229 229 239 239 239 239 253 253 261 262 262 274 274 274 291 334 334 363 372 372 372 393 407 407 407 409 441 450 450 450 470 470 476 502 502 510 510 523 523 607 607 616 657 660 660 668 688 700 700 719 719 745 745 763 777 790 847 847 847 871 871 871 871 889 889 922 922 950 963 963 976 980 980 980 981 999 999 1017 1017 1017 1022 
209 
4 229 229 487 487 487 487 733 733 878 878 878 878 

737 737 954 954 
680 680 680 
366 366 366 523 817 817 963 
605 605 605 605 605 
954 954 954 
158 158 158 988 
86 252 252 270 513 513 513 513 513 526 
221 442 442 
618 618 
316 502 713 
843 
988 988 988 
63 63 63 68 190 190 810 
277 852 852 852 
263 328 684 684 684 767 767 
306 306 419 988 988 
524 524 722 722 736 787 918 
182 278 278 278 278 
226 226 226 331 568 924 1002 1002 
954 
400 400 778 805 
192 950 950 
406 517 517 527 
366 466 
451 
121 530 805 805 805 

248 816 

45 45 45 45 45 60 60 114 114 114 126 149 594 594 594 650 650 816 823 981 
142 390 390 
645 645 645 697 732 732 732 757 757 949 1013 1014 
127 127 127 274 736 736 736 736 
92 92 92 92 954 954 
603 603 
32 32 32 229 229 565 565 
392 
64 64 131 144 151 151 151 151 202 229 272 274 274 285 285 346 366 366 366 422 427 427 583 584 584 584 894 894 
229 229 229 909 
108 366 572 652 652 904 
103 103 103 361 526 526 526 526 660 678 919 977 977 
315 492 492 903 903 990 990 

841 841 841 946 946 
3 950 950 954 954 
960 
963 
30 30 591 591 591 636 

84 277 277 306 306 385 707 707 707 988 988 
79 111 320 573 
138 
89 346 407 561 561 579 579 579 
277 277 277 
229 229 229 579 
217 217 539 539 
653 653 653 
89 89 229 229 229 407 407 474 483 583 583 583 780 780 826 826 826 854 854 918 975 975 975 1012 
350 350 431 431 486 486 486 498 557 557 684 684 755 843 861 861 937 937 
283 283 283 353 353 353 
774 
428 428 902 902 
152 152 152 177 486 486 780 780 
954 954 
217 515 515 640 640 756 756 768 768 820 820 954 
66 123 123 168 168 550 550 995 995 
100 922 
220 220 887 887 887 
733 733 913 913 1007 1007 1007 1007 
162 277 277 603 603 603 
262 609 609 660 
366 
33 229 377 377 
708 708 726 747 747 894 
539 539 539 998 
811 
229 885 885 885 
27 27 27 27 709 
71 
65 65 65 65 277 
344 366 366 366 976 
46 217 217 217 217 365 365 365 394 770 780 1015 1015 
3 3 52 530 
26 277 277 277 503 550 550 903 903 903 
310 661 899 899 899 

310 310 
351 592 592 
58 108 108 108 985 985 985 
277 957 
575 575 875 875 875 875 
805 949 949 
32 37 37 37 85 85 85 546 
623 623 623 709 
229 229 779 779 988 988 988 988 
127 225 954 954 
393 909 909 909 909 
888 888 895 954 954 997 
475 475 475 
294 294 351 351 806 810 
212 212 212 366 366 
174 780 780 
69 69 81 81 81 162 162 735 735 735 761 761 925 
94 881 902 967 967 
427 929 929 929 1012 1012 
277 277 468 468 468 802 914 914 
229 229 320 320 366 745 745 781 
486 1023 
25 206 221 221 221 
92 92 276 491 491 518 518 954 954 1010 1010 
102 102 335 502 502 
195 750 784 
855 958 958 
427 780 780 840 840 840 
889 950 950 
229 
129 129 177 428 428 428 432 432 477 696 861 861 
269 269 368 368 368 368 714 771 862 862 1006 1006 
101 101 187 693 693 756 
747 
162 797 797 797 797 
290 314 314 479 479 545 954 955 
411 411 920 
982 982 
157 

563 563 563 706 959 959 
43 133 147 147 817 817 817 954 954 
129 129 129 177 177 428 861 861 861 898 898 898 
530 530 530 568 789 
82 82 217 217 217 217 229 229 229 820 820 820 820 820 
147 147 504 
53 53 188 335 335 359 362 362 362 366 366 379 480 480 532 607 659 659 674 685 685 685 685 720 763 763 773 859 922 922 953 953 966 966 984 984 
322 322 453 
501 993 1007 
145 145 885 885 
573 622 632 756 756 810 
175 175 175 175 662 969 969 969 
224 662 
125 125 331 946 946 1017 
366 366 700 700 
176 176 878 
147 719 789 789 789 789 
82 82 82 376 376 376 376 376 787 
758 
434 434 820 820 
186 186 954 
106 106 106 392 392 527 527 537 537 
362 362 362 479 479 577 954 954 954 
727 727 727 780 780 
680 759 759 
220 220 595 595 595 
530 530 
366 366 372 817 967 
57 57 241 241 386 386 736 736 736 889 
123 123 168 
376 410 410 410 410 767 954 979 979 
392 517 517 
359 359 359 836 
121 121 121 277 313 313 954 954 954 
52 52 52 334 334 334 334 334 395 452 499 499 499 522 522 555 555 555 954 
328 992 
53 53 53 259 259 502 692 692 692 
156 739 739 1006 
229 229 948 948 948 
592 592 592 
80 147 
82 82 82 225 225 225 225 517 517 
44 44 1003 1003 1003 
270 270 425 425 444 444 444 808 856 856 

161 277 
273 273 840 840 840 926 
277 744 884 884 884 941 
229 229 229 229 998 998 
297 297 297 491 922 939 978 
289 462 647 647 647 780 835 835 835 
286 857 857 857 954 954 
31 31 351 792 792 810 810 835 954 954 954 956 956 
327 667 667 667 
123 435 435 453 453 858 858 
964 964 964 
601 956 
8 288 288 288 
130 130 231 
50 50 530 530 530 698 698 698 1003 

129 129 428 428 877 877 877 877 877 937 937 937 947 947 947 
102 277 324 619 
44 712 712 922 
676 1006 1006 
422 422 584 584 687 
181 181 181 181 
262 496 496 496 959 
74 74 
405 405 
978 978 
135 876 876 876 
249 249 249 348 348 388 499 621 1002 1002 
5 121 164 164 165 165 165 165 673 673 673 673 767 767 931 983 
277 957 
135 135 196 199 203 203 203 203 881 881 881 
162 162 409 
184 420 506 
21 21 684 684 709 709 709 937 937 968 968 
214 214 214 460 460 653 653 653 886 886 
167 670 670 670 915 915 915 915 
311 518 
229 229 
422 422 422 424 851 851 
167 328 
196 
56 56 56 587 880 942 950 950 954 
243 243 243 407 427 427 427 
26 26 202 407 407 407 561 561 979 
174 656 702 702 702 
364 689 689 946 946 946 
582 681 681 681 

70 156 325 954 954 
926 
417 417 417 
169 169 169 169 351 351 457 457 535 535 535 746 746 746 810 
82 82 699 699 
217 217 399 399 399 627 640 640 640 
220 220 521 521 521 
207 207 247 247 712 805 922 
255 341 341 917 917 992 

879 879 
229 229 871 
96 191 191 552 801 801 805 878 
37 37 37 240 240 240 305 751 907 907 907 907 907 954 
32 404 404 439 439 439 
81 81 683 1006 1006 
373 373 373 373 373 
81 903 903 
108 108 260 366 366 502 612 612 612 790 790 790 790 
759 759 
238 238 238 238 238 440 440 660 660 678 
217 217 820 945 
79 79 214 344 344 344 819 819 880 
607 607 607 660 675 675 805 
753 988 988 
73 620 620 745 745 745 745 
362 
332 366 663 687 687 687 982 982 982 
154 154 173 173 173 244 339 642 642 
378 378 
284 284 284 344 558 714 714 1006 
297 614 614 745 745 745 
250 250 568 887 
506 632 632 632 951 951 
463 463 463 780 780 
262 262 959 959 
328 331 

594 
37 37 37 937 937 
908 908 
229 229 229 634 888 888 
956 
115 157 157 229 233 506 622 622 622 951 951 951 
107 107 
630 
166 188 857 857 
417 
162 162 162 705 705 852 852 852 852 
679 831 831 
895 
126 126 156 156 434 434 594 594 594 954 954 954 
954 
234 234 244 244 299 299 617 617 
17 82 82 
73 
401 401 401 1014 1014 
160 160 
51 51 162 162 289 289 289 546 546 546 
1 9 9 9 315 315 315 935 935 935 
93 93 736 736 
399 399 
56 56 220 694 694 694 791 
409 409 777 
426 426 426 575 575 575 780 886 886 
267 896 896 
229 864 
585 969 969 
82 82 366 
88 88 810 810 
502 502 762 763 763 763 784 784 784 
176 238 262 326 366 366 410 440 609 609 612 705 705 705 733 734 805 805 814 878 878 878 883 919 919 919 922 922 954 954 959 959 959 959 
86 86 86 86 107 107 454 837 
507 508 
616 982 982 

989 989 989 
275 275 275 277 852 852 852 852 
95 549 549 549 676 
366 
864 864 
576 576 576 
243 243 243 243 697 
709 710 710 710 1000 
165 165 287 287 569 569 569 569 791 791 791 913 
502 692 692 844 
612 612 793 793 793 
560 667 1006 
195 254 
5 196 196 196 196 410 609 
638 831 
371 371 371 520 
196 196 196 229 229 587 587 587 722 722 954 954 
756 756 954 954 954 954 
314 604 865 865 955 
137 201 301 340 340 360 360 384 384 384 428 428 574 574 755 892 929 937 954 
502 502 502 502 
5 61 61 61 250 331 331 331 331 
561 616 616 616 
129 129 366 
161 211 211 211 586 586 

92 92 92 92 92 229 
90 532 532 532 674 674 
488 488 
196 196 196 196 223 651 651 651 
724 724 812 943 
486 
277 277 401 671 1016 1016 1016 1016 
555 555 555 756 756 756 
82 82 147 155 193 228 228 228 228 593 593 745 745 745 897 897 897 939 
50 50 159 159 366 366 510 510 950 1004 1004 1004 
48 48 48 841 841 
174 585 585 585 
886 886 886 886 886 
186 186 186 954 954 
637 637 660 660 660 
229 323 323 496 871 871 951 
277 277 277 419 419 419 949 1018 
52 52 443 443 726 726 726 730 730 
447 463 574 574 574 672 920 
5 5 672 672 672 954 
310 310 817 
44 559 559 596 845 845 922 922 
379 1006 1006 1006 1006 1006 
96 96 208 208 361 361 487 619 619 790 790 790 974 974 974 1006 
162 162 202 797 797 797 

839 839 839 
172 172 267 
229 229 230 366 366 512 
48 48 502 773 836 836 
53 53 53 954 
229 229 279 386 386 681 681 
149 210 285 285 803 950 954 
695 695 812 812 812 
280 280 285 954 954 954 963 
229 443 708 708 708 747 894 
327 519 519 519 902 
24 24 24 24 24 82 82 

229 708 708 747 
738 738 
302 401 401 401 1013 1013 1014 1014 1014 
368 368 438 438 660 787 954 
141 141 660 
472 472 472 
93 93 93 127 127 127 386 402 402 402 402 524 524 524 649 649 954 954 1023 1023 
147 147 370 370 954 
731 731 966 966 
98 98 98 104 119 119 162 162 277 277 277 533 533 
300 300 300 300 780 780 780 886 886 
826 975 975 1006 
907 907 907 
362 
282 282 282 323 543 
280 280 297 297 366 366 476 476 614 614 614 614 620 620 620 699 699 699 
32 32 592 592 592 
229 443 443 489 726 730 
11 160 160 160 
354 841 
114 114 114 114 481 
37 37 37 602 
162 229 
613 988 988 

69 360 360 360 360 428 684 758 771 771 843 
101 152 152 187 187 434 434 488 506 506 682 682 698 698 698 768 768 954 954 
401 401 949 
162 162 277 277 350 350 514 755 
6 6 281 520 520 608 608 
99 99 99 312 803 
81 81 81 81 472 472 
325 659 
366 502 502 659 659 659 

241 241 241 286 881 
20 20 20 229 
5 5 5 342 342 384 384 526 569 569 830 830 830 853 853 1023 
434 434 756 756 
175 175 780 780 780 936 
451 780 
487 755 755 
954 
188 188 502 720 
430 928 
109 109 229 229 236 236 236 933 
67 67 229 229 
307 307 366 652 
111 111 390 893 
274 274 464 464 
25 85 175 229 289 289 289 289 289 356 356 427 427 432 432 451 471 471 483 483 519 519 546 623 623 653 740 740 740 769 769 769 770 840 849 854 854 875 886 943 967 969 969 1015 1015 1015 
12 79 317 317 320 476 964 964 
31 286 286 286 351 795 
267 267 860 860 860 860 
481 659 659 659 
956 
66 66 890 
14 82 82 222 386 513 733 
845 
499 512 512 512 512 
363 363 363 366 607 607 607 607 714 714 714 
258 258 651 673 673 673 
548 548 
675 675 675 
199 
782 835 835 1001 1001 
182 229 229 
119 162 162 162 490 490 490 490 715 715 715 
95 95 95 1006 
61 61 61 61 86 86 186 186 186 186 186 262 262 1017 1017 1017 
245 245 245 336 
601 601 954 954 1006 1006 1006 1006 
40 40 40 277 296 296 296 475 816 816 816 
13 13 312 312 723 760 825 825 
99 280 846 846 846 
390 395 395 395 461 596 601 612 660 660 878 878 893 893 893 954 954 954 
469 810 810 810 934 934 934 
832 
539 
229 229 906 906 1011 
68 68 68 75 75 234 234 234 234 337 351 351 382 469 506 548 548 592 658 658 806 806 806 917 917 917 956 956 
208 208 208 208 208 445 
695 724 724 724 1019 

308 308 308 308 660 

248 397 399 802 802 802 
372 372 497 497 497 523 711 
229 229 
79 611 611 1009 1009 1009 
232 434 434 500 500 500 500 500 515 515 610 916 916 
336 966 966 966 
32 266 
349 349 349 399 
963 963 
312 312 338 338 338 803 803 
150 150 427 427 427 741 1006 1006 1006 
323 
978 978 978 
229 954 954 
229 229 236 767 767 767 844 864 
181 181 181 181 319 319 319 638 638 679 911 
175 175 347 807 
126 

546 546 546 548 795 795 1001 1001 1001 1001 1001 
528 720 720 859 859 
51 51 51 51 51 107 277 277 277 661 
308 954 954 1020 
74 74 160 717 717 717 
483 483 483 542 542 542 780 
413 413 413 701 701 749 888 930 930 930 954 954 954 
37 37 
101 380 428 755 
674 830 
44 44 712 712 788 
189 324 804 804 804 
291 291 366 366 366 
1005 1005 
780 
259 259 356 356 356 905 966 966 
579 579 
277 277 277 383 383 383 637 637 637 637 666 666 666 666 954 
342 342 342 767 767 
427 427 780 780 
46 46 50 118 118 482 958 958 
154 154 252 539 539 
143 143 547 547 547 635 635 
183 183 277 277 277 550 550 1016 1016 1016 
502 836 836 988 988 
127 127 127 127 267 783 783 783 783 973 973 991 
177 177 428 428 486 486 498 498 498 
487 487 
85 85 
229 323 655 669 669 830 
683 683 954 
95 95 95 95 
935 
277 277 277 277 
196 196 196 
954 954 954 
366 366 366 366 600 706 706 
277 277 277 
132 132 335 
53 53 277 900 
460 460 460 460 780 886 886 
72 277 282 567 567 567 
66 557 557 557 557 557 
322 322 322 368 368 368 368 511 601 660 660 660 805 805 945 945 
23 23 35 54 74 330 330 599 599 964 
57 57 57 57 79 214 214 214 229 229 230 582 611 982 996 
473 571 571 571 765 902 902 
907 
660 
30 146 146 146 146 282 282 282 543 543 543 
446 446 446 505 505 
27 27 229 229 575 575 653 653 703 703 703 703 703 740 740 780 875 875 
219 219 437 437 437 621 
467 467 630 630 841 
366 366 484 524 950 950 950 950 950 976 
786 
234 234 
301 301 684 
778 805 805 805 
407 407 443 726 
467 639 
654 654 
699 699 699 
129 129 265 265 294 498 498 498 
454 454 454 
277 874 
0 0 107 306 306 
93 93 277 431 431 473 727 881 881 
49 49 49 59 59 66 66 66 162 162 189 277 277 277 316 324 324 411 411 453 453 453 606 606 
409 
79 209 209 850 966 966 
229 229 809 809 
240 240 602 602 602 602 602 742 742 742 882 954 954 954 
629 629 
249 249 408 466 466 466 466 

831 
212 212 212 
438 438 673 
475 475 
172 576 576 576 576 
134 134 134 134 134 232 232 232 232 232 820 820 
597 597 810 810 810 
386 427 
338 410 660 660 660 938 
492 709 
288 337 956 
21 21 238 238 311 311 366 366 436 502 502 545 559 596 660 660 712 712 968 978 978 
125 
388 1002 
69 69 162 472 
302 542 590 
18 18 18 18 21 
97 97 97 774 935 
213 213 474 474 474 684 954 954 
841 841 841 
569 

775 963 1019 1019 1019 1019 
806 806 806 
315 648 648 648 867 928 1006 1008 
53 53 769 
37 428 428 557 557 557 574 574 628 628 684 954 1023 1023 
322 919 
193 193 193 193 545 699 
147 147 147 147 
543 
56 56 159 582 
10 175 175 695 780 967 967 967 
363 980 991 
610 878 878 
364 413 413 509 509 586 586 586 1017 1017 
557 557 557 
229 229 229 534 534 534 
34 34 229 229 401 461 461 707 757 1013 
239 239 239 366 391 391 414 414 484 484 582 582 700 723 889 889 889 889 889 954 
622 622 632 632 632 706 

502 502 
5 5 14 14 16 16 30 30 37 40 40 43 43 55 55 55 55 61 61 61 74 74 80 107 107 128 128 130 130 130 134 134 134 137 137 137 147 147 147 157 159 159 163 163 163 163 163 171 171 178 178 186 186 196 198 198 198 205 205 205 209 213 213 213 218 218 229 229 239 239 239 250 250 269 269 277 277 277 283 284 284 286 286 292 292 305 305 310 310 318 341 341 354 370 370 374 374 374 389 403 403 414 414 433 433 434 465 465 467 467 479 479 491 497 497 516 518 518 518 526 529 529 529 530 547 547 548 548 548 582 589 589 602 640 640 640 641 660 660 681 681 682 682 682 682 684 704 704 710 721 723 725 725 725 733 736 736 737 756 756 772 801 801 805 805 805 829 829 838 838 841 841 841 852 865 870 870 870 907 907 907 929 929 937 950 963 963 1006 1006 1007 1007 1007 1023 1023 1023 
290 491 683 
234 234 234 288 337 337 548 548 552 631 785 810 810 921 
277 459 570 
76 194 194 482 482 855 855 
142 142 262 262 496 496 563 624 624 660 660 660 660 
277 277 415 

249 
100 115 115 115 318 318 318 366 366 372 416 725 824 824 933 954 954 
308 551 551 551 781 781 879 
35 35 35 35 40 
259 502 502 738 738 821 821 821 850 850 905 905 
473 473 523 780 943 943 943 
21 21 574 574 922 
175 175 507 507 507 656 656 780 780 

25 

127 127 127 127 860 860 
96 714 714 714 
427 427 427 741 741 
366 450 889 
410 410 
195 195 195 268 268 545 566 566 828 828 828 922 922 
526 526 584 
102 114 114 114 366 366 366 944 
45 107 366 399 
493 493 616 616 616 663 663 880 
569 
362 362 362 502 502 
58 458 458 458 
105 
229 
277 348 375 381 381 381 385 385 419 419 464 464 464 464 613 613 753 753 859 859 
156 665 665 665 
411 411 
114 114 267 860 944 
341 531 597 
504 
182 182 229 
123 354 435 435 
880 
467 
32 32 51 51 51 132 132 132 229 229 229 444 544 544 
149 169 366 366 
228 228 672 
795 795 835 835 835 835 835 
1 218 388 388 568 568 924 1006 1006 1006 
538 538 538 555 
50 50 123 700 700 700 
14 23 35 110 110 848 848 
83 83 138 138 150 150 327 487 487 533 560 560 604 604 619 676 713 713 713 713 713 714 741 798 801 801 801 801 826 826 826 935 954 954 1002 1002 1002 1009 1009 1009 
119 354 354 438 438 438 438 504 954 954 954 
935 
246 246 246 819 819 819 1006 1006 1006 
92 479 479 
229 229 809 
271 271 271 305 427 474 474 
229 401 732 732 949 
401 645 645 732 732 732 
451 451 780 780 780 
33 33 33 277 277 697 697 697 697 858 858 858 
86 145 145 170 249 249 262 262 366 366 366 509 799 799 799 946 946 
277 707 
46 46 46 46 812 933 933 933 933 
838 
109 109 109 
366 
477 736 736 767 937 937 954 954 954 
