nodes: 1024 edges: 1944
107 107 107 194 194 310 
118 118 
387 387 387 387 832 832 
57 452 452 452 
172 212 353 353 
61 64 167 250 250 250 263 263 328 341 342 342 384 625 625 625 767 954 992 
281 520 520 759 759 
61 328 661 661 
229 231 366 
648 
667 
74 74 160 
82 103 995 995 
212 390 803 803 825 
892 954 954 
162 235 910 
954 
53 82 82 82 804 
725 725 
82 537 537 651 651 

545 545 545 968 968 
444 537 
74 74 82 82 82 82 82 120 154 225 225 617 617 879 1005 
31 31 803 803 
304 780 780 
422 
886 
326 447 463 463 926 

224 636 954 954 
24 24 351 782 
603 795 822 

461 757 757 757 949 
482 482 
229 
602 751 937 954 

492 
954 
147 147 684 684 
941 
497 497 954 977 
538 922 1003 
366 399 
176 660 660 660 995 
122 
179 179 179 773 
198 198 198 606 606 606 
277 522 522 
129 948 
452 530 
17 90 502 502 502 876 876 
179 763 

651 
3 79 472 
985 1010 1010 
324 915 915 915 
977 977 
5 7 657 710 
380 380 502 502 529 556 556 
112 112 252 348 348 887 
5 
272 357 
435 435 786 786 877 890 
229 776 776 843 997 

472 
589 
151 151 448 687 
277 820 820 820 820 820 
79 79 497 497 540 540 811 1017 1017 1017 
11 11 23 23 599 646 717 879 954 
148 148 810 
712 712 712 956 956 
229 418 
366 722 722 722 
57 73 73 184 184 229 229 241 299 299 299 344 611 866 
548 548 954 1017 
826 826 
12 17 17 17 19 23 23 23 23 23 147 147 197 197 209 267 343 353 355 500 500 513 537 699 699 728 798 798 954 
714 
277 419 430 757 757 
123 462 462 780 863 
792 
674 
164 567 

53 790 790 790 902 902 902 

1010 

473 473 
1006 
714 974 
236 
717 717 717 984 984 984 
344 500 
244 318 689 963 
488 693 
480 645 
12 919 938 
162 162 739 739 

392 392 
0 0 0 171 171 171 310 310 454 454 633 661 711 
366 409 409 777 

164 

63 63 
277 
232 232 366 399 580 580 934 944 980 
632 632 654 985 
238 244 258 258 309 309 309 771 771 814 934 934 
138 
1 1 459 459 664 855 
162 162 
23 
277 390 397 397 569 569 596 596 
47 453 846 846 846 
85 168 229 229 435 435 492 492 525 780 780 995 
367 654 654 699 
210 210 567 567 923 
640 648 
402 736 

51 428 486 486 557 
932 
151 859 


367 
199 199 571 
252 
937 937 
117 242 242 1009 1009 
277 439 778 855 855 
911 911 
180 180 180 660 734 
298 298 470 470 624 831 831 
635 635 
187 187 422 422 
505 
417 591 591 
41 41 82 82 235 235 262 262 497 501 699 699 699 737 737 816 816 816 
75 75 
399 650 
1006 1006 
71 71 131 202 407 407 
276 276 756 756 
603 910 910 
23 360 617 

263 263 263 263 263 
857 954 954 
277 375 375 
954 
11 

15 104 104 119 119 182 182 182 229 229 266 277 289 303 303 303 439 439 472 514 572 715 715 739 758 758 797 903 903 925 925 
954 
88 110 673 1005 

256 635 635 
5 328 
123 317 489 525 730 730 
183 999 
799 
107 107 107 210 588 723 
4 267 783 860 860 915 

585 724 724 854 
430 430 764 764 780 780 780 807 807 832 832 
46 511 660 660 684 684 754 827 
428 428 
587 798 798 954 
48 48 48 54 879 
141 141 141 192 192 
911 
162 162 162 229 229 329 796 994 
169 
79 79 195 


144 144 434 
773 
277 612 612 846 846 903 903 
234 
328 328 531 
180 180 391 783 954 954 
311 318 1004 
0 0 277 
184 
218 222 229 437 581 869 869 
82 82 668 668 668 
49 49 49 389 700 954 954 
135 135 203 571 571 
499 530 530 530 
340 418 418 567 684 684 
151 998 
199 244 
303 321 321 
279 954 

247 
327 714 
82 954 954 
125 125 171 723 
284 317 317 
4 13 282 282 
314 374 374 374 865 954 954 
880 
723 

434 820 
196 222 581 987 987 
495 
437 580 651 
229 229 377 
196 218 

30 1001 
23 23 491 491 491 833 833 833 

608 632 
1000 
8 36 67 77 79 79 123 123 162 162 182 182 196 221 221 230 241 250 250 277 277 281 323 323 345 368 427 442 476 485 534 578 600 603 630 630 632 632 691 706 719 726 726 746 752 766 775 775 776 776 776 780 780 796 809 830 869 885 886 906 906 949 987 989 998 998 998 1013 
229 719 
8 554 845 
114 114 363 363 892 892 892 
632 632 632 
190 631 719 834 834 891 
15 147 147 
97 767 767 928 
966 
116 423 922 
398 484 

79 229 
138 138 794 794 
665 665 665 665 874 
100 116 203 617 642 
502 
536 
207 
362 397 397 816 
847 847 1017 
5 5 5 229 229 887 954 
343 353 
63 136 270 376 539 539 
393 393 588 903 
677 1011 1011 

166 
311 476 
116 116 897 897 897 
502 
549 
663 
147 147 324 363 366 366 366 440 493 493 521 660 660 
5 5 156 156 156 156 156 384 531 625 625 
547 577 767 767 954 
1022 1022 
162 277 739 
82 172 
566 566 566 576 576 850 850 
277 277 900 900 900 
252 
407 
65 274 407 407 
302 488 542 926 
272 366 
666 773 773 
152 152 470 470 470 470 
50 72 84 113 121 139 158 162 189 194 229 229 266 269 269 296 298 324 324 339 346 346 411 419 419 449 459 459 475 504 529 541 558 570 570 570 603 603 619 621 621 666 697 707 739 771 802 855 855 855 858 902 902 903 988 
345 
205 386 386 823 823 
725 
6 229 759 987 987 994 994 994 
212 212 468 876 
513 954 954 
211 954 
407 
547 901 954 
673 
921 
162 
402 491 
806 
872 952 952 954 966 
722 
567 

277 475 475 914 920 
545 
142 142 277 619 929 929 
79 79 79 420 449 
366 896 896 
684 728 728 728 892 
273 926 926 926 
162 162 162 204 
25 
954 954 
385 
837 
519 551 551 879 879 964 
116 116 116 372 372 
0 107 107 367 367 454 954 
193 257 352 352 596 754 754 754 754 754 


213 
812 1008 
903 903 
168 211 211 
100 193 954 
831 
362 
204 204 
641 660 735 
229 229 357 357 603 655 744 744 864 871 871 871 
59 262 277 277 346 569 569 876 876 876 876 903 903 
343 355 
28 777 
208 714 1006 1006 
5 7 167 191 191 531 580 686 
182 590 796 

908 908 
366 
622 622 622 
523 523 523 
502 720 720 720 984 984 984 
659 659 659 800 800 
548 592 

277 551 
201 418 
5 597 954 
5 5 853 853 
82 251 325 763 
79 99 
229 278 918 
277 277 324 348 348 348 452 

63 63 346 346 346 

755 
31 457 469 806 806 810 810 810 983 983 983 983 
311 311 813 
4 4 82 251 
993 1007 
82 325 
780 872 
65 323 323 780 

528 528 528 
154 502 541 541 
389 714 714 
248 320 502 615 615 743 743 816 984 
232 232 262 366 641 
586 
820 
8 45 78 108 114 262 262 262 274 300 332 363 372 372 399 407 407 407 470 470 476 476 476 502 502 523 523 523 607 616 660 660 668 673 719 745 763 763 777 777 777 790 790 889 902 922 922 950 954 963 963 976 976 980 981 999 1007 1007 1007 1017 1022 1022 
124 134 310 310 
229 

882 
490 490 490 
309 309 366 366 523 523 963 
681 
213 213 213 644 
158 158 385 988 988 
252 
221 445 445 
618 819 879 

62 62 428 428 914 
385 
626 626 
533 
5 263 625 677 677 677 
306 375 381 419 419 
279 279 
2 2 2 2 
426 426 924 924 
198 361 954 954 
13 121 400 663 663 778 805 805 805 
192 
106 106 439 
253 253 466 564 564 564 564 790 
451 451 874 
805 
767 857 
121 121 248 248 484 788 
239 819 
45 114 149 366 599 599 650 
390 852 
644 645 645 757 949 1013 1013 1014 
127 290 


565 
527 
151 151 271 272 272 285 366 366 366 427 561 578 583 584 584 

108 108 880 
977 
277 492 570 903 
999 1017 1017 1017 1017 
586 749 841 946 946 
530 682 868 909 950 
1007 
963 
146 884 884 
77 201 201 340 
84 277 277 385 385 666 666 707 988 
299 573 

26 144 144 434 584 756 756 768 768 768 
238 867 


388 388 634 1002 1002 
229 407 483 583 625 625 671 671 695 780 780 975 
129 177 177 380 380 486 498 557 684 684 684 709 755 755 937 937 
835 
84 175 175 764 
709 1002 1002 
1015 
767 767 853 853 853 
187 217 422 516 640 640 768 768 954 954 
66 66 123 123 786 840 877 995 995 
927 955 
196 220 545 545 1004 1004 
733 890 
139 162 162 392 758 
262 609 
515 515 963 
229 
726 747 
22 
377 377 464 

28 463 463 
71 
277 299 954 

394 394 637 637 780 1015 
3 3 3 52 346 708 
122 475 550 550 903 903 
107 107 310 
725 

351 535 
640 
118 118 277 277 1006 1006 1006 1006 
875 
34 
85 85 929 
28 28 447 447 649 
445 
737 900 900 926 926 954 
393 
639 815 
282 802 
351 810 
142 142 276 276 276 276 366 366 566 

57 69 162 566 572 572 925 978 978 978 
94 94 881 902 
975 
277 296 296 453 720 
229 257 366 366 366 620 745 745 934 934 934 957 
1023 1023 
971 
1010 
102 889 889 889 
559 559 712 784 
35 35 958 
427 780 780 
239 397 889 
229 
129 129 428 801 898 898 
532 540 540 707 707 707 714 714 741 862 1006 1006 
101 273 693 756 
168 726 726 818 
371 371 371 715 797 
225 225 225 290 954 955 
39 123 123 411 
262 262 764 982 1000 1000 1000 

219 568 

43 43 73 73 147 790 940 954 954 954 
428 861 
200 789 789 
82 82 99 
147 
53 53 53 62 62 245 259 335 360 362 366 366 528 532 607 659 674 674 674 720 731 773 859 889 922 922 966 966 984 984 
735 735 735 
277 636 636 
145 

662 
662 


176 660 913 
719 719 719 
82 283 
162 637 1017 
441 441 820 874 874 961 
434 820 1023 

954 
308 780 
6 6 680 680 
262 
50 50 555 
334 334 334 366 366 366 372 372 817 
736 736 
123 168 
767 844 
406 927 927 
359 359 359 502 859 859 859 
62 277 954 
52 200 200 200 414 789 954 954 954 
191 263 328 622 
487 502 692 738 
383 
229 948 
457 
246 
19 19 22 82 
44 632 632 632 
252 252 1017 1017 1017 1017 
73 73 487 487 
277 360 360 
273 739 926 
855 855 
614 614 998 
21 21 21 297 437 437 562 596 922 
780 
264 286 937 954 954 
80 80 337 782 795 795 810 810 954 
260 560 600 1006 1006 
453 453 972 972 972 
308 308 339 879 964 964 
956 956 

231 
522 
62 62 
129 428 684 684 684 684 937 947 
277 903 
481 481 712 758 758 922 
549 676 1006 
407 584 
545 835 922 922 
959 959 
393 393 393 393 
405 
268 268 268 470 472 761 978 978 
88 125 125 201 294 571 571 571 571 820 820 820 
495 1002 
121 121 324 324 767 767 
277 277 277 411 
135 199 199 567 567 567 567 
162 472 472 
420 
684 937 
875 886 886 
268 268 775 775 
264 
229 407 

114 114 220 328 722 
196 218 
954 954 1007 
407 427 671 
407 407 422 561 979 
174 702 702 
364 413 689 
178 954 
171 253 607 607 607 761 761 1000 1000 1000 1000 1000 
70 954 954 
329 926 
146 146 
337 
699 
640 

121 121 311 545 922 
341 
819 
74 399 399 
229 549 
801 801 801 801 
37 954 954 954 
32 153 229 277 277 323 995 
826 826 
681 826 
49 49 49 
366 502 588 588 588 777 777 902 902 
227 1020 
440 660 707 707 707 707 
820 
79 819 880 1019 
189 189 660 878 

544 544 830 
362 362 913 913 975 
366 
23 23 154 244 
378 776 776 776 
277 298 929 
476 
277 277 
333 333 333 531 632 632 951 951 
734 734 
142 959 
5 5 5 263 263 384 427 427 707 
382 382 810 
750 955 955 981 
870 870 870 
695 695 
229 229 
234 
115 115 227 229 229 233 233 233 538 538 538 622 622 
107 
426 
143 143 166 166 
30 504 504 
451 451 514 

467 895 
126 434 434 458 594 833 954 
322 363 681 681 790 790 790 
244 720 

374 401 
102 401 401 907 1014 1014 
74 717 717 

9 126 1002 
463 1023 
149 399 
19 19 56 220 694 694 

780 780 849 849 849 886 
115 124 124 
323 744 744 

61 

336 336 336 502 763 
46 46 46 141 176 176 262 262 322 366 366 511 609 612 675 675 678 734 754 754 919 922 922 922 938 954 986 
7 7 107 837 
507 508 
261 390 390 687 
118 
243 243 243 243 989 
275 277 419 419 
10 676 741 
197 197 197 366 
864 
880 880 880 
427 427 583 
709 709 
164 287 366 791 
87 502 502 502 773 
660 660 793 841 841 992 
560 667 1006 1006 
254 384 384 384 793 793 793 793 
660 883 954 
831 831 
520 520 
373 605 641 641 722 722 954 954 
414 
954 954 954 
41 41 176 176 201 201 301 428 428 428 557 557 557 557 574 755 787 787 787 787 892 937 954 
836 
328 
71 663 
1017 
100 586 946 946 

229 
532 
101 488 
651 651 791 
427 629 629 780 
796 
277 802 802 

82 82 124 147 147 147 593 954 
198 950 

585 585 
780 


229 871 888 
277 419 487 487 487 609 609 609 609 625 1018 
452 
428 431 672 672 920 
61 
107 967 967 981 
76 76 76 481 559 784 922 

83 96 208 327 361 361 487 487 974 
162 162 490 

74 98 98 98 646 646 839 839 998 
991 991 991 991 
229 230 234 366 512 512 512 
335 335 335 475 502 642 914 
731 838 838 
78 78 78 293 580 681 681 
171 210 215 
174 174 727 727 812 812 
18 18 280 455 805 954 
229 229 443 489 489 894 
724 724 
82 301 301 301 
922 922 
168 168 
502 721 953 953 

438 
141 623 623 660 
322 503 503 503 
127 524 524 
147 147 465 
532 
104 104 162 266 277 542 
780 780 780 886 
487 667 
901 901 901 
362 362 
323 323 655 655 827 
366 476 476 
229 1002 1002 1002 
443 818 818 818 

413 
627 
37 833 954 
229 776 776 
984 988 
176 311 311 311 311 311 660 660 
350 428 428 684 
152 152 422 422 488 954 
34 34 34 84 84 401 949 1014 
162 162 439 559 559 1017 
6 6 281 
803 803 825 
566 588 588 

54 343 366 366 659 
175 175 430 493 

229 
5 236 236 264 264 396 433 433 526 569 569 844 954 
422 422 422 434 434 

834 840 
116 116 277 
954 
48 188 275 275 502 674 

229 229 576 576 
67 67 229 229 229 618 618 618 752 752 
108 326 366 366 366 607 607 
139 390 805 

25 25 85 123 123 175 175 175 229 229 356 357 427 427 451 483 483 519 546 653 653 695 703 740 740 740 875 886 943 943 969 

31 548 795 
172 192 
481 712 

66 66 435 
684 684 684 684 892 
397 
499 499 530 
90 90 90 366 366 393 497 641 641 641 
673 694 870 
86 1001 
675 677 677 677 677 
242 242 
32 548 548 782 1001 
182 229 329 696 936 
162 490 
82 82 178 178 
170 1017 
336 336 876 876 
486 601 601 601 601 954 
277 468 697 697 
13 13 24 24 760 760 825 825 
17 
390 390 390 395 725 778 945 945 954 954 
291 351 351 810 
175 175 832 832 

229 
75 351 351 351 469 548 548 626 806 
73 
315 724 724 
352 
116 
467 888 954 
147 147 147 248 362 936 
523 
489 747 747 747 942 
378 398 598 611 
72 72 72 72 72 217 365 515 516 567 567 567 610 916 
850 
32 
279 279 

13 760 803 803 
81 81 604 604 605 853 1006 
176 744 
978 
954 
229 614 987 
142 142 319 679 679 959 
2 2 175 175 807 807 
225 225 225 640 751 
234 234 770 
429 562 1001 
685 859 
307 661 
721 721 1020 
717 717 
435 770 
413 675 675 906 906 954 
954 
67 861 
526 767 
231 
122 122 122 189 189 868 903 903 
249 249 1017 

653 653 653 
268 268 821 905 905 905 
1002 
400 
342 342 433 433 433 826 
174 
118 139 139 277 277 277 543 543 958 958 

157 396 
277 903 
131 502 528 528 528 836 
172 172 
498 843 
487 
85 
323 669 
213 
79 
423 
414 846 903 
196 196 229 
628 628 628 791 
323 323 323 706 
292 356 982 982 

243 394 515 515 1007 
460 575 780 
53 53 282 324 324 324 324 800 800 
66 435 
612 
23 74 179 308 308 378 551 1005 
214 409 611 670 670 670 996 996 
473 902 
370 907 
678 
417 417 1006 
229 
27 229 575 575 653 740 780 
63 250 
706 815 
366 480 480 480 484 502 950 950 950 
66 438 
234 
14 232 232 232 301 684 787 

726 
639 
300 300 
258 258 258 
486 486 1022 1022 

269 269 269 465 465 
286 742 742 742 
90 90 90 277 277 366 473 607 607 881 
162 162 189 189 253 277 316 316 324 324 411 453 453 558 846 846 858 868 972 972 

850 850 850 
229 229 841 841 
645 882 954 
331 331 
414 
15 153 153 
140 140 181 
958 958 
511 615 615 936 
296 380 720 
59 59 59 172 
820 

345 
103 660 
296 709 
288 956 956 
44 238 366 366 502 502 545 559 562 562 596 660 660 660 712 729 729 968 968 968 978 978 
125 
388 388 1002 
162 162 472 
28 273 302 302 302 465 465 542 590 
436 527 527 
236 935 935 935 1006 
298 298 462 619 954 


130 

114 116 116 476 476 476 
928 928 928 1002 1006 1008 
796 816 913 
37 137 137 428 428 547 557 574 684 
103 660 

497 
42 
818 
780 780 
114 
805 805 
413 413 689 689 
557 
51 534 
34 229 401 757 
366 414 700 889 889 889 
622 622 
292 292 
731 731 
5 14 14 16 30 30 37 40 43 74 80 82 157 157 159 163 178 192 192 198 198 205 209 209 213 213 250 264 283 283 284 286 292 305 305 310 318 341 366 389 389 434 434 449 465 491 497 497 497 518 529 530 530 530 547 547 548 582 582 587 589 589 602 602 602 640 660 678 681 681 683 683 683 684 699 725 751 756 767 772 801 805 805 815 829 841 842 907 929 963 993 1002 1002 1006 1006 
436 491 627 627 
76 76 552 552 921 921 
476 
482 855 855 912 912 
563 563 624 831 

515 
1017 1017 
100 366 366 372 416 441 954 
308 551 551 

237 292 502 502 1008 
711 711 
21 21 922 922 922 
780 

478 
550 550 550 903 903 

96 714 
427 474 615 1012 
366 366 980 
43 60 60 410 
472 472 472 566 566 828 922 922 
584 
114 366 976 
366 627 711 
493 872 872 
351 351 351 351 
98 98 98 335 335 335 362 502 502 753 
58 115 
660 
218 218 229 281 281 830 
277 375 375 419 753 
229 665 

718 718 718 718 
5 675 1017 1017 
354 954 1007 1007 
182 281 281 281 
12 12 46 123 435 435 603 
880 880 
67 
202 229 229 229 544 717 1011 
169 366 412 
228 493 493 493 588 588 588 588 588 
224 792 795 835 
426 426 431 431 568 648 746 746 746 851 924 935 954 954 1006 1006 1008 
44 
193 437 437 
23 164 879 
95 150 150 327 327 459 459 459 459 487 487 549 549 560 676 676 826 884 928 935 954 954 1002 1002 
354 366 366 366 415 582 874 993 993 
315 935 966 1002 
138 138 
58 58 92 479 
254 254 998 
975 
229 401 401 
401 645 645 757 
432 451 

73 73 73 80 249 366 412 412 412 412 514 539 539 539 539 688 758 799 847 962 962 992 992 
707 
611 
608 838 

265 265 366 366 898 898 
477 477 516 649 
