nodes: 1024 edges: 1882
107 310 901 901 
648 747 
182 

20 20 212 
167 250 328 341 342 342 384 625 625 710 710 767 954 992 

544 698 698 
183 231 
648 1002 
175 
74 74 550 748 748 

264 803 803 803 825 825 
954 
147 458 
643 954 954 
19 155 643 643 
588 588 725 725 
17 
4 4 229 439 

277 277 532 532 532 532 
120 179 179 179 225 308 617 1005 
351 
780 

291 333 379 505 505 505 505 858 886 886 
423 
853 
417 591 636 883 883 954 
629 629 
228 228 229 603 998 
77 77 686 686 
401 
429 879 
229 229 600 1019 1019 1019 
602 602 602 751 954 
229 
886 886 
133 
82 
941 
434 983 
559 559 845 



701 701 773 773 
353 353 
277 277 541 541 
998 

336 
308 879 
391 826 826 826 954 
220 651 
344 
99 985 985 
740 740 903 
399 
328 870 870 954 
1014 1014 
154 
93 277 
387 387 710 
435 786 
197 197 
382 

280 366 794 794 885 885 
151 151 448 448 477 930 
277 
79 424 
11 11 120 646 646 839 839 879 879 879 954 954 
810 
194 482 958 958 
33 33 229 686 686 686 1011 1011 
229 366 
73 241 344 344 420 866 880 880 
954 
604 604 
41 147 147 147 166 209 267 355 413 500 513 643 699 787 787 999 
741 
419 419 529 
113 123 229 229 462 630 780 863 886 
145 145 505 
674 

427 
692 692 
720 
271 271 
64 1010 
277 277 410 410 473 
352 352 352 928 962 1006 
288 974 

266 266 739 1022 
58 344 
305 
756 768 
143 480 480 635 
561 601 919 919 

734 881 882 882 986 
392 392 392 748 748 
0 171 171 310 310 454 633 661 661 711 899 899 954 954 954 
607 777 777 904 
229 1021 
1005 

154 340 340 
85 162 162 229 229 
324 363 366 366 396 396 399 399 476 745 745 745 840 886 944 980 
229 229 233 632 985 
153 153 

194 194 855 952 
931 
23 74 512 
569 
738 903 
85 162 162 162 168 229 780 780 780 

250 923 923 
594 640 833 833 
402 546 736 937 937 954 
954 
265 428 557 
578 
272 861 
873 998 998 
40 
351 

252 270 753 
301 594 684 684 684 
421 421 571 1006 1006 1009 1009 
277 324 348 348 954 
181 
734 938 938 938 

102 
151 407 407 670 
86 86 505 847 

15 82 82 82 193 497 501 699 699 699 847 886 886 886 886 886 939 954 
208 
455 455 455 480 
509 
71 71 144 202 202 448 448 
434 685 
116 116 309 309 309 357 357 603 910 
63 112 252 376 642 642 642 856 
17 239 583 

494 954 954 
375 954 954 954 
954 954 
646 646 
541 
113 113 123 123 123 204 229 289 303 303 439 472 514 514 637 647 647 647 758 758 758 758 903 903 903 925 
224 
165 
164 673 
82 256 355 635 635 
5 580 
123 171 171 525 525 792 
645 645 975 999 999 
509 799 799 
107 107 168 168 588 723 957 
267 593 860 915 915 
339 339 
304 780 780 
10 347 347 432 432 764 780 943 943 969 969 
660 660 754 913 
428 428 455 486 486 696 696 
273 954 
23 23 23 308 
376 376 
140 831 911 
2 229 387 796 994 
8 277 277 375 858 
420 420 
328 328 814 814 
954 
434 506 506 

846 903 
966 
915 
391 841 841 
147 886 
76 118 118 

199 218 581 954 
67 67 219 219 219 541 541 887 887 
491 491 491 
196 203 

418 418 418 
151 151 
199 216 
162 242 242 384 384 
494 954 
277 

148 327 361 361 714 
82 436 728 728 728 954 
615 723 
621 
4 825 825 
314 683 683 
880 
588 
203 487 487 
365 365 365 
196 403 403 853 853 
197 197 197 250 
56 595 595 
377 377 
787 

163 417 417 
23 848 
388 924 924 
230 230 632 
32 32 1000 
20 32 36 36 38 77 78 85 85 109 113 113 115 115 123 162 182 277 278 281 323 323 345 366 366 368 407 407 415 427 427 427 442 445 445 445 446 461 476 485 485 544 544 565 565 578 632 632 655 669 690 719 726 730 730 752 752 765 766 775 780 780 780 781 864 864 880 880 886 886 918 918 949 949 987 987 994 994 998 1011 1011 1013 
227 227 392 392 632 632 719 
8 300 
790 1004 
115 632 901 
631 631 834 966 

767 

309 545 660 922 922 941 
155 
305 305 305 334 882 927 927 1002 1002 1008 
79 
204 204 267 350 428 
583 583 



596 596 
362 362 362 397 816 816 
847 847 909 979 979 979 979 1017 
5 125 219 954 
343 343 
136 154 270 270 270 
366 366 393 616 


166 887 947 
466 
1019 
502 502 905 905 966 
419 
366 616 663 663 
363 366 366 412 412 440 440 624 624 660 660 705 
384 641 641 641 
13 518 518 
129 703 898 898 
98 98 277 
82 172 242 718 
922 
277 
136 252 252 252 444 856 944 
92 92 583 
131 407 
178 542 926 954 
387 387 
666 666 668 668 
464 464 559 
22 22 50 50 64 72 94 94 139 183 183 206 229 266 269 283 324 324 339 346 375 375 419 439 459 468 475 529 533 533 603 603 619 666 666 697 739 739 855 858 858 874 876 876 876 903 903 903 941 954 957 988 988 
229 345 630 

70 301 301 301 725 
229 
876 876 
277 954 
618 954 954 
374 374 427 
954 
432 
96 
162 

27 
368 
362 
469 486 

802 802 972 
494 545 

420 
231 366 423 775 
137 280 280 280 804 804 892 
590 590 590 590 
162 162 447 
174 858 
100 240 240 240 742 954 954 954 
385 419 661 936 
366 366 
23 54 179 412 879 879 964 
153 153 153 238 814 
0 107 107 317 412 454 454 456 
352 922 922 922 
760 760 803 

213 

379 379 903 
310 819 874 874 
954 
831 831 
322 322 476 503 503 781 

320 320 660 660 
229 229 603 706 827 827 864 877 
114 139 277 277 903 
355 
346 366 
208 337 337 714 1006 1006 
5 61 185 185 331 331 580 580 686 

334 879 
328 328 606 
616 616 711 721 
27 
240 330 366 366 831 
366 502 953 
53 421 502 502 835 
327 327 548 548 956 956 956 
634 634 634 634 
173 173 277 714 714 
112 112 684 
5 597 597 701 735 735 954 992 
5 5 844 844 853 853 
251 251 
57 79 79 99 
229 278 
277 326 
175 175 
139 139 
399 
242 715 755 
24 134 457 469 469 548 548 
95 95 95 311 922 
49 49 
529 529 529 993 
82 166 325 
780 
153 153 
566 

800 800 
208 208 
248 248 248 293 450 450 731 731 743 743 984 
114 262 366 641 641 641 790 
946 
217 217 217 
70 78 114 114 229 229 253 253 261 262 262 300 307 307 326 334 334 335 363 372 393 393 399 399 407 407 409 409 441 441 502 502 607 660 700 719 719 719 745 763 763 763 790 922 922 922 950 954 954 970 980 981 981 1017 1017 1017 1022 1022 
954 
229 292 
937 
954 

366 523 523 933 933 
681 
285 285 544 544 801 
158 183 277 277 988 988 988 
154 180 180 
221 221 
1009 1009 
27 316 316 


68 

5 204 204 263 767 
306 419 454 661 661 687 988 
722 722 722 
65 65 182 274 274 
226 426 924 924 1002 
404 404 404 
395 395 778 778 893 893 
55 192 954 
106 106 106 230 230 439 439 
253 366 366 466 
451 451 
390 390 878 
114 114 767 
248 620 934 934 
690 690 690 706 871 871 871 871 
60 114 114 349 366 366 518 627 823 823 981 981 999 
665 665 778 778 
34 645 949 1013 1014 
127 736 1023 
218 218 737 
389 389 389 603 991 

527 580 580 580 
144 144 229 229 272 366 366 422 427 427 427 561 579 583 584 
455 455 455 
366 366 962 
94 94 660 919 977 
492 903 
262 262 308 310 660 
82 609 609 609 749 841 841 946 946 946 
950 954 997 
229 
761 761 824 963 
30 224 224 
201 201 201 
84 84 260 277 306 385 543 988 
79 184 184 299 573 573 
138 138 336 689 689 
407 561 579 579 583 584 979 979 
28 300 
73 

388 634 1002 
89 229 229 229 285 407 407 407 583 695 849 975 1012 1012 
129 177 177 242 431 463 557 684 684 684 755 755 843 843 861 861 937 937 
35 774 

428 843 843 
175 175 287 740 780 780 
652 652 652 
43 152 187 515 640 640 698 698 698 756 768 820 820 939 
66 877 
209 

660 728 
20 162 277 392 392 570 570 
262 262 563 563 660 870 870 870 
366 366 657 679 
229 565 565 565 
747 894 
270 808 808 
229 229 229 747 747 747 747 817 817 
229 
303 463 463 709 763 763 
71 71 151 151 451 451 

362 362 
394 394 448 448 780 1015 
954 

107 310 310 385 
149 149 149 177 408 408 408 
310 
351 710 
15 939 
277 957 957 957 
780 780 
229 1011 1011 
85 546 
428 447 447 
276 276 
590 590 590 594 
257 393 
639 815 815 877 877 877 888 980 
277 475 
294 351 351 726 726 806 810 810 810 810 921 
912 912 
780 
162 735 735 925 
94 507 507 881 
975 1012 
277 468 679 679 
114 229 320 
71 954 

954 1010 1010 
102 102 149 765 981 

76 

818 
229 229 707 
177 177 294 498 
216 216 862 862 
693 756 
726 726 
715 748 797 1020 
198 198 198 518 954 997 997 
411 886 954 954 954 
663 663 
157 205 297 
568 
563 
147 857 857 857 954 
486 538 841 841 861 
789 789 
82 954 954 
147 
259 259 335 336 336 366 366 532 532 556 659 720 720 731 731 738 738 762 763 763 763 773 836 859 922 922 922 953 966 
320 320 

27 27 27 27 86 145 
187 187 756 851 939 
473 473 656 902 908 908 908 908 
662 
150 170 
797 797 797 821 
660 793 
120 719 
82 
162 162 544 544 544 
434 756 
954 
527 527 
264 264 399 491 577 
854 
759 
660 660 
555 
372 372 
736 
168 168 
764 767 767 844 954 
406 517 517 

84 277 354 354 354 954 
789 954 
710 710 
22 22 22 22 502 502 692 905 907 966 966 
277 277 637 715 715 


923 954 954 954 

498 1003 
808 808 

50 50 161 197 197 
273 
419 713 713 
7 229 229 374 374 514 514 514 775 998 
238 297 562 596 922 978 978 
127 462 780 886 
954 
337 337 351 351 719 721 721 721 721 795 795 810 810 810 835 954 
714 714 786 861 1006 
11 903 
879 
742 742 810 810 810 820 820 

957 
522 
502 
129 428 640 861 861 937 937 
939 939 997 
44 44 276 628 628 628 712 712 784 922 
676 
103 407 422 
545 
440 440 496 959 

229 229 442 442 442 877 877 877 927 
358 952 952 978 

495 692 
121 983 
439 439 
138 954 

420 420 
684 
886 
860 929 
518 904 
130 229 
407 422 422 
167 328 328 406 406 406 
196 
587 950 954 954 
155 243 243 271 407 422 427 671 
407 422 979 
702 
689 
582 942 972 972 
18 18 171 215 
954 
302 302 302 302 465 465 465 926 
30 
810 810 810 
172 
126 137 465 640 640 
220 220 
247 247 545 922 
341 341 992 
969 

36 861 861 871 871 871 
103 801 805 954 954 
37 37 37 
32 153 277 277 323 404 702 
81 81 

331 903 
108 366 
680 
413 413 413 660 
820 820 820 
866 866 
878 878 

830 994 994 
210 
253 261 332 332 632 632 632 632 663 663 982 
23 
284 
277 
397 
211 887 887 
632 
780 
262 262 959 
5 5 

399 
559 559 559 937 937 
31 31 
85 278 690 
234 234 
115 227 229 229 230 230 233 616 616 616 616 622 669 
107 821 821 821 
338 338 338 338 426 924 
102 166 166 
30 
162 533 

467 815 
126 434 434 557 594 594 954 954 954 
263 263 263 363 363 363 
154 154 154 801 
16 17 17 82 
811 
169 169 401 1014 
74 74 160 160 761 
162 162 162 847 847 847 962 
1 9 1002 


56 791 791 
433 433 433 


229 864 
507 912 978 
441 
810 
502 953 
176 176 238 262 262 322 322 366 410 412 438 440 511 521 521 609 673 678 678 734 734 805 835 878 913 922 922 938 953 986 
107 107 306 385 385 861 861 861 899 
508 
261 261 493 493 616 616 676 1006 
834 834 
400 400 
275 275 277 277 964 
676 676 676 1006 
275 275 
229 632 
144 
583 865 865 
1000 1000 
165 660 791 
87 
793 793 
560 663 667 667 667 

660 660 954 954 
441 475 475 831 831 831 
608 979 
373 954 
889 954 
213 213 
137 137 137 340 428 428 428 574 755 755 892 892 937 954 
152 836 
33 33 77 77 77 328 
385 982 

421 421 586 921 
229 398 398 398 630 
706 706 
90 90 532 568 917 
488 

427 724 780 780 780 812 812 
177 177 879 
277 
7 7 434 434 434 871 871 988 
82 147 147 147 749 
366 
48 48 341 
585 603 
265 808 808 808 808 808 

262 
323 398 691 691 871 871 
485 
954 
447 920 
5 5 65 457 531 531 954 
107 332 
559 559 784 784 845 845 922 922 
543 543 
208 327 339 339 549 549 1001 1001 1001 1006 1006 
350 490 533 533 
1004 
839 
267 
229 230 366 366 366 512 548 
91 502 502 
332 548 548 548 548 954 
386 386 386 
171 210 
695 
18 18 280 
229 469 469 489 489 730 894 894 
902 902 
209 209 209 438 
922 
229 229 726 
362 362 502 502 
1013 
954 
105 141 660 660 
341 341 472 472 973 
127 402 524 954 1023 
403 954 
122 502 502 966 
98 277 277 835 835 835 
59 59 432 780 886 
83 
305 552 552 
362 362 
827 
114 114 114 366 

1 443 445 445 445 445 
11 11 106 106 490 
413 699 841 

37 829 940 
229 229 828 
136 
176 
350 428 428 684 684 771 771 
101 434 488 506 515 768 820 820 
949 
162 162 162 162 
520 
312 312 803 
416 416 646 
502 
366 366 366 447 447 502 502 502 
175 526 927 927 
229 480 
229 
5 236 384 396 526 526 844 853 931 931 931 954 954 992 992 
101 434 756 
780 780 
920 
755 755 
794 
48 48 502 
429 935 935 
229 300 544 

108 108 
390 390 400 400 805 

25 85 123 123 123 174 174 175 229 229 229 356 432 432 451 460 460 471 546 623 695 695 695 740 769 769 854 875 875 875 886 969 969 1015 
229 320 845 
795 

559 712 712 

66 549 
82 82 222 

499 499 530 
232 363 366 
651 651 673 
168 
511 675 675 
70 70 772 885 885 
548 548 782 1001 1001 1001 
182 
490 510 510 510 925 
1006 
170 170 
360 360 
374 601 642 
296 296 
13 13 13 312 760 
301 301 954 
601 660 778 852 878 893 954 
469 810 
832 
444 444 539 539 703 703 703 703 703 
906 906 
75 469 469 469 469 548 548 548 552 552 552 592 592 592 658 806 868 956 
644 
695 695 
922 978 
185 185 309 
467 467 639 
248 248 
445 445 
484 
317 
434 434 552 552 610 610 610 756 756 916 916 
510 633 633 633 966 
1022 1022 
399 399 
416 963 963 
13 13 212 212 
55 55 55 1006 
323 323 744 
752 922 978 978 
751 954 
614 
181 319 319 334 679 679 679 911 959 959 
807 
126 126 
234 664 664 
336 548 660 739 739 739 1001 1001 
502 685 859 

952 954 954 1020 1020 
74 74 717 
114 
192 192 413 413 498 498 749 930 954 
954 
428 428 431 431 
342 342 526 767 
44 712 712 781 943 943 
189 
145 147 249 249 647 647 647 1017 1017 
225 1005 1005 
427 
905 966 
506 
805 945 
29 218 218 342 342 767 
519 780 
118 277 958 
154 270 
497 497 497 954 
27 183 277 277 304 903 
502 836 
172 576 
131 428 428 498 549 557 557 600 600 661 661 661 1010 1010 
487 487 
85 
229 229 323 655 
671 671 
79 611 611 
1008 
810 903 

61 61 440 440 440 
398 398 398 398 600 600 600 698 698 706 706 

132 941 
277 317 317 900 900 900 902 
780 780 780 886 
277 277 277 282 282 
323 435 467 467 467 565 565 565 
395 612 612 660 805 
35 54 74 74 74 308 308 330 551 696 1005 
79 79 214 229 229 996 996 
105 473 
105 105 240 907 907 954 954 
30 30 

70 70 794 794 
27 27 39 39 85 114 147 147 147 147 147 193 229 229 492 546 575 740 780 875 
197 197 256 621 621 
467 
682 950 


301 684 684 955 
390 390 805 
443 726 726 
987 


265 265 
107 107 661 
874 874 874 
0 0 233 
507 727 727 874 
59 122 162 162 162 189 277 277 277 316 324 411 550 606 858 868 972 
108 577 
259 259 532 850 
809 809 
532 882 882 
507 507 507 507 
249 
153 
181 831 
470 470 656 
176 660 

172 172 191 
820 820 
692 
229 229 
103 103 410 977 977 
709 770 
469 689 956 
238 238 268 311 311 311 352 366 366 366 502 502 502 545 559 596 660 660 712 712 729 813 828 927 927 927 927 978 978 
125 125 536 
226 226 388 388 634 
162 472 797 
273 590 
240 240 565 764 764 922 922 922 922 968 
95 935 935 935 1006 1006 1009 1009 
576 
71 841 
119 767 767 767 

372 372 
397 397 
774 774 928 928 928 1002 1002 
306 
127 127 369 428 428 557 557 628 628 684 1023 1023 
141 141 141 660 
147 434 458 506 558 558 
751 954 
42 238 277 873 
587 
175 175 845 845 
114 270 976 976 
852 
364 413 413 413 974 
256 

229 229 401 757 
366 414 582 889 

118 566 566 838 
335 502 659 660 1016 1016 
5 14 16 16 30 37 55 61 74 74 80 107 107 107 127 128 139 147 157 157 158 158 158 159 159 178 186 196 205 209 250 273 277 283 284 284 286 305 305 305 318 341 366 366 367 370 391 414 452 477 479 491 492 492 492 497 500 500 516 526 529 530 536 536 536 547 548 571 582 582 589 601 601 640 640 640 678 678 681 682 684 708 710 721 733 736 737 767 767 804 805 829 838 838 841 842 857 882 882 940 963 1002 1002 1007 1007 
892 
337 337 337 810 921 
171 277 459 459 459 554 
76 76 855 
563 624 831 831 


95 409 647 
416 824 824 954 
308 666 

190 234 259 502 532 532 738 821 850 

927 
175 175 598 780 780 
366 

296 587 587 903 
735 
96 946 
169 427 474 
944 944 980 
410 919 919 1023 
545 545 566 656 813 828 828 922 922 
249 249 249 249 422 422 584 680 
114 366 467 976 
366 366 399 399 480 
616 687 
43 569 
362 
58 58 115 
105 660 
229 229 895 
277 277 375 375 375 385 419 698 


404 
5 341 597 767 767 
354 1007 1007 
182 229 229 614 614 

880 880 
414 491 491 558 
32 51 132 132 229 544 
82 169 169 399 
228 672 672 
714 714 714 795 795 795 835 835 
9 240 240 388 426 648 935 935 954 954 1006 1006 1006 
538 
232 716 
23 110 848 848 879 
95 138 138 327 327 549 663 667 714 714 798 826 928 928 1002 1002 1002 
954 954 993 993 
240 867 
138 138 378 378 928 928 
93 479 479 861 861 
77 77 229 229 461 461 
427 427 474 
229 401 732 
62 62 401 645 
451 780 
953 953 
249 366 366 366 847 847 

36 36 36 258 
490 838 838 
109 
98 366 366 822 822 
402 736 937 937 977 
