nodes: 512 edges: 963
381 
85 441 443 
28 91 91 182 260 260 
5 271 271 493 
454 454 
3 50 88 184 198 225 273 279 280 280 354 354 441 443 456 504 508 508 
195 404 

196 313 313 350 350 413 413 
203 203 218 
240 240 

184 184 202 355 
229 229 
117 117 184 184 
16 16 184 
15 15 184 
448 
85 
104 
102 102 
31 
108 115 115 166 389 414 414 421 421 436 461 461 497 
171 171 290 
173 225 322 

158 357 408 
122 122 346 353 353 509 
2 178 178 183 183 
487 487 
181 181 222 222 483 483 
21 155 155 155 172 184 243 315 354 489 
496 496 
67 192 192 

210 222 309 309 413 413 
106 106 
83 
90 358 
62 159 166 206 219 231 267 274 485 
67 67 67 249 420 
85 156 156 156 184 184 324 354 450 450 457 457 
321 

214 
413 413 413 439 439 
339 381 381 381 381 
76 459 
387 

5 92 
292 
345 
208 377 377 
299 466 
195 236 236 267 
191 304 304 377 438 446 474 474 
415 415 

444 

359 359 
39 330 430 430 
463 463 
287 381 381 
362 
362 362 362 
33 40 40 40 192 298 298 298 347 
179 296 
344 
184 246 
354 428 428 
251 413 413 413 466 

76 413 
383 508 
47 74 78 109 109 109 119 184 184 186 186 196 207 228 314 314 322 346 353 354 354 361 410 410 410 413 413 423 440 440 440 456 509 
196 
76 
438 
314 418 
130 130 184 184 261 289 289 329 329 389 389 389 
143 389 
37 237 
85 118 118 312 490 
1 18 41 84 348 441 441 465 465 475 475 
198 198 254 
370 408 
5 504 504 

38 
2 2 
50 182 182 182 413 413 413 
177 177 236 236 236 259 415 415 
315 
276 314 
224 224 224 
171 290 
329 441 441 
156 320 401 401 508 
114 496 496 
148 170 170 170 170 267 267 267 471 
20 20 117 135 136 136 
146 146 146 
19 116 134 134 134 134 138 236 236 237 237 346 346 346 366 507 
184 508 
36 36 190 372 372 

22 115 115 414 480 
76 76 76 
211 
234 234 
355 355 418 

100 
22 22 108 108 497 
104 184 184 303 451 
14 14 102 184 236 418 
84 84 
76 222 222 299 339 413 413 508 
239 239 239 239 239 486 486 489 489 489 
130 157 157 159 159 171 171 389 389 389 
27 27 222 310 341 
180 468 
387 387 454 
136 
491 
290 
448 494 494 

81 81 121 389 

413 
381 
104 104 104 104 
102 
102 102 125 420 

104 164 

320 320 332 332 332 378 
237 325 413 413 413 
165 389 
82 217 
282 
452 
103 103 103 379 379 
236 344 344 
101 191 452 
250 250 
408 
198 198 198 354 508 
175 175 262 262 292 368 
325 
374 
31 31 31 243 413 
41 41 41 99 287 287 450 450 492 
121 121 
26 194 246 271 271 408 508 508 508 
39 121 121 177 177 177 188 231 305 428 428 469 477 477 511 
236 272 272 312 312 

208 228 228 228 228 
166 
138 293 
142 329 
22 39 163 
220 220 455 455 
209 209 390 390 413 
233 233 265 296 368 368 368 
101 101 101 101 217 272 471 
23 23 97 121 121 184 290 
31 
24 344 
222 413 
152 152 262 407 413 
247 247 
93 93 159 159 159 283 414 415 415 
28 28 183 183 
68 407 
123 222 222 334 334 
30 30 216 367 367 
2 92 92 92 340 363 404 413 444 499 
28 28 178 178 260 260 
5 12 12 14 14 15 16 31 41 41 70 76 76 81 81 105 116 116 117 171 202 213 236 236 236 258 260 267 267 279 279 289 289 292 292 324 324 354 354 355 355 356 366 366 415 415 465 465 490 490 
491 
76 76 328 328 373 

159 

106 
56 148 236 236 267 267 268 268 446 446 474 474 474 474 474 
33 33 67 236 281 298 420 432 
286 358 362 413 479 500 500 
158 230 
6 55 404 
8 76 77 200 290 350 382 422 
372 496 
5 86 86 151 151 151 386 386 508 508 
207 
196 
211 211 
12 184 
9 9 
274 274 

39 402 
76 199 
53 162 
168 168 410 413 413 
35 
110 201 201 460 
505 505 505 
184 
44 314 
387 434 434 434 467 
181 
143 170 
9 271 271 327 327 
39 274 402 427 454 
167 167 
370 
30 30 35 119 119 122 174 180 180 314 376 413 483 
488 488 488 
96 96 96 313 
5 24 259 377 377 

392 
76 162 162 162 162 245 245 285 398 398 
13 13 295 295 316 360 
194 236 303 415 
39 159 
454 
169 169 271 276 310 310 374 375 408 
111 111 296 375 375 486 
430 430 487 
55 55 93 93 93 104 104 117 147 160 184 184 184 191 191 192 230 249 267 269 278 278 283 356 415 415 415 432 432 438 460 460 
83 104 104 141 

120 120 120 120 120 306 306 405 
10 10 496 496 496 
425 
260 260 413 
31 155 311 494 
358 
228 228 
70 158 267 267 
176 176 

40 236 
149 149 374 374 401 
72 

330 
86 

354 
305 
184 
93 225 
2 2 183 183 184 242 242 
81 329 329 
152 152 175 
315 315 
334 334 385 385 
169 

39 55 101 101 101 184 184 191 191 236 246 246 268 268 274 356 356 378 378 
191 191 267 267 
236 365 
286 
3 3 158 158 218 218 233 282 297 297 327 339 339 354 374 375 391 391 401 408 412 442 453 
160 160 170 
5 354 472 475 
39 204 204 219 267 

95 233 410 

236 236 
5 184 184 
5 5 308 449 
192 421 
144 271 427 
177 236 

228 
193 270 413 
64 156 156 412 412 412 
401 
81 81 184 184 359 
23 97 127 171 196 
354 426 
51 152 184 184 423 423 
164 
408 408 
229 229 509 509 
68 169 234 389 389 389 
271 271 
67 67 67 192 421 
54 119 


321 321 383 485 
116 230 304 365 415 
56 56 303 
159 257 389 482 482 
239 239 408 

280 364 
35 35 484 484 
122 233 233 353 353 353 
243 
84 160 160 
8 8 224 
76 76 80 95 214 222 317 319 349 349 349 354 354 384 413 434 434 455 455 467 
31 94 263 263 336 336 486 486 486 
229 
314 398 398 413 413 
382 
314 354 354 429 429 
99 140 140 
42 302 302 323 
24 76 509 509 509 
321 359 
41 184 184 508 
141 153 358 358 358 503 

218 218 271 
186 186 
81 81 98 165 261 261 495 
62 253 369 425 428 

140 140 140 407 407 
339 339 339 339 339 385 385 413 413 
180 180 264 264 385 

315 315 


46 119 271 271 333 333 333 333 333 381 381 403 403 403 408 452 470 
182 
122 


69 147 147 173 
52 
27 76 104 104 104 459 459 509 
67 506 
85 
314 314 314 481 
8 8 196 
432 
402 402 
27 27 76 310 310 310 456 
5 5 31 41 71 76 76 151 184 184 256 271 273 291 314 314 319 319 396 450 450 
12 112 112 184 184 
184 236 267 267 
26 431 431 496 
38 193 244 325 325 325 466 503 
61 61 289 323 495 
229 
76 
65 66 66 66 193 413 
182 442 
308 410 
269 303 415 
104 184 184 
181 181 496 
152 169 169 169 442 442 
330 
87 221 

106 106 197 449 
186 
154 233 250 250 271 408 408 442 505 
233 234 234 271 
222 
53 53 56 225 225 
140 267 267 
146 146 

0 46 46 46 46 64 64 133 339 339 395 408 408 
196 318 
75 302 415 415 432 
314 
264 264 333 333 334 413 413 
198 198 
48 124 124 215 434 
474 474 
22 81 81 81 82 121 121 121 130 142 296 296 296 305 414 421 421 506 
168 168 
271 271 
227 
458 474 474 
495 
381 
354 465 465 

228 228 317 317 


99 99 250 271 288 
206 219 352 352 
339 339 339 
6 182 195 453 
239 

175 179 332 332 
26 87 150 158 233 271 294 294 306 339 374 374 381 381 437 470 470 

76 76 76 209 276 364 

271 287 287 287 
8 8 35 35 45 45 45 72 72 72 74 76 76 92 92 92 119 119 132 141 141 141 155 168 174 175 182 193 209 209 222 242 286 314 317 317 333 333 362 385 385 448 455 494 
22 22 108 177 389 
57 57 93 93 177 177 184 184 230 236 236 236 303 365 383 383 432 432 


80 112 117 

40 136 192 441 441 
22 22 281 298 389 389 506 
196 
76 292 292 

241 330 
291 
219 282 
71 71 159 159 330 
319 319 
62 62 235 235 
357 357 440 440 496 
192 236 236 351 383 415 415 

215 215 215 314 314 387 

22 474 
408 
56 79 236 
45 45 
76 76 76 431 431 
1 5 85 85 98 98 420 420 475 
271 363 368 368 374 468 468 
1 5 
59 182 

56 191 191 

17 128 413 
280 372 467 
41 41 156 156 354 354 460 460 
116 
145 148 339 
271 404 
4 4 124 219 232 
167 167 314 314 413 
5 76 353 491 491 
41 41 
393 
47 346 346 
211 236 236 450 450 
22 22 

63 63 

85 85 184 184 396 396 
54 72 358 
215 314 449 
123 442 442 
159 511 511 
339 408 408 474 474 474 
101 170 
273 475 

56 56 191 191 191 191 191 388 388 393 393 436 470 470 470 487 
85 85 273 441 472 
496 496 
159 159 

193 
108 
349 
305 305 
30 30 222 
309 309 
39 302 
120 120 234 315 315 315 489 489 
29 29 235 474 
223 223 223 
31 120 120 120 486 486 
84 184 184 
126 185 456 456 
156 
3 
128 128 243 413 
329 359 394 
32 32 100 100 197 240 240 240 357 367 431 476 476 
22 115 

182 
193 193 


325 358 
5 88 88 
212 212 212 374 
347 389 421 
104 
5 5 75 99 105 119 151 158 158 158 198 198 324 
27 76 295 295 322 322 322 346 

159 469 469 
