nodes: 512 edges: 1588
381 381 381 
85 85 85 85 441 
28 91 91 91 92 111 111 183 183 183 189 242 260 260 260 
5 142 271 493 493 493 
454 
3 48 48 50 50 88 88 184 184 198 225 255 279 280 280 280 354 354 400 441 441 441 443 443 443 456 508 508 508 
195 195 195 195 
233 233 
196 224 224 224 313 313 313 350 350 
203 203 271 298 
240 240 240 476 496 
264 264 
184 184 184 184 202 355 
76 76 118 118 118 118 229 229 229 
117 184 
16 16 182 182 184 184 184 444 444 
15 15 184 184 
448 448 448 448 448 
85 85 85 85 85 
104 104 287 
102 102 102 102 428 
31 
108 108 115 389 389 389 421 436 436 436 436 461 461 497 497 
171 171 176 176 290 290 
173 225 
346 408 
158 408 408 
122 122 122 346 346 353 353 353 353 509 
2 178 
487 487 
180 181 181 222 222 483 483 
21 155 155 172 172 184 243 243 243 315 354 354 354 
496 496 496 496 496 
192 
184 
210 210 210 222 222 309 413 413 
106 
406 415 415 
118 326 358 
62 159 159 166 206 206 206 206 219 241 267 267 330 402 402 405 477 
67 67 67 67 67 249 
85 85 137 137 151 151 156 160 160 160 184 324 324 354 399 445 450 450 457 457 457 
321 321 321 
193 193 193 
137 214 214 214 
76 358 413 439 439 439 
64 339 381 381 381 
76 76 346 346 459 459 
5 5 
236 236 420 
5 5 58 255 400 
292 292 354 435 
116 345 345 380 
225 225 377 377 377 377 
109 299 501 501 501 
236 
191 191 236 236 304 377 438 474 474 487 
415 
50 294 397 397 
192 192 
201 
381 381 381 381 
39 241 241 430 
383 383 
46 287 287 381 381 
193 193 362 362 362 416 416 416 
362 362 362 
40 40 40 40 40 192 281 298 347 421 
169 179 296 296 296 
236 
184 246 258 259 259 259 259 
330 330 354 428 428 
208 251 251 251 466 466 503 
94 315 315 
76 76 413 413 
383 463 463 508 508 508 508 
13 13 45 47 47 74 74 78 107 109 109 109 109 109 119 184 184 186 196 199 228 242 242 292 299 299 299 314 322 322 346 353 353 354 354 354 361 413 456 456 478 509 
196 413 413 
76 
438 438 438 
314 314 
130 130 130 184 184 261 329 329 389 389 394 394 
143 143 165 389 389 
236 237 237 
85 85 118 118 312 312 348 348 
1 1 1 1 18 18 18 18 18 41 41 84 84 160 160 348 348 441 441 441 441 465 465 465 465 475 475 475 
198 198 198 254 508 
306 306 370 408 408 
5 5 504 
118 358 358 

2 2 2 189 
2 182 182 404 413 413 413 491 
177 236 236 236 236 259 415 415 415 
73 315 315 315 
276 276 276 276 314 314 314 314 
314 
171 171 290 290 
329 441 441 
320 354 401 401 401 
197 197 476 496 
148 170 170 170 170 267 267 267 267 378 471 471 
20 20 20 20 117 117 117 117 136 216 
146 379 379 425 
19 19 116 116 134 134 134 134 138 236 236 236 236 237 237 237 346 507 507 
184 372 431 508 
36 117 190 190 190 372 
76 
22 22 115 115 115 331 331 331 331 331 480 480 
54 76 76 76 76 76 462 
176 211 247 401 401 401 
2 2 182 182 234 234 234 234 234 
355 355 
237 289 289 
294 294 294 294 294 
22 108 108 108 441 497 497 
52 104 104 184 184 303 303 415 415 
14 102 102 102 102 106 125 136 184 236 418 418 
13 13 13 13 38 84 84 89 292 
76 122 122 222 222 299 299 299 374 413 413 
239 239 239 486 489 489 
130 130 157 157 157 159 159 159 159 171 171 389 
27 27 27 119 119 310 341 353 353 353 438 
180 468 468 
387 454 
117 136 136 136 
185 491 491 
371 
413 448 
275 275 275 275 342 
81 81 81 121 121 389 
257 257 257 257 
413 
381 381 
104 104 104 104 354 354 380 406 406 

102 117 125 125 125 420 420 
41 41 44 
104 236 236 236 

320 320 332 332 332 332 378 
413 
3 389 389 
82 82 171 217 217 217 
282 445 
452 
103 169 
236 236 236 236 344 344 
101 191 304 304 304 452 452 452 
250 250 250 349 
408 
41 41 198 198 198 281 354 354 508 508 508 508 508 
175 175 175 262 262 364 364 368 
325 325 325 390 
374 374 
31 31 243 243 413 
41 287 287 287 492 492 492 492 
121 121 121 261 276 
26 194 194 194 246 271 271 348 408 508 508 508 508 508 
39 39 121 121 121 121 177 177 177 177 188 188 205 227 231 231 231 305 305 330 402 402 402 433 469 469 477 477 510 511 511 
41 41 41 85 85 236 272 498 
455 
208 228 228 228 

293 293 
82 329 329 329 
39 477 
220 220 455 455 
209 390 390 390 413 413 
68 146 233 233 265 265 265 296 368 368 368 368 
101 101 101 101 371 
23 23 97 97 121 121 143 290 
31 31 449 
24 
222 222 335 335 376 376 413 413 
152 152 152 262 262 262 407 
23 23 110 247 
93 159 159 159 159 283 300 414 414 414 414 415 
28 373 
68 407 407 407 407 407 
30 123 222 222 334 334 334 
30 30 216 216 216 216 
15 15 92 92 111 111 340 340 363 363 404 404 404 413 413 413 444 499 
2 2 2 260 260 304 
5 5 12 12 12 12 14 15 15 15 16 16 31 34 41 70 76 76 81 81 105 116 116 117 202 202 202 221 221 236 236 258 258 258 258 267 267 279 284 284 289 292 292 292 307 324 324 324 354 354 355 356 366 396 396 409 409 415 415 426 426 426 465 465 484 484 490 490 490 
126 473 473 473 491 
76 245 328 328 373 373 440 

159 159 477 477 477 
2 91 437 
106 106 106 372 372 
56 56 148 236 236 236 267 267 268 446 474 474 474 474 
33 59 59 67 236 236 298 298 298 298 420 
43 43 43 65 65 270 286 286 362 362 479 479 500 500 500 
158 158 158 230 230 230 230 
6 6 6 6 404 
8 76 77 215 382 422 422 
100 100 496 
5 86 86 86 151 151 151 508 
76 207 207 

60 211 415 
12 184 184 184 
9 9 
274 274 274 274 
159 
39 39 39 39 239 402 
199 199 337 337 478 478 478 
72 162 
168 328 328 413 413 413 
35 35 35 309 309 
110 201 236 460 460 
233 233 310 505 505 505 505 
338 338 338 338 
44 44 44 215 215 314 
196 214 214 387 387 387 434 434 
102 181 181 181 181 
143 143 143 
271 271 271 327 327 327 327 
39 232 274 274 427 454 454 454 510 
167 167 413 413 
184 184 370 370 370 
30 30 35 35 119 119 174 174 180 180 314 413 413 483 483 
488 488 488 488 
8 8 8 313 313 350 350 
5 24 53 53 259 377 393 419 441 458 
292 
159 257 343 
76 162 162 162 245 245 285 398 398 398 398 
13 13 13 295 295 316 360 360 360 360 
194 194 194 194 236 236 236 236 303 303 303 405 415 415 
159 159 159 
219 454 454 454 
7 7 169 169 212 212 271 271 271 310 310 374 374 374 375 375 408 505 
111 111 111 111 111 375 375 375 
430 430 430 430 487 
49 49 55 56 56 69 83 93 93 93 93 104 104 104 104 117 138 138 138 147 147 147 147 160 184 184 191 191 191 192 192 211 230 230 230 230 252 252 267 267 269 269 283 300 344 344 344 344 351 356 415 415 432 460 487 487 
83 83 104 104 104 113 
412 
120 120 120 206 306 306 306 342 342 405 405 405 
10 10 10 476 496 496 
39 62 62 425 425 425 
2 76 76 260 413 
31 31 31 155 155 311 494 494 494 
325 358 358 
186 228 228 
70 158 267 267 267 267 404 
110 176 288 288 401 
408 
40 
149 149 149 374 374 374 401 401 417 417 
72 72 72 
236 236 
330 330 
86 415 415 508 
5 50 
273 354 354 488 
131 131 131 131 227 305 305 
70 184 184 184 184 409 
70 70 70 70 93 225 
2 2 2 183 183 242 
81 157 329 329 
152 152 175 175 175 410 410 
315 315 315 315 
11 11 334 385 385 
169 169 169 
282 
39 39 101 101 101 101 184 184 191 191 236 236 246 246 246 246 268 356 356 356 378 378 378 471 471 
191 267 274 274 274 274 
236 236 365 365 365 365 415 
193 286 286 
3 9 158 158 218 218 218 233 233 233 282 282 282 287 297 297 327 327 339 354 354 354 374 375 391 391 401 401 401 401 408 412 412 427 427 427 442 442 453 
160 
256 354 472 472 472 475 475 
204 204 204 204 219 219 268 268 268 268 
129 129 129 129 
95 95 95 95 157 
338 371 415 

5 184 
5 5 5 308 449 467 
67 151 421 421 421 
144 266 271 271 271 427 427 427 
177 236 
184 184 
228 373 
193 193 270 270 
19 64 64 156 156 156 271 412 412 412 412 
247 247 401 401 401 
113 113 184 
23 23 97 97 171 480 480 
354 354 354 426 
51 51 76 118 184 184 184 226 423 423 423 
164 164 302 408 408 
58 114 114 114 114 114 397 437 
229 229 378 378 509 509 
68 68 68 169 389 389 425 425 
271 271 408 408 408 
9 67 192 192 192 192 
54 76 76 76 119 119 119 
177 236 

293 321 321 321 321 383 485 485 
116 116 230 230 230 365 365 365 415 
56 148 148 148 183 
159 159 257 257 392 392 482 482 482 
87 87 239 239 239 370 370 408 
184 354 
280 364 364 467 
35 210 210 484 484 
122 212 233 233 353 353 353 375 375 
243 348 348 348 
84 84 
8 8 8 224 224 
76 80 80 95 95 95 95 96 214 222 317 319 354 354 354 384 384 384 398 398 413 413 413 418 434 449 449 449 467 467 481 
31 73 73 94 94 94 263 263 263 263 336 336 486 486 486 486 
229 444 444 444 
314 349 398 398 413 
382 413 413 
314 354 354 429 429 
99 140 140 
42 42 42 302 302 302 302 323 323 
76 76 509 509 
321 321 359 
41 41 184 184 184 508 
153 153 153 244 358 358 413 503 503 
38 
218 218 218 218 271 271 
186 186 209 209 491 
81 81 98 165 165 165 261 261 
39 71 71 159 253 253 369 369 425 425 428 428 428 428 
108 108 108 108 108 
140 140 140 140 
339 339 385 385 385 413 452 452 
180 180 180 264 385 385 385 413 413 
174 174 
315 315 
207 207 
213 213 213 213 277 
46 271 333 333 395 403 403 408 408 427 427 452 470 470 
182 182 
122 
129 239 239 
227 
147 147 236 236 236 236 
52 52 
25 27 27 47 47 76 104 459 
67 506 506 506 
84 84 85 85 158 311 311 311 
149 317 481 481 
8 8 224 224 
236 432 432 
402 
27 27 27 27 76 76 122 122 122 310 310 310 456 456 
5 5 31 31 31 41 51 71 76 76 76 99 134 134 151 151 184 184 256 256 271 271 271 273 291 291 291 307 314 314 314 319 319 396 411 411 450 450 490 490 502 502 508 
12 112 112 184 388 388 490 
184 236 267 267 267 
367 496 
38 45 89 89 244 244 325 325 466 466 503 503 
323 495 495 495 
229 229 229 229 
76 
65 65 65 66 66 66 193 193 
182 182 442 
152 152 308 308 410 410 
269 269 269 269 303 303 303 415 
184 
357 496 496 
152 169 169 169 169 442 442 
330 330 
87 221 221 221 306 306 
127 170 277 
105 106 190 190 
178 186 186 285 
119 154 154 233 233 233 250 250 250 271 408 417 442 442 
233 233 234 234 234 271 310 310 
174 174 
53 53 53 53 56 225 393 
101 140 267 267 267 295 295 
103 103 
52 134 
0 0 0 46 46 46 61 61 61 61 64 64 133 133 395 395 
196 318 413 413 413 
63 63 75 302 415 415 432 
314 314 314 449 449 
264 264 333 333 333 334 334 334 413 

124 215 215 215 434 434 
355 355 474 474 474 
22 22 22 81 81 82 82 121 130 142 142 296 296 414 421 421 421 421 497 497 506 506 506 506 
153 168 168 168 448 
271 271 
305 305 
225 377 429 474 474 
81 81 495 
339 381 381 
184 184 354 465 465 
58 58 294 
228 228 228 228 314 314 317 317 
41 
5 50 
99 99 99 110 110 110 247 250 250 271 271 271 271 288 288 288 
39 39 159 159 159 206 352 510 
339 339 427 427 
92 182 182 182 195 246 
39 230 239 239 239 
37 134 134 
175 179 179 179 179 179 
25 26 26 87 87 150 158 233 248 271 293 293 297 297 297 306 339 339 374 437 437 437 453 453 470 
184 184 258 
262 262 364 364 
354 354 462 
238 271 271 287 287 287 287 
35 35 45 74 74 76 77 77 92 92 92 119 119 128 132 141 155 168 168 174 174 182 182 182 209 209 209 220 220 222 222 242 314 314 314 317 318 318 325 333 334 334 382 382 382 385 439 439 494 
177 177 177 177 389 
37 37 57 93 93 93 116 116 177 184 184 201 230 230 236 236 254 254 269 277 303 365 383 383 432 432 432 463 463 
65 65 65 
250 250 374 
117 117 314 
225 
49 136 136 192 441 
22 67 281 281 281 389 389 389 389 435 506 
196 196 
292 292 292 

103 241 241 241 296 296 330 330 
184 184 184 291 
219 271 271 271 282 282 282 339 339 403 403 
20 71 71 330 330 330 330 
319 319 393 
62 235 235 235 235 
105 440 440 440 440 440 
236 351 351 383 415 415 415 460 460 
159 
215 215 314 387 387 
51 421 449 449 449 
22 22 22 22 474 
189 294 408 408 408 
56 79 79 79 122 
45 45 45 413 413 
186 431 431 431 431 431 
1 5 5 5 85 85 85 85 98 98 115 225 420 475 475 475 
271 271 363 368 368 374 374 468 
5 5 5 
15 15 182 316 316 316 
41 144 
191 
464 464 464 464 464 
17 17 17 17 17 128 390 455 
172 280 314 314 314 384 384 435 435 435 467 467 467 
41 41 354 354 460 460 460 

145 148 148 148 333 333 339 464 467 
271 408 408 
4 124 219 219 219 232 232 232 
161 167 167 448 
5 76 76 353 353 
41 41 41 
225 
47 47 346 
211 211 236 432 432 450 450 450 
22 22 
109 411 
75 75 415 415 
447 447 447 447 447 452 
85 85 85 85 184 184 396 396 
72 72 358 358 
280 308 314 314 449 449 449 452 
123 123 442 
159 159 511 
339 339 408 474 474 474 474 
101 101 267 267 
273 273 273 475 475 
185 185 185 507 
56 56 191 191 191 191 388 388 388 393 393 436 470 470 470 470 
85 85 85 273 273 441 441 441 472 472 
10 100 240 496 496 496 
39 159 159 166 188 188 188 
76 207 207 207 
193 193 
108 108 290 290 
314 349 349 
305 305 305 
30 30 222 222 
184 184 309 309 488 488 488 488 
302 302 
120 315 315 315 315 489 489 
29 29 56 235 236 236 
223 223 223 223 256 484 484 484 484 
120 120 486 486 
184 184 184 354 354 355 
92 126 126 185 328 
156 156 156 156 
3 3 3 
243 243 243 413 
359 359 359 394 
10 32 32 32 32 32 100 197 240 240 357 367 367 476 476 476 
22 22 115 115 389 389 
160 
182 
193 193 193 
54 54 54 
354 354 
72 325 325 358 358 
88 
212 212 212 212 233 
347 347 347 389 389 389 389 421 
104 104 473 
5 5 5 75 75 75 75 86 105 151 151 151 151 151 158 158 158 158 158 198 254 324 354 
27 76 295 295 322 322 
159 219 402 
159 159 469 
