nodes: 512 edges: 1584

85 85 85 441 441 
28 91 92 111 182 182 183 183 183 242 260 260 
142 271 493 493 

48 48 50 50 50 50 88 88 184 184 198 198 225 225 225 255 255 279 279 280 280 354 354 441 443 443 443 456 504 504 504 508 508 508 
195 195 
233 
196 196 224 350 350 413 413 413 
203 203 218 
240 240 240 496 496 496 
264 264 
147 184 202 202 355 
118 118 229 229 229 229 229 
117 117 184 184 184 
16 16 16 182 182 184 184 444 
15 15 15 184 
390 448 
85 85 
104 104 
102 102 

108 108 108 115 389 389 389 414 414 421 421 421 436 436 436 461 461 497 497 
171 171 176 176 176 290 290 290 
225 322 
308 346 408 408 408 
158 158 357 357 357 357 408 408 
122 122 122 346 346 346 353 353 353 509 
2 178 178 178 
487 487 
181 483 483 483 
155 155 155 155 184 184 243 243 243 243 315 354 489 
184 496 496 
67 67 192 192 192 192 
184 
210 210 210 309 309 413 
106 106 106 
83 406 
90 326 358 
159 159 166 166 166 206 206 206 206 219 231 231 232 241 241 267 302 302 330 330 402 402 402 405 405 477 477 485 485 485 
67 67 67 192 192 249 
85 85 85 151 151 151 156 156 156 160 160 184 184 324 324 354 354 399 450 450 457 457 
321 321 321 
193 
137 137 214 214 214 214 
358 413 413 439 
64 339 339 339 381 381 381 381 
76 268 346 
5 5 387 
236 
5 5 5 5 58 58 58 255 400 
292 292 
116 345 345 380 
208 377 377 377 
466 501 501 
195 236 
191 236 304 377 377 377 446 446 474 
146 415 
50 50 50 397 397 
192 444 

359 359 381 381 381 
241 330 430 430 
383 383 383 463 
46 287 287 287 381 381 381 
362 362 416 416 
362 362 362 362 
33 33 40 40 40 192 281 298 298 347 347 347 
179 296 
236 344 344 
184 184 246 246 258 258 259 
330 354 428 428 428 428 428 
208 208 208 251 251 413 413 413 466 466 
128 398 398 
76 76 76 413 413 
383 383 463 463 463 508 508 508 508 
47 74 74 74 78 78 107 107 119 184 186 196 207 207 207 228 292 292 299 314 314 314 322 322 346 346 353 353 354 410 410 410 413 413 413 423 423 440 440 440 456 456 478 509 509 
196 196 413 
76 76 
236 438 438 438 438 
314 314 314 
82 130 130 130 184 184 184 261 276 289 289 329 389 394 
81 143 143 165 389 389 
37 236 236 237 237 237 
85 118 118 118 348 
1 1 1 18 18 41 41 41 84 160 160 348 348 441 441 441 465 465 475 475 475 475 
198 254 254 508 
306 370 370 408 408 408 
5 5 295 504 504 
118 303 358 358 
38 
2 189 189 189 189 
2 182 182 182 182 404 404 413 413 413 
177 177 236 236 236 236 259 415 415 415 

276 276 314 314 
224 224 224 224 314 
171 171 290 290 
223 441 441 441 
354 354 401 401 401 508 
197 
170 170 170 170 170 195 267 267 471 471 471 
20 20 136 136 216 216 216 
146 379 415 
19 19 116 116 116 116 134 134 138 138 236 237 237 237 237 346 
431 431 431 
36 36 36 190 190 190 190 
76 76 
22 22 22 115 115 331 331 414 414 480 480 480 
462 483 
176 247 247 401 401 
2 182 234 234 234 234 
355 355 355 418 
184 237 
294 294 367 367 367 
22 108 108 461 497 497 497 
52 104 104 104 104 184 303 303 303 
14 14 125 125 136 184 236 236 418 418 418 
13 13 84 84 84 89 292 
76 122 122 207 222 299 299 339 374 
239 239 239 239 239 486 486 489 
130 157 157 157 157 159 159 159 159 171 171 171 389 389 389 
27 27 27 119 119 222 310 341 353 353 438 
468 468 
154 454 454 
117 117 136 

371 
73 413 494 494 494 494 
275 275 275 275 
81 81 81 121 389 
257 257 257 257 
413 
381 381 
104 104 354 380 380 

102 102 117 125 
44 44 184 
104 104 164 164 236 236 461 

320 320 332 332 332 378 378 
413 413 
3 143 
82 82 142 217 217 
282 445 
319 452 
57 103 169 379 379 381 
12 236 344 344 
191 304 452 452 452 452 
250 250 
248 248 408 
41 41 41 198 198 214 354 508 508 
292 292 292 364 368 368 
325 325 325 390 390 
124 211 374 374 
31 31 31 31 243 243 243 413 413 
41 41 41 287 287 287 492 492 
121 121 121 121 261 
26 26 194 194 194 246 271 271 408 508 508 508 
39 39 121 121 121 121 177 177 177 188 205 205 227 227 231 231 305 305 330 402 428 428 433 469 477 477 510 511 
41 41 85 85 272 312 312 
390 
208 228 228 322 322 322 

138 138 293 293 293 
82 329 329 329 
39 39 39 477 
220 455 455 
209 209 390 390 
146 233 233 238 265 265 265 296 296 296 368 
101 101 101 101 101 217 272 371 371 371 371 371 471 471 
23 23 97 97 121 121 121 184 290 290 290 
449 
344 
222 335 376 376 
262 373 407 413 
23 23 23 110 
93 93 159 159 159 283 300 414 414 414 414 414 415 415 
28 28 28 183 
68 407 407 407 
334 334 
30 216 216 216 216 
2 2 15 15 92 92 92 92 111 220 340 340 385 404 404 413 413 444 444 499 
2 2 2 178 260 
5 5 12 14 14 14 15 15 16 31 31 32 34 41 41 70 70 76 81 81 81 113 116 117 137 171 202 202 213 221 221 236 246 246 258 260 260 265 267 267 279 279 284 289 289 292 307 315 324 345 345 354 354 366 396 396 409 409 415 415 465 484 488 488 490 490 
473 473 473 491 491 
76 245 245 328 373 440 
382 382 382 
159 477 
91 91 91 91 
106 106 106 106 372 
56 148 236 236 267 267 268 268 446 446 474 474 
33 33 33 33 40 40 59 67 236 236 281 298 298 298 298 420 
43 270 286 286 286 362 500 500 
158 158 158 230 230 230 230 
6 6 55 101 404 404 404 
8 8 76 77 77 200 200 215 350 373 373 422 
100 496 
5 5 86 151 151 386 508 508 
207 207 
196 196 
211 211 415 
12 12 184 184 
9 9 
274 274 
159 159 
39 39 39 39 402 
76 76 76 119 199 199 337 478 478 478 
53 72 72 72 162 
168 168 328 328 410 413 
35 35 35 309 
154 201 201 
310 505 505 505 
184 338 338 338 338 
44 44 44 44 151 215 314 314 314 
196 214 314 314 387 387 387 434 434 434 434 467 
102 102 102 181 181 181 181 
143 143 170 
9 271 271 271 327 327 
39 402 427 454 
167 182 413 
184 184 370 370 370 370 370 
119 122 174 314 314 314 413 413 
98 488 
8 96 96 96 96 313 313 350 350 350 
5 5 5 24 259 259 377 377 377 377 419 458 
292 
159 159 343 343 
76 162 162 398 398 398 398 398 
13 13 13 13 13 295 360 360 
194 194 194 194 236 236 303 303 405 415 
39 39 159 159 267 267 267 267 391 
39 454 454 
7 169 169 238 310 310 374 374 374 375 375 408 
111 111 111 111 296 375 375 486 503 503 
430 430 487 
49 55 56 69 79 83 83 93 93 93 93 104 117 117 138 138 147 184 191 191 192 192 230 230 249 252 267 267 267 269 269 269 275 275 278 278 278 283 300 300 300 344 344 351 356 415 415 432 432 432 460 460 487 487 
83 83 83 104 104 104 104 113 
169 233 
120 120 120 120 120 306 306 306 342 405 
10 10 10 476 496 
39 39 62 425 425 425 425 
2 260 260 260 260 413 413 413 
31 31 31 31 155 155 155 413 494 
325 325 358 358 358 
186 186 
70 70 158 184 184 267 281 404 
110 110 288 288 
150 150 408 408 408 
40 236 
149 149 374 374 401 401 401 401 
72 72 
236 
330 330 
86 86 415 415 508 
5 5 50 
273 273 354 354 
131 131 131 131 305 305 
70 70 184 409 
70 93 225 225 
2 2 183 184 184 242 242 242 242 
81 157 329 329 329 
175 410 

11 11 334 334 
169 169 169 184 

39 101 101 184 184 191 191 231 231 231 231 236 236 236 246 268 268 274 356 356 356 378 378 378 378 471 
47 191 191 267 267 274 274 285 
236 236 236 365 365 365 365 415 
193 286 
3 158 158 218 218 218 282 282 282 287 297 297 339 354 374 374 375 375 391 391 401 401 401 401 408 408 408 412 442 442 453 
160 170 
256 256 354 472 
204 204 267 268 268 402 
129 129 129 129 236 236 
81 95 95 383 
415 
236 236 236 
5 5 184 184 331 
5 5 449 449 449 467 467 
67 192 246 298 421 
144 271 271 271 284 427 
177 236 415 
184 282 
268 373 
193 193 193 270 
64 64 64 156 156 156 271 412 412 
247 247 401 401 401 
81 81 184 184 359 
23 23 23 97 97 171 171 171 480 480 
354 354 354 354 426 
51 51 76 76 118 152 152 152 184 226 364 423 
164 164 164 408 408 
114 114 397 397 
88 229 378 378 378 378 509 
68 169 169 169 234 389 389 425 
271 271 408 408 408 
67 67 192 192 192 192 281 
76 119 119 494 
177 236 236 236 
339 
39 39 321 321 485 485 
89 116 116 116 230 230 365 365 415 415 
56 148 
159 159 257 257 392 392 392 482 
87 239 239 239 370 
184 354 354 465 465 
25 364 364 364 467 
35 35 210 484 484 
122 212 233 233 375 375 375 
348 348 
160 160 
224 224 
76 76 76 80 80 80 95 95 96 214 214 214 215 215 222 222 222 317 317 349 354 354 398 398 413 413 449 449 449 455 455 467 467 467 
31 184 336 336 486 486 486 486 
444 
314 314 349 398 398 413 413 
382 
145 429 429 
140 140 357 
42 42 42 302 302 323 323 
24 76 76 162 162 162 509 509 509 
321 321 359 
41 41 184 508 
153 153 153 244 244 
38 
218 218 
186 209 209 
81 165 165 165 261 261 261 495 
39 39 62 71 159 253 253 369 369 425 425 425 425 425 428 428 
108 108 279 406 
140 140 140 407 407 407 
339 339 339 385 385 413 452 452 452 
180 180 264 264 385 385 413 
174 
315 315 
207 
213 213 213 213 415 
46 46 46 119 271 301 333 333 333 403 403 403 408 408 408 427 427 427 452 452 470 470 470 
182 182 
122 
239 
227 227 
69 69 147 147 173 236 236 447 447 
52 52 184 184 
25 27 27 27 47 76 76 104 459 
67 67 67 506 506 506 
84 85 85 311 311 
314 317 371 481 481 481 
8 8 196 224 224 224 
236 432 432 
477 
27 27 27 76 76 122 122 456 456 456 
5 5 31 41 41 71 76 99 99 134 151 184 184 256 256 271 273 291 291 291 291 307 307 314 314 396 411 411 450 450 490 490 502 508 
12 112 112 112 388 388 388 388 490 490 
236 267 267 267 
26 26 26 26 320 367 
38 45 89 89 244 244 244 466 466 503 
61 61 289 323 385 495 495 
229 229 

65 65 66 66 66 66 193 413 413 
442 
152 292 308 308 308 410 410 410 
269 269 269 269 303 303 415 
184 
114 114 114 357 496 
152 152 169 442 442 442 
330 330 
87 87 221 221 221 221 221 306 
127 170 170 170 170 170 349 
190 449 
175 186 196 196 285 
119 154 154 233 233 233 250 250 271 271 408 408 408 417 417 442 442 505 
233 233 234 234 271 271 310 310 310 
174 174 
53 53 53 56 56 56 225 225 225 225 393 
140 140 267 267 267 267 295 295 295 295 
103 146 146 
52 134 134 
46 46 46 46 61 61 61 64 64 64 133 133 146 395 395 395 408 408 408 
187 187 187 318 
63 63 63 75 75 276 415 415 432 
449 449 
182 333 333 334 334 359 413 413 
198 
48 215 215 215 434 434 
355 355 355 355 474 474 474 
22 22 22 81 82 82 121 121 121 130 296 296 414 421 421 421 497 506 506 
17 153 153 161 168 168 
231 271 271 
305 305 305 
377 474 474 474 474 
81 495 
381 381 381 
184 184 354 465 465 465 465 
58 58 294 294 
73 73 228 228 228 228 228 314 314 317 317 
41 
50 
99 99 99 110 110 250 250 250 250 271 271 271 271 288 288 288 
39 39 39 159 206 219 274 510 
339 339 339 427 
92 92 182 182 195 195 195 246 453 
39 39 230 239 
37 331 
175 179 179 179 332 332 332 
25 25 25 26 26 87 87 87 150 158 233 248 248 248 271 271 271 293 293 297 297 297 339 339 339 374 374 374 381 381 381 437 437 437 453 453 453 453 470 470 470 
184 184 258 
76 76 76 209 262 364 364 364 
354 354 462 462 462 462 
271 287 287 458 
8 8 8 35 45 45 72 72 72 74 74 76 76 76 77 92 92 92 128 132 141 141 155 155 175 182 182 209 220 222 222 242 242 242 243 314 314 317 317 333 334 362 362 385 385 439 448 448 455 455 494 
22 22 108 108 177 177 177 177 177 389 
57 93 93 93 103 177 177 184 184 201 230 236 236 254 254 269 277 283 303 303 338 365 383 383 432 432 463 463 
65 65 
374 374 
112 117 117 117 
225 
192 
22 22 22 281 389 389 389 435 506 506 
196 
76 76 292 

241 241 241 241 296 330 330 330 330 330 
291 
219 282 339 339 339 403 
71 71 71 71 71 159 159 330 330 
319 319 
62 62 235 235 
105 105 105 440 440 440 496 
236 236 236 351 351 383 415 415 460 460 
159 
215 215 215 215 387 387 
421 449 
22 22 22 474 474 
408 408 408 
79 79 79 79 122 
45 413 
76 76 76 186 431 431 431 
1 1 5 85 85 85 98 98 98 475 475 475 475 
271 271 363 368 368 368 374 374 468 
5 5 5 
15 59 182 182 316 
144 
56 56 191 191 
344 344 464 464 
17 413 413 455 455 455 
172 280 280 280 314 314 314 372 384 384 435 
41 41 354 354 460 460 460 462 

145 148 148 148 148 333 333 333 339 339 464 467 
271 404 408 408 408 408 
124 124 219 232 232 
167 167 314 314 413 413 448 448 448 
5 76 76 353 353 353 491 491 
41 41 
225 412 
346 
236 236 432 432 450 450 450 
22 22 115 138 497 
109 411 411 411 411 450 
63 75 75 75 415 415 
447 447 452 
85 85 184 307 307 396 396 396 396 
54 72 72 358 358 
215 280 280 308 314 314 314 452 
123 123 442 
159 511 511 
339 339 339 408 408 408 474 474 474 474 
101 101 101 170 170 267 
273 475 475 475 
185 185 185 507 
56 191 191 388 388 388 393 393 393 393 436 436 470 470 470 470 487 487 
85 85 85 85 441 441 441 441 472 472 472 
240 496 496 
39 39 159 159 166 188 352 
76 207 207 207 

108 108 108 290 290 
349 349 349 
305 
30 30 30 109 
184 309 309 488 488 488 
39 39 39 302 302 
120 120 234 315 315 315 315 489 
29 29 235 236 236 474 474 
184 184 223 484 484 484 
31 120 486 
184 184 354 354 355 355 
185 185 456 456 
156 156 
3 3 
128 128 128 128 243 299 413 
329 359 359 394 
10 10 10 32 32 197 240 367 431 476 476 
22 22 115 115 115 389 461 

182 
193 193 
54 54 
354 
234 234 358 
5 5 5 88 88 
212 212 212 374 
347 347 347 389 389 421 421 
473 
5 5 5 75 75 75 75 86 99 151 151 158 158 158 198 198 254 324 354 
27 76 76 295 322 322 322 
159 402 
159 469 469 
