nodes: 512 edges: 948

85 85 85 441 441 443 
91 91 111 189 
271 
327 454 454 
34 34 50 88 198 225 273 273 279 400 504 508 508 
195 195 195 
233 233 
224 313 413 
203 203 271 
240 240 476 496 496 

147 184 355 355 

117 
182 184 
184 
448 
85 
104 104 
102 

389 414 421 421 421 436 461 461 497 
176 290 
173 322 
346 408 408 
357 357 357 408 
122 346 346 353 
183 
56 487 
180 181 222 222 483 
172 243 243 243 243 354 
496 496 
84 192 
5 5 
309 413 

415 
90 326 358 
62 62 62 159 159 159 206 206 219 219 241 267 267 402 405 
67 67 192 
85 85 151 151 156 160 160 184 324 354 399 445 450 
321 
193 193 
214 214 
76 76 358 358 439 
64 339 339 381 
76 346 459 459 


5 92 
354 
116 184 184 345 
225 377 
109 299 501 
236 267 
29 191 236 377 438 474 474 487 
415 415 
294 397 
444 

359 359 381 381 381 464 
39 39 39 288 430 
383 383 463 
46 287 
362 416 416 
362 362 
40 40 281 298 421 
296 
344 
184 184 246 259 
428 428 428 
413 
94 94 398 
76 76 76 413 
508 508 
45 45 47 74 74 74 78 109 184 184 196 199 207 207 228 228 242 245 292 299 299 299 314 322 346 346 353 361 410 413 413 423 423 423 440 456 456 456 478 509 509 509 
196 413 
76 
236 438 
314 
184 261 289 289 289 329 389 394 394 
143 389 
237 
33 85 118 118 348 490 
1 1 1 18 41 41 84 160 160 348 441 441 465 

370 408 408 
5 295 504 
358 358 
38 358 
2 2 189 189 
50 182 182 404 413 491 
177 177 177 177 236 259 415 415 
73 73 216 315 315 
276 276 276 314 
224 224 
171 171 290 290 
223 441 441 
156 401 508 
114 197 476 496 496 
148 170 170 170 267 267 378 471 
20 117 117 117 136 
146 379 
19 19 116 116 138 237 237 346 507 
431 
117 190 190 

115 115 331 331 414 
54 76 483 
401 
2 182 234 234 
355 418 
237 289 
100 294 294 294 294 367 
108 108 441 497 497 
52 104 104 184 303 415 
14 102 102 102 106 125 125 184 236 418 418 
84 84 292 
122 339 374 413 413 413 
489 
130 157 171 171 389 389 389 
27 119 222 222 341 353 353 353 353 

387 454 
117 117 136 

371 
448 448 494 
275 275 283 342 
121 389 389 
257 257 257 


354 406 

102 125 

104 164 164 461 
381 
378 
237 325 
143 
82 142 217 
282 

103 379 
12 236 344 
101 304 452 
250 
248 
41 41 198 198 281 354 354 354 508 508 508 508 
175 262 262 368 368 

374 374 

41 99 287 492 492 
121 276 276 
271 271 271 508 508 
39 39 39 177 177 188 227 231 231 231 305 305 469 469 477 510 
41 41 85 85 236 312 498 
455 
208 228 322 

138 138 293 293 293 

477 
220 220 455 455 455 
209 209 390 390 390 390 413 
233 233 238 265 265 265 296 296 368 368 
101 101 101 371 471 
97 97 121 121 184 290 
31 
24 
222 222 376 
152 262 262 407 
23 247 
93 93 93 93 159 159 283 300 300 414 415 415 
183 373 
407 407 
30 222 334 
30 216 216 367 
15 92 92 111 363 385 404 413 413 444 499 
28 178 260 260 
12 15 16 41 52 52 70 70 76 76 81 116 117 171 202 236 236 246 258 258 258 258 260 267 267 279 279 289 345 354 355 355 396 409 426 426 426 465 484 484 490 490 496 
473 473 491 491 
245 328 328 328 373 373 
382 
159 477 
2 91 91 
106 106 372 
56 236 267 267 446 446 474 474 474 
33 40 236 236 236 281 281 298 420 432 
43 43 270 286 358 358 362 362 413 413 479 
230 230 230 
6 6 6 236 236 404 
76 77 215 350 373 422 
100 
5 151 151 386 
76 207 207 

211 415 
184 
9 9 
267 274 274 348 

39 39 
76 76 199 199 478 
162 
168 168 413 
309 385 
201 236 
233 233 505 505 
338 338 338 358 
44 44 215 314 
196 214 314 387 434 
94 181 181 
143 
271 327 327 
39 39 274 274 402 454 
167 167 413 

30 30 122 122 174 174 180 483 
98 488 488 488 
8 96 96 313 313 350 
5 53 259 377 441 458 

159 257 343 392 392 
76 76 162 245 398 

194 194 194 303 415 415 
159 159 159 
454 
7 7 169 169 212 212 271 271 276 310 310 375 
111 111 296 375 503 503 
388 430 430 430 
55 56 79 93 117 147 160 184 184 191 192 192 192 195 195 211 252 267 269 278 300 356 415 438 460 487 
83 104 104 113 141 
169 
306 342 342 342 
10 10 
39 
76 260 260 413 
31 31 31 31 311 413 494 494 494 
325 
76 186 228 
70 184 267 281 
176 288 
150 408 

149 374 417 

236 
330 


354 
131 131 131 227 305 
184 184 184 184 
70 93 225 
183 183 184 242 242 
81 
152 152 175 175 410 
315 315 315 315 
334 385 
169 169 169 

39 39 55 101 101 184 184 191 191 204 236 246 268 268 274 378 
267 267 274 274 
236 365 365 415 415 
193 
3 9 158 158 158 218 233 233 297 327 339 354 391 391 391 401 408 408 412 

5 5 354 475 
204 204 219 219 267 268 268 
129 129 
95 95 95 157 157 233 410 
338 
236 
5 184 184 
467 
67 151 192 192 246 421 421 
144 
129 177 


193 413 
64 156 412 
62 247 401 401 
81 81 81 113 184 
23 97 97 171 480 480 
354 354 426 426 
76 118 364 423 
164 164 164 
58 114 114 114 114 397 397 
88 323 378 378 509 509 
68 169 169 234 389 425 425 
271 408 
67 192 
54 76 76 76 
177 177 236 

321 321 321 321 463 
116 230 365 365 415 
148 
159 159 257 392 392 392 482 
239 408 
354 
364 364 467 467 
35 210 484 484 484 
233 233 353 353 353 
243 348 
160 
8 224 224 
76 80 95 214 215 349 354 384 413 413 413 449 455 455 467 481 
94 94 263 263 263 263 336 336 
444 
398 413 

429 429 

42 302 302 302 302 323 
24 76 162 
295 321 
41 
141 244 358 
38 
4 218 218 271 
186 186 186 491 
81 
253 369 425 425 428 
108 108 
407 413 413 
339 339 385 413 
180 264 
448 
315 315 

213 213 213 277 
46 46 119 271 333 333 381 381 395 403 408 427 427 452 452 470 

122 
129 239 239 239 
227 
69 147 447 447 
52 184 
25 27 27 47 76 76 104 459 
506 
84 85 204 311 
314 
196 224 
432 432 

27 76 122 122 122 122 310 310 310 456 456 
31 41 51 134 151 151 151 184 256 271 273 291 291 307 314 426 450 450 508 
12 12 112 184 184 388 388 490 
236 
26 26 26 431 431 
38 45 45 89 89 90 193 193 213 325 466 466 500 
61 61 

76 
65 66 66 193 193 
182 
292 308 308 410 
269 269 303 303 

114 181 496 
152 152 169 169 
330 
87 
127 170 396 
190 449 449 
178 186 186 196 
119 154 154 250 417 442 442 
233 234 
174 
53 56 225 
101 140 267 295 295 
103 146 

46 61 61 61 139 339 339 395 408 
187 
63 63 415 
314 449 
182 210 264 333 413 
198 
124 215 434 434 434 
235 355 355 474 474 
22 81 82 121 121 121 130 130 296 421 421 497 497 506 506 
168 168 168 168 448 
271 271 271 
227 227 305 305 305 
429 458 474 474 
81 81 495 
339 381 
184 371 465 
58 294 294 
73 228 317 
41 
5 
99 110 271 288 288 
39 219 
339 
92 182 195 
39 
134 
175 179 179 332 413 
25 25 26 87 87 248 271 271 297 306 339 381 437 437 453 453 470 
184 
76 262 276 364 

271 287 
8 35 72 74 76 76 77 92 119 119 119 168 182 182 193 193 209 220 242 243 286 314 314 314 317 332 332 333 385 407 439 448 448 455 494 
22 108 177 
37 57 57 93 93 116 177 177 201 230 230 236 269 269 303 383 432 463 463 
65 65 
250 374 
112 117 117 

192 441 441 
22 22 22 67 281 281 389 389 506 
196 
76 76 76 292 

296 296 330 330 
184 184 184 291 291 354 
339 339 
71 71 71 330 
319 319 393 
62 235 235 235 
105 357 357 496 496 496 
192 351 351 415 460 

215 387 387 387 

22 474 
408 408 
56 79 236 
45 413 
76 
1 1 85 85 98 98 115 225 420 420 475 
374 374 
1 
59 182 316 
41 
191 191 
344 344 464 
17 128 128 335 390 413 413 455 455 
314 372 372 384 467 467 
41 354 354 460 462 

148 339 339 464 
408 408 
4 4 124 219 232 
161 167 167 167 314 314 413 448 448 
76 76 76 353 353 491 491 

225 393 
47 47 346 
236 432 450 
22 22 138 
450 
63 302 415 415 
61 447 452 
85 184 396 
358 358 
280 308 308 314 449 449 

159 159 511 
339 408 474 474 
101 170 
475 
185 185 507 
56 56 191 191 191 388 388 393 393 436 470 470 487 
273 441 472 
10 100 496 496 496 
159 166 188 
76 207 
193 
290 290 
314 
305 
30 109 222 
184 184 309 309 309 

489 
29 56 236 474 
223 223 223 
120 486 
84 184 184 355 
92 185 185 328 456 456 
156 156 

128 243 243 243 413 
394 
10 10 32 32 100 100 184 367 431 431 431 476 476 476 
22 115 115 389 389 
160 
182 
358 
54 

234 234 
5 88 
212 212 
347 389 389 421 
104 473 
5 5 75 75 99 151 151 151 151 158 158 354 
76 76 76 295 295 
159 
469 
