nodes: 512 edges: 967
381 
85 441 
28 28 111 182 183 183 260 
271 271 493 493 

50 50 184 184 198 198 225 280 280 354 354 400 441 441 443 443 504 508 508 508 
195 

196 196 350 413 
218 298 
240 496 
264 264 
147 184 202 355 355 355 
76 118 229 
117 
16 16 184 184 444 444 
15 15 184 
448 448 
85 85 
104 
102 428 444 

108 389 389 421 421 421 436 436 436 461 497 
171 290 

308 408 408 
44 158 158 357 408 408 
122 122 122 346 
2 2 178 178 
56 56 487 
180 181 222 483 
155 172 172 243 315 354 486 486 
496 496 
67 192 192 192 

210 309 413 

83 

62 62 159 159 206 219 231 231 232 241 267 302 302 330 330 405 405 
67 192 
85 85 85 137 151 156 184 184 354 354 445 450 
321 321 

26 214 214 
76 76 358 358 358 413 413 439 
64 339 339 381 381 381 
76 346 

420 
5 5 

184 184 345 
377 377 
109 299 466 501 
267 
29 29 191 236 236 236 474 474 474 

397 
192 

381 381 
39 39 241 288 330 
383 383 
46 287 287 287 381 
416 
141 362 362 
33 40 281 298 298 
179 296 
344 344 
184 246 246 258 258 259 
330 428 
208 251 325 413 466 
94 398 398 
76 76 76 413 413 
383 463 508 508 
13 45 45 47 74 74 74 119 184 184 186 186 196 196 228 228 229 229 242 245 245 292 292 299 299 314 314 346 353 354 354 360 413 423 423 440 456 459 
196 413 413 413 

438 438 

82 130 130 130 184 184 184 261 261 289 289 329 389 389 389 394 394 
81 143 389 389 389 
37 230 236 236 
85 118 312 348 348 348 425 
1 18 18 41 41 41 84 160 348 441 441 465 475 
198 198 254 508 508 
412 

358 

189 189 189 
182 182 413 413 491 
177 177 177 177 236 236 236 415 415 415 
73 
314 314 314 314 
224 224 

441 441 
320 354 401 
476 496 
170 195 195 
20 117 117 117 136 216 216 
146 379 379 425 425 
19 116 116 134 134 236 236 236 346 346 507 
184 431 431 508 
117 190 372 

22 115 115 115 414 480 480 
54 462 483 
176 211 247 401 401 
2 182 


294 294 367 
108 108 108 497 
104 104 184 184 184 303 415 415 
14 102 102 102 106 184 184 184 236 236 418 418 418 
13 84 
76 122 222 222 222 237 339 374 413 413 
239 486 
130 130 157 159 159 171 389 
27 27 27 119 222 222 353 
180 468 468 
387 
136 
185 491 

494 494 
275 342 
81 81 81 121 121 389 
257 

381 
104 104 354 354 406 

102 125 
41 184 
164 236 461 

170 378 378 
66 413 
165 389 
82 171 217 
282 

103 169 379 449 
12 236 344 
191 304 304 452 452 
250 

41 198 198 354 354 508 508 
175 175 292 292 368 368 
325 325 390 390 

31 243 243 413 
41 492 
121 261 
26 26 271 271 348 508 508 
39 39 121 121 177 177 205 205 231 330 402 428 428 511 
85 236 272 498 498 

208 228 322 322 322 

138 
142 
477 477 
220 220 455 
209 209 390 413 
146 233 233 265 296 368 368 368 
101 140 371 371 471 
23 121 143 290 
31 31 
344 
376 376 413 413 
152 152 262 262 262 407 413 413 
110 
93 93 93 93 159 159 300 300 415 415 
28 28 373 
68 407 
30 123 222 222 334 334 
30 216 367 367 
2 92 92 111 220 340 404 413 444 444 499 499 499 
2 2 260 260 260 
5 5 12 15 15 16 41 41 52 52 70 76 76 81 81 81 105 116 116 116 117 117 117 137 202 202 236 236 236 258 258 265 267 267 267 284 284 289 292 292 307 315 324 345 354 354 355 396 396 409 409 415 488 496 
126 473 491 
76 76 245 245 440 440 
382 382 382 

91 91 91 437 
106 372 372 372 
56 148 236 236 267 267 267 446 474 474 474 
33 33 33 40 59 236 236 298 298 
270 358 413 413 479 500 
230 
6 101 101 404 
8 8 76 76 77 200 215 382 

5 5 86 86 151 151 386 508 
207 
196 
211 211 415 
12 184 184 

267 
159 159 
39 402 
199 478 478 
72 162 
168 168 413 
35 
110 201 201 
233 505 505 505 
338 338 358 
44 44 215 
196 214 387 434 
102 102 181 
143 
9 271 327 327 
39 427 454 454 
167 167 182 413 413 
370 
30 119 119 119 122 122 180 180 314 314 413 

96 96 313 350 
5 377 419 441 458 458 

257 392 
76 76 162 245 245 398 
13 76 76 360 360 
83 194 236 303 415 415 
39 39 159 267 267 391 
39 454 
169 169 212 238 276 375 408 
375 503 503 
430 430 
56 56 56 83 83 93 93 93 104 104 104 117 117 138 147 160 184 184 184 191 191 192 192 230 252 267 267 269 356 415 415 460 487 
119 
233 412 
120 306 306 306 
10 
39 62 425 432 
76 260 260 413 413 
31 155 155 311 413 413 494 
358 
76 76 186 186 228 228 
70 70 267 267 267 
110 
408 408 

149 401 
72 
236 
330 
86 

273 
131 227 
70 70 184 184 409 
70 
2 183 183 183 242 242 
81 81 157 
175 175 175 
315 315 315 315 
11 11 385 
169 184 

39 55 184 184 184 191 191 191 204 231 231 236 236 246 246 246 268 356 356 378 378 471 
267 274 285 
236 365 
193 286 286 
3 3 158 158 218 297 297 354 354 354 374 374 391 401 427 427 453 
160 
256 354 354 472 472 475 
268 
129 
233 383 



5 5 308 308 449 467 
67 421 
144 

184 184 
268 
270 270 
64 64 64 412 412 
62 
81 81 184 
23 171 480 
354 354 354 354 426 
76 76 152 152 184 184 364 423 444 
408 
114 114 
378 378 509 
68 169 389 425 
271 271 408 
9 67 67 192 192 
54 76 76 494 
177 177 

39 39 
116 230 365 365 365 415 415 
148 148 
392 392 392 482 482 
239 239 239 370 408 
184 396 
25 280 280 467 467 
35 484 484 

243 348 348 
84 
224 
76 76 95 95 95 95 222 222 317 354 354 398 398 413 413 413 418 418 434 449 449 455 455 467 481 
31 184 263 263 263 263 486 486 

314 398 413 

354 
99 
42 42 323 
162 162 162 
321 359 
184 508 
72 153 153 413 503 

218 218 

81 
39 39 62 71 159 253 425 425 

407 413 
339 339 339 385 385 413 452 452 
180 180 385 413 



213 213 
46 46 119 333 333 333 403 403 408 408 427 452 452 470 
182 

129 

69 69 147 173 447 
52 184 
27 47 76 104 104 459 

84 84 84 85 158 311 311 
481 
8 224 
432 
402 402 402 
76 122 456 456 
5 5 31 41 41 76 76 99 134 134 151 151 184 184 271 271 271 273 273 291 291 291 291 314 314 319 411 450 502 
12 12 12 184 388 388 388 490 
236 267 267 
26 367 496 
45 45 45 89 193 213 244 466 503 
323 385 
76 229 229 

66 66 413 
442 
292 
269 303 303 303 

114 181 181 357 496 
152 152 169 169 169 442 442 

221 306 
170 170 396 
106 190 190 190 
178 
119 271 271 408 
233 234 
174 174 
53 53 225 393 
140 140 267 267 295 295 
103 103 146 

0 46 46 46 61 61 64 133 
187 187 187 196 413 
63 63 75 276 415 432 432 
449 
264 333 333 334 359 413 413 
198 
124 215 434 434 
355 355 355 474 474 
22 22 81 81 81 82 82 82 121 130 142 296 414 421 421 421 421 497 497 506 506 506 506 
153 153 168 
231 271 
227 305 305 305 
377 429 474 474 474 
81 81 

184 184 307 371 465 
58 
73 73 228 314 314 317 

5 
99 110 110 250 271 
159 206 352 352 352 510 
339 339 427 427 
182 195 
39 39 
134 
175 179 332 413 
25 25 26 26 233 248 248 293 297 306 339 339 374 437 437 
184 184 258 

354 462 
87 238 287 287 458 
8 35 45 45 72 74 74 76 77 77 77 92 92 119 119 141 155 168 174 174 175 175 182 193 193 209 220 220 222 242 242 243 243 314 314 314 317 325 332 333 334 362 382 385 385 407 448 448 455 455 
108 389 
93 93 93 116 116 177 177 184 201 230 230 236 236 303 303 383 
65 

117 117 117 314 314 
225 
49 
22 22 22 281 389 389 389 389 506 

76 76 292 

84 103 103 241 296 330 330 
291 
219 271 271 339 403 403 
20 71 159 159 
393 
235 235 
105 105 440 440 
241 351 383 383 460 460 

215 314 387 387 
449 
22 22 22 474 
189 408 408 
79 79 
45 
76 186 186 431 431 
1 5 5 85 85 98 98 225 475 475 
363 368 368 
5 5 
15 15 20 182 182 292 
41 
191 
344 464 464 
17 17 413 413 
146 280 314 314 384 435 467 
41 354 462 

148 148 333 333 339 339 467 
271 
219 219 232 
167 314 314 413 413 
76 353 353 491 491 

225 225 412 
76 346 
236 432 432 
22 138 497 497 
109 411 450 
75 
447 447 
85 396 
54 72 358 
280 308 308 314 449 452 
123 123 
511 511 
339 474 474 474 
170 267 
273 273 475 
185 
56 56 56 191 191 191 388 388 393 393 393 436 470 470 470 487 487 
85 273 441 441 472 
100 496 496 
166 166 
207 207 
193 
108 108 290 
314 349 
305 305 
30 109 
309 309 488 

31 31 120 315 315 489 
29 236 474 474 
184 484 
486 
355 
92 126 185 456 456 
156 
3 3 
128 128 243 299 

10 32 32 100 184 357 367 476 476 
22 115 389 389 461 461 
160 160 
182 182 182 
193 
54 
354 
234 234 325 358 
5 
212 212 212 
389 389 389 389 421 
104 
5 5 5 75 75 86 86 105 151 151 158 158 198 324 
295 
402 
159 469 469 
