nodes: 512 edges: 1563

85 85 85 441 441 443 
28 91 111 111 182 182 183 183 189 189 
142 271 271 493 493 
454 454 
34 48 48 50 50 88 88 184 184 184 198 225 273 273 279 279 280 280 280 354 354 354 400 400 400 400 441 441 443 443 443 504 504 508 508 
195 195 195 195 404 
427 
196 313 313 313 350 350 350 413 
203 203 203 203 203 271 
240 240 240 476 496 
264 
147 184 184 184 184 202 202 355 
76 118 118 118 229 229 229 229 229 
117 184 184 
16 182 182 184 184 444 
15 184 184 
390 
85 85 85 85 
104 
102 102 102 444 
31 31 
115 389 389 414 421 436 436 436 461 461 497 497 
171 171 171 176 176 
225 
308 346 346 346 408 
44 158 158 357 357 408 408 
122 122 122 122 346 346 353 353 353 353 
2 
56 487 
180 181 181 181 181 222 483 
21 21 155 155 184 243 243 243 354 354 486 489 489 
496 496 496 
67 192 192 192 192 
5 
222 222 222 309 309 413 413 
106 106 106 
83 406 406 415 
358 358 
159 166 206 206 206 219 231 267 267 330 330 330 485 
67 67 192 192 192 249 249 
85 85 151 156 156 156 184 184 324 354 354 354 450 457 457 
321 321 
193 
26 214 214 214 
76 358 358 413 439 439 
64 64 339 381 381 
76 76 346 346 459 459 459 
5 5 
236 236 420 
5 5 58 58 58 255 400 
292 292 354 435 
184 184 345 345 345 380 
225 377 377 377 377 
466 501 
195 236 
29 191 191 236 236 236 304 377 377 377 446 446 474 474 487 487 
146 415 415 
50 50 50 294 294 397 397 
192 192 192 192 444 
201 
359 359 381 381 
241 241 330 330 430 430 
383 383 383 463 463 
46 46 287 287 287 381 
193 193 416 
141 362 362 362 
33 40 40 192 298 298 298 298 298 347 347 347 347 421 
179 179 296 296 296 
236 236 344 344 
184 246 246 246 258 259 259 259 259 259 
330 354 428 428 428 
208 251 251 251 251 413 413 413 466 466 503 
94 94 94 315 315 398 398 
76 76 413 413 
463 508 508 508 
13 45 47 47 74 74 78 107 107 107 109 109 109 109 119 184 184 184 186 196 196 199 292 299 299 314 322 322 322 346 353 353 354 354 354 360 361 361 410 410 410 413 413 413 423 440 456 459 478 509 509 
196 196 196 413 413 
76 
438 438 438 438 438 
314 418 
82 130 184 184 289 289 329 329 389 389 394 
81 143 143 389 
37 230 237 237 
118 118 118 312 312 348 348 425 
1 1 1 18 18 18 18 41 41 441 441 465 475 475 475 
198 198 254 254 
306 306 370 370 408 412 
5 5 295 504 504 
358 358 
358 
2 189 189 189 189 
182 404 413 413 491 500 
177 177 177 236 236 259 259 259 415 415 415 415 
73 73 73 315 315 
276 276 276 314 314 314 
224 224 224 
171 171 290 
441 441 
354 401 401 
114 197 197 197 476 
170 195 195 267 267 267 378 471 471 
20 20 20 117 117 
146 379 415 425 
19 116 116 116 134 134 134 134 138 138 236 236 236 236 346 346 346 507 
431 431 431 
36 36 36 190 190 372 
76 76 76 
115 331 414 414 480 480 480 
76 76 76 76 462 
176 247 401 
2 2 182 234 234 234 
355 418 
184 289 289 
100 294 294 294 
22 108 441 497 
104 104 104 184 184 184 303 415 
14 102 102 136 184 236 418 418 418 418 
13 13 13 84 84 84 
76 122 122 222 299 299 299 374 413 413 
486 489 489 
130 130 157 159 159 159 159 171 171 389 389 389 
27 27 27 27 119 119 222 353 353 353 353 353 
180 468 
387 387 454 
136 136 
185 185 491 491 
290 371 
448 448 448 494 494 494 
275 283 342 
81 121 121 
257 257 257 257 
413 
381 381 
104 104 104 104 354 354 380 380 406 406 406 

117 125 125 420 420 
184 184 
104 104 164 236 236 
381 381 
320 332 332 332 332 332 378 
66 325 413 413 
3 143 
82 82 142 171 217 
282 282 282 445 
319 
57 103 379 379 379 
12 236 236 344 466 
191 191 452 452 452 452 452 
250 250 250 250 250 349 
248 248 248 408 408 
41 198 198 214 354 354 354 508 508 508 
175 175 175 262 292 368 
325 
374 
31 31 243 243 243 243 
41 41 41 287 287 287 287 450 492 
121 276 
26 26 194 194 194 246 271 271 271 408 408 508 508 508 508 
39 121 121 121 121 177 177 177 188 227 227 231 305 305 330 402 469 511 511 
236 272 272 312 312 312 498 498 498 
390 455 
208 208 228 228 228 322 

138 293 
329 329 
39 477 477 477 
220 220 455 455 455 
209 390 390 390 390 413 413 413 
233 233 265 265 265 296 296 368 
101 217 272 371 471 
23 23 23 97 97 121 121 143 290 290 

344 
222 335 335 413 413 413 
152 152 152 262 262 262 
23 23 110 247 247 
93 93 93 159 159 159 300 300 300 414 415 415 
183 183 373 373 
68 68 407 
30 123 222 222 334 334 334 334 
30 30 30 30 216 216 216 216 367 
2 2 15 15 92 111 220 220 363 363 385 404 404 499 499 
2 2 178 178 260 260 260 
5 5 5 12 12 12 12 14 14 15 15 16 16 31 41 41 52 52 70 76 76 76 81 81 113 116 116 116 117 137 137 213 213 213 221 236 236 236 258 258 258 260 267 267 267 284 284 289 289 289 307 307 324 354 354 355 355 366 396 396 409 409 415 415 426 426 426 465 465 484 484 490 490 
126 126 473 473 473 
76 245 245 328 373 440 
382 382 382 382 
159 477 477 
2 2 91 91 91 91 437 
106 106 372 372 
56 56 148 148 236 236 236 267 267 268 268 446 446 474 474 474 
33 33 33 33 40 40 40 59 59 59 59 67 236 236 281 298 298 298 298 432 
43 65 65 270 286 286 286 358 358 362 362 479 500 500 
158 158 158 230 230 230 230 230 
6 6 6 6 55 101 101 236 236 404 
8 76 76 77 77 77 200 290 350 373 373 382 422 
100 100 100 340 
5 86 86 151 151 386 386 508 508 
76 207 207 207 
196 
60 211 211 211 415 
12 12 
9 9 9 9 9 
267 274 274 

39 39 39 
199 199 199 337 337 478 
72 162 162 
168 328 410 413 
309 398 
201 201 201 460 
233 233 310 310 310 505 505 505 
184 184 184 338 338 338 338 
44 44 44 151 314 314 
387 387 434 434 434 
181 181 181 181 
143 170 
271 327 327 327 327 
39 232 274 427 454 454 454 510 
167 167 182 182 413 
184 370 370 
30 35 35 35 119 122 174 180 180 314 314 376 413 413 413 483 483 
488 488 
96 96 96 313 350 350 
5 24 53 259 377 377 377 393 419 441 458 
292 
159 159 257 257 343 343 343 392 392 392 
162 162 162 245 
13 13 13 13 13 295 360 
83 194 194 194 194 194 303 415 415 415 
39 159 267 267 267 
219 454 454 
169 169 212 212 238 238 271 271 310 374 374 375 
111 111 111 375 375 375 375 503 
430 430 430 
49 49 55 56 56 56 69 69 93 93 104 104 104 104 117 138 138 147 147 160 184 184 184 191 191 191 192 192 195 195 249 252 252 252 267 267 269 275 275 278 283 300 300 344 351 356 415 415 460 487 
83 83 
233 233 412 
306 342 405 405 
10 10 10 476 476 496 496 
62 62 425 
260 260 260 
31 31 31 155 155 155 155 311 311 413 413 413 
358 358 
186 186 228 
70 70 70 158 267 267 267 267 
110 176 176 288 401 
150 150 150 408 408 412 
40 40 236 
149 149 149 149 149 374 374 401 401 401 401 401 417 
72 72 72 72 
236 236 236 
330 
86 86 508 
50 
273 354 354 488 
131 131 131 131 227 227 305 305 
70 184 184 184 409 409 
70 70 70 70 70 93 93 93 225 
183 183 183 184 242 242 242 
329 329 
152 175 175 175 410 410 
315 315 315 315 
11 334 385 385 
169 169 169 
282 
39 39 101 101 101 184 184 184 191 191 204 231 231 231 236 236 246 246 246 246 268 268 268 274 356 356 356 378 378 471 
191 191 267 267 267 274 274 274 
236 365 415 
193 286 286 
3 3 9 158 158 158 218 233 233 287 297 297 327 339 354 354 354 374 375 375 401 401 401 408 408 412 412 427 427 442 442 453 
160 160 170 
5 5 256 354 472 472 475 
204 204 219 267 268 268 268 402 
129 236 236 
95 95 95 157 383 
338 371 
236 
5 5 331 
5 5 5 308 467 467 
192 298 421 421 421 
144 144 144 266 284 427 
129 236 
184 184 282 
373 
193 193 193 270 270 413 413 
64 64 64 156 156 156 156 271 412 412 412 412 412 
247 401 401 401 
81 81 113 113 184 184 184 
97 127 171 171 196 
354 354 354 354 426 
51 51 76 152 226 364 423 423 
164 302 408 
58 58 114 114 114 397 408 
88 229 323 378 378 378 509 509 
68 68 68 169 169 389 389 389 425 425 
271 271 408 408 
67 67 67 67 67 192 192 192 192 281 
76 76 119 119 119 
177 177 177 236 236 

293 321 321 321 321 463 
116 230 365 365 415 415 
56 
159 159 257 257 392 392 392 392 482 482 
87 87 239 370 370 408 
184 184 354 354 396 465 465 
25 280 364 467 467 
35 35 210 484 484 484 484 484 
212 212 212 233 353 353 353 375 375 
243 243 348 348 348 
84 84 160 160 160 
8 8 8 224 
76 80 95 95 95 214 214 222 222 317 317 349 354 384 398 413 413 413 418 418 449 455 467 467 467 481 
73 73 94 94 263 263 263 263 486 486 486 
444 444 
314 314 413 413 
382 413 
145 354 354 429 429 429 429 429 
140 
42 42 302 302 302 302 323 
76 76 76 162 509 509 509 509 
295 321 
41 184 508 
141 153 413 503 503 503 

218 218 218 218 271 
186 209 491 
81 81 165 165 261 261 
39 39 39 62 62 71 159 253 369 369 425 428 
108 279 
140 140 140 140 140 407 413 
339 339 339 339 385 385 452 452 452 452 452 
180 180 180 180 264 413 
174 174 

207 207 
213 213 213 213 277 415 415 
46 271 333 333 333 333 381 381 381 395 403 403 403 408 408 408 427 427 452 470 
197 

129 239 
227 227 227 
69 69 147 173 236 447 
52 52 52 
25 25 25 27 27 47 47 76 104 104 104 459 459 509 
67 67 67 67 
84 84 311 311 311 
149 314 481 
8 8 8 196 224 224 
236 432 

27 27 27 27 76 76 122 122 122 122 122 310 310 310 456 456 456 
5 5 5 31 31 41 41 41 51 71 76 76 76 99 134 134 151 151 151 184 184 256 256 271 271 271 273 291 291 291 291 307 307 314 319 319 396 411 426 450 450 490 490 490 508 
12 112 184 184 388 388 388 388 490 490 
236 267 267 267 
26 26 431 431 431 496 496 496 
38 38 45 45 89 89 90 193 193 244 244 503 503 
61 61 495 495 495 
76 229 
76 76 
66 66 66 193 193 413 
182 182 442 
292 308 410 410 
269 303 303 
184 
181 
152 169 442 442 442 442 
330 330 
87 87 221 221 306 306 
127 170 277 
106 190 190 449 449 
178 178 186 196 196 285 
119 154 233 233 250 250 271 408 417 442 442 442 505 
233 234 234 234 234 271 271 310 310 
222 
53 53 53 53 56 56 56 225 225 225 
101 140 267 267 295 295 295 
103 146 146 146 
52 134 134 
46 46 61 61 64 133 133 139 139 339 339 339 395 395 408 408 
187 187 187 187 196 318 413 
63 63 63 276 415 415 415 432 432 
314 449 
182 264 264 333 333 413 
198 198 
124 124 215 215 434 434 
355 355 355 355 474 474 474 
22 22 81 81 82 121 121 121 296 296 296 414 421 421 421 421 497 506 506 
17 161 168 168 168 168 

227 227 227 305 305 305 305 
225 474 474 474 474 
81 
339 381 381 
184 184 307 354 465 465 465 465 
58 58 294 
73 73 210 314 

5 5 5 5 50 
99 99 110 247 250 250 250 250 250 271 271 271 288 288 288 
159 274 510 
339 339 339 427 427 
6 92 182 182 195 453 
239 239 
37 37 134 134 134 
179 332 
25 26 26 87 150 150 158 158 248 248 271 271 293 294 297 297 306 339 339 339 374 381 381 437 453 453 470 
184 184 258 258 
76 76 76 209 262 262 364 364 
354 462 462 462 
87 238 248 271 271 287 287 287 287 287 458 
8 35 35 45 72 72 72 74 74 76 76 76 77 77 92 92 119 119 132 141 141 168 168 168 174 174 174 209 220 222 222 222 243 243 243 286 286 314 314 314 317 317 318 325 332 334 362 382 385 439 448 494 
22 108 108 177 389 
37 57 57 93 93 93 93 103 116 177 177 184 184 201 230 230 230 236 236 269 303 303 338 338 383 383 383 432 432 432 463 
65 
250 374 
80 112 117 117 117 117 314 314 
225 
49 136 136 441 441 
22 67 281 281 281 389 389 389 389 
196 
76 292 292 

84 103 241 296 296 330 
184 184 184 291 354 
7 219 271 271 282 339 339 403 403 
71 71 71 330 
319 319 319 319 319 
62 62 235 235 235 
105 105 105 357 357 357 440 440 440 496 496 
192 351 383 383 415 415 415 460 

215 215 215 387 387 
51 449 
22 22 22 474 474 
189 408 
79 79 79 79 79 
45 45 413 
76 186 431 431 431 
1 1 5 5 85 85 98 98 115 225 420 420 475 475 475 
271 271 363 368 368 368 368 374 374 374 468 
1 5 5 5 
15 20 59 316 316 
144 
56 56 191 191 
344 464 464 
128 128 128 413 455 455 
314 372 372 384 435 467 467 
41 156 354 354 460 460 460 462 

148 148 148 148 148 333 333 333 333 333 339 464 464 467 
271 404 408 408 
4 4 124 219 219 219 232 232 
161 167 167 167 314 448 448 
76 353 353 353 491 491 
41 41 
225 412 
47 47 47 76 346 346 
211 236 432 450 450 450 
22 22 497 497 
109 411 411 411 450 
63 63 75 302 415 
447 447 452 452 
85 184 184 307 307 396 396 396 396 
54 72 72 147 
280 280 308 308 314 314 314 449 449 452 
123 442 
159 511 511 
339 408 474 474 474 474 
101 101 170 267 
273 273 475 
185 185 185 507 
56 56 191 191 191 388 388 388 393 393 393 393 436 436 470 470 470 470 487 
85 85 85 273 441 441 441 472 
10 100 240 240 496 496 496 
166 166 166 188 188 
76 207 
193 
108 108 108 
314 349 
305 305 
30 222 222 
184 184 309 309 309 309 309 488 488 
39 
31 120 315 315 315 
29 56 56 236 474 
223 223 256 484 484 
31 31 120 120 
184 184 354 354 354 355 355 
92 126 126 328 456 456 
156 
3 3 
128 128 128 413 
359 359 359 
10 32 32 32 240 240 357 357 357 431 431 476 476 476 
22 22 115 389 461 461 
160 160 160 
182 182 
92 193 193 
54 

72 234 325 325 325 358 358 
5 5 88 88 
212 212 212 374 
389 389 
104 473 
5 5 75 75 75 151 151 151 158 158 158 158 198 198 254 324 354 
76 76 295 295 322 322 322 322 346 
219 402 
159 159 469 469 
