nodes: 512 edges: 1567
381 
85 85 85 85 85 441 443 
91 91 91 183 183 183 189 189 260 260 
5 142 271 271 271 493 493 
327 454 454 
3 50 50 88 184 184 184 198 198 225 225 255 273 279 279 280 280 280 354 354 441 441 441 443 443 443 504 508 508 508 
195 195 195 
233 233 
196 313 350 413 413 413 
203 203 203 203 271 298 
496 496 496 
264 
184 184 184 184 184 355 355 
76 118 118 229 
117 184 184 
16 16 16 16 182 184 184 184 184 444 
15 15 15 15 184 184 
390 448 448 448 
85 
104 104 287 
102 102 

115 166 389 414 421 421 421 421 436 461 497 497 
176 176 176 176 290 
173 
346 346 346 408 408 
158 158 158 357 357 357 408 408 408 
122 122 122 346 353 353 353 353 509 
178 183 183 
487 487 487 
180 181 222 222 483 483 483 
155 155 184 243 243 354 354 486 
496 496 496 496 
67 67 192 192 192 
184 
210 309 309 
106 
406 415 
199 358 
62 62 62 159 159 166 166 206 206 206 219 231 231 232 241 241 267 267 274 330 330 402 402 405 477 477 485 
67 192 192 192 249 249 420 
85 85 137 137 151 151 156 156 184 324 354 354 354 399 399 457 457 
321 321 321 

137 214 
76 76 76 358 358 358 358 358 413 413 
64 64 339 381 381 381 381 
76 76 346 346 
387 
236 236 236 
5 5 58 58 255 
292 292 435 
345 345 345 
225 377 377 377 377 
501 501 501 
195 195 236 
191 191 236 236 304 304 377 377 377 446 474 487 
415 
50 50 
192 444 

381 381 464 
39 39 39 241 288 330 330 
463 463 
46 46 287 287 287 381 381 
193 362 416 
362 362 
33 33 40 192 281 281 298 347 347 
179 179 296 
236 
184 184 258 258 258 259 259 259 
330 330 354 428 428 428 428 428 
208 208 251 251 251 251 251 325 413 466 
94 94 94 315 315 398 
76 76 413 413 
383 383 463 508 508 508 
13 45 45 45 47 47 74 74 78 107 107 107 119 184 184 186 186 186 196 196 196 199 207 228 228 228 245 292 314 322 322 346 353 353 354 360 410 410 410 413 413 413 440 456 456 459 478 478 478 509 509 

76 
438 438 438 438 

82 130 130 130 130 130 184 184 184 276 289 389 389 389 
81 389 389 
237 237 
85 85 118 118 118 348 425 490 
1 1 1 1 1 18 41 41 84 84 348 441 441 441 441 441 465 465 465 475 475 
198 254 254 254 508 508 508 
306 306 306 370 408 412 
5 504 
303 358 358 

2 2 2 189 189 
182 413 413 413 500 
177 177 177 177 236 236 236 236 236 259 259 259 415 415 415 
73 73 73 
276 276 276 276 314 314 314 314 
224 224 
171 171 
329 441 
156 320 354 354 401 401 401 401 401 

170 170 195 195 195 267 378 471 471 
20 20 216 216 
146 146 146 379 379 415 425 425 
19 19 116 134 138 236 236 236 236 237 237 346 346 507 507 
184 184 431 
36 190 190 190 
76 76 76 
115 115 115 115 115 331 331 331 331 480 
462 483 
176 247 247 401 401 
182 182 234 234 234 
355 355 
184 289 289 
294 294 294 294 367 367 
22 108 108 108 108 108 497 
104 184 184 303 303 303 303 415 415 
14 125 136 136 184 184 184 236 236 418 418 418 418 418 
13 13 84 84 84 292 
76 122 122 222 222 299 299 339 374 413 413 413 508 
239 239 239 489 489 
130 130 130 157 157 157 159 159 159 159 159 171 171 171 171 389 389 389 389 
27 27 27 119 119 222 222 353 353 353 353 
180 468 
387 387 387 454 
117 136 
185 491 491 
290 371 
494 494 494 
275 275 
81 81 81 81 81 121 121 121 389 389 389 
257 257 257 257 


104 380 406 406 406 

117 117 125 420 
41 41 44 184 184 
104 164 236 461 
381 381 381 
320 320 332 332 332 332 378 378 378 378 378 
237 413 413 
3 389 
171 217 
282 282 445 
452 
103 103 103 169 238 379 379 379 
236 236 344 466 
191 304 304 452 452 452 
349 
248 248 408 408 
41 41 198 198 198 214 508 508 508 
175 175 175 262 262 262 364 364 368 368 368 
325 325 390 390 390 
211 
31 31 243 243 413 
41 41 99 287 287 450 450 492 492 492 
121 121 121 276 
26 26 26 194 271 271 271 408 408 408 508 508 
39 39 121 121 121 121 121 177 177 177 188 205 205 227 231 231 305 330 402 402 402 428 428 433 469 469 477 510 
272 272 312 312 498 498 
455 
208 208 228 322 
166 
138 293 293 293 293 293 
329 
22 39 39 163 
455 455 455 455 

146 233 233 238 265 265 265 265 296 296 296 368 368 368 368 
101 101 371 471 471 
97 97 121 121 121 121 143 184 290 

24 
222 222 376 376 413 
152 152 152 262 262 262 262 407 407 413 
23 23 23 23 110 247 247 
93 93 93 93 159 159 159 283 283 300 300 414 414 415 415 
28 183 183 373 
68 68 432 
30 123 222 334 
30 216 216 216 367 
15 92 111 111 220 340 340 404 404 413 413 444 444 499 499 499 
2 2 2 28 28 178 178 260 260 260 
5 5 5 12 12 12 12 12 14 14 15 15 15 15 16 16 31 34 41 70 70 76 76 81 81 81 105 105 113 116 116 117 117 117 137 137 171 202 213 213 221 221 226 236 236 236 246 258 258 258 258 265 267 267 279 279 284 289 292 292 292 315 315 315 324 354 354 354 355 356 366 366 396 396 396 409 409 415 426 426 465 465 465 490 496 496 496 
126 491 491 
76 76 76 245 328 328 373 373 373 440 
382 382 382 382 
159 477 477 477 
2 2 91 91 437 
106 106 106 372 
56 56 148 236 267 267 268 268 474 474 474 474 
33 33 33 40 40 40 59 67 236 281 281 298 298 298 420 499 
65 286 286 286 358 358 362 413 413 479 
158 230 230 
6 6 6 55 55 101 101 101 236 236 236 404 404 404 
8 76 76 76 200 215 290 290 350 373 
340 
5 5 86 151 151 151 386 508 
38 76 
196 
211 211 236 415 
184 
9 9 9 9 
274 274 348 
159 159 
39 39 39 402 
76 478 478 
72 72 162 162 
328 328 328 410 413 413 413 
35 309 309 
154 201 201 236 460 460 
233 310 503 505 505 505 
184 184 338 
44 151 215 215 314 314 314 
196 214 214 314 387 434 434 
102 102 181 181 181 
143 
271 327 327 327 327 
39 232 232 274 427 454 454 
182 413 
184 184 370 370 370 
30 30 119 119 122 122 174 174 180 314 314 314 376 413 413 
488 488 
96 96 313 313 
5 5 53 259 377 393 419 441 441 441 458 458 
184 292 292 
159 257 343 392 392 392 
76 76 76 162 245 285 398 
13 295 360 
194 194 236 236 236 236 236 303 415 
39 39 159 159 267 267 267 391 
39 219 219 
7 7 169 169 212 238 238 271 276 310 310 374 374 408 505 
111 111 111 375 375 375 375 503 
430 430 430 430 
49 49 49 55 56 56 69 93 93 93 93 93 104 104 104 104 117 117 138 147 147 184 184 184 191 192 195 195 195 201 211 230 230 230 230 230 252 267 267 267 283 300 300 356 415 415 415 415 432 432 460 460 487 487 
83 83 104 104 141 
146 169 233 233 412 
120 120 120 306 306 

39 39 62 425 425 432 
413 413 413 
31 31 155 155 311 311 311 413 494 
358 358 
76 186 228 
184 267 267 267 267 
110 110 176 176 288 288 401 401 
150 150 408 408 408 412 
40 40 
374 374 401 401 401 
72 72 72 72 72 
236 
330 
86 86 86 
5 50 
354 
131 131 131 131 227 305 305 305 
70 70 70 184 184 184 184 409 
70 70 70 93 93 93 225 
2 2 183 183 183 
329 329 329 
152 152 152 175 175 175 175 
315 315 
11 334 334 334 385 
169 169 169 169 184 

39 39 101 184 184 191 191 231 231 231 236 236 236 246 246 246 246 268 268 268 274 356 378 378 378 378 471 471 471 
191 191 267 267 267 274 274 274 274 285 
365 365 365 365 415 

3 3 3 9 158 158 158 218 233 282 282 282 297 327 327 339 339 354 354 391 391 391 401 401 408 408 408 412 412 427 427 442 442 453 
160 160 
5 354 354 472 472 
39 204 204 219 267 268 268 268 268 402 
129 129 
81 95 95 95 95 157 233 410 


5 5 184 184 331 
5 5 5 308 308 449 449 449 467 467 
67 67 192 192 298 298 421 
144 144 271 271 271 284 427 
177 177 236 415 
184 282 
228 268 
193 193 193 
19 64 64 64 156 156 412 412 412 
62 247 247 401 401 401 
81 113 113 184 
23 127 171 196 196 480 480 
354 354 354 354 426 426 
51 51 76 118 184 184 184 226 226 364 423 444 
164 164 164 164 164 408 408 
114 114 114 114 397 397 408 408 
229 378 378 509 509 509 
68 169 169 169 389 389 425 425 
271 408 408 408 
9 67 192 192 192 281 281 421 
119 119 494 
177 177 236 236 
339 339 
321 321 321 321 485 485 
89 116 116 116 116 230 304 365 365 
56 56 148 148 303 
159 257 257 257 482 
87 87 87 239 239 408 408 408 
354 354 396 465 465 
280 280 364 467 467 
35 35 210 210 484 484 484 484 
212 233 233 353 353 353 353 375 375 375 375 375 
243 243 243 348 348 
160 160 
8 224 224 
76 95 95 95 95 214 214 214 215 222 222 222 317 354 354 384 384 398 398 413 413 413 418 418 449 449 467 
73 73 184 184 184 263 263 486 
444 444 444 
314 398 398 
382 
354 354 429 429 
99 140 140 
42 42 42 302 302 302 302 323 323 
76 76 162 509 509 509 
321 321 359 
41 184 508 
72 153 153 358 413 503 

4 218 218 218 218 271 271 
186 186 209 209 209 
98 165 261 261 261 
39 39 62 62 71 71 159 253 425 425 425 425 425 428 428 428 428 428 
108 108 108 108 279 406 
140 140 140 140 407 407 413 
339 339 339 339 385 385 385 385 413 452 452 452 
180 264 264 264 385 413 413 
448 


213 
46 119 271 271 301 301 333 333 333 333 381 381 395 403 403 403 403 427 452 470 
182 182 197 


227 
147 
52 52 52 
25 25 25 27 47 47 76 104 104 509 
67 67 506 
84 85 204 311 311 
149 481 481 
8 196 

402 477 
27 27 27 27 76 76 122 122 122 122 310 310 310 310 
5 5 31 31 41 41 41 71 76 99 99 184 184 184 256 271 271 273 273 291 291 291 291 307 307 314 314 319 319 396 411 411 426 450 450 490 502 502 508 
12 12 112 112 184 388 388 388 490 490 
184 236 267 
26 26 26 367 496 496 496 
38 45 45 45 45 45 89 89 193 193 244 244 325 466 466 500 503 503 503 
323 
76 229 

65 66 66 193 413 413 
442 
152 152 292 308 410 
269 269 269 269 303 303 
184 184 
114 114 181 357 
152 152 152 169 169 169 169 442 442 442 442 442 

87 221 221 221 
127 170 
190 449 449 449 449 449 
178 186 186 186 196 
119 233 233 250 250 408 408 417 417 442 442 442 468 
234 234 234 234 310 310 310 310 310 
174 174 222 
53 53 53 53 56 56 56 225 393 
101 140 140 140 140 140 267 267 267 267 295 295 
103 103 146 146 146 
134 
0 46 46 46 46 61 61 64 64 139 139 139 339 339 395 395 408 408 
187 187 187 187 318 413 
75 75 415 432 
314 314 449 
264 333 333 333 333 334 413 
198 
48 124 124 124 215 434 434 434 434 
355 355 355 474 474 474 474 
22 81 81 81 82 82 121 121 121 121 130 130 130 142 296 296 414 421 421 421 421 497 497 497 506 506 506 506 
17 153 153 153 
231 271 271 271 
227 227 227 
225 377 458 474 
495 495 495 
339 381 381 
184 184 184 307 354 465 
294 294 
73 228 314 314 317 317 
41 41 

99 99 99 99 99 110 110 247 247 250 250 250 271 271 288 288 288 
39 39 159 159 159 206 274 352 510 
339 339 339 339 427 
182 182 195 195 195 453 
39 
37 134 134 134 331 
175 175 332 332 
25 25 26 26 26 87 150 150 158 158 158 233 248 248 248 271 271 271 293 293 294 294 297 297 297 306 306 306 374 374 381 381 437 437 453 453 453 470 470 
184 184 258 
76 76 76 209 276 364 
354 354 462 462 462 462 
87 238 248 271 271 287 287 287 
8 8 8 45 45 72 74 74 76 76 76 92 92 92 119 119 119 141 141 155 174 175 182 182 193 193 209 209 209 220 222 222 242 242 242 243 314 314 314 325 332 333 334 334 362 362 382 385 439 448 494 494 
22 177 177 389 
37 57 93 93 93 103 116 116 177 177 184 201 230 236 236 236 236 269 283 383 432 432 432 463 
65 
374 374 
117 117 117 117 117 314 314 
225 
40 136 192 441 441 
22 22 22 22 281 298 389 389 389 389 435 506 

292 

84 103 103 241 241 296 296 330 330 330 330 330 
184 184 291 291 354 
219 271 271 282 339 403 
71 71 71 71 71 159 159 330 330 330 330 330 
319 319 
235 235 235 235 
105 440 440 496 496 
179 236 236 241 383 415 415 415 460 460 
159 
215 215 387 387 387 387 
51 421 449 449 
22 474 474 474 474 
189 408 408 
79 79 79 79 
413 
76 186 431 431 
1 5 5 5 85 85 85 85 85 98 225 225 225 420 420 475 475 475 475 
271 271 363 368 368 368 368 368 374 374 374 468 
1 5 5 5 
15 59 182 182 292 316 316 316 
144 
56 
464 464 464 464 464 
17 17 17 335 413 455 455 455 455 455 
280 280 280 314 314 372 372 372 372 372 384 435 435 467 467 
156 156 354 354 460 

145 148 148 148 333 333 333 339 464 
271 404 408 408 408 
4 4 124 219 219 
161 167 167 167 167 448 448 448 448 448 
76 76 491 
41 41 
225 225 393 
76 
211 211 236 236 432 432 450 
22 138 497 497 497 
109 411 411 411 411 
63 63 75 415 
61 447 447 447 447 447 452 
85 85 85 184 184 184 307 307 396 
72 147 358 358 
280 280 308 308 314 449 449 
123 374 442 
159 159 511 511 511 
339 408 408 474 474 474 474 
101 101 170 170 267 267 267 
273 273 475 
507 
56 191 191 191 191 388 388 388 388 393 436 436 436 436 470 470 470 470 487 
85 85 441 441 441 441 472 
496 496 
39 39 159 188 188 188 352 
76 76 76 207 207 
193 
108 290 290 
349 349 
305 
30 30 30 109 
309 309 309 309 488 488 
39 302 302 
31 315 
29 29 29 56 236 236 474 
223 223 484 484 
120 120 
84 184 354 355 355 
126 126 185 185 456 
156 156 156 
3 3 
128 128 128 243 299 413 413 
394 394 394 
10 10 10 32 32 32 32 184 184 184 357 357 357 431 431 476 476 
22 22 115 389 389 389 461 461 461 
160 160 
182 182 182 192 
92 358 
54 54 54 
354 354 
212 234 325 358 358 358 
5 88 
212 212 212 233 
347 389 389 389 389 421 
104 104 473 
5 5 5 75 75 75 86 86 86 119 151 151 151 158 158 198 324 354 
27 76 76 295 295 295 322 322 322 346 
159 402 
469 469 469 
