nodes: 512 edges: 1581

85 85 85 85 441 
28 28 91 91 183 189 189 189 242 260 260 
5 271 271 271 493 493 493 
327 454 454 
3 34 50 50 88 88 184 198 198 225 225 255 255 273 279 279 279 280 280 280 354 354 354 400 400 441 443 443 443 504 508 508 508 
195 195 195 195 
233 
196 224 313 313 350 350 350 
203 203 203 203 218 271 271 298 
240 476 496 496 496 496 
264 
184 184 355 
118 118 118 118 229 
117 
16 16 16 16 182 182 184 184 184 184 444 444 
15 15 15 15 184 184 
390 448 448 448 

104 104 104 
102 102 102 428 444 
31 31 31 
108 108 115 166 389 389 436 436 461 461 497 497 
171 171 176 176 290 290 290 
225 
308 346 346 408 408 
158 357 357 357 408 408 408 
122 122 346 346 353 353 353 509 
2 2 178 183 
56 56 487 487 487 
180 181 181 222 483 483 
21 21 21 155 155 155 243 243 243 243 315 315 315 354 
496 496 
67 67 192 192 192 
5 
210 210 222 222 222 309 413 
106 
83 406 415 415 
90 199 326 358 
159 159 206 206 206 206 219 231 267 267 330 402 477 477 485 485 
67 67 192 
85 137 137 151 151 160 160 160 324 324 354 354 354 399 399 445 445 450 450 450 457 502 
321 321 321 
193 193 
137 137 214 214 
358 358 439 
64 64 339 339 381 381 381 
76 76 346 346 459 

236 236 420 
5 5 58 58 92 255 
292 292 292 292 
184 
225 377 377 377 
299 299 299 501 501 
195 195 236 267 
29 29 236 236 304 304 377 377 446 446 474 487 
146 374 
50 50 294 294 397 397 397 
192 192 444 444 

359 359 381 381 381 
241 241 241 430 430 
383 383 383 463 463 463 
46 46 287 287 287 381 381 
193 193 362 362 362 416 416 
362 362 362 
33 33 40 40 192 298 298 298 347 347 
179 296 
344 
184 246 258 259 259 259 259 
330 428 428 
208 208 208 208 251 251 251 413 413 503 
94 94 128 315 398 398 398 
76 76 76 413 413 413 
383 463 508 508 
47 47 74 74 74 78 107 107 109 109 109 119 184 184 186 228 228 228 242 245 245 292 292 292 314 314 322 322 346 353 354 354 354 360 361 410 410 413 413 413 423 440 509 509 
196 196 413 413 
76 
438 438 438 438 
314 418 
130 130 130 130 184 276 289 289 289 389 389 389 394 
143 389 389 389 
37 236 236 237 237 
85 118 118 118 
1 1 1 1 41 84 160 160 160 441 441 441 465 465 465 475 
198 254 508 508 
306 370 408 
5 5 295 504 504 504 
118 358 
38 
2 2 189 189 189 189 
50 182 182 404 404 413 
177 177 177 236 236 259 259 415 415 415 
73 73 315 
276 276 276 314 
224 224 224 224 224 314 
171 290 
329 
354 354 401 401 401 401 
114 197 197 476 476 496 496 
148 170 195 195 267 267 267 378 471 471 471 471 
20 20 20 117 117 117 117 117 135 136 136 
146 146 379 379 379 425 425 
19 19 19 116 116 116 134 138 236 236 237 346 346 346 346 507 
184 184 431 431 431 431 
36 190 190 190 372 
76 76 
22 22 115 115 115 331 331 331 331 414 414 414 480 480 
76 76 76 462 
176 211 247 247 
182 234 234 234 234 
355 355 355 355 
289 
100 294 294 294 367 
22 108 108 108 497 497 
104 104 104 184 184 184 303 303 415 415 451 
14 102 102 102 102 102 125 125 125 236 236 418 418 418 418 
13 13 13 13 84 84 84 89 
76 122 207 222 299 339 374 413 
239 239 486 489 
130 157 157 157 157 159 159 159 171 171 389 389 389 
27 27 119 222 341 353 353 353 438 
468 468 468 
387 
117 117 117 136 136 136 
185 185 491 491 491 
290 
73 413 448 448 
275 275 275 275 342 
81 81 81 81 121 389 389 
257 257 257 


104 354 380 380 406 406 
102 473 
102 102 125 125 125 420 420 420 
41 41 44 44 184 184 
104 164 236 236 461 

320 320 320 332 332 332 378 378 
413 
165 389 389 
82 171 217 217 217 
445 
452 
57 103 103 169 238 381 449 
236 236 236 236 
101 191 304 304 452 452 452 
250 250 250 
248 408 
41 41 198 198 281 354 354 508 508 508 
175 175 175 175 262 262 292 364 364 364 368 368 368 
390 
374 374 374 
31 31 31 243 243 243 243 413 
287 287 287 450 492 492 492 492 
121 121 121 121 276 
26 194 194 246 271 271 408 508 508 508 508 508 
39 39 121 121 121 177 177 177 177 188 188 205 205 231 231 231 402 402 402 477 477 477 
41 41 41 85 85 85 236 312 498 498 498 

208 228 228 228 228 322 322 
166 
138 293 293 293 293 293 
142 329 329 329 
22 163 
220 220 455 455 455 455 455 
390 390 390 390 390 413 413 
146 233 265 265 265 265 296 296 368 368 
101 217 272 371 371 371 
23 23 97 121 121 143 290 
449 
344 
222 222 335 376 376 
152 152 152 152 262 262 262 373 407 407 
23 23 110 247 
93 93 93 159 159 159 159 283 283 300 300 415 415 
28 183 183 373 373 
68 407 432 
30 334 334 
30 30 216 216 367 
15 15 92 92 111 220 363 363 385 404 404 404 413 413 444 
2 28 178 178 260 260 260 260 
5 12 12 15 15 15 15 16 16 52 70 76 76 81 105 105 116 116 116 137 137 202 202 202 221 236 246 246 258 258 258 267 267 267 279 279 284 284 289 289 289 292 292 307 307 324 354 354 356 396 396 409 415 415 426 426 426 465 465 490 490 
126 126 473 473 473 491 491 
76 245 328 328 328 328 328 373 373 373 440 

159 159 477 477 477 
2 2 2 91 91 91 91 
106 106 106 
148 236 236 236 267 267 446 474 474 474 474 
33 33 33 40 59 59 67 236 236 236 281 281 298 298 432 499 
43 43 65 65 270 286 286 362 362 479 500 500 
158 158 230 230 230 
6 6 6 6 55 55 101 101 404 
8 77 77 200 200 200 290 350 373 422 
100 100 340 496 496 496 
5 5 86 151 151 386 386 
38 207 207 
196 196 196 
211 211 211 236 415 
184 184 184 
9 9 9 9 
267 274 274 274 274 348 
159 159 
39 39 39 39 239 
119 199 199 337 337 337 478 478 
72 72 72 72 162 
328 413 413 413 413 
35 35 309 
110 201 201 201 460 
233 233 233 310 310 505 
338 338 338 358 
44 44 215 215 215 314 
214 214 214 387 387 387 387 387 434 434 467 467 467 
181 181 
143 143 143 170 
9 271 271 327 327 327 327 
39 232 274 402 454 454 
167 167 182 413 
184 370 370 
30 35 35 35 119 122 174 174 376 413 483 483 
488 488 488 
8 96 96 96 96 96 313 313 350 350 
5 5 24 53 259 259 377 377 377 419 441 458 458 

392 392 
76 76 76 162 162 162 162 245 245 245 398 398 398 
13 295 360 360 360 360 
194 194 194 236 236 236 415 415 415 
39 159 159 159 267 267 267 
219 454 454 
7 169 212 212 212 238 271 271 276 310 310 374 374 375 375 375 
111 111 111 111 296 375 375 503 503 503 
388 430 430 430 
49 49 55 56 56 83 83 93 93 104 104 117 117 138 138 147 147 147 147 160 184 191 191 191 192 192 192 201 230 230 230 252 252 267 267 267 269 269 269 269 278 283 283 300 300 300 300 300 344 351 356 415 460 460 460 487 487 
83 83 104 
146 233 
120 120 206 306 306 306 342 342 405 405 
10 476 476 496 496 
62 62 62 425 425 425 425 
2 76 260 260 413 413 413 413 
31 31 31 31 155 155 155 155 311 311 494 494 494 
325 325 358 
76 76 186 228 228 228 
70 158 184 184 267 267 281 404 
110 110 176 288 401 
150 

149 149 149 374 374 401 401 401 401 417 
72 72 72 
236 236 
330 330 
86 415 508 
5 5 50 
273 273 354 354 
131 131 131 305 305 305 
70 184 184 184 409 
70 70 70 70 93 93 225 225 
2 2 183 183 183 183 242 242 
329 329 329 
152 152 175 175 175 410 410 
315 315 315 315 
11 385 
169 169 169 169 

39 39 55 101 101 101 184 184 184 191 191 204 231 231 231 236 236 236 246 246 268 274 356 356 356 378 471 471 
267 274 274 274 
236 236 236 236 365 365 365 365 415 
193 286 
3 3 3 9 9 158 158 218 218 233 233 282 282 287 287 297 327 339 339 354 354 374 374 375 375 391 391 401 412 427 442 453 
170 
5 256 256 354 354 354 475 475 475 
204 204 204 204 219 267 268 268 268 
129 129 129 129 
81 95 95 95 157 233 
371 415 415 
236 
5 5 5 184 184 331 
5 5 5 308 308 308 467 467 467 
151 192 192 246 298 421 
271 271 284 
177 177 236 236 415 
184 184 282 

193 193 270 
64 64 64 156 156 156 271 271 412 412 412 412 412 
247 401 401 
81 81 81 113 184 184 184 
23 23 23 97 127 171 196 480 
426 
51 51 51 51 76 76 76 152 184 184 364 364 423 423 423 423 423 
164 164 164 164 164 408 408 
58 58 114 114 114 408 408 
88 229 323 378 378 378 509 509 509 
68 169 169 234 389 389 389 
271 408 
9 67 67 67 192 192 281 
54 54 54 119 
177 177 236 236 236 236 236 
339 339 
321 321 321 321 321 485 485 485 
116 116 304 365 365 415 
56 56 148 148 303 
257 257 257 389 392 482 
87 239 239 239 408 
184 184 354 354 396 465 465 
25 280 280 280 364 364 467 467 467 
35 210 484 484 484 
212 212 233 233 353 353 375 375 
243 243 348 348 
160 
8 8 224 224 
76 76 80 95 96 214 317 317 354 354 354 384 384 384 398 398 398 413 418 418 418 434 434 455 455 467 
31 31 31 73 94 263 263 263 263 336 336 486 486 486 
444 
314 314 349 398 398 413 413 413 
382 
429 429 429 429 
140 140 140 
42 42 42 302 302 302 302 302 
76 76 162 162 509 509 
295 359 359 
41 41 184 
244 244 358 358 358 503 503 503 
38 
4 218 218 218 218 271 
186 186 186 186 186 209 
98 165 165 165 261 261 261 495 
39 71 253 253 369 369 425 425 428 428 428 428 
108 108 108 108 279 
140 140 140 
339 339 385 385 385 385 413 413 452 452 452 452 
180 180 413 413 413 
174 448 
315 315 
207 207 207 
213 213 213 
46 46 119 271 271 301 301 333 333 381 395 403 403 408 408 408 427 427 427 452 452 470 470 
197 
122 
129 239 239 

69 173 236 447 

25 25 27 27 47 47 76 104 104 104 104 459 
67 67 
204 311 311 
317 371 481 
8 8 8 196 224 224 
236 432 
402 
27 27 27 76 122 122 122 310 310 456 456 
5 5 5 31 41 41 41 76 76 76 99 99 134 151 151 184 184 256 256 271 271 273 273 273 307 307 314 314 314 396 411 411 426 450 502 502 508 
12 112 112 112 112 388 388 388 388 388 490 
184 236 267 267 267 
26 26 26 431 431 
38 45 45 89 213 244 325 325 325 466 503 503 
61 61 323 323 495 495 495 495 
76 229 229 229 229 
76 
65 65 65 66 66 66 193 193 
182 182 442 
152 152 152 292 292 308 308 410 410 
269 269 269 269 303 303 415 

114 181 496 
152 152 152 169 169 442 
330 330 
87 221 221 
170 170 170 277 349 396 
106 449 449 449 
175 178 178 186 186 186 196 
57 119 154 154 154 233 233 250 250 271 271 408 408 408 417 417 442 
233 233 233 234 234 271 271 310 310 
174 174 222 
53 53 53 56 56 225 225 225 393 
101 140 140 267 295 295 295 
103 103 103 
134 134 
46 46 46 61 61 61 64 64 146 339 395 408 408 408 
318 413 
63 63 63 75 415 432 
314 314 314 
182 264 333 333 333 333 413 413 413 
198 198 
124 215 215 215 215 215 434 434 
235 355 355 355 355 355 
22 22 81 81 81 82 82 82 121 121 121 130 130 142 142 296 296 296 305 421 421 421 421 497 497 497 506 506 506 
17 153 168 168 168 168 168 465 
271 271 
227 227 305 
377 429 474 474 474 474 
81 495 
339 381 
184 184 307 354 371 465 
58 58 58 
73 73 73 228 228 228 314 314 314 317 317 
41 41 
5 5 
99 99 99 99 247 250 250 250 250 271 288 288 
39 159 159 159 219 352 510 
339 339 427 
92 92 182 182 182 195 246 453 
239 239 
37 134 134 
175 175 179 413 
25 25 26 26 26 87 150 158 293 293 294 294 297 306 339 339 339 374 374 374 381 381 381 470 470 
184 258 
76 76 262 262 364 364 
354 354 462 462 
271 287 287 287 287 287 
35 72 72 74 74 74 76 76 76 77 77 92 119 128 141 155 168 168 182 182 209 209 209 209 220 222 242 242 242 242 314 317 317 317 333 333 334 334 334 382 385 385 385 407 439 448 448 455 455 494 
108 108 108 
37 37 93 93 93 116 116 177 177 184 184 201 230 230 230 236 254 269 277 277 283 303 365 383 432 463 463 
65 65 
250 374 374 
80 117 117 117 117 314 314 314 
225 
49 136 136 136 441 
281 389 389 389 389 506 506 
196 
76 292 292 292 292 292 

103 103 241 241 241 241 330 330 
184 184 184 291 354 
271 339 339 339 403 
20 71 71 330 330 330 330 
319 319 319 319 393 
62 62 235 235 235 
105 105 105 105 357 357 440 
179 192 351 383 415 

215 215 314 314 387 387 
449 449 
22 22 474 474 

79 79 79 79 122 
45 413 
76 186 431 
1 5 85 85 85 225 420 475 475 
271 363 368 374 
5 5 5 
15 15 20 59 59 182 316 
41 41 144 
56 56 191 
344 464 464 464 464 
17 17 17 128 128 335 413 413 455 455 455 
146 172 372 372 372 435 435 467 
41 41 41 156 354 460 460 460 462 
116 
145 148 148 148 333 333 333 333 339 339 467 
271 404 
4 4 219 219 232 232 
167 167 167 167 167 314 314 413 413 448 448 448 
353 353 491 
41 
225 225 
47 346 
211 236 236 236 450 450 450 
22 22 138 497 497 497 
109 411 411 450 
63 63 63 75 415 415 
447 447 447 447 
85 85 85 184 184 307 307 390 396 
358 
215 215 215 280 280 280 308 308 308 314 449 452 
123 123 123 

339 339 408 408 474 474 474 
101 101 101 101 267 267 
475 475 
135 185 185 185 
56 191 191 191 191 393 393 393 393 436 436 470 470 470 
85 273 273 273 441 441 472 472 
10 100 100 240 240 496 496 496 496 
39 39 159 159 159 188 188 188 
207 207 
193 
108 108 290 
349 
305 
30 30 222 222 
309 309 309 488 488 488 488 
39 39 302 302 302 
120 315 315 315 489 489 
29 29 29 56 236 236 
223 223 223 484 484 484 484 
120 486 486 
184 184 355 
126 126 126 185 185 456 
156 156 156 156 
3 3 3 
243 243 243 413 
329 359 359 359 359 394 
10 10 10 10 32 32 100 100 197 197 197 240 240 367 476 476 476 476 
22 22 115 115 389 389 389 461 461 461 
160 160 160 
192 
193 193 
54 54 
41 354 354 
72 234 234 234 325 325 325 358 358 
5 88 88 88 
212 
389 389 389 421 421 
104 
5 5 5 75 75 86 86 151 151 151 158 158 158 158 158 254 354 
27 76 76 295 295 295 322 322 
402 

