nodes: 512 edges: 939

85 441 443 
28 91 182 183 189 189 260 
5 271 493 
327 454 
3 34 48 48 48 88 184 198 225 225 273 273 273 279 279 279 280 354 441 441 456 508 508 508 

233 427 
196 224 224 224 313 313 350 413 
203 203 203 203 271 298 
496 496 
264 264 
184 202 355 
76 118 229 
117 184 
16 182 182 184 444 
15 
448 
85 85 
104 287 
102 

108 115 166 389 414 436 436 497 497 
176 176 176 290 290 
225 
346 346 408 
44 408 
346 353 353 
2 178 183 
56 487 487 
180 181 222 483 
155 172 172 184 184 243 315 354 489 
184 
67 192 192 
5 
210 210 222 222 413 
106 106 
406 
326 
159 206 231 241 241 267 302 302 330 402 477 477 
67 67 
85 151 184 354 399 445 450 450 457 

193 
26 214 
76 358 413 439 
64 64 381 381 381 
346 
5 5 5 
420 
58 255 
292 292 292 
345 345 380 
377 377 377 

195 
29 236 236 304 377 377 377 377 487 487 
146 
50 397 
192 444 444 
201 

330 430 430 
383 
46 46 287 
193 416 
141 362 362 
33 40 40 298 298 298 347 421 
169 179 
236 
184 246 258 259 
428 428 
208 208 208 325 413 466 
94 315 315 

383 383 508 
13 45 78 107 119 184 184 184 186 186 196 199 228 229 242 245 299 299 314 314 314 346 354 354 361 410 413 423 440 459 478 509 
196 
76 
438 

130 130 130 184 184 261 289 329 389 389 
143 143 143 389 
236 237 
85 85 85 118 118 118 425 490 
1 18 18 41 84 84 84 160 348 348 441 441 465 465 
254 508 
370 370 
5 
358 
358 
2 189 189 
182 413 413 413 491 
177 236 259 415 
73 315 
314 314 
314 314 
171 290 
223 329 441 
320 354 354 401 401 
197 
170 170 170 195 378 
20 117 117 135 
379 425 
19 116 116 116 134 236 236 346 366 507 
184 431 
36 36 117 372 
76 
22 115 331 414 480 

211 247 401 401 401 
234 234 234 234 
355 355 355 
289 
294 367 367 
22 108 497 
104 104 104 184 184 303 415 415 
14 102 102 106 125 136 184 236 236 418 418 
13 84 84 84 292 
76 122 122 122 207 222 222 299 339 374 
239 239 239 486 486 489 
130 130 130 157 157 159 159 171 171 389 
119 119 119 222 310 341 353 438 

154 454 
117 
185 
371 
494 494 
275 275 
81 81 81 121 121 121 389 389 


381 
104 354 406 
102 
117 420 

164 236 236 
381 381 
332 378 
66 237 413 
143 
82 82 82 142 171 
282 

57 169 379 381 

191 304 452 452 
250 
248 248 408 
41 198 198 281 354 354 508 508 
175 175 262 262 364 364 368 
325 325 
124 374 
31 243 413 
287 450 
121 121 276 
194 271 408 408 508 508 
39 121 121 177 227 231 231 402 428 428 433 433 469 469 477 511 
85 272 272 498 498 
455 
208 208 228 

138 293 

22 477 

209 390 390 413 
68 146 233 265 265 265 368 368 
101 101 101 371 471 
97 121 121 143 184 290 
31 31 

222 222 335 376 413 413 
152 152 262 262 262 373 407 413 
23 23 23 
93 159 300 300 414 415 415 
28 183 
68 407 407 
30 334 
30 216 216 367 
2 15 15 92 220 340 413 413 413 499 
2 28 178 260 260 
5 12 14 15 31 31 32 41 70 76 76 76 81 81 105 116 116 117 171 202 202 213 226 236 236 246 246 258 260 267 267 267 279 284 284 289 292 292 315 324 324 356 366 366 396 415 426 426 465 465 488 490 
126 491 
76 76 245 245 328 328 328 373 373 
382 382 382 382 

2 2 91 91 437 

148 236 236 267 446 474 474 
33 33 59 236 281 298 298 298 499 
43 65 286 500 
158 230 230 
55 101 404 404 404 
8 76 77 200 290 350 373 382 
100 340 372 496 
5 151 151 386 508 508 
76 207 207 
196 
60 211 415 
12 184 184 
9 9 9 9 
274 274 348 

39 
119 199 199 337 478 478 
72 72 72 162 162 
168 328 413 
35 35 
110 201 
233 310 505 
184 338 338 
44 314 
387 467 467 
181 181 


232 274 402 402 427 
182 413 
370 
30 35 35 119 119 122 174 174 314 314 376 376 
98 488 488 
8 8 8 313 
5 5 24 377 419 441 441 441 458 
184 292 
159 257 392 
76 162 398 
13 76 295 295 360 360 
194 194 236 303 303 415 415 415 
39 159 159 267 
219 454 454 
7 169 212 238 310 374 374 375 375 
111 111 111 111 375 486 
430 487 
56 56 69 83 93 104 104 117 117 138 138 184 184 191 191 192 230 249 252 267 267 269 300 300 300 344 356 415 415 415 432 438 487 
83 141 
233 412 
120 120 120 405 405 

39 39 432 
76 260 260 413 
31 155 413 413 494 
325 358 
76 186 186 
70 184 184 
110 401 
150 150 412 
236 
149 374 401 401 401 417 

236 
330 
86 
50 
273 273 273 
227 305 305 
70 184 
70 93 
2 183 183 184 242 242 
81 329 
152 152 175 175 175 410 410 

11 11 334 334 
169 169 169 

39 184 184 184 191 231 236 236 268 268 274 356 378 471 
267 267 285 
236 365 365 
286 
3 9 158 282 297 339 339 354 374 374 391 401 412 427 427 442 
160 160 
5 5 5 256 256 256 472 472 475 
204 204 219 267 402 
129 129 
157 
338 415 

5 5 5 184 
5 449 467 
151 192 421 
144 271 

184 184 
268 373 
193 270 
19 64 156 

81 113 184 
23 23 97 171 196 480 
354 354 426 426 
51 51 51 118 184 184 226 364 364 423 423 
164 
114 408 
229 229 378 378 378 509 509 
389 389 
271 
9 67 67 67 192 192 192 421 
76 76 119 
177 177 236 236 236 

39 39 321 321 463 485 
116 230 230 365 
56 148 
257 257 389 392 392 392 392 482 482 

354 396 465 
364 467 
484 484 484 
122 212 233 353 375 
348 348 

8 8 224 
76 76 76 95 95 96 96 214 222 222 317 354 354 354 398 413 413 413 418 418 467 481 
31 73 73 94 184 486 486 
444 
314 
413 
429 429 
99 
302 302 323 
509 509 
321 359 
184 184 
72 153 153 244 358 503 
38 
4 
186 186 186 209 491 
81 98 261 
39 62 253 369 425 
108 
140 
339 339 385 385 413 413 452 452 
180 264 264 385 385 
174 448 

207 
213 213 277 415 
119 271 271 333 333 381 403 408 452 470 470 
182 197 
122 


236 447 447 
52 52 
25 25 27 47 76 104 
67 506 506 
85 85 204 311 311 

8 196 

402 
27 27 122 310 456 
5 31 41 76 76 99 99 134 151 151 271 291 291 307 314 314 314 450 490 490 508 
12 112 112 112 
184 236 267 
431 
45 89 90 244 325 503 
323 495 
229 229 
76 
66 66 

152 152 292 292 308 410 
269 269 303 415 
104 184 184 
114 114 181 496 496 
152 169 169 442 442 442 
330 
87 87 221 
127 170 396 
106 197 449 
175 186 186 196 285 
119 154 233 233 250 271 271 408 408 442 468 
233 233 234 310 
174 222 222 
53 53 53 56 56 56 56 225 393 
101 140 267 295 295 295 
103 146 
52 
46 46 46 133 139 139 146 339 395 408 
187 187 187 187 196 413 
63 75 75 
449 
333 333 334 334 413 
198 
215 
474 474 
22 81 81 82 121 130 130 296 296 305 421 421 421 421 506 506 
168 168 
271 
227 305 305 305 305 
377 458 474 

381 
184 307 371 465 465 
58 
228 314 
41 

99 99 110 110 110 247 250 250 250 271 
39 159 219 219 274 352 
339 
195 195 195 
239 239 
37 134 
175 179 179 
25 26 150 158 158 294 339 374 374 381 437 453 

76 262 262 364 
462 462 
238 248 271 
8 35 45 72 76 92 92 92 141 155 168 174 174 175 182 182 182 209 220 242 243 243 314 314 314 318 333 333 382 385 439 448 448 494 
22 108 177 
93 116 116 177 177 184 201 230 230 230 236 236 236 277 338 365 432 432 
65 
250 
117 117 314 314 
225 
49 136 441 441 
67 281 298 389 389 389 389 435 

76 292 292 

84 103 330 
184 184 291 291 
7 219 271 271 
71 71 159 159 
319 319 
62 62 235 
105 357 440 440 440 496 
236 241 415 415 
159 159 

421 449 
22 22 
189 408 
79 122 236 
45 413 
76 431 431 431 
1 5 5 85 85 98 225 225 225 420 420 475 475 475 
271 368 368 368 374 
1 
15 59 59 316 
41 
191 
344 344 464 464 
17 335 413 413 
280 372 384 435 467 
41 41 156 354 460 460 460 

148 148 333 333 339 464 467 
408 
4 124 232 232 
161 
5 353 
41 
225 393 
76 
450 450 450 
497 
411 411 
302 
447 447 452 
85 85 184 184 307 396 396 
72 
215 215 280 308 314 449 452 
374 
159 159 
339 339 474 474 
170 267 
273 273 475 

191 191 388 388 393 470 470 487 
273 441 441 441 472 
496 
39 39 159 166 
76 207 207 

108 290 
314 
305 305 
30 
309 309 309 488 488 
302 
120 120 234 315 315 489 
29 29 56 56 235 236 474 
184 223 223 484 484 
31 120 486 
84 184 354 354 
92 185 328 

3 
128 128 243 413 
359 
10 10 197 367 367 431 476 
22 22 115 461 
160 160 
182 192 
193 


325 358 

212 
347 347 389 389 
104 
5 5 5 75 86 151 151 158 158 198 198 354 
76 295 295 322 322 

159 
