nodes: 512 edges: 1572
381 381 
85 85 85 441 443 
28 91 92 111 111 182 183 189 189 242 260 
142 271 271 493 493 
327 454 454 
34 34 50 50 50 88 88 184 184 198 225 225 255 273 273 273 279 279 280 280 280 354 354 400 400 441 441 441 443 443 443 443 456 504 508 508 508 
195 195 195 195 195 404 
233 233 427 
196 196 224 313 413 413 
203 203 203 203 218 271 
240 240 240 240 476 496 496 496 496 
264 264 
147 184 184 184 
76 76 118 118 118 229 229 229 
117 117 184 
16 16 182 182 182 184 184 184 184 444 444 
15 15 184 
390 390 448 448 
85 85 85 
287 
102 102 428 
31 31 
108 108 115 166 389 389 414 414 421 436 436 461 497 
171 171 176 176 176 176 290 290 
225 
308 346 346 346 346 408 408 408 
357 357 357 357 357 408 
47 122 122 122 346 346 353 353 353 
2 178 183 183 
56 487 487 487 
181 181 181 181 483 483 
21 21 155 155 155 184 243 315 315 354 
496 496 
67 192 
5 5 184 
210 222 309 309 413 
106 106 106 
406 415 
199 326 
159 159 159 166 166 206 206 231 231 241 241 267 267 274 330 402 402 405 
67 67 67 249 249 420 
85 85 85 137 137 151 160 184 184 324 354 354 399 445 450 450 450 457 457 502 
321 321 321 
193 193 193 
137 137 214 214 214 
76 76 358 358 358 358 413 413 413 
64 64 339 339 339 381 381 381 
27 76 76 76 268 346 459 
387 

5 5 5 58 
292 292 292 292 354 
184 345 
208 225 377 377 377 377 
109 299 299 299 466 501 
236 236 267 
29 191 236 304 377 377 377 446 474 487 
415 415 
50 294 294 397 
192 192 192 444 
201 
359 359 381 381 381 
241 241 330 430 
383 463 463 
46 46 287 287 287 287 287 381 381 381 
193 193 362 
141 141 362 362 362 
33 40 40 40 281 298 298 298 347 347 347 
179 296 296 
236 344 344 344 
184 246 246 246 258 258 259 259 259 
330 330 354 428 
208 208 208 208 251 251 251 251 251 413 413 413 466 466 
94 94 315 398 398 398 398 
413 413 
383 383 463 508 
13 13 45 45 47 47 47 78 107 107 107 109 109 109 109 119 184 186 196 199 228 229 245 292 292 314 314 322 322 322 346 346 353 354 360 360 361 410 410 413 413 440 478 509 509 
196 196 413 
76 
438 438 
314 418 
82 130 184 184 184 261 276 289 289 389 389 394 
81 165 389 389 
230 236 236 
85 85 118 312 348 348 490 
1 1 1 18 18 18 41 41 41 84 84 160 160 160 348 348 441 441 441 441 465 465 475 475 475 475 
198 254 254 508 508 
306 306 370 370 370 408 408 
5 5 504 
358 

2 189 189 189 
2 182 182 182 413 
177 177 236 236 259 259 259 259 415 415 415 415 415 
73 73 315 
276 276 314 314 
224 224 224 224 224 314 
171 290 
223 441 
156 401 401 
114 197 197 197 476 476 496 
170 170 170 267 471 471 471 
20 20 117 117 117 136 
146 379 425 425 425 
116 134 134 138 138 236 236 237 346 346 346 346 366 507 507 507 
184 184 431 431 
36 36 36 190 190 190 
76 76 76 
22 22 115 115 115 331 331 331 331 331 414 414 414 480 480 
54 76 76 76 76 462 
176 401 
2 2 182 182 182 234 234 234 234 
355 355 355 
289 
100 294 294 367 
22 108 108 108 441 461 497 
104 184 184 184 303 303 303 303 415 415 
14 14 102 102 102 125 125 136 184 236 418 418 418 418 
13 13 13 84 
76 122 222 222 299 299 299 339 374 413 413 508 
239 239 486 489 489 489 
130 130 130 157 157 157 159 159 159 171 171 171 389 389 389 
27 27 27 119 341 353 353 353 353 438 
468 
154 387 387 454 454 454 
117 117 136 136 136 
185 185 491 
290 
413 413 448 494 494 494 
275 275 275 342 
81 121 121 121 389 
257 257 

381 
104 104 354 406 406 

102 117 125 125 125 420 420 420 420 420 
41 41 44 44 184 
104 104 164 164 236 236 236 
381 
170 320 332 332 332 378 378 378 378 
66 66 325 413 
3 389 
217 217 
282 282 282 
452 
103 449 
12 236 236 344 
191 191 304 452 452 452 
250 
248 248 248 408 408 
41 198 198 281 354 508 508 508 508 
175 175 175 262 262 262 364 364 364 368 368 368 368 
325 325 390 
124 374 374 
31 31 31 413 
99 287 287 287 450 492 492 492 492 492 
121 121 121 261 276 
194 194 194 246 271 348 408 408 508 508 508 508 
39 39 39 121 121 121 177 177 177 177 231 231 305 305 330 402 402 433 469 510 510 511 
41 85 85 85 236 272 272 312 
390 455 
208 208 208 228 228 228 228 322 

138 138 293 
82 329 329 
22 39 39 477 
220 220 455 
209 390 
233 233 238 265 265 296 368 368 371 
101 101 101 140 217 371 471 471 
23 23 97 121 121 121 184 290 290 
449 
344 344 
335 335 335 376 
152 152 152 262 262 262 262 262 373 407 413 413 
23 23 23 23 110 247 
93 93 159 159 159 159 283 300 300 414 414 414 414 415 415 415 
28 183 183 373 373 373 373 
68 407 407 432 
222 334 334 334 
30 30 30 30 216 216 216 367 
2 15 15 15 92 92 92 111 111 111 363 363 404 413 413 444 444 499 
2 28 28 178 178 260 260 260 
5 5 12 12 12 14 15 15 15 15 16 31 34 41 41 52 70 76 81 81 81 105 105 116 116 116 117 137 171 202 202 202 202 213 213 246 246 265 267 267 279 284 284 289 289 292 292 292 307 307 315 315 324 345 354 354 355 356 366 396 409 409 415 415 426 465 484 490 490 490 496 496 
126 126 473 473 473 491 
76 245 328 328 328 328 328 373 
382 382 382 
477 477 477 
2 2 91 91 91 
106 106 106 372 
56 148 148 267 267 267 268 268 446 474 
33 59 59 59 281 298 298 298 298 432 499 
43 43 43 65 65 270 286 286 362 413 479 479 
158 158 158 230 230 230 230 
6 6 6 6 6 404 404 
8 8 76 77 77 290 290 373 422 
100 100 100 496 
5 86 151 151 386 386 386 508 
38 76 207 207 

60 211 211 236 415 415 
184 184 184 184 
9 9 9 9 
267 267 274 

39 39 
199 199 337 478 478 
53 72 72 72 72 162 162 162 
168 328 410 413 
35 309 385 398 
201 201 460 
233 233 310 310 505 
184 184 338 
44 44 44 215 215 
214 214 314 314 387 387 467 467 
181 181 181 
143 143 170 
9 271 327 
274 402 402 427 454 
167 167 413 
370 370 
35 119 119 180 314 314 314 376 376 376 413 413 413 483 
98 488 488 
8 96 96 96 96 96 313 313 350 
5 5 24 53 259 377 441 441 458 
292 292 
257 343 392 392 
76 162 162 162 162 245 245 245 398 
13 13 13 76 295 295 316 360 360 360 
83 194 194 194 194 236 236 236 236 303 303 405 415 
39 39 159 159 267 
454 
7 7 169 169 212 212 271 271 276 374 374 374 375 375 
111 111 111 111 296 375 375 375 486 503 
388 430 430 430 430 430 
55 55 56 69 83 83 93 93 104 104 117 138 138 138 147 147 160 201 230 230 230 230 249 252 267 267 269 269 278 283 283 300 300 300 344 415 415 415 415 432 432 432 438 460 460 460 487 487 
104 
169 
120 120 306 306 342 342 405 405 
10 10 10 10 476 476 496 
39 39 62 62 425 425 432 
2 260 260 413 413 413 
31 413 413 494 
358 358 
76 186 228 228 228 
70 70 70 158 184 184 267 267 281 
176 288 401 
150 150 150 408 
40 40 236 
149 374 401 401 401 417 
72 72 72 72 72 
236 
330 
86 86 415 
5 
488 
131 131 227 305 305 
70 70 
70 70 70 93 93 93 93 225 
2 183 183 183 242 242 
81 157 329 
152 152 152 175 175 175 175 175 410 410 410 
315 315 315 
11 11 334 385 385 385 
169 169 184 
282 
39 39 55 101 184 184 191 191 191 204 204 231 236 236 246 246 356 356 378 378 378 378 
47 191 191 274 274 274 274 274 
236 236 365 365 365 415 415 
193 286 
3 3 9 158 218 233 233 282 282 287 297 297 339 339 339 354 374 374 374 375 375 401 401 401 401 408 408 412 412 427 427 442 442 442 
160 160 
5 5 5 354 354 354 472 472 475 475 
39 204 219 268 268 268 268 268 402 402 
129 129 129 
81 95 95 157 233 410 
371 415 415 
236 
5 5 184 
5 5 5 449 449 467 467 467 
67 151 192 246 298 421 421 421 
144 144 144 266 271 271 427 427 427 
177 236 236 
184 184 

193 193 270 
19 64 64 64 64 64 156 156 156 271 412 
247 401 
81 81 113 184 184 359 
23 23 97 127 171 171 196 196 480 
354 354 426 426 426 
51 51 51 51 76 76 184 184 184 226 226 
164 302 408 408 
58 58 114 114 397 397 408 437 
229 229 378 378 378 509 509 509 509 
68 68 169 234 389 389 389 389 425 
271 271 408 408 
67 67 67 192 192 192 192 281 
54 54 54 119 119 119 494 
177 177 236 236 236 
339 339 
293 321 383 485 485 
116 116 116 116 230 230 304 365 365 365 415 
56 148 303 
159 159 257 257 389 392 392 392 482 482 482 
87 87 239 239 370 
184 184 354 396 465 
25 364 364 364 467 467 467 
35 35 210 484 484 484 
212 212 353 375 375 375 
348 348 
84 160 
8 224 224 
76 76 80 95 95 96 215 215 222 222 222 317 349 349 354 354 398 398 413 413 413 418 418 434 434 434 449 455 455 467 467 467 
31 31 73 94 184 184 263 263 263 486 486 486 
229 444 444 
314 349 398 413 413 
413 413 
354 354 429 429 
140 
42 42 42 302 323 323 323 
76 76 76 162 509 509 509 
321 321 321 
41 184 508 
141 153 153 358 358 413 503 503 503 
38 
4 218 
186 186 186 186 186 209 
165 165 261 495 
39 62 71 71 159 253 369 369 425 425 428 
108 108 108 108 108 406 
140 140 140 
339 339 339 385 385 413 413 452 452 452 
180 180 180 264 385 385 413 
174 174 174 448 

207 
213 415 415 415 
46 46 46 119 271 271 271 301 301 333 333 333 381 403 403 403 408 427 427 452 452 470 470 

122 
129 239 239 
227 
69 69 69 147 173 173 236 
52 184 
25 25 25 25 27 27 47 76 76 104 104 104 104 459 459 509 
67 67 67 506 506 
84 84 85 85 158 311 311 
314 314 317 371 481 
224 
432 
402 
27 27 27 76 122 122 122 122 310 
5 5 31 41 41 51 71 76 134 151 184 184 271 273 273 273 291 291 307 314 314 319 319 396 411 411 490 490 490 502 502 508 
112 112 112 184 388 490 
184 267 267 
26 26 26 26 26 367 367 367 431 431 496 
45 45 45 45 89 244 244 325 325 466 503 
61 61 289 495 
76 76 229 229 229 
76 
65 66 66 66 193 413 
182 182 442 
152 152 152 308 308 308 
269 269 269 303 303 303 
104 184 
114 181 357 357 357 496 
152 152 152 152 169 169 442 442 442 442 
330 330 
87 87 87 221 221 306 
169 170 277 349 396 
190 449 449 449 
175 178 178 178 178 186 196 
119 154 154 233 233 233 250 271 271 271 408 408 417 442 442 442 468 
233 233 234 234 234 271 271 310 310 310 
174 222 222 222 
53 53 53 53 56 56 56 225 393 
140 140 140 140 267 267 267 267 295 295 295 
103 

0 0 46 46 46 61 61 61 64 64 64 133 139 339 395 395 395 408 
187 187 187 
63 75 75 302 432 432 
449 449 449 
210 264 264 264 333 333 334 334 413 
198 198 198 
48 124 124 215 215 
235 355 474 
22 22 81 81 82 82 121 121 121 130 142 296 296 296 296 305 414 421 421 421 497 497 506 506 
17 17 153 161 168 

227 227 305 305 305 
377 429 474 
81 495 495 
381 381 381 
184 307 354 371 465 465 
58 294 294 
73 73 73 73 210 228 314 314 317 
41 
5 5 
99 99 110 247 250 250 250 271 271 271 271 288 
39 39 159 159 219 219 274 274 352 
339 339 339 427 427 
6 182 195 195 
39 230 239 239 
37 134 134 331 
175 179 179 413 413 
25 25 25 26 87 87 150 150 158 158 248 271 271 293 293 294 297 297 339 374 374 381 437 453 453 470 
184 184 
76 76 209 262 262 262 276 
354 354 462 462 462 462 
271 271 287 
8 8 35 45 45 45 72 72 72 74 74 76 76 77 92 119 119 128 128 141 155 175 175 182 182 193 209 220 222 222 222 242 242 242 243 243 314 314 314 317 317 318 318 325 333 333 334 362 385 407 407 424 439 448 448 448 494 
22 22 108 108 108 177 177 177 177 389 
37 57 57 93 93 93 93 93 116 116 177 177 177 184 184 201 201 230 236 236 236 236 254 269 269 277 277 303 338 338 338 432 432 432 463 

250 374 
80 117 117 117 117 314 314 

40 136 136 136 136 136 
22 281 281 281 389 389 389 506 506 
196 

413 
103 103 103 241 241 296 330 330 
184 291 291 291 
7 219 271 271 282 282 282 339 339 403 403 
20 71 330 
319 319 393 
62 235 235 235 235 235 
105 105 357 357 440 440 440 496 
179 192 236 236 236 241 351 383 383 415 415 415 460 460 
159 
314 314 314 
449 449 
22 22 474 474 474 474 474 
294 408 
79 79 122 236 
413 
76 431 431 431 
1 5 5 5 85 85 85 85 98 115 225 225 475 475 
271 271 271 363 368 368 368 368 374 374 374 468 
1 5 5 5 5 
15 15 59 182 182 316 316 
41 
56 191 
464 464 464 464 
17 17 128 335 413 413 413 455 455 
146 172 280 280 314 372 372 372 384 384 384 435 435 467 
41 41 41 156 460 460 462 

145 148 148 148 333 333 333 339 339 
408 408 
4 4 124 124 124 219 232 
161 167 314 314 448 448 
5 491 
41 41 
225 
47 346 346 
211 236 236 236 432 432 450 450 
22 115 497 
109 411 411 411 411 450 
63 63 75 415 
447 447 447 447 
85 85 184 307 396 396 
54 72 72 358 
215 215 280 280 280 308 308 308 314 314 314 449 
123 374 442 
159 
339 339 408 474 474 474 474 
101 101 101 170 170 
273 273 475 
185 185 185 
56 191 388 393 436 436 436 436 436 470 470 470 470 487 
85 85 85 85 273 273 441 441 472 
10 100 100 240 240 496 496 496 496 
166 188 188 188 
76 207 207 
193 193 
108 108 290 
349 
305 305 305 
30 30 222 
184 309 309 309 488 488 
302 302 
120 234 315 315 315 489 
29 29 29 56 236 236 474 
223 223 256 484 484 
120 120 120 486 
84 184 184 184 354 354 354 355 
126 185 456 
156 156 156 156 156 
3 3 
128 128 128 243 299 413 
329 359 394 394 
10 10 10 10 32 32 100 184 184 197 240 357 367 431 476 476 476 476 
22 115 389 389 461 

182 192 

54 
41 354 354 
234 325 325 325 358 
5 88 
212 
347 347 389 389 421 421 
104 104 104 
5 5 5 75 86 86 119 151 151 151 151 158 158 158 158 198 324 354 
76 76 295 295 295 295 322 322 322 346 
159 159 
159 
