nodes: 512 edges: 1584
381 
85 85 85 
28 91 92 183 183 183 260 260 260 
5 493 493 
327 
3 34 48 48 48 50 50 88 184 198 198 225 255 273 273 279 279 280 280 280 354 354 400 400 441 443 443 456 508 508 
195 195 195 404 
233 427 
196 350 350 350 413 413 
203 203 203 203 271 
240 240 240 
264 
147 184 184 184 184 184 202 202 
118 118 118 229 229 229 229 
117 117 184 184 
16 16 16 182 182 182 184 184 184 444 444 
15 15 15 
390 448 448 448 
85 85 
104 287 
102 102 102 102 102 444 

115 166 389 389 414 421 421 436 436 461 461 497 
171 171 171 290 290 290 
173 
308 346 346 408 408 
158 158 158 357 357 408 408 
47 122 122 122 122 346 346 353 353 353 509 
2 178 178 183 
487 487 487 487 
181 181 222 483 483 
155 155 172 184 184 243 243 315 354 354 489 
496 
67 192 192 
5 
210 222 309 413 413 
106 106 106 
406 415 
118 199 326 
62 62 159 159 159 206 206 206 206 206 219 219 231 232 241 267 267 302 302 330 330 402 402 405 485 485 485 
67 67 67 192 192 
85 85 85 137 137 151 151 156 156 156 160 184 184 184 324 324 324 354 354 354 445 445 450 450 457 
321 
193 193 
137 214 214 214 
76 76 358 358 358 358 413 439 
339 381 381 381 381 381 
27 76 268 346 459 459 459 
5 5 5 
236 420 
5 5 58 58 255 400 
292 292 292 354 
345 380 
225 
299 299 
195 236 236 
191 191 236 236 304 304 377 377 446 446 474 474 474 487 
374 415 
50 50 294 397 
192 192 192 192 192 444 

359 381 464 
39 39 241 288 330 330 330 430 
463 
287 287 287 381 
193 193 362 362 362 416 416 416 
141 362 362 362 
33 40 40 40 192 281 298 298 347 347 347 
169 179 179 179 296 296 296 
344 
246 246 246 258 259 259 
354 428 428 428 428 
208 251 251 413 503 
94 94 315 315 398 398 398 
76 76 76 76 413 413 413 
383 508 508 508 508 
45 45 47 74 74 74 74 78 78 107 107 119 184 184 186 199 228 228 242 242 245 292 299 314 314 314 322 322 346 346 353 353 353 354 354 354 361 361 361 410 410 410 410 413 413 423 456 509 509 509 
196 413 413 
76 76 
236 236 438 438 438 
314 314 
130 130 130 130 130 184 184 184 261 276 289 289 389 389 389 394 394 
143 143 389 389 
236 237 237 237 
85 85 85 118 118 118 312 348 348 425 
1 1 1 18 18 41 41 41 84 84 84 348 348 441 441 441 441 465 465 465 475 475 475 475 
198 254 254 254 508 508 
306 370 370 408 412 
5 504 
358 358 
358 358 
2 189 189 189 
2 182 404 404 413 413 500 
177 177 236 236 236 236 259 259 259 415 415 415 415 
73 73 216 315 315 315 
276 276 276 314 
224 224 
171 171 290 290 
441 441 
354 354 354 401 401 508 
197 197 476 476 496 496 
170 170 195 195 195 267 378 378 471 471 471 
20 20 20 20 20 117 117 117 117 117 135 
146 146 379 379 415 425 425 425 
19 116 116 116 116 134 138 236 236 237 237 237 346 346 507 
184 184 431 431 
36 36 36 190 190 190 190 372 
76 76 
115 331 331 414 480 480 480 480 480 
483 
176 176 176 211 247 401 401 
182 234 
355 355 355 418 
184 237 289 289 
294 294 294 294 
22 108 497 497 497 
104 104 104 104 184 303 303 303 303 415 415 
14 14 102 102 102 102 102 125 136 184 184 184 236 236 418 418 418 
13 13 13 38 84 84 84 
76 122 122 122 222 237 299 299 374 413 508 
239 239 486 486 489 489 
130 130 130 130 157 157 157 159 159 159 159 171 171 171 389 389 389 389 
27 27 27 27 119 119 119 310 341 353 353 353 353 353 438 
180 468 468 
387 387 387 
117 136 136 
185 491 491 491 
371 
413 448 494 494 494 494 
275 275 275 275 283 342 
81 81 81 81 81 121 121 121 121 389 389 
257 257 257 257 


104 354 380 406 406 406 406 406 
102 473 
117 125 125 420 420 420 
41 41 44 184 
104 236 236 461 
381 
320 332 332 378 
66 413 413 
143 
82 82 142 171 217 217 
282 282 282 445 
452 
103 103 379 379 
12 236 236 
191 191 304 304 304 452 452 452 452 
250 250 250 349 
248 248 408 408 
41 41 198 198 198 281 354 354 508 508 508 
175 175 175 262 262 292 292 364 364 368 
325 325 390 390 
374 374 374 
31 31 243 243 243 413 413 
41 41 41 287 287 287 287 287 450 450 
121 121 121 276 276 
26 26 26 194 194 246 271 348 408 408 408 508 508 508 
39 39 39 121 121 121 121 177 177 177 188 188 205 227 227 231 231 330 330 402 402 428 428 433 477 511 511 
41 312 312 312 498 498 498 
390 
208 208 228 228 228 228 228 322 

293 293 293 293 293 
329 329 
22 477 
455 455 455 455 
209 209 390 390 390 390 390 413 
68 233 265 265 296 368 368 368 368 371 
101 101 371 371 371 471 471 
23 23 23 97 97 121 121 121 143 184 290 290 
31 449 
24 344 344 
222 222 335 376 376 
152 152 152 262 262 262 373 413 
110 110 110 247 247 
93 93 159 159 159 283 283 414 414 414 415 415 415 
28 28 183 183 373 373 373 
68 68 68 407 407 407 407 432 
123 222 222 334 334 
30 30 216 216 216 216 
15 15 15 92 111 220 220 363 363 363 385 413 413 413 444 444 499 499 499 
2 2 2 28 178 178 260 260 260 
5 12 12 12 12 12 14 14 15 15 15 31 31 41 41 41 76 76 81 81 81 105 105 113 116 117 117 117 137 171 202 202 202 213 221 236 236 246 246 258 260 260 265 267 267 279 279 279 284 289 292 292 315 315 315 324 324 345 354 354 355 356 366 366 396 409 415 415 426 426 465 490 496 496 
126 473 473 491 
76 245 245 245 328 328 373 373 440 
382 382 382 382 
159 159 477 477 477 
91 91 91 437 
106 106 106 106 
56 56 148 148 236 236 267 267 267 446 474 474 474 474 
33 33 40 40 59 59 59 59 59 67 236 236 281 281 298 298 298 432 499 
43 43 65 65 270 362 362 479 479 500 
158 158 230 230 
6 6 6 55 101 101 101 236 404 404 404 
8 77 200 200 350 350 373 422 
100 100 
5 5 86 151 151 151 386 386 386 508 508 
38 76 
196 196 
211 211 236 415 415 
12 12 184 184 184 
9 9 9 9 
267 274 274 274 
159 
39 39 39 39 39 
337 478 478 
72 162 162 
168 168 328 328 413 
35 309 
110 201 201 460 
233 233 233 310 310 505 
184 338 338 338 
44 44 44 215 215 314 
214 214 387 434 434 434 
94 181 181 181 181 
143 143 
271 271 327 327 327 
39 39 232 402 427 454 454 454 510 
182 182 413 
184 370 
30 35 119 174 174 180 180 314 314 376 376 376 413 413 413 483 
488 488 
96 96 313 313 313 350 350 
5 53 259 259 377 377 419 419 441 458 458 458 
292 
159 159 
76 76 162 162 162 162 162 245 398 398 398 398 
13 13 13 13 360 360 
194 194 303 405 415 415 
39 159 159 267 267 267 267 391 
39 219 
7 169 212 212 212 238 271 271 276 310 374 374 374 375 375 408 
111 296 375 375 375 375 503 
388 430 430 430 
49 55 55 56 56 79 79 83 93 93 93 93 104 104 117 117 138 138 147 147 184 184 191 191 192 192 195 201 249 252 267 267 269 269 278 278 283 300 300 300 356 415 415 415 432 460 487 
83 83 83 104 104 104 113 119 
233 412 
120 120 306 306 405 
10 10 10 476 476 496 496 
39 62 425 425 425 425 
76 76 260 260 413 413 413 
31 31 155 155 155 413 413 
325 
76 186 186 186 228 
70 70 70 158 184 184 267 267 267 281 404 
110 176 176 401 
150 150 408 412 
236 
149 149 149 374 374 401 401 417 
72 72 
236 
330 
86 86 86 415 415 508 
5 50 
273 273 273 354 354 
131 131 131 131 
70 184 
70 70 93 93 93 225 225 
2 2 2 183 183 183 184 184 242 242 
81 329 
152 152 175 175 175 410 410 
315 
11 
169 169 184 

39 39 101 184 184 191 191 191 204 231 231 231 231 236 236 246 246 246 268 268 268 356 356 378 378 378 471 
47 267 267 267 274 274 274 274 274 285 
236 236 365 
193 286 
9 158 218 218 233 233 282 282 287 287 297 297 327 339 339 354 354 374 374 375 391 401 401 401 408 408 442 442 453 

5 5 256 256 256 354 354 472 475 
204 204 204 268 268 268 268 268 402 402 
129 129 129 129 
81 95 95 95 157 157 233 383 410 
371 
236 236 
5 5 184 184 184 
5 5 5 308 467 467 
67 151 192 192 246 298 421 421 
144 144 144 271 271 284 427 427 427 
129 177 177 236 
184 282 
268 
270 413 
19 64 64 64 156 156 156 156 156 271 271 412 
62 401 401 
81 81 113 113 184 
23 23 23 97 97 171 171 
354 354 354 354 426 426 
51 51 51 76 152 152 184 184 226 364 364 423 423 444 
164 164 164 164 164 408 408 
58 114 114 114 114 397 437 
323 378 378 509 509 509 509 
68 68 68 169 234 389 389 389 389 
271 271 408 
67 67 192 192 192 281 421 
54 54 76 119 119 
236 236 236 

39 39 321 321 383 485 
116 116 116 116 230 365 365 365 415 415 
56 56 148 148 148 
392 392 392 392 392 482 482 
87 239 239 370 
354 354 465 
25 280 364 364 364 364 467 
35 210 484 484 484 
122 212 212 233 353 353 353 375 375 375 375 
348 
84 160 160 160 
224 224 224 
76 76 76 80 80 95 214 222 222 317 354 384 398 413 413 413 418 455 467 481 
31 73 73 94 94 94 184 184 184 263 336 336 

314 398 413 413 
382 
354 354 429 429 
140 
42 302 302 323 323 323 
76 76 162 509 509 509 
295 321 321 321 359 359 
41 41 41 184 184 
153 153 244 503 503 
38 
4 218 218 218 271 
186 186 209 209 
165 165 261 495 
39 39 62 62 62 159 159 253 425 425 428 428 428 428 428 
108 108 
140 140 407 
339 339 385 385 413 452 452 452 
180 180 385 385 413 413 413 
174 
315 315 
207 
213 213 213 415 
46 271 271 333 333 381 395 403 403 403 408 408 408 427 427 452 470 470 470 

122 
129 

69 173 173 447 447 
52 184 
25 25 27 27 47 76 76 104 104 459 509 
67 67 67 506 
84 84 85 85 158 311 
149 371 481 481 
8 8 8 196 196 224 224 
432 432 
402 402 
27 27 27 76 76 76 122 122 122 122 122 310 310 310 456 
5 5 31 31 41 41 41 51 71 76 76 76 99 99 99 134 151 151 184 184 256 256 271 271 273 273 291 291 291 291 307 307 314 319 319 411 411 411 450 450 490 490 490 
112 112 112 184 388 388 388 
184 236 267 267 
26 26 367 431 496 
45 45 45 45 89 89 90 90 503 
61 323 323 495 495 495 
229 229 
76 76 76 
65 65 65 66 66 66 193 193 
182 182 182 
152 152 292 292 308 308 308 308 410 
269 303 303 303 415 
184 184 
357 496 
152 169 169 169 169 442 

87 87 221 306 
127 169 170 170 170 277 349 
106 449 449 449 
175 178 178 178 186 186 196 
57 119 154 154 154 233 233 233 250 250 271 271 408 408 408 417 417 417 442 442 468 
233 233 234 234 234 234 271 310 310 310 310 
174 174 222 222 222 
56 56 225 225 393 
101 101 140 267 267 267 295 295 
103 103 146 146 
52 134 
0 46 46 46 46 46 61 64 139 339 395 408 408 408 
187 187 187 187 318 
75 276 302 415 415 415 432 432 432 
314 449 449 
182 333 333 334 334 413 413 413 
198 198 198 
124 124 124 215 434 434 434 
235 355 355 355 
22 22 81 81 81 82 82 121 121 121 121 130 130 296 296 296 296 414 421 497 506 506 506 506 
17 153 153 161 168 168 168 168 168 
231 271 
305 305 305 305 305 
377 429 474 474 474 
81 81 495 
339 381 
184 465 
58 294 
73 73 73 228 228 228 228 314 317 

5 5 50 
99 99 110 110 247 250 250 271 271 271 288 288 
39 39 159 159 219 274 274 352 352 510 
339 339 339 427 427 
6 92 92 195 195 195 246 
39 230 239 
37 134 134 134 134 134 
179 179 179 179 332 
25 25 26 26 87 150 150 158 158 158 233 248 271 271 293 293 297 339 339 339 374 374 374 381 381 381 453 453 453 470 470 
184 
76 76 76 76 262 262 276 364 
354 354 354 462 462 
87 238 248 287 458 
8 8 35 35 45 72 74 74 74 76 76 77 77 92 92 119 128 141 141 155 155 168 175 182 182 182 209 220 222 222 222 242 242 242 243 243 286 314 314 314 317 317 333 334 334 334 385 385 385 439 439 448 
22 108 177 177 177 389 
37 57 93 93 93 93 103 116 116 177 177 177 184 184 201 201 230 230 236 236 236 254 254 303 303 338 365 383 383 383 432 463 
65 65 65 
250 374 374 374 
112 117 117 117 314 
225 225 
49 136 136 136 
22 22 281 281 298 389 435 506 506 506 
196 
76 292 292 

84 103 103 103 241 241 241 241 330 330 
184 184 291 291 
7 219 282 282 282 339 339 403 403 
71 71 71 71 159 159 330 330 330 330 330 
319 319 393 
62 235 235 235 
105 105 357 440 440 440 496 
179 192 236 351 351 383 383 383 415 460 
159 
215 215 215 387 387 387 
421 449 449 449 
22 22 474 474 474 474 
189 294 
79 79 79 122 
45 413 413 
186 431 431 431 
5 85 85 85 85 98 98 225 475 475 475 
271 271 368 374 374 468 468 
5 5 
15 15 20 59 182 182 292 
41 41 144 
56 56 191 
344 344 464 
17 17 17 128 413 
172 372 372 372 384 384 435 435 435 467 
41 41 156 156 354 354 460 460 460 460 462 462 

145 148 148 148 148 333 333 333 339 464 
271 408 408 408 
219 219 219 
167 167 167 167 314 
5 76 353 491 491 
41 
225 225 225 412 
47 47 47 346 
211 236 432 450 450 450 450 
22 22 138 
411 411 450 450 
63 415 
61 447 452 
85 85 85 184 307 396 

280 280 308 314 449 
123 123 374 442 442 

339 339 339 408 408 474 474 474 474 
101 101 101 170 170 267 
273 475 475 
135 185 185 
56 56 56 191 191 191 191 393 393 393 436 436 436 436 470 470 470 470 
85 85 85 85 273 441 441 441 472 472 
100 100 240 240 496 496 496 
159 166 188 188 188 
207 207 
193 193 
108 108 108 108 108 
314 349 349 
305 305 
30 30 109 222 
309 309 309 488 488 488 488 
39 39 39 302 
120 120 489 
29 29 29 29 56 236 
223 223 484 484 484 484 
31 120 120 486 
184 354 354 354 
126 126 126 185 456 456 

3 3 
128 128 128 128 
329 359 359 359 394 
32 100 100 184 184 240 240 357 367 431 476 476 476 
22 115 115 115 389 
160 160 160 
182 182 182 192 
92 193 


72 234 325 325 358 
88 
212 
347 389 389 389 389 421 421 421 
104 
5 5 75 75 75 75 86 86 99 119 151 151 151 158 158 158 198 198 254 
27 76 76 76 295 295 295 295 322 322 322 346 
219 402 
159 159 
