nodes: 512 edges: 962

85 443 
28 92 111 111 183 189 260 
142 271 493 
454 
34 48 48 50 88 184 198 225 225 225 273 273 279 280 280 280 354 441 441 443 443 504 

233 427 
196 196 224 413 413 
203 203 203 271 271 
240 240 476 476 496 
264 

76 76 118 118 118 
117 117 117 184 
16 16 182 184 
15 15 184 
448 448 448 
85 
104 104 104 

31 
108 389 436 497 
176 176 290 290 

308 408 
44 158 158 357 357 408 
47 122 122 353 353 
2 183 
487 
180 180 222 
21 155 184 184 243 243 243 243 315 354 489 
496 
192 192 
5 
222 

83 
90 199 358 358 
62 159 166 206 206 231 231 241 267 267 274 302 330 330 477 485 
67 192 192 192 
137 151 151 156 156 160 160 184 324 354 354 399 399 450 457 
321 
193 
26 
76 76 76 358 413 439 
339 339 381 
27 346 
5 5 

5 58 58 92 

345 
377 
299 466 501 
195 
236 304 377 438 446 474 474 474 487 

50 50 
192 192 

359 359 381 464 
39 241 288 330 
383 383 
287 287 
193 362 
362 
40 298 298 298 347 347 
169 179 296 296 
236 
258 259 
330 330 428 
251 251 413 413 466 503 
94 398 
76 413 413 
383 508 508 508 
13 13 45 45 45 74 107 107 184 184 184 186 196 196 207 207 228 229 292 314 314 322 346 346 346 353 354 410 413 413 456 456 456 464 509 509 
413 

236 438 
314 418 418 
82 130 130 184 184 184 276 389 389 
81 143 389 389 
37 
85 85 118 312 
1 18 84 84 160 348 441 441 441 465 465 475 
198 254 
306 370 408 408 
5 504 
358 
38 

2 50 404 413 491 
177 177 236 236 236 259 259 259 415 
73 315 
276 276 314 
224 314 314 
171 290 290 
441 441 
156 
197 476 476 
170 170 170 195 195 267 267 471 471 471 
117 135 136 
146 379 425 425 
19 19 19 116 134 236 237 346 
372 431 508 
190 190 190 372 
76 76 
22 115 115 331 480 
483 
247 401 401 
2 2 182 
355 
184 289 289 289 
294 294 
108 108 
104 184 303 451 
14 14 14 102 125 125 136 136 184 184 184 236 418 418 
13 13 13 84 
122 122 222 299 374 413 413 508 
239 239 239 486 486 
130 130 130 157 157 159 159 159 159 171 389 
27 27 119 119 222 222 310 353 353 353 
180 468 468 
454 454 
117 117 
185 491 

413 413 494 494 
275 275 342 
81 81 121 121 121 
257 


104 380 406 406 
102 473 
102 117 117 420 420 
41 184 
164 236 
381 381 
170 378 
413 
3 
82 


103 379 381 449 
236 236 236 466 
191 304 304 452 
250 
248 408 408 408 
41 41 198 354 508 508 508 
175 175 262 292 292 364 368 368 368 368 
325 390 390 390 
374 374 
31 413 
41 41 99 287 450 492 
121 121 261 
26 26 194 246 271 408 508 
39 121 121 121 121 177 177 177 205 227 231 231 305 305 330 402 428 433 477 477 511 
41 41 85 272 272 272 312 498 

208 

138 293 

39 477 
455 
209 390 390 413 413 
68 233 238 265 265 296 368 368 
101 101 101 140 217 371 
97 121 290 


222 222 335 376 413 
152 152 262 407 407 407 413 413 
23 23 247 
93 93 159 159 159 283 300 415 
183 373 373 373 
68 432 
30 30 123 222 222 334 334 334 334 
216 
15 111 340 385 404 413 444 499 
2 28 178 260 260 
5 14 15 16 31 31 41 76 76 76 81 81 81 113 116 117 117 117 137 202 202 202 213 236 236 246 258 258 260 260 267 267 267 284 289 292 292 324 354 355 409 409 415 415 415 426 465 496 496 496 
126 473 
76 328 328 328 373 373 440 
382 382 382 
477 
2 
106 106 106 372 
148 236 267 268 268 446 446 446 474 
33 33 40 40 40 59 59 236 281 298 298 432 
43 65 286 358 362 362 413 
158 230 230 
55 101 101 404 404 
8 8 76 76 200 200 350 373 373 373 382 
100 496 496 
5 86 151 508 
38 207 
196 196 
211 211 
184 184 184 
9 9 9 
267 274 274 
159 
39 39 402 
76 76 199 337 337 478 478 
162 
168 413 
309 
201 201 460 
310 310 503 
184 338 358 
314 314 
314 387 387 387 387 434 
181 
170 
327 327 
232 274 402 402 454 454 
413 
370 370 370 
30 35 119 122 122 174 174 180 180 376 376 413 
488 488 
8 96 350 
5 5 5 377 377 377 393 419 441 

159 343 392 
76 398 
76 360 
194 194 236 236 415 
39 39 159 159 267 267 267 
219 454 454 
7 169 238 271 271 271 276 310 310 374 374 
296 375 375 503 503 

56 69 79 93 93 93 104 117 138 147 147 147 184 184 191 192 230 230 267 267 267 269 275 283 283 300 344 344 356 415 415 415 460 460 487 487 
104 
169 233 
120 120 120 306 342 342 405 
10 10 496 
39 62 
413 413 
31 31 31 31 311 311 413 413 413 494 
325 325 

158 184 267 267 281 404 
110 176 
150 408 

149 374 401 417 
72 72 

330 330 
86 415 


131 
70 184 184 
70 93 93 93 
2 183 183 184 184 
157 
152 175 410 
315 
11 334 385 
169 169 
282 
39 39 101 101 184 184 184 191 204 231 231 231 236 236 236 246 246 268 274 356 378 378 378 471 
191 191 267 274 
236 415 

3 9 9 158 233 233 233 282 287 287 339 339 354 354 374 401 401 408 412 
160 160 160 
5 5 354 472 475 
39 204 204 219 267 268 
129 129 236 
81 95 95 233 


5 
5 5 5 308 467 
192 246 298 421 
266 271 284 427 427 
177 236 236 415 
184 282 

193 
64 64 156 271 271 
62 401 401 
113 113 113 184 359 
23 23 97 97 171 
354 426 426 
76 152 152 184 184 364 364 423 423 444 
164 408 408 
114 114 397 397 397 
378 
68 68 169 234 389 389 389 389 425 
408 
67 67 67 192 192 281 421 
54 119 
177 236 
339 
39 321 321 485 485 
116 365 365 415 
56 148 148 
159 159 482 482 
87 239 370 408 
396 465 
25 280 364 
210 
122 212 212 233 233 353 353 353 375 375 
243 243 348 
84 160 

76 76 80 95 96 96 214 214 215 317 349 354 354 384 398 398 413 413 413 418 449 449 481 
31 94 263 336 486 

314 398 398 413 

429 429 

42 302 302 323 
76 509 
321 
41 184 
153 244 244 358 413 503 

218 218 
186 186 186 
495 
39 39 62 71 71 159 253 253 369 428 428 
108 406 

339 385 385 385 452 
180 180 180 180 264 
174 
315 
207 207 
213 415 
46 46 271 271 301 333 381 403 408 452 470 
182 

129 239 239 
227 
236 236 447 447 
52 
47 76 76 76 104 
67 67 506 
85 311 
314 481 
196 224 
432 432 
402 402 402 
27 27 76 122 122 122 310 310 310 456 
5 31 41 41 76 151 184 271 271 273 291 314 314 396 411 490 490 490 
112 184 490 490 
236 267 
26 26 
38 38 45 89 193 213 325 466 503 503 
61 61 289 385 495 
229 

65 66 193 193 413 

152 292 292 308 410 410 
303 303 


152 152 152 152 169 169 442 442 
330 
87 221 221 221 306 
170 
105 106 190 
178 178 178 186 186 196 196 196 
119 154 154 233 233 250 271 417 468 
234 234 310 310 
174 222 222 
53 56 225 225 225 
140 267 267 267 295 
103 146 
134 
46 61 139 139 146 339 395 408 408 
187 187 187 196 413 
63 63 75 415 432 
314 449 
182 264 333 333 333 359 413 413 

215 215 215 215 

22 81 81 82 82 121 296 296 296 296 414 421 497 506 
153 153 153 168 168 

227 
225 474 

381 
307 354 465 
294 294 294 
73 228 314 314 317 317 
41 41 

110 110 250 271 271 288 288 
159 206 219 219 352 352 352 
339 
92 182 195 195 246 453 
239 
134 134 331 
175 175 175 413 
25 26 87 87 150 150 150 158 248 271 293 293 297 306 339 381 381 437 437 453 
184 184 
76 262 364 364 
354 462 462 
271 
8 8 45 72 72 74 74 76 76 77 92 119 119 128 128 141 155 168 168 174 175 175 182 193 209 220 222 242 242 243 243 243 314 314 314 317 325 362 382 385 385 407 455 
389 
93 177 184 184 184 230 236 236 236 254 269 283 303 338 383 

250 374 
80 80 117 117 314 
225 
136 136 441 
281 298 389 

292 292 

103 103 296 
184 291 291 
7 282 282 
71 159 330 330 
319 319 

105 440 
179 192 351 351 383 
159 
215 
449 
22 
408 408 
56 79 
45 
186 431 
5 5 85 85 85 98 98 225 420 475 
368 368 
1 5 5 
182 292 

56 191 191 191 
344 344 464 464 464 
17 17 17 455 455 
146 314 314 384 435 
41 156 460 
116 
148 333 339 464 464 
404 408 
4 124 124 219 219 232 232 
167 413 448 448 
76 76 76 353 
41 


211 236 236 450 
497 
411 411 

61 76 447 447 447 452 452 
85 85 184 307 396 
54 72 147 358 
280 
123 123 374 
511 
339 474 474 474 
101 101 101 267 
273 475 
135 185 
56 56 56 191 393 470 470 470 487 487 487 
85 273 441 472 
10 10 100 100 496 
39 159 159 166 188 
207 207 

108 
314 349 
305 305 
109 
488 488 
39 302 302 
120 120 315 
29 56 236 236 474 474 474 
223 223 484 484 
31 
354 354 354 355 355 
92 126 
156 
3 
128 128 243 
329 359 
10 32 184 184 184 197 197 240 476 
22 389 461 
160 
182 

54 

72 212 234 234 325 358 358 
5 88 

347 389 

75 75 75 105 119 151 151 151 158 198 
76 76 322 

159 469 
