nodes: 512 edges: 976
381 
85 85 441 
28 91 183 189 189 242 260 
271 
454 
34 48 50 50 88 88 88 184 184 198 225 255 273 273 279 280 280 354 400 400 441 441 443 456 

233 
313 413 413 
203 203 
240 240 476 476 496 
264 

229 229 229 
117 117 
182 184 

390 


428 444 

389 414 421 436 497 
171 176 176 290 290 

346 346 408 408 
158 158 357 357 408 408 
346 346 
2 
487 487 
180 181 483 
155 155 172 243 243 315 315 354 354 489 489 
496 
84 192 
5 
309 413 
106 106 
406 
199 358 358 
159 159 166 166 206 206 219 231 231 241 241 267 274 302 302 330 330 402 402 
192 249 
85 85 85 137 151 151 151 354 450 450 457 
321 
193 
137 214 214 214 
76 358 413 413 439 
64 339 381 381 
459 459 459 
5 
236 420 
5 5 58 58 58 58 92 
292 292 292 292 354 
184 380 

299 299 501 501 
195 195 
236 304 377 377 474 487 487 
374 415 415 
50 50 50 50 
192 

359 359 381 
241 330 
383 383 463 
46 287 287 
193 193 362 416 
141 362 362 
298 298 347 
179 
236 
184 246 246 258 259 259 
428 428 
208 208 325 413 413 466 466 503 
128 315 315 398 
76 413 
383 463 463 463 
45 74 109 119 186 186 196 196 199 228 228 228 242 242 292 292 292 314 314 322 346 353 354 360 360 360 361 413 413 413 423 440 456 509 509 


236 236 438 
314 
130 184 184 261 289 289 289 329 389 389 

237 237 237 
33 85 85 118 118 312 348 425 
1 1 41 41 41 84 84 160 348 441 441 465 475 475 
198 508 508 
306 306 408 408 
5 5 5 504 
358 358 
358 
2 189 189 
50 182 413 
177 177 236 236 259 259 415 415 

276 276 276 276 314 
224 224 

329 
156 320 354 354 401 401 508 
496 
148 170 267 378 378 471 
117 117 117 136 
379 
134 236 346 346 366 
184 372 431 508 
36 36 190 

331 414 480 480 
76 462 
247 247 

355 355 
184 289 
294 367 
497 
184 303 
14 14 102 102 102 125 184 184 236 236 236 418 418 418 
84 84 292 
76 122 122 222 222 222 339 413 413 413 
239 239 489 
130 157 157 157 159 171 171 171 389 
119 119 353 353 
468 
154 454 454 
117 
185 491 491 491 
290 371 
73 494 494 494 
275 283 
81 121 
257 257 

381 
104 354 380 

102 
41 44 
164 461 

332 
66 237 413 

217 217 
445 
319 
381 
236 236 
101 452 
349 
248 408 
41 41 41 198 214 281 354 508 
175 175 262 364 364 368 368 
390 390 390 
124 374 
31 31 243 413 
99 287 450 450 450 492 492 492 
121 121 121 276 
26 26 194 194 246 271 348 408 408 508 508 508 
39 39 121 177 177 177 188 188 205 227 231 330 330 402 428 433 433 469 477 510 
85 236 272 272 

208 322 322 

138 293 
329 
39 39 477 
220 455 455 455 455 
209 209 209 390 413 
233 238 296 296 368 368 
101 217 371 
23 121 121 121 184 
31 

335 376 
152 152 262 262 262 407 413 413 
23 23 247 
93 93 159 159 159 283 283 300 415 415 
183 373 
68 407 
30 
30 216 216 216 367 
15 92 363 413 413 444 444 
2 178 260 
5 5 15 52 70 81 81 105 113 116 117 117 171 202 202 236 258 260 260 267 267 267 279 289 289 307 307 315 356 366 396 396 409 415 426 484 496 496 496 
126 473 491 
76 76 245 373 373 373 373 
382 382 
159 159 477 
2 2 91 91 
106 372 
236 236 236 267 267 446 474 
33 40 59 236 236 236 298 298 298 
43 65 65 358 362 362 413 413 479 500 500 
158 158 
55 55 236 404 
76 76 290 290 373 373 422 
372 496 
5 86 151 386 508 508 
38 76 207 207 207 

211 236 236 236 
184 184 
9 9 

159 
39 39 
199 199 199 337 
72 72 162 
168 168 168 413 413 
309 309 398 
201 
233 310 310 505 505 
338 338 358 
44 44 44 151 215 314 
214 387 434 467 467 
181 181 181 
143 143 170 
271 271 271 327 
39 402 427 
167 413 
370 370 370 
119 119 119 314 413 413 
488 488 
96 96 313 313 
5 259 377 441 458 

159 257 257 343 
76 76 76 245 285 
13 13 13 
236 303 415 415 
39 39 159 267 267 
454 454 
7 169 212 238 271 271 310 
375 503 503 
430 430 487 
49 56 69 79 79 93 93 104 117 117 117 147 147 160 184 191 191 191 192 192 192 195 201 201 201 230 267 267 269 269 275 300 344 415 415 415 415 432 487 
83 83 83 141 
169 233 412 
120 120 306 306 306 342 
10 10 
39 39 62 425 425 425 425 
2 76 76 260 413 413 
31 31 155 311 413 494 
358 358 
186 228 
70 70 158 267 267 267 404 
110 110 176 288 401 
150 408 412 
40 
374 374 401 401 401 417 


330 

5 
354 354 
131 131 227 227 305 
70 184 409 
70 70 93 93 225 
2 183 184 184 242 
81 329 329 
152 175 175 175 
315 
11 334 


39 101 184 184 184 191 191 231 231 236 236 246 246 246 268 268 274 378 378 471 471 
267 267 274 
236 236 365 365 
286 
3 158 218 218 218 233 233 287 297 354 354 374 375 401 401 401 401 408 412 442 
160 160 
5 5 354 354 472 472 
39 267 268 402 
129 236 
95 95 95 95 157 383 
415 

5 184 
5 5 449 449 467 
151 421 421 421 

129 177 177 415 

228 
270 
64 64 156 271 412 
247 401 
81 81 81 113 184 184 
23 23 127 196 196 480 480 

51 51 51 51 76 76 76 118 364 364 423 423 
164 302 408 
114 408 437 
378 378 378 509 
169 169 389 389 425 425 
271 408 408 
67 67 192 192 192 
54 54 494 
177 236 
339 
39 39 293 321 321 321 321 
116 230 365 365 415 
56 
257 389 482 
87 87 239 239 239 
184 184 465 
364 467 
35 210 210 484 
212 212 233 353 353 375 
243 348 
84 
8 224 224 
76 76 80 95 214 222 319 354 413 413 449 455 467 467 
31 31 73 73 184 263 486 486 486 
444 444 509 
398 413 
413 
145 314 354 354 429 429 
99 357 
42 302 302 302 302 323 323 
76 162 162 509 509 509 
321 321 359 

72 

218 
491 
81 98 165 261 261 
39 39 62 159 159 253 369 425 428 
108 
140 413 
339 339 413 
264 385 413 
174 

207 
213 213 415 415 415 
46 119 301 333 333 381 403 408 408 427 470 


239 
227 
236 447 

25 25 27 27 76 104 104 
67 
84 85 158 311 
149 481 481 

432 
402 
76 122 122 310 310 456 
5 31 31 41 51 76 99 99 134 151 256 256 271 271 273 273 314 319 319 411 411 411 450 450 490 490 502 502 
112 112 490 490 490 
184 
26 26 320 367 431 496 
38 38 45 89 89 90 193 213 244 244 503 
61 61 323 495 495 495 
76 76 76 
76 
65 66 66 193 193 
182 
152 152 292 292 308 410 
269 269 303 303 415 
104 184 
114 181 357 496 496 496 
152 152 169 169 442 
330 
221 221 221 
127 170 
105 190 197 449 449 449 
178 186 186 186 186 196 196 
57 154 250 250 271 408 468 
234 271 310 
174 
56 56 225 
101 101 267 267 295 295 295 
103 
52 134 
0 46 46 61 133 146 339 395 408 408 
187 187 
63 63 75 276 415 415 432 
449 
334 413 
198 
215 434 
474 474 
22 81 81 121 296 296 305 414 421 421 497 
17 153 153 153 168 448 


458 474 474 
495 
381 
184 184 465 465 465 

73 210 317 

5 5 
99 99 247 250 250 250 271 271 271 271 288 
39 39 159 219 274 352 
339 
195 246 453 

37 
175 179 413 
25 25 26 26 87 87 150 158 158 248 271 293 294 297 297 339 339 374 381 381 470 
184 258 
364 
354 354 354 462 462 
238 248 271 287 458 
8 8 35 45 45 72 72 74 76 76 76 92 119 119 119 141 155 168 175 175 182 182 193 193 209 209 220 222 222 242 242 243 314 314 317 318 332 333 334 385 407 439 439 439 448 448 455 455 
22 108 389 
57 57 93 93 177 177 184 230 230 236 236 236 236 277 283 303 338 338 338 365 383 383 432 432 463 463 
65 
250 
117 117 117 

49 
22 281 281 281 389 389 
196 
76 292 292 

84 241 241 241 241 296 296 330 
184 
219 339 
20 71 71 159 330 
319 319 
235 235 
105 357 440 496 496 
236 351 383 415 415 
159 159 
215 387 

22 
294 
79 
45 413 413 413 
76 431 
1 5 5 85 85 225 475 475 
271 368 468 468 
5 
20 182 182 316 316 
144 
191 
344 464 464 
390 413 413 455 
280 280 314 372 372 372 384 467 
41 41 156 156 156 354 354 460 460 460 460 462 

148 467 
404 
4 124 124 232 232 
167 167 167 167 314 413 413 448 
5 76 353 
41 
225 393 412 
47 47 47 
450 450 450 450 
138 
109 411 411 450 
63 75 75 75 415 415 
447 447 
85 307 396 396 396 
72 72 
215 215 280 308 314 314 449 452 
123 374 442 442 
159 
339 408 474 474 474 
101 267 267 
273 273 475 475 
185 
56 191 388 388 393 393 470 470 470 
85 85 441 441 472 472 
10 10 496 
159 166 188 

193 
108 108 290 290 
349 349 
305 
30 
184 309 488 488 

315 315 315 489 
29 29 56 56 235 236 
223 223 484 484 
31 31 120 486 
354 354 355 355 355 
126 126 126 185 328 
156 156 156 

128 128 128 243 299 
359 359 359 394 
10 32 100 184 184 184 197 357 367 367 367 431 431 476 
22 115 389 


193 193 
54 54 
354 354 
72 234 234 358 
88 
212 212 


86 86 99 105 151 158 158 158 198 198 
76 76 295 316 322 322 322 
159 

