nodes: 512 edges: 963
381 
85 85 441 443 
91 92 182 189 189 260 
5 271 271 493 
454 
3 34 48 50 88 88 184 184 225 279 280 441 441 443 443 508 508 
195 
233 
196 313 413 413 
218 271 271 
240 476 496 

184 355 
76 76 118 229 
117 
16 182 182 184 184 444 
15 
390 448 
85 
287 
102 

115 115 389 421 421 436 497 
176 176 290 290 

408 408 
357 357 357 408 
346 346 353 353 
178 183 

180 180 483 
155 172 184 243 243 243 354 486 489 489 

84 
5 184 
210 210 222 309 309 413 
106 106 
83 415 
199 326 358 
62 159 159 206 206 206 219 231 241 241 267 267 274 302 302 330 330 402 405 405 477 485 
67 192 192 192 
85 85 137 151 184 184 324 354 399 399 445 450 
321 
193 
137 137 137 
76 358 358 413 413 439 
64 
459 459 459 
5 

5 58 58 
292 
184 
225 377 
501 

191 191 236 304 438 474 487 

50 50 294 
192 428 444 
201 
359 381 
39 241 430 430 
383 
46 287 287 381 
362 
362 
40 192 298 298 298 298 
169 179 
344 344 
184 246 258 259 259 
330 330 354 428 428 
208 208 208 251 413 413 413 466 
94 94 315 398 398 
76 76 76 413 413 
383 383 
13 13 45 74 74 74 119 184 186 196 196 207 242 292 314 314 322 346 346 346 353 353 354 360 410 410 410 413 413 413 440 440 478 478 509 
196 196 

438 

82 130 130 184 184 184 261 289 289 389 389 389 394 
81 389 
37 236 237 
33 85 118 348 348 348 425 490 
1 1 18 41 41 84 160 441 441 441 465 465 
198 
306 
5 5 
118 358 
358 
2 189 
2 182 413 413 
236 236 259 259 415 
73 73 216 315 
276 314 314 
224 224 224 
290 
441 441 
320 354 354 401 
476 496 496 
170 170 195 267 267 471 471 
20 117 117 
146 379 415 
116 134 236 236 237 346 507 
184 372 431 
36 36 190 190 190 372 

115 331 331 331 414 

401 
182 234 
355 418 
184 
294 294 367 
22 22 108 441 
104 415 415 
14 102 102 136 184 184 184 236 236 
13 84 89 292 
76 122 222 237 299 374 413 413 
239 489 
130 130 157 159 159 159 159 171 171 171 389 389 389 
119 222 222 222 310 353 353 
468 
387 454 

185 491 
290 
413 448 448 494 
275 275 275 283 
81 81 121 121 389 389 
257 


104 354 354 380 380 406 

117 420 420 
41 44 44 44 184 184 
164 236 
381 
320 320 332 332 378 

143 389 
142 217 217 
282 

103 169 379 379 449 
344 
191 304 304 452 
250 
248 408 
41 198 214 281 354 508 
262 292 368 368 
325 

31 413 
287 287 450 492 
121 276 
271 408 508 508 
39 39 121 121 121 121 177 177 177 231 231 305 305 330 402 428 428 433 469 477 510 
85 236 498 498 
455 
208 228 228 322 
166 
138 293 293 

163 477 
220 
209 390 413 413 
68 146 233 296 296 368 368 
101 101 371 371 471 471 
121 121 121 184 
31 
344 344 344 
335 335 376 413 
262 262 373 407 413 
23 23 247 
159 159 159 283 414 414 414 415 415 
28 183 373 373 
68 407 407 
30 30 334 
216 367 367 
2 15 15 92 111 220 220 363 385 413 413 413 499 
28 178 260 260 
5 5 12 15 15 31 34 41 41 52 70 76 81 81 81 105 113 117 117 117 137 137 171 202 221 236 236 246 258 260 265 267 267 267 279 284 284 292 315 354 366 366 396 415 415 415 426 426 484 490 496 
126 473 491 491 
76 245 373 
382 382 
477 
2 2 91 437 
106 106 106 
56 56 148 236 236 236 267 267 267 268 268 474 
40 40 40 59 67 236 236 298 298 
43 286 286 286 358 362 413 479 479 500 
230 230 
6 101 236 404 404 
8 76 76 77 77 200 215 373 422 422 
340 
86 151 386 508 
38 207 
196 
60 211 211 415 
184 

267 274 

39 39 39 
76 199 337 478 
72 72 72 162 
168 413 413 
35 35 
201 201 236 
233 233 233 310 503 505 505 505 
338 338 338 338 358 
151 215 314 
196 214 314 387 387 434 434 
94 181 
143 143 
9 271 271 327 327 
39 232 232 274 402 427 454 
167 182 182 413 413 
184 370 
35 119 122 122 122 314 314 314 413 
488 488 
96 96 96 313 
5 53 259 259 377 441 458 458 

343 392 
162 162 285 398 
13 360 360 360 360 
194 194 236 236 236 405 415 
39 159 159 267 267 391 
219 219 454 454 
7 169 212 212 212 271 310 374 374 375 375 408 
111 375 486 503 
487 
56 83 93 93 104 104 117 117 138 160 184 184 191 191 191 192 192 195 211 230 230 230 267 267 267 269 300 351 356 415 415 432 432 460 
83 104 119 

120 306 342 342 342 405 
10 476 496 
39 39 62 
76 260 413 
31 31 31 413 413 413 494 
325 
186 
70 184 267 267 267 267 404 
176 288 288 
150 408 408 412 

149 401 401 
72 

330 
415 508 

273 
131 305 
70 184 
70 70 93 93 225 225 
2 183 183 184 242 
81 
152 175 175 410 
315 315 
334 385 
184 

39 39 101 101 184 184 184 191 191 191 204 231 231 236 236 236 246 246 246 246 268 274 378 
191 191 267 274 274 274 285 
236 
286 286 
3 3 9 9 158 218 218 233 297 354 374 375 391 391 401 401 401 408 408 412 412 412 427 442 

256 354 472 475 
39 204 219 267 268 268 268 
129 129 129 
95 157 
338 

5 184 331 
5 449 449 467 
151 298 421 
144 427 
129 177 
184 184 
228 268 373 
193 193 193 270 270 413 
19 64 64 156 156 412 412 
247 247 401 401 
81 81 359 
23 23 97 127 480 

51 76 118 152 184 423 
164 164 302 
58 114 114 437 
378 509 509 509 
169 169 389 425 
271 408 
67 67 67 67 192 192 281 
119 
236 

39 39 293 321 463 
365 365 415 
56 148 148 
159 159 257 389 392 392 482 482 
87 239 408 
354 396 
364 364 467 
35 35 
122 212 233 353 353 375 


8 224 
76 76 95 95 214 215 222 222 222 319 354 354 398 413 413 449 455 455 467 467 
73 94 184 263 263 486 

398 398 

314 354 
99 140 140 357 
42 302 323 323 323 
76 162 509 
321 321 321 
41 
153 244 358 503 
38 
218 218 

495 
39 39 71 71 159 253 369 425 425 425 428 428 428 
108 108 108 279 
140 140 407 413 
339 385 385 413 413 452 452 
180 264 385 413 413 
174 174 

207 
213 213 213 213 277 
333 381 403 403 427 470 470 
197 

239 239 239 
227 
69 69 147 173 173 173 447 

27 27 76 76 76 104 509 
506 
84 84 84 


236 
402 
27 27 76 76 122 122 310 310 
31 41 71 76 99 99 134 134 151 184 271 273 307 314 314 319 411 450 450 490 502 
12 112 388 388 490 
236 
26 26 26 320 367 367 
38 45 45 89 90 193 213 325 503 503 
61 289 385 495 
76 229 229 229 229 

65 66 193 
182 442 
308 308 
303 303 
184 184 
114 181 181 357 357 
152 152 169 169 442 442 
330 
221 
170 170 396 
105 106 449 
175 178 178 186 196 285 
119 233 233 271 408 417 442 
233 233 234 271 310 
174 
53 225 
140 267 295 
103 146 146 
134 134 
0 61 64 139 339 408 
187 187 
63 75 75 432 432 432 

182 264 333 333 334 359 413 413 
198 
124 215 215 434 
355 355 474 474 
22 81 81 81 82 121 121 121 130 130 142 296 305 414 421 506 
17 168 
231 271 271 
227 305 305 
429 458 474 
81 495 

184 307 371 465 

73 73 228 314 317 317 
41 41 

99 110 250 250 271 271 271 288 288 
39 159 219 352 
339 339 427 
195 195 246 
39 39 230 239 
134 
175 179 179 332 
25 25 26 150 158 233 248 248 271 271 297 306 374 381 437 453 470 

76 76 76 262 
354 462 
248 271 271 271 287 287 458 
8 8 35 45 45 72 72 72 74 74 76 76 76 92 92 119 119 128 155 168 168 174 175 182 182 182 193 209 209 220 220 222 242 243 243 243 286 314 314 332 333 333 334 334 385 385 448 
108 177 177 177 389 
37 93 103 116 116 177 177 184 184 184 201 230 236 236 254 303 432 432 

374 
112 

136 136 
22 22 281 389 
196 196 
292 

84 296 330 330 330 
184 184 
219 271 282 339 403 
59 71 71 159 159 330 330 330 
393 
62 62 
105 496 
236 236 383 383 383 415 415 460 460 
159 
215 215 387 
449 
22 474 
189 294 408 
56 79 
45 
76 76 
1 5 5 85 85 85 98 98 115 225 475 475 475 
271 363 368 368 374 468 
1 5 5 
15 59 
41 

344 
17 128 128 413 455 455 
146 280 280 314 372 435 467 467 467 
41 156 354 354 460 460 460 462 

148 333 333 
408 
4 124 219 232 232 
161 314 314 448 448 
491 

225 225 393 412 
47 47 47 
236 432 432 450 450 450 
497 
411 450 
302 

85 85 396 
72 
280 308 314 314 449 449 449 
123 442 
159 
339 339 408 474 
101 101 170 170 
273 
185 
56 191 388 388 393 436 470 487 
273 441 441 441 
10 100 240 496 496 496 
39 159 166 188 
76 76 207 
193 193 
290 

305 305 
30 
184 488 488 
39 
31 234 315 
56 235 474 
223 223 484 484 
31 31 120 
84 184 354 355 
126 185 185 456 
156 
3 
128 243 
329 359 394 
10 100 100 184 240 431 476 476 476 
22 461 
160 160 
182 
193 
54 
354 
212 234 325 358 358 

212 212 212 
347 389 
104 
5 5 151 158 158 198 254 
76 295 295 295 322 346 
159 

