nodes: 512 edges: 1577
381 381 381 
85 85 441 443 
28 28 28 91 111 182 182 183 183 189 242 260 260 260 
5 271 271 271 493 493 493 
454 454 
3 48 48 50 50 88 88 184 198 198 198 225 225 255 273 273 279 279 280 280 280 354 354 354 400 400 400 441 441 443 443 443 443 443 504 508 508 
195 195 
427 
224 350 350 350 
203 218 271 298 
240 476 496 
264 264 
184 184 184 202 202 355 355 
76 76 118 229 229 
117 184 
16 16 16 182 182 182 184 184 184 444 444 
15 15 15 184 
448 448 448 
85 85 85 
104 
102 102 102 444 

108 108 115 389 389 414 421 421 421 436 436 436 461 461 497 497 
171 176 176 176 176 290 

308 346 346 346 346 408 
44 158 158 158 357 357 
122 122 346 346 353 
2 2 2 178 183 183 
56 56 487 487 
180 180 181 
155 155 155 172 184 184 243 243 315 354 489 
496 496 496 496 
84 192 192 

210 309 309 413 
106 106 
83 406 415 
199 358 358 
62 62 159 159 159 166 166 206 219 231 231 241 241 267 267 274 302 302 302 330 330 402 477 
67 67 192 249 249 
85 85 137 137 151 151 151 156 160 184 184 184 324 354 354 399 450 502 
321 
193 193 193 
26 137 214 214 
76 358 358 358 413 413 413 439 439 439 
64 64 64 381 381 
76 76 268 459 
5 5 387 
236 236 
5 5 58 58 58 58 58 92 
292 292 292 292 354 
345 345 
225 377 377 377 377 377 
109 299 466 501 501 
195 236 267 
29 29 191 236 236 236 304 304 377 377 446 474 474 474 487 487 
374 415 
50 50 50 50 50 397 397 
192 192 

359 381 381 464 
39 39 241 241 288 330 330 330 430 
383 383 383 463 
46 46 46 287 287 287 287 381 381 381 
193 193 416 416 416 
141 
40 40 192 281 298 298 298 298 347 347 347 
179 179 296 
344 
184 246 246 246 259 259 
330 330 354 428 428 428 
208 208 251 251 251 251 251 413 
94 315 398 398 398 
76 76 76 413 413 413 
383 383 463 463 508 508 508 508 
13 13 45 47 47 74 74 74 78 107 107 109 109 119 184 184 186 196 196 228 242 242 245 292 314 314 314 322 322 346 346 346 353 353 354 354 360 410 410 410 413 413 423 440 440 440 456 459 478 509 509 509 
196 196 413 413 413 
76 
236 438 438 438 438 
314 314 
130 130 184 261 261 276 289 289 389 389 389 
143 389 389 
37 230 236 236 237 237 
33 85 118 118 118 312 312 348 348 490 
1 1 18 18 18 41 41 84 160 160 348 441 441 441 441 465 465 465 475 475 
198 254 254 254 508 508 
306 306 306 306 370 
5 5 295 504 
118 303 358 

2 189 189 
50 182 404 404 413 413 491 
177 177 177 177 236 236 259 259 259 415 415 415 
73 
276 276 276 276 276 314 314 
224 
171 171 171 290 290 
441 441 441 
156 288 320 354 354 401 401 401 508 
197 476 496 496 
170 170 195 195 195 267 267 378 471 471 
20 20 20 117 117 136 
146 146 146 379 
19 116 116 116 134 134 134 134 138 138 236 236 237 237 237 346 346 346 366 
184 431 431 431 431 
36 36 117 190 190 190 190 190 372 
76 76 
22 22 115 115 331 331 331 331 480 
54 76 76 462 
176 247 401 401 
2 182 182 234 234 
355 
289 289 289 289 
294 294 294 367 
22 108 108 441 461 497 
104 104 104 184 184 303 415 415 
14 102 102 106 125 136 136 236 236 418 418 418 418 
13 84 84 84 89 
76 122 222 222 222 299 339 374 413 508 
239 239 239 486 486 489 
130 130 130 157 159 159 159 171 171 171 171 389 
27 27 119 222 341 353 353 
468 468 468 
154 387 454 
117 136 136 

371 
448 448 494 494 494 
275 275 275 275 
81 81 121 121 121 389 389 
257 257 257 
413 
381 381 
104 104 104 104 354 354 380 406 406 406 
473 
102 117 117 125 125 420 
41 41 44 184 184 184 
104 104 164 461 
381 381 
320 320 332 332 378 378 
66 237 
389 
82 171 217 
282 282 445 

103 103 103 238 379 379 
236 236 344 
191 191 304 304 452 452 452 
250 349 
248 248 408 
41 41 41 198 198 198 198 281 354 354 354 508 508 508 508 508 
175 175 175 175 262 262 292 292 292 364 368 368 368 
390 
124 374 
31 31 31 243 413 
41 99 287 287 287 450 450 492 492 
121 
26 26 26 194 194 194 246 271 271 348 408 408 408 508 508 508 
39 39 39 121 121 121 177 177 177 177 177 231 231 330 428 433 469 477 477 477 511 511 511 
41 85 85 312 312 
455 
208 208 228 228 228 228 228 322 

138 293 293 
329 329 
39 39 477 

209 390 390 390 390 413 413 
233 233 233 238 265 296 296 296 368 371 
101 101 371 371 371 471 471 
23 97 97 97 121 121 121 121 143 184 290 290 
31 449 
344 344 344 
222 222 222 335 376 413 
152 152 152 152 262 262 262 262 262 407 407 407 413 413 
23 23 23 23 110 247 247 
93 93 93 93 159 159 159 159 159 283 300 300 414 414 414 414 415 415 
28 183 183 373 
68 68 407 407 407 407 
30 30 222 334 
30 216 216 216 367 367 
2 2 15 15 15 92 111 111 220 220 340 363 404 413 413 413 499 
2 2 28 28 178 178 260 260 260 304 
5 12 12 12 14 15 15 15 16 31 31 41 41 41 70 76 76 81 105 116 116 137 137 137 171 202 202 213 213 213 221 236 246 246 258 260 265 267 267 279 284 284 284 289 289 292 292 307 307 315 315 324 324 345 354 366 366 396 396 409 409 415 426 426 465 465 465 484 484 488 490 496 496 496 
473 473 
76 245 328 373 
382 382 382 
477 477 
2 91 91 
106 106 106 106 106 372 372 372 
56 148 148 236 236 268 446 446 474 474 
33 33 40 59 59 67 236 281 281 298 298 298 298 499 
43 43 43 65 65 286 286 286 362 362 479 479 
158 158 158 230 230 230 
6 6 55 101 101 101 236 236 236 404 404 
76 76 77 77 290 373 422 422 422 
100 496 496 
5 5 5 86 151 151 151 151 508 508 
38 207 

211 211 211 236 
12 12 184 184 
9 
267 274 274 274 

39 402 
199 337 478 478 
72 72 162 162 
168 413 413 413 413 
35 309 385 
201 201 201 236 
233 310 310 503 505 505 
184 184 184 338 338 358 
44 44 215 314 314 314 
214 387 434 434 434 467 
181 181 181 
143 
9 271 271 327 327 
39 232 274 402 402 510 
182 182 413 413 
184 370 370 
119 119 119 122 174 174 174 180 376 376 483 483 483 
488 488 
8 96 313 313 350 
5 5 53 259 259 377 377 419 419 458 458 
292 292 
343 343 343 392 
76 162 162 162 162 162 245 
13 13 295 295 316 360 360 360 
83 194 194 194 236 236 236 303 303 415 415 
39 39 159 159 267 267 267 391 
219 454 
169 169 169 212 238 271 271 271 310 374 374 375 375 375 505 
111 111 296 375 375 486 503 
388 430 430 430 430 487 
49 49 55 56 56 56 79 83 83 93 93 104 104 117 117 147 147 184 191 191 192 195 195 195 201 211 230 230 230 249 267 267 267 269 269 269 278 283 283 300 300 356 356 415 415 432 432 460 460 460 487 487 487 
83 83 104 104 104 141 
146 169 233 
120 120 120 342 342 405 405 
10 
39 39 62 62 425 425 425 432 
2 76 76 260 260 260 413 413 413 
31 31 155 311 413 413 413 
325 358 
76 186 228 
70 70 70 158 184 184 267 267 267 267 
110 176 176 401 
150 150 408 408 408 
40 40 236 
149 374 374 374 401 401 401 401 417 417 417 
72 72 72 72 72 

330 330 
86 86 86 415 415 415 
5 
273 273 354 354 488 
131 131 131 305 305 
184 
70 70 93 93 93 225 225 
2 2 2 183 183 183 184 242 242 242 
81 81 329 
152 152 175 175 175 175 175 410 410 
315 315 315 
11 11 334 334 385 
169 184 
282 
39 39 55 101 101 184 184 204 231 231 231 236 236 236 246 246 246 246 268 356 378 378 378 378 471 471 
47 191 267 274 285 
236 236 236 365 365 365 

3 3 3 9 158 158 218 218 233 233 233 282 282 287 297 297 327 327 339 339 354 354 354 374 374 374 375 391 391 391 401 408 408 408 412 442 442 453 

5 5 256 256 354 472 472 475 475 475 
39 204 204 204 219 268 402 402 402 
129 129 129 129 
81 95 95 95 95 95 410 

236 
5 5 184 
5 5 5 308 308 308 449 449 
67 151 192 192 421 421 421 
144 144 266 271 271 427 
177 236 236 
184 184 184 
268 373 
193 193 193 
64 64 64 64 156 156 156 271 412 412 412 
62 99 401 401 
81 81 113 113 113 113 184 184 
23 97 97 171 171 196 480 480 480 
354 354 426 426 
51 51 51 51 76 152 152 152 184 184 226 226 423 423 423 
164 164 408 
114 114 114 397 408 
88 229 229 323 378 378 509 509 
68 169 169 169 234 389 389 389 389 389 425 
271 271 408 
9 67 67 67 67 192 192 192 192 
54 119 494 
177 177 236 236 
339 
39 39 39 321 321 321 485 
89 116 230 230 304 415 415 
56 56 148 148 183 303 
257 257 392 392 392 482 482 
87 87 87 87 370 408 408 
184 184 354 354 354 396 465 465 
25 280 280 280 364 364 364 467 467 
35 35 210 484 484 484 484 
212 212 233 353 353 375 375 375 
243 348 348 
84 84 160 160 
224 224 
76 76 76 80 80 95 95 214 214 214 319 349 354 354 354 384 384 398 398 398 413 413 413 418 434 434 449 449 467 481 
31 73 184 184 263 263 263 
229 444 
349 398 413 413 
413 413 
314 354 354 429 429 429 429 
99 140 140 357 
42 302 302 302 323 
76 76 162 509 509 509 
295 321 359 359 
41 184 184 508 
244 358 358 413 

218 218 271 271 
186 
165 165 261 
39 39 62 62 62 71 71 159 253 253 428 428 428 
108 108 108 108 406 
140 140 407 407 413 
339 339 339 339 339 385 413 413 452 452 452 452 
180 264 264 385 413 
174 

207 
213 213 
119 271 271 301 333 333 333 333 333 381 381 403 403 403 408 408 408 427 427 427 452 470 470 
182 
122 
239 239 
227 227 227 
69 147 173 173 173 447 
52 52 184 
25 25 25 25 27 27 76 76 76 104 104 104 459 
67 67 67 506 
84 84 85 158 311 311 
149 314 317 371 481 481 
8 8 8 224 
432 
402 477 
27 76 76 122 122 310 310 456 456 
5 5 5 31 41 41 51 71 76 76 99 99 134 134 151 151 151 184 256 256 271 271 271 273 291 291 307 307 307 314 314 314 319 319 411 411 411 426 450 450 490 490 490 502 502 508 
12 12 112 388 388 490 490 490 490 490 
236 236 267 
26 26 320 496 
38 38 45 45 45 89 213 244 325 325 466 503 
61 323 323 495 495 495 495 
76 229 229 229 

193 193 
182 
152 308 308 308 410 
269 269 269 
104 184 184 
114 181 181 496 
152 152 152 169 442 442 442 442 442 

87 221 221 306 
127 169 170 170 170 349 396 
106 190 190 190 449 
178 186 196 285 
57 119 154 233 233 250 250 250 271 271 271 408 417 417 442 442 442 468 505 
233 233 233 234 234 271 310 310 310 
174 222 222 
53 53 53 53 53 56 56 225 225 393 
101 140 140 267 267 267 267 295 295 
103 146 146 
134 
0 0 0 46 46 61 61 64 64 64 133 133 139 139 339 339 395 395 408 408 
187 187 187 
63 63 63 75 75 415 415 432 
314 314 449 
210 264 333 334 413 

48 124 215 434 434 434 
235 355 355 474 
22 22 81 81 81 82 82 121 130 130 142 296 296 296 296 296 421 421 497 506 
153 168 168 168 168 
231 271 271 271 
227 305 305 305 
377 458 474 474 
495 
381 381 
184 184 307 371 465 465 
58 58 294 
73 73 73 314 314 314 317 
41 
5 5 5 
99 99 99 110 110 247 250 250 250 250 271 288 288 
39 206 219 219 274 274 274 352 510 
339 339 339 427 
92 92 182 195 195 453 
239 239 
37 134 134 134 331 
175 175 175 179 179 179 179 332 332 413 413 
25 150 158 158 158 248 248 248 271 271 271 293 294 297 306 306 339 339 339 374 381 381 437 437 453 470 470 
184 184 
76 76 76 262 262 276 364 
354 354 354 462 462 462 
271 287 287 287 458 
35 45 45 45 72 74 74 74 76 76 77 77 77 92 92 119 132 155 168 168 174 175 175 182 182 182 209 209 209 209 220 220 242 242 242 243 243 243 314 314 314 317 317 318 318 325 332 333 333 334 385 407 407 448 448 455 455 455 
22 177 177 177 177 
37 57 93 93 93 116 116 177 177 184 230 230 236 236 254 254 254 303 303 383 383 432 432 
65 65 65 
250 250 250 374 374 
117 117 117 117 314 
225 225 
136 441 441 
22 22 22 281 281 281 389 389 506 506 506 
196 196 196 
76 292 292 292 

241 241 241 296 
184 184 291 291 354 
7 282 339 339 339 403 
71 71 71 159 330 330 330 
319 319 319 319 
62 235 235 235 235 
105 105 105 105 440 440 440 496 
236 236 241 351 383 415 415 460 
159 
215 215 215 314 314 387 387 387 
449 
22 22 22 474 474 474 474 
408 408 
79 79 79 79 
45 45 45 
76 76 76 431 431 431 
1 5 5 85 85 85 85 98 98 98 115 420 420 475 475 475 475 
271 271 368 368 368 368 368 374 374 374 468 
1 5 5 5 5 5 
15 15 20 316 
144 
56 191 191 
344 464 
17 17 17 128 128 413 413 455 455 
172 280 280 314 314 372 384 435 467 467 
41 156 156 354 354 460 460 460 460 460 462 462 462 

148 148 148 333 333 333 333 339 
271 404 408 
4 4 124 232 
161 413 413 413 448 448 
76 353 353 491 

225 225 393 412 
47 76 346 
236 236 236 432 450 450 450 450 450 
22 22 115 138 
109 411 411 411 450 450 450 
63 75 75 
61 447 
85 85 85 184 184 184 307 307 396 396 
54 358 
215 308 308 314 449 449 
123 123 123 374 442 
159 
339 339 408 408 474 474 474 474 
101 101 170 170 267 267 
273 273 475 
135 185 185 
56 56 56 191 191 388 393 393 436 436 436 436 470 470 470 470 487 487 487 
85 85 273 273 273 441 441 441 441 472 
10 100 496 496 496 496 
39 159 159 159 166 188 188 352 
76 207 207 
193 193 
108 290 290 290 
314 349 349 
305 305 
222 222 222 
184 184 309 309 309 309 488 488 
302 
120 120 234 489 489 
29 29 56 56 235 236 236 236 474 474 474 
184 223 223 256 484 484 
31 120 486 486 
84 184 354 354 354 355 355 355 355 355 
92 456 
156 156 
3 3 3 
128 128 128 299 
359 359 359 359 394 
10 32 32 32 32 100 100 184 184 184 197 197 357 367 431 476 476 476 476 
22 22 115 389 

182 192 

54 54 
41 354 354 
212 234 358 
5 88 
212 212 233 374 
347 389 421 421 421 

5 5 75 75 75 75 86 86 99 119 151 151 151 151 151 158 158 158 198 198 324 354 
76 76 76 295 295 322 322 322 
219 402 
159 159 159 
