nodes: 512 edges: 1586
381 381 
85 85 85 441 
28 91 111 111 182 183 189 189 260 
142 271 271 271 493 
327 454 454 454 
34 48 48 48 50 50 50 88 88 184 184 184 198 198 198 225 225 255 255 273 273 273 279 279 280 280 354 354 400 400 441 441 441 443 443 456 504 504 504 508 508 
195 195 
233 233 427 
224 224 313 313 350 350 350 413 413 
203 203 218 271 
240 240 476 496 
264 264 
184 184 184 184 184 202 
118 118 118 229 229 
117 117 184 184 
16 16 16 182 182 184 184 184 444 
15 15 15 
390 448 448 448 
85 
104 
102 102 428 

108 108 166 389 389 389 414 414 421 421 436 436 436 436 461 497 497 
171 176 176 290 
225 
346 346 346 
158 357 408 408 408 
122 122 122 346 
2 178 178 183 183 
56 487 487 
180 181 222 
155 155 172 184 184 243 243 315 315 354 486 486 489 
184 496 496 
192 192 
5 
210 222 222 309 309 413 
106 
415 
199 358 
62 159 159 159 166 206 206 219 219 231 232 241 267 274 330 402 405 
67 67 192 
85 137 151 151 151 156 160 184 184 184 354 354 354 399 399 399 445 445 445 502 
321 
193 193 193 
137 137 214 214 214 
76 358 358 358 358 358 413 413 
64 64 339 381 381 
76 268 459 
5 5 5 
236 420 
5 5 5 58 58 255 
292 292 292 292 354 435 
184 
208 225 377 377 377 
109 299 299 501 501 
236 236 267 
29 191 236 236 304 304 377 377 377 446 446 474 474 487 
374 415 
50 50 294 397 397 
192 444 444 

381 381 381 381 
39 241 330 430 430 
383 463 463 
46 46 287 287 381 381 
193 362 416 416 
141 141 362 362 
40 40 192 281 298 298 298 347 347 347 
296 
236 344 344 
184 246 246 259 259 259 259 
330 354 428 428 428 
208 208 208 251 325 466 
94 94 94 128 398 
76 76 76 76 413 
383 383 383 508 508 508 508 
45 47 74 74 74 74 78 78 107 107 109 109 109 119 184 184 186 186 186 196 196 196 199 207 207 245 245 299 299 314 314 322 322 346 353 353 354 354 360 360 361 361 361 410 410 410 413 413 423 423 440 440 456 464 478 509 509 
196 196 413 
76 76 
236 236 438 438 
418 
130 130 130 184 184 261 261 261 276 289 329 329 389 389 389 
165 389 389 389 
236 237 237 237 
85 85 118 118 312 348 348 425 
1 1 1 18 41 84 84 160 160 160 348 441 441 441 441 441 465 465 465 465 475 475 475 475 475 
198 198 254 508 508 
306 370 370 370 408 408 408 
5 5 504 504 
118 358 358 

2 189 189 189 
404 404 413 413 491 
177 177 236 236 236 236 236 259 259 259 415 415 415 
73 73 73 
276 314 
224 224 314 314 
171 171 290 
329 441 
156 288 354 354 354 401 401 401 401 508 
197 476 476 476 
148 170 195 267 267 267 267 378 471 471 
20 20 117 117 136 136 136 216 216 
146 146 379 425 
19 116 116 116 134 134 134 134 138 236 236 236 237 237 346 346 346 366 507 507 
184 184 184 372 431 431 431 
36 190 190 
76 76 
22 22 115 115 331 331 331 414 480 
54 76 76 76 
176 247 401 401 
2 2 182 182 234 234 234 
355 355 355 355 
237 289 289 
294 294 367 
108 108 441 461 497 497 
104 104 104 184 184 184 303 303 415 451 
14 14 102 102 125 136 184 184 184 236 236 418 418 418 418 
13 13 13 84 84 89 
76 122 122 207 222 222 222 237 299 299 299 413 413 508 
239 239 239 486 489 489 
130 130 130 130 130 157 157 157 157 159 159 159 171 171 171 171 171 389 389 389 
27 27 27 119 119 222 222 353 353 353 353 
468 468 
154 387 454 454 
117 136 
185 185 491 491 491 
290 
73 413 494 
275 275 283 
81 81 81 121 121 121 121 121 389 389 389 
257 257 257 257 

381 
104 104 104 104 380 406 406 
473 
102 102 102 117 125 420 
41 44 44 
104 461 
381 
170 320 332 332 332 378 378 378 
66 66 237 325 413 
3 143 389 389 389 
142 171 217 217 
282 282 

103 103 381 
344 
101 304 452 452 452 
250 250 250 250 250 
248 248 248 408 408 408 
41 41 41 198 198 198 198 214 281 354 354 508 508 508 508 
175 175 262 262 292 292 364 364 368 368 368 
325 325 325 390 390 390 
124 211 374 374 374 
31 31 243 243 243 413 
41 99 287 287 287 450 450 492 492 
121 121 121 121 261 276 
26 194 194 246 271 271 408 408 508 508 508 508 
39 39 39 121 121 121 177 177 177 177 188 188 188 205 227 231 231 231 330 330 402 428 428 433 469 469 469 477 477 477 510 511 511 
41 85 85 85 312 312 498 498 

208 208 322 322 
166 
293 293 293 293 293 
82 
22 39 163 477 
220 220 220 455 
209 209 390 
233 233 233 238 265 265 265 368 368 
101 140 371 371 471 471 
23 97 97 121 121 121 121 121 143 184 290 290 
31 449 
344 344 
222 335 376 376 413 
152 152 262 262 262 262 373 407 407 413 
23 23 110 247 247 
93 93 159 159 159 159 283 300 300 414 414 414 414 414 415 415 
28 28 183 183 373 373 373 
407 407 
30 222 222 222 334 334 334 
30 216 216 216 367 367 
2 15 15 111 111 220 340 363 363 404 413 413 444 499 
2 28 28 178 178 260 260 260 304 
5 5 5 12 12 12 12 12 14 14 15 15 15 31 31 32 41 41 41 52 70 76 76 81 81 105 105 105 116 116 116 117 117 117 171 202 202 213 221 226 236 246 246 258 258 258 260 260 260 267 279 279 284 292 292 307 307 315 315 315 324 324 354 354 354 355 356 366 366 396 409 409 409 415 415 415 426 465 465 484 488 490 490 496 
126 126 473 473 473 491 491 
76 76 76 328 328 328 373 373 373 373 
382 382 
159 159 159 477 
2 2 91 91 91 437 
106 106 
56 267 267 268 268 446 446 474 
33 33 40 59 67 236 236 432 
43 43 43 65 270 286 286 479 479 500 500 500 
158 158 230 230 230 
6 6 101 404 404 404 404 
76 76 76 77 77 290 350 350 350 373 373 382 
100 
5 5 5 86 86 151 151 151 151 386 386 508 
38 76 207 207 207 

211 236 236 415 415 415 
12 184 184 
9 9 
267 274 274 274 274 
159 
39 39 402 
76 76 119 199 199 199 337 337 478 478 478 
53 72 72 72 162 162 
168 168 328 413 413 413 
35 309 385 398 
154 201 236 460 460 
233 310 503 505 505 505 
184 338 338 338 358 
44 44 44 151 215 314 
214 314 467 467 
102 102 181 181 181 
143 143 
9 327 327 327 327 
39 39 232 274 402 510 
167 167 167 182 413 
184 370 370 370 370 
30 35 35 119 119 119 122 122 174 180 180 180 314 314 376 413 483 
488 488 488 
8 8 96 96 313 313 350 
5 5 24 53 259 377 377 377 377 393 441 441 458 458 
184 292 292 
159 257 257 343 
245 245 398 398 
13 13 295 295 360 360 
194 194 194 236 236 415 
39 159 159 159 267 267 267 267 391 
39 219 454 454 
7 7 169 169 169 212 271 271 276 310 310 374 374 375 375 408 505 
111 111 111 296 375 375 503 503 
430 430 
49 55 55 56 56 69 79 79 83 93 93 93 93 93 104 104 104 117 117 184 192 192 201 201 211 230 230 252 267 267 267 269 269 283 300 300 300 344 344 344 344 415 415 460 460 487 487 487 
83 83 83 104 104 113 119 141 
169 
120 120 120 306 306 342 342 405 
10 10 476 496 496 
39 62 425 425 425 
260 260 260 413 
31 31 155 155 155 311 413 413 413 494 
325 325 358 358 
76 76 228 228 
70 70 158 184 184 267 267 267 267 
110 176 176 288 401 
150 150 150 408 408 

149 149 149 149 149 374 374 374 401 417 417 
72 
236 
330 330 330 
86 508 
5 5 50 
273 354 488 
131 131 131 131 227 227 305 305 
184 184 184 409 
70 70 70 70 93 93 93 225 
2 183 183 183 184 184 184 242 242 242 
81 81 81 157 329 329 
152 152 175 175 175 175 410 410 
315 
11 11 385 385 
169 169 169 
282 
39 55 101 101 101 101 184 191 191 204 231 231 231 231 236 236 236 246 246 246 246 268 268 356 356 378 378 378 471 471 
47 191 191 267 267 
236 236 365 365 415 415 
193 286 286 
3 3 3 9 158 158 233 233 282 282 282 287 297 297 327 327 339 354 354 374 374 374 375 375 391 391 401 401 401 408 412 427 427 442 442 442 

5 5 5 256 354 354 354 472 472 475 475 
39 204 204 204 204 219 402 402 402 
129 129 
81 95 157 233 410 
338 415 415 

5 5 184 184 
5 5 449 467 467 
67 151 298 298 421 421 
144 144 266 271 271 271 284 427 427 427 
129 177 236 415 
184 282 
373 
193 193 270 270 
64 64 156 156 156 271 412 
99 247 401 401 401 
81 113 113 
23 97 127 171 171 196 480 
354 354 354 426 
51 51 51 51 152 152 184 184 226 226 423 444 
164 164 164 164 164 408 
58 114 114 397 408 408 437 
229 229 323 378 378 378 378 509 
68 234 389 389 389 425 
271 271 
67 67 67 281 281 421 
54 54 76 76 119 119 119 494 
177 177 236 236 236 
339 
321 321 321 485 485 485 
116 116 365 365 365 365 415 
56 56 148 183 
257 257 392 392 392 482 
87 239 239 370 
184 184 354 354 354 396 465 
364 467 467 
35 35 210 484 
212 233 233 353 353 
243 348 348 
84 160 160 
8 8 224 224 
76 76 95 96 96 214 215 222 222 317 317 319 354 354 384 398 398 413 413 413 418 418 434 449 455 455 455 467 481 
31 31 184 184 184 263 336 336 336 486 
444 509 
314 314 349 398 398 413 413 

314 354 354 354 429 429 429 429 
140 
42 302 302 302 323 323 
76 76 162 162 509 
295 321 321 359 
184 184 508 
72 141 153 153 153 244 244 358 503 

4 218 218 218 218 271 271 
186 186 186 209 
81 81 98 261 261 
39 62 71 159 159 253 253 253 369 425 425 425 425 428 428 428 
108 108 108 406 
140 140 140 407 
339 339 385 385 385 413 413 452 
180 180 180 385 413 
174 
315 315 315 
207 207 
213 213 213 277 
46 271 301 333 333 381 381 395 403 403 403 403 403 408 408 427 427 427 452 470 470 
182 

239 239 
227 
69 69 147 173 173 236 236 236 236 447 

25 25 25 27 76 104 104 104 459 
67 67 67 506 506 
84 84 85 311 311 
317 481 
8 8 8 196 196 196 224 
432 432 
402 477 
76 76 122 122 122 122 310 310 456 456 
5 5 31 41 41 41 51 71 76 76 99 99 99 151 151 184 184 184 256 271 271 273 273 273 291 291 291 307 307 307 314 314 319 319 319 411 426 450 450 450 490 490 502 502 508 
112 112 112 112 184 388 388 490 490 490 
184 267 267 
26 367 367 
38 45 45 45 45 45 89 89 213 244 244 325 503 
323 495 495 
76 76 229 229 
76 76 76 
65 66 66 413 413 
182 182 
152 152 308 410 410 
269 269 303 303 303 303 415 
104 184 184 
114 181 181 357 357 
152 152 152 169 169 442 442 
330 
87 87 87 221 221 221 221 306 
170 170 396 
105 449 
175 178 178 178 186 186 186 186 196 196 285 
57 154 154 154 233 233 250 250 250 271 271 271 408 408 417 417 442 442 505 
233 233 234 234 271 271 
174 174 222 
53 53 53 56 56 56 225 225 225 225 393 
101 140 140 140 267 267 267 295 295 295 295 
103 
134 
0 0 46 46 61 61 61 61 64 64 133 139 146 339 339 395 395 408 408 
187 187 196 413 
63 75 75 75 415 415 415 432 432 432 
314 449 
210 264 264 333 333 333 334 413 413 
198 198 
124 434 
355 355 474 474 474 474 
22 22 22 81 81 81 82 82 82 121 121 121 130 130 130 142 142 142 296 296 296 414 421 421 421 497 497 506 
17 153 153 153 168 
231 271 271 
305 305 305 
225 377 458 474 474 474 474 
495 495 
339 381 381 
184 307 371 465 465 465 
58 58 294 
73 210 228 228 314 314 317 317 
41 41 41 
5 5 
99 99 99 99 110 110 247 250 271 271 271 288 288 288 
39 159 206 219 274 274 274 352 510 
339 339 339 339 339 
92 92 182 195 195 195 195 
39 239 
134 134 331 
175 175 179 179 332 413 
26 26 26 87 87 87 150 150 150 158 158 233 248 248 271 293 294 294 339 339 374 374 381 381 437 437 453 453 453 470 470 470 
184 184 184 258 
76 76 76 262 262 276 364 364 
354 462 
271 287 
8 8 35 45 45 74 76 76 77 92 92 119 119 128 141 155 174 175 182 182 209 209 209 220 222 242 243 243 243 314 314 314 317 317 333 333 334 362 362 382 385 385 407 439 448 448 455 455 455 494 494 
22 22 108 177 177 177 177 177 389 
37 57 93 93 93 116 177 177 184 184 184 201 201 201 230 236 236 269 269 277 277 283 303 365 383 383 383 463 463 
65 65 
250 250 374 374 
80 117 117 117 117 314 314 

49 136 
22 22 281 281 298 389 389 389 435 506 506 

76 76 292 

84 103 241 241 241 296 330 330 330 330 
184 291 354 
7 271 271 282 282 282 339 339 339 
20 71 71 71 159 159 330 330 330 
319 319 319 319 
62 62 235 235 
105 105 105 440 440 440 496 
192 351 351 383 383 383 
159 
314 387 
51 421 
22 22 22 22 474 474 
189 294 408 408 
79 79 
413 
76 76 431 431 431 
1 5 5 5 85 85 85 85 85 98 115 225 225 475 475 475 475 
271 271 271 368 368 374 374 468 
5 5 
15 59 59 182 292 316 
41 41 41 
56 56 191 191 
344 464 464 464 
17 17 17 413 413 455 455 
172 280 314 372 384 
156 156 354 354 354 460 460 462 
116 
148 148 148 333 339 464 
408 408 408 
4 4 4 124 124 232 232 
167 314 314 314 413 413 413 448 448 
5 76 353 353 

225 225 393 
47 346 
211 211 236 236 450 450 
22 115 138 497 
411 450 
63 63 415 415 
76 447 447 447 452 
85 85 85 85 184 184 307 396 396 396 
72 
215 215 280 280 308 308 314 
123 123 442 
159 159 159 511 511 
339 339 408 408 408 474 474 474 474 
101 101 170 170 267 267 
273 273 475 475 
135 185 185 185 
56 56 191 388 388 388 388 393 393 393 393 436 436 470 470 470 470 487 487 
85 85 85 85 85 273 273 441 441 441 441 472 472 
10 100 100 100 240 496 
159 159 159 166 188 352 
76 207 207 207 
193 193 
108 290 
314 349 
305 
222 
184 309 488 
302 302 302 
31 31 120 315 
29 29 56 236 236 236 474 474 
184 223 223 223 256 484 
31 120 120 
184 184 354 354 355 355 355 
92 126 126 126 185 185 
156 156 
3 
128 243 299 413 413 
359 359 394 394 
10 32 32 184 240 240 431 476 
22 22 115 115 389 389 461 
160 160 
182 
193 193 193 
54 54 
41 354 354 
212 234 234 325 358 
5 5 5 88 88 
212 212 212 233 374 
347 347 389 421 421 
104 104 
5 5 75 75 75 75 86 86 99 119 151 151 151 151 158 158 158 158 198 254 324 354 
76 76 295 316 322 
159 219 402 
159 159 469 469 
