nodes: 512 edges: 964
381 
85 85 
28 91 111 183 189 242 260 
142 271 493 
454 454 454 
48 184 198 225 273 273 273 279 279 280 354 354 441 441 508 508 
195 404 
233 
350 
203 218 
240 476 
264 
184 355 
76 118 118 229 229 229 
117 184 184 
16 182 184 184 184 184 
15 
390 390 448 448 448 
85 85 

102 102 444 

108 166 421 
171 
173 
346 346 408 
44 158 357 357 357 408 408 408 
47 353 
2 178 183 
56 487 
180 181 222 222 
155 172 184 243 243 315 354 354 354 489 489 
496 496 

184 
210 222 309 309 413 
106 
415 
358 
62 159 166 166 206 206 219 231 267 267 274 302 330 330 405 477 485 
192 
85 137 137 151 156 160 160 184 354 354 399 457 

193 193 
26 214 
76 358 358 413 413 
339 381 381 
27 346 
5 

58 58 58 92 
292 354 435 
184 345 345 
208 377 377 377 
109 
195 
29 191 236 236 377 446 446 487 
146 415 
50 50 50 294 397 
192 444 

359 381 381 
39 288 330 
383 383 463 
287 287 381 
193 193 416 
362 
298 298 347 347 
169 296 296 
344 
246 259 
330 428 428 
251 413 413 413 466 466 
315 398 
76 
383 463 508 508 
13 45 74 78 78 107 109 119 184 184 186 196 196 196 228 229 242 242 245 292 292 292 299 314 314 314 322 346 353 354 360 413 413 413 423 440 456 459 478 478 509 509 
196 
76 76 
236 236 438 438 438 
418 418 
130 130 130 130 184 184 289 329 389 389 389 
143 
237 
85 85 425 490 
1 1 18 18 41 84 84 441 465 475 475 475 
198 198 254 254 508 
306 412 


358 
2 189 
50 413 500 
177 236 259 259 415 415 415 

314 314 
224 224 


156 354 401 508 
114 197 476 496 
148 267 267 267 378 471 
20 20 117 135 216 
146 146 379 379 415 
116 138 236 236 346 366 
184 184 508 
36 190 190 190 372 372 
76 
22 115 331 331 331 480 480 
54 76 462 
401 
2 234 234 234 
355 355 
289 289 
100 294 367 
108 461 497 497 
104 184 303 303 415 
14 102 136 184 184 184 236 236 
13 13 
76 122 122 222 222 299 413 413 
239 239 239 239 
130 130 157 157 159 159 389 389 
119 119 222 222 310 353 
468 468 

136 136 

290 
448 448 494 494 
275 275 
81 81 81 81 121 121 
257 

381 
354 380 406 406 
102 473 
117 125 125 420 420 
41 41 
104 461 

320 378 378 
237 
3 389 
82 217 


57 103 103 169 379 379 

101 304 452 
250 
248 
41 214 281 354 508 508 
175 175 175 262 364 
325 
211 
31 243 243 413 
41 99 287 492 492 492 492 
121 121 276 
26 194 194 271 271 508 
39 121 121 177 177 205 231 231 305 330 330 402 402 402 428 428 433 433 477 477 477 510 511 511 511 
41 41 272 498 498 

208 228 322 322 
166 
293 
329 
22 39 39 163 
455 455 
209 
68 146 233 233 238 265 265 296 368 368 368 
217 272 371 371 471 
23 290 
31 
24 
222 335 335 376 413 
152 152 152 262 262 262 413 413 
247 247 
93 159 159 283 415 415 
28 183 
407 432 
30 222 222 334 334 334 
30 216 367 367 
15 220 340 385 404 404 413 413 413 444 444 499 
2 28 178 
5 12 14 14 15 15 15 15 31 34 41 52 76 76 81 81 105 105 116 117 117 117 202 202 213 213 221 236 236 246 258 267 267 267 279 279 279 284 289 307 315 315 324 354 354 354 415 415 426 465 484 484 490 496 496 
473 491 
76 245 373 373 
382 382 
477 
2 91 437 
106 106 106 372 
56 236 236 267 267 268 268 268 446 474 
40 59 236 236 281 281 298 298 298 432 
43 43 65 65 358 413 479 479 
158 158 230 230 
6 55 
76 76 76 77 290 350 373 422 
100 
5 86 86 386 386 508 


211 211 236 
184 184 
9 

159 
39 39 
337 337 478 
53 162 
168 328 410 413 413 
35 309 309 
154 201 201 460 
503 
184 184 338 358 
44 151 215 314 314 
214 314 387 387 387 434 
102 181 
143 170 
9 271 327 327 
39 232 274 402 427 454 454 
182 
184 
30 30 35 119 119 122 122 174 180 180 314 314 314 376 413 413 

96 96 313 350 
5 377 419 419 441 

257 257 
76 162 245 398 398 
13 13 13 76 295 
194 194 303 303 
39 159 159 267 267 267 
219 
7 169 169 271 310 310 374 374 375 408 
111 111 111 296 375 375 486 503 
430 
56 56 79 79 93 104 104 117 117 184 184 191 191 192 192 201 252 267 267 267 269 283 300 300 344 344 415 415 415 432 432 460 460 487 487 
83 141 
169 
120 120 120 120 306 306 306 306 342 342 342 405 
10 
425 
2 76 76 260 
31 31 155 155 413 494 494 
325 358 
76 186 228 
70 184 267 267 267 281 404 
176 176 
150 

149 401 401 
72 
236 

86 86 415 

273 
131 227 227 305 
184 
70 93 93 
2 242 
329 
152 175 175 175 
315 
11 334 385 
169 169 

39 39 101 101 101 184 184 184 191 191 231 231 231 236 236 236 246 246 246 268 268 274 356 378 378 378 
191 191 191 267 267 274 
236 365 365 

3 158 158 218 233 327 339 339 339 354 354 354 374 374 375 375 391 401 408 408 412 427 442 442 453 
160 170 
5 5 5 256 354 354 475 475 
39 219 267 268 402 
129 129 
157 


5 5 184 184 184 
5 308 449 467 
151 192 192 246 298 298 
427 
177 236 
184 


64 64 156 412 412 
62 401 401 
81 113 113 184 359 
127 171 196 480 
354 426 
51 76 76 76 364 
164 302 408 
58 114 397 397 408 
229 378 509 
68 68 169 234 389 389 

67 67 192 192 192 281 281 
76 119 
236 236 
339 339 
39 293 321 321 485 485 
116 116 230 230 415 415 
148 
159 257 392 392 392 
87 239 239 239 239 408 
184 354 465 
280 364 364 467 
35 35 210 210 484 
122 233 233 353 375 
348 348 

224 
76 76 76 95 95 214 214 215 222 222 222 354 354 384 398 398 398 413 413 413 418 449 481 
31 73 184 184 263 336 
444 444 
413 413 
413 
429 
140 357 
302 302 
76 162 162 509 509 

184 
153 244 358 413 503 

218 218 271 
209 
81 165 261 
39 39 62 71 159 159 369 425 425 425 
108 108 108 406 
413 
339 339 413 413 452 452 452 
180 180 180 264 385 413 
174 174 
315 
207 207 
213 
46 271 271 271 301 301 333 333 395 403 403 408 408 427 452 470 
182 

239 239 239 

69 236 236 447 
52 52 
25 25 47 76 104 459 509 
67 67 
311 311 
481 
8 196 224 
432 432 
402 
27 76 122 310 
5 5 31 31 31 41 41 51 76 99 134 151 184 184 184 271 271 271 273 273 291 307 314 314 396 490 508 
12 112 112 388 490 490 
267 
26 26 26 320 496 
38 45 45 90 193 213 244 325 503 
61 289 385 495 495 
76 

66 413 413 

152 292 308 308 
269 269 
104 
114 181 181 
169 169 169 442 442 442 
330 

170 170 
106 106 190 449 
186 186 196 
233 233 271 271 408 417 
233 234 234 271 271 310 
174 222 
53 53 53 56 225 393 
101 140 140 267 267 267 295 
103 103 146 146 
134 
0 46 46 61 61 64 133 395 408 
187 187 413 
63 63 75 415 
314 449 
182 264 334 359 413 413 413 
198 198 
215 215 215 434 
355 474 
81 81 81 121 121 142 296 296 414 421 506 
17 17 
271 
305 305 305 
377 429 458 474 474 474 
495 
339 381 
354 465 
58 294 294 
73 228 228 314 314 314 
41 

99 110 250 250 271 288 288 
159 159 159 219 274 352 510 
339 339 427 427 
6 182 182 246 453 
39 239 
134 134 331 
179 413 
25 26 26 26 233 271 271 293 294 306 339 339 374 381 437 453 453 

209 
462 462 
87 271 287 287 
35 45 45 72 72 72 76 76 76 92 119 119 155 174 175 175 182 182 182 193 209 209 222 222 243 314 314 314 317 317 318 325 332 333 333 334 362 362 382 385 385 385 407 439 448 455 
389 
37 57 93 93 93 103 116 177 177 184 184 236 236 236 254 303 303 383 432 463 
65 
374 
80 80 314 
225 225 
136 136 
22 389 435 506 
196 
76 

84 241 330 330 330 
184 291 
219 271 282 339 403 403 
71 71 159 159 
319 393 
235 
440 496 
179 192 236 236 351 351 415 
159 159 
215 387 
51 421 449 
474 474 474 
189 408 
79 79 79 
413 
76 431 
5 5 85 225 
271 271 368 368 368 

20 59 182 182 316 316 

56 56 191 
344 464 
17 17 17 128 128 413 455 455 455 
280 314 372 384 435 467 
460 460 462 

148 333 333 333 339 464 467 
271 404 408 408 
4 4 4 219 219 
167 167 413 448 448 448 
76 491 
41 
393 
76 346 
211 236 236 450 450 
115 138 497 497 
109 411 411 450 
63 75 415 
447 452 
85 184 307 396 
72 72 
280 308 449 452 
123 123 
511 
339 474 474 474 474 
101 170 

135 185 
191 388 393 393 393 436 436 436 470 470 470 470 
85 85 85 273 273 
10 100 
39 159 159 159 188 
76 76 207 
193 193 
108 108 290 
314 349 


184 184 309 488 
39 302 302 
234 489 
29 56 236 236 
484 
31 31 486 
84 184 354 355 355 
185 456 
156 156 156 156 
3 
128 128 243 243 
359 359 394 
32 32 100 184 184 357 431 
115 115 461 461 
160 160 
182 
92 


212 234 325 358 


389 421 

5 5 75 75 86 99 105 151 151 158 198 354 
76 76 295 322 322 346 
159 402 
159 159 159 469 
