nodes: 512 edges: 1586
381 381 
85 85 85 441 441 
28 91 111 183 183 189 260 260 260 260 
5 142 271 271 493 493 
454 454 
3 34 34 48 50 50 50 88 88 88 184 184 198 198 225 225 255 255 273 279 279 280 280 280 354 354 354 400 400 441 441 443 443 443 443 504 504 508 508 508 
195 195 195 
233 427 
196 224 313 313 413 413 413 
203 203 203 203 218 298 
240 240 240 240 476 476 496 496 
264 
147 184 202 
76 
117 184 
16 16 16 16 182 184 184 444 444 444 
15 15 15 15 184 184 
448 448 
85 
287 
102 444 

108 108 115 115 389 389 421 421 421 436 436 436 497 
171 176 290 290 
173 225 322 
408 408 408 
44 158 158 357 408 408 408 
122 122 346 346 353 353 
2 178 178 183 
56 487 
180 181 181 181 483 483 
155 155 155 172 184 184 243 243 315 315 354 354 354 486 489 
184 184 496 496 496 496 
67 67 192 192 192 
5 5 184 
210 210 309 
106 106 

90 358 
62 159 166 206 206 231 232 241 241 267 274 330 330 330 402 402 477 477 477 485 
67 67 249 420 
85 85 85 137 137 137 151 151 151 184 184 184 324 324 354 354 354 399 445 450 
321 321 
193 
26 137 214 214 214 214 
358 358 413 439 439 
64 64 339 339 381 381 381 381 
459 459 
5 
236 236 420 
5 5 5 58 58 58 400 
292 292 
116 345 
377 377 
501 501 
195 236 236 236 267 
29 191 236 236 377 377 377 377 446 474 474 487 487 
374 415 
50 50 50 294 294 294 397 
192 192 192 192 444 
201 
381 381 381 381 
39 241 241 241 288 430 
383 463 463 
46 46 287 287 381 381 
362 362 416 416 
362 362 
33 33 40 40 192 281 281 298 298 298 298 347 347 347 
169 179 179 296 
236 236 344 
184 246 258 258 259 259 
330 354 428 428 
208 208 251 251 251 251 413 466 466 503 
94 94 315 398 398 
76 76 76 413 413 
463 463 508 
13 74 74 74 107 107 109 109 119 184 184 184 186 196 196 228 228 245 245 292 299 299 314 314 346 346 353 353 353 354 354 354 410 410 410 413 413 413 423 423 440 456 456 509 509 
196 413 

236 438 
314 314 314 418 418 
82 82 130 130 130 184 184 261 261 276 289 289 329 329 329 389 389 394 394 
81 81 143 143 389 
230 236 237 
85 118 118 118 118 118 312 425 490 
1 1 1 18 41 41 41 84 441 441 465 465 465 465 465 475 475 475 475 
198 198 198 508 508 
306 306 370 408 408 408 
5 5 5 295 504 
358 358 
38 358 
2 189 189 189 
182 182 182 413 500 
177 236 236 236 259 259 259 415 415 415 
73 73 216 315 315 
276 276 276 314 314 314 314 
224 224 314 
171 290 290 
441 441 441 
288 320 354 401 401 401 508 
476 476 496 
170 170 170 170 195 195 267 267 267 378 378 471 471 
20 117 117 117 136 216 
146 379 425 425 
116 138 236 237 237 237 346 346 346 346 507 
431 431 431 508 
36 36 190 190 190 
76 76 
22 22 115 115 115 115 115 331 331 331 414 414 414 480 480 480 
76 76 
401 401 
2 182 
355 355 
289 289 
294 367 367 367 
22 22 108 108 108 108 108 441 497 497 497 
52 104 184 184 184 303 303 303 303 415 415 
14 102 102 102 125 125 136 136 184 236 236 418 418 418 
84 84 84 84 84 
76 122 222 237 374 413 413 
239 239 239 
130 130 130 130 157 157 157 157 157 159 159 159 159 159 171 171 171 171 171 389 389 
27 27 119 353 353 353 438 

154 454 
117 117 136 136 136 
185 185 491 491 491 
290 
413 413 448 448 494 
275 275 275 275 275 342 
81 81 81 121 121 121 121 389 
257 257 257 257 257 

381 
354 354 380 406 406 406 

102 117 117 125 125 125 420 420 420 
41 41 41 44 184 
104 164 164 461 

170 320 320 332 332 332 378 378 
413 413 413 
3 143 165 389 389 
82 82 142 171 217 217 
282 282 282 445 

103 238 379 379 381 
12 236 236 236 344 
452 452 452 
250 250 250 
248 408 408 
41 41 41 198 198 198 198 214 354 508 508 508 508 508 
175 175 175 262 262 262 364 368 368 368 
325 390 390 
124 374 
31 31 31 243 243 243 
287 287 450 450 492 492 492 
121 121 121 121 121 261 276 
26 26 194 271 271 348 408 508 508 508 
39 121 121 121 121 121 177 177 205 205 231 231 330 402 428 428 433 469 469 469 510 511 
312 312 498 498 
455 
208 208 208 208 322 
166 
138 138 293 293 293 
142 329 329 
39 163 477 
220 220 220 455 455 455 455 
209 209 209 390 390 390 413 
68 233 233 233 265 265 265 265 296 296 296 368 368 368 368 371 
101 101 101 101 140 217 371 371 371 371 371 471 471 
23 97 121 121 121 121 121 143 184 290 
31 
24 344 
222 222 222 376 413 
152 152 152 262 262 262 262 262 373 407 407 413 
23 247 247 
93 159 159 283 283 300 300 300 414 414 415 415 
28 28 183 183 183 
68 68 407 407 407 407 
30 334 
30 30 30 216 216 216 216 
15 92 92 92 111 340 340 363 363 385 404 404 404 413 444 499 499 
2 2 28 178 178 178 260 260 260 260 260 
5 5 12 14 15 15 16 16 31 31 32 32 34 41 41 41 70 76 76 76 81 81 116 116 116 117 137 171 202 202 226 236 236 236 246 258 258 258 267 267 267 279 279 284 289 292 292 292 307 315 324 324 345 354 354 366 366 396 396 396 409 415 415 415 426 426 465 465 490 
126 126 473 491 491 491 
76 245 245 328 373 373 440 440 440 
382 382 
477 477 
2 91 91 91 
106 106 106 372 
56 236 236 236 267 267 267 268 446 474 474 
33 33 33 59 59 59 59 67 236 281 298 298 298 298 499 
43 270 286 286 413 479 500 500 
158 230 230 230 230 230 
6 6 6 55 101 101 236 236 404 404 404 404 
8 76 76 77 200 200 200 290 350 373 422 422 
496 
5 5 86 86 86 151 151 151 151 386 386 508 508 508 
207 207 207 
196 196 196 
60 211 211 211 415 
12 184 184 
9 9 9 9 
267 274 274 274 274 
159 159 
39 39 239 402 
199 199 199 337 337 478 478 478 
72 72 162 162 162 162 
168 168 168 328 328 410 413 413 413 413 
35 35 309 309 309 385 398 
201 201 201 460 460 
233 233 310 505 505 505 
338 338 338 338 
44 44 44 44 151 314 
387 387 434 434 434 467 467 
94 102 181 181 181 181 
143 143 170 
9 271 327 327 327 327 327 
232 232 274 402 402 454 454 
167 167 167 413 
370 370 
119 174 174 174 314 413 413 413 
488 488 
8 96 96 313 350 350 
5 5 24 377 377 377 377 419 419 441 441 458 
184 292 292 
343 343 392 392 392 
76 76 398 
295 316 360 360 360 
83 194 194 194 194 194 236 236 236 303 415 415 
39 159 159 267 267 267 267 
39 219 219 454 454 
7 169 169 169 212 212 238 238 271 271 276 310 310 374 374 374 375 375 
375 375 375 375 
430 430 430 
49 49 55 55 55 56 56 69 69 79 83 93 93 93 104 117 117 147 147 147 184 184 184 191 191 191 192 195 195 230 230 230 252 267 267 269 269 269 278 278 278 283 283 300 300 300 344 344 344 344 356 415 415 432 432 438 460 460 487 487 487 
83 104 104 104 119 
146 233 233 412 
120 120 120 206 306 306 306 306 342 405 
10 10 10 10 476 496 
39 39 62 62 62 425 425 425 425 
260 260 260 413 
31 31 155 155 155 311 413 494 494 
325 325 358 
76 76 186 186 
70 184 267 267 267 404 
176 176 288 401 401 
150 408 408 412 
40 
149 149 149 374 401 417 
72 72 72 72 
236 

415 
5 5 
273 273 354 354 
131 131 131 131 131 305 305 
70 70 184 184 184 409 
70 70 93 93 93 
2 2 2 2 183 183 183 183 183 242 242 242 
81 81 157 
152 152 152 175 175 175 175 175 410 
315 
11 334 334 385 385 
169 169 169 169 
282 
39 55 101 101 101 184 184 184 191 191 191 204 231 231 231 231 236 236 246 246 246 274 378 378 378 378 471 471 471 
191 274 274 274 274 285 
236 236 236 365 365 365 365 
193 
3 3 158 158 218 233 233 282 282 282 287 297 297 297 327 327 339 339 339 354 354 354 374 374 391 391 401 401 401 408 408 408 412 412 427 427 442 442 453 

5 256 256 354 354 472 472 472 475 475 
39 204 204 204 204 219 267 268 268 268 268 402 402 402 
129 129 129 129 129 
81 95 95 95 157 233 410 
338 371 
236 236 236 
5 5 184 184 
5 5 5 449 449 467 
67 67 192 298 421 
144 144 144 266 271 271 271 427 427 
177 177 236 236 415 
184 
268 373 
193 193 413 413 
19 64 64 156 156 271 412 412 412 412 
62 99 247 401 401 401 401 
81 81 113 113 184 
23 23 97 97 127 171 196 
354 426 426 
51 51 76 184 184 184 226 226 423 423 444 
164 164 164 408 
58 58 58 114 408 
88 229 378 378 378 378 509 509 
68 169 169 169 389 389 389 389 389 425 
271 271 271 408 408 408 
9 67 67 67 67 192 192 192 192 281 
76 76 
177 177 177 236 236 236 

321 321 321 485 
116 116 116 116 230 365 365 365 365 415 415 

257 257 392 392 392 392 482 
87 87 239 239 239 239 370 370 
184 354 354 396 465 
364 364 364 364 364 467 
35 210 210 210 484 484 
212 233 233 353 375 
243 348 348 
84 160 160 
8 8 224 
76 76 80 80 80 95 95 95 95 96 214 222 349 349 354 354 384 384 398 413 418 418 449 449 455 455 455 481 
31 31 73 94 94 184 263 336 336 486 486 
229 444 444 
349 398 
413 
354 429 
99 140 140 
42 42 302 302 302 323 323 
24 162 
321 321 359 359 
41 41 184 184 
153 244 244 358 503 503 

218 218 218 218 218 271 271 
186 209 209 
81 81 81 165 165 
39 39 39 71 159 369 425 425 425 425 428 428 
108 108 108 406 
140 140 140 407 407 413 413 413 
339 339 339 385 413 452 
180 264 264 385 385 413 

315 315 
207 207 
213 213 213 213 277 415 
46 46 271 271 271 333 333 333 381 381 395 403 403 403 403 403 408 408 427 427 427 470 470 
182 182 

129 239 
227 227 
69 147 173 236 236 236 236 
52 184 
27 27 76 76 104 104 104 104 
67 67 67 506 506 
158 311 311 
314 314 317 481 481 
196 224 224 


27 27 76 76 76 122 122 122 310 456 
5 5 5 31 31 31 41 41 41 71 76 76 76 99 134 134 151 184 184 256 256 271 271 271 273 273 291 307 307 314 314 319 396 411 426 450 490 490 490 502 508 
112 112 388 388 388 388 490 490 
236 
26 367 
38 45 45 89 89 90 244 325 466 503 
323 323 495 495 495 495 
229 229 229 

65 65 66 66 413 
182 182 
152 308 308 308 308 308 410 410 
269 269 269 269 303 303 303 303 
184 184 
114 114 114 357 
152 152 152 169 169 169 169 442 442 442 
330 
87 221 221 306 306 
169 170 170 170 170 170 277 
190 
175 186 186 196 285 
57 119 154 233 233 233 250 271 271 417 417 442 442 442 468 
233 233 234 234 234 234 310 
174 
53 53 56 56 56 56 225 225 225 225 
101 101 140 140 267 267 267 267 295 295 295 295 
103 146 146 
134 
0 0 46 46 46 46 61 61 61 61 64 64 133 146 339 339 395 395 408 408 
187 187 413 
63 415 415 415 432 432 
314 314 449 
182 210 264 264 333 334 334 413 413 
198 198 
215 215 434 434 
355 355 355 355 474 
22 22 81 81 82 121 121 130 142 142 296 296 296 296 296 414 421 421 421 497 497 506 506 506 
153 153 168 168 168 
271 271 
227 227 227 305 305 305 305 
458 474 474 474 
81 81 495 
339 381 381 
184 184 184 307 354 465 465 
58 
73 73 210 228 314 317 
41 
5 5 50 
99 99 99 110 110 247 247 250 271 271 271 288 288 288 288 
39 39 159 206 219 219 274 274 274 
339 339 339 339 339 427 427 
182 182 182 195 195 195 195 246 453 
239 
134 134 134 331 
175 175 179 179 179 179 332 332 
25 25 25 26 26 26 87 87 87 150 150 158 248 248 271 271 271 293 294 297 297 297 339 339 381 381 437 437 437 453 453 470 470 
184 258 
76 76 76 209 262 276 364 364 
354 462 462 462 
238 248 271 271 287 287 287 287 458 
8 8 8 45 72 74 74 76 76 76 77 92 119 119 128 128 141 141 141 168 174 175 182 193 209 209 209 209 220 222 222 222 242 243 286 286 314 318 332 332 332 333 334 362 382 385 385 448 455 494 494 
108 108 108 177 177 389 
57 93 93 93 116 116 177 177 184 184 184 201 230 230 236 236 254 283 303 303 338 383 383 383 432 432 432 463 463 
65 65 
250 374 374 
80 80 117 117 117 314 314 
225 225 
40 49 136 136 136 
22 22 22 281 389 389 389 506 506 506 506 
196 196 
76 76 292 292 

84 103 103 241 241 241 241 296 330 330 330 330 
184 184 291 291 354 
7 271 271 282 282 339 339 339 403 403 
71 71 159 159 330 330 
319 
62 235 235 235 
105 105 105 440 440 496 496 
236 236 383 383 415 415 415 460 
159 
215 215 215 387 387 
449 449 
22 22 22 474 474 474 474 
408 408 408 
79 122 236 
45 45 
76 186 186 186 431 431 
1 1 5 5 85 85 98 98 98 115 225 225 475 475 475 
271 271 368 368 368 374 374 374 
5 5 5 5 
15 15 15 20 59 182 292 316 316 
41 144 
56 191 
464 464 464 
17 17 128 128 413 455 455 455 455 
280 280 314 314 384 435 435 467 467 467 
41 156 156 354 460 460 460 462 462 

148 148 148 333 464 464 464 467 
271 404 408 408 
4 4 124 219 219 232 232 
161 167 167 167 167 314 314 314 413 448 448 448 448 
76 76 353 491 

225 393 412 
47 47 
211 211 236 236 432 450 450 450 
138 
411 411 411 450 450 
63 63 75 75 415 415 
447 447 447 452 452 452 
85 85 85 85 85 184 184 307 396 396 
72 72 358 
215 215 280 308 449 449 449 452 
374 
159 159 159 511 
339 339 408 408 474 474 474 
101 101 170 170 267 267 267 
273 273 273 475 475 475 
185 507 
56 56 191 191 388 393 393 393 436 436 436 436 470 470 470 487 487 487 
85 85 85 85 273 273 441 441 441 472 472 472 
10 10 100 100 240 496 496 
39 39 39 166 188 188 
207 207 207 
193 
108 108 108 
314 349 349 
305 
30 30 
309 309 488 488 488 
39 302 
31 315 315 
29 56 56 236 236 236 474 474 474 
223 223 484 484 484 
31 
84 184 354 354 354 355 355 
126 126 126 185 185 185 456 
156 156 156 
3 3 
128 243 243 413 413 
359 359 359 359 394 
10 10 32 32 32 32 100 197 240 431 431 476 476 
22 115 115 115 389 389 
160 160 
182 182 192 
92 193 193 
54 54 
354 
72 325 325 358 
5 5 88 
212 212 212 
347 347 389 389 389 421 421 421 421 
104 473 
5 5 5 75 86 86 99 105 151 151 151 151 151 158 158 158 198 198 198 354 
76 76 295 295 
159 
159 469 
