nodes: 512 edges: 1564

85 85 441 443 
28 91 92 111 182 182 189 189 242 260 260 260 
5 142 271 493 493 
454 
3 34 34 48 48 50 88 88 184 198 225 255 255 273 273 279 280 280 280 280 280 354 400 400 400 400 441 441 504 504 508 508 
195 195 195 404 
233 427 
196 224 313 313 350 413 413 413 
203 203 271 271 
240 240 240 476 496 

147 184 184 355 
118 118 229 229 
117 117 184 
16 16 16 182 182 184 184 444 
15 15 15 184 
448 448 448 448 448 
85 85 85 
104 
102 102 102 428 
31 31 31 
108 108 115 115 389 389 421 421 421 436 436 436 461 497 
171 171 290 

308 346 346 346 408 408 408 
44 158 158 357 357 357 357 408 
122 122 122 122 346 346 353 353 353 353 509 
2 178 183 183 
56 56 487 487 487 487 
180 180 181 222 222 222 483 
21 21 21 155 172 172 184 243 243 243 354 354 354 486 489 
184 496 496 
67 192 192 192 
5 5 184 
210 309 
106 106 
83 406 415 
90 326 358 358 
159 159 166 166 206 206 206 219 219 231 241 241 267 267 274 302 330 330 402 477 477 477 485 
67 67 67 67 67 192 192 249 249 420 
85 85 137 137 151 151 151 156 160 184 184 354 354 354 399 445 445 450 450 457 457 457 
321 321 321 
193 193 
26 137 137 214 214 214 
76 413 439 439 
64 64 339 339 381 381 381 381 
76 76 268 346 459 
5 5 
420 
5 400 
292 354 435 
116 345 345 380 
225 377 377 377 377 

195 
29 29 236 236 377 446 474 474 487 487 
146 374 415 415 415 
294 397 397 397 
192 192 192 

359 381 381 381 381 464 
241 
383 463 463 
46 46 287 287 287 287 287 381 381 
193 193 193 362 362 416 416 416 
141 362 362 
33 40 40 40 40 40 192 281 298 298 347 347 347 421 
179 296 
236 344 
184 259 259 259 
330 330 354 428 
208 208 251 251 251 251 466 466 
94 128 398 398 398 
76 76 76 413 413 
383 383 463 463 508 508 
45 47 47 74 74 74 78 107 109 109 109 109 119 184 184 186 186 199 199 229 242 242 292 292 292 322 346 353 353 353 354 354 361 410 410 413 413 423 440 440 456 478 478 
196 196 
76 
438 438 438 438 

130 130 130 130 184 184 276 289 289 389 389 394 
143 165 389 389 
37 237 
85 118 312 348 
1 1 18 18 18 41 41 84 348 348 441 441 465 465 475 
198 198 254 254 254 508 
306 370 408 
5 5 295 504 504 
118 358 358 
38 358 358 
2 189 189 189 
2 182 182 182 413 413 413 
177 177 236 236 236 236 236 259 259 415 415 415 
73 
276 276 314 314 314 314 314 
224 224 224 224 
171 290 290 
223 441 441 
156 288 354 354 354 401 401 401 508 
197 197 476 476 496 496 
148 267 267 267 267 267 471 471 471 471 
20 20 20 117 117 136 
146 146 379 379 415 425 
19 116 116 116 134 134 134 134 134 138 138 236 236 237 237 237 346 346 346 507 
184 184 372 431 431 431 431 
36 36 190 190 190 
76 
22 22 115 115 115 115 331 414 480 480 480 480 
76 76 76 76 462 
176 176 176 211 247 401 
2 234 
355 
184 237 
294 294 367 367 
22 22 108 108 108 108 497 497 497 
52 104 104 104 303 303 415 415 
14 14 102 102 125 125 125 136 184 184 236 418 418 418 418 418 
13 13 84 89 
76 122 122 122 222 237 339 374 413 413 
486 486 489 
130 130 130 157 157 157 159 159 159 159 171 171 389 389 389 
27 27 27 27 119 119 119 222 310 341 353 353 353 353 
468 468 
454 454 
117 117 117 136 
185 491 491 
290 
73 413 448 448 494 494 
275 275 342 
81 81 81 81 121 121 121 389 389 
257 257 
413 
381 381 381 
104 104 104 104 104 354 354 354 

102 117 125 420 420 420 
41 41 44 44 184 184 
104 104 164 236 
381 381 
320 332 332 378 378 378 
66 
3 389 389 
82 217 217 
282 
319 
57 103 103 169 381 
12 236 344 
101 191 191 304 304 452 
250 250 250 
248 
41 41 41 198 198 198 198 281 354 354 508 508 508 508 
175 175 175 175 175 262 262 262 292 368 368 368 
325 325 325 390 
374 374 
31 243 413 
41 99 287 287 287 287 450 450 492 492 492 492 
121 121 121 276 276 
26 26 194 194 194 246 271 271 348 408 508 508 508 
39 39 121 121 121 121 177 177 177 177 177 188 205 205 231 231 231 330 402 402 469 469 477 477 477 477 511 
41 272 272 272 312 312 498 498 

208 228 228 228 322 322 
166 
138 293 
82 329 329 
39 39 163 477 477 
220 220 455 455 
209 209 209 209 390 
146 233 238 265 265 296 368 368 
217 272 371 371 
23 23 97 121 121 184 290 290 
31 31 449 
344 
222 222 335 376 376 413 
152 152 152 152 152 262 262 262 373 413 413 
110 110 110 247 247 247 
93 93 159 159 159 159 159 283 414 414 414 415 415 
28 183 373 373 373 373 
68 407 407 
30 30 222 
30 216 216 216 
2 2 15 15 92 92 92 220 363 363 363 413 413 444 444 499 499 
28 28 178 260 260 260 260 
5 12 12 14 15 15 16 31 32 34 41 41 70 76 76 81 81 105 105 113 117 117 137 137 171 202 202 202 202 213 213 221 221 236 236 258 258 258 258 260 260 267 267 267 279 284 284 284 289 289 292 307 307 307 324 324 354 354 354 366 396 396 396 409 415 415 426 465 465 465 490 
126 473 491 
76 76 245 245 328 328 328 373 440 440 440 
382 382 382 382 382 
159 477 477 477 
2 2 91 91 91 
106 106 106 372 
148 148 236 236 267 267 267 268 268 446 474 474 474 
33 33 33 40 40 59 59 59 67 236 236 281 298 298 298 432 
43 43 65 65 65 286 358 358 362 413 500 500 500 
158 158 158 230 
6 6 6 55 404 404 404 404 404 
8 77 77 200 200 290 290 350 350 373 422 422 
100 100 340 496 496 
5 86 86 151 151 151 151 
76 76 207 207 
196 196 
211 211 211 236 236 415 415 415 
184 184 184 184 
9 9 
267 274 274 348 
159 159 
39 39 39 402 
199 199 337 337 478 
72 72 162 
168 168 168 168 328 328 413 413 413 
35 309 309 385 
110 201 201 201 
233 233 233 310 310 310 505 505 
184 184 338 338 
44 44 44 215 215 215 314 
214 214 214 387 387 387 387 
181 181 181 
143 143 170 
271 271 271 327 327 327 
39 39 232 232 274 402 510 
167 167 182 
184 184 370 370 
30 30 30 119 122 174 174 180 314 376 376 413 413 413 483 
98 488 488 
8 96 96 96 96 313 313 313 350 350 
5 53 259 259 377 377 377 419 419 441 458 
292 
343 392 392 392 
162 162 162 245 245 398 398 398 
13 13 76 360 360 
194 236 236 236 303 415 415 
39 159 159 159 267 267 
219 219 454 454 
7 169 212 212 212 238 271 271 271 276 310 310 374 374 375 375 408 
111 375 
430 430 430 430 430 
56 56 69 93 93 93 93 93 104 104 117 138 147 184 184 191 191 192 192 201 201 230 230 230 252 252 267 267 269 269 269 269 278 300 300 344 356 415 415 415 432 432 432 460 
83 104 104 104 113 119 
169 233 412 
306 306 342 342 405 405 
10 10 10 476 476 496 
39 39 62 425 425 425 425 432 
2 76 76 260 260 260 260 413 413 413 413 413 
31 31 31 155 413 494 
325 325 358 358 
186 186 228 228 
158 267 267 267 267 
110 176 176 176 288 401 
150 412 
40 40 
149 149 149 374 374 374 401 401 401 
72 72 72 72 
236 236 
330 
86 86 86 415 415 
5 5 
273 273 273 354 354 354 488 
131 131 305 305 
184 184 184 184 409 409 
70 70 70 93 93 225 225 
2 2 2 183 183 183 183 184 184 242 242 242 242 
329 
152 152 152 175 175 175 410 410 
315 315 315 315 
334 334 385 385 
169 169 
282 
39 39 101 101 101 101 101 184 184 184 191 191 191 204 231 231 236 236 246 246 246 246 268 274 378 378 378 471 
47 191 191 267 274 274 274 285 
236 236 236 236 365 365 365 365 415 
286 
3 9 9 158 158 218 218 218 233 233 233 282 282 282 287 297 297 327 339 339 339 354 354 374 375 391 391 391 401 401 408 408 408 412 412 427 427 442 442 442 
160 160 160 170 
5 5 256 256 256 354 354 354 472 472 472 475 475 
39 204 204 219 267 268 268 268 
129 129 
81 95 95 157 157 233 383 410 
371 
236 
5 184 
5 5 5 5 5 308 449 467 467 
67 151 192 298 421 
144 266 271 271 271 284 427 427 427 
177 
184 184 184 282 
268 
193 270 
64 64 64 64 64 156 156 156 156 271 412 412 412 
99 247 401 401 
81 81 184 184 359 
23 97 97 127 171 171 196 196 
354 354 426 426 
51 76 76 76 152 184 226 364 423 423 423 444 
164 302 408 408 
58 114 114 397 408 408 
88 323 378 378 509 509 
68 169 389 389 389 389 425 425 
271 271 408 408 408 
67 67 192 192 192 281 421 

236 236 
339 339 339 
39 293 383 485 485 485 
116 116 230 365 365 
148 148 
257 257 392 482 482 
87 239 239 370 408 408 
184 184 184 354 354 354 396 465 465 465 
25 280 364 364 364 467 
35 210 210 484 484 484 
122 212 212 212 233 233 353 375 375 375 
348 348 348 
84 160 160 
8 8 224 224 224 
95 95 95 95 95 214 222 319 354 354 354 384 384 398 398 413 413 413 418 434 434 449 449 455 455 467 481 
263 263 263 263 336 486 486 486 
444 509 
398 
382 413 
145 314 354 354 429 429 429 
140 
42 42 42 323 
76 162 162 509 509 509 
295 321 
184 184 
153 153 153 244 244 358 413 503 503 503 
38 
218 218 218 271 
186 186 186 209 209 
165 165 261 
39 39 71 71 159 253 369 369 369 425 425 425 425 428 
108 
140 140 407 413 
339 339 339 385 385 385 413 452 452 
264 264 385 385 413 
174 
315 
207 207 
213 213 415 
46 46 119 271 271 271 301 301 301 333 333 333 381 381 403 403 403 408 408 427 427 470 470 
197 
122 
129 239 239 
227 
69 147 173 236 
52 52 
25 25 25 27 27 47 76 104 104 104 459 459 
67 67 67 
84 85 85 158 204 311 311 311 
371 481 
8 196 196 224 224 
432 
402 402 
27 27 27 27 76 76 76 122 122 122 122 310 456 
5 31 31 31 41 41 41 51 71 76 76 99 99 99 134 134 134 151 151 184 184 184 256 256 256 271 271 273 273 273 291 291 307 307 307 314 314 314 319 319 411 411 426 450 450 450 490 490 502 508 
12 112 490 490 490 490 
236 
26 26 26 26 367 
38 38 89 89 90 90 193 193 244 244 325 466 500 503 503 
61 289 495 495 495 495 495 
229 229 
76 
65 65 66 66 193 
182 182 182 442 
292 308 308 308 410 
269 269 269 269 303 303 415 
184 
114 114 357 496 496 496 
152 152 152 169 169 442 442 442 442 
330 330 330 
87 221 221 306 
170 170 277 349 
105 190 449 449 
175 178 178 178 178 186 196 
57 119 154 154 233 233 250 250 250 271 408 408 408 417 417 442 442 468 
233 233 234 271 310 310 310 
174 174 222 222 
53 53 53 53 56 225 225 225 
140 140 140 267 267 267 295 295 
103 103 
52 
46 46 46 46 61 61 61 61 64 64 133 133 133 139 139 146 339 339 395 395 408 408 
187 187 187 187 187 318 
63 75 75 276 302 415 415 432 
314 314 
210 264 264 333 333 333 334 334 

215 215 215 215 434 434 
474 
22 22 81 81 82 82 121 121 121 130 130 142 142 296 296 296 296 414 421 421 421 421 421 497 506 506 506 506 
153 168 
271 271 271 
227 227 227 305 
429 474 474 474 474 
81 495 
381 381 
184 184 184 307 465 465 465 465 
58 58 58 294 
73 73 73 228 228 228 314 314 317 
41 
5 5 5 5 50 
99 99 99 110 247 250 250 250 271 271 288 288 
39 159 159 206 219 352 352 510 
339 339 339 
6 195 195 195 195 195 
239 239 
37 
179 179 332 
25 25 25 26 87 158 233 271 271 271 293 293 294 294 297 297 297 306 306 339 339 374 374 374 381 381 437 437 437 453 453 453 470 
184 258 258 
76 76 262 262 276 364 
354 354 462 462 
238 248 271 271 287 287 287 
8 8 8 45 74 74 76 76 92 92 92 119 119 128 132 155 174 175 175 182 182 193 209 209 209 222 222 222 242 242 242 242 242 243 314 314 314 318 325 332 333 334 424 439 455 494 494 
108 177 177 177 389 
37 57 57 57 93 93 93 103 116 116 177 177 184 184 201 201 201 230 230 236 236 236 254 254 269 338 365 383 383 432 432 463 463 
65 65 65 
374 374 
117 117 117 117 117 314 
225 225 
40 49 136 136 136 
22 22 22 67 281 298 389 389 389 389 389 506 506 506 
196 196 
76 292 292 292 
413 
103 241 241 241 241 296 296 330 330 330 330 
184 291 291 354 
7 271 271 282 282 282 339 339 
20 71 330 
319 319 319 393 
235 235 235 235 235 
105 105 105 105 440 440 440 440 
192 236 236 236 241 351 383 415 415 460 

314 314 387 387 
51 449 
22 22 22 474 474 
408 408 408 
79 79 79 79 
45 45 413 
76 76 186 186 186 431 431 431 431 
1 5 5 85 85 98 98 225 475 475 475 
271 271 271 363 368 368 368 368 374 374 
1 
15 182 182 292 316 
41 41 
56 191 
464 464 464 464 
17 17 17 17 17 128 128 455 455 455 
172 280 314 314 372 372 435 467 
41 41 156 156 354 354 354 460 460 460 460 462 

148 333 333 
408 408 408 
4 124 124 232 232 
167 167 314 314 413 448 448 448 
76 353 
41 41 41 
225 
47 346 346 
236 432 450 450 450 450 
22 497 
109 411 411 450 
63 63 75 75 415 415 
61 447 447 447 447 
85 85 184 184 184 307 307 307 396 396 396 396 
72 72 358 
280 280 308 314 449 
123 123 374 
159 159 511 511 
339 339 408 474 474 474 
101 101 101 101 267 
273 273 273 475 
185 
56 56 191 191 191 388 393 393 393 393 436 436 470 470 470 487 487 
85 273 273 441 441 441 472 
10 100 100 240 240 496 496 
39 39 39 159 159 159 159 166 166 188 188 188 
76 76 207 

108 108 108 108 
314 349 
305 305 
30 222 
309 309 309 488 488 
39 302 302 302 
31 120 120 315 315 315 489 489 489 
29 29 29 29 56 56 474 474 
223 223 256 484 484 
31 120 486 486 486 
184 354 354 355 355 355 355 
126 126 185 
156 156 156 156 
3 3 
128 128 243 413 413 
359 359 359 359 359 394 
10 32 32 100 100 197 197 240 367 367 367 476 476 
22 115 115 115 389 461 
160 160 
182 182 
193 193 193 358 

354 
325 325 325 358 358 
5 5 88 88 
212 212 
389 389 389 389 421 421 421 
104 
5 5 75 75 86 99 151 151 151 151 158 158 158 354 
27 295 295 316 322 322 322 
219 402 
159 469 469 
