nodes: 256 edges: 776
60 60 119 119 236 236 
153 158 158 158 164 164 232 232 232 
153 
81 81 90 90 90 93 238 238 238 
8 14 14 14 18 18 32 32 32 138 208 208 208 208 
26 33 50 50 81 81 81 98 102 102 108 117 117 123 133 133 136 136 142 142 142 143 203 203 203 221 227 227 234 234 234 235 235 238 238 243 243 244 248 
212 253 253 253 253 
86 86 203 218 220 220 220 
4 71 168 247 247 247 
41 182 182 
14 14 14 
96 96 96 
56 56 56 205 205 222 222 222 222 
122 122 122 
4 4 4 10 10 10 18 32 32 47 47 51 51 51 58 58 58 58 138 138 138 139 139 146 146 152 152 152 180 
115 115 115 183 183 183 183 
78 78 89 89 89 93 95 95 
49 84 
4 4 14 51 60 60 60 61 63 63 90 120 120 120 152 186 186 186 206 206 223 223 223 
62 62 
98 98 114 114 114 166 166 
45 45 45 52 52 153 
104 180 180 180 180 
192 192 192 
225 225 225 
71 81 228 
5 33 33 44 44 62 67 70 70 82 82 84 84 84 98 98 108 117 117 117 122 122 141 141 196 213 213 222 231 
68 68 68 221 250 250 250 250 
108 
51 205 205 
175 175 182 182 
146 152 152 152 152 157 
4 4 4 14 14 
5 26 26 37 44 44 122 122 122 134 134 150 150 150 169 169 169 222 222 

53 65 65 65 65 81 81 147 
75 171 171 
33 169 
42 42 42 222 222 222 222 
134 134 146 146 146 146 
203 203 
9 101 
38 38 38 81 81 102 102 102 102 102 114 125 125 222 222 222 222 235 235 235 243 243 
195 
26 26 33 33 59 59 122 122 122 150 150 150 222 222 
21 21 21 52 52 52 85 148 153 
106 106 
14 14 152 
58 58 152 152 163 163 163 
17 194 
5 5 
14 14 14 18 29 112 112 112 112 156 
21 21 45 45 45 228 
35 81 
109 109 246 246 
238 238 
12 12 12 142 142 150 150 150 150 
93 93 93 154 154 154 186 186 186 241 
14 14 14 14 48 48 104 104 152 152 203 214 214 251 252 252 252 
44 44 70 70 
0 0 18 18 18 76 76 152 152 206 236 236 
18 170 206 206 250 
19 19 26 
18 18 90 90 90 
182 
35 35 35 35 81 81 93 93 
84 84 
26 213 
27 27 27 
88 88 146 146 146 165 165 165 165 165 203 203 203 203 
26 26 59 59 77 77 77 84 84 84 84 84 122 122 210 210 222 222 222 222 
8 25 131 247 

122 122 220 
156 203 
36 99 99 126 203 203 217 233 233 233 
60 60 
70 70 70 122 243 243 243 243 
16 16 89 93 93 
111 111 
137 137 
3 3 5 5 5 25 35 35 42 42 53 65 65 93 93 153 160 160 160 173 176 176 203 203 203 238 238 238 238 238 251 251 251 
26 26 
101 192 204 246 
17 26 26 26 66 66 70 70 70 70 70 183 249 
45 131 131 131 131 228 
7 7 203 
98 253 
69 69 
16 16 16 78 
3 3 3 18 63 63 63 137 201 201 201 206 206 206 242 242 
121 121 238 

3 16 57 57 57 65 65 78 78 81 81 95 95 95 111 176 201 224 224 241 241 
112 243 248 
16 16 93 93 93 
11 11 11 144 144 144 200 200 200 229 229 229 240 240 240 
124 130 130 130 226 226 
5 20 20 26 26 87 209 209 209 213 
75 75 147 251 
109 109 194 194 194 198 255 255 255 
41 83 113 113 113 145 145 
5 5 42 42 42 42 42 181 181 181 203 203 203 234 234 
231 231 231 231 254 
22 58 58 111 111 111 111 
153 153 153 
46 46 145 145 145 195 195 
119 119 152 
5 26 28 
54 54 100 100 124 194 198 198 198 198 
153 153 
79 79 93 104 104 104 104 154 154 154 
51 51 51 51 94 
101 101 101 145 177 204 204 246 246 
20 20 20 42 209 227 227 227 235 235 235 235 
15 15 15 
203 203 
5 5 26 26 26 
188 188 
0 0 107 107 152 152 223 223 223 
18 18 18 170 170 
91 91 133 133 133 179 179 179 238 238 
13 13 13 26 26 33 33 33 44 44 44 70 70 73 73 77 243 
5 160 160 160 160 161 161 
97 109 
42 42 
75 203 
161 189 189 229 
232 

97 97 97 
71 85 85 85 85 151 151 151 151 228 228 
212 222 222 
5 5 121 121 121 141 141 141 141 141 227 227 234 234 234 234 234 
33 33 39 39 211 
175 
5 5 196 196 196 
80 80 90 250 250 
4 14 14 14 
14 14 
158 158 158 168 168 168 168 
26 26 133 133 133 133 133 248 248 248 
5 5 5 56 56 159 
5 149 165 203 
96 96 96 197 
101 101 106 106 106 113 
14 14 31 39 39 39 39 69 69 69 157 223 223 
35 99 222 
45 
143 
33 33 33 44 44 44 56 56 56 56 181 181 
131 131 131 131 153 153 228 
14 14 14 18 31 31 31 31 47 48 48 58 58 60 60 107 119 119 157 163 163 170 170 170 170 170 225 225 
1 2 21 45 81 105 105 105 110 110 151 151 228 
57 57 57 111 111 111 176 238 
206 206 
51 74 203 
31 146 152 
1 1 1 140 140 140 164 
142 
81 81 81 123 123 123 123 251 
123 123 127 
239 239 239 
48 48 48 152 152 
1 1 158 232 
69 69 69 69 69 143 203 
20 20 209 209 
184 184 184 184 
8 140 140 140 140 
33 33 33 37 
61 120 120 152 152 152 152 152 
36 36 
197 197 197 
81 

30 30 135 
81 81 93 154 
113 204 204 

121 121 121 
14 22 22 22 22 
102 102 102 150 150 
9 9 30 30 64 244 
15 15 15 15 84 
167 167 167 167 228 228 
197 197 197 197 
18 18 18 57 57 57 

118 118 
127 127 
236 
205 205 
23 23 23 83 
237 237 237 253 253 
49 100 100 100 109 
43 106 106 204 204 245 245 245 
26 136 136 136 239 
144 172 172 172 185 185 185 185 
100 109 109 109 109 

96 96 96 
90 90 90 93 

5 5 5 7 40 40 58 69 69 69 69 74 75 75 81 81 81 86 102 102 102 116 116 126 143 156 165 214 220 234 251 251 252 
83 113 113 177 177 195 195 246 246 
12 12 29 29 191 191 
18 18 60 61 61 90 90 90 155 155 

4 4 4 4 
98 98 98 114 166 166 
70 70 
134 
6 132 
26 26 67 98 
58 58 203 


75 233 
7 

7 7 7 73 203 251 
5 27 
12 12 12 12 26 33 33 38 38 38 38 42 42 42 42 44 44 70 70 70 70 132 132 147 
18 18 18 119 119 119 146 146 
93 93 238 238 
24 24 24 152 152 
97 97 
5 5 114 114 114 133 133 
25 52 85 131 131 151 153 184 184 
96 96 96 127 240 
238 238 238 
26 103 103 103 103 
1 1 1 128 164 
75 75 75 217 
5 5 5 102 102 133 133 133 133 133 203 
5 5 42 42 42 114 114 114 114 
0 0 60 60 190 
193 193 193 253 
3 3 3 5 5 55 55 81 81 81 81 81 91 121 121 154 224 224 230 230 230 
162 162 162 196 
96 96 96 229 
57 93 93 
90 90 
5 5 42 42 77 77 77 77 94 122 
5 182 248 248 
195 195 195 
54 54 83 113 113 204 204 
8 8 8 71 
5 94 141 141 141 244 244 
84 
27 27 27 27 61 137 137 
58 81 81 81 99 160 203 203 220 
58 58 58 203 
6 6 6 6 87 193 193 237 
103 
100 100 100 
