nodes: 256 edges: 779
22 60 60 119 119 236 236 
21 21 21 105 105 153 153 158 158 164 232 232 
153 153 
81 90 90 93 238 238 
14 14 18 18 32 85 138 138 208 208 208 208 
26 26 33 38 38 56 56 81 81 81 98 98 98 102 102 103 103 108 117 117 117 123 123 133 133 143 203 203 203 221 227 227 227 234 235 235 235 238 238 240 243 244 244 244 248 248 
212 253 253 253 253 
203 218 218 220 220 220 
71 71 81 168 228 228 247 247 
41 41 
14 14 
96 96 
56 56 56 205 205 222 222 
33 33 122 122 122 
4 4 10 10 18 18 32 32 32 47 51 51 51 58 58 93 138 138 139 139 146 146 180 180 208 
26 26 115 115 183 183 231 
78 78 78 89 89 93 93 
66 66 84 
4 4 14 14 51 51 61 61 63 63 90 105 120 120 120 120 137 137 152 186 186 206 206 223 223 223 
62 62 62 
114 166 166 
1 1 1 45 52 143 153 153 228 228 
0 104 180 180 180 221 
192 192 
146 152 225 225 225 225 
71 81 81 153 153 
5 5 15 15 33 33 36 44 70 70 70 72 82 82 84 84 84 98 98 98 108 108 117 122 122 141 141 141 196 196 196 213 222 231 231 237 
68 68 153 153 
69 108 108 108 
51 205 
175 175 182 196 
146 146 146 146 152 152 152 152 157 157 
4 14 14 14 
5 13 13 26 26 37 37 37 44 122 122 122 134 134 150 150 169 169 222 222 222 
137 137 
53 65 
26 75 75 171 171 171 171 179 
33 33 33 122 169 169 
5 5 42 42 42 222 222 222 
134 134 146 146 146 146 
203 203 203 
9 9 101 101 101 
38 38 38 81 81 81 102 102 125 222 222 222 222 235 235 235 235 243 243 
195 195 
26 33 59 122 150 150 150 188 222 222 
21 52 52 57 57 85 148 148 148 153 
117 
14 152 152 
152 152 152 163 163 163 251 

123 
14 14 14 18 18 29 112 112 112 112 156 
21 45 45 228 
35 75 81 
109 109 109 109 246 246 
238 238 238 
5 5 12 12 12 150 150 227 
45 45 93 154 186 186 241 241 241 
14 14 104 152 203 214 251 251 252 252 
44 70 
0 0 152 206 206 236 
18 18 250 250 250 
19 19 19 125 
18 18 90 90 90 
182 182 182 
35 81 81 81 93 93 93 
17 17 84 84 

27 27 
28 88 88 88 146 165 165 165 165 165 203 203 
26 26 26 59 84 84 84 84 122 122 122 210 210 222 222 222 222 249 249 249 
8 8 25 131 
26 213 
160 
156 156 203 
36 36 53 99 203 203 

122 243 243 
16 16 16 89 

137 137 137 
3 5 5 5 8 25 25 42 42 42 53 65 65 65 93 153 153 153 160 173 173 173 176 176 176 203 203 238 238 238 251 251 251 
26 26 108 
177 204 204 
17 26 26 26 66 66 70 70 70 70 183 249 249 249 249 249 
4 45 131 228 
203 203 203 

69 69 69 203 203 203 
16 16 78 
3 3 18 63 63 63 201 201 201 206 206 206 242 242 
121 121 121 

3 14 16 16 57 65 65 65 81 95 95 95 111 111 176 176 176 201 241 241 241 
112 112 243 248 
93 93 93 
11 11 122 127 127 144 144 216 229 229 240 240 
124 130 130 130 226 226 
5 5 5 26 26 26 209 213 213 237 237 237 
75 251 251 251 
109 109 194 194 255 
41 41 41 113 113 113 113 145 145 
5 5 42 42 181 203 203 234 
5 5 231 231 231 
22 58 111 129 152 152 
1 1 18 153 155 155 155 
145 145 195 
119 152 152 152 
5 26 26 28 28 28 82 191 
54 54 54 54 100 100 124 194 194 198 198 

93 93 104 154 173 
51 51 51 51 94 94 
101 101 101 101 145 145 177 204 246 246 246 246 
20 209 209 209 227 227 235 235 
15 15 
203 203 
5 5 5 26 46 
188 188 188 
0 0 107 152 152 152 223 223 223 223 223 
18 18 18 18 170 170 
91 91 91 179 238 
13 13 13 26 26 33 33 33 37 44 70 70 70 77 96 210 243 
5 5 50 160 160 160 161 161 161 196 
97 109 
42 62 
203 247 
96 96 161 187 187 189 189 229 229 

104 
97 97 97 
71 85 151 151 151 151 
212 222 
5 5 141 141 227 227 234 234 
33 33 39 39 197 211 
175 175 
196 196 
18 18 34 34 80 80 80 202 202 250 250 250 
4 4 14 14 
14 14 
158 168 168 
26 26 26 133 133 248 248 
159 159 
5 21 149 149 165 165 165 203 203 
96 96 
101 101 106 106 113 113 
14 14 24 31 31 31 31 39 39 39 39 69 157 223 223 223 

45 45 45 153 
143 143 203 203 
33 33 44 44 44 56 56 181 181 181 181 
131 131 131 131 228 
18 24 31 31 31 31 47 47 48 48 48 58 60 104 104 107 107 107 119 119 119 157 163 163 170 225 225 
1 1 2 2 21 21 25 25 27 27 45 81 81 81 105 148 228 228 228 
57 111 176 176 238 
105 105 105 206 206 
51 74 74 199 199 203 203 
31 31 146 152 
1 1 140 164 
142 142 
73 81 123 123 123 251 
123 123 123 127 
239 239 239 239 
48 48 48 152 152 
1 158 232 232 
69 69 69 69 69 143 143 143 203 
20 20 209 
184 184 184 184 
8 140 140 
33 33 37 37 
120 120 152 206 
36 36 36 36 
197 
81 81 81 111 200 
202 206 206 
30 30 135 135 
81 81 81 93 93 93 154 154 
83 113 204 204 204 

36 121 
14 14 22 22 22 
102 150 150 150 150 
30 64 64 64 196 244 
15 15 84 
167 167 167 167 
197 197 197 197 
18 18 57 57 
127 127 
44 118 118 118 
127 127 
236 
108 205 205 205 
23 23 
237 253 253 253 
100 100 109 109 
43 43 106 204 245 245 
26 26 26 30 123 136 136 182 239 239 
134 172 185 185 185 185 
109 109 
156 156 
173 229 
90 90 90 93 
137 137 174 
5 5 5 7 40 40 40 58 69 69 74 75 75 81 81 86 86 86 88 88 88 102 102 116 116 126 143 143 149 149 156 156 165 218 220 220 234 251 251 252 252 252 254 
83 83 113 177 177 177 195 246 246 246 
12 12 29 191 191 191 222 
18 18 60 60 90 90 90 155 155 170 174 174 

4 4 4 4 14 
98 114 114 114 166 
70 70 122 
134 
6 132 222 222 
26 72 98 98 
58 

96 
233 
7 7 203 

7 7 7 203 203 251 251 
5 22 
12 12 26 33 33 33 38 38 38 42 42 42 42 44 44 70 70 70 70 132 205 212 212 
18 18 18 119 119 119 119 119 146 146 146 
238 238 
24 24 24 24 152 152 
97 97 
5 5 5 56 114 114 133 133 
8 8 21 21 52 85 151 153 153 153 238 
96 96 127 127 200 240 240 

15 26 26 103 103 103 
1 1 164 164 
217 
5 102 133 133 203 
5 5 5 42 42 42 42 114 114 
0 0 60 190 
26 98 98 98 193 253 
3 3 5 5 55 55 55 81 81 81 121 154 224 224 228 
162 162 162 162 196 196 
5 96 96 229 229 
57 57 57 93 93 93 
90 90 
5 42 42 77 77 94 122 
5 5 5 182 
195 195 
54 54 113 113 113 113 204 204 204 
8 8 126 
5 5 94 141 141 
70 70 70 84 84 84 84 84 
61 61 61 137 137 137 
48 58 58 81 81 81 99 99 99 160 203 203 220 220 
58 58 203 203 203 
6 6 6 6 193 193 193 237 
203 
100 
