nodes: 256 edges: 778
60 60 119 119 119 119 236 236 
21 21 21 105 153 158 164 232 232 
153 
81 81 90 90 
8 14 14 18 18 85 138 208 208 208 
26 26 33 38 50 68 81 81 81 98 98 98 102 102 103 114 117 123 123 123 133 136 142 159 203 203 203 227 227 227 234 234 234 235 238 238 243 243 243 244 244 248 
42 212 253 253 253 
74 86 203 218 220 220 220 
4 71 71 71 81 247 247 
41 41 
14 14 
28 
56 56 56 222 222 222 222 
33 33 33 122 
4 4 10 10 18 32 47 51 51 51 58 58 58 58 58 93 138 138 138 139 139 139 146 146 152 152 180 180 208 208 208 
26 115 115 115 183 183 183 231 231 231 
78 89 93 95 95 
66 66 84 84 84 84 84 
4 4 14 51 60 60 60 61 63 90 90 90 90 105 120 120 120 137 137 152 186 186 206 206 206 223 223 223 
62 62 
98 114 114 114 114 166 166 
1 1 1 143 228 
43 104 180 180 180 180 221 
192 
146 225 
81 153 153 
5 5 15 33 33 33 36 44 44 62 70 70 72 82 84 84 84 98 98 98 108 117 117 122 122 213 213 222 231 231 237 
68 68 68 68 250 
11 69 88 108 
51 205 
175 175 196 196 196 239 239 
146 146 152 152 152 152 157 157 
14 
5 13 13 13 26 26 26 37 37 122 122 122 134 134 134 150 150 150 222 222 226 226 226 226 
137 137 
53 65 65 
26 72 179 203 203 
33 33 169 
5 42 42 42 222 222 222 
134 134 134 146 146 146 146 
203 
9 9 101 101 101 101 
6 38 38 38 81 81 94 102 102 102 125 222 222 222 222 222 235 235 235 235 235 243 243 243 
22 
26 26 59 59 59 122 122 150 188 188 222 
52 57 57 57 153 153 
106 106 106 106 106 
14 152 152 
58 58 152 152 163 163 163 163 251 
84 
5 98 123 
14 14 14 18 29 112 112 112 
45 228 
35 81 
109 246 246 246 246 
238 238 
12 12 12 142 142 142 150 150 227 
45 45 45 93 154 154 154 186 186 186 224 241 241 241 
14 14 14 14 14 48 48 104 104 152 152 203 203 203 214 214 214 251 251 251 252 252 
44 44 44 70 70 70 
0 0 18 18 18 76 152 152 152 206 206 
18 206 250 
19 19 26 125 
18 90 137 137 137 
182 182 
35 35 93 93 
17 17 84 84 

5 27 27 27 27 
28 88 88 88 126 146 146 165 203 203 203 203 
26 26 59 59 59 77 84 84 84 84 122 122 210 222 222 222 222 222 
8 8 8 247 247 
26 36 
122 122 122 122 160 220 
7 156 156 156 
99 191 203 203 205 205 217 
60 
70 122 122 243 243 243 243 
16 89 89 93 93 93 
111 111 
137 
3 3 5 5 5 8 25 42 42 53 153 153 160 160 160 173 176 176 203 203 203 238 238 238 238 251 
26 108 
101 177 204 204 246 
17 17 17 17 17 26 26 26 49 66 66 70 70 70 70 249 249 249 
4 131 131 228 
7 203 203 
253 253 
28 69 69 69 203 
16 78 78 
3 3 18 18 18 18 63 201 202 206 206 242 242 242 242 
121 121 
203 203 
14 16 57 65 65 78 78 78 95 95 95 95 95 111 201 
42 112 112 243 
16 16 93 93 93 93 93 
114 122 122 229 
130 130 130 
5 5 5 20 26 26 26 50 209 237 237 
75 251 251 
109 109 194 194 198 198 255 255 
41 41 41 41 83 113 113 113 145 145 145 
5 5 42 42 42 181 181 181 181 203 203 234 
5 231 231 
22 58 58 111 111 111 129 152 
1 18 153 155 155 155 155 
46 46 46 46 46 145 195 195 195 195 
119 152 152 152 
26 28 82 
54 100 100 194 198 198 

79 79 93 104 104 104 154 154 154 
51 51 51 94 94 
101 101 101 145 177 177 204 246 246 
5 20 20 20 20 96 209 209 235 235 235 
15 15 15 
203 
5 26 26 
188 
0 0 0 0 107 152 152 152 223 223 223 223 
18 18 18 170 
91 91 133 133 133 133 179 179 179 179 
13 26 26 33 33 33 44 44 70 70 73 73 73 73 77 77 96 96 210 243 
5 5 5 50 160 160 160 160 161 

42 62 
69 203 203 247 247 247 
187 187 189 189 189 
228 232 
104 
97 97 97 
85 85 151 151 151 228 
212 
5 121 121 121 121 141 141 141 227 234 234 
33 33 33 39 39 39 
175 
5 173 196 196 
18 18 34 34 63 63 63 80 153 202 250 
4 14 14 14 
14 14 14 
158 168 168 
133 133 133 248 248 248 248 
5 56 56 56 159 159 
21 149 165 165 165 203 
197 
101 101 101 106 113 
14 14 24 31 31 39 39 39 39 69 69 223 

153 153 
143 203 203 
33 33 33 44 56 56 181 181 181 
131 131 131 
14 14 18 31 31 31 31 47 47 48 48 58 58 60 60 60 104 107 107 107 119 119 119 157 157 163 163 163 170 170 170 170 225 
1 2 25 25 45 45 81 81 105 137 148 148 228 228 228 
57 57 57 111 111 111 176 
105 105 105 105 206 
74 74 74 203 203 
31 31 152 152 
1 140 164 164 164 
5 142 142 
73 81 81 81 123 123 123 123 251 251 
123 
238 239 239 239 239 
48 48 48 48 152 152 152 
1 158 158 158 232 232 
69 143 143 143 203 
20 20 209 209 
173 173 184 184 184 184 
140 140 
37 219 
120 152 152 152 152 206 
188 
197 197 197 197 197 
81 136 167 167 200 
206 206 206 
30 30 135 196 
81 81 154 
83 113 113 204 204 

36 121 121 121 121 
14 14 22 22 22 22 
102 102 102 102 150 150 150 
64 64 196 244 244 
15 15 15 
167 167 167 167 
197 197 
18 18 57 57 57 
127 127 
44 44 118 171 
127 127 127 
236 
75 
23 
253 253 253 
100 100 109 
106 106 106 106 204 204 245 245 245 
30 30 30 136 136 175 182 239 239 
144 172 172 172 172 172 185 185 
100 100 109 109 

173 229 
90 93 
90 137 
5 5 5 7 36 36 40 58 58 58 69 69 69 69 75 75 81 81 81 86 86 88 92 92 102 102 116 126 126 143 149 149 156 156 165 214 220 220 251 251 252 252 252 
83 83 113 177 177 195 195 245 245 246 246 
29 75 75 222 
18 18 18 60 60 61 90 90 155 170 174 174 174 

4 4 4 14 14 14 
98 114 114 166 166 
70 122 

6 132 
26 26 
58 58 58 203 
247 

75 233 
7 
169 
7 7 7 73 203 203 251 251 251 
22 
12 12 12 12 26 33 33 38 38 38 42 42 42 42 42 44 70 70 70 70 70 205 
18 18 18 119 119 119 119 146 
57 
24 152 
33 33 33 33 
5 5 5 56 133 
21 52 85 128 131 153 153 153 
96 200 
238 238 238 238 
15 15 15 26 26 103 103 
1 1 128 164 164 
217 
5 5 5 102 133 133 
5 42 42 42 42 42 114 114 114 
0 0 190 
26 98 98 253 253 
5 5 55 55 81 81 81 81 162 230 230 230 230 
30 30 162 162 162 162 196 196 

57 57 57 
90 90 90 90 
5 5 5 42 42 42 77 77 77 77 94 122 
5 5 182 182 
195 195 195 204 204 
54 54 54 54 83 113 113 204 204 
8 8 71 71 126 126 126 215 
5 141 141 141 141 
84 84 84 
27 61 137 
48 58 58 58 81 99 99 160 160 203 203 220 220 220 
58 58 203 203 203 
6 6 6 87 87 193 193 193 237 237 

100 100 
