nodes: 1024 edges: 1924
107 310 901 
9 648 
182 
415 
20 212 212 212 
250 328 341 342 531 531 569 625 686 686 
229 759 987 
61 61 544 698 
229 553 789 
1 1002 

74 658 658 
82 
264 803 
954 954 
147 587 
643 
19 155 155 155 643 
963 
17 728 
4 229 229 439 
922 922 922 968 968 
277 277 532 532 
179 225 308 308 879 
351 
478 478 478 971 
422 584 
291 333 333 379 505 505 
423 463 
56 56 
224 417 417 636 954 
548 629 721 
228 228 229 603 822 998 
77 
401 401 
330 330 879 
229 229 600 1019 1019 
602 602 602 751 751 954 

492 886 

82 
277 
147 497 
559 845 845 845 1003 1003 1003 
264 399 
176 176 754 
189 866 
773 
316 
277 541 555 
998 998 998 

335 335 502 532 532 
308 879 
826 826 954 954 
29 29 220 762 
344 
99 99 99 960 
740 740 
366 
7 7 328 954 954 
1014 1014 

93 229 229 
387 387 387 710 
435 786 786 875 877 
197 197 197 
382 382 658 658 658 810 810 
925 
794 
477 930 938 
277 
424 644 811 811 
11 120 120 120 160 646 839 879 879 879 954 954 
544 810 
194 482 482 485 958 958 
33 686 1011 1011 

611 866 
954 
604 604 604 
12 41 147 155 166 172 267 355 513 513 513 558 699 728 728 954 999 

430 430 529 
123 123 123 229 229 229 229 462 630 630 780 780 863 863 886 886 886 
145 145 505 505 505 1017 
674 


532 692 

271 479 1010 
64 1010 1010 1010 1010 
277 410 410 473 
352 962 962 
714 714 974 
928 928 
266 266 
58 58 58 344 
305 318 318 318 318 963 
434 434 434 756 768 
143 480 635 
561 601 919 
739 
660 881 881 882 882 
392 748 
0 171 171 310 310 454 661 661 661 899 901 950 950 950 954 
458 607 777 904 
229 544 1021 
1005 

340 
162 
366 366 399 399 476 476 476 745 745 745 840 886 980 
229 229 233 632 632 632 
153 153 185 185 238 
667 
952 
162 931 931 
74 74 74 581 952 
569 

85 85 85 162 162 162 168 229 229 435 525 780 780 974 1004 
367 367 
250 250 923 
425 425 425 425 833 833 
402 402 546 937 937 954 
954 
428 557 898 
932 
861 
547 547 873 

351 842 954 
199 199 571 
252 252 270 753 
301 684 684 
1006 1009 
161 324 348 348 348 541 
181 624 624 624 831 831 
660 660 938 938 

102 
407 407 
86 86 505 

15 43 82 193 501 699 699 737 886 886 886 939 
208 769 
399 455 480 549 
509 1006 
202 285 285 448 
434 
116 116 309 309 323 603 744 814 910 
252 360 376 642 642 856 856 
17 17 17 82 979 
989 989 
494 
375 954 954 
582 954 
74 646 
139 541 
113 119 123 123 123 204 229 229 277 303 303 322 439 439 472 472 533 533 533 533 637 647 715 739 739 758 903 903 
224 
741 
673 
82 355 
328 580 
123 435 525 
645 975 975 

107 107 723 723 954 
82 267 576 915 
339 701 
304 471 585 780 
347 347 432 764 780 780 780 832 
46 46 238 238 511 660 754 913 913 
428 455 455 
954 
23 308 308 

140 831 
2 229 229 994 
277 461 858 858 
420 
116 116 328 814 814 814 
516 516 516 954 954 
402 402 434 506 506 
674 
47 738 872 
966 966 966 
328 531 531 
391 841 954 
147 886 
76 855 958 
223 539 978 
199 199 218 571 794 954 
67 67 67 219 277 355 887 
491 491 954 
135 135 196 196 203 516 571 
789 
340 684 
151 407 407 
199 216 
162 242 303 384 384 
494 954 
277 
247 596 
148 327 327 361 
436 436 728 728 954 


4 4 4 470 803 825 
781 865 929 
611 611 
588 588 
203 329 487 
365 820 
196 403 767 853 853 
197 256 735 
56 437 595 606 651 

787 
195 539 
30 163 949 
23 

230 
32 32 
6 8 20 20 32 36 36 64 64 85 85 85 85 109 115 115 123 123 162 162 182 182 241 241 277 277 278 320 323 345 366 366 368 398 407 407 407 415 427 427 442 443 445 445 445 446 461 461 464 476 485 485 534 534 544 544 578 603 603 614 632 669 669 681 719 752 766 766 775 776 780 780 781 809 818 818 819 864 864 864 864 880 880 886 886 886 891 948 949 954 987 994 998 998 1013 1013 1018 1018 
227 392 392 632 632 719 719 719 

790 790 1004 
115 632 901 901 
631 834 834 834 

767 
966 
116 176 176 309 660 814 922 922 922 941 

262 305 334 334 882 927 927 927 1002 1002 1002 1008 1008 
229 229 343 420 
204 
583 
617 617 
502 502 

207 596 596 
397 984 
847 1017 1017 
5 125 125 621 887 954 

136 136 154 270 
366 366 393 393 616 616 616 
1011 
382 382 382 
219 359 947 947 
466 545 
1019 
371 502 502 502 836 836 836 836 836 905 
419 
616 663 663 
240 363 366 366 440 660 660 799 1017 1017 
384 
13 45 904 904 904 
703 
98 98 277 277 
82 172 783 860 
978 978 
277 1007 
136 252 444 444 444 
92 407 583 583 
779 
302 542 926 
366 779 
668 668 668 668 
464 479 479 
22 22 42 50 72 94 162 183 197 206 229 229 266 266 269 283 283 324 339 339 339 346 348 381 381 411 419 419 439 439 449 449 459 468 475 475 485 485 529 529 533 558 570 603 603 727 855 858 858 872 874 876 876 876 903 903 903 941 954 954 988 988 
229 345 630 630 
722 
301 301 725 725 804 
467 759 759 759 

277 277 459 954 
618 954 954 
151 151 
958 
432 

725 725 
892 892 
27 366 936 
368 954 954 

469 486 486 486 

802 923 
494 545 

420 
366 423 423 775 
137 280 280 804 
273 590 590 
162 162 204 
174 858 
100 240 474 954 
419 661 661 
326 326 366 366 889 
23 23 54 179 179 412 551 
153 153 238 814 
0 107 107 412 454 
352 
760 803 803 
414 502 502 
781 
1008 
49 379 903 
874 
100 100 100 100 
831 
229 322 503 781 
715 715 
162 320 660 
153 229 357 357 603 706 827 864 864 
139 277 558 903 
355 355 
307 307 366 
208 208 361 714 714 868 1006 
5 61 167 185 191 531 531 531 580 686 
216 796 796 
35 35 879 

548 548 548 548 616 616 721 721 
27 27 
240 240 831 959 
53 53 366 953 
421 502 800 835 936 
548 548 638 956 956 956 956 
634 634 
173 277 277 277 714 
112 201 418 
5 597 701 735 992 
5 844 
241 
57 99 779 
229 278 
277 
175 175 832 832 
139 139 139 277 
399 823 
715 755 
24 134 469 548 548 629 782 782 
95 311 

529 529 842 842 
82 166 197 325 325 946 

323 323 
387 
256 502 528 528 
154 800 
208 327 
450 502 615 731 788 984 
262 624 624 624 641 790 
586 
217 592 
60 114 114 229 229 253 253 262 262 274 291 300 307 307 326 335 372 393 407 407 441 450 470 502 502 502 660 660 700 719 733 790 922 922 950 954 954 954 963 963 980 981 981 1017 1017 1017 1022 1022 
124 124 
229 292 

737 954 
259 
366 817 933 933 963 963 
681 954 
544 544 544 757 954 
158 613 613 988 
154 

1009 
27 316 
428 
277 277 
68 68 255 255 255 810 

204 204 263 396 767 
419 454 454 661 687 988 
722 
65 65 65 358 612 864 
426 568 568 924 
404 954 
395 400 400 893 
192 
106 230 230 406 406 517 
253 253 366 466 
451 780 861 
390 
384 
248 
229 690 690 871 871 
45 114 114 149 349 518 627 650 750 823 981 981 
390 390 665 665 766 778 778 
34 34 645 732 732 949 
127 127 187 187 
218 954 
389 603 991 
869 
392 392 
144 144 202 202 229 229 229 271 366 366 422 422 427 427 427 561 561 579 584 671 
455 455 455 886 
962 962 962 
94 94 919 919 953 953 977 
277 492 903 903 990 990 
308 310 660 878 
609 609 841 841 841 946 
313 506 682 950 954 954 997 
3 229 504 
761 963 
30 30 
340 
260 277 277 306 385 988 
184 241 299 
336 
26 407 407 550 561 579 583 583 584 584 979 979 979 
28 300 300 
73 
126 126 126 126 594 
388 634 1002 
229 229 407 407 407 474 671 695 695 695 849 854 975 
129 177 380 431 463 498 498 557 557 684 684 684 709 755 861 937 937 937 
767 
84 84 
428 843 843 
175 287 780 780 880 880 
652 652 954 954 954 
101 101 101 152 187 515 640 640 698 698 756 820 820 954 
66 123 168 786 995 995 
209 209 
220 

20 162 162 277 277 570 570 855 855 
262 563 563 563 563 660 660 870 
366 
229 565 
229 726 
270 270 270 808 
229 229 229 817 
229 
463 463 
151 451 451 555 
277 277 
362 366 816 
394 448 448 


107 310 385 385 
149 177 177 408 408 408 

535 
108 
277 283 

183 229 229 1011 1011 
85 
28 428 447 447 
229 276 
590 590 
257 393 
281 639 639 877 954 980 
277 
294 351 726 810 810 921 
212 366 912 
174 780 780 780 
162 162 572 572 735 735 735 797 797 
94 507 881 881 881 881 902 
305 427 1012 
277 277 670 679 679 679 923 923 923 
114 114 114 229 781 
71 
25 25 25 971 
92 276 276 491 491 1010 
102 149 502 981 
784 
76 76 958 
780 
950 
76 229 229 277 277 707 
294 294 294 
216 714 
693 756 
726 
715 748 748 748 797 1020 
198 198 479 479 954 
39 411 954 954 954 
663 663 663 663 
157 205 297 
568 568 978 
563 959 959 
43 857 940 
428 428 841 841 841 861 1010 1010 1010 

954 954 954 
147 
53 245 245 259 259 259 313 313 336 359 362 366 366 366 480 532 532 659 674 674 720 731 738 763 773 773 800 836 859 859 922 922 922 953 966 966 966 
320 
415 
27 27 86 86 86 145 
187 187 414 851 851 851 928 939 
473 662 902 908 

150 1017 
797 821 821 821 821 
176 660 
719 
82 82 82 954 954 954 
544 544 544 
434 756 961 
186 186 186 199 
392 527 527 
399 577 954 


660 
555 555 
817 981 
618 736 
123 168 
844 954 954 
517 517 
359 359 
84 277 277 354 354 

5 5 191 191 328 328 328 710 710 710 710 
22 22 53 53 90 502 502 905 907 953 966 966 966 
162 162 162 162 277 637 637 715 
229 229 918 
457 
954 954 
628 
761 1003 
195 223 808 808 

50 139 161 
273 926 
713 
7 75 109 229 229 374 374 374 514 514 514 775 998 
257 297 562 922 941 941 978 
127 780 886 
132 132 954 
31 332 332 332 332 337 337 351 351 719 721 721 721 782 810 810 810 835 835 954 954 
149 714 714 861 1006 1006 
422 903 
308 
810 820 956 
8 
957 
50 448 522 522 

129 428 428 640 861 937 937 
82 277 324 939 997 
44 628 628 712 712 922 
676 
103 407 407 422 
545 
440 440 440 440 496 

442 877 877 877 
952 952 
876 876 876 
388 388 495 495 692 692 1002 1002 
5 121 983 983 
277 439 439 957 
135 196 199 954 954 
472 472 


875 875 886 
172 860 
518 
229 
407 422 
167 328 
120 
159 587 587 950 950 954 954 
243 271 271 422 422 671 
26 407 422 422 979 
174 702 
364 689 689 946 
15 582 582 942 954 954 954 972 
215 215 963 963 
954 
302 302 465 465 926 926 

365 810 
699 
425 640 640 647 
220 
207 247 247 
341 917 992 
819 882 

36 861 861 871 
103 801 805 954 
37 37 37 954 
32 153 229 229 277 277 323 404 
81 81 81 

220 903 903 
108 
680 
413 413 660 660 660 746 
820 820 
79 214 214 866 
387 878 878 
375 375 
229 994 
362 
253 253 253 261 332 332 663 687 982 982 
244 244 
284 524 


250 887 887 
951 951 
780 
140 140 140 363 363 363 641 959 959 959 
5 
810 
399 
537 559 559 862 862 937 
31 351 695 
85 85 278 278 690 
234 
115 115 115 229 230 230 233 669 669 669 873 
711 711 711 821 
338 338 426 924 924 924 
102 
30 
162 533 533 
337 
467 467 815 888 895 
434 434 557 594 594 833 954 
363 624 
154 154 801 
16 17 
73 
169 401 
74 160 717 761 761 887 
162 594 962 
1 

399 836 
220 791 
433 433 

985 985 
864 
912 978 

11 11 68 68 68 810 810 
502 953 
105 141 141 176 238 262 262 322 366 366 412 440 440 511 521 609 609 609 673 673 675 675 678 734 734 805 835 835 913 922 922 922 938 953 954 986 
107 107 107 306 306 385 861 899 
507 969 
261 261 493 493 493 493 616 676 982 982 1006 1006 
834 
400 400 989 989 
964 964 
117 676 
275 275 275 275 790 
229 229 632 632 632 
475 880 880 
407 427 583 865 865 865 
1000 
165 660 660 791 791 791 
87 188 502 502 
660 660 
560 663 667 

660 954 
475 475 475 831 
608 826 826 979 979 
229 373 722 954 
414 

137 137 201 428 428 428 937 937 954 954 

5 5 77 328 
385 616 

586 586 946 
398 398 630 
706 706 706 
90 568 568 917 
488 

427 427 427 629 724 724 780 780 780 
879 879 879 

7 434 434 871 871 988 
82 147 147 593 
366 
173 341 
585 
265 


323 691 691 691 871 
485 

428 920 
65 531 531 531 531 954 
633 633 633 
559 559 784 784 845 845 845 
543 954 
96 96 327 327 339 487 549 549 1001 1001 1001 1006 
162 321 321 350 490 533 739 797 

646 839 

229 230 230 230 366 512 548 1016 
502 773 
31 332 332 548 548 548 838 954 954 
279 386 681 
171 171 
695 695 
280 280 289 289 954 
443 469 489 730 894 
277 
19 82 82 209 209 

726 
362 502 
401 401 1013 1013 1013 1014 
366 954 
660 660 
219 341 472 472 472 973 
524 
147 370 
189 502 966 
104 162 162 715 835 835 1001 
59 59 886 
164 1006 

816 
153 827 827 
114 114 114 
609 

106 490 490 490 

399 
37 37 829 829 829 829 
229 
136 808 
46 176 
350 428 771 771 934 934 
101 434 488 515 768 768 820 820 820 954 
374 949 
162 
6 281 281 281 
312 803 
416 538 646 646 
56 763 
502 762 
175 927 

229 229 400 
218 236 384 429 853 931 
101 756 756 
148 780 780 780 
920 
755 755 
794 954 954 
48 502 502 720 
935 935 
229 300 544 
229 880 
108 
400 400 805 
272 274 344 
85 85 123 123 174 175 175 175 229 229 394 432 432 471 471 471 483 546 623 695 695 695 769 769 769 840 854 875 886 886 886 943 967 969 1015 
213 229 314 320 476 845 
351 351 548 795 795 
267 860 
481 712 712 

66 66 435 842 842 890 890 890 
222 
362 
8 200 
232 232 363 366 668 
651 673 673 673 1019 


70 196 772 
782 782 1001 1001 
329 329 
472 472 490 510 715 925 

262 
336 360 502 
601 642 954 954 
296 
13 212 312 312 760 825 
280 301 
601 660 778 954 
810 
832 
444 539 539 753 
229 1011 
68 68 75 382 469 469 548 548 548 552 592 626 658 658 806 868 
73 73 
876 
922 978 
153 185 185 185 238 309 
639 
450 743 
372 445 523 
229 229 
229 598 866 
217 434 434 552 610 610 756 756 756 916 
510 510 510 510 633 966 
32 1022 1022 
349 399 

212 803 
55 55 680 680 1006 1006 
323 744 744 
922 975 
751 751 751 751 954 

140 140 181 319 334 679 911 959 
175 347 347 807 
126 126 640 
234 234 234 664 
336 548 548 660 660 739 739 1001 1001 
259 259 259 259 259 502 650 
899 
721 952 
74 717 
114 780 
192 413 413 413 498 498 498 930 946 946 946 
134 354 354 786 786 954 
431 431 
342 526 
44 44 44 712 712 712 781 

249 
1005 
427 
905 966 966 
506 506 506 

218 218 767 
427 780 
194 277 439 439 958 
154 154 
497 954 
183 183 277 277 304 874 903 903 
502 502 
267 576 783 
131 394 428 498 549 557 600 600 661 1010 1010 1010 1010 
628 628 
85 85 
229 229 229 229 323 323 387 655 
213 671 671 671 
47 79 611 819 
935 1008 
327 810 
405 
440 
398 398 600 698 698 706 
189 277 
132 632 
277 317 858 900 900 900 902 
66 575 575 780 886 
277 277 277 567 567 567 812 
66 467 565 565 565 
412 612 612 
23 35 54 74 74 74 330 696 696 696 
229 229 432 432 670 670 776 996 
105 105 473 473 473 473 
105 105 240 598 907 907 



39 85 85 85 114 147 147 147 193 229 229 229 408 546 575 740 780 780 780 875 
197 250 621 621 646 
639 
307 950 999 
786 786 786 
229 
290 290 
390 
726 
639 


129 
107 661 837 982 
874 874 874 
0 107 233 233 
473 507 874 908 
162 162 277 277 277 316 324 411 411 550 606 606 858 858 
108 264 264 264 
259 532 850 

532 882 882 
507 902 

153 
831 
470 656 968 968 968 
176 176 660 

172 
820 
597 692 
534 
103 410 410 938 977 
709 770 
469 
21 21 21 238 238 238 366 366 502 502 502 545 559 660 660 660 813 828 927 927 927 
125 296 475 475 475 
388 634 634 634 
69 797 
273 542 590 590 
240 240 240 764 922 922 922 
97 97 506 1006 1006 1006 1009 1009 1009 
213 997 
71 841 
119 119 767 
130 
372 372 
755 755 
774 774 867 1002 1002 
291 336 
127 127 428 428 428 557 557 628 684 684 954 977 1023 1023 
71 141 141 660 919 
147 506 558 
497 954 954 
238 277 545 545 
587 
780 
976 976 976 

355 413 586 689 841 841 841 
256 256 
229 
224 229 401 757 
107 107 107 366 414 484 582 582 889 
622 622 
118 120 566 566 838 954 
335 410 410 502 532 659 660 1016 
14 14 30 37 55 55 61 61 74 74 80 82 107 127 128 134 158 158 159 171 178 186 186 192 196 198 205 209 229 250 277 277 283 284 284 292 292 305 366 366 366 370 373 374 389 403 414 414 433 433 433 434 467 491 492 492 492 500 500 500 513 513 513 518 526 526 536 536 547 548 548 571 571 582 582 587 587 587 589 601 602 640 660 678 681 684 684 710 713 721 721 725 733 756 772 772 801 801 805 829 842 857 937 940 940 952 1002 1006 1023 

337 337 337 337 552 
554 570 
76 76 194 286 482 855 
334 496 496 624 624 624 831 
58 
515 
95 95 409 409 409 647 
18 100 366 366 372 372 416 588 588 
666 666 

190 190 190 237 502 502 502 532 532 532 738 821 850 850 
780 
21 21 912 912 912 
662 780 

25 478 
587 
735 
96 123 
169 169 427 828 
944 944 944 980 
410 919 937 1023 
195 268 268 495 545 656 813 
155 422 422 422 584 680 680 
114 366 467 976 
366 366 399 399 480 523 
616 616 663 663 899 
569 569 
248 362 
654 654 
660 
6 229 
277 277 375 385 419 698 
156 156 665 665 
411 411 
404 
341 597 

182 229 614 
435 435 
880 
414 558 929 
32 51 51 51 229 229 544 
82 889 
672 
714 714 714 739 795 795 835 835 
9 240 240 240 426 568 568 935 935 954 1006 1006 1006 1008 1008 
44 44 44 538 
123 232 
110 848 
138 150 327 549 549 663 663 714 741 826 826 928 928 928 954 1002 1002 1002 
269 
240 240 315 867 1002 1002 
138 378 928 928 928 
92 93 93 93 93 479 498 498 498 861 861 861 861 
77 77 254 461 461 809 
474 
229 229 732 732 732 
62 62 732 
780 
719 953 
86 249 249 262 262 366 366 366 509 
229 229 
36 36 258 791 
490 
109 
366 366 822 822 
937 937 954 977 
