nodes: 1024 edges: 3145
107 107 310 310 454 901 901 901 
9 664 664 1002 
97 182 
954 
20 20 20 212 212 
7 167 250 328 331 341 342 384 384 531 569 569 569 625 686 767 767 954 954 992 

5 61 544 544 544 698 698 698 698 
178 183 229 300 300 366 553 553 789 
1 648 648 
175 175 943 
658 658 658 748 748 
82 82 
264 264 264 264 803 803 825 
222 452 752 954 
458 587 
643 954 954 
19 19 155 155 643 
588 588 725 725 963 
17 17 
4 4 4 439 439 
436 922 922 922 968 968 968 
277 532 532 532 532 
120 120 179 179 179 225 225 308 879 
351 
478 478 780 780 780 971 
422 422 422 584 584 
291 291 291 291 333 333 333 363 379 505 505 505 505 
463 463 463 
56 56 215 853 
146 224 224 417 591 636 636 883 883 883 884 884 954 954 
118 351 351 548 629 629 629 629 934 
228 228 228 228 603 822 998 998 
77 686 686 
401 461 
330 330 330 429 429 429 429 
166 229 600 600 600 1019 1019 
602 602 602 937 937 954 
229 
492 886 886 886 
133 133 497 497 954 954 985 
82 
277 277 277 876 941 
147 497 497 
559 559 559 559 845 845 1003 1003 
650 
176 
189 866 
773 773 773 773 
353 353 353 353 903 
277 277 277 541 541 541 696 
998 998 
954 
335 335 336 336 502 532 936 
308 879 
391 391 826 826 954 954 
29 29 220 220 220 
344 344 611 
99 99 99 960 985 985 
740 740 740 740 740 903 903 903 
399 
7 328 328 698 870 870 870 870 954 954 954 
1014 1014 1014 
154 154 
93 93 93 229 229 277 277 582 903 
387 407 710 
435 435 435 786 786 875 877 877 890 
197 197 
382 382 658 790 802 810 810 
735 925 
280 280 280 366 589 589 794 794 794 885 885 885 
151 151 151 477 930 930 930 930 938 938 
277 277 876 876 
424 424 424 614 614 644 
120 120 120 160 160 646 646 717 717 717 839 839 879 879 954 954 
544 810 
482 482 958 
33 686 686 686 1011 1011 
366 
111 241 344 420 611 611 866 866 880 
954 954 954 
604 604 604 604 
12 12 41 147 147 155 155 155 172 172 172 197 209 267 267 343 355 413 500 513 513 537 699 699 728 787 787 787 939 954 954 999 
741 741 1006 
419 419 419 430 430 529 529 
113 123 123 123 123 123 229 229 229 630 630 630 780 886 886 886 
145 505 
674 
673 
427 427 
532 692 692 

271 271 271 479 479 1010 1010 
64 64 64 1010 1010 1010 1010 
277 277 410 410 473 473 902 
352 352 560 928 928 928 928 928 962 962 1006 
714 974 974 
2 928 928 
119 266 266 739 739 1022 
58 58 58 967 
305 318 318 318 318 963 963 963 
434 434 434 756 768 
143 143 143 143 143 480 635 635 635 635 635 
561 601 919 
162 739 739 
660 660 734 881 881 881 882 882 882 882 986 986 986 
392 748 
0 0 171 171 171 310 454 454 633 633 661 711 711 837 899 899 901 901 950 950 950 950 954 954 954 
366 366 366 607 607 652 777 
229 229 1021 1021 1021 
1005 1005 1005 
79 
154 154 340 340 340 340 
85 162 229 
324 366 366 396 396 396 396 399 476 476 476 476 476 745 745 745 745 745 840 886 980 980 
233 233 233 632 654 985 985 985 
153 153 153 185 185 
667 853 853 
31 194 194 855 
98 162 739 931 931 931 931 
23 23 74 74 74 599 599 952 
569 
738 738 903 
85 85 85 85 85 162 162 162 162 168 168 168 229 435 456 456 525 525 525 780 780 974 974 974 974 995 995 1004 
367 367 367 799 
250 
425 425 425 425 594 594 594 833 833 833 
402 546 937 937 937 954 
954 954 954 
428 428 557 557 557 608 608 898 
932 954 954 
861 
515 547 547 547 547 873 873 998 
40 40 497 
351 954 954 
199 199 571 571 
252 252 270 270 270 270 753 753 
301 301 301 301 594 684 684 
421 421 571 1006 1009 
161 277 324 348 348 541 541 541 954 
181 181 624 624 624 831 831 
660 660 734 734 938 
959 
102 102 102 102 102 
407 407 
86 847 
30 
43 82 82 193 193 193 497 501 501 501 699 699 699 737 847 886 886 886 954 954 954 
208 208 
260 455 455 455 480 480 480 549 
826 
71 71 71 202 202 285 448 
434 756 
116 116 116 309 309 357 357 603 744 814 814 910 
63 63 112 112 252 252 360 360 376 376 376 376 617 617 642 642 642 
17 17 82 82 82 769 769 769 769 
989 989 
954 954 
277 375 954 
582 954 954 954 
74 74 646 646 646 761 
139 
104 113 119 123 123 123 123 204 204 229 229 229 322 439 472 514 514 533 533 637 637 715 739 758 758 758 758 903 903 925 925 965 

165 165 165 165 673 
164 164 164 164 673 
36 256 355 355 635 
5 580 
123 123 123 171 171 171 435 525 792 792 
593 645 645 645 975 975 975 999 
509 509 509 509 799 799 
107 107 107 168 168 168 210 588 588 588 723 723 957 957 957 
82 82 82 267 576 593 699 915 915 915 
339 701 
304 585 702 780 
10 10 347 432 769 780 780 807 807 807 832 832 943 969 969 
46 238 238 238 511 511 754 913 913 913 913 
428 455 455 455 486 486 524 696 
8 273 896 954 954 954 
23 23 23 308 308 
376 376 
140 140 831 831 
2 229 387 387 796 796 994 994 994 
8 277 277 375 461 858 
420 
116 116 328 328 814 814 814 814 
516 516 954 954 
402 402 402 506 506 
674 674 674 
47 738 738 738 846 872 872 872 
966 966 966 966 966 
328 531 915 
391 391 841 841 841 841 954 954 
147 147 147 233 886 886 886 
118 118 855 958 958 
223 539 978 
199 218 218 229 229 390 794 794 954 954 
67 67 82 219 219 277 355 355 541 541 541 541 887 887 887 887 
491 491 491 954 
135 135 196 203 571 571 
789 789 789 
340 340 418 418 418 418 
151 151 407 407 
199 623 963 
162 162 242 384 384 384 
494 494 494 954 954 954 
277 277 277 
247 
148 148 327 327 361 361 
82 436 436 728 728 728 954 954 954 
171 615 723 723 723 
621 954 
4 4 803 912 912 
314 374 374 374 683 865 865 929 929 954 
611 880 
29 588 
329 487 487 
434 434 434 820 939 939 
196 196 403 403 403 767 853 853 853 853 853 954 954 
197 197 250 735 735 887 887 
56 56 56 595 595 651 
377 377 
14 787 787 787 
195 
30 30 
23 23 848 
388 924 924 
230 230 230 632 632 
32 32 32 32 897 897 
8 36 38 64 64 85 85 85 109 109 113 123 162 162 162 182 196 196 277 277 281 320 320 323 345 358 366 366 366 368 368 398 398 405 407 415 427 427 427 445 445 445 461 461 461 464 464 464 476 476 485 534 544 544 565 565 603 632 669 669 681 681 681 690 691 691 719 719 726 726 726 747 752 752 766 775 775 776 776 780 780 780 796 796 809 809 818 819 864 864 864 864 871 871 880 880 880 886 918 948 949 954 954 987 994 994 994 998 1011 1011 1018 1018 1018 
227 227 227 392 632 719 719 
300 554 
790 790 790 1004 1004 1004 
115 115 115 193 901 901 901 901 
631 631 631 834 834 891 966 

767 767 
966 966 
176 176 176 545 660 660 814 922 941 941 

262 305 334 927 927 927 1002 1002 1002 
79 343 420 420 420 420 
204 267 267 350 350 350 1009 1009 1009 1009 
583 
617 617 
313 313 502 502 502 
536 
207 596 596 596 
362 362 362 362 397 397 816 816 816 984 
847 979 979 979 979 1017 
5 125 219 621 954 954 954 

136 136 154 154 270 376 539 539 
366 366 393 393 616 616 
677 
382 382 
166 359 947 947 
545 545 
791 1019 
371 532 836 836 905 905 905 905 905 966 
149 
663 663 663 663 663 
240 363 363 366 366 366 412 412 440 440 563 624 660 705 705 705 705 799 
384 641 641 641 641 
13 13 13 13 518 904 904 904 
703 898 898 898 
98 98 277 277 739 
82 82 172 242 242 535 
922 922 922 978 978 

136 136 136 136 252 444 444 856 856 
92 92 92 407 407 
407 779 779 779 
178 302 302 542 542 926 954 954 954 
366 387 387 387 387 779 983 
666 668 668 668 
464 819 
22 42 42 42 50 50 50 64 64 72 72 94 94 139 158 183 183 197 206 206 206 229 229 266 266 283 283 283 283 283 298 324 324 324 339 346 346 381 381 381 383 383 411 411 419 419 419 419 419 439 439 449 449 453 453 468 485 485 529 533 541 570 603 603 666 666 707 739 874 874 874 876 903 941 941 954 957 957 957 960 960 988 988 1016 1018 1018 
345 630 630 630 
376 722 
70 70 70 301 301 301 725 804 804 
229 467 759 759 
876 876 876 
277 277 277 277 277 459 954 
954 954 
151 374 374 374 374 
547 954 954 
432 673 
785 785 921 921 956 
647 725 725 725 
314 314 491 491 
27 27 27 27 
368 368 368 368 954 954 
362 
469 469 486 486 
676 

545 
277 498 
420 420 
8 8 231 366 366 409 423 423 775 775 775 775 
137 137 137 137 280 280 280 804 
273 273 590 590 590 590 590 
447 
174 858 858 858 
100 240 388 474 474 474 742 742 742 954 954 954 954 
385 385 936 
326 326 366 366 366 366 388 
23 54 179 179 412 412 412 551 551 666 879 879 
153 153 814 814 814 
0 0 107 317 412 412 412 456 954 954 
352 922 
760 760 760 803 803 803 
245 245 414 502 502 
213 290 290 781 781 
1008 1008 
379 903 903 903 
310 819 874 874 874 874 
100 100 100 100 954 
831 
229 229 322 322 322 322 322 476 
715 715 
162 320 320 320 320 320 660 660 660 
229 357 603 603 706 864 864 
114 139 277 277 277 558 664 664 664 664 903 903 

307 307 366 366 366 366 366 777 777 
208 208 337 337 337 337 361 361 1006 
5 61 61 185 185 191 331 331 531 531 686 
216 796 796 
35 35 35 
5 328 328 
548 548 548 548 616 711 721 721 721 721 
27 27 27 728 
240 366 831 831 
53 53 366 366 502 502 953 
53 53 502 502 800 835 936 
327 327 327 327 548 548 638 956 
634 634 634 924 924 
173 277 576 714 714 714 714 714 739 
112 112 112 112 201 201 418 
5 701 701 954 954 
5 844 853 
82 241 
57 57 79 779 1011 
229 278 
277 277 
175 832 832 
139 139 523 
782 823 
242 242 242 
24 31 31 134 548 548 629 629 782 
95 95 311 922 
49 49 49 49 
529 842 842 993 993 
82 166 166 197 197 728 946 946 
780 780 
153 153 323 
229 387 
256 502 528 
154 154 
208 208 327 327 
248 248 248 248 293 450 450 615 615 731 731 731 731 788 788 984 984 
27 262 262 366 624 624 641 
946 
558 558 
8 70 78 108 108 108 114 114 229 229 229 253 253 262 262 262 274 300 300 307 307 307 307 326 326 326 326 326 334 335 335 363 372 372 393 399 399 399 407 407 441 441 450 470 470 502 502 502 523 523 607 659 660 660 660 700 700 719 733 745 745 745 777 777 777 790 790 922 922 950 950 954 954 954 963 970 970 976 980 980 981 981 981 1017 1017 1017 1022 1022 1022 
124 124 124 954 954 
229 229 292 292 292 292 

737 737 954 954 
259 490 490 
366 366 523 523 817 817 933 933 933 
681 954 954 954 954 
213 213 213 285 285 285 285 544 544 544 757 954 
158 183 613 988 
154 154 154 154 180 180 252 279 
221 221 
1009 
27 316 
428 709 
277 277 277 
68 68 255 255 
277 277 750 
5 5 204 204 204 263 767 767 767 
306 306 419 419 454 454 454 454 454 616 661 661 687 687 687 988 988 
722 722 
65 182 182 274 274 274 274 358 
226 305 307 426 924 1002 1002 
404 404 404 404 954 954 
196 395 395 395 400 400 778 893 893 893 
55 55 192 192 954 954 
106 230 406 406 425 439 439 439 517 517 
253 253 366 466 466 
451 451 780 780 861 
390 390 390 878 878 878 
114 114 114 114 
248 248 620 934 934 934 
229 229 690 706 706 871 871 871 
60 114 366 366 366 627 650 650 650 750 823 823 823 823 889 981 981 981 999 999 
390 390 665 665 665 665 778 778 778 
34 645 645 732 757 757 949 949 1014 1014 
127 187 187 187 736 1023 
218 218 218 954 
389 389 389 389 603 
229 565 565 869 869 
392 392 527 527 527 580 580 580 580 
65 144 144 202 202 229 271 271 272 366 366 427 427 427 427 561 579 579 583 
455 
300 962 962 962 
94 94 660 660 919 919 953 953 953 953 
277 277 492 903 903 903 990 
262 262 308 308 308 310 310 310 660 660 
82 586 609 609 609 749 841 946 
313 489 489 682 950 950 954 954 997 997 
229 504 672 1007 
761 761 761 824 824 824 963 963 
30 591 591 
201 201 201 201 340 
84 84 84 277 277 277 277 277 385 385 543 543 543 
79 184 241 241 241 241 299 299 573 573 573 
138 138 689 689 689 
26 26 26 550 579 583 584 584 584 979 979 
300 300 
73 73 73 483 882 882 882 
126 126 126 126 392 
388 634 1002 
89 89 229 229 229 407 407 407 407 474 474 583 583 695 849 849 849 849 854 975 1012 1012 1012 1012 1012 
129 129 177 380 498 498 557 557 684 684 755 755 843 861 861 861 937 
35 35 35 35 
84 84 
843 843 843 
175 287 740 740 740 780 876 880 
652 652 652 652 954 954 954 
101 101 101 152 217 217 217 515 640 640 698 756 820 939 954 954 
66 66 66 123 168 786 786 995 995 995 
21 209 209 

660 733 733 
20 20 162 277 277 392 392 392 570 570 570 802 855 855 
262 262 563 563 563 609 609 609 870 870 870 870 
366 366 657 679 679 
565 565 565 
726 726 894 894 894 
270 270 808 808 808 
229 229 229 747 747 817 817 817 817 

303 463 463 463 463 463 709 709 
151 451 451 451 451 
277 277 
362 362 366 788 816 
394 394 448 448 448 448 1015 1015 1015 
14 530 530 954 954 954 
277 277 550 550 903 903 
0 107 107 385 385 385 385 385 
149 149 149 177 177 177 408 
123 123 310 
710 
15 939 
283 957 
780 780 
34 183 229 229 229 949 1011 
546 546 
28 28 28 447 447 447 447 447 
229 229 229 276 
590 590 590 
393 393 
281 639 639 639 815 877 877 877 877 888 888 888 954 980 987 
277 475 
294 294 726 726 726 806 810 810 810 810 921 
366 366 912 912 
780 
162 572 572 735 761 761 925 
94 94 507 507 507 507 881 881 881 881 902 
305 305 305 427 427 1012 
468 679 679 914 914 923 923 923 923 
114 114 114 114 114 229 229 320 781 
71 954 954 
25 25 971 971 
92 92 491 491 491 954 954 954 955 1010 1010 1010 
102 149 149 149 502 502 773 
784 
76 76 958 958 
424 780 780 975 
818 
229 277 277 707 707 707 
177 177 294 294 
216 216 540 714 862 
693 756 756 756 
414 414 726 726 726 
371 371 715 748 748 797 1020 
198 198 198 290 290 479 479 479 518 518 518 954 997 997 
39 411 954 954 954 954 
663 663 663 962 
205 205 205 
568 568 
563 563 959 
40 40 43 43 133 147 857 857 857 940 954 954 
298 428 428 841 841 841 861 861 861 1010 1010 
789 789 
82 954 954 954 954 
147 147 147 
53 245 245 245 313 313 335 335 336 336 359 366 366 366 480 480 528 528 532 556 607 607 607 659 674 674 674 731 738 763 773 800 836 836 859 922 922 922 953 
622 
415 
27 27 27 27 86 
187 187 756 756 851 851 851 928 
473 473 473 473 656 656 662 662 902 902 902 908 
662 662 
170 170 170 170 1017 1017 
797 821 821 821 821 
176 176 660 
719 
82 82 954 954 954 
162 162 544 544 544 544 
132 434 756 756 756 961 961 961 
186 186 954 
392 392 527 527 527 
264 491 491 491 553 577 577 823 954 
854 
759 
660 660 660 
555 
348 366 366 372 372 817 981 
177 736 736 
123 123 123 168 
767 767 844 844 954 954 954 
406 406 406 517 517 517 
359 502 502 
84 84 277 354 954 
452 452 789 954 
5 191 328 328 710 710 710 
22 22 22 22 53 90 259 502 692 905 905 905 905 907 966 966 966 966 
162 162 277 637 637 715 715 715 
229 918 
267 
246 582 923 954 954 954 954 
82 628 
1003 1003 1003 
195 252 252 808 
487 
50 50 50 139 139 139 197 197 197 197 277 
273 273 926 926 
419 419 419 713 
7 7 7 75 229 229 374 374 374 514 514 514 514 719 775 
238 257 257 297 562 562 562 596 596 922 922 941 941 941 978 978 
127 462 462 780 780 886 886 886 
132 132 132 132 286 954 954 
31 332 332 332 332 337 337 351 351 721 721 721 782 795 795 810 835 835 835 921 954 
149 714 714 786 1006 
422 453 453 903 903 
308 308 879 
742 810 810 820 820 820 820 956 956 956 
8 8 518 
231 957 
522 
502 
129 129 129 428 428 640 861 861 861 937 
324 365 365 939 
44 44 44 44 628 628 628 712 712 784 922 
95 676 
103 407 
545 545 545 
262 440 440 440 496 496 959 959 959 

229 229 405 405 442 442 442 877 877 
952 952 952 952 978 
876 876 876 876 
495 495 692 
5 5 5 121 767 767 931 931 931 983 983 
277 439 439 439 957 957 
135 135 138 199 199 954 954 954 
472 472 
420 420 420 707 
684 
875 875 886 
172 339 860 860 860 929 
518 518 

407 407 422 851 931 
167 406 406 406 406 

64 159 536 587 587 587 950 950 954 954 
243 407 422 427 427 671 671 
26 26 422 422 422 
174 702 702 
413 689 946 946 946 
15 582 582 582 942 942 954 972 972 
18 18 171 171 171 215 963 963 963 
70 70 772 954 954 
302 302 302 302 302 465 465 465 926 
30 417 417 
810 810 
169 172 699 
126 126 126 137 647 
220 220 
247 247 247 545 545 922 922 
992 992 

120 120 
36 36 36 861 861 861 871 871 
103 805 805 954 954 
37 37 37 751 954 
32 153 229 277 277 323 323 404 
81 81 81 81 826 826 

903 903 
108 108 366 502 502 502 
129 129 680 680 759 
413 413 413 440 440 440 660 660 754 

57 79 79 214 866 880 
660 878 878 
375 988 
73 73 830 830 994 994 994 
210 362 362 
253 253 332 385 632 663 687 
154 154 244 244 

900 
397 
211 250 
503 951 951 
203 
140 140 140 262 363 363 959 959 959 959 
5 954 
810 
399 
537 559 559 559 862 
31 31 31 31 351 351 695 
85 85 85 278 278 278 
234 234 234 
115 227 227 229 230 616 669 669 873 
107 107 711 711 711 711 821 
338 338 338 426 924 924 924 955 
102 102 102 102 102 166 
30 30 
162 162 533 533 
337 679 
467 467 467 815 888 888 895 895 
434 434 557 833 833 954 
263 263 263 263 363 
154 154 154 
16 17 
73 
169 169 169 401 401 732 732 732 1014 1014 
74 74 160 160 160 717 717 761 761 761 887 
289 594 847 847 847 962 965 
9 9 1002 
736 
45 399 399 399 836 836 
220 694 694 791 791 1019 
108 433 433 433 433 
840 840 840 886 886 
115 985 985 
864 
507 507 912 978 978 978 
441 
11 11 11 68 810 
366 502 953 953 953 953 
105 105 141 141 238 238 262 322 322 322 366 366 366 410 410 412 412 438 511 521 521 521 609 609 612 673 673 675 678 678 734 734 805 835 835 835 878 878 913 922 922 938 953 954 954 986 
107 385 385 861 861 861 899 899 899 899 
507 507 508 508 
261 261 261 261 261 493 493 493 616 982 982 982 1006 1006 1006 1006 
1 1 324 324 324 324 834 
400 400 400 400 989 989 
275 277 277 308 964 964 964 
117 676 676 676 742 1006 
275 275 275 
229 229 632 632 864 864 
880 
583 583 865 865 865 
415 1000 1000 
88 164 165 287 660 660 791 
87 188 188 188 502 502 502 
660 793 793 
295 560 667 667 667 1007 
254 
660 660 954 954 954 
441 441 475 475 638 831 831 
608 608 826 826 826 979 979 979 
229 229 229 373 722 722 722 869 954 954 954 
414 954 954 
213 865 
137 137 428 428 574 755 755 870 937 937 954 954 

5 33 33 77 77 77 328 
385 385 385 616 

421 421 421 586 946 946 
229 398 
229 229 706 706 706 
90 90 532 568 
488 814 814 814 
651 651 
427 629 780 780 780 
50 177 879 879 879 

7 7 7 7 61 434 871 871 988 
82 82 147 147 147 172 593 
366 366 950 950 
173 341 341 
174 585 585 
265 808 808 

262 262 262 262 
323 398 398 691 691 691 871 871 
277 485 485 485 573 
954 
380 447 447 920 
65 457 531 531 531 954 954 
107 107 332 633 633 633 633 
559 559 784 784 784 845 845 922 
543 954 954 
96 339 339 339 339 339 487 549 549 974 974 1001 1006 1006 1006 
162 321 321 490 533 533 533 739 797 
1004 1004 1004 
74 74 74 646 646 
860 879 
229 229 230 230 366 512 544 1016 
773 773 773 
332 332 332 332 548 548 548 838 838 838 954 954 
279 386 386 681 681 681 
171 171 210 210 210 

18 18 280 289 289 289 954 954 
229 229 229 443 443 469 469 469 489 489 489 730 894 894 
902 902 902 
82 209 209 209 333 355 
922 922 
726 
362 362 362 362 502 
401 645 645 645 1013 
366 438 438 954 954 
105 141 141 660 660 
69 219 219 472 973 
402 524 524 649 954 954 954 1023 1023 
147 370 370 954 954 954 
122 122 189 189 189 502 846 966 
98 98 104 104 119 162 266 277 339 715 835 835 835 835 1001 
59 59 59 59 59 432 432 432 886 886 
83 83 
305 305 305 552 667 

153 827 827 
114 114 114 114 114 366 366 366 

229 445 445 
11 11 106 490 490 
413 
383 399 
602 829 829 829 
14 229 229 
136 136 
176 609 
428 428 684 684 771 934 
101 152 434 488 488 488 506 506 515 515 515 768 820 820 820 954 954 
374 401 401 949 949 
162 162 162 162 
281 281 520 608 
312 312 312 803 803 
160 416 416 416 472 472 646 646 646 
763 763 763 
502 762 762 762 
927 927 927 927 927 

229 
5 5 218 236 236 384 384 384 526 526 569 569 844 844 844 853 931 931 954 954 
101 756 
155 155 155 155 175 780 780 
780 780 920 
755 
589 794 794 794 794 954 954 
48 48 48 48 480 502 720 720 720 
935 935 
229 229 300 300 300 300 544 
229 229 
108 326 326 366 366 366 
390 400 400 400 805 
272 272 272 274 344 
25 25 25 85 123 123 174 175 175 229 229 229 356 356 394 394 432 460 460 471 483 483 546 546 695 695 695 769 769 770 770 840 854 854 886 943 943 967 1015 
314 314 476 845 
349 351 548 795 795 795 975 

481 559 712 712 712 
288 288 
66 66 435 435 549 842 842 842 842 890 890 
82 82 82 222 222 222 954 954 
362 362 450 
8 200 200 200 499 499 530 
68 232 232 232 366 366 
258 651 651 673 1019 
168 168 
675 675 897 
70 70 70 196 196 772 772 772 772 885 885 885 
548 548 782 782 782 1001 
182 182 229 229 329 329 
490 510 715 925 
1006 
124 170 170 262 
336 502 
954 
68 439 
13 13 212 312 312 312 760 760 825 825 
280 280 301 954 
601 601 660 778 852 945 945 954 954 
469 
175 175 175 
444 444 444 539 703 703 
229 229 906 906 1011 1011 
68 68 75 469 469 469 469 548 552 552 592 592 626 658 868 868 956 956 

876 
978 978 
153 153 185 185 185 185 238 309 309 309 693 693 693 
467 639 888 888 
248 248 248 450 
372 372 445 445 445 445 523 
229 484 
229 276 317 
217 434 552 552 552 552 756 756 756 
510 510 510 510 633 
32 1022 
349 399 399 399 399 518 
416 416 416 963 963 
13 803 803 
55 55 150 604 604 680 680 680 1006 
744 744 
922 
751 751 751 954 954 954 
614 614 
140 140 181 181 319 334 334 679 679 911 911 959 
175 175 347 347 
126 126 126 640 640 
234 234 664 
336 548 548 548 660 660 660 739 739 739 739 
259 259 502 502 650 650 
107 
721 721 721 952 954 954 954 1020 
74 74 
114 653 653 653 780 
192 192 192 192 413 498 498 498 930 946 954 
354 354 786 786 786 786 
428 431 431 431 
342 526 526 767 767 767 
44 44 712 712 781 943 943 
189 738 
145 147 249 647 647 647 1017 1017 
225 1005 1005 
427 427 427 427 
905 966 
506 506 506 579 
805 945 
29 117 117 218 218 218 218 218 342 767 
427 519 780 780 
118 194 439 439 951 958 958 
270 270 
497 497 497 954 954 
183 304 304 304 
502 
576 576 576 718 
131 394 428 428 428 498 498 498 557 557 557 600 600 600 661 661 661 1010 1010 1010 
487 628 

229 229 229 229 323 323 655 669 669 
213 213 671 671 671 683 
47 79 79 611 
935 1008 
810 810 903 903 903 
405 405 681 
61 61 61 61 440 440 440 440 684 
229 229 398 398 398 600 600 698 698 706 706 939 
189 189 189 
132 132 632 941 
277 277 277 317 317 317 317 900 
66 575 575 886 
42 72 72 277 282 282 282 432 567 567 567 567 812 
66 66 467 467 467 467 565 565 
395 395 395 612 612 660 660 
23 54 74 74 308 308 551 696 696 696 718 1005 1005 1005 1005 
79 214 229 229 229 432 611 670 996 996 
105 105 105 473 473 473 473 
105 105 105 105 424 424 424 907 907 907 954 
30 30 30 
30 30 
70 70 70 794 794 794 
39 39 39 85 85 85 114 147 147 147 193 193 193 229 546 546 546 575 653 653 740 740 780 875 
197 197 197 197 219 219 646 
467 467 467 639 639 815 815 
399 950 950 950 
66 786 786 
234 
955 
390 390 390 
443 443 443 726 726 
639 639 987 
178 
228 228 793 
129 265 265 265 
107 107 661 661 661 661 982 982 982 
619 874 
0 0 0 107 107 233 233 233 233 
94 473 507 507 507 727 727 727 908 
49 59 59 59 64 122 162 162 277 316 316 316 324 324 411 411 411 453 453 550 550 606 606 868 868 868 972 972 972 
264 264 264 
259 259 259 259 259 532 532 532 532 850 966 
809 809 
532 882 882 882 954 954 
507 902 

153 
831 831 
212 212 470 470 656 968 968 968 
176 176 176 176 660 
475 475 
172 172 172 191 


229 534 
103 410 410 938 938 977 977 977 977 
709 770 
288 288 469 548 956 956 
21 21 21 238 268 268 268 311 352 366 366 502 502 502 545 545 559 596 596 660 660 712 729 729 828 927 927 927 927 978 978 
475 475 475 475 536 
226 226 338 338 388 634 634 634 
69 162 162 472 797 
273 542 542 590 
240 240 240 764 764 764 764 764 922 922 922 922 968 
95 95 95 95 95 97 97 506 935 935 1006 1006 1006 1009 1009 1009 1009 
213 213 576 
71 71 71 71 841 
119 119 119 119 569 569 569 579 767 767 
130 
372 372 372 963 963 963 
31 397 397 397 755 
774 774 867 928 928 
53 306 336 
37 37 127 127 127 428 557 684 684 954 954 977 977 1023 1023 
71 71 141 660 919 919 
82 217 217 434 458 558 871 
497 954 954 
42 238 238 277 277 545 545 545 873 
587 587 
10 175 780 780 845 845 969 

805 805 852 
355 355 364 413 586 586 586 689 689 841 
256 256 
229 
229 401 401 461 757 757 1013 1013 
107 107 107 107 366 366 414 414 582 582 700 700 889 889 889 
622 622 855 
120 566 566 566 566 838 954 954 
335 410 410 410 410 502 659 659 659 659 660 1016 1016 1016 
3 5 5 14 16 16 30 30 37 40 40 52 55 55 61 61 61 74 74 80 80 80 82 82 107 107 107 127 128 128 128 130 130 134 134 139 147 147 147 157 157 158 159 159 159 178 178 178 186 186 192 192 196 196 198 205 205 205 209 209 209 211 213 218 218 229 229 250 250 250 273 273 273 277 283 284 284 286 286 292 292 305 305 305 305 310 310 318 341 341 366 366 366 367 367 370 370 373 373 373 373 374 389 389 391 391 403 414 414 433 433 433 434 434 452 452 452 467 477 477 479 479 479 491 492 492 492 492 497 497 500 500 500 500 513 513 513 516 518 526 526 526 529 530 536 536 536 536 547 547 548 571 571 571 582 582 587 589 589 601 601 602 625 640 660 660 678 678 678 681 681 681 682 682 684 684 708 710 710 713 713 721 721 725 725 733 733 736 736 736 737 737 737 756 756 767 767 772 772 787 787 801 804 805 805 829 829 829 838 838 838 841 857 857 882 907 907 937 937 940 940 952 952 963 963 997 997 1002 1002 1006 1006 1007 1023 1023 
479 634 892 
288 337 552 552 552 810 810 921 921 
171 171 171 277 277 277 459 554 570 570 
76 194 194 482 482 855 855 
142 496 563 563 563 624 624 624 624 831 
58 277 277 
515 515 515 
95 95 409 409 409 493 647 
18 100 100 100 203 366 416 416 588 588 588 824 824 933 933 933 954 954 
666 666 666 
162 647 
190 190 190 190 190 234 237 237 259 532 532 532 532 738 850 905 
99 780 
21 21 21 912 912 912 927 
175 175 943 
366 366 
25 478 478 
587 587 903 903 903 
735 
96 96 123 123 123 123 714 714 
169 169 169 427 483 782 
366 980 
919 919 919 919 937 937 1023 1023 1023 
195 268 268 545 545 566 656 656 656 813 813 922 922 
249 249 249 249 422 422 680 680 680 
114 114 366 366 467 976 
366 366 366 399 399 399 523 
663 663 663 899 899 899 
274 569 569 
248 362 362 
40 58 58 115 115 115 654 654 
105 105 105 660 
229 467 895 
277 277 375 385 385 613 698 
156 156 665 665 
411 

5 597 597 
354 354 1007 1007 
182 182 182 229 229 229 614 614 614 
123 123 435 435 435 
880 880 
414 414 491 491 954 954 
32 32 51 51 132 229 
82 169 399 399 
672 672 1013 
714 739 795 
1 240 240 240 388 388 426 648 954 954 1006 1006 1006 1008 
44 44 538 538 538 
123 232 232 232 716 716 716 
110 110 110 848 848 879 879 879 879 
83 95 138 327 549 663 663 663 663 667 714 714 714 798 826 928 928 928 954 954 1002 1002 1002 
415 676 954 993 993 
315 315 867 1002 
138 242 242 242 242 378 928 928 928 928 
92 92 93 93 93 93 479 479 479 498 498 861 861 861 
77 77 229 229 344 461 809 809 
427 427 427 427 427 474 
732 949 949 1000 
62 62 62 401 401 645 645 
451 451 451 780 
277 719 953 953 953 
249 366 366 366 509 509 847 847 
229 229 229 277 277 
36 36 258 651 791 
490 838 
109 109 109 
98 366 366 366 822 
402 736 736 937 937 954 954 977 977 977 
