nodes: 1024 edges: 1879
107 901 
9 648 
97 

20 20 212 
167 167 263 328 341 342 384 531 625 625 625 686 767 992 992 
759 
544 698 
183 229 229 231 789 
1 648 648 
175 943 943 
74 74 74 473 658 748 

264 825 
452 954 

643 
19 19 155 155 155 155 643 
588 588 725 963 
17 17 728 
4 4 229 439 
436 922 922 968 968 
277 532 
120 179 179 879 

780 971 

333 333 886 
463 
215 
636 883 954 
118 351 629 629 629 
228 603 746 998 
77 686 686 
401 401 461 
429 429 879 
166 229 229 600 1019 1019 1019 
602 602 937 937 

492 886 
133 133 497 497 954 
82 355 

147 983 
559 845 
687 

189 
701 773 
353 353 353 903 
541 

954 
335 336 502 502 936 936 
879 879 
391 826 826 
651 
344 344 
99 99 985 
740 903 
366 
328 328 328 698 870 954 


229 277 277 582 903 
387 
435 786 877 890 
197 197 229 229 
658 802 810 810 

589 794 
151 448 765 930 930 938 
277 
424 424 614 811 
11 11 11 120 160 564 646 839 879 
392 
194 482 958 958 
33 686 1011 

111 241 344 344 866 866 880 
954 954 

41 147 155 155 172 209 267 343 343 343 355 457 513 513 558 643 699 699 728 728 787 
741 741 741 
419 430 529 
123 123 229 462 630 630 780 886 886 886 886 
145 145 505 
674 

427 
692 692 

271 271 479 479 1010 
1010 1010 
277 277 410 410 410 410 473 902 
352 352 352 962 962 
974 
2 
266 266 266 266 739 
58 58 967 
305 318 318 318 963 963 
434 434 
143 143 480 
561 601 601 601 836 
162 162 739 
660 660 660 734 734 882 
748 748 
0 171 171 310 454 454 661 661 899 901 950 
366 366 366 366 366 607 777 
1021 
1005 
79 
340 
229 
363 363 366 366 396 399 399 399 476 476 745 886 944 
229 233 654 
153 153 185 185 238 910 
667 
31 194 855 
162 162 931 
23 74 
569 

85 85 162 162 168 168 435 525 525 780 780 780 974 974 995 995 
367 
250 923 
425 425 594 833 
546 954 
954 
265 428 428 428 557 590 608 608 898 
932 

515 547 547 547 547 998 
40 40 497 
954 
571 571 
252 270 753 753 
684 
571 1006 1006 
277 324 348 541 541 541 954 
181 624 
734 734 883 938 
959 959 
102 102 
407 
86 86 

43 82 193 501 699 699 847 847 886 886 939 
208 208 
399 455 455 480 

71 202 448 
434 434 434 
116 116 309 309 323 357 603 603 744 814 814 814 910 
360 360 360 642 642 856 
17 17 17 17 82 82 583 769 769 769 979 
989 
205 
277 277 697 954 954 954 954 
582 
74 761 
541 
104 104 119 119 123 123 204 204 277 277 289 321 439 439 472 472 472 533 637 647 647 715 715 758 903 903 
582 582 
165 165 673 741 
164 164 
36 355 355 355 635 
5 5 328 328 328 580 580 
123 123 171 435 435 525 792 
975 975 
799 
107 107 168 210 210 588 954 957 957 
82 699 915 
339 339 701 
585 702 702 
10 347 347 432 764 769 780 780 780 832 943 943 969 
238 238 511 511 660 754 913 913 913 
428 428 486 
273 954 
23 23 
376 
140 831 831 831 911 
229 387 387 
8 277 277 
420 420 
116 116 814 814 
954 954 
434 506 506 
411 674 
47 
966 
531 
841 841 954 
147 233 886 886 
76 118 855 
223 
218 218 229 571 581 794 794 885 
67 67 219 355 541 887 887 887 
491 954 
203 516 
789 
574 
151 407 
199 216 623 
162 162 242 303 384 384 384 
157 494 494 


148 148 327 361 361 
82 436 436 728 954 
171 171 
621 
4 470 803 803 825 825 912 912 
314 374 781 865 865 929 954 954 
611 
29 845 
203 329 329 487 487 
365 434 
196 196 403 403 403 767 767 767 853 853 853 954 
197 735 735 887 
437 595 595 

335 787 787 
195 
949 
848 
388 388 924 
230 
32 
8 8 20 36 36 64 67 67 85 113 115 182 196 241 277 277 358 366 368 377 407 407 407 415 427 427 427 442 442 461 461 461 476 534 544 565 565 565 603 614 614 632 655 669 669 690 691 691 719 726 726 747 765 766 775 780 780 780 796 809 809 818 819 864 880 880 886 886 918 948 949 949 954 954 987 994 998 1011 1013 1013 1018 1018 1018 1018 
227 392 632 632 719 
8 300 554 
790 1004 
115 193 632 901 901 
631 834 891 891 


966 966 
116 176 176 545 660 922 922 922 941 
954 
262 334 927 1002 1002 1002 1008 
79 229 
204 267 267 350 428 1009 

617 617 
313 
536 
596 
362 362 362 397 397 816 
847 909 979 979 979 1017 1017 
125 621 621 954 

136 376 376 
366 616 616 616 
677 
382 

466 

371 502 502 532 532 905 905 905 966 966 
549 
366 616 663 663 
240 363 363 366 366 412 660 660 660 705 799 799 959 1017 
5 384 641 
13 904 904 
129 898 
98 98 98 98 277 
82 242 242 
922 922 

136 539 944 
92 92 407 583 
779 779 
178 302 926 954 954 
366 387 387 779 779 

464 464 464 479 559 819 
22 64 64 72 94 94 139 158 158 162 162 183 183 229 229 266 283 283 324 324 346 375 375 423 449 453 453 459 475 529 533 541 541 558 570 603 603 855 858 872 876 903 954 957 957 957 960 988 988 988 1016 1018 
630 630 630 
722 
301 

876 958 
277 277 954 
618 954 
374 374 374 
547 547 954 954 
432 673 
785 956 956 
162 725 
314 491 491 892 892 892 

368 368 
362 
469 
676 821 
802 923 
545 


231 423 775 775 
280 804 892 
273 590 
204 
858 858 858 
100 474 474 474 954 954 

326 326 366 
412 412 551 551 879 879 964 
153 153 814 814 
107 317 412 412 454 954 

760 760 
245 502 
213 290 781 
1008 1008 1008 
379 903 
310 874 
100 100 100 954 954 954 
831 831 
322 322 503 781 
162 715 715 
320 320 
153 357 357 603 603 
139 277 277 558 903 903 
355 
307 307 
208 337 361 714 1006 1006 
5 61 61 61 167 167 167 531 580 686 
216 216 796 
334 879 

548 616 711 721 721 
27 27 
240 330 366 831 959 
53 222 366 
53 421 502 936 936 
327 548 548 638 956 956 
634 634 
173 173 714 
112 
5 597 701 954 
5 844 844 853 
82 82 82 881 
57 57 79 79 779 

277 
175 175 
139 523 
782 823 
242 
31 457 457 457 469 548 629 
95 95 95 
49 49 49 
842 842 842 993 993 
41 82 166 166 166 197 325 728 946 
780 
153 323 323 
229 566 
528 
154 154 154 
208 208 327 
248 248 248 293 450 450 450 502 615 615 731 788 788 
114 114 262 262 366 366 624 
586 586 946 
217 558 
60 108 108 108 108 108 114 114 229 253 261 262 262 274 307 334 335 363 363 372 372 372 399 407 407 409 450 470 502 502 502 607 659 660 700 719 719 745 763 777 790 790 922 922 922 950 963 963 970 973 976 980 981 1017 1017 
124 
229 292 292 
937 

259 490 490 
366 366 366 523 933 
681 954 
213 285 285 285 544 801 954 
277 277 613 613 988 988 988 
180 252 252 
229 565 
879 1009 1009 
316 


255 810 

5 204 204 204 263 767 
419 661 687 988 988 
722 
65 182 182 274 274 594 
226 226 426 924 1002 
404 954 954 
395 778 778 893 893 
55 
75 230 406 406 439 439 439 527 527 
466 
780 861 
390 878 
114 767 
248 248 620 934 
690 706 871 871 871 
114 114 114 149 366 518 627 650 823 823 981 981 981 
665 778 
34 34 645 645 732 1014 

218 218 218 
389 603 603 603 
565 
392 392 527 580 
144 202 229 229 229 271 366 366 422 427 427 583 584 
455 
366 962 962 962 
94 94 94 94 660 660 919 953 953 977 977 
188 492 903 903 
262 308 308 310 310 660 660 660 660 878 
609 749 841 946 
489 506 682 682 950 954 997 997 
229 504 1007 
761 761 963 
591 591 

84 385 543 543 988 988 
184 184 
336 689 689 
407 561 579 583 584 979 979 
277 300 
73 73 882 
126 126 
388 634 1002 
89 229 229 229 407 407 474 583 695 695 854 1012 
129 129 129 177 177 242 463 463 498 557 557 684 684 684 755 755 861 861 870 937 937 
35 35 767 
84 
843 843 
175 287 740 780 880 880 
954 
101 101 152 152 152 187 217 698 756 756 820 939 954 
66 123 168 168 786 995 
21 209 209 
220 
660 733 
20 162 162 392 392 392 570 570 570 570 
563 563 660 870 
679 
229 229 565 
726 726 

817 

463 463 709 709 763 763 
71 151 451 451 555 
277 
362 362 362 366 
448 448 780 1015 1015 1016 
14 530 
277 277 903 
107 107 310 
149 149 408 

82 351 351 351 
939 
277 
780 
34 229 229 229 1011 
85 
28 428 428 447 447 
276 276 276 
590 590 590 
257 393 
815 815 877 877 877 954 980 
475 
294 351 726 726 726 726 810 921 
212 366 912 
780 
162 162 162 735 761 761 797 797 925 
11 94 507 881 902 902 902 
305 305 305 427 975 
277 468 679 802 914 914 923 923 923 
114 114 229 
954 954 
971 971 971 
92 92 276 491 954 
102 149 502 
712 
76 
780 
950 
707 
177 
216 216 714 1006 
756 
414 726 
371 371 748 
198 290 290 479 518 954 997 
39 411 886 954 954 
663 962 
205 205 

563 
40 40 133 857 
428 841 841 861 861 1010 
789 
954 
147 
53 53 259 259 313 336 362 366 366 366 480 532 532 556 607 607 659 674 720 738 800 800 800 836 922 922 953 966 
320 
415 
86 
187 187 414 851 851 928 939 
473 908 908 969 


797 797 821 
176 176 793 
719 
82 82 954 
544 544 
132 756 756 961 
199 954 954 
527 
399 491 577 577 577 954 

608 
660 
555 
348 372 817 817 817 981 981 
736 
123 123 168 
767 954 
392 392 406 517 
359 
84 277 954 
452 789 
5 191 328 710 710 
22 259 259 502 502 905 907 953 966 
162 277 637 637 637 715 715 
229 

246 

773 1003 1003 
270 

50 139 139 139 161 197 277 277 
926 
419 419 713 713 
7 229 374 514 514 775 
238 297 562 596 941 941 978 978 
127 780 886 
132 132 132 132 286 286 954 954 
332 337 337 351 719 721 792 795 810 810 835 921 
260 714 1006 1006 
903 
308 308 
742 820 

231 
448 522 587 
502 
129 428 428 640 861 861 937 937 937 
82 277 324 365 939 939 997 
44 276 628 628 628 922 922 
676 
103 422 
545 
440 440 496 959 
74 
229 229 229 377 405 442 877 877 
358 952 978 
876 876 
1002 
121 767 931 
277 439 439 439 439 957 957 957 
135 135 138 196 


201 684 684 684 937 937 

860 
518 518 518 

422 
167 167 328 406 
196 
64 159 163 163 587 950 
155 271 407 422 427 671 671 
407 422 
174 702 
364 364 689 946 
555 582 972 972 
18 18 171 963 963 
70 772 
129 302 465 465 465 926 
417 417 
810 810 
699 699 699 
126 387 
220 220 
247 545 
341 917 
819 

36 861 861 
103 103 103 801 805 954 
37 37 954 954 
32 153 153 229 277 277 323 323 404 404 404 
826 

903 
108 366 502 502 
129 129 520 680 
413 660 660 754 

214 866 
660 660 
375 375 988 
73 229 229 830 830 830 994 
362 362 
253 253 253 261 332 632 663 663 982 
244 244 
284 1009 

397 
211 250 250 

203 
140 363 959 
5 5 5 844 
806 810 
399 
559 559 559 862 862 937 
31 31 31 351 695 
85 85 278 278 278 690 690 
234 
229 230 230 233 616 669 669 
821 
338 338 426 924 
166 
30 
162 533 533 533 
337 679 679 
815 888 895 895 
557 954 954 
263 
154 154 
16 17 82 

401 401 732 732 1014 1014 
74 761 761 887 
162 162 847 847 
1 9 9 1002 1002 
736 
399 836 
56 791 1019 

840 
115 
229 
978 978 978 

11 68 810 
366 502 953 
105 105 105 176 238 262 262 262 366 410 410 412 412 412 412 438 440 521 609 609 612 612 673 673 675 675 805 805 835 835 835 922 922 922 938 938 954 
107 107 385 705 861 861 
969 969 
261 261 493 616 616 982 1006 
834 
400 989 

117 676 676 676 1006 1006 

229 229 632 632 
880 932 
583 583 865 865 865 

164 287 660 660 791 791 
87 188 502 
660 660 793 
295 560 667 667 667 
254 

441 475 638 638 831 831 
608 979 
373 722 869 954 
414 414 902 
865 
137 428 428 428 574 574 574 755 870 892 937 

5 33 33 77 328 
45 385 982 982 

421 421 586 
229 398 630 630 
229 229 706 
90 90 917 

713 791 
427 427 629 780 780 812 812 
879 879 
158 
7 61 434 871 871 
82 82 147 147 172 593 593 593 
366 950 950 
48 173 341 
174 174 585 
808 808 

262 661 
398 691 871 871 
485 

447 447 
531 531 954 
332 
481 
543 543 694 954 954 
327 339 487 549 974 1001 1001 1001 1006 
162 162 321 321 533 533 
1004 1004 

879 
229 230 366 366 512 548 1016 
502 773 
332 332 548 954 
279 386 681 


18 289 954 
229 229 443 443 469 469 469 469 489 730 894 894 
902 
19 82 82 209 355 
922 
726 
362 
401 645 645 1013 
438 954 
105 105 141 141 
219 219 472 973 
524 649 954 1023 
954 
502 966 966 
98 104 835 
59 432 886 886 
83 83 83 164 
552 
816 
153 827 
114 366 
32 
229 
11 106 106 490 
413 841 


828 
136 136 808 
176 609 
428 428 684 771 771 934 
434 434 488 515 515 954 

162 
6 
312 312 803 803 
160 416 416 472 472 646 646 

366 447 447 
175 
71 229 
229 
5 218 218 218 384 396 429 526 569 844 931 954 992 992 

155 155 155 175 780 780 
780 
755 755 
589 794 794 
48 538 720 
935 
229 300 300 544 
880 
108 366 
390 390 400 805 805 
272 272 274 274 344 
25 85 123 123 123 175 175 175 229 229 229 356 394 432 451 460 471 483 546 695 695 769 769 770 840 854 886 886 969 969 1015 1015 
213 314 320 
349 795 975 


288 
66 435 842 842 
82 222 222 807 954 954 954 
362 362 
8 200 499 530 
232 366 366 
651 673 673 694 
168 548 
511 675 
70 196 196 772 772 885 
548 782 
229 329 
472 472 510 510 

170 262 262 
502 502 502 
374 601 954 954 
68 296 475 
212 212 760 760 825 
301 
601 660 660 778 778 852 893 945 945 
626 810 810 
787 814 832 
703 703 753 
229 229 906 906 1011 
68 68 382 469 548 548 592 592 626 658 806 806 868 868 956 
73 
695 695 
978 978 
153 153 153 185 185 309 309 807 
467 467 639 888 
248 743 
445 523 523 523 
229 
229 276 598 866 866 
434 552 
295 510 633 966 966 
1022 1022 
349 399 399 
963 
13 212 212 803 
55 55 604 1006 
744 
752 922 978 

614 614 614 
181 181 181 319 319 334 679 679 911 
175 807 
126 
234 664 
548 660 660 660 739 1001 1001 
103 502 650 859 859 

952 952 
74 
653 780 
192 192 413 498 498 749 930 946 946 946 954 
354 354 354 786 786 954 
431 431 
342 342 625 767 
44 215 943 

147 147 249 647 647 1017 
225 1005 1005 

905 905 
506 506 
805 
218 218 218 342 
427 780 
118 194 277 951 958 
154 
497 954 
277 304 304 304 903 903 
836 836 
576 
394 428 428 498 498 557 557 600 600 661 661 1010 1010 
628 628 

229 
213 213 671 671 671 683 
79 79 611 819 819 
935 
810 810 903 
681 
61 428 440 684 
398 398 398 698 698 706 706 
277 

317 900 900 902 

277 282 567 567 
66 467 467 467 565 565 
395 412 
23 35 54 54 74 308 308 330 378 696 696 718 
79 229 229 432 432 670 776 996 
343 473 
105 424 907 954 
30 141 

196 794 
27 39 85 85 85 85 114 147 147 193 193 229 229 492 546 740 740 780 780 
197 197 197 219 646 
639 815 
950 950 
66 
234 234 
290 290 290 301 684 
390 390 805 
726 726 
639 639 987 


129 265 
107 982 982 
874 874 
0 107 233 233 
94 473 473 473 682 727 874 908 908 
49 59 64 162 162 277 316 324 324 411 411 453 550 606 858 858 868 
264 264 
259 259 259 532 850 850 
809 809 
532 882 
507 507 902 902 
249 
116 153 
181 831 
212 212 470 968 968 
176 176 176 
475 475 
172 

597 692 
229 
410 938 977 

469 548 956 
21 21 238 238 238 268 268 366 366 366 502 502 559 559 660 660 660 729 828 927 927 927 978 
125 296 475 475 475 
226 388 634 
472 
273 542 590 
240 922 922 922 968 968 968 
506 935 1006 1006 1009 
213 
71 71 841 
119 569 767 
130 670 
372 
397 755 
774 867 928 1002 1006 1006 1008 
53 53 336 336 
37 37 369 428 428 557 557 557 574 574 628 684 977 977 1023 1023 
71 141 660 660 919 
147 434 458 506 558 558 
954 
238 545 545 

10 10 175 175 845 
114 270 976 976 976 976 
805 805 
355 364 413 586 841 841 841 

229 
224 229 229 1013 1013 
107 366 414 484 582 700 700 889 889 
855 
566 838 838 
410 410 502 532 659 1016 
14 30 40 52 61 80 80 127 128 134 139 158 158 158 158 171 178 186 186 192 198 209 213 213 218 229 229 239 250 273 273 277 283 284 286 286 305 305 310 318 318 318 341 373 374 389 389 414 433 434 467 477 477 479 491 492 492 500 513 516 516 518 526 529 547 547 601 602 602 640 640 660 681 710 713 713 721 725 733 736 737 756 767 787 787 787 801 801 841 842 857 882 940 963 997 1002 1006 1007 

288 288 337 337 810 921 
171 171 277 277 277 570 570 570 
76 76 282 855 
142 142 262 334 563 624 
277 
515 
95 95 409 409 409 493 
18 100 100 366 366 416 588 588 824 954 
308 

190 237 237 259 259 502 532 738 738 821 821 
99 
21 21 912 912 927 927 927 
175 507 662 662 780 780 
366 
25 478 478 478 
587 587 
366 735 
96 123 123 714 
169 169 474 782 
366 944 944 944 944 
410 410 919 937 937 1023 1023 
545 545 566 656 656 656 813 813 828 922 
155 249 249 249 422 422 680 
366 467 
366 399 399 399 523 523 
616 663 687 687 899 899 
43 

58 

229 895 
277 277 277 375 375 375 385 385 419 419 613 
156 665 


5 5 767 767 
354 354 1007 1007 1007 
229 614 
123 123 435 
880 
414 414 491 558 954 
32 132 229 

1013 
714 714 714 835 835 
240 240 240 388 426 568 648 648 935 954 1006 1006 
538 538 
232 716 716 
110 848 848 
138 138 327 327 487 549 549 663 667 667 714 826 928 928 935 935 954 1002 1002 
415 954 993 993 993 
240 315 315 315 935 
242 378 378 618 928 
92 93 93 498 861 861 
77 229 461 809 
427 
229 229 732 949 949 1000 
401 645 645 
451 451 780 780 
277 451 719 953 
249 249 262 366 366 847 
229 229 229 229 277 
36 36 36 651 

109 
822 822 
736 937 937 977 977 
