nodes: 1024 edges: 1897
107 310 901 901 901 
9 1002 1002 
182 

20 20 
167 250 263 263 331 341 342 531 569 625 710 710 767 767 954 954 

61 544 544 544 
231 366 553 
1 648 648 
175 943 
74 74 473 550 658 658 748 748 
82 
264 264 803 803 
752 954 

643 954 954 
19 396 643 
725 725 963 
17 
4 4 229 229 439 
922 922 922 
277 532 
120 179 179 225 

478 971 
584 
291 291 333 363 379 505 505 505 505 886 

56 215 853 
417 883 884 884 954 
629 629 
228 229 603 822 998 998 
77 
401 461 
330 330 330 429 
166 229 229 229 600 600 1019 
602 751 937 954 

411 886 886 
497 954 
82 355 


559 1003 


189 189 
701 773 
316 353 353 
277 541 541 696 

954 
335 335 335 335 336 336 502 502 532 936 
308 308 879 
391 826 826 
29 220 762 
344 
99 99 99 
740 903 
366 399 399 
7 328 328 870 870 954 954 
556 
154 
93 903 
387 387 387 
786 877 877 
197 197 229 229 
658 658 810 810 
925 
280 794 794 
151 930 930 930 930 938 938 
277 876 
79 229 229 424 424 614 
11 11 120 120 646 839 839 879 879 
810 
194 482 482 958 
33 229 229 1011 1011 
366 
73 241 344 344 420 880 880 
954 
604 604 
12 41 147 155 155 166 172 209 267 267 267 413 500 513 558 643 699 699 787 939 999 
1006 
419 430 
123 229 229 462 462 630 630 780 886 886 
145 505 
674 


692 
720 
479 
64 1010 
277 277 410 410 473 902 
352 352 352 352 928 928 962 
288 714 974 
928 
119 266 266 739 1022 
58 58 58 344 
305 963 
756 
143 143 143 635 
601 601 601 919 919 919 
739 
660 881 882 
392 
0 171 171 454 837 899 899 901 
366 607 607 777 904 
1021 1021 
1005 

154 154 154 340 
229 229 
366 366 366 399 840 886 980 980 
229 229 233 632 654 985 
185 185 185 238 238 910 
667 667 853 853 
194 194 194 987 
98 162 931 931 
23 74 74 599 599 952 
569 
738 738 
85 162 162 168 229 456 780 780 780 974 

250 923 
425 594 
736 937 937 
954 
428 557 898 898 
932 954 
861 
873 

351 954 
199 199 571 
270 753 
301 301 
421 571 1006 1006 1009 1009 
161 277 348 541 541 954 
181 831 
734 938 
959 
102 102 102 
151 407 
86 847 

82 193 235 497 501 699 847 847 847 886 886 939 939 

399 455 455 549 

71 144 285 407 448 
434 
309 309 323 603 603 814 814 
63 112 112 112 252 360 376 642 856 
82 82 979 

494 494 954 
277 277 375 
582 582 954 
646 
139 541 
119 123 123 204 229 277 289 303 472 472 472 514 533 533 647 715 758 758 903 903 903 925 
224 


36 82 355 355 635 
5 328 580 
123 171 171 171 435 525 792 
593 645 645 645 975 999 
509 509 
107 107 168 168 168 588 588 588 723 954 957 957 
82 267 593 699 

471 780 780 
10 432 764 780 780 832 832 943 
238 238 238 660 754 864 913 
428 428 486 

23 23 
376 
140 831 831 
2 387 796 994 994 
277 277 375 461 
420 
116 116 116 328 328 814 
954 
402 402 434 506 506 506 
674 
47 47 277 277 738 738 872 

326 328 531 531 531 915 
841 841 841 954 
147 886 886 
76 118 118 118 548 958 
223 539 
218 218 229 405 581 581 794 794 954 
67 67 219 219 277 887 887 887 
491 954 
135 135 
789 
418 418 574 684 

623 
162 242 242 242 303 
494 494 954 954 
277 277 
247 
327 
82 436 436 449 728 954 
615 723 723 
621 
470 470 803 803 803 825 825 825 
374 374 683 683 865 954 954 
611 
29 588 845 
487 487 
365 434 820 939 
196 196 403 767 853 853 853 954 
197 197 250 256 735 735 735 735 
56 437 595 
377 

195 539 
163 417 
23 848 
388 388 388 924 924 
230 632 
32 1000 
20 20 32 36 36 36 67 67 73 73 77 77 85 85 113 113 115 115 123 162 196 277 278 281 366 368 377 398 405 407 407 407 415 427 427 427 445 446 446 461 461 534 534 544 578 603 603 603 614 614 632 669 691 726 726 726 730 747 752 776 776 780 780 780 796 819 819 864 864 864 871 871 871 880 948 949 954 954 987 987 994 994 1013 
227 632 632 719 
8 300 554 
790 835 1004 1004 
115 901 901 901 
834 891 891 
147 
767 767 

116 116 176 176 176 309 309 545 922 941 

262 334 927 959 1002 1002 
79 420 
204 204 204 267 267 350 428 1009 1009 1009 

617 
313 502 502 
536 536 536 
207 519 
362 362 397 816 
847 979 1017 
5 125 219 954 

154 270 
393 393 522 616 616 616 
1011 
382 
219 
466 545 545 
791 1019 
371 502 502 836 836 905 

663 663 663 
240 363 366 366 440 563 624 660 660 799 1017 
5 5 384 384 
13 13 518 904 
703 898 
98 98 739 
82 82 82 172 242 242 535 718 860 
922 922 922 978 
277 277 
136 252 444 444 539 944 
583 
779 779 779 
302 954 
366 387 387 779 779 983 
666 666 668 668 
464 464 479 
22 50 72 94 94 139 158 158 162 183 183 189 189 197 206 206 229 269 269 283 283 298 324 339 346 348 375 375 381 383 383 411 419 419 419 419 423 439 449 453 459 459 475 475 475 485 529 533 533 541 558 570 603 739 739 872 872 876 876 903 903 941 957 960 988 988 988 
229 345 630 
376 
70 
229 759 759 

277 277 459 954 954 
954 
151 427 
954 
432 432 
96 785 921 
162 725 
491 892 
27 27 366 
368 954 

486 486 

469 802 972 
545 
277 498 

231 423 775 775 
137 137 804 804 804 
273 590 590 
162 204 
858 
100 388 474 742 742 
419 661 
326 366 388 
54 54 412 412 551 551 879 964 
153 153 238 238 
0 412 412 954 
352 352 
803 
245 414 502 502 
491 781 

49 379 1020 
819 874 

831 831 
322 503 503 620 781 
715 
320 660 
153 357 706 706 827 827 
277 558 664 664 903 
355 355 
191 307 346 366 366 366 366 
208 361 1006 1006 
61 61 167 185 185 191 331 531 580 580 686 686 
796 
35 35 35 334 879 
5 328 
548 548 616 721 721 
27 
240 330 366 366 366 831 959 
53 53 53 53 366 502 953 
53 53 421 502 502 835 936 936 
548 638 956 956 
634 634 
277 576 714 
112 684 
5 597 735 735 954 954 
5 844 853 

57 79 79 99 
278 
277 326 

139 277 523 616 
399 823 
242 715 755 
134 457 469 535 548 782 
95 95 95 95 311 311 922 
49 49 
529 842 993 
41 166 166 325 325 

323 
566 

154 800 
327 
248 248 450 450 450 502 502 615 731 731 731 788 
27 262 366 624 641 790 790 

217 558 
8 60 78 108 114 114 114 229 262 262 274 291 307 326 326 326 326 334 334 334 335 363 372 393 399 399 407 407 409 409 441 450 470 502 502 502 523 607 660 700 719 719 719 733 745 763 763 777 777 790 790 922 922 950 954 954 970 973 980 981 1017 1017 1022 

229 292 
402 937 

259 
366 817 817 933 963 
681 
213 213 544 801 954 
158 183 277 277 613 613 988 
154 180 279 
221 229 
879 
27 316 
709 
277 
255 
277 277 
263 263 396 
454 616 661 661 661 687 687 687 687 
722 
65 65 65 182 274 274 594 864 
226 226 226 305 307 426 568 568 924 
954 
395 395 395 400 893 
55 954 
106 406 517 527 
253 253 366 
780 780 
390 390 390 878 
17 384 767 
248 620 934 934 
229 690 690 871 871 
60 60 114 149 349 366 366 750 823 823 823 823 999 
390 642 665 665 778 778 
34 645 645 732 757 1013 
187 187 369 736 1023 
218 
991 
196 229 565 
392 
144 151 229 229 229 366 366 422 427 427 427 579 583 584 584 
455 455 
366 366 962 
94 94 660 660 660 919 953 953 977 977 
39 277 492 903 903 
308 308 310 310 660 
82 586 609 609 749 749 841 946 
313 489 489 506 682 954 997 
229 1007 
761 824 824 963 
30 224 
201 201 
84 277 277 277 277 306 543 
79 184 241 
138 336 689 689 
407 561 579 583 583 583 584 584 979 979 
277 300 
73 73 483 
126 
388 634 1002 
229 229 229 285 407 407 407 474 519 695 849 854 1012 
129 177 177 242 463 498 498 557 684 684 755 755 861 870 937 937 937 
35 
84 
843 
175 287 287 740 740 876 
652 954 954 
152 187 217 515 515 640 698 698 756 820 954 
168 786 995 995 
209 209 
220 
733 
20 277 570 
262 609 609 660 660 870 870 870 
366 679 679 679 

726 894 1018 
270 270 808 808 
229 747 817 
229 229 
463 463 463 709 
151 451 
209 277 
362 362 362 366 788 
448 780 1015 
530 954 
277 903 
107 385 
149 149 408 408 
123 
351 535 

277 277 283 957 957 

34 183 229 229 1011 1011 
85 85 546 
428 447 447 447 
276 276 
590 
257 
639 639 815 877 954 954 

296 351 726 726 810 921 
212 212 366 
174 
162 162 162 572 761 761 797 
11 94 507 881 
305 427 
277 277 277 806 914 923 

954 954 954 954 
25 
92 276 954 954 955 1010 1010 
502 981 
712 784 
76 76 958 958 
424 780 975 
950 
277 707 707 
177 294 294 
216 216 862 1006 
693 693 
414 414 726 
715 715 797 
198 290 314 518 518 954 997 997 
411 886 

157 157 205 205 
568 568 

40 147 857 
298 428 428 841 841 861 1010 

82 954 954 954 
147 
53 53 245 245 259 259 313 313 335 336 336 362 362 366 366 366 480 528 532 556 607 720 731 731 738 763 763 773 922 922 922 966 984 
320 320 

27 27 27 27 86 
187 187 187 414 851 851 928 939 
473 656 656 662 902 902 908 908 908 962 969 
662 662 
170 170 
797 797 821 821 

719 
82 954 954 
162 
434 434 756 756 961 
689 
392 
264 491 491 823 954 
247 427 
608 
660 
253 
348 366 
736 
168 
767 767 844 954 
392 
502 
277 354 
452 789 789 789 
5 191 191 191 328 710 710 938 
22 53 502 692 905 966 966 
162 162 277 277 637 637 637 637 
229 229 
267 351 457 
246 246 246 582 923 954 954 
628 
761 1003 1003 
195 223 270 808 

50 50 139 139 161 277 

419 713 
7 7 7 229 374 
238 257 257 297 562 562 941 978 
462 886 
954 
194 332 332 337 351 721 721 782 792 792 795 795 810 835 835 835 921 954 
149 714 714 
11 903 
308 308 
742 742 742 810 810 820 820 956 956 
8 
231 

62 502 
129 428 861 937 
82 277 324 365 939 939 
44 628 628 628 922 922 
676 676 
422 
545 545 
262 959 959 959 

405 877 877 
358 952 952 952 978 978 
876 876 944 
388 388 495 495 692 692 
5 121 719 931 983 
277 439 
135 138 954 
472 

201 684 
875 886 886 
339 929 
904 
229 
407 422 851 851 
167 328 328 
196 196 
159 159 536 587 587 587 950 950 954 
271 407 422 422 422 671 671 
26 407 407 422 422 979 

413 689 689 946 946 
582 582 582 877 942 954 972 
171 171 171 215 963 963 

302 302 465 


169 172 699 
126 387 640 
220 

341 735 
969 
120 120 
36 36 861 
103 103 103 801 801 805 
37 
32 153 153 229 229 229 277 702 
81 81 826 826 826 1006 
681 
903 
108 108 366 502 
520 680 759 
413 413 440 440 660 746 754 

214 866 880 
660 878 
375 375 753 988 
73 229 229 830 
210 362 
253 253 253 332 348 385 632 663 663 687 982 
244 

900 
320 397 
211 887 887 
632 951 951 
203 780 
262 363 959 
5 


537 559 559 559 937 
31 31 695 
85 85 278 690 

115 227 229 230 230 616 622 669 669 669 
711 821 
338 338 426 924 924 955 
102 166 

533 533 533 533 
337 679 679 
467 467 
434 594 954 
363 
154 400 
16 17 82 

169 169 169 401 401 732 1014 1014 
74 160 
162 847 847 
9 9 

836 836 
791 1019 
433 
840 840 840 
115 985 

507 507 978 978 

11 11 68 68 810 
953 
105 176 262 262 322 366 410 410 410 412 440 440 521 609 612 675 678 805 805 835 835 913 922 922 938 954 986 
306 385 385 385 705 837 861 861 861 899 899 
507 508 508 
261 261 261 616 616 676 982 982 1006 1006 1006 
324 324 834 834 
400 400 989 
275 275 964 964 
117 117 
275 275 
229 632 632 632 
880 
583 583 865 


87 188 
660 
560 560 663 

660 
441 441 441 638 638 831 
608 826 826 979 979 
373 605 722 
414 902 954 
213 213 865 
201 340 428 428 574 892 937 937 937 954 954 

328 328 
385 385 385 385 616 982 

421 421 516 586 586 946 946 956 
398 398 630 
229 706 
90 532 568 568 917 
488 488 
791 791 
427 629 780 780 780 
50 879 879 

434 434 871 
82 82 147 172 593 
366 
48 
603 
265 740 
954 
661 
323 323 691 871 
485 485 

380 447 920 
5 5 531 531 954 954 
633 
481 784 845 922 922 
543 
96 339 549 549 974 974 1001 1006 1006 
162 321 350 490 490 739 797 
1004 1004 
839 
267 860 
230 366 366 366 512 569 
91 502 773 
332 332 548 548 
386 681 
171 210 210 

18 18 289 954 
229 229 229 443 469 469 489 730 894 894 894 
902 
209 
922 922 922 
229 726 
362 362 362 502 502 
401 645 1013 1013 1014 1014 
366 438 954 954 
141 
219 219 219 219 341 341 597 973 
127 402 524 

122 122 189 189 502 846 966 
98 104 266 277 277 715 835 835 1001 
59 432 432 703 780 780 886 886 
1006 
305 305 552 552 552 

827 
366 
609 
229 445 
11 11 
413 413 841 
399 
37 829 829 829 829 829 
14 229 
136 613 
176 609 
350 428 428 771 771 934 
101 434 515 515 768 820 820 820 954 
401 
162 162 
281 281 608 
803 
416 472 472 538 
56 763 
366 366 502 502 762 
175 927 927 


5 5 218 236 236 396 526 526 844 853 931 931 931 954 
756 
780 780 
780 780 920 
755 755 
954 
48 502 720 
935 
300 300 
229 229 
108 366 366 
400 400 805 
272 272 272 274 274 
85 123 123 123 174 174 175 175 229 229 229 394 394 451 483 623 695 695 695 740 740 769 769 770 770 840 854 886 886 886 943 943 969 969 
314 320 
351 548 

481 712 
288 
66 435 
82 807 954 
362 450 
200 530 530 530 
232 363 363 366 366 
258 651 694 694 1019 1019 
168 548 548 

70 70 196 196 885 885 
548 548 1001 
182 229 329 
472 490 510 510 715 925 
1006 
262 
360 
374 601 601 954 
296 
13 13 212 212 212 312 760 825 
301 301 301 
601 660 660 778 852 878 893 893 
475 
787 814 
444 444 539 
906 906 1011 
68 68 75 469 548 552 552 658 868 868 956 


922 978 
153 153 185 807 
467 888 888 
248 
372 372 445 

229 229 317 866 866 
217 434 552 552 756 756 756 916 
510 510 633 966 
32 1022 
349 399 399 399 399 518 
416 416 
212 212 212 803 
55 55 604 604 604 680 680 1006 
323 323 744 
922 975 
751 751 751 751 751 
614 
140 181 181 319 319 334 679 911 959 959 959 
175 175 

234 664 664 
232 336 548 548 548 660 660 739 739 1001 
259 259 650 650 859 
107 661 
954 
74 74 717 
114 653 653 653 780 
192 192 192 413 498 498 749 946 946 954 
354 954 
431 
342 526 767 
215 712 943 
738 
145 147 147 147 249 647 647 1017 
225 1005 1005 
427 
966 966 
506 506 579 579 
805 945 
29 117 117 218 218 218 342 767 
427 780 
951 958 
154 
497 954 
304 903 
836 
267 718 
131 428 498 557 600 661 661 661 1010 1010 1010 
487 

176 229 229 229 387 
213 671 683 
611 819 819 
1008 
810 810 903 

61 61 428 440 440 440 
229 229 229 398 398 698 706 873 939 
189 277 277 
132 871 
317 
575 886 886 
72 277 277 432 567 567 
66 66 467 565 565 587 
395 612 805 
54 74 74 308 330 378 696 696 
79 79 229 611 670 996 
105 473 
105 
30 
30 30 
794 794 
27 39 39 85 85 114 147 147 193 193 492 546 575 575 740 740 780 780 780 875 875 
197 197 197 621 621 
815 815 
950 950 950 950 

234 234 
290 684 
390 805 805 
443 726 726 726 



129 129 265 
107 107 661 661 982 982 982 
619 
0 0 0 107 233 233 233 
94 507 507 682 727 908 
59 64 162 162 162 277 277 324 411 411 453 550 606 858 868 972 
108 264 577 
259 532 
809 809 
954 
507 507 507 902 

116 
831 
968 
176 660 
475 
191 
820 
692 

103 103 103 410 938 938 977 
709 770 
288 469 548 956 
21 21 21 238 268 268 268 352 366 366 502 502 502 559 559 660 660 712 712 729 729 729 813 828 927 927 927 978 978 
125 475 536 
226 226 388 634 634 
69 162 797 

240 764 764 922 922 922 968 968 
95 95 97 506 935 1006 1006 1009 1009 
576 
71 71 71 71 
119 119 569 767 767 767 
130 
372 963 
397 397 755 
774 928 985 1002 1002 1006 1008 
53 336 336 
37 127 127 369 428 428 428 557 628 684 684 684 977 977 977 
71 71 141 531 660 919 919 
82 147 147 217 506 558 558 871 

238 277 545 
587 
10 175 780 780 845 
270 567 976 976 976 976 
852 
413 586 586 689 689 841 841 

229 
229 1013 1013 1013 
366 484 582 582 889 889 889 889 
622 622 855 
120 566 566 566 
335 410 410 659 
5 5 14 16 16 30 37 40 52 61 61 80 128 130 134 139 157 159 171 186 192 196 198 205 205 209 213 213 218 229 229 250 273 283 283 284 286 292 310 341 341 366 366 374 389 391 414 433 433 434 452 467 467 477 477 477 477 479 479 491 500 500 500 513 513 518 526 536 536 547 548 571 582 587 640 660 682 684 684 704 710 710 725 733 733 756 767 772 787 801 838 841 842 857 907 997 1006 1023 
479 634 
337 337 552 552 689 810 921 
171 171 277 459 459 
76 194 482 482 855 
142 240 334 563 563 563 624 831 831 831 
277 
515 
95 409 507 
18 100 372 416 588 588 933 
308 666 666 

502 532 532 738 821 850 850 

912 927 927 
507 598 780 780 
366 
25 
296 587 903 
366 735 
96 123 714 714 
169 483 828 
944 944 944 944 
410 410 919 937 937 937 1023 
268 545 566 566 656 656 813 922 922 
155 249 422 422 584 680 680 
114 114 366 
366 480 
616 663 663 687 899 899 899 
274 569 
502 
115 654 935 
660 
118 229 229 
277 277 277 375 613 
665 

404 

354 1007 
182 182 229 229 
435 435 
880 
414 491 491 954 
32 32 
82 169 399 
228 
714 739 795 835 
1 1 240 240 426 935 935 1006 1006 1008 
44 538 538 
232 232 716 716 
110 848 848 
83 138 138 327 327 487 604 663 663 663 714 714 741 798 826 928 928 935 954 1002 1002 
415 993 
867 935 1002 
138 138 242 242 242 928 928 
93 479 479 498 861 861 861 
77 77 254 461 461 809 
427 
229 401 732 732 949 949 949 
645 645 732 732 
451 

249 262 366 366 847 
443 
36 258 651 791 791 
316 
109 109 
98 366 822 
402 954 977 
