nodes: 1024 edges: 1904
107 
648 648 
182 
415 954 
20 
250 328 328 331 341 342 384 569 625 686 686 710 767 767 954 992 992 
759 
698 
229 229 553 789 789 789 
648 
175 943 943 
74 74 473 658 748 

264 264 264 803 803 
452 954 
147 458 

19 155 643 643 
588 725 725 
17 
4 229 439 439 439 
968 
277 532 532 
120 225 225 308 879 1005 


422 
291 291 291 333 363 379 
423 
56 
591 636 883 883 883 954 

603 998 
77 77 77 686 
401 
330 429 429 429 879 
166 166 229 229 600 600 1019 
602 602 937 954 

411 492 492 814 886 886 
133 
82 82 82 

147 497 939 
845 

176 754 

701 773 
353 353 
277 541 541 
998 

335 336 502 532 936 
308 
391 826 954 954 
29 

985 985 
740 903 903 
399 399 
328 698 870 954 
556 1014 

93 93 229 277 903 
387 407 
435 786 786 877 
197 229 229 
382 382 658 658 790 
925 
280 
448 477 930 930 930 938 938 

79 229 424 424 811 
11 11 120 564 564 646 879 879 

482 
33 33 33 1011 
229 366 
73 344 420 420 866 880 880 880 
954 954 
604 
41 41 41 147 147 155 166 343 355 413 500 513 643 728 728 787 939 954 
741 1006 
419 430 529 529 
113 123 123 229 462 630 780 863 886 886 
145 505 505 1017 


988 
692 

271 479 
64 64 
277 410 473 902 
352 560 928 928 962 1006 
714 714 974 
928 928 
266 1022 
344 
318 963 
756 
143 480 480 635 635 
561 601 919 919 919 919 

660 660 881 882 986 
392 748 748 
0 310 310 661 661 837 954 954 
366 607 607 
1021 
1005 1005 

154 154 154 340 340 340 
85 162 229 229 
324 363 396 396 399 399 944 980 980 980 
229 233 632 632 654 654 654 985 
153 185 185 185 910 
853 853 
194 194 
739 
23 74 599 952 

738 
85 85 162 162 229 435 435 456 456 456 525 780 780 780 974 974 974 995 
367 
250 250 923 
425 594 594 
402 546 736 954 
954 
428 557 
578 954 
861 861 861 
547 
40 
351 954 954 

270 
301 301 
421 571 
324 348 348 348 541 
624 624 624 
660 660 883 938 

102 
151 
86 

15 43 82 82 193 193 497 699 699 699 737 886 954 954 
769 
260 399 455 455 480 480 480 
509 826 
144 202 407 
434 
116 309 323 323 357 357 603 814 814 910 
112 112 112 252 376 642 
17 82 769 769 979 
989 
205 494 494 
277 697 
582 954 
646 

113 123 123 229 229 277 277 289 303 321 321 321 439 514 514 533 647 715 739 758 903 903 925 
582 582 
165 673 
164 
36 36 82 635 635 
328 403 580 
171 435 435 525 792 792 792 
645 975 975 975 999 
509 509 799 
168 210 588 588 723 954 957 957 
267 576 860 915 

471 585 702 702 
10 347 432 432 432 432 764 764 769 780 780 807 807 832 943 969 
46 238 511 
428 486 696 
273 954 
308 
376 
911 911 
2 229 229 329 796 
277 277 375 461 
420 420 478 
116 116 116 814 814 814 
516 
402 402 402 402 434 434 

277 846 903 903 
966 966 
328 
841 841 
147 147 233 886 886 886 
118 118 548 855 958 
223 
199 218 229 794 794 794 885 954 
67 219 277 
491 491 954 
196 203 571 

340 418 418 418 574 
151 407 
199 963 
242 242 303 384 
157 494 494 


327 327 361 714 714 
728 728 954 
171 615 

803 803 803 912 
314 374 683 865 
611 880 
588 588 845 
487 
434 939 
196 403 767 853 954 
197 735 735 887 
437 651 
461 
335 
195 
417 
23 23 
388 
230 
897 1000 1000 
8 8 20 36 36 64 67 67 73 78 85 113 113 115 123 162 162 182 182 196 277 277 277 278 323 323 323 345 358 358 366 366 368 405 407 407 415 427 427 427 443 445 461 461 464 476 534 534 544 565 565 603 632 632 669 669 690 691 719 719 719 726 726 752 766 775 776 780 780 780 781 818 819 864 864 864 871 871 880 880 880 891 954 954 987 987 994 1011 1011 1013 1013 
227 392 632 632 632 632 719 
300 
790 790 1004 
115 193 632 901 901 901 
441 631 891 


966 
176 545 922 922 922 
837 
262 305 334 334 334 334 927 927 1002 1002 1002 
420 420 420 
204 204 267 350 350 350 428 1009 
583 
617 
313 502 502 

596 
362 362 362 397 397 984 
847 847 979 979 
5 125 125 621 887 954 954 

154 270 270 539 539 
366 616 616 
677 677 1011 
382 
887 947 
545 
1019 1019 
371 371 502 502 836 905 905 905 966 
149 419 
366 616 663 663 
240 363 412 412 440 624 624 660 799 959 1017 
384 
13 13 13 904 904 
898 
98 739 
172 242 860 860 
922 922 978 
277 277 
136 252 252 444 444 856 856 856 
92 407 583 583 
779 
178 302 926 954 
366 
668 668 
464 559 
22 50 64 94 158 162 162 183 183 189 197 229 229 229 269 269 283 298 324 339 339 346 346 375 411 419 419 419 439 439 449 485 529 529 533 541 558 603 603 603 666 697 739 739 855 858 874 874 876 903 988 988 
229 630 630 
376 722 
70 301 301 725 804 
759 

277 459 459 954 
954 954 
374 374 427 
547 547 547 
432 
921 921 
162 725 725 
314 314 491 892 892 892 
27 27 27 366 936 
368 368 954 
362 
469 486 
821 
802 923 

277 
420 
231 366 775 
137 137 280 280 804 892 
273 590 590 590 
162 204 
858 858 858 
240 742 742 742 954 
661 661 
326 366 366 366 889 
23 54 179 412 412 551 666 879 879 964 
153 814 
107 107 317 317 412 412 454 456 954 954 
352 352 922 922 
760 
245 502 
213 290 290 491 781 
1008 
379 379 379 903 
310 310 819 874 874 874 874 
100 
831 831 831 
322 503 503 781 
162 162 162 715 
320 
153 153 229 229 229 603 603 706 706 827 827 864 
114 139 277 664 903 
355 355 355 
307 
208 208 361 714 868 1006 1006 
5 5 61 167 191 331 531 580 580 686 686 
182 796 796 
35 334 879 879 
5 328 
548 548 548 616 616 721 721 
27 
240 240 240 240 330 366 366 831 959 
53 222 366 502 502 
53 502 
548 956 956 
924 
277 277 714 714 714 
112 112 112 201 418 684 684 
5 597 701 735 735 992 
5 844 853 
82 881 
79 99 779 
229 
277 277 
175 
139 139 139 
399 399 
242 242 242 755 
134 469 469 469 548 548 782 
95 311 311 922 922 
49 49 
361 842 993 
82 325 325 325 728 946 946 946 

153 153 
229 229 
528 528 
800 800 
208 327 354 
248 248 248 293 450 450 615 615 788 788 984 
27 114 262 366 366 624 790 
586 586 
558 558 558 
78 108 229 229 253 261 274 291 300 307 307 307 334 334 335 363 363 372 372 393 399 399 399 407 407 407 441 441 450 470 502 502 523 660 660 700 719 733 745 790 790 922 922 922 950 950 954 976 981 1017 1017 1022 1022 
124 
229 292 292 
1023 

259 259 490 
366 366 523 817 817 933 963 
954 
213 285 285 544 801 
183 277 613 
154 180 279 

1009 1009 
27 316 316 316 
428 

68 68 255 810 

5 204 263 396 396 396 767 767 853 
454 616 661 661 687 
722 
65 
226 426 924 1002 
404 
400 778 893 893 
55 
106 230 406 439 517 
366 
780 780 
878 
114 114 384 384 384 767 
248 248 934 
690 706 871 871 
60 60 114 114 149 349 349 366 366 366 518 650 750 889 981 981 981 981 999 999 
390 642 665 665 778 
34 645 732 732 732 949 1013 1014 1014 
127 187 187 187 187 736 1023 1023 
167 218 
389 603 603 
229 565 869 
392 580 580 
65 151 202 229 229 271 366 366 366 422 422 427 427 561 579 579 579 583 583 584 
886 
962 
94 660 660 953 953 953 977 
39 277 492 492 492 903 
262 262 308 308 310 310 660 660 660 
82 586 609 609 609 749 841 841 841 946 
489 954 954 997 
3 229 504 504 1007 
761 761 761 824 824 
224 
201 201 201 340 
84 260 277 277 277 543 
79 79 184 184 241 241 241 299 573 
138 689 
26 407 407 550 561 579 583 583 979 
28 
73 73 882 882 882 
126 
388 634 1002 
229 229 229 285 407 407 474 671 695 695 695 849 854 975 975 975 1012 
129 177 242 380 431 463 498 498 557 557 557 684 684 684 709 755 755 843 861 861 870 937 937 937 
35 35 35 
84 
428 843 
175 175 175 175 287 740 740 740 780 780 876 880 880 880 
954 
152 187 187 217 515 515 640 640 698 698 768 768 768 820 820 820 939 954 
66 123 123 168 168 877 877 877 

220 
733 
20 20 20 162 277 277 392 570 570 570 570 570 802 855 
262 563 609 660 660 870 870 870 
234 366 366 679 679 
565 
229 726 894 894 
270 270 808 808 808 
229 817 

709 709 763 
71 451 
277 
362 362 366 788 
448 1015 
14 530 
550 550 903 
310 385 
149 149 
123 123 123 310 

15 
283 283 
780 780 
183 221 229 229 1011 1011 
85 546 
428 
229 276 
590 

815 877 877 888 987 
475 
294 351 351 351 726 726 810 810 810 
366 
174 
572 761 925 
11 94 881 881 
427 
468 679 802 806 914 914 
229 
71 954 
184 585 971 971 
92 954 1010 
102 102 149 149 149 

76 
975 
818 
277 707 
177 294 
216 1006 
693 693 
414 726 726 
371 715 748 748 
198 198 290 314 518 997 997 
39 39 411 411 411 954 954 960 
663 663 663 
157 157 205 205 

563 959 
43 147 857 857 940 
428 428 841 861 861 861 1010 1010 
789 954 
82 954 954 

53 245 245 259 259 313 335 335 336 366 366 532 532 532 607 674 731 738 763 773 800 800 836 859 922 922 922 966 
320 320 878 
415 415 
86 86 
928 
662 902 908 908 908 
662 662 
150 170 170 
797 797 821 821 
176 660 660 

82 954 954 954 
162 162 544 544 544 
434 434 756 756 
186 689 
392 527 
399 491 
854 
608 759 759 
660 
555 555 
366 372 817 817 817 
736 
123 168 
844 954 
517 
359 359 
84 84 277 277 
452 789 954 
328 710 938 
22 22 53 502 502 502 905 953 966 
162 277 637 637 715 715 715 
229 229 

954 

1003 1003 
252 252 

50 50 139 277 
926 
419 713 
229 374 514 514 514 719 775 998 
238 257 562 562 596 922 941 941 978 978 
127 462 886 886 
132 286 286 286 954 
194 332 332 332 337 351 351 719 721 721 792 792 810 810 835 835 954 
786 861 1006 
422 453 453 
308 879 
742 742 742 810 820 820 956 
8 

522 522 
62 
129 428 428 428 640 861 937 
277 365 365 365 939 
276 628 628 712 922 
95 
103 407 422 
545 545 
440 496 959 
74 74 
229 229 405 442 877 877 
978 

692 
5 767 983 983 
439 439 439 439 439 957 
138 199 954 
472 
420 707 
201 937 

172 860 929 

130 
407 407 407 422 
167 328 328 406 406 

159 163 163 950 950 954 
243 271 271 407 407 422 422 671 
407 979 
174 478 702 702 
364 364 413 946 946 
877 942 942 954 972 972 
18 171 171 215 215 963 963 963 963 
954 
302 302 302 465 926 
30 
810 810 

126 126 640 

247 545 922 
341 

120 
36 36 861 861 861 871 
103 801 805 954 
37 37 954 
32 153 229 277 277 277 323 323 404 404 702 
81 826 
681 681 
903 903 
108 108 502 
520 759 
413 413 413 440 746 
820 
214 866 880 
660 878 878 878 
375 988 
994 
210 362 362 
253 253 261 332 332 385 632 632 663 663 982 
244 



250 887 


140 140 140 262 262 363 
5 954 
810 

559 559 862 862 862 862 937 

85 278 278 690 
234 
115 115 229 229 230 230 230 230 233 616 616 669 669 669 
821 821 821 
426 
102 102 166 166 
30 
533 533 

888 895 
434 434 557 594 833 833 954 

154 400 
17 17 82 

169 401 732 732 732 1014 
74 160 717 887 
162 847 965 
1 1 9 1002 
736 
399 836 836 
220 694 694 791 791 

780 886 
115 115 115 

912 978 

11 68 68 
953 953 953 
105 105 141 141 262 366 366 410 410 412 412 412 440 440 511 511 521 612 675 805 835 835 835 878 922 922 922 938 986 
107 107 306 306 385 385 705 837 861 861 861 899 899 899 
507 508 508 
261 261 493 493 493 616 616 982 1006 1006 
324 834 834 834 
400 400 
277 308 964 
1006 1006 
275 275 
229 229 632 632 632 
880 880 
427 583 865 
1000 
164 791 
502 990 
660 

254 254 
954 
441 441 475 831 
979 
605 605 954 
889 
213 865 
340 340 428 428 428 755 892 937 937 937 954 954 
836 
5 5 33 328 328 
385 

421 516 946 
229 398 630 
229 706 706 999 
90 568 
488 488 814 814 814 814 
651 651 791 791 
427 427 427 780 780 780 812 
177 
158 277 
7 61 434 434 871 988 
147 147 147 
366 950 950 
48 341 
174 174 585 585 603 
808 
954 
661 
323 323 398 691 691 871 871 
485 573 

428 447 447 920 
5 531 954 

559 922 922 
543 
96 96 208 208 327 339 339 339 974 974 1001 1001 1006 1006 
162 321 490 533 533 533 797 
1004 1004 1004 
646 839 839 

229 229 229 230 366 544 548 1016 
773 
332 332 548 548 838 838 954 
279 386 
171 

18 18 280 289 289 954 
229 229 443 469 469 489 489 

82 82 209 209 355 


502 
401 401 401 645 645 645 
366 438 954 

219 219 341 341 973 
127 402 524 649 
147 
122 502 
119 162 266 277 277 835 835 835 
59 432 432 432 780 
83 
305 305 305 552 552 552 
816 
827 
366 
609 

11 106 106 490 490 
413 841 
399 
829 829 
229 
988 988 
46 
350 428 428 684 771 934 
101 515 515 768 768 

162 
6 281 520 520 608 
312 803 
416 416 416 472 

447 502 
175 175 927 

229 
5 5 218 384 384 396 569 853 931 954 954 992 992 
434 434 434 756 756 
148 155 155 175 780 
920 920 920 
755 
794 
48 502 720 

229 300 544 
229 880 

390 400 805 
272 344 
85 123 123 123 175 175 229 229 229 394 394 432 432 460 460 653 695 695 695 740 769 886 886 886 943 967 969 
229 314 320 845 
351 
860 


66 66 549 842 842 890 890 
82 807 954 
362 362 450 
8 8 8 499 530 
68 232 232 363 366 366 
651 651 673 694 694 
168 168 168 548 548 
897 
196 196 196 772 885 
1001 
182 329 329 
510 510 715 
1006 
170 262 1017 1017 
360 360 502 502 936 
374 601 
296 439 475 
13 13 212 212 212 760 825 
280 301 
601 660 778 878 893 954 954 954 
475 810 
175 175 787 
444 444 444 703 
1011 
382 469 469 469 548 548 552 592 592 626 806 868 868 956 956 
73 
695 
978 
39 153 153 185 185 185 309 693 693 693 693 
467 
743 
372 372 445 523 523 523 
229 484 
229 317 866 
434 434 434 552 552 610 
295 510 510 633 633 633 966 
1022 1022 1022 

416 416 
803 
55 150 604 1006 1006 
323 323 744 
922 922 978 
751 751 954 954 

319 319 319 334 679 911 911 959 
175 
640 640 
664 664 664 
548 548 660 660 660 739 739 739 1001 
259 502 650 650 685 859 859 
107 239 661 
721 721 952 954 
717 717 

192 192 413 413 413 498 749 946 946 946 954 
354 786 786 954 
428 431 
342 526 
44 215 781 943 943 943 
189 
249 249 647 

427 
966 

945 
117 117 218 342 384 767 
427 519 
194 277 439 
270 270 270 
497 497 954 954 954 
277 304 304 304 903 
502 836 836 
172 267 267 576 783 991 
131 131 131 428 428 498 498 498 549 557 600 600 600 661 661 661 1010 
628 628 628 628 
85 
229 229 229 323 
213 671 683 
79 611 819 
935 
327 810 810 
405 
61 428 440 440 440 
229 229 398 398 600 698 706 706 

941 
277 277 317 317 317 317 900 
886 886 
277 432 
66 435 435 435 467 467 565 565 587 
395 503 612 612 612 660 805 
23 35 74 74 308 308 330 330 551 1005 1005 
79 79 79 214 229 229 229 432 432 432 611 670 670 776 996 996 
105 343 473 473 
105 424 424 424 954 
30 30 30 141 

196 794 
39 39 85 85 147 193 193 193 408 546 546 653 780 780 780 875 875 
219 250 256 621 646 
467 639 
307 399 682 950 950 
786 786 
229 234 
290 290 290 301 684 955 
390 390 805 
443 443 
639 

228 793 
265 
661 661 661 982 982 982 
874 
233 233 233 
94 507 908 
59 59 64 162 162 189 189 277 316 324 411 453 606 606 858 972 972 
264 264 
259 259 259 532 966 

954 
507 507 507 902 

116 153 
181 181 831 831 
212 656 

475 475 
172 



103 103 103 103 938 
709 770 770 770 
288 288 956 
238 238 238 268 268 311 311 352 352 366 366 366 502 502 502 545 559 596 660 660 660 712 712 828 828 927 927 927 978 978 
125 296 
338 388 
69 162 472 
273 542 590 
240 240 764 922 922 922 968 968 
95 95 97 97 506 935 935 935 1006 1006 1009 1009 1009 
576 
71 71 71 
767 

372 963 
397 755 
867 928 928 928 1002 1002 1008 
53 291 800 
37 428 428 428 557 574 628 684 684 684 954 
71 71 141 531 660 919 
43 82 217 434 558 
497 954 
545 545 873 
587 587 
10 10 175 780 845 845 845 
114 976 
852 
355 355 355 413 586 586 689 841 841 841 
256 

401 1013 1013 
366 366 582 582 700 700 889 889 

120 838 954 
410 410 410 532 659 659 659 1016 1016 1016 1016 
3 5 14 30 37 55 55 61 80 80 82 107 107 127 128 130 134 134 147 147 159 171 178 196 198 209 218 229 229 250 250 273 283 284 284 292 305 310 310 366 373 414 414 433 434 477 479 492 492 499 500 500 513 513 513 526 530 536 547 548 571 582 587 589 601 602 625 640 678 681 684 684 704 710 721 725 733 767 767 787 805 805 805 829 829 838 841 842 857 857 857 882 907 937 940 952 997 1002 1006 1007 
892 
337 337 552 810 810 921 
171 171 570 
194 
262 334 496 563 831 
492 

95 409 
100 203 372 588 588 588 588 933 
308 666 
647 
190 190 237 259 502 532 821 850 905 
780 
21 927 927 
175 780 

478 478 
587 587 903 903 
735 
96 123 123 123 714 714 
169 169 169 427 427 427 483 
366 944 980 
410 1023 1023 
268 545 545 566 656 813 828 922 922 
155 249 249 422 584 680 
114 114 114 976 
366 399 399 399 399 
616 663 899 899 899 
569 569 
248 362 
58 58 115 
105 660 
229 229 467 
89 277 277 613 698 753 753 
156 
674 
860 
5 5 341 767 767 
354 
229 614 
123 
880 880 
414 491 491 954 
32 51 544 
169 399 399 691 
228 228 672 
714 714 795 835 
240 240 240 388 426 648 935 935 954 1006 1006 1006 1008 
538 538 
232 716 716 716 
23 110 110 879 879 
83 95 327 327 487 549 663 663 667 667 714 714 798 826 826 928 928 954 1002 1002 1002 
415 954 
315 935 1002 
242 378 378 928 928 928 
479 498 498 861 
77 229 229 254 461 461 809 
427 
229 229 401 949 949 
62 401 401 645 
451 
719 953 953 953 953 
86 262 366 366 799 799 

36 258 258 

109 
98 366 366 822 822 822 
369 402 402 977 977 
