nodes: 1024 edges: 1912
901 
648 648 664 
182 182 

20 20 212 212 
250 263 328 328 331 342 342 384 531 569 625 686 686 710 

61 544 544 544 698 
231 300 789 789 
648 1002 
175 943 
74 658 658 658 
82 82 82 
264 803 825 825 
452 954 
147 

155 155 353 
963 
728 
4 4 229 229 439 439 439 
436 436 922 968 
532 
179 179 179 225 225 308 879 1005 1005 

478 

291 291 333 505 505 858 886 
423 463 463 
56 56 215 
417 417 883 884 954 
351 548 629 629 
229 229 746 822 
686 686 

330 330 879 
166 166 229 229 229 600 600 1019 1019 
602 602 751 937 937 937 954 

492 886 
133 497 985 

277 876 941 941 
147 147 497 
559 845 845 
650 
754 
189 189 
773 773 
353 903 
277 541 541 541 555 696 


336 336 502 532 936 
308 879 
391 391 391 
29 29 220 651 
344 344 
99 
740 740 903 
366 
7 328 328 870 870 870 870 
1014 

93 229 277 903 

281 435 435 877 877 890 

382 658 658 790 810 810 
925 925 
589 794 794 885 885 
151 151 930 
876 
229 229 424 424 424 614 644 811 
11 120 160 564 646 839 879 879 954 
810 
194 194 482 
686 686 
366 
111 344 611 611 866 866 880 880 880 

604 
12 12 12 147 147 155 155 197 197 267 355 513 513 513 728 939 954 954 999 
741 1006 
419 419 430 430 529 
113 123 229 229 229 462 630 780 863 886 886 
145 145 505 
674 674 

427 427 427 988 
532 692 
712 720 
271 271 479 
64 1010 1010 
277 277 410 410 410 410 902 902 
352 928 928 928 962 962 
974 974 974 

119 
58 
963 963 
434 434 434 756 768 
143 143 
561 836 919 919 919 
162 
734 734 734 881 882 882 882 986 
392 
171 310 310 454 661 661 711 837 837 954 954 
366 366 458 652 904 
544 1021 
1005 
79 
154 
85 229 229 
366 366 396 476 745 745 886 944 980 980 
229 229 632 632 632 
153 153 185 
667 667 667 667 853 
952 987 
98 931 
74 599 599 952 
569 569 
738 738 
85 162 162 162 162 168 435 456 456 525 780 780 974 974 
367 
250 923 
425 425 425 594 594 640 833 
402 937 937 937 937 

428 428 557 
578 932 954 954 
861 861 
515 547 547 873 998 
40 497 
954 954 954 
571 571 
270 270 753 
594 684 
571 1006 1006 1009 1009 
324 324 348 954 
181 181 624 624 
734 883 938 938 938 938 
959 
102 102 
151 407 
86 86 

15 43 43 82 82 193 497 699 737 847 886 886 939 954 954 
769 
260 399 455 455 480 480 
509 560 826 826 
71 71 144 202 202 285 285 
434 
116 116 309 323 323 357 357 
112 360 360 376 376 617 856 
17 17 82 82 769 769 769 769 

494 954 
277 697 954 
954 
74 646 646 

104 123 123 123 123 204 204 229 289 303 439 439 472 637 647 739 903 903 925 965 
582 

673 
36 36 256 256 
328 328 
123 171 171 171 171 525 792 

509 799 799 799 
107 168 168 168 168 210 588 723 954 954 954 957 957 
593 860 915 
339 701 

10 347 432 432 769 780 780 780 832 832 943 
238 238 511 913 
524 696 
273 273 954 
23 23 23 308 
376 
140 140 831 
2 2 796 994 
277 461 461 858 858 

116 328 328 
516 
402 402 434 506 506 
411 674 674 
47 47 277 277 903 
966 
328 328 328 
391 391 841 841 841 954 
147 233 886 
76 76 958 
978 
199 199 218 229 954 
82 82 219 219 219 219 219 355 541 541 541 
491 857 954 954 
196 196 

340 418 684 
151 151 407 407 
216 
162 162 242 242 384 384 
494 494 954 

247 247 
714 714 
436 436 728 954 
171 723 723 
621 
4 4 470 803 825 912 
374 683 
880 
29 845 
203 
365 365 434 434 820 939 
196 853 853 954 
197 197 197 197 197 735 735 
56 437 437 595 
377 
335 
539 
417 417 417 
23 23 848 
388 388 388 924 
230 230 632 
1000 1000 
20 20 32 32 36 36 36 64 73 73 85 85 85 113 113 115 115 162 196 241 323 366 368 407 407 427 427 442 446 461 461 476 476 485 534 534 544 544 565 565 578 578 603 632 632 655 655 669 669 681 691 726 730 765 775 776 780 780 780 819 864 871 880 880 880 886 948 949 954 987 994 1018 1018 
227 227 392 392 632 632 719 
8 300 554 554 
790 790 790 1004 
193 632 
631 834 834 834 891 891 966 

767 767 
966 
176 176 309 309 660 814 922 941 941 
837 954 
262 305 334 334 334 927 959 1002 1002 
229 343 420 
204 204 267 267 350 350 428 1009 
583 583 
617 617 
313 502 502 
536 
207 207 596 
397 397 397 816 
847 847 909 909 979 
5 125 621 887 887 
343 343 
376 376 539 

677 1011 
382 
166 166 887 947 
466 
1019 1019 
502 532 532 836 905 
149 419 
663 663 
240 363 363 363 366 366 440 440 563 660 660 705 799 
5 384 384 641 641 
13 904 904 
703 

82 242 242 718 718 783 860 
978 
277 
136 136 444 444 444 539 
92 92 583 583 
779 779 779 
178 178 302 542 542 926 954 
366 387 387 387 779 
666 668 668 
464 464 479 
42 50 64 94 94 158 183 189 189 269 283 283 283 298 324 339 346 375 383 383 419 419 439 439 449 459 475 475 485 603 619 666 697 697 707 739 739 855 858 872 876 876 903 903 954 954 957 960 988 988 988 1016 
630 630 
722 
301 804 804 
66 467 759 
876 
277 277 277 
954 954 
151 151 
954 954 
432 673 673 673 
921 
162 594 725 
314 314 491 491 
27 27 366 
368 368 
362 
469 469 
676 
469 
545 
277 
420 
8 231 366 423 423 423 423 775 775 775 
280 804 
273 
162 
858 858 858 
240 388 742 742 742 954 
385 661 661 
889 
23 54 179 412 551 551 551 666 879 964 
153 238 238 814 
107 107 412 412 456 456 954 954 
352 
803 
245 
290 290 491 781 781 781 781 
1008 1008 
379 903 1020 
874 

831 831 831 
322 476 503 503 620 781 781 
715 715 
320 660 
153 153 229 357 603 603 655 827 
139 139 277 558 558 664 903 

366 
337 361 361 714 868 1006 
5 5 61 61 167 167 185 185 191 191 191 531 580 580 686 
796 
35 35 334 879 
5 
548 548 616 721 721 
27 
240 240 240 330 831 959 
222 
53 53 421 421 502 502 800 835 936 936 
327 548 548 638 638 638 
634 924 1002 
173 277 714 714 739 
201 684 
954 954 
5 5 844 844 853 853 
241 251 251 
57 57 79 

277 
175 
139 616 
399 
242 242 755 
31 457 469 548 629 629 782 
95 311 922 922 
17 49 
529 842 842 
82 197 728 946 946 

153 153 323 

528 
154 154 800 
327 327 
293 437 502 615 788 984 
262 262 262 366 366 624 624 641 641 790 

217 217 558 
60 78 108 108 114 114 229 262 262 274 291 300 326 363 363 393 399 399 407 407 409 441 450 470 502 502 502 510 700 745 763 777 777 790 922 922 950 950 954 963 970 970 980 1017 1022 
124 954 
229 292 292 
1023 
954 954 
490 
933 933 
681 954 954 954 
213 544 544 544 544 801 954 
277 
154 154 180 252 252 
221 
879 879 1009 1009 1009 
316 
428 428 803 

68 255 810 
277 277 
5 204 204 263 263 767 767 
306 454 616 

274 274 274 612 864 
226 226 226 305 426 1002 
404 404 954 
395 395 778 893 893 
55 55 55 192 192 
106 230 230 406 439 439 527 
366 
451 451 780 861 
390 390 
114 
248 248 248 620 934 934 934 
690 871 871 
149 349 366 366 518 650 823 889 981 999 
766 778 
645 757 757 949 949 
127 187 187 1023 
737 
389 389 991 
565 565 
392 527 580 580 
144 202 202 229 229 366 366 422 427 561 579 579 583 584 584 671 
455 455 
366 962 962 
94 94 94 94 660 953 953 953 
188 492 903 903 990 
308 310 310 660 660 
609 946 946 
489 682 954 
504 1007 1007 
761 
30 30 224 224 224 
201 
84 84 260 277 277 543 543 988 
241 299 573 
336 336 689 689 689 
407 550 561 579 583 583 584 584 979 979 979 
28 300 300 300 300 
73 73 73 
126 126 126 
388 1002 1002 
89 89 89 229 229 407 474 519 583 849 854 
129 129 242 380 380 463 498 498 684 684 709 755 755 843 843 843 861 861 861 870 937 937 937 

84 84 
843 843 
175 175 287 876 880 880 
652 652 954 
101 101 101 152 187 217 217 515 640 756 756 820 954 954 
66 66 123 786 877 
21 21 209 209 922 
220 220 362 
733 
20 20 20 162 162 277 277 392 392 570 570 570 855 855 
262 262 563 660 660 870 870 
366 657 679 679 
229 
726 894 
270 270 270 
817 817 817 
229 
463 463 502 763 763 
451 451 
277 
366 816 
394 394 448 448 1015 
14 
550 903 
107 385 
149 149 408 408 
123 123 310 310 
351 
108 
277 957 957 957 
780 780 780 
183 183 229 229 1011 1011 
85 546 
28 28 428 447 447 
276 276 
590 590 
257 
281 877 888 888 954 980 

294 294 296 351 726 726 806 810 810 
212 366 912 
780 780 899 
162 572 735 761 761 797 797 925 
881 881 
427 975 
277 277 802 923 923 923 923 
114 229 229 320 

25 971 
92 276 491 491 955 1010 1010 
149 149 502 981 
712 
76 958 958 


229 277 
498 
714 862 862 1006 1006 1006 
693 693 693 756 
414 726 726 
371 715 748 748 748 797 797 1020 
198 290 290 314 479 479 997 997 997 997 
39 411 954 954 
663 663 
157 205 205 
568 978 
563 
40 43 133 147 857 940 954 
428 428 486 841 841 861 947 
789 
954 954 

53 245 245 259 336 336 362 366 366 366 447 480 532 607 607 659 659 674 738 762 763 922 922 922 953 966 966 966 
320 320 
415 
27 27 86 
187 187 851 928 
656 902 962 969 
662 
150 170 
366 797 797 821 821 
176 660 660 793 

82 82 82 954 954 
544 544 
132 434 756 961 
186 689 
527 527 
399 553 823 
427 
608 


981 
177 618 
123 168 
764 954 
392 406 517 517 
359 
84 354 954 954 

5 328 938 
22 53 90 259 259 502 692 692 692 905 907 953 966 966 966 966 
637 637 715 715 
229 229 918 

246 923 

1003 1003 
223 252 270 808 808 

50 50 50 197 197 197 
273 273 
419 419 713 713 
7 7 7 109 229 229 374 374 374 374 514 514 
297 562 562 596 596 922 941 941 941 978 
462 780 780 
132 132 
31 332 332 337 337 351 719 721 792 810 835 835 954 
714 786 
422 453 903 
308 308 308 879 879 
742 742 810 810 820 820 820 
518 
231 231 
50 

129 640 937 
324 324 365 939 939 997 
44 628 712 712 784 922 
150 
103 407 422 
545 545 
262 440 496 959 
74 
229 229 405 405 877 
952 
876 876 876 
495 692 912 1002 
5 121 121 719 767 983 
439 439 439 957 
135 135 138 954 
472 
420 
684 937 
886 
860 860 860 

130 229 229 
407 407 422 851 
328 328 406 406 

163 587 587 954 
243 243 271 271 407 422 422 427 671 671 
407 407 422 422 


582 582 877 942 954 972 972 
171 963 963 963 
70 
465 465 926 

810 810 
172 699 699 
126 126 137 289 640 
220 
247 545 545 922 922 
992 
819 
120 120 
36 36 
954 
37 37 
229 277 323 323 702 
81 

903 
502 502 
520 680 680 
413 660 754 

79 79 866 880 880 
387 660 660 
753 988 
73 830 830 830 994 994 994 994 
362 
332 348 385 632 632 632 663 687 982 
154 244 244 
524 
277 
320 397 
211 250 
951 
780 780 780 
140 140 363 363 959 
5 


559 937 937 
31 31 351 351 695 
85 278 278 690 
234 
115 115 115 227 229 229 230 230 233 616 616 616 669 669 669 669 1014 
711 711 
338 924 


162 533 533 
337 337 337 679 
815 
126 434 557 594 833 
263 263 363 363 


73 
401 732 1014 1014 
74 160 160 717 887 
162 847 847 962 
1 1 9 
736 736 
45 399 
56 791 791 
108 433 433 
780 840 840 840 886 
985 985 
229 229 323 
507 978 978 
441 
11 11 11 68 68 810 
502 502 953 953 
238 262 262 322 410 412 412 440 440 511 511 609 612 612 675 678 678 835 835 878 878 922 922 922 938 954 954 986 
107 107 306 306 705 861 861 861 861 861 899 899 899 
508 969 
261 261 493 493 616 982 982 1006 1006 1006 
1 324 834 
904 989 
275 277 308 668 
117 117 117 117 676 676 
275 275 666 790 
229 229 632 632 632 632 864 864 
880 
407 583 583 865 865 865 

165 287 287 287 791 791 
87 87 188 188 502 
660 793 
295 667 667 
254 
660 660 954 954 
441 441 638 
608 608 979 979 979 
229 373 869 869 954 
414 889 
213 
137 201 340 428 428 574 755 937 954 
836 
5 5 33 33 77 77 328 
616 

421 421 421 516 921 946 956 
398 630 
229 706 
90 532 532 532 568 
488 488 488 814 

629 780 780 812 
50 177 879 
158 277 277 
7 
147 593 593 
366 950 
173 
603 
265 740 740 808 
954 
262 661 
691 871 
277 
954 
428 920 
5 954 
107 633 633 
91 481 559 559 784 
543 543 954 
208 208 327 339 339 487 549 974 974 1006 1006 
321 321 490 533 533 739 
1004 
646 
267 267 860 
230 548 569 
91 773 
332 332 548 838 838 954 954 
279 
171 210 210 

289 954 
229 443 469 469 489 489 894 
902 
19 82 209 355 
922 
229 

645 1014 
438 954 
105 105 105 141 
219 219 472 973 
649 649 1023 
147 403 954 
122 122 502 966 
162 277 277 339 715 835 835 835 1001 
59 59 703 703 780 886 
83 
305 305 305 552 552 


114 114 366 
32 

490 490 490 


37 829 

136 613 988 
46 609 
350 428 428 684 
101 434 434 488 515 768 820 820 954 
401 401 949 

281 
803 803 803 
416 472 472 
502 763 
366 447 447 502 762 
526 927 927 927 
229 
400 
236 236 384 384 569 844 931 931 931 954 
101 756 
148 155 155 155 155 175 


794 954 
48 48 720 
935 
229 300 300 300 
229 
366 366 
390 400 
272 272 272 274 
85 123 123 175 175 175 229 229 229 394 460 460 460 471 471 546 546 623 623 623 653 695 695 740 854 875 886 886 943 967 
314 314 314 314 320 320 
351 795 795 795 975 
267 860 
559 712 

435 549 842 842 842 890 
954 954 
362 
8 8 499 
68 232 232 232 363 366 668 
651 651 673 673 
168 548 
511 675 
70 70 772 885 885 
782 782 782 1001 1001 1001 1001 
182 329 
472 472 490 490 510 510 925 

170 170 170 262 1017 
336 360 
374 954 
475 
13 212 312 380 760 760 760 825 825 
280 280 301 954 
893 893 945 945 954 954 
469 
832 
539 539 703 
1011 
68 68 75 382 469 469 548 552 552 592 592 658 868 868 
73 
695 

238 309 693 
639 888 
248 450 
445 445 445 

229 598 
217 434 552 552 552 756 756 916 
510 510 
32 
399 518 
963 
13 13 212 803 803 
150 150 1006 
323 
922 
751 954 954 954 
614 614 614 
181 319 319 319 334 911 
175 175 807 
126 640 
234 234 234 664 
336 548 548 660 660 739 739 739 
103 259 685 859 
107 107 239 899 
721 721 952 952 
74 
653 653 653 
192 192 192 498 498 930 930 946 946 954 
354 354 786 786 786 
428 428 428 431 431 
342 342 767 
44 44 215 943 943 

147 249 249 647 647 
225 
427 
905 905 905 
506 579 

117 218 218 342 342 
427 780 
277 439 439 
154 
198 497 
27 183 183 277 304 304 304 903 
836 
172 267 576 576 576 718 783 
131 131 394 428 428 428 498 661 661 661 661 661 1010 
487 487 
85 
229 387 669 669 
671 671 671 
79 79 611 
935 
327 810 810 903 903 903 
681 681 
61 61 61 61 428 440 440 
229 398 398 706 
277 
132 
317 900 
780 886 
42 72 277 277 282 432 567 567 567 
66 66 435 467 565 587 
660 660 
23 35 54 74 74 308 330 378 378 551 551 696 1005 1005 
79 79 79 214 229 229 229 432 432 611 611 670 
105 473 473 
105 105 105 907 954 
30 141 
30 
70 70 794 794 
27 39 85 85 114 147 147 193 229 575 653 740 780 780 875 
250 250 256 646 
467 467 815 
307 399 682 950 950 
66 786 
234 234 

390 390 805 805 
443 726 




471 661 661 661 837 982 
874 
0 
94 94 507 727 908 
49 59 64 162 162 189 277 277 316 324 411 411 453 550 606 858 868 868 868 972 972 
108 264 264 665 
259 532 850 850 850 

532 882 954 
902 
249 249 

831 
212 470 568 968 
176 

172 
820 

534 
103 103 103 938 938 977 
709 
288 689 956 
21 238 352 352 366 366 436 502 502 502 545 559 596 596 660 660 660 729 828 927 927 927 978 
125 475 475 475 475 536 
226 338 634 
69 69 162 472 797 
273 590 
240 764 764 764 922 922 922 968 968 
95 95 95 506 1006 1006 1009 1009 
997 
71 841 841 
119 767 767 767 
130 
372 372 
397 397 397 
774 867 985 1002 1006 1006 
53 336 336 
37 37 37 127 127 127 127 428 428 428 557 574 628 628 684 954 977 977 1023 
141 141 141 141 531 660 919 919 
82 147 217 558 558 
497 954 
42 42 238 238 545 545 545 
587 
10 175 780 845 845 969 
114 976 
805 805 
355 355 413 413 689 841 841 
256 498 
229 
229 401 401 757 
366 366 700 889 889 
622 
118 120 566 838 838 954 
410 410 410 502 532 659 659 1016 
14 30 37 74 82 82 107 107 130 130 134 134 134 139 147 147 157 158 159 171 171 171 178 192 196 198 198 205 209 218 229 239 273 277 277 284 284 286 286 305 310 310 341 341 366 367 370 370 373 373 373 374 389 414 433 434 434 467 492 492 497 500 500 513 513 526 529 529 548 571 582 587 601 660 660 678 678 681 684 704 708 710 713 721 721 725 733 737 756 767 772 787 787 801 804 805 805 829 829 829 841 882 907 937 940 952 997 1002 1006 1006 1023 1023 
479 
689 921 
171 171 277 459 459 459 570 
194 482 482 
142 240 334 563 624 
277 
515 
95 95 409 409 507 647 
18 100 100 366 588 588 588 824 
308 
162 
190 234 237 502 502 502 532 532 532 532 738 
780 
21 912 927 927 
507 662 943 
366 366 
478 
587 587 903 903 
735 
96 96 96 123 123 714 714 
474 782 
944 
919 937 937 1023 1023 1023 
195 268 495 545 656 656 922 
249 422 422 422 680 680 680 
114 114 366 467 
399 480 523 
616 663 663 899 
569 
362 
40 654 654 935 
105 660 
118 229 
89 277 277 277 419 613 753 
665 
411 
404 
597 
1007 
182 229 614 614 614 614 


491 491 491 491 558 929 954 
132 
82 399 
228 228 1013 
739 795 795 795 795 
9 240 240 338 388 426 426 568 935 954 1006 1008 
538 538 
232 716 
23 23 110 879 879 
83 138 138 327 487 487 487 663 663 663 714 714 826 928 928 935 935 954 954 1002 
415 415 993 
315 315 1002 
138 138 242 378 378 378 928 928 
93 93 479 479 861 
254 461 461 809 

1000 
62 632 645 645 732 
451 
277 953 
366 799 
229 229 
36 36 258 258 
316 490 
109 
366 
369 402 736 937 954 954 977 977 977 
