nodes: 1024 edges: 3131
310 901 901 901 
9 9 664 1002 1002 1002 
97 182 
954 
20 20 20 20 212 212 212 
7 250 263 328 331 331 331 341 341 342 384 531 569 625 625 686 710 767 767 992 992 
759 
5 61 544 544 544 698 
229 229 231 231 300 366 366 553 789 789 
1 1 1002 
175 943 943 
658 658 658 748 748 
82 
264 264 264 803 803 825 825 
222 752 954 954 
147 
643 954 
19 19 155 155 155 155 396 643 643 
588 725 725 963 
17 17 
4 4 4 4 229 229 229 439 439 
922 968 968 
277 532 532 532 
120 179 225 225 225 879 1005 

780 780 971 971 
422 422 584 584 
291 291 291 333 505 505 
463 463 
56 56 215 853 
224 224 224 417 591 883 883 883 954 
118 351 629 629 629 629 
228 228 229 746 822 822 998 
77 77 686 686 
401 401 401 
330 330 330 330 879 879 
229 229 600 1019 1019 
602 602 602 751 954 954 
229 229 
411 886 886 886 
133 133 133 497 497 954 954 
355 
277 941 
147 147 147 497 497 939 983 
559 559 559 559 845 1003 1003 1003 
399 
176 176 754 
189 
701 773 
353 353 903 903 903 
277 277 541 541 541 541 555 555 696 
998 998 

335 335 335 335 336 502 502 532 936 
879 879 
391 826 826 826 826 954 954 
29 29 220 651 651 762 

99 99 99 
740 740 740 903 903 903 
366 399 399 399 
7 328 328 870 870 870 954 954 954 
1014 1014 1014 

93 93 93 93 93 229 229 277 903 
387 387 387 387 
435 435 786 786 890 
197 197 197 229 229 
382 790 802 
735 925 925 925 
280 280 589 794 794 794 794 885 885 885 
448 765 930 930 938 938 938 938 938 
277 
79 229 424 424 614 614 644 811 811 
120 120 160 160 564 646 646 717 717 717 839 954 
810 810 
194 482 482 958 
33 33 229 686 686 686 686 1011 1011 
229 366 
73 111 241 344 344 866 866 866 880 
954 954 954 
604 604 
12 147 155 155 155 166 172 209 267 343 343 355 500 500 513 513 537 537 558 593 643 699 787 787 787 
741 
419 430 430 
113 123 123 123 123 123 229 229 229 630 780 863 886 886 
145 145 145 505 505 505 505 1017 1017 
674 674 
673 673 
427 427 427 
532 532 532 
720 
271 271 271 271 479 479 479 1010 
64 64 64 64 64 1010 1010 1010 
277 277 410 410 410 473 473 473 902 902 
352 352 352 560 928 928 928 962 962 962 1006 
714 714 974 974 
2 928 
266 739 1022 
58 58 58 344 967 
318 318 963 963 963 
434 434 434 768 
143 143 143 143 480 480 635 635 635 
561 601 601 919 
739 739 739 
660 660 734 734 881 881 881 881 881 882 882 882 
392 392 392 748 748 
171 310 310 454 661 661 837 837 837 899 899 901 901 950 950 950 954 954 954 
366 366 366 458 607 607 777 777 904 
229 
1005 1005 
79 
154 340 340 340 
85 162 229 229 
324 363 363 366 366 396 396 396 399 476 745 745 745 840 886 944 944 
233 233 632 654 654 985 985 
153 153 185 185 185 238 238 238 
667 667 853 853 
31 194 855 952 
162 931 931 931 931 
23 74 74 599 599 599 952 
569 
500 738 738 903 
85 85 85 85 85 168 168 229 435 435 435 456 456 525 525 780 780 780 974 974 974 974 974 995 995 995 1004 1004 
367 367 
250 
425 425 425 425 594 594 640 833 833 833 
402 736 937 937 937 937 
954 954 
428 428 557 557 608 608 898 898 
932 954 954 
272 861 861 861 
547 547 998 998 998 
40 40 40 497 
842 954 954 
199 199 571 
252 270 270 270 270 
301 301 301 684 
421 571 1006 1009 
161 277 277 324 324 348 348 348 348 541 541 954 
181 624 624 831 
660 660 660 734 883 938 938 
959 959 
102 102 102 102 
151 151 407 407 
86 86 86 

15 43 43 43 82 193 193 699 699 699 699 737 737 847 847 847 847 886 886 886 886 939 954 
208 208 
260 399 455 455 455 455 480 480 
826 903 1006 1006 
144 144 202 407 448 448 448 
434 434 434 
116 116 309 309 309 323 814 814 814 
112 360 360 360 360 376 376 376 617 617 617 642 642 
17 17 17 17 82 82 82 583 769 769 769 769 
989 
494 494 954 954 
375 697 954 954 954 
582 954 
74 74 761 
139 541 541 
113 119 204 204 229 229 229 277 277 289 303 321 321 322 439 472 472 472 514 637 647 715 739 739 758 758 758 903 903 925 
582 582 
165 165 673 673 741 
164 164 
82 355 635 635 
328 580 
123 123 171 171 435 435 525 525 792 792 792 
593 645 645 
509 509 509 509 799 799 
107 168 168 210 210 588 723 954 957 957 957 
82 267 593 699 915 915 
339 339 
304 471 471 471 702 702 702 780 
10 347 432 432 780 780 807 807 807 832 969 969 
46 46 238 238 511 511 660 864 913 913 913 913 
428 486 486 524 696 696 696 
273 273 896 954 954 
23 308 308 308 
376 376 376 376 
140 831 831 
2 229 329 329 329 387 796 796 994 994 
277 375 858 
420 
116 116 116 328 814 814 814 
516 516 954 954 
402 402 402 402 434 506 506 506 506 
411 674 674 
47 277 738 738 738 846 872 903 903 
966 
328 328 531 531 531 915 
391 841 841 954 
147 147 886 886 
76 118 958 958 
978 978 978 
218 229 229 390 571 571 581 794 794 885 954 
67 67 67 219 219 355 541 887 887 
491 491 491 857 954 
135 135 203 516 571 

340 418 418 418 
151 407 
199 216 
162 162 242 242 303 384 384 384 
494 494 954 954 954 
277 277 277 
247 
148 148 361 361 361 714 
82 436 436 436 436 449 728 954 954 
171 171 723 
954 
4 4 4 470 470 803 803 803 825 912 912 912 
314 314 374 374 683 781 865 865 929 954 954 
611 611 880 
29 588 588 588 
203 329 329 487 487 487 
365 434 434 820 820 820 
196 403 767 767 767 853 853 954 954 
197 197 250 735 735 735 887 
56 437 437 595 606 651 651 
377 377 461 
14 787 787 787 

30 30 30 417 417 417 949 
23 23 23 848 
388 388 924 924 
230 230 632 632 
32 32 897 897 1000 
8 8 20 20 20 32 36 36 38 38 64 64 67 67 73 77 78 85 85 85 109 113 113 123 162 162 162 182 196 196 277 278 281 323 323 323 345 358 366 366 366 368 377 377 398 405 405 407 407 415 415 415 415 427 427 445 445 445 445 446 461 461 461 461 464 476 476 534 534 534 534 565 565 578 578 578 603 614 632 655 669 669 669 681 690 690 719 719 726 726 730 730 747 747 752 766 766 776 776 776 780 780 780 809 818 818 819 819 819 819 864 864 864 871 886 891 891 918 948 948 954 954 994 994 998 1011 1018 1018 1018 
227 227 392 392 392 632 632 632 632 719 719 719 
8 8 300 300 300 554 554 
790 790 1004 1004 1004 
115 115 632 901 901 
631 834 891 966 

767 767 
966 
116 116 116 176 176 309 814 922 922 922 941 

305 305 305 334 882 927 927 927 1002 1002 1002 1008 1008 1008 1008 
79 420 420 
204 204 267 267 267 350 350 350 350 1009 1009 
583 583 

502 502 502 502 
536 536 
207 519 596 596 
362 362 362 397 397 816 
847 909 909 979 979 
5 125 219 621 954 954 
343 
136 376 376 539 539 539 
366 393 616 616 
677 1011 1011 
382 382 382 
359 947 947 947 947 
466 545 545 
791 1019 1019 1019 
371 371 502 836 836 836 836 836 905 966 
149 419 549 549 
366 663 663 663 663 663 
363 363 363 366 366 412 440 563 563 624 660 705 705 705 799 959 959 1017 
5 384 641 641 
13 13 13 518 904 904 
703 898 
98 277 739 
82 172 242 242 242 783 860 860 860 
922 922 922 
1007 
136 136 136 136 444 444 444 444 539 539 856 856 856 
92 92 92 92 407 407 583 
131 407 779 
178 178 300 542 542 926 954 
366 387 387 779 779 983 
666 666 668 668 
464 464 464 464 479 819 
22 42 50 50 64 72 94 94 139 139 162 162 183 189 206 206 206 229 266 283 283 298 324 324 339 346 348 375 381 381 411 419 419 419 423 423 423 439 439 449 449 453 459 459 475 485 529 529 533 533 533 541 541 558 558 570 619 666 666 697 697 855 855 855 872 874 874 876 876 876 903 903 903 941 941 954 954 957 957 960 960 988 
229 345 345 630 630 

70 70 301 301 301 725 725 725 804 804 
229 759 

277 277 459 459 954 954 
618 954 954 
374 374 374 427 
954 954 958 
432 432 432 432 432 673 673 673 
785 785 921 956 956 956 
162 647 725 725 725 725 
314 491 892 892 892 
27 27 27 366 366 936 
368 368 368 368 954 954 
362 362 
486 
676 821 
469 802 972 
494 545 545 
277 
420 420 
8 231 231 231 273 366 366 409 423 423 423 423 775 775 
137 137 137 280 280 280 804 804 804 804 892 
590 590 590 590 
162 204 447 
174 
240 240 240 474 742 742 954 
385 419 419 661 661 
366 366 889 951 
179 179 179 412 412 551 551 666 879 879 964 964 
153 153 153 238 814 
0 107 107 317 317 317 412 412 454 454 456 456 954 954 
352 922 
760 760 760 
502 
213 213 290 491 491 781 
1008 1008 
379 379 379 903 1020 
310 310 310 874 874 874 
100 100 954 
831 831 
322 322 322 503 503 503 503 781 
162 162 715 715 715 
162 320 320 320 660 660 
153 229 229 229 357 603 603 655 827 
114 139 139 277 277 558 664 903 903 
355 355 
366 777 777 
337 337 337 361 361 361 714 714 1006 1006 
5 61 61 167 185 191 191 331 331 531 531 531 580 686 
182 182 182 216 216 796 796 796 
35 35 35 35 
5 5 5 328 328 
548 616 616 616 721 721 
27 
240 366 366 831 
53 53 53 53 366 366 502 
53 421 502 502 800 936 
327 327 327 548 548 548 638 638 956 956 956 
634 634 1002 
173 173 277 576 714 714 714 714 739 
112 112 112 201 418 
5 5 701 701 701 735 917 954 954 992 
5 844 844 844 853 853 
82 82 251 881 
79 79 99 779 
229 278 278 
277 
175 832 832 
139 139 139 139 277 523 616 
399 399 823 
242 242 242 242 715 755 755 771 
31 457 469 548 548 629 629 782 782 782 
95 95 95 311 922 922 922 
49 49 
529 529 529 529 842 842 842 842 993 
41 82 166 197 325 325 946 
780 
323 
229 387 566 
256 528 528 
154 154 154 154 800 800 
208 208 208 327 327 327 
248 248 248 293 293 450 450 450 502 615 731 731 731 743 788 788 984 
114 114 262 262 262 366 366 624 624 641 641 790 
586 586 946 
217 558 558 592 
8 8 60 78 108 108 108 114 114 229 229 229 253 261 262 262 274 291 291 300 300 307 307 326 334 334 335 335 363 363 372 393 399 407 409 409 441 441 450 470 502 502 510 510 607 607 659 660 660 700 700 700 719 745 777 777 790 922 922 922 950 950 954 954 963 963 970 973 976 976 980 980 981 981 1017 1022 
124 124 954 
229 292 292 292 292 
937 937 1023 1023 1023 
737 737 954 
259 259 490 
366 523 523 817 933 933 933 933 963 
681 681 954 954 954 
213 213 285 285 285 544 544 544 757 801 954 954 
158 183 277 613 613 613 988 
154 154 154 180 180 180 180 252 252 
221 221 229 229 
879 879 1009 
316 316 316 
428 803 
277 277 
68 255 255 255 810 
750 
5 204 204 204 263 396 396 767 853 
306 419 419 419 454 454 454 616 661 661 687 687 

65 65 65 65 182 274 274 358 594 
226 226 568 568 
404 404 404 954 954 
196 395 395 395 395 400 400 778 778 893 
55 192 954 954 
106 106 106 230 230 230 406 439 517 517 
253 366 466 
780 780 780 861 
390 390 390 390 878 878 
17 114 114 114 384 384 767 767 
248 248 934 934 
229 690 690 706 871 871 871 
45 60 60 60 114 149 349 349 366 518 627 650 750 750 750 823 889 981 981 999 999 
390 390 665 665 665 778 778 778 778 
34 34 34 645 645 732 949 949 949 1013 1013 1014 1014 
127 187 187 187 187 736 736 736 
218 737 954 
389 389 389 603 603 991 
229 229 565 565 869 869 869 
392 527 527 580 580 
144 144 151 202 229 229 271 271 272 366 422 422 427 427 561 579 579 583 584 584 
455 455 886 886 
300 366 366 962 962 962 
94 94 94 660 660 919 919 953 953 953 953 977 
39 188 277 990 
262 308 308 310 310 660 660 660 
586 586 609 609 749 841 946 946 946 
489 682 682 682 950 950 954 954 954 
229 229 229 229 1007 1007 
761 824 824 963 
30 224 224 224 591 591 
201 201 201 340 
84 260 277 277 277 306 306 385 385 385 543 543 543 988 988 
184 241 241 299 299 573 
138 336 689 
26 26 407 407 550 561 561 579 583 583 583 584 979 979 979 
277 277 277 300 300 300 300 
73 73 483 882 
126 126 126 126 594 
1002 
89 89 89 229 229 285 407 407 474 583 671 695 849 849 854 854 975 975 1012 
129 129 177 380 463 498 498 557 557 684 709 709 755 843 843 861 861 861 870 937 937 

84 84 
843 843 843 
175 175 287 287 287 287 287 740 780 880 880 880 880 
652 652 652 652 954 954 954 
101 101 101 152 152 152 187 217 217 640 640 698 698 698 768 954 
66 66 123 123 123 168 168 786 786 786 877 995 995 
209 209 209 209 922 
220 220 
728 
20 20 162 277 277 392 570 570 802 855 
262 563 563 563 609 609 660 870 870 
366 366 679 
565 565 565 565 
726 747 894 1018 
270 270 270 270 808 808 808 
229 229 229 229 747 747 747 747 817 817 817 
229 
303 463 463 463 463 502 709 709 763 763 
71 151 151 151 451 555 
209 277 277 
362 362 362 366 
448 780 1015 1015 
530 530 954 954 
277 550 550 903 903 
107 310 310 385 385 385 
149 149 149 149 408 408 
123 123 310 310 
351 535 
108 939 
277 277 283 283 
780 780 780 
221 229 229 229 229 1011 1011 1011 
546 546 546 
28 28 428 447 447 447 447 
229 276 276 276 276 
590 601 
257 393 
639 639 815 815 877 877 877 877 888 888 888 954 980 
475 475 
296 351 726 726 726 726 810 810 
212 212 366 912 912 
174 174 174 780 
162 162 162 735 735 735 761 797 797 797 925 925 
94 94 94 507 881 902 902 
305 427 
277 468 468 679 802 914 914 923 923 
114 229 229 
954 954 954 

92 92 92 276 491 954 1010 
102 102 149 149 502 765 
712 784 784 784 
76 76 958 958 
424 780 780 975 
818 950 950 
277 707 707 707 
177 177 294 498 
216 216 216 540 714 862 862 
693 693 756 756 
414 726 726 
371 748 748 748 748 797 797 
198 198 198 290 314 314 479 518 518 518 518 518 954 997 997 997 
954 954 954 
962 
157 157 205 205 297 
568 568 

40 40 43 43 133 857 857 857 940 940 954 954 954 
428 428 486 841 841 861 861 1010 
789 789 789 954 
82 82 122 954 954 954 954 

53 53 245 245 245 245 259 313 335 336 336 362 366 366 447 480 528 532 532 556 607 607 607 659 659 720 720 731 738 738 738 757 762 763 773 800 836 836 859 922 922 922 966 966 966 984 984 984 
320 320 320 320 622 878 

27 27 86 86 86 86 1017 
187 187 187 187 756 851 928 
473 656 656 662 662 662 902 902 902 902 908 908 908 962 969 969 
662 662 662 
170 170 170 170 1017 
366 366 797 797 797 821 
176 176 660 660 793 880 
719 
82 82 954 954 954 954 
162 544 
756 961 961 
186 186 199 689 954 
392 392 527 527 527 
264 399 491 491 491 491 491 553 577 823 954 954 
247 854 
759 
660 660 660 660 
555 555 
348 372 372 817 817 981 981 
177 618 736 
123 123 168 168 
764 767 767 954 954 
406 406 517 517 517 
359 359 502 
277 277 354 354 354 354 954 
452 452 789 789 954 954 954 
5 191 191 191 328 328 328 710 710 710 710 
22 22 22 53 90 90 90 502 502 692 905 905 905 907 953 966 
277 277 277 637 637 715 715 
229 229 229 229 
457 
246 246 582 923 954 954 954 954 
82 82 
761 773 1003 1003 
252 252 252 270 270 808 808 
487 714 
50 50 50 50 139 139 161 161 197 277 277 
273 273 926 926 
419 419 419 713 713 713 
7 7 7 374 374 374 514 719 775 775 775 998 
257 257 297 297 562 562 562 596 596 922 941 941 941 941 
462 462 462 780 886 886 
132 132 954 954 
332 337 337 337 351 351 719 721 721 721 782 792 810 810 835 835 954 
260 260 714 861 
422 453 453 903 903 
308 308 879 879 
742 810 820 820 820 956 956 
8 518 
231 231 
50 50 448 522 522 
502 
129 129 428 428 640 861 861 
82 277 277 324 365 365 939 939 939 997 
44 44 44 44 628 628 628 712 712 784 784 922 922 
95 676 676 676 
103 407 422 422 
545 545 545 
262 262 440 440 440 959 
74 
229 229 405 405 442 442 442 442 877 
358 952 978 978 978 
876 876 876 
388 388 495 495 692 692 692 912 
5 121 767 
277 439 439 957 957 
135 138 196 196 199 954 954 954 

420 
684 684 937 
875 875 886 
339 860 860 860 860 
518 904 
229 229 229 
407 407 422 851 931 
167 328 406 406 
196 
159 163 163 536 587 587 950 954 954 
155 243 243 271 407 422 422 422 427 671 
26 26 407 407 422 979 979 979 
702 702 
364 364 413 413 689 946 946 946 
582 582 877 942 942 954 954 972 972 972 972 
18 171 215 215 215 963 963 963 
70 954 954 
302 302 302 302 465 926 
30 417 417 
365 810 810 
82 169 172 699 699 
126 126 387 425 640 640 640 
220 
247 247 545 545 922 
917 917 992 
819 819 882 969 
120 120 120 
36 861 861 861 871 871 
103 103 465 801 805 805 954 954 
37 37 37 751 751 954 954 954 
229 323 323 404 404 702 702 
81 81 826 826 826 1006 
681 681 
220 903 
108 108 366 366 502 502 502 
129 129 759 
413 413 440 440 746 754 
820 820 
214 214 866 866 866 880 
660 660 878 878 
375 375 375 753 
73 73 229 830 830 994 994 994 994 
362 
253 253 332 332 332 348 385 632 632 663 663 687 982 
154 154 154 
284 524 
277 900 

250 887 887 
503 632 951 951 
780 
140 140 262 363 363 641 
5 5 844 954 

399 750 
559 559 559 862 862 862 862 937 
31 31 31 31 351 351 695 
85 278 278 690 
234 
115 227 227 229 230 230 230 230 233 616 616 622 669 669 669 669 873 
711 711 711 711 821 821 821 821 
338 338 924 924 924 955 
102 102 102 166 166 

162 533 533 
337 337 679 
467 467 815 895 
126 434 434 557 594 594 594 833 833 833 
263 263 363 363 624 
154 154 801 
16 17 17 82 
73 
169 169 401 401 732 732 732 1014 
74 74 717 717 761 761 
162 289 847 847 847 847 847 962 
1002 1002 
943 
399 836 
56 56 220 220 694 791 
433 433 433 433 
780 780 840 886 886 886 
115 115 985 985 
229 323 864 864 
507 507 978 978 

11 11 11 
366 502 502 953 
105 105 141 141 141 176 262 322 322 366 366 410 410 412 412 412 440 511 511 521 521 521 521 612 612 673 675 678 678 734 805 805 835 835 878 922 938 938 954 954 954 986 
107 107 306 306 385 385 837 837 861 861 861 899 899 899 899 
507 507 507 508 508 508 969 
261 261 261 261 261 616 616 676 982 982 1006 1006 1006 1006 1006 
1 324 834 
400 400 400 904 989 
275 275 277 277 308 964 964 
117 117 676 676 742 1006 1006 
275 275 790 
229 229 229 632 632 632 632 864 
932 
427 583 865 
1000 1000 
88 88 164 164 287 287 287 660 791 
87 87 188 188 990 
660 
295 560 560 560 663 667 667 
254 
660 660 954 954 954 
441 475 638 831 
826 826 979 979 979 
229 373 373 605 605 722 869 954 
414 414 414 
213 865 865 
137 428 574 574 755 755 755 870 892 937 937 954 

5 33 33 77 77 77 77 328 
385 385 616 982 982 
745 
421 516 586 921 946 946 
229 229 398 398 630 
706 706 706 706 
532 568 568 568 917 
488 488 814 814 814 
651 791 791 
427 629 724 812 812 
50 177 177 177 879 879 
158 277 277 
7 434 434 434 871 988 
82 147 147 147 147 172 593 593 
366 366 366 
48 341 341 341 
174 174 174 585 585 603 603 
265 740 740 
954 954 954 
262 262 262 
398 691 691 691 691 871 871 871 871 871 
485 485 485 
954 
428 428 447 447 920 920 920 
5 531 531 531 531 954 954 
633 633 633 633 
481 559 559 784 784 784 845 922 
543 543 543 
96 96 208 327 327 339 339 339 339 487 540 549 974 974 1001 1001 1006 1006 
162 321 321 321 350 533 533 797 797 
1004 1004 
74 74 74 646 646 
879 
229 229 230 230 230 366 512 544 548 1016 
91 502 502 
332 332 548 548 548 838 838 954 954 
681 
171 210 
695 
18 18 280 280 280 289 289 289 289 954 
229 229 443 469 469 469 469 489 489 730 730 894 894 
902 
209 438 
922 
229 229 726 726 
362 362 362 502 
401 645 645 645 1013 1014 
954 954 
105 105 141 660 
69 219 219 219 341 472 472 472 973 973 
127 402 402 402 524 954 1023 1023 
147 147 370 370 403 954 954 954 
122 122 189 189 189 502 502 502 846 966 
98 104 104 104 162 162 266 339 835 
59 59 59 432 703 703 780 886 
83 164 1006 1006 
305 305 552 667 
362 816 
827 827 
114 114 114 366 688 
32 609 
229 229 443 445 445 445 445 
11 11 106 106 490 490 490 490 
413 841 
383 399 399 399 627 
37 602 602 829 829 829 829 940 
14 229 
613 
46 609 
350 350 428 684 684 684 934 
488 488 506 515 768 820 820 820 820 
374 502 949 949 949 
162 162 162 
6 281 520 608 
312 312 312 803 803 
160 416 472 538 646 646 
56 502 
447 447 502 
526 927 927 
71 480 
229 229 830 
5 5 218 218 218 236 236 384 396 396 526 526 569 844 853 931 931 931 931 931 954 954 954 992 
101 434 756 
155 155 155 155 780 780 780 
780 780 920 920 920 920 
350 
794 794 794 794 954 954 
48 502 538 
935 935 935 935 935 
300 300 544 544 544 
229 229 229 
108 108 326 326 366 366 
390 390 400 400 400 400 805 
272 274 274 344 
25 25 85 123 123 123 174 175 175 229 229 229 356 394 394 394 432 451 460 460 460 471 483 483 546 623 653 653 740 769 769 769 770 770 854 854 854 875 875 886 886 886 943 967 967 969 
213 314 320 845 
351 351 351 548 975 
267 
481 481 481 559 559 712 712 712 
288 288 
66 66 435 435 435 842 842 842 842 
82 82 82 222 222 222 954 954 954 
362 362 
8 8 499 499 499 530 530 
68 232 232 363 366 668 
258 651 673 694 694 1019 1019 
168 168 168 548 
511 889 
70 70 70 70 196 196 772 772 772 772 885 885 885 
1001 1001 
182 182 329 329 329 
472 472 472 490 490 510 510 510 715 715 
1006 1006 1006 
170 170 262 1017 
336 360 360 502 
374 601 642 954 954 
68 296 439 475 
13 13 212 212 212 380 760 760 825 825 
280 280 301 301 301 301 
601 601 660 660 778 852 878 878 893 945 945 
810 810 
175 175 175 814 832 
444 444 444 539 539 
229 906 906 906 
75 75 382 469 469 548 548 552 592 592 806 806 868 868 868 
73 73 
695 695 
922 978 978 
153 153 153 185 185 185 238 309 693 693 693 807 
467 467 639 888 888 
248 743 
372 445 445 445 523 523 
229 229 484 
229 229 229 229 276 598 598 
217 217 217 552 552 552 610 610 756 756 756 756 916 
295 510 633 633 633 633 966 966 
32 32 1022 1022 1022 1022 
349 399 518 
416 416 963 
13 13 212 803 803 
55 55 55 55 150 604 604 604 680 680 
323 744 744 
975 978 
751 751 751 751 954 
614 614 766 
140 181 181 319 319 334 679 911 911 
175 347 347 807 
126 126 126 640 640 640 
234 664 
548 548 660 660 739 1001 
259 259 259 259 259 502 502 650 859 
107 107 107 661 661 899 
721 721 952 1020 
74 
114 653 
192 192 413 498 498 749 930 930 946 946 946 954 954 
134 354 354 354 354 786 786 786 786 
428 428 431 431 431 
342 342 342 625 767 
44 712 781 943 
189 738 
147 147 147 147 249 647 647 647 647 647 1017 
225 1005 1005 
427 427 
905 966 
506 579 
805 
29 117 117 218 218 342 342 384 767 
427 427 519 780 780 780 
118 277 277 277 439 958 
270 270 270 
198 497 497 497 954 954 954 
183 903 
502 836 
267 267 267 576 576 576 576 
131 131 131 394 428 428 428 498 498 549 557 557 600 600 600 661 661 661 1010 1010 1010 1010 
487 487 628 628 628 628 
85 
176 229 229 229 655 655 669 
213 213 671 683 683 
79 79 79 611 611 611 

810 810 810 903 
405 405 405 681 
61 61 61 428 440 440 684 
229 398 398 398 600 600 698 706 706 706 706 706 873 939 
189 277 
632 871 
277 277 317 317 317 900 900 902 
575 575 780 780 886 886 
277 277 277 567 567 567 
435 467 467 467 467 565 587 
395 395 503 612 612 660 805 805 
23 35 35 54 54 308 308 378 378 551 551 696 696 718 1005 
79 214 432 432 432 432 511 611 996 996 
105 105 105 105 105 343 473 
105 105 105 240 424 598 907 907 907 954 954 
30 30 30 141 

70 70 70 196 794 794 794 
39 39 39 85 85 114 147 147 147 147 193 193 229 408 408 546 546 575 653 653 653 740 780 780 780 875 875 
197 197 219 621 621 
467 467 467 815 815 
307 399 793 950 950 950 999 
66 
229 229 234 
290 290 290 301 684 955 
390 805 
443 726 726 
639 987 
178 
228 228 
129 129 265 
107 107 661 661 661 661 837 982 982 982 
619 874 874 
0 0 0 107 107 233 233 
94 94 473 473 507 507 507 507 727 874 908 908 
49 49 49 59 59 59 64 122 150 162 162 189 189 277 277 277 316 324 324 453 453 550 550 606 858 868 972 972 
108 264 264 577 665 
259 532 532 532 850 966 
809 809 809 
532 882 882 882 954 
507 507 507 902 902 
249 249 

831 831 
212 212 212 470 470 568 968 968 968 968 
176 176 176 176 
475 475 
172 172 191 
820 
341 597 597 692 
229 
103 410 410 938 977 977 977 977 
709 709 709 770 770 770 770 
288 689 956 
21 238 238 238 268 268 268 311 352 352 352 366 366 366 436 502 502 502 545 559 559 596 660 712 729 813 927 927 927 978 
475 475 536 
226 226 634 634 634 
69 69 69 162 472 472 
273 542 542 590 
240 240 240 764 764 922 922 922 968 
95 95 95 97 506 935 1006 1006 1009 1009 1009 
213 997 
71 71 841 841 
119 119 119 119 579 767 767 767 767 767 
130 670 
372 372 372 372 963 
397 397 755 
774 774 774 774 774 928 1002 1006 1006 1008 1008 
53 291 336 
127 127 127 127 369 369 428 428 574 628 684 684 954 954 977 977 977 1023 1023 1023 
71 71 71 71 71 141 141 660 660 919 
43 147 458 558 558 558 871 
497 497 751 954 954 
42 238 277 277 545 545 545 545 
587 587 
10 10 649 780 845 
114 114 976 976 
805 805 
355 364 413 413 413 586 586 586 689 689 841 841 841 
256 256 256 256 
229 229 
224 401 401 401 757 757 757 1013 1013 
107 107 107 366 366 414 414 484 484 582 889 889 889 
307 622 622 
118 120 566 838 954 954 
410 410 410 410 532 659 1016 
3 14 14 16 30 37 37 40 40 55 55 61 61 61 74 80 80 80 107 107 107 128 128 130 130 134 134 139 147 157 157 158 158 158 159 171 178 178 186 186 192 196 198 205 205 205 209 209 211 213 213 218 218 229 229 250 250 273 277 277 283 283 284 284 286 286 292 292 305 310 310 318 341 341 366 366 367 370 373 373 373 374 374 389 389 391 391 403 414 414 414 433 433 433 434 452 452 467 477 477 477 479 491 492 492 492 497 497 497 499 500 500 500 500 513 513 513 513 516 518 518 526 526 529 530 530 530 536 536 536 536 547 547 548 571 571 571 582 582 587 587 589 589 601 601 602 602 602 625 660 660 660 678 678 678 681 684 704 704 704 708 710 710 721 721 725 733 733 736 737 737 737 767 767 767 772 772 787 787 787 801 801 829 841 841 857 857 857 882 882 907 937 937 940 940 952 952 963 997 1002 1006 1006 1006 1007 1007 1023 1023 
634 892 
288 288 288 337 337 337 552 552 921 
171 171 171 277 277 570 570 
76 194 194 286 482 482 855 
142 142 262 262 563 
277 277 
515 515 
95 95 95 409 409 409 493 507 647 
18 100 100 100 366 366 372 416 588 588 588 824 933 954 
308 308 666 666 

190 234 237 259 502 502 502 532 738 821 821 850 905 
99 780 780 
21 21 912 912 912 912 927 
175 175 507 507 598 662 780 
366 
25 25 
296 587 587 587 587 903 903 
366 735 735 
96 96 123 123 123 123 123 714 714 
427 427 483 782 828 
366 366 944 944 
410 919 919 919 919 937 937 937 1023 1023 1023 
195 195 195 566 566 566 656 656 813 813 828 922 
249 249 422 422 422 584 584 584 680 680 680 
366 366 467 
366 366 399 399 523 523 
616 663 663 687 687 899 899 899 
43 274 
362 502 502 502 
115 115 654 654 
660 
895 
277 375 419 419 698 
156 665 
411 674 
404 
5 5 341 597 767 
354 1007 1007 
182 182 229 229 614 614 614 614 
123 123 123 435 435 
880 880 
491 491 491 558 929 954 
32 51 51 132 132 132 229 544 
399 399 889 
228 672 672 1013 
714 714 795 795 835 
1 1 1 9 240 240 240 338 426 648 648 935 954 1006 1006 1008 1008 
44 44 44 538 538 
123 123 232 232 232 716 716 
23 110 110 848 848 879 
95 138 150 150 327 327 604 663 663 663 663 663 667 667 714 714 741 741 798 798 798 928 928 935 935 954 954 954 1002 1002 
269 415 415 954 954 993 993 
240 240 240 240 315 315 935 935 1002 1002 
138 242 242 378 928 928 928 
92 93 93 93 479 498 861 861 861 861 
77 77 229 254 254 461 461 461 
427 
401 401 732 949 949 1000 
62 62 62 401 401 645 732 
451 451 
719 953 
86 86 262 366 505 509 799 847 
229 229 229 443 
36 36 258 258 258 791 791 
316 838 

98 366 822 822 822 822 
369 369 369 736 736 937 937 937 954 954 977 977 977 
