nodes: 1024 edges: 1877
107 107 
1002 
97 

20 212 
167 250 263 328 328 341 341 342 342 384 384 531 531 625 686 954 954 992 
987 
544 698 698 698 
231 300 553 789 
648 
943 
74 74 658 748 748 
82 
803 825 825 
222 752 954 
587 

19 643 
588 725 725 725 
17 
4 229 439 
922 968 
277 532 532 532 
120 179 308 879 

478 

291 333 505 858 886 886 
463 463 
56 56 56 215 
417 636 636 883 883 884 
351 548 629 
228 228 603 746 822 822 
77 686 
401 401 401 401 461 461 
330 330 429 429 879 
229 600 600 1019 1019 1019 
602 751 954 

411 886 
133 133 133 954 

277 876 941 
147 147 147 434 497 
845 



701 773 773 
316 353 903 
277 541 541 555 555 
998 998 

335 335 335 335 336 502 532 532 
308 308 879 
391 826 954 954 
29 29 29 220 651 
344 344 344 611 
99 99 985 985 
740 740 903 
366 
328 328 870 954 
1014 1014 
154 154 
93 93 93 
387 387 710 
435 786 786 875 
197 197 
382 658 790 810 
735 
589 
151 151 448 930 930 930 938 938 938 
277 277 
229 229 424 424 614 
11 11 120 160 564 646 646 879 954 
544 810 
482 482 958 
33 686 686 686 1011 1011 

344 420 880 880 


12 147 147 166 172 172 209 209 267 267 267 343 355 413 500 537 537 643 699 787 
741 1006 
419 430 
113 123 123 123 229 229 462 462 630 780 886 886 
145 145 505 505 

673 
427 427 
532 532 692 


64 64 64 1010 
277 473 473 473 
352 352 928 928 1006 
714 974 
2 

58 58 
318 963 963 
434 768 
480 635 635 635 
561 601 601 919 919 
162 162 
660 660 734 881 882 882 
392 392 748 
0 0 171 310 454 633 633 633 661 711 837 899 901 950 950 950 954 
366 366 366 458 
229 544 
1005 1005 1005 

154 340 340 340 
85 162 229 229 
366 366 396 396 399 399 476 476 476 745 980 
229 233 654 985 
185 185 
667 667 853 853 
855 855 
162 739 931 931 
23 74 581 599 952 
569 
738 738 738 
85 85 85 162 162 162 168 456 525 780 974 974 1004 

250 923 923 
425 425 594 833 
402 736 954 
954 954 
265 428 428 898 
932 954 
241 861 
547 873 998 
40 40 40 
351 954 954 
199 571 
252 270 753 753 753 
301 301 594 
421 421 571 1006 1009 
161 324 324 324 324 348 954 
181 181 624 624 831 
660 734 938 938 938 
496 

151 670 
86 86 505 

43 43 43 82 82 193 193 497 699 699 847 847 886 886 954 
208 
399 455 480 
826 903 1006 
71 71 144 202 285 407 448 448 
756 
309 603 814 
63 63 112 360 360 617 642 856 
769 769 979 

494 
277 954 954 954 954 
582 954 
74 646 761 
139 
104 104 113 119 123 123 123 204 229 229 229 277 303 322 439 439 472 647 739 758 903 
582 
165 673 673 
164 673 
82 256 635 
5 328 580 
123 171 171 435 792 792 
645 
509 
107 168 168 588 954 
82 82 267 593 699 915 915 
339 339 339 

347 432 432 432 769 780 780 807 832 832 969 
238 913 913 913 913 
486 
954 954 
23 308 
376 
140 140 
329 387 387 796 994 
277 277 461 461 858 858 
420 
116 116 328 328 
516 954 
203 434 
411 
738 738 846 872 

328 
954 
147 147 886 886 
958 958 
978 
199 199 218 229 405 571 581 794 954 
67 67 219 541 887 887 
491 954 
135 196 196 203 516 571 
789 
340 
151 
187 199 216 623 
162 242 242 303 303 384 
494 494 954 
277 
247 
148 327 714 714 
82 82 436 436 728 728 954 

621 
4 470 803 803 825 825 912 912 
374 374 683 683 781 929 
880 880 
29 
203 329 
820 820 939 
196 403 403 403 767 853 954 
197 250 735 735 
56 606 651 

14 335 787 

417 417 
848 
924 
230 632 
32 32 1000 1000 
20 36 73 73 85 85 109 113 113 115 162 162 162 196 281 320 358 358 366 366 368 377 405 407 415 415 415 427 427 445 446 446 461 461 461 464 485 603 632 655 655 655 669 669 681 691 726 730 730 747 747 775 776 780 780 818 818 819 864 871 871 880 880 880 886 891 891 948 954 954 987 987 994 994 998 1011 1011 1013 1018 1018 
227 719 
8 554 
790 790 1004 1004 
115 632 
441 834 834 834 891 891 



176 309 660 814 922 941 
954 
305 305 305 334 334 334 882 927 927 1002 1002 1008 
131 
204 204 267 350 350 350 428 1009 
583 583 591 
617 
502 

207 519 
362 397 816 816 
847 909 979 979 1017 
5 125 219 621 887 954 

136 270 376 539 
366 522 616 616 616 616 
677 
382 
166 359 947 

791 1019 1019 
371 502 836 836 905 966 

366 663 
363 366 412 440 440 660 705 705 799 1017 
5 384 384 641 641 
518 
129 898 898 

82 82 82 172 242 783 860 
922 922 978 

136 252 539 856 944 

779 
542 926 954 
779 
666 
464 479 819 
22 42 50 72 72 94 158 162 183 183 206 283 283 283 324 324 324 348 375 375 381 383 411 419 419 439 439 439 459 533 541 697 739 739 855 858 858 874 874 903 903 941 954 954 1016 1018 
345 
722 
301 
229 759 
876 
277 277 277 459 459 459 
954 
151 374 
547 547 547 

785 785 
647 725 725 

27 366 366 

362 
469 469 486 486 486 486 

802 802 972 
494 545 545 

420 
8 366 423 775 775 
137 137 280 804 892 
590 
162 204 204 
858 
240 240 240 742 742 742 954 954 
385 
326 
23 54 54 179 412 551 879 879 964 
153 238 814 814 814 
107 317 317 412 412 456 
352 922 
760 803 803 
502 
491 781 
1008 1008 
49 379 379 903 
310 310 819 874 874 
100 954 954 
831 
229 322 322 503 503 781 
715 715 
162 320 320 
357 357 655 706 706 864 
139 139 139 139 277 277 277 558 903 
355 
307 346 366 
208 337 361 361 714 1006 1006 
5 5 61 61 167 185 185 191 531 686 686 
182 216 
35 35 879 

616 616 721 721 721 721 
27 366 
240 240 240 366 366 831 
53 53 53 53 222 366 366 502 
53 421 502 800 936 936 
327 548 548 638 638 956 956 

173 173 173 714 714 
112 112 112 201 418 
5 5 597 701 954 954 992 
5 5 844 
82 
57 57 57 79 
278 
326 
175 
139 277 616 
823 823 
242 242 242 715 755 
31 134 457 469 535 548 629 629 629 782 
95 95 311 
49 
361 842 993 
82 325 946 
780 
323 323 
229 229 
256 502 502 
154 154 
327 327 354 
248 293 450 450 450 502 615 731 984 
262 366 624 641 

592 
60 108 108 108 114 114 229 229 253 261 262 291 291 300 326 333 334 334 335 335 363 372 399 399 407 407 409 441 441 470 470 502 502 502 510 510 607 660 660 660 700 719 763 763 790 922 922 922 954 954 976 976 981 1017 1022 

229 
1023 1023 

259 490 
366 933 933 963 
954 954 
213 213 285 544 544 757 801 954 
277 277 613 613 
180 252 
229 565 
879 1009 1009 
316 316 

277 
68 255 810 
277 750 
5 5 204 263 263 396 396 767 
306 454 454 454 454 661 661 661 687 687 988 

65 65 182 182 612 864 
426 426 
404 954 
395 395 778 778 893 893 
55 
106 106 406 439 517 527 

451 861 
390 390 878 
114 114 384 384 767 767 
248 620 934 934 934 934 
871 871 
114 114 149 366 366 518 627 650 750 750 823 981 981 999 
665 665 766 
34 34 34 34 645 757 949 949 1013 1014 1014 
127 
218 218 218 954 
389 
196 229 869 869 
392 580 
151 229 366 366 422 427 427 427 427 561 561 579 579 584 584 584 
455 455 886 886 
366 962 962 
660 953 953 
39 188 277 492 903 990 
262 308 310 310 660 660 
82 609 749 841 946 
489 506 682 682 950 
229 229 229 504 672 1007 
761 761 761 761 963 
30 224 224 
340 
84 277 277 543 543 988 988 
79 184 299 573 
138 138 336 
407 561 579 579 583 584 979 979 
300 
73 73 483 
126 126 594 
388 388 1002 
89 89 229 229 407 407 407 407 583 849 849 854 975 975 1012 
129 129 242 431 498 498 498 557 557 684 684 709 755 843 861 861 870 937 937 
35 35 774 
84 
428 843 
175 175 175 740 740 740 740 780 880 880 880 880 
652 
43 101 187 515 640 698 698 756 756 756 820 820 954 954 
66 168 786 877 
209 209 

733 
20 162 162 277 277 277 392 855 855 
262 262 609 660 660 660 
234 366 366 679 

747 894 
808 808 
229 817 817 
229 229 
463 463 502 709 
71 151 151 451 555 

362 362 362 
394 448 780 1015 1016 
530 954 
550 550 903 
107 385 385 385 385 
149 408 408 
123 310 
351 
108 
277 283 283 283 957 
780 780 
34 34 183 183 229 229 229 949 1011 1011 
85 85 
28 28 447 447 
229 276 
590 590 

639 877 877 877 895 954 980 
475 
294 294 351 726 726 726 810 810 
212 366 366 912 912 

162 572 735 797 
94 94 94 881 881 881 902 
1012 
468 679 923 923 
114 114 114 
954 954 954 
25 585 971 
276 491 954 955 1010 
102 149 502 502 981 
712 712 712 784 784 
76 76 
424 975 
950 
229 707 
177 294 294 294 294 
540 862 1006 1006 
693 756 756 
414 
371 748 797 797 797 1020 
198 314 479 518 518 518 997 997 997 
411 886 954 
663 
157 205 205 297 

142 563 
43 147 954 
428 428 428 841 861 947 1010 1010 
789 
82 954 954 

53 245 259 313 335 336 359 359 362 366 366 366 447 480 480 556 731 738 757 762 763 800 836 922 922 953 966 984 
320 320 
415 
27 86 86 145 
414 756 756 851 928 
656 662 902 902 902 908 908 908 969 
662 
170 
366 366 797 797 821 821 
880 
719 
954 
544 544 
434 756 
186 199 689 954 954 
392 527 
264 399 491 491 491 954 
247 
608 
660 
253 
817 981 981 
736 
123 
844 954 954 
392 517 


452 789 789 
5 5 328 710 
22 22 22 53 53 90 90 905 905 905 966 966 966 966 
277 637 715 715 
918 
351 
923 
82 82 628 
773 1003 1003 
252 270 
487 
50 50 197 277 
273 
419 419 713 713 
7 75 109 374 374 514 514 775 
297 297 562 562 596 922 
780 886 886 886 
132 286 286 286 954 
31 337 337 351 719 721 721 782 810 810 835 835 835 954 954 
714 786 
453 453 
308 879 
742 810 810 820 820 956 
8 
231 
50 50 448 
502 
428 428 861 861 937 937 
324 939 939 997 
628 712 784 922 

103 407 407 422 
545 545 
496 
74 
377 877 
952 952 978 
876 944 
1002 
121 767 931 983 

135 138 196 199 954 
472 
420 
684 937 937 
875 
860 


407 407 422 422 
167 406 
120 196 
159 163 587 950 954 
243 243 422 427 671 
407 407 407 422 
478 702 702 
689 
15 582 942 954 972 972 
18 171 
70 772 
302 465 465 
243 
365 810 810 810 
172 699 
126 137 425 640 

545 
341 992 
819 
120 
36 36 861 871 
103 103 801 805 954 
37 751 751 751 954 
32 153 229 702 702 
826 1006 1006 

220 903 
366 
520 759 
413 440 660 754 

57 880 
387 660 878 
375 375 988 
73 
362 
253 253 253 253 332 332 348 632 632 663 663 982 982 
154 244 
1009 

397 
211 250 887 
951 
203 780 
140 140 363 641 959 959 959 
5 

399 
537 559 862 862 937 
31 351 351 351 695 
85 690 690 

227 229 233 616 616 1014 
107 107 107 711 711 711 
924 924 924 
102 102 102 166 
30 30 
533 
337 337 679 
467 895 895 
434 594 833 833 954 954 954 
263 263 363 624 
154 801 
17 82 

169 401 732 732 
74 74 160 717 761 
162 289 847 847 965 
9 1002 
736 
399 836 836 
56 220 694 694 
433 
780 780 840 840 886 886 
115 985 985 
229 229 229 323 
507 

11 68 810 
953 
105 105 141 238 262 366 366 366 410 412 412 440 440 440 521 609 612 675 835 835 835 878 922 922 922 938 954 986 
107 385 385 385 837 861 861 861 899 
507 508 969 
261 493 616 616 676 1006 1006 

400 400 904 
275 668 964 
117 117 676 1006 
666 
229 229 864 864 
144 
583 865 865 
415 1000 
88 164 164 165 791 

660 793 
663 667 
254 

441 475 638 831 
826 826 979 979 
229 722 869 954 
414 414 954 
213 213 865 
428 428 574 870 937 954 954 

5 33 77 77 77 328 328 
385 385 982 
745 
516 586 921 946 
630 630 
229 706 706 999 
90 
488 814 814 814 
651 651 791 791 
629 724 780 812 
879 
277 
7 7 7 434 434 871 871 871 988 
82 147 147 172 593 
366 
48 341 
585 585 603 603 
740 808 808 
954 954 
262 262 
323 323 691 691 871 
485 

428 447 920 
65 531 954 
107 633 633 633 
481 481 481 559 845 922 
543 543 
96 208 208 327 339 339 549 974 974 1001 1001 1006 1006 
321 321 350 533 533 
1004 1004 
646 839 

230 366 512 548 

332 332 332 332 548 548 954 
279 681 

695 
18 18 18 289 289 
229 469 469 469 730 730 894 
902 
209 209 
922 
229 229 726 726 
362 502 
645 645 1013 1013 1013 1014 
438 954 
105 141 
69 219 219 472 973 
127 524 649 
954 954 
122 122 122 189 189 502 966 
119 162 277 277 835 1001 
59 59 432 432 432 432 703 886 886 
83 
305 305 305 552 


114 688 
32 
229 229 443 
11 11 106 490 
413 841 
383 399 399 
37 602 602 602 829 
14 
136 136 136 
609 
350 428 771 934 
152 434 434 434 488 488 506 506 515 768 820 
374 401 502 
162 
281 608 
312 803 803 
160 416 416 416 416 646 
502 
366 366 502 
927 927 927 

400 830 
218 384 396 396 569 844 931 931 954 992 992 
101 756 
155 155 175 780 
920 
755 
589 794 
48 48 538 
429 935 935 
229 300 300 544 
229 

390 390 805 
272 274 
85 123 175 175 229 229 356 432 451 460 460 546 623 653 653 695 769 854 875 875 886 886 943 967 969 969 969 
213 314 320 
351 548 975 
267 
481 481 559 
288 288 
66 66 435 549 842 890 
82 222 

8 200 499 530 530 
68 232 232 366 
258 673 694 694 
168 168 
675 
196 772 885 885 
1001 1001 
182 
472 490 490 490 510 510 

262 1017 
336 502 
374 601 642 954 
296 296 
13 212 212 312 312 760 760 
301 
601 778 852 893 954 
810 
175 832 832 
444 444 703 703 
906 1011 
68 75 382 469 469 548 548 552 552 592 592 592 658 806 868 868 956 956 

695 876 

153 238 309 309 309 693 693 693 
888 
248 248 
445 445 523 
229 229 
229 276 317 598 
217 217 434 434 552 552 756 916 916 
510 510 966 
32 32 1022 1022 
349 349 399 
963 963 
13 13 212 212 
55 150 604 680 680 1006 

922 975 978 
751 
766 
140 319 334 679 911 
175 175 807 807 
126 640 640 
234 234 234 
548 548 548 660 660 660 739 1001 
259 259 502 650 650 859 859 
107 661 
954 1020 
717 
653 653 
413 498 749 930 946 
354 786 954 
428 431 
342 526 767 
44 712 943 943 
189 
147 147 249 647 647 
225 1005 1005 
427 427 
905 
506 
805 945 
117 117 218 
427 780 
118 118 277 439 439 958 
154 270 
954 954 954 
27 183 183 277 277 304 903 
836 836 
267 576 
131 394 428 428 498 557 557 600 661 661 661 1010 
487 628 628 

229 323 387 669 669 
671 671 683 

1008 
810 810 903 903 
405 405 681 
61 428 684 
229 229 398 398 600 698 698 698 706 873 
189 
132 871 
277 277 317 317 900 
66 575 780 780 
42 282 567 812 
435 467 467 467 565 
395 612 660 
23 35 54 74 308 308 330 378 551 696 1005 
79 79 214 214 229 229 229 432 432 432 432 511 611 
105 473 473 473 
105 105 240 907 907 
30 30 
30 
794 794 
27 27 39 85 85 147 147 193 193 229 408 408 492 546 546 546 653 653 740 740 780 780 
197 197 250 621 
815 
950 950 950 950 
786 
229 229 234 234 
301 
390 390 805 
443 726 
467 639 639 987 


129 265 265 
107 661 982 982 982 
874 
107 
473 507 507 507 727 
49 59 150 162 277 277 316 324 411 453 606 858 868 868 972 972 
665 
259 532 532 532 850 966 
809 
882 882 954 954 
507 507 507 
249 

831 
212 212 470 470 968 968 
176 176 176 176 

172 172 
820 820 

534 
103 103 977 
709 770 
689 
21 238 268 268 311 366 366 366 502 502 545 559 660 660 660 712 729 828 927 927 978 
125 125 475 475 536 
226 634 634 634 

273 
240 240 764 764 764 922 922 968 968 
95 95 506 935 935 1006 1006 1009 
213 
71 71 71 841 
119 119 569 767 767 
130 
372 372 
397 397 397 397 755 
774 774 928 928 985 1002 1006 1008 
336 336 
428 428 557 557 574 574 628 684 954 
71 71 71 141 141 141 660 
217 558 558 

42 238 277 
587 
10 780 845 845 
270 567 976 
852 
355 413 689 841 974 
256 498 
229 
401 401 461 1013 1013 
107 107 107 414 484 582 889 889 889 889 
622 
120 566 566 954 
410 410 502 659 1016 
5 5 14 37 40 55 55 61 74 107 127 128 128 130 134 134 139 147 158 158 158 158 159 171 178 178 186 192 196 198 205 209 218 229 229 239 250 273 277 277 284 305 305 318 318 341 341 366 366 373 373 374 389 403 434 434 452 467 477 477 477 479 492 497 500 500 513 516 516 518 526 526 547 548 548 571 582 587 601 602 640 640 640 660 681 682 684 684 704 704 710 721 733 737 737 767 801 805 838 842 857 857 857 907 907 937 952 963 997 997 1002 1006 1007 1023 
479 
337 337 552 810 810 
459 
76 194 194 855 
624 624 624 


409 409 
100 100 372 416 824 824 954 
308 666 
647 
259 502 532 532 532 532 738 821 905 
780 
21 912 912 927 927 
175 507 662 780 780 780 

478 
296 587 587 903 903 
735 
96 123 123 714 714 946 
427 427 483 782 828 
366 366 944 980 
919 1023 1023 
195 268 566 828 922 
155 249 249 422 422 680 680 
114 467 976 
366 399 399 480 523 523 
616 616 687 899 899 899 
569 
362 502 
58 58 115 654 654 935 
660 
6 229 229 895 
385 419 419 613 698 

411 

5 341 597 767 767 
354 
182 229 229 


491 491 491 558 954 954 
51 51 132 229 
399 691 
228 228 672 1013 
714 714 739 795 795 835 
1 240 240 426 568 648 935 954 1006 1008 1008 
538 538 
123 232 232 716 716 
110 110 110 848 848 879 
83 95 138 150 327 327 487 487 604 604 663 663 667 714 714 826 928 928 935 954 1002 
415 954 
240 315 315 867 935 1002 1002 
138 242 378 378 618 928 
93 479 498 498 861 
77 77 229 229 461 461 809 
427 474 
229 401 732 732 732 949 949 1000 
62 62 401 401 632 732 
451 
277 451 953 
249 262 366 799 
229 229 277 
36 36 36 258 258 
490 838 

366 822 822 
369 369 954 977 977 
