nodes: 1024 edges: 3143
107 107 310 310 454 901 901 
9 648 648 664 664 1002 1002 
182 182 
415 954 
20 20 20 20 212 
167 167 250 250 250 263 328 328 328 331 341 341 342 342 384 384 531 531 531 569 569 625 625 686 686 686 767 954 954 992 992 
759 
61 61 61 544 698 698 
178 183 229 231 231 366 366 553 789 
1 648 
175 943 943 943 
74 74 74 473 550 748 748 748 
82 82 82 
264 264 803 825 825 825 
452 954 954 
147 
954 
19 19 155 643 
588 588 725 725 
17 17 728 
4 4 4 4 229 229 439 
436 436 922 968 
277 277 532 532 
179 179 179 225 225 225 308 308 879 879 1005 

478 971 971 971 
422 422 422 584 
291 363 505 505 886 
463 463 463 
56 56 56 56 853 
224 224 636 636 636 883 883 883 954 
629 629 721 934 
228 229 603 746 822 822 998 998 
77 77 686 686 
401 401 461 461 
330 330 330 330 330 429 429 879 879 879 
229 229 229 600 1019 
602 602 602 937 937 954 

886 886 
133 133 497 497 497 954 954 985 
82 
277 277 876 941 941 
147 147 147 147 434 497 983 
559 559 845 845 1003 1003 
264 650 
176 
189 
701 701 701 773 773 773 
316 353 353 903 903 
277 277 277 541 555 
998 

335 335 335 335 336 502 502 532 936 
308 879 879 
391 826 826 826 954 954 954 
29 29 29 29 220 220 651 762 
344 344 
99 99 99 960 985 985 
740 740 740 
366 366 399 
7 7 7 328 328 328 698 870 870 954 
556 1014 1014 1014 
154 
93 93 93 93 229 229 582 
387 387 387 387 407 710 
281 435 435 786 786 786 877 890 890 890 
229 
230 382 382 382 658 658 658 790 802 810 810 

280 366 589 794 794 794 794 885 885 885 
151 448 477 930 930 930 930 938 
876 
229 229 424 424 424 614 614 644 644 811 
11 11 11 120 120 120 120 120 160 160 564 646 717 717 717 839 879 879 954 954 
392 
194 194 482 482 958 958 958 
33 33 229 686 686 686 1011 1011 
229 366 366 
241 344 420 420 866 866 866 880 
954 954 
604 604 604 
12 12 12 41 155 155 172 172 197 197 209 267 267 457 500 500 513 513 537 537 558 643 643 699 699 728 728 787 787 939 954 954 999 
1006 1006 
419 419 430 529 529 529 529 
113 123 123 123 229 229 229 229 462 630 630 630 780 863 886 886 886 886 
145 145 505 505 505 
674 

427 427 
532 692 692 
720 
271 271 479 1010 1010 
64 64 64 64 1010 1010 1010 1010 
277 410 410 410 473 
352 352 352 352 928 962 962 1006 
288 714 714 974 974 
928 
119 266 266 266 739 
58 58 58 344 
318 318 318 963 963 963 963 
434 434 756 756 
143 143 143 480 635 
601 601 601 836 919 919 
162 
660 734 734 881 881 881 881 881 882 882 882 882 882 
392 748 748 
0 0 171 171 310 310 454 633 661 837 899 901 901 950 950 950 950 954 
366 366 366 607 777 777 
1021 1021 1021 
1005 1005 

154 340 340 340 
85 162 162 229 229 229 229 
324 366 366 396 396 396 399 399 476 476 745 745 745 745 840 944 944 
229 229 233 632 654 985 
153 153 185 185 185 185 238 238 
667 667 
855 855 
98 739 739 931 931 931 
74 74 74 74 74 581 599 
569 569 
500 738 738 738 903 
85 85 85 162 162 168 168 229 229 435 435 435 456 456 456 456 525 525 525 780 780 780 974 974 974 974 1004 1004 1004 
367 367 367 
250 250 250 923 923 
425 425 594 594 594 640 833 
402 402 546 937 937 937 937 954 
954 
428 428 608 608 
932 954 954 
272 861 861 861 
547 547 547 547 998 998 
40 40 497 
351 954 
571 
252 252 270 270 753 
301 301 594 684 684 
421 421 1006 1009 
277 277 324 324 348 348 348 541 954 
181 624 624 624 831 831 831 
660 660 734 734 734 938 938 938 938 938 
959 959 
102 102 102 
151 151 151 407 670 
86 86 505 847 
224 
15 43 43 43 43 193 193 497 497 497 501 501 699 699 699 737 737 737 847 847 847 847 886 939 954 954 
208 208 
399 455 480 480 480 480 
509 826 826 826 903 1006 
71 144 144 144 285 285 448 448 448 
434 756 
116 116 309 309 309 357 357 357 603 603 814 814 814 814 910 
63 112 252 252 252 360 360 376 376 376 376 617 642 642 642 856 856 
17 82 82 583 769 769 769 979 
989 989 
205 494 954 954 
277 277 375 375 954 954 954 954 
582 582 954 
74 74 646 646 
541 541 
104 113 113 123 123 204 229 229 229 277 303 321 439 472 472 514 533 533 647 647 739 758 758 903 903 925 965 

165 165 165 165 741 
164 164 164 164 673 673 
256 256 355 355 355 355 635 
5 5 328 403 580 
123 123 171 171 435 525 525 792 792 792 
645 975 975 999 
509 509 509 799 799 799 
107 107 168 168 210 210 588 588 588 723 723 954 954 954 957 957 957 957 
82 82 267 593 593 593 593 915 915 
339 
304 471 471 471 585 585 702 702 780 
10 347 347 347 432 432 432 780 780 780 807 807 807 832 969 
46 238 238 238 511 511 660 754 754 864 913 913 913 
428 428 455 455 455 486 696 696 696 
8 273 896 954 954 954 
23 23 23 308 
376 376 376 
140 831 831 831 831 911 
2 2 329 387 796 796 796 994 
8 277 461 461 858 858 
420 
116 116 116 116 814 814 814 814 
516 516 954 
203 402 402 402 402 434 434 506 506 506 
411 674 674 674 
47 277 738 738 738 846 846 872 872 
966 966 966 966 
328 328 531 531 531 915 
391 841 841 841 954 
147 147 
76 76 548 958 958 
223 223 539 
199 229 229 405 571 571 885 954 954 954 
82 82 219 219 219 277 355 355 541 541 887 887 
491 491 491 954 954 
196 203 203 203 571 
789 
418 418 418 
407 
187 199 199 199 216 623 963 
162 242 242 242 242 303 303 303 384 384 384 384 
157 494 494 954 954 
277 
247 247 596 
148 148 327 327 714 714 
82 436 436 728 
171 171 615 723 723 723 
954 
4 470 470 803 825 825 825 
314 865 865 929 954 954 
611 611 880 880 
588 845 
203 329 329 329 487 487 487 487 
365 365 434 434 820 820 939 939 
403 403 767 767 853 853 853 853 853 954 
197 197 197 735 735 735 887 
56 56 437 437 651 
377 377 377 461 
335 787 787 787 
195 195 
30 30 146 417 417 417 417 
23 23 23 
388 388 924 
230 230 632 632 
32 897 897 1000 1000 
8 20 20 32 36 36 36 64 64 67 73 73 77 78 85 85 85 85 113 113 113 113 115 115 123 123 162 162 162 196 196 277 278 281 281 320 320 323 323 345 366 366 368 368 377 377 398 398 398 405 405 407 407 415 415 415 415 427 427 442 445 446 446 461 464 485 485 534 534 544 544 565 565 565 565 565 603 603 614 614 632 655 669 669 669 690 690 691 719 719 726 726 730 730 730 747 752 752 765 765 766 775 776 776 776 776 780 780 781 809 818 819 819 819 819 819 864 864 864 871 871 880 886 886 918 948 948 948 949 954 994 994 1011 1011 1018 
68 227 227 392 632 632 719 719 
8 8 300 554 554 554 
790 790 1004 1004 1004 
115 632 901 901 901 901 
631 834 891 


966 966 
116 116 176 176 176 309 309 545 660 660 814 922 922 922 941 941 941 
954 
305 305 305 334 334 334 334 334 927 959 1002 1002 1002 1008 1008 
79 420 420 
204 204 204 204 267 267 267 267 350 350 350 1009 1009 1009 
583 
617 
313 502 502 502 502 
536 
207 207 596 596 
397 397 397 816 816 984 
847 847 847 909 979 979 979 1017 1017 
5 5 5 125 125 125 621 621 887 887 954 954 
343 343 
136 136 154 154 154 270 270 270 270 376 539 539 539 
366 366 616 616 616 616 
677 677 677 1011 
382 
166 166 359 947 947 
466 545 
791 1019 1019 
371 502 532 532 836 905 905 905 966 966 
419 
616 663 663 
363 363 366 412 412 440 440 440 563 624 705 705 705 705 705 799 959 959 1017 
5 384 641 641 641 641 
13 13 45 904 904 904 
898 898 
98 98 98 277 739 
82 82 172 242 242 242 242 535 718 783 860 
922 922 922 922 978 
277 277 1007 
136 136 252 252 252 252 444 444 444 539 856 856 856 856 
92 92 407 583 
131 407 779 779 779 
178 302 542 926 954 954 
366 366 366 387 387 779 983 
666 666 
464 464 464 479 479 559 660 819 
22 22 42 42 50 50 50 94 139 139 158 158 162 183 189 197 206 229 266 269 269 283 283 324 324 339 346 346 348 348 381 381 381 383 383 419 419 419 419 419 423 439 439 449 449 453 459 459 468 475 485 485 529 529 541 558 570 570 603 619 697 707 707 739 739 872 874 876 876 903 903 903 941 954 954 960 960 988 988 988 1016 1016 1018 
229 630 630 630 
722 722 
70 301 725 725 725 804 804 
66 229 229 467 759 
876 876 958 
277 277 459 459 954 954 954 
954 
151 151 374 374 374 
547 954 954 958 
432 432 432 673 673 673 
96 785 785 785 921 921 956 
594 647 725 725 725 725 
314 892 892 
27 366 936 
368 368 368 368 368 954 
362 
469 469 469 486 

469 802 802 972 
494 545 545 

420 420 
231 366 366 423 423 775 775 
137 137 280 804 804 892 892 
273 590 590 
162 204 204 204 
174 858 858 858 
240 240 240 474 474 474 474 474 742 742 742 742 954 954 954 
385 385 419 661 
326 326 366 366 366 889 951 
23 23 54 179 412 412 551 551 551 879 879 879 
153 153 153 238 238 814 814 814 
0 0 107 107 317 412 412 412 412 454 454 954 
352 352 922 
760 760 803 
245 414 502 502 
213 290 491 781 781 781 
1008 
49 903 
310 819 874 874 
100 100 100 954 954 954 
831 831 831 831 
229 229 322 322 476 503 503 503 620 781 781 781 
162 715 
320 320 660 660 
229 229 357 357 603 603 706 827 827 864 877 
114 139 139 277 277 664 664 903 903 
355 355 
307 307 366 366 366 777 
208 208 337 337 361 714 714 868 1006 
5 5 5 61 61 61 167 191 191 331 331 531 531 580 686 686 
182 216 216 216 796 796 
35 35 35 35 35 334 879 
5 328 328 606 
548 548 616 616 711 721 721 
728 
240 240 240 240 240 330 366 959 
53 53 53 53 222 366 366 366 502 502 953 
53 421 421 502 800 936 
327 327 548 548 638 638 956 
634 634 634 804 924 1002 
173 277 714 714 714 739 
112 112 112 684 684 
5 5 597 701 701 735 735 954 992 
5 5 844 853 853 
251 251 
57 57 79 99 1011 
229 
277 277 
175 175 175 
139 139 139 277 277 523 

242 242 242 755 771 
134 457 457 457 469 469 469 535 548 629 629 629 
95 95 95 95 311 311 922 922 
49 49 
842 842 993 
166 166 166 166 197 197 325 325 728 946 946 

153 153 153 323 323 
566 
256 502 528 
154 154 800 
327 
293 450 450 615 731 731 743 788 788 788 
27 262 262 366 366 641 641 790 
586 586 946 946 
217 217 558 558 558 
8 8 60 60 70 78 78 108 108 108 114 114 229 229 253 253 262 274 274 274 291 300 300 307 307 307 326 326 326 334 335 335 335 363 363 372 372 393 399 407 407 409 441 441 441 450 450 470 502 502 502 510 510 510 607 659 660 660 660 700 700 719 719 733 745 745 763 763 777 777 790 790 922 950 950 950 954 954 954 963 970 976 980 980 981 1017 1017 1017 1022 1022 
124 124 124 954 954 
229 229 292 292 292 292 292 
1023 
954 954 954 
259 490 
366 366 817 933 933 933 963 
681 681 954 954 954 
285 285 285 954 954 
158 158 988 
154 154 154 154 180 180 180 252 
221 221 221 229 229 565 
879 879 879 1009 1009 1009 1009 

803 
277 277 277 
68 68 68 255 810 
277 277 750 
5 5 204 204 204 204 263 396 396 767 853 
306 306 419 454 616 661 661 661 661 687 687 988 
722 722 
65 65 65 65 182 274 274 864 
226 226 426 426 426 568 924 924 1002 
404 404 404 954 954 954 
395 395 400 778 778 893 893 893 
55 192 954 954 
75 106 230 406 406 517 517 527 527 
366 466 
451 451 780 
390 390 
114 114 114 384 384 
248 248 248 620 934 934 934 
229 229 229 690 690 706 871 871 871 871 
60 114 114 149 366 518 627 627 650 650 750 750 823 889 981 981 999 
390 642 665 665 778 778 778 
34 34 645 732 757 949 1013 1014 1014 1014 
127 127 187 187 187 187 736 736 1023 
167 218 218 954 954 
389 389 389 603 603 
196 229 229 565 869 869 
392 392 527 527 580 580 580 
65 144 202 229 229 271 272 366 366 427 427 427 427 561 579 579 579 579 584 584 671 
455 455 455 455 
366 962 
94 94 94 660 660 660 919 953 953 953 977 
188 492 903 
262 262 308 308 310 310 310 310 660 660 660 660 660 
586 609 609 609 749 749 841 841 946 
313 489 506 682 682 954 954 954 
3 229 229 229 229 1007 
761 761 761 824 
224 224 224 224 591 
201 201 201 
84 84 260 277 277 277 277 277 306 385 543 543 988 988 988 
79 79 184 241 241 299 299 573 
138 138 336 336 689 689 
26 26 26 561 561 579 583 583 584 584 584 979 979 
277 300 300 
73 73 73 882 882 
126 126 
388 388 388 634 634 1002 
89 89 229 229 407 407 407 407 474 519 583 695 695 849 849 849 975 975 1012 1012 
129 129 177 177 431 463 498 557 557 557 684 684 684 709 755 861 861 861 870 937 937 
35 35 
84 
428 843 843 843 843 
175 175 175 287 287 287 740 740 780 876 
652 652 652 954 954 954 
43 101 101 152 187 187 217 217 640 640 698 698 756 768 768 768 820 820 820 954 954 
66 66 123 123 123 168 786 877 995 
21 21 209 209 
220 220 
660 
20 162 277 277 570 570 570 
262 262 262 563 563 563 609 660 870 870 870 870 
366 366 366 679 679 679 679 679 
229 565 565 
894 894 894 
270 270 270 808 808 
229 747 747 747 747 817 817 
229 229 
463 463 463 463 502 763 763 
71 151 151 151 451 451 451 
277 277 
362 362 366 366 788 
394 394 448 448 448 1015 1015 
14 954 954 
277 550 903 903 
0 107 310 310 385 
149 177 177 177 408 408 408 408 
123 123 123 123 
82 351 351 351 535 
939 
277 277 283 283 957 957 
780 780 780 
34 34 183 183 221 229 1011 1011 1011 1011 
85 
28 28 28 428 447 447 447 447 
229 276 276 276 
590 590 590 594 
257 393 
281 639 639 877 877 888 888 895 954 987 
277 
294 294 294 296 351 351 351 726 726 726 726 810 810 810 810 
212 212 366 912 912 912 
174 174 174 780 
162 162 572 572 572 735 761 761 797 
11 94 507 507 881 881 902 
305 305 305 305 305 427 
277 679 679 679 802 806 923 923 923 
114 114 320 781 
71 954 954 954 954 
25 585 971 
92 276 276 491 954 954 1010 1010 
102 149 149 149 149 502 765 981 
712 784 784 
76 76 958 958 
780 
818 950 
229 229 277 277 707 707 707 
177 294 
216 216 216 216 540 714 
693 756 756 756 756 
414 726 726 726 
371 715 748 748 748 797 797 797 1020 
198 198 198 314 479 518 518 518 518 518 954 997 997 997 997 997 
411 886 954 954 954 954 954 
663 663 
157 205 205 297 
568 568 
563 959 
40 40 40 43 133 147 147 147 857 857 857 940 
428 841 861 861 1010 1010 1010 
954 
82 82 122 954 954 954 954 
147 147 
53 53 245 245 245 245 259 313 313 335 335 336 359 366 366 366 447 480 528 532 532 532 556 556 607 607 659 659 674 674 720 757 762 763 773 773 800 800 859 859 922 922 966 966 
320 320 320 

27 27 86 86 86 145 1017 
187 187 187 414 756 756 756 851 851 851 851 939 
473 473 656 656 662 662 902 902 908 908 908 969 
662 662 662 
150 170 170 170 
366 366 366 797 797 797 821 
176 176 660 793 880 
719 719 
82 82 954 954 954 
162 544 544 544 544 
756 756 961 
186 186 954 
392 392 527 
399 491 491 491 491 491 553 577 577 823 954 954 
427 
608 759 759 
660 660 
555 555 
348 817 817 981 981 981 

123 123 123 168 168 
767 767 844 954 
392 392 406 406 517 
359 502 
84 84 84 84 277 277 
954 954 
5 5 5 191 191 191 328 328 710 710 710 710 710 
22 22 53 90 259 259 502 502 502 692 953 
162 162 637 637 637 637 715 715 715 715 
229 229 
267 351 457 
246 954 954 954 954 
82 82 
1003 
195 252 252 252 270 808 808 
487 
50 139 161 161 197 197 277 
273 926 
419 419 713 713 
7 229 229 514 514 514 514 719 775 775 775 
238 257 297 297 562 562 922 922 922 941 
127 780 886 886 
132 132 132 132 286 
194 332 332 337 337 351 719 721 721 792 792 810 810 810 835 835 921 954 954 
714 1006 1006 
11 453 903 903 
308 308 308 879 
742 742 742 742 742 810 810 820 820 
8 518 
231 231 231 
50 522 522 587 
62 502 502 
428 428 428 861 937 937 937 
82 277 365 365 365 939 939 
44 44 276 628 628 712 712 712 784 922 922 
676 
407 422 422 
545 545 
262 440 440 440 496 959 
74 
229 229 229 229 229 377 405 442 442 927 
358 952 952 978 978 978 
876 876 876 
388 495 495 692 692 692 1002 
5 5 121 121 983 
277 277 439 439 439 957 
135 196 196 199 954 
472 472 472 
420 
684 684 684 937 
886 886 886 
860 860 929 
518 518 

407 407 407 407 422 851 851 931 
167 328 406 406 406 
120 
64 159 159 587 950 950 950 
155 243 271 422 422 427 671 
26 407 407 422 422 422 979 979 979 
174 174 478 702 702 
364 364 413 689 946 946 946 
555 582 942 942 954 954 954 972 972 
18 18 171 171 171 215 963 963 963 
70 772 954 954 
302 302 465 465 465 926 
417 
810 
172 172 172 172 699 699 699 
126 126 126 137 289 465 640 640 

207 247 247 
341 917 917 992 
819 882 
120 
36 871 
103 103 103 801 805 954 954 954 
37 37 37 954 954 
32 153 153 229 229 277 323 323 404 404 702 702 702 
81 81 81 826 826 
681 
331 903 903 
108 366 502 502 
129 129 520 759 
413 413 413 440 660 660 746 
820 820 
214 214 866 866 866 866 866 880 880 
878 
988 
73 73 229 229 830 830 994 994 994 
210 362 937 
253 253 253 253 261 332 332 385 632 663 663 663 982 
154 244 

277 900 
320 397 
250 250 
632 951 951 951 
203 780 780 
140 140 140 262 959 
5 5 767 844 
810 
399 399 
559 559 862 862 937 937 
31 31 351 351 351 695 
85 85 85 278 278 278 690 
234 
115 227 227 229 230 230 233 616 622 669 669 669 669 873 
107 821 821 821 
338 338 338 426 426 924 924 924 
102 166 
30 30 30 
533 533 533 533 
337 337 679 
467 467 888 
126 434 434 594 594 954 954 
263 263 263 263 363 363 
154 154 154 400 
17 82 82 
73 73 811 
169 401 732 732 732 1014 1014 
74 160 160 717 887 992 
162 162 289 847 847 
1 1 9 1002 
736 736 
45 399 399 836 836 836 
56 220 694 694 694 791 791 
433 433 433 
780 780 840 840 840 840 
115 
229 864 
507 507 978 978 978 

68 68 68 810 810 
366 502 502 953 953 
105 141 141 176 238 238 276 322 322 366 366 366 410 410 410 412 412 412 412 412 438 440 511 521 521 609 609 673 673 675 678 678 734 805 805 835 835 835 913 922 922 922 938 953 954 954 954 986 
107 306 385 385 385 385 837 861 861 899 899 899 899 
507 507 508 508 508 
261 261 493 493 616 616 616 982 1006 1006 1006 
1 1 324 324 834 834 
400 400 904 989 
275 275 668 964 964 
117 117 676 742 
666 
229 229 229 632 632 632 632 864 
144 880 932 
407 583 865 
1000 1000 
165 165 287 287 287 660 660 791 791 
87 188 188 188 502 502 990 
660 793 793 
560 667 1007 
254 254 254 
660 660 954 954 
441 441 441 441 441 475 475 475 638 831 831 831 831 
826 826 826 826 826 
373 373 605 869 869 869 954 954 
414 414 889 902 954 
865 
137 137 340 340 428 428 428 574 574 574 755 870 892 892 937 937 954 954 

5 5 5 33 33 77 77 77 328 328 
385 385 982 982 

421 421 586 921 946 946 
229 229 398 398 630 
229 706 706 
90 90 532 568 568 568 
488 814 814 814 
651 651 651 791 
427 427 629 724 780 780 812 812 
177 177 177 879 879 879 
277 
7 7 61 434 434 871 871 988 
82 82 147 147 147 593 593 593 749 
366 366 950 950 
48 48 48 341 341 
174 174 585 585 603 603 603 
740 808 808 
954 954 954 
262 262 262 262 262 
323 398 691 691 871 871 871 871 
277 277 485 485 485 

428 920 
65 531 531 531 531 531 954 954 
332 
481 559 559 559 784 784 845 845 922 
543 543 954 954 
96 96 208 208 327 327 339 339 339 487 549 974 1001 1001 1001 1001 1006 
321 490 533 533 533 533 739 797 
1004 
74 74 74 646 839 
267 879 
229 229 230 230 366 366 512 512 544 548 1016 
91 502 773 773 773 
31 332 332 548 548 838 838 954 954 
279 279 386 386 
171 171 210 210 210 
695 
18 18 280 280 280 289 289 289 289 954 
229 229 469 469 469 469 489 489 489 730 
902 902 
19 82 82 209 333 355 
922 
229 229 229 726 
362 362 
401 645 645 645 1014 
366 954 954 
105 105 141 141 141 660 
219 219 219 341 341 472 973 
402 402 649 649 954 954 1023 
147 147 147 954 954 
122 122 122 189 189 189 846 966 966 966 
98 119 119 162 266 277 277 339 715 835 835 
59 59 59 432 432 703 780 886 886 
164 1006 1006 
305 305 305 305 552 552 552 552 552 667 
362 
827 827 827 
114 114 114 114 366 366 
32 609 
229 445 445 445 445 
11 11 11 106 106 490 490 490 
413 413 699 841 841 
383 399 399 
940 
229 229 828 
136 988 
176 176 
350 428 684 771 771 771 771 934 934 
101 101 152 434 488 488 488 488 506 506 506 515 515 954 954 954 
401 502 949 949 
162 162 
6 281 520 520 608 
312 312 803 803 
416 416 416 472 472 
56 502 763 
366 366 447 447 502 762 
927 927 927 927 927 
229 229 480 
229 830 
5 218 218 384 526 526 625 844 853 931 931 931 954 992 
434 434 434 
155 155 155 780 780 780 
780 920 920 920 920 
350 755 755 755 755 
589 794 794 
48 48 48 502 502 720 720 720 
935 
229 300 300 544 544 544 
229 229 229 229 
108 108 326 366 366 
390 390 400 400 400 805 
272 272 272 274 
85 123 123 123 174 175 175 175 229 229 394 432 460 460 460 471 483 546 623 623 653 653 695 695 740 769 769 769 770 854 875 886 886 886 943 967 969 
229 314 314 314 320 320 320 476 

267 860 
481 481 559 712 712 
288 288 288 
66 66 66 435 842 842 842 842 890 
82 82 222 222 222 807 954 954 954 
362 362 362 450 
8 200 
68 232 232 363 366 366 
258 651 651 673 673 694 1019 
168 168 168 548 548 
511 675 675 889 897 
70 70 70 70 772 772 885 885 885 
1001 1001 1001 1001 
182 182 182 329 329 
472 490 490 490 510 510 510 715 925 
1006 1006 
170 170 170 262 1017 1017 1017 1017 
336 360 502 502 
601 954 
68 296 296 475 
13 212 312 380 760 760 825 825 
280 280 301 301 338 954 
601 660 660 778 852 954 
475 810 
175 175 175 787 832 832 
444 444 539 539 703 703 
229 906 906 906 1011 1011 
68 68 382 469 469 469 469 548 548 548 552 552 592 626 658 658 806 868 868 956 
73 644 
695 695 
922 978 978 978 978 
153 153 153 153 185 185 185 185 238 309 309 309 693 693 693 
888 
248 248 
372 445 445 523 523 
229 484 
229 229 229 229 229 276 317 598 
217 217 434 434 434 552 552 610 610 
510 633 633 633 
32 32 1022 1022 1022 
399 518 
416 963 
13 13 13 212 212 212 803 803 
55 55 55 150 150 150 604 604 680 680 680 680 680 1006 
323 323 744 744 744 
752 978 
954 954 
614 614 766 
140 140 140 181 181 181 181 319 319 319 319 679 679 679 679 911 959 959 959 
175 807 807 
126 
234 664 664 
548 548 660 660 660 739 739 1001 
103 259 650 650 650 859 
107 661 
721 721 952 952 954 1020 
74 717 
114 653 653 653 653 
192 192 192 413 413 498 749 749 930 946 946 954 
354 354 786 786 786 786 
431 431 431 431 
342 526 625 767 
44 44 215 712 712 943 943 943 
189 189 738 
145 147 147 147 147 249 249 249 647 647 
1005 1005 
427 427 427 
905 905 966 966 
506 506 506 506 579 579 
805 945 
29 218 218 218 218 218 342 342 384 767 
780 
118 118 958 
154 154 270 270 270 270 
497 497 497 954 
183 183 304 304 304 874 
502 502 836 
267 576 576 783 991 
131 131 131 428 428 428 498 498 557 661 661 1010 1010 1010 1010 
628 628 
85 
176 229 229 229 323 387 655 669 
213 213 671 683 
79 79 79 611 611 611 611 611 
1008 
327 810 810 903 903 903 
405 405 681 681 681 
61 61 428 440 440 440 440 684 
229 229 398 398 398 398 600 698 698 706 706 706 706 873 939 
189 189 277 
632 871 
277 317 317 858 900 900 902 
780 886 886 
42 72 277 277 282 282 432 567 567 567 
66 323 435 467 467 
612 
23 23 35 35 35 54 54 74 74 308 308 308 330 378 378 378 551 696 696 696 718 1005 1005 
79 214 214 229 511 611 611 670 996 996 
105 105 105 105 105 473 473 
105 105 105 105 105 424 424 598 907 954 954 954 
30 30 30 

70 70 70 196 794 794 794 
27 39 39 85 85 85 85 147 229 229 492 546 546 575 575 575 740 740 780 780 780 875 875 
197 197 219 250 250 646 
467 467 639 815 
307 399 682 793 950 950 
66 66 66 786 
234 
290 290 301 301 684 684 
390 390 390 
443 443 443 
467 
178 
228 228 793 
265 265 
107 661 661 661 661 982 982 982 982 
619 874 874 
0 0 107 107 233 233 233 233 
473 507 507 682 727 727 874 908 
49 49 122 150 162 162 277 277 277 316 324 324 411 453 453 550 550 606 606 868 868 868 972 
264 264 264 665 
259 259 259 850 850 966 
809 809 809 
882 954 
507 507 507 902 
249 
153 
181 831 
470 470 470 968 968 968 968 
176 176 176 660 

172 172 191 

597 597 
229 
103 103 410 938 938 977 977 977 
709 770 770 770 770 
288 288 548 689 
21 238 238 238 268 268 268 268 311 352 352 366 502 502 545 545 545 559 559 660 660 660 712 729 813 927 927 927 927 978 978 
125 125 475 475 475 
226 338 388 388 634 634 634 
162 797 
273 542 590 
240 565 764 764 764 764 764 922 922 922 922 968 968 
95 97 
213 576 
71 71 71 71 841 
119 119 119 579 767 767 767 
130 670 
372 372 372 
31 397 397 397 755 755 
774 1002 1006 1006 1008 
53 291 336 
37 37 127 127 127 127 428 428 557 557 557 574 615 628 628 684 684 954 954 954 977 1023 1023 
71 141 141 141 141 141 660 919 919 
82 147 217 217 458 506 558 558 871 
497 751 954 954 954 
42 42 238 238 238 277 545 
587 587 
10 10 10 780 845 845 845 
114 114 976 976 976 
852 
355 355 364 364 413 586 586 586 689 689 841 841 
256 256 
229 229 229 
229 401 757 757 1013 
107 107 107 107 366 366 366 484 582 582 582 700 700 889 889 
307 622 622 622 
566 566 838 838 954 954 954 
335 410 410 410 532 659 659 660 1016 1016 1016 1016 
3 5 5 14 14 16 30 37 40 40 55 55 55 61 74 74 80 80 82 82 107 127 128 130 130 134 139 147 147 157 157 158 158 158 158 159 171 171 171 178 178 178 186 192 196 196 196 198 198 205 205 211 213 213 218 229 239 250 250 273 273 277 277 283 283 283 284 286 286 292 305 305 305 310 318 318 318 341 366 366 366 367 367 370 370 370 373 373 373 374 374 389 389 389 391 391 403 403 414 414 414 433 433 433 434 434 452 452 467 477 477 477 477 479 479 491 492 492 492 492 492 499 500 500 500 500 513 513 513 516 518 518 526 530 530 536 536 536 536 548 548 571 587 587 587 589 589 601 601 601 602 602 640 640 660 660 660 678 678 681 681 682 684 684 704 704 704 710 710 713 713 721 721 725 733 733 736 736 737 737 756 756 756 767 787 787 787 801 804 805 829 829 838 841 857 882 882 882 907 937 937 937 940 940 940 952 952 952 963 1002 1006 1007 1007 1023 

288 337 810 
171 171 171 171 459 459 570 
76 76 76 194 194 282 286 482 482 855 
142 142 240 262 262 334 496 563 624 831 831 831 
58 277 277 
515 
95 95 409 
100 100 100 100 203 366 372 588 588 588 824 954 
666 666 
162 
190 190 190 190 237 237 259 259 502 502 738 738 738 850 850 905 
780 
21 912 912 912 912 927 927 
175 507 780 
366 
25 25 25 478 
296 587 587 903 
735 
96 96 123 123 123 123 714 
169 169 427 427 
366 944 944 944 
410 919 919 919 937 1023 1023 
268 566 566 566 656 656 656 813 813 813 813 828 922 922 
155 249 249 249 422 422 584 584 584 
366 366 
366 399 399 480 523 523 523 
616 663 687 687 899 899 899 899 
43 274 569 
248 
40 58 58 115 
660 
467 
277 277 277 375 385 419 419 419 613 698 753 
156 156 665 
674 
860 
5 5 341 597 646 767 
354 1007 1007 1007 1007 
182 229 229 614 614 614 
435 
880 880 
491 491 491 491 491 
32 32 51 132 132 
82 169 399 
228 228 672 672 1013 
714 714 714 714 795 795 795 795 835 
1 1 240 240 240 338 388 426 568 648 935 954 1006 1008 1008 
44 44 538 
123 123 123 232 232 232 716 
23 110 110 848 848 879 879 
83 83 95 138 150 327 549 549 663 663 663 714 741 741 798 798 826 935 935 954 1002 
269 415 676 954 954 993 993 993 993 
240 240 315 867 935 1002 1002 
138 242 242 242 378 378 378 378 
92 92 93 93 93 93 479 479 498 498 498 861 861 861 861 
77 77 229 229 254 344 461 461 461 461 809 809 
427 427 
401 949 1000 
62 62 62 401 401 401 645 645 732 
451 451 
277 277 719 953 953 953 953 
249 249 262 366 366 366 505 799 799 799 799 
229 277 
36 258 258 791 
490 838 
109 109 109 
366 366 822 822 822 
369 402 736 937 937 954 977 977 
