nodes: 1024 edges: 3141
107 107 310 454 901 901 901 
9 9 648 648 664 664 1002 
97 182 182 
954 
20 20 20 20 
167 167 250 250 263 331 331 342 384 384 531 531 569 569 569 625 710 767 767 954 954 992 992 992 
229 759 987 
61 544 544 544 698 698 698 
178 229 231 366 789 789 789 789 
1 1 648 648 
943 
74 74 658 658 658 748 
82 82 82 
264 264 264 264 312 803 803 825 
104 752 954 954 
147 147 458 587 
954 954 
19 19 19 155 155 396 
588 588 588 588 725 725 725 
17 17 17 
4 4 4 4 229 439 439 439 
436 436 922 922 922 968 
277 532 
120 179 179 225 308 879 1005 
351 
478 478 780 
422 
291 291 291 333 333 333 333 363 505 505 505 886 
423 
56 56 215 
146 224 224 417 417 636 636 883 883 883 884 884 954 954 
548 629 629 934 
228 228 229 229 603 746 822 998 998 998 
77 77 686 
401 401 401 461 
330 330 330 429 429 879 879 
166 166 229 229 600 600 1019 
602 602 937 937 937 954 954 954 
229 
411 492 492 886 886 
133 133 497 497 954 954 985 
82 355 
277 941 941 
147 147 434 497 983 
559 559 559 1003 1003 1003 
264 650 
176 
189 866 
701 773 773 
316 353 353 353 903 903 
277 277 541 541 541 541 555 
998 998 

335 335 335 336 336 502 502 532 936 936 936 
308 308 879 879 879 
826 826 826 826 
29 29 220 220 220 651 651 
344 344 
99 99 99 99 960 985 
740 740 903 903 
366 399 
7 328 328 870 954 954 
556 1014 
154 154 154 
93 93 229 229 229 277 277 582 
387 
281 435 786 786 875 877 877 890 
229 229 
382 382 658 658 658 658 810 
735 925 925 
280 366 589 589 589 794 794 794 
151 448 477 765 930 930 930 938 938 938 938 938 
876 
229 424 424 811 811 
11 11 120 120 120 564 564 839 839 879 954 
810 810 
194 482 482 485 958 
33 33 686 1011 1011 

111 241 420 611 866 880 880 
954 954 
604 604 
12 12 12 41 147 147 166 172 172 197 209 209 267 343 343 343 355 500 500 513 513 537 558 593 643 643 643 699 699 699 728 728 787 787 954 954 
741 1006 
419 529 529 
113 123 123 229 229 229 229 462 630 630 630 630 780 863 886 886 886 
145 145 145 505 505 505 505 1017 
674 674 
673 673 
427 427 427 427 427 
532 532 532 692 692 
712 720 
271 271 271 271 479 1010 
64 64 
277 410 410 410 410 473 473 902 
352 352 352 928 928 928 
714 
2 928 
266 266 266 739 739 
58 58 58 58 229 967 
318 318 963 
434 434 434 434 756 768 
143 143 143 480 635 635 
561 601 601 601 601 919 919 
14 162 
734 734 881 881 881 882 
748 748 748 748 
0 0 171 171 171 310 310 454 661 661 661 711 837 899 901 901 950 950 950 950 950 954 954 
366 366 366 366 607 607 652 777 777 
229 1021 
1005 1005 1005 
79 
154 340 340 340 
85 229 229 
363 363 366 366 396 396 399 399 745 745 745 745 840 886 944 944 944 980 980 
229 233 632 654 
153 185 185 238 238 238 910 
667 667 667 853 853 853 
194 855 855 
162 162 739 931 931 931 
23 74 74 74 581 599 952 
569 569 
500 738 738 738 738 
85 85 162 162 162 162 168 168 229 435 456 456 525 780 780 780 974 974 974 974 995 995 1004 1004 
799 
250 923 
425 425 425 594 640 640 
402 736 937 937 937 954 
954 
428 428 557 557 590 608 608 608 608 898 
954 
861 861 
547 873 998 
40 40 497 497 
351 842 954 

252 270 753 753 
301 301 594 684 684 
421 1006 1009 
277 324 348 348 541 
181 181 181 624 624 
660 660 734 938 938 938 938 938 

102 102 102 
151 407 
86 86 86 349 
30 
15 15 43 43 82 82 193 193 235 497 497 501 501 699 737 737 737 847 847 847 886 886 886 886 939 954 954 
208 769 
399 455 455 455 455 480 
560 826 826 903 1006 1006 1006 
71 144 202 202 407 407 448 448 
434 434 434 756 
116 309 309 309 309 323 323 357 603 603 603 814 814 814 
63 63 63 112 252 376 376 376 376 376 617 617 642 642 642 856 
17 17 239 769 769 769 769 
989 
205 205 494 954 954 
954 954 954 
582 582 954 954 
646 646 761 

104 119 119 123 123 123 123 204 229 229 277 277 321 321 321 322 439 472 472 514 533 533 637 647 647 647 715 758 758 903 903 925 965 
582 582 582 
165 165 165 165 673 673 673 
164 164 164 164 673 
36 36 82 256 256 256 355 355 355 
5 5 328 328 403 580 580 580 
123 123 171 171 171 435 435 525 525 792 792 792 792 
593 645 645 975 975 975 999 
509 509 509 799 799 
107 107 107 168 168 168 210 210 588 588 723 954 957 
82 82 267 576 593 593 593 699 915 915 
701 
304 471 585 585 702 780 780 
347 432 432 764 769 780 807 832 832 943 969 
46 238 238 238 511 660 754 864 913 913 
428 428 455 455 486 
8 273 896 
23 23 308 
376 376 376 
140 140 140 831 831 831 831 911 
2 2 229 229 329 329 796 796 994 
461 461 461 461 858 858 
420 420 
116 116 814 814 814 814 814 
516 516 954 954 954 
402 402 402 434 506 506 
674 
47 277 738 738 738 738 846 846 872 903 
966 966 966 
326 328 328 531 915 
391 841 841 841 954 
147 147 233 886 886 886 886 
76 118 548 855 855 958 
978 
218 218 229 405 571 581 581 581 794 794 794 885 954 954 954 
82 219 219 219 277 355 541 541 887 887 
491 491 491 491 857 954 
203 203 203 
789 789 
340 418 418 
151 151 407 
199 199 199 963 
162 242 242 242 384 384 
157 157 494 494 954 954 954 
277 277 
247 
148 327 361 714 
82 82 436 436 436 449 728 728 728 728 954 
171 171 615 
621 954 
470 803 803 825 912 912 
314 374 374 683 683 683 781 865 865 865 929 954 
611 880 
29 588 588 
329 487 487 487 487 487 
365 434 434 820 820 820 939 939 
196 196 403 403 403 767 767 767 767 853 853 954 954 
197 197 197 256 887 
56 56 56 437 437 595 595 595 606 
377 
787 787 

30 30 417 417 417 417 
23 848 
388 388 924 924 
230 230 632 
32 32 897 897 897 1000 
6 8 20 32 32 36 36 38 64 64 64 67 67 73 85 85 85 85 99 109 113 113 115 123 162 162 182 182 196 277 277 278 278 278 281 323 323 323 345 345 358 366 366 366 368 377 377 398 405 405 407 407 407 415 415 427 442 443 445 445 446 446 461 461 461 461 461 476 485 485 534 534 534 544 565 565 565 603 614 655 655 655 657 669 669 690 691 691 719 726 726 730 752 752 765 775 775 776 796 809 818 818 819 864 864 864 864 871 871 871 880 880 886 886 886 949 954 954 954 987 987 987 994 1011 1011 1018 1018 1018 
227 227 392 392 632 632 719 719 
8 554 
790 1004 1004 1004 
115 193 632 632 901 901 901 901 901 
631 631 631 834 834 834 891 891 
147 

966 
116 116 116 176 176 176 545 814 814 922 922 941 941 
155 837 
305 334 334 334 882 927 927 959 1002 1002 1002 1002 
79 420 420 
204 204 204 267 350 350 350 428 1009 1009 
583 583 
617 617 
313 502 502 
536 536 536 
207 596 
362 362 362 397 397 816 816 
847 847 847 909 979 
5 5 125 621 954 

136 154 270 270 270 376 539 539 
366 522 616 616 616 616 
677 1011 1011 
382 382 382 382 382 
166 166 166 219 359 887 947 947 947 
466 545 545 
791 1019 
371 502 502 532 836 836 905 966 
549 549 
366 616 663 
440 563 624 660 660 705 705 705 799 799 799 959 959 1017 1017 
5 384 384 641 641 641 
13 13 13 13 45 904 904 
703 898 898 898 
98 98 98 277 
82 172 242 535 718 783 860 860 
922 922 978 
277 
136 252 252 252 444 444 539 856 856 
92 92 92 92 407 583 
779 779 779 779 
178 302 302 302 542 954 
387 779 779 983 
668 668 
464 479 479 
22 42 50 50 64 64 94 139 162 162 189 197 206 206 229 229 266 269 283 283 298 324 324 324 339 339 346 348 348 375 375 375 381 411 419 419 419 423 439 439 439 449 453 453 453 459 459 475 475 475 485 485 529 533 533 541 541 558 570 603 603 619 666 697 707 727 739 739 855 855 858 876 876 903 903 941 941 954 957 957 988 988 1016 1018 
229 229 229 345 345 345 630 630 630 
376 722 722 
70 301 301 301 301 725 804 804 
66 229 
876 876 876 
277 277 459 459 459 954 
954 
374 374 374 374 427 
954 954 
432 432 673 673 
785 956 956 
647 725 725 
314 491 892 892 
27 27 27 366 366 366 936 
368 368 368 
362 362 
469 469 486 486 

802 802 923 
494 545 545 545 
277 

366 366 423 423 423 423 775 775 775 
137 137 280 280 280 280 804 892 892 892 
273 273 273 590 590 
447 
174 858 858 858 
240 474 474 742 742 954 954 
419 419 661 661 936 
326 366 366 366 388 889 
23 54 54 179 551 879 964 
153 153 153 153 814 814 
0 107 107 317 412 412 412 454 454 454 456 456 954 954 
922 
13 760 760 803 803 
245 
213 290 491 491 491 781 781 781 
1008 1008 
49 379 1020 
310 874 874 
100 100 954 954 

476 476 503 503 503 503 620 781 
162 162 162 715 715 
162 660 
153 153 229 229 229 357 357 603 603 603 706 706 827 864 
139 277 277 277 664 664 664 664 903 
355 355 
191 307 346 366 777 777 
208 337 337 337 337 361 361 361 361 714 714 868 1006 1006 
61 61 167 167 191 191 331 331 531 531 531 580 686 686 686 
182 182 216 796 
35 35 35 879 
5 5 328 328 
548 548 616 616 616 711 721 721 
27 27 27 27 
240 240 240 366 831 831 
53 53 53 366 366 366 
53 53 421 421 421 421 502 502 936 936 
327 327 327 327 548 638 638 638 956 956 
634 924 1002 
277 277 714 714 714 714 
112 112 112 201 418 
597 597 701 701 701 735 735 735 917 954 954 992 
5 844 844 844 
82 82 82 
57 57 779 1011 
229 229 278 278 278 
277 326 
175 832 
139 139 277 277 
145 399 399 399 823 823 
242 242 242 755 771 
24 134 457 469 469 548 548 629 
95 95 95 922 922 
49 49 49 
361 529 529 842 842 842 
41 82 166 166 166 197 325 325 946 946 946 946 
780 
153 323 323 
229 387 
256 502 502 528 528 
800 800 800 
208 327 327 327 327 354 
248 248 248 293 293 615 731 731 731 731 743 788 788 788 788 788 984 984 
27 114 114 366 624 624 624 641 790 790 
586 586 586 946 946 
217 558 558 558 558 
8 60 70 108 108 108 108 114 114 229 229 229 253 261 291 291 291 300 300 307 307 307 326 334 335 335 335 363 372 372 372 393 407 450 450 470 470 470 502 502 523 523 607 659 660 660 700 719 745 745 745 763 763 790 790 922 922 950 950 950 954 954 954 963 963 970 970 976 980 981 981 1017 1017 1022 
954 954 
229 292 292 292 
1023 
737 954 
259 490 490 490 
366 366 366 523 523 817 933 933 
681 954 954 954 
213 213 285 285 285 285 544 544 801 954 
277 277 277 613 613 988 
154 154 154 154 154 180 180 180 252 279 
221 229 229 
879 879 1009 
316 

277 
68 68 255 255 255 255 255 
750 
5 5 204 204 263 263 396 767 767 
419 419 419 454 454 454 616 661 661 687 988 988 
722 722 
65 274 358 612 
226 226 307 426 426 426 568 568 924 924 924 1002 1002 
404 404 404 954 954 954 
395 395 778 778 893 893 893 893 
192 954 954 
230 230 406 517 517 527 
366 466 
451 780 780 861 
390 390 878 
17 114 114 384 767 
248 248 934 
229 690 690 690 706 871 871 871 871 871 
60 114 114 149 349 349 349 627 627 750 750 823 823 823 889 981 981 999 999 
665 665 665 766 778 
34 34 34 645 732 732 757 949 949 949 949 1013 1013 1014 1014 1014 
127 187 187 187 736 736 1023 
167 218 218 218 954 954 
389 389 389 603 603 
196 229 229 565 869 869 
392 527 527 580 580 580 580 
144 151 151 202 229 229 229 271 366 422 427 427 427 561 561 579 579 579 579 583 584 
455 455 
962 962 962 962 962 
94 94 94 94 660 919 919 919 953 953 953 977 
39 277 492 903 990 
310 310 310 660 660 660 878 
586 609 609 749 749 749 841 841 
489 489 489 682 682 950 954 954 
229 229 504 504 1007 
761 761 761 963 963 
30 30 224 224 224 224 
201 201 340 
84 277 277 277 306 306 385 385 385 543 543 543 543 988 
79 184 184 241 241 573 
138 336 336 336 336 689 689 
26 407 550 561 579 583 583 584 979 
28 277 300 300 300 300 
73 73 882 882 882 882 
126 126 126 594 
388 388 388 634 634 1002 1002 
89 89 89 89 89 229 285 407 407 407 474 474 671 695 849 854 975 975 1012 1012 1012 
129 129 177 177 242 431 463 498 498 498 557 557 557 684 684 709 755 755 755 843 861 861 861 870 937 
35 35 767 

428 843 843 843 843 
175 175 287 287 740 740 740 740 780 780 880 880 880 880 
954 954 
43 101 101 101 101 152 152 152 187 217 217 515 515 640 640 698 698 698 756 756 768 768 820 820 820 
66 123 168 168 786 786 877 877 877 995 995 
21 21 209 209 209 922 
220 220 
733 
20 20 20 162 277 277 277 570 570 570 570 802 855 855 
262 563 563 563 563 609 609 609 660 870 870 
679 679 
229 565 565 
229 726 726 747 1018 
270 270 808 808 808 808 808 
229 229 747 747 747 747 817 817 
229 229 
303 463 502 709 763 
71 151 151 451 451 451 
209 277 
366 366 
394 448 448 448 1015 1015 1016 
530 954 954 
277 277 277 
0 107 310 310 310 385 385 385 
149 149 149 149 177 177 408 408 
123 123 310 310 
351 535 
15 939 
277 277 283 283 283 957 
780 780 780 
34 183 183 183 183 229 229 229 229 229 949 949 1011 1011 1011 
85 546 
428 447 
276 
590 590 590 590 
257 393 
639 639 815 815 877 877 877 888 888 888 954 
475 
294 294 351 351 726 726 806 806 810 810 
212 366 366 366 912 
174 780 780 899 
162 162 572 572 735 735 797 
94 94 507 507 881 881 902 902 902 
305 305 427 427 975 1012 
277 277 277 468 679 679 679 679 914 914 923 923 923 923 
229 320 320 
71 954 954 954 
25 25 971 
92 276 276 954 955 
102 149 502 502 
712 784 784 
76 76 958 958 
780 780 
950 950 950 
76 229 229 277 277 707 707 707 
177 294 294 
216 216 216 216 216 540 862 862 
693 693 756 756 
414 414 414 726 726 
371 371 371 715 715 748 748 748 1020 
198 198 198 198 290 314 314 314 518 518 518 518 954 954 997 997 
39 39 411 886 954 954 954 
663 663 663 962 
157 205 205 297 
568 
563 959 
40 40 43 133 133 147 147 857 857 857 857 857 940 954 954 954 
428 428 428 841 841 861 947 1010 
789 954 
82 82 122 954 954 
147 147 
53 53 245 245 259 259 336 336 359 359 366 366 447 480 480 528 528 532 532 556 556 607 607 659 659 674 674 773 773 800 800 836 859 922 922 953 966 984 
320 320 320 320 
415 415 
27 27 27 86 86 86 86 
187 187 756 756 851 851 851 851 851 928 
473 473 656 662 662 902 902 902 902 902 908 908 969 969 
662 
170 170 170 
797 797 797 821 821 
176 660 880 

82 82 954 954 954 
162 544 
434 434 756 756 961 961 961 
186 186 954 954 
392 392 527 527 527 
491 491 491 491 553 577 577 823 954 954 

608 759 759 
660 660 660 660 
253 555 555 555 
366 366 372 372 981 981 981 
736 
123 168 168 
764 767 767 767 844 844 954 954 954 
392 406 406 517 517 517 
359 359 502 502 
84 84 277 354 354 954 954 
452 789 954 
5 5 191 328 328 328 710 710 710 710 
22 53 90 90 90 259 502 502 692 692 905 905 905 907 966 966 966 
162 162 277 277 637 637 715 715 
229 229 229 
267 457 
246 246 246 954 954 
82 628 
1003 
252 252 270 808 808 808 
487 
50 50 50 50 139 197 197 277 277 
273 926 926 
419 419 419 419 713 713 
7 7 7 229 374 374 514 758 775 775 
238 257 257 297 297 297 562 562 562 562 596 596 922 941 941 978 978 
462 780 780 886 886 886 886 
132 954 
31 194 332 332 337 351 351 719 792 795 795 795 810 810 835 835 921 954 954 
260 260 714 714 1006 
422 903 903 
308 879 879 879 
742 742 810 810 810 820 820 820 956 
518 
231 
50 522 522 522 
62 502 502 
129 129 428 428 428 640 861 937 937 
82 277 365 365 365 365 939 939 
44 44 44 628 628 628 628 712 712 712 784 922 922 
150 676 676 676 
103 407 407 422 
545 545 545 545 
262 440 440 440 440 496 959 959 
74 74 
229 229 229 405 442 442 877 877 877 927 
952 952 952 978 978 
876 876 
388 388 495 692 692 912 1002 1002 
5 5 5 121 121 983 983 
277 439 439 439 439 957 957 
196 954 954 954 954 
472 472 
420 
684 684 937 
886 886 
172 860 860 
518 518 904 

407 407 407 407 422 851 
167 167 167 328 406 406 406 406 
120 196 196 196 
64 159 159 163 163 163 587 587 950 950 950 954 
243 243 271 407 422 422 671 
407 422 979 
174 174 702 702 702 
364 364 364 413 689 946 
15 582 582 942 942 942 954 972 
18 18 18 18 171 171 215 215 963 963 963 
70 70 70 954 
129 302 302 465 465 465 465 926 926 

810 
82 169 172 172 172 699 699 699 
126 137 425 640 640 647 
220 220 220 
247 545 545 922 
341 341 917 992 
819 882 969 
120 
36 36 861 861 861 871 
103 103 103 103 801 805 954 954 954 
37 37 751 954 954 
32 153 153 153 229 277 277 323 323 323 404 404 702 702 702 702 
81 81 826 1006 

220 903 903 
108 108 366 502 502 
129 129 129 129 520 680 759 
413 413 440 440 440 660 746 754 
820 820 
79 214 866 880 880 
387 878 878 
375 375 988 
229 830 994 994 994 994 994 
210 362 937 
253 253 253 253 261 332 332 332 385 632 663 663 982 982 982 
154 154 244 244 

277 
320 
211 250 887 
951 951 
780 
140 140 262 363 363 363 959 959 
5 844 954 
806 
399 399 750 
537 559 559 559 559 862 862 862 862 937 
31 31 351 695 
85 85 85 85 278 278 278 690 690 
234 234 234 
115 227 230 230 233 233 616 669 873 
711 711 711 711 821 
338 426 426 924 924 955 
102 102 
30 30 
162 533 533 
337 337 337 
467 467 815 888 888 895 895 
126 126 434 434 557 594 594 833 954 954 
263 263 263 363 
154 154 154 
82 82 82 
811 
169 169 401 732 732 732 732 1014 1014 
160 160 717 717 761 761 992 
162 162 162 289 594 847 847 962 
1 1 9 9 1002 1002 
736 943 
45 836 836 
56 56 694 791 791 
108 
780 780 840 840 886 
115 985 985 
229 229 229 864 
507 978 978 978 
229 
11 11 11 68 68 68 68 810 
366 502 502 953 953 953 953 
141 141 176 262 262 322 366 366 410 412 412 412 440 511 521 521 521 521 609 675 678 678 678 805 805 835 878 878 913 922 922 938 938 953 954 986 986 986 
107 107 107 306 306 385 385 705 837 837 861 861 899 899 899 
507 507 508 969 969 
261 493 493 493 616 616 676 982 982 982 1006 1006 1006 
1 1 324 324 324 324 834 
400 400 400 904 989 989 989 
277 668 964 964 964 964 
117 117 117 676 1006 
275 275 666 
229 229 632 864 
880 
427 583 865 865 865 
1000 
88 88 164 164 164 165 287 287 791 
87 87 188 502 502 
660 793 
560 560 560 663 667 
254 
660 660 660 954 954 954 
441 441 475 475 475 475 831 831 
608 826 826 979 979 
373 722 869 869 869 869 954 
414 414 889 954 954 
213 213 213 865 865 
137 137 428 428 574 574 755 755 755 870 892 937 937 954 954 

33 77 328 328 328 
385 982 

421 421 586 921 946 946 946 
229 398 398 398 630 630 
229 229 706 706 706 706 999 
90 90 532 532 568 568 
488 488 814 814 814 814 
651 713 791 791 
427 629 812 812 
879 879 879 879 
277 
7 7 7 434 434 434 871 871 988 
82 82 82 147 172 593 593 593 
366 950 
48 173 341 341 341 
174 585 585 585 603 603 603 603 
265 740 740 808 808 808 
954 954 954 954 
262 262 262 661 
323 323 398 691 691 691 691 871 
277 485 485 485 

428 447 920 920 
5 531 531 531 531 954 
107 332 633 633 633 633 
91 481 559 559 559 784 784 784 845 922 922 
543 543 694 954 954 954 
96 208 327 327 339 339 339 339 549 549 1001 1001 1001 1006 1006 
162 321 321 490 490 533 533 
1004 1004 1004 
646 646 839 839 
267 
229 230 230 366 548 1016 
91 773 773 
332 332 838 838 838 954 954 
279 279 386 386 681 
171 

18 18 18 280 289 289 954 
229 229 443 443 469 469 489 489 730 894 894 894 
277 
82 82 209 209 209 209 

229 726 
362 362 362 362 
401 401 645 645 645 645 
438 954 954 
105 105 141 
69 341 341 341 472 472 973 973 
127 402 402 524 649 954 954 954 1023 1023 
147 147 147 370 
122 122 122 122 189 189 189 189 966 966 
98 98 119 277 277 835 835 1001 
59 59 432 432 432 432 703 703 780 886 886 
83 1006 1006 1006 
305 305 552 552 
362 816 
827 827 
114 114 114 114 366 366 366 
32 609 
443 445 445 445 445 
11 106 106 106 106 490 490 490 
413 413 413 841 841 
383 399 399 627 
602 829 829 829 
14 229 229 828 
136 136 808 
176 609 
350 428 428 428 684 684 684 771 771 
101 152 434 434 488 488 506 506 515 515 768 820 820 820 820 954 
401 949 
162 162 544 
6 520 520 608 
312 312 803 803 803 
160 416 416 416 646 646 
763 
366 366 447 762 
175 526 927 
71 229 
400 830 
5 5 218 218 218 218 384 384 396 429 526 526 526 844 844 853 853 931 931 954 954 992 992 992 
101 434 434 756 
148 155 155 155 155 175 
780 
350 755 755 
794 794 954 
48 48 502 502 720 720 
935 935 935 
229 229 300 300 300 544 544 
229 
108 108 326 326 
390 390 400 805 805 
272 272 272 272 274 274 344 
25 85 123 123 123 174 174 175 356 394 394 432 432 460 460 460 471 471 483 483 546 546 623 653 653 740 770 840 854 854 875 875 886 886 967 1015 1015 1015 
213 314 314 314 320 
975 
267 
481 481 559 712 712 712 
288 
66 66 435 435 842 890 890 
82 82 222 222 954 954 
362 362 362 362 362 
8 8 8 8 200 200 499 530 
232 363 363 366 366 
258 651 651 673 694 694 1019 1019 
168 168 168 168 548 
675 889 
70 70 70 196 196 196 772 772 885 885 885 
548 548 548 1001 1001 1001 
182 182 229 329 
472 510 510 510 925 
1006 1006 
124 170 170 262 262 262 1017 1017 
360 360 360 502 502 
374 601 954 954 
296 296 439 
13 13 212 212 312 312 760 760 760 825 
280 280 301 
601 660 660 778 778 893 954 954 
469 469 626 
175 814 832 832 832 
444 444 444 444 444 539 539 539 703 703 703 753 
229 906 906 906 906 1011 
68 75 75 469 469 548 548 552 552 552 592 658 868 868 868 956 956 
73 73 644 
695 695 876 
922 978 978 978 
153 153 153 185 185 185 185 185 238 238 309 309 693 693 693 693 807 
467 467 639 888 888 
248 248 743 
372 445 445 
229 229 
229 598 866 
217 217 217 434 434 434 552 552 552 610 610 756 756 756 756 916 916 916 
510 510 633 
32 1022 1022 1022 1022 
349 349 399 399 399 518 
963 963 
13 212 803 
55 55 55 55 150 150 604 680 680 1006 1006 
323 744 744 
752 922 922 975 978 
751 751 751 954 954 
614 766 
181 181 181 181 334 334 679 679 911 911 959 959 
175 175 347 807 807 807 
640 
234 234 234 664 
548 548 660 739 739 
259 259 502 650 650 859 859 
107 239 661 661 
721 721 721 952 954 954 
74 74 717 717 
114 653 653 780 
192 192 192 413 413 498 498 749 749 930 930 946 946 954 954 
134 354 354 354 786 954 954 
428 431 431 431 431 
342 342 342 526 526 625 767 767 
712 943 
189 189 
147 147 147 249 249 249 647 647 1017 1017 
225 1005 
427 
905 905 905 
506 506 506 506 506 579 

117 117 117 218 218 767 767 
427 780 780 
118 118 194 194 277 277 439 439 951 958 
154 270 270 
198 497 497 497 497 497 954 954 
183 183 277 304 304 304 
502 836 836 
267 267 576 576 991 
131 131 394 428 428 428 498 557 600 600 600 661 661 1010 1010 
487 487 628 628 628 628 
85 
176 229 229 229 229 323 655 669 
213 213 213 671 671 671 683 683 
47 79 611 819 
935 
327 810 810 810 903 
405 405 681 681 681 681 
61 428 440 440 684 
229 229 229 398 398 398 398 398 600 698 698 706 939 
189 
132 632 941 
317 317 900 900 
66 780 780 886 
72 277 277 282 282 282 567 567 812 
66 66 435 435 435 467 467 467 565 565 565 
395 412 612 612 660 660 
23 35 35 54 54 54 74 308 330 378 378 551 551 551 696 696 696 696 1005 1005 1005 
79 79 214 229 229 432 432 432 432 511 611 611 670 
105 105 105 473 473 
105 240 424 424 424 424 598 907 907 954 954 
30 30 30 
30 30 
196 794 794 794 
27 39 39 85 85 85 114 147 147 147 147 193 193 193 193 229 229 229 492 546 546 546 546 575 575 653 740 740 780 780 875 
197 197 219 256 621 
467 467 467 639 639 815 815 
307 399 682 793 950 950 950 999 
66 786 786 
234 234 
290 290 301 301 301 684 
390 390 390 390 805 
726 726 726 
639 639 
178 
228 228 228 
129 265 265 265 
107 471 661 661 661 982 
874 874 
0 0 0 107 107 233 233 233 233 233 
94 473 473 473 507 507 507 507 507 
49 49 59 59 150 162 162 189 277 277 324 411 550 550 606 606 868 972 972 
264 264 577 665 
259 532 532 532 850 850 850 966 
809 809 809 809 
532 882 882 954 954 
507 507 
249 
116 
181 831 831 
212 212 470 568 968 
176 176 660 
475 475 
172 172 191 
820 820 820 
341 597 

103 103 410 410 410 938 938 977 977 977 
709 709 
548 689 956 956 
21 21 21 238 238 268 268 311 352 352 366 366 436 502 502 545 559 559 596 660 660 712 712 813 828 828 927 927 978 978 
125 296 475 475 475 475 
226 226 338 388 388 388 634 634 
69 69 162 797 
542 542 590 590 
240 240 565 764 922 922 968 968 
95 95 95 97 506 935 935 1006 1006 1006 1009 1009 1009 
213 
71 71 71 841 841 
119 119 119 767 767 

372 372 963 
31 397 
774 774 774 867 928 928 1002 1006 1006 1008 
53 53 53 291 306 336 336 
37 37 37 127 127 127 428 557 557 574 615 628 684 684 954 954 954 977 977 1023 
71 71 71 71 71 141 141 141 141 141 660 660 919 919 
147 217 217 458 558 558 871 
497 954 954 954 954 
42 42 238 238 277 277 545 545 873 
587 587 587 
10 175 649 845 
114 114 114 976 976 

355 355 355 355 364 364 586 689 689 689 841 841 
256 256 256 498 

229 401 401 401 401 461 461 757 1013 1013 
107 107 107 107 107 366 366 366 414 484 484 484 582 582 582 700 889 889 889 
622 622 855 
120 566 566 566 838 954 954 954 
410 410 410 502 659 659 659 659 660 1016 1016 
3 5 5 14 14 16 16 30 30 37 37 37 40 40 61 61 74 80 80 82 82 107 107 127 128 130 134 147 147 157 157 158 158 158 159 159 171 186 186 186 192 196 196 196 198 205 205 205 209 211 213 218 218 229 229 229 250 273 277 283 284 286 286 305 305 310 310 318 318 341 341 366 366 366 367 367 370 373 373 373 374 389 389 389 391 391 403 403 414 414 433 433 452 452 467 477 477 477 479 491 491 492 492 492 497 497 497 499 500 500 513 513 513 516 516 518 518 526 526 526 529 529 530 536 536 547 548 548 571 571 571 571 582 587 589 601 601 601 602 602 625 640 640 660 678 678 678 681 682 682 684 684 704 704 704 704 710 713 713 713 721 721 725 733 733 736 736 736 756 767 767 772 787 787 801 801 805 805 829 829 838 838 841 841 842 842 857 857 882 882 907 907 937 937 937 940 940 940 940 952 952 952 963 963 997 997 1002 1002 1006 1006 1007 1007 1007 1023 1023 
479 634 
288 288 337 337 552 810 810 921 921 
171 277 277 459 570 570 
76 194 482 482 855 
240 262 262 496 563 563 624 624 831 831 
58 
515 515 515 
409 409 409 409 409 493 647 
100 203 366 366 416 416 588 588 588 824 824 933 954 954 
308 666 666 666 666 
162 
190 190 190 237 259 502 532 532 532 738 738 905 
99 780 
21 912 927 927 
175 507 507 598 662 662 
366 366 
478 
587 903 903 
735 735 
123 123 123 123 
169 169 169 427 427 474 782 828 
366 944 944 980 
410 919 919 919 937 937 1023 1023 1023 
195 268 545 545 566 566 656 656 656 813 813 813 828 922 922 
249 422 584 680 680 
114 114 366 976 
366 366 399 399 523 523 523 
616 616 616 663 663 663 687 899 
43 274 569 569 
362 362 502 
40 58 654 654 
660 660 660 
6 229 229 229 
277 277 375 385 385 419 613 698 
156 665 665 665 
411 
860 
5 5 5 341 597 646 767 767 767 
1007 1007 1007 
182 229 614 614 614 614 614 
123 123 435 435 

491 491 954 954 
32 32 32 51 51 132 
169 399 399 691 889 
228 672 1013 1013 1013 
714 714 714 739 795 795 795 
1 240 240 240 240 338 388 388 426 426 568 568 648 648 935 954 954 1006 1006 1008 
44 44 44 538 
123 123 232 232 232 716 716 716 
23 110 110 110 848 879 879 879 
83 138 150 150 150 327 327 549 604 663 663 663 667 714 714 741 741 741 798 798 826 826 928 928 928 935 935 954 954 1002 1002 
415 954 954 954 993 993 993 
315 315 935 1002 
138 242 242 378 928 928 928 
92 498 861 861 
77 77 229 229 254 254 344 461 461 461 809 
427 427 427 474 
401 401 949 949 1000 1000 1000 
62 401 401 401 645 645 
451 451 780 780 780 
277 451 719 953 953 
86 262 262 366 366 799 799 847 847 
229 229 229 277 443 
36 258 791 791 
316 490 
109 
366 822 822 822 822 
369 402 736 736 937 954 954 977 977 977 
