nodes: 1024 edges: 3135
310 901 
9 648 648 664 747 1002 1002 
182 182 182 
954 

7 167 167 250 263 263 328 331 341 384 531 531 569 625 625 686 686 710 767 954 992 
229 759 987 
5 61 61 61 544 544 698 698 
183 229 229 229 231 300 300 366 366 366 553 553 789 789 789 
1 648 648 648 
175 943 943 943 
74 658 658 748 748 748 
82 
264 312 803 803 
222 452 752 
147 
954 954 
19 19 155 155 155 155 643 
588 725 725 725 
17 17 728 
229 439 439 439 
922 968 968 
532 532 532 
120 179 179 225 308 308 308 617 879 879 1005 

478 478 780 971 971 
422 584 584 
291 291 291 291 333 333 333 363 453 505 505 505 886 
423 463 463 
56 56 56 215 853 853 
146 224 591 636 883 883 883 884 884 954 954 
548 629 629 629 721 
228 228 228 229 603 603 746 746 822 822 998 
77 77 77 686 686 686 
401 401 461 
330 330 330 429 429 429 879 
166 600 600 1019 1019 
602 602 602 751 937 954 954 954 
229 
411 492 886 886 886 886 
133 133 497 954 985 
82 82 
277 277 277 876 941 941 941 
147 497 939 
559 845 845 845 1003 1003 
264 
754 
189 866 
701 773 773 773 773 
353 353 353 903 
277 277 541 541 555 555 696 
998 
954 
335 335 335 502 502 502 532 532 936 936 
308 308 879 879 
391 391 826 954 
29 29 29 220 220 651 762 
344 344 
99 985 
740 740 903 903 
366 366 399 
7 7 7 328 870 870 870 954 954 
556 1014 1014 
154 
93 93 229 229 229 277 582 
387 387 
281 435 435 435 786 786 877 890 
197 197 197 229 229 
382 658 658 658 658 790 802 810 
735 925 925 
280 589 589 794 794 885 
151 151 151 448 765 930 930 930 930 
277 277 277 876 
79 229 229 229 424 424 424 424 811 
11 160 564 646 646 717 839 
544 810 
194 958 958 958 
33 33 33 229 229 686 686 686 1011 
229 366 
73 111 241 420 420 420 866 866 866 880 
954 954 954 
604 
12 41 41 147 147 155 166 172 197 267 267 343 355 413 457 500 513 513 537 699 728 939 954 954 999 
741 1006 1006 
419 430 430 430 529 529 
123 123 123 123 229 229 229 462 630 630 630 630 780 780 863 886 886 
145 505 1017 
674 674 674 

427 988 
532 692 
720 
271 271 479 479 1010 1010 1010 
64 64 1010 1010 
277 277 410 410 410 473 473 473 902 902 902 
352 352 352 560 928 928 962 962 1006 
288 974 974 

266 739 1022 
58 229 344 967 
318 318 963 963 963 963 
434 756 756 768 
143 143 143 480 635 635 635 635 
561 601 601 601 836 919 
739 739 
660 660 734 734 734 734 734 881 881 881 881 882 882 882 986 986 986 

171 171 310 310 310 454 633 633 661 661 837 899 899 901 901 950 954 954 954 
366 366 366 458 652 777 
229 1021 1021 
1005 1005 
79 
154 154 340 340 340 
229 229 
396 396 399 476 745 886 944 944 980 980 
229 233 233 233 632 654 654 985 985 
153 153 153 185 185 185 238 238 
667 853 853 853 
194 952 
162 162 162 739 739 931 931 
23 512 581 599 599 599 599 
569 

85 85 85 85 162 162 162 162 168 168 168 229 229 456 456 456 456 525 525 525 780 974 974 
367 367 799 
250 923 
425 594 594 640 833 
369 402 402 937 937 937 937 954 
954 954 954 
265 428 557 557 557 590 898 
954 954 954 
241 272 861 
515 873 998 998 
40 40 497 
351 842 954 954 
199 199 571 
270 753 
301 301 301 684 684 
421 421 571 1006 1006 1009 1009 
277 324 348 348 541 
181 181 624 624 831 831 
660 734 734 883 938 938 938 938 
496 959 959 
102 102 102 
151 151 
86 847 
30 224 
15 43 82 82 193 193 193 193 235 235 501 501 699 699 847 847 886 886 886 906 954 
769 
260 399 399 480 549 
509 826 826 1006 1006 
71 71 71 144 144 202 202 285 285 407 407 448 448 448 
434 685 756 801 
116 116 116 309 309 309 323 323 357 603 603 603 814 814 814 
63 112 112 360 360 360 360 376 376 376 376 617 617 642 642 856 856 856 
17 17 17 17 82 769 769 
989 
205 494 954 954 954 
277 375 375 697 954 954 954 
954 954 
74 646 
541 541 
119 119 119 123 123 123 123 204 277 277 303 303 303 321 321 439 472 472 514 533 533 533 637 647 647 647 715 903 903 925 
224 582 582 
165 165 165 673 673 741 
164 164 164 
36 82 355 355 635 635 
5 5 328 328 403 580 580 580 
123 123 123 171 171 171 171 435 525 792 
593 645 645 975 975 975 999 
509 509 799 
107 107 168 168 168 168 210 210 588 723 723 954 954 954 957 957 
82 576 593 915 915 
339 701 
471 471 780 
10 347 432 432 764 769 769 780 780 807 807 832 832 969 969 
238 511 511 660 660 754 913 
455 486 696 696 
273 896 954 
23 23 308 
376 376 
140 140 831 
2 2 2 229 229 229 387 796 994 
8 277 461 461 461 858 858 
420 
116 116 116 328 814 814 814 814 814 
516 954 954 954 
402 402 402 434 434 506 506 506 506 
411 674 674 
47 277 738 738 738 738 846 846 872 903 903 903 

326 328 531 531 
391 391 841 841 841 841 954 
147 147 147 147 886 
76 118 548 
223 223 978 978 
199 218 229 229 571 571 581 794 794 885 954 954 
67 67 67 82 219 219 277 355 541 541 887 
491 491 491 491 954 954 
135 135 196 203 203 516 571 
789 
340 340 418 418 418 684 
151 151 
199 199 216 623 
162 242 242 242 303 303 384 384 384 384 
157 494 494 954 954 
277 
247 247 596 
327 361 361 361 714 714 
436 436 449 728 728 728 954 954 
171 171 723 723 
954 
470 803 825 825 912 912 
314 374 374 374 683 683 781 929 954 954 
611 880 880 880 
29 588 845 
203 487 487 
365 365 434 434 820 820 939 
196 403 403 767 767 767 767 853 853 853 853 954 
197 197 256 735 735 735 887 
56 56 437 437 595 595 651 651 651 
377 377 377 461 
14 787 
195 195 
30 146 163 417 417 417 
23 
388 388 
230 230 632 
32 32 32 897 1000 1000 1000 
6 8 8 8 20 32 38 64 64 64 67 67 73 73 73 77 77 78 85 85 85 99 109 113 113 115 123 123 182 182 182 196 196 241 277 278 281 320 320 320 345 366 368 377 377 398 398 405 405 407 407 415 415 427 427 442 443 445 446 446 461 464 464 464 476 476 476 485 534 534 534 544 544 544 565 565 565 565 565 578 578 578 603 603 614 632 655 655 655 669 669 681 690 690 690 691 691 691 719 726 726 726 730 752 752 765 766 766 775 775 775 776 776 780 780 796 796 809 818 819 819 819 819 864 864 864 864 871 871 871 880 880 880 886 886 891 918 949 954 954 954 987 994 994 998 998 1011 1011 1013 1013 1018 1018 1018 1018 
227 227 392 392 392 392 632 719 
8 300 300 554 
790 790 835 1004 1004 1004 1004 
115 115 115 632 632 901 901 
441 631 834 834 891 
147 147 
767 
966 966 
116 116 176 309 309 309 660 660 814 922 922 941 
837 954 
305 334 882 927 927 927 959 1002 1002 1002 1002 
79 131 229 420 420 420 
204 204 204 267 267 267 350 350 1009 1009 1009 1009 
583 
617 617 
313 502 502 
536 536 
207 207 519 
362 362 397 397 397 816 
847 847 979 979 979 1017 1017 
5 125 621 887 954 
343 
270 270 376 539 
393 522 616 616 
677 1011 
382 382 382 382 
219 887 947 947 947 
466 545 
1019 
371 371 371 502 502 532 836 836 836 836 905 905 905 966 966 
149 
366 366 616 663 663 663 663 
363 363 366 366 440 440 563 624 660 705 705 959 1017 
5 5 641 641 641 
13 45 904 904 904 
129 703 898 898 
98 277 739 
82 82 242 242 242 718 783 783 
922 978 978 
277 277 1007 
136 252 252 444 444 444 539 539 856 856 856 944 
92 92 
131 779 779 
178 302 926 954 
366 366 387 387 779 983 
666 668 
464 464 464 464 479 479 479 559 660 819 
42 42 42 50 50 64 72 72 72 94 94 139 158 162 162 183 189 197 206 229 266 269 269 283 283 298 298 324 324 339 346 348 348 375 375 381 381 381 381 383 383 383 411 411 419 419 419 419 423 423 439 449 449 453 453 459 459 459 475 475 485 485 529 529 529 533 533 533 541 558 570 603 603 603 619 619 666 666 697 697 707 707 739 739 855 855 858 858 872 876 903 941 941 954 960 988 1016 1018 
229 345 345 
722 722 
70 301 301 301 301 725 725 804 
66 229 759 759 759 
876 958 
277 277 459 459 954 954 
954 
151 151 374 374 374 
547 547 954 954 
432 432 432 
96 785 
647 725 725 725 
314 314 491 892 892 
27 27 27 27 366 366 
368 368 368 368 954 

469 486 486 486 486 486 
821 
802 802 972 
494 545 545 
277 277 498 
420 
8 8 231 231 366 366 366 423 423 775 
137 137 137 280 280 280 280 804 892 
273 590 590 590 590 
162 162 162 204 204 
858 858 858 858 
240 388 474 742 954 
419 661 661 661 661 936 
366 366 366 366 889 951 
23 23 23 54 54 179 412 412 551 551 551 879 879 
153 153 153 238 238 238 814 814 814 
0 107 107 107 317 317 317 412 412 454 454 456 456 954 
352 352 922 
13 803 803 
245 414 502 502 
213 290 290 491 781 
1008 1008 
379 379 903 903 
310 310 310 819 874 874 
100 100 954 954 954 
831 831 
229 229 229 322 322 322 476 503 503 781 781 
162 162 715 715 
320 320 320 660 660 
153 153 357 603 603 706 827 877 
139 277 277 558 664 903 903 
355 355 355 
191 366 366 366 777 777 
208 337 337 337 361 361 361 361 1006 1006 
5 61 167 167 185 191 331 531 531 580 686 
796 796 796 
35 35 35 334 879 
5 328 606 
548 721 721 
27 27 27 
240 330 366 366 366 831 959 
53 53 53 366 366 502 953 
421 421 502 502 502 936 936 
327 327 327 638 638 638 638 638 956 956 
634 634 634 924 
173 277 714 714 
112 112 112 201 201 684 
5 597 701 701 701 735 954 954 992 
844 844 844 844 853 
82 251 
57 57 99 1011 
229 278 278 
277 
175 
139 139 277 277 523 616 
399 823 823 
242 242 715 755 771 
134 457 469 548 548 548 629 629 629 782 782 782 
95 95 95 311 311 922 922 
49 49 49 
361 529 529 842 993 993 993 
82 166 166 197 325 325 325 728 946 946 946 
780 780 780 
153 323 

502 528 
154 154 154 154 800 
208 208 208 327 327 327 327 354 
248 248 437 450 450 450 502 502 731 788 788 788 
27 262 262 366 366 624 641 790 
946 946 
217 217 558 558 558 
8 8 8 60 60 78 108 108 108 229 261 261 262 262 274 274 291 291 300 300 300 307 307 307 307 326 326 326 334 334 334 335 335 363 363 372 393 399 407 409 409 441 450 470 502 510 523 523 607 607 659 660 660 700 719 745 763 763 777 777 790 922 922 950 950 954 963 970 976 980 981 981 981 1017 1017 1022 1022 
124 124 954 
229 292 292 292 292 
127 402 937 1023 1023 
737 737 737 954 
259 259 259 490 490 490 490 490 
366 523 523 817 817 933 933 933 933 963 
681 954 954 954 954 
213 213 213 285 285 285 544 544 757 954 954 
158 158 277 277 613 613 613 
154 154 154 154 180 180 252 
221 221 221 229 229 565 
879 879 1009 1009 
316 316 
709 803 
277 277 277 277 
68 255 255 255 255 810 
277 277 277 
5 204 204 204 204 396 767 767 853 
419 419 454 454 454 616 661 661 661 687 687 687 687 988 
722 722 
65 65 182 274 274 612 864 
226 226 305 426 568 568 1002 1002 
404 404 954 
395 395 400 400 778 778 893 
55 55 192 192 
230 230 230 230 425 439 439 517 
253 366 466 
451 451 780 861 
390 390 878 878 
114 114 384 767 
248 248 248 934 934 934 934 
229 229 690 690 706 871 871 871 871 
60 114 149 149 349 366 650 750 981 981 
390 390 665 665 778 778 
34 34 645 732 757 949 949 949 1013 1013 1014 
127 127 187 187 187 369 736 736 736 1023 1023 
167 218 218 
389 389 603 603 991 
229 229 565 869 
527 527 580 
151 151 229 229 366 422 422 422 427 427 427 427 561 561 579 579 579 579 583 584 671 
886 
366 366 962 962 
94 94 94 660 660 660 919 919 919 953 977 
39 188 277 277 492 492 903 
308 308 310 310 660 660 660 
82 586 609 609 609 609 946 946 
313 489 489 489 682 950 954 954 954 997 997 997 
229 229 504 504 672 1007 1007 
761 761 
224 224 224 591 
201 201 201 
84 277 277 277 277 306 385 385 543 543 543 543 988 988 
79 79 79 184 241 241 241 299 573 573 
138 138 336 336 689 689 
26 407 407 407 561 579 583 583 583 583 584 584 979 979 
28 277 277 300 300 
73 73 73 73 483 882 
126 392 594 
388 634 1002 
89 229 229 407 407 407 407 474 474 583 671 671 695 854 854 975 975 1012 
129 431 463 498 557 557 684 709 755 755 843 843 861 937 
35 35 35 774 
84 84 84 
428 843 843 
175 175 287 287 287 740 880 880 
652 652 652 954 954 
101 152 187 187 217 217 515 640 698 698 756 756 768 768 820 820 820 954 954 
66 66 66 168 786 877 877 995 
209 209 922 
220 220 362 
728 
20 20 20 162 277 392 392 570 570 570 855 855 
262 262 563 563 563 609 660 870 
234 366 679 679 679 
229 565 565 
229 726 894 894 
270 270 270 808 
229 747 747 817 817 
229 229 
463 463 463 463 502 763 
71 151 151 151 451 
209 277 277 
362 362 362 366 788 
394 394 448 780 1015 
14 954 
27 277 277 550 550 550 903 
107 310 310 385 385 385 
177 
123 123 123 123 310 310 
82 351 710 
108 939 
277 277 277 283 283 
780 780 
34 183 183 183 221 229 949 949 1011 1011 1011 
85 546 546 
28 28 428 447 447 447 447 
229 229 229 276 276 276 276 
590 
257 393 
639 877 877 877 877 888 888 954 954 
475 475 
294 351 726 726 726 806 806 810 810 921 934 
212 366 912 
174 174 780 780 
162 162 572 572 735 761 761 761 797 797 797 925 
94 94 94 507 507 507 881 
305 427 427 1012 1012 
277 277 468 468 679 802 806 914 914 923 923 923 923 
114 229 229 229 320 781 781 
954 954 
25 25 971 
92 92 276 276 276 491 491 491 954 954 955 1010 1010 
102 149 
712 784 784 
958 958 
424 780 780 975 
950 950 
229 277 277 707 
177 294 294 294 294 294 
216 216 540 540 714 714 862 
693 
414 414 414 726 
371 371 371 371 371 715 748 748 748 797 797 
198 198 198 198 290 314 479 479 479 518 518 954 954 997 997 997 
39 411 411 954 954 954 954 
663 663 663 962 
157 205 205 297 

142 563 563 959 
40 43 133 857 857 940 954 954 954 
298 428 841 841 841 841 861 861 1010 1010 
789 954 
82 954 954 954 
147 147 
53 53 53 245 245 259 259 313 313 335 336 336 336 359 362 362 366 447 532 532 532 556 607 659 659 674 720 720 731 731 738 763 763 773 800 836 859 859 922 922 966 
320 320 622 878 
415 415 
27 27 27 86 
187 187 187 187 756 756 851 851 
473 473 473 656 656 902 902 902 908 908 908 969 969 
662 662 662 
150 170 170 
366 797 797 797 821 821 821 821 
176 176 660 793 880 
120 719 
82 82 954 954 954 
162 544 
132 434 756 756 756 961 
186 199 954 
392 
491 491 577 823 954 954 954 
247 854 
608 759 759 
660 660 
253 555 555 555 
348 366 366 372 372 817 817 981 981 981 981 
618 736 736 
123 123 123 168 
767 844 954 
406 406 
359 
84 84 277 277 277 354 354 954 
789 789 789 954 954 
5 5 191 191 328 328 710 710 710 710 710 938 
22 22 22 53 53 90 259 502 502 502 692 905 905 905 966 
162 162 162 277 277 277 637 637 715 715 
229 229 229 

246 246 582 923 954 954 954 
82 
1003 1003 1003 1003 
252 270 270 808 808 
487 487 
50 50 139 161 161 197 197 277 
926 
419 419 419 419 713 713 713 713 
7 7 75 229 229 229 374 374 514 719 758 775 998 
257 297 297 562 562 562 562 596 922 941 941 941 941 978 
462 462 780 780 780 886 886 886 
286 286 954 
31 194 332 351 351 351 719 721 721 721 721 721 782 792 795 795 810 810 835 835 921 
149 714 714 861 1006 1006 
453 453 453 903 903 
308 308 308 
742 742 810 820 820 820 956 956 956 
8 8 
231 
50 50 522 522 522 
62 502 
129 129 129 428 428 861 861 937 937 937 
277 324 365 365 365 939 939 939 997 
44 276 628 628 712 784 922 922 
95 676 676 
103 407 407 422 
545 545 545 545 
262 440 440 440 496 496 959 959 
74 
229 229 229 229 229 377 405 442 442 877 877 877 
952 952 952 
876 876 876 876 
388 388 692 692 692 1002 
5 121 719 767 767 931 931 983 
277 439 439 439 
135 138 196 196 199 954 954 
472 472 
420 420 
684 684 937 
875 875 875 886 
172 860 860 929 
518 
229 229 229 
407 407 407 407 422 851 851 851 931 
167 167 167 328 406 
120 196 
64 163 163 536 587 587 950 950 954 
243 407 422 422 422 422 427 671 671 
26 26 407 422 422 979 979 

413 946 946 946 
582 582 877 942 954 972 
18 171 215 963 963 963 
70 70 954 
129 302 302 302 302 465 926 
30 417 
810 
169 172 699 699 
126 126 425 647 
220 220 
207 545 
341 735 917 992 992 
882 
120 120 120 120 
36 36 861 871 871 871 
103 103 103 801 805 954 954 
37 37 37 751 751 954 954 
32 32 153 153 153 229 229 277 277 277 323 323 404 404 702 702 702 702 702 
81 826 826 1006 
681 681 681 
331 903 
366 366 502 
520 680 680 
413 413 413 413 440 660 660 746 754 
820 
214 866 866 866 880 
387 660 660 878 878 
375 375 375 753 988 
229 830 830 994 994 994 994 

253 253 261 348 385 632 632 632 632 663 687 982 
23 154 154 244 244 
524 1009 
277 277 

250 887 887 
503 632 951 
203 780 
140 140 262 363 641 959 
5 5 767 
806 810 810 
750 
559 559 
31 31 31 351 351 351 695 
85 85 85 85 690 690 
234 
115 227 229 230 233 233 616 616 616 616 622 669 669 873 
107 107 711 821 821 821 
338 338 338 426 924 924 955 
102 102 102 102 166 166 
30 
162 533 533 
337 337 337 337 337 679 679 679 
467 815 895 895 895 
126 434 833 833 833 954 954 954 989 
263 263 263 363 624 
154 154 801 
17 

169 169 401 732 732 732 732 1014 1014 1014 
74 74 160 717 717 717 761 761 887 
162 162 162 289 594 847 847 847 847 965 
1 1 9 9 9 
943 
399 836 
56 220 220 220 694 694 791 
108 433 433 433 
886 
115 115 985 
229 229 229 864 
507 507 912 

11 11 68 68 68 68 810 810 
366 502 502 953 953 
105 105 141 176 176 238 238 262 276 322 322 366 366 410 410 410 412 412 412 440 511 521 521 609 609 612 612 673 675 678 734 734 805 835 878 922 922 938 938 938 954 954 954 986 986 986 
107 107 306 306 306 306 385 385 385 705 837 861 861 899 899 899 899 
508 508 508 969 
261 261 261 261 493 493 493 616 676 982 982 1006 1006 
1 324 
400 400 904 989 989 
275 277 277 
117 676 676 
275 790 
229 229 632 632 
880 
407 427 427 583 583 865 865 865 865 
415 1000 1000 1000 
164 164 660 791 
87 87 87 188 188 502 990 
660 793 
560 560 663 667 667 
254 
660 954 
441 441 441 475 638 638 638 831 
608 608 826 826 979 979 
229 373 605 605 605 722 722 722 869 869 869 954 954 
414 889 
213 213 865 
137 137 201 340 428 574 574 755 755 870 892 892 937 954 954 
152 836 
5 5 33 33 33 77 77 77 328 
385 385 385 385 616 982 982 
745 
421 421 946 946 946 946 956 
229 229 229 398 398 630 630 
229 229 229 706 706 
90 532 568 568 568 917 
488 814 814 814 
651 651 713 791 791 
427 629 724 780 780 780 812 812 812 
50 177 177 879 879 879 
158 277 277 
7 7 434 434 871 871 871 988 
82 147 147 593 593 749 
366 950 950 950 
48 173 341 341 341 
603 603 603 603 603 
265 808 808 808 808 
954 
262 262 661 
323 398 691 691 871 871 871 
277 277 485 

380 428 920 920 920 
5 457 531 531 531 531 531 
633 
481 559 845 845 922 922 
543 543 543 543 694 954 954 
208 208 339 339 487 487 549 549 974 974 1001 1001 1006 1006 
162 321 321 350 490 533 533 797 
1004 1004 
74 646 646 646 839 839 
267 860 
229 230 366 512 544 548 569 
91 502 502 773 773 
31 332 332 548 548 548 548 548 838 838 954 954 954 
279 279 386 386 681 681 681 
171 171 210 210 
695 
18 18 18 280 280 289 289 289 954 
229 229 229 443 469 469 469 489 730 730 894 
902 902 
19 82 209 209 209 355 438 
922 922 922 
229 726 726 
362 502 502 
401 645 645 645 645 1013 1014 
954 954 
105 105 105 105 105 141 141 660 660 
69 219 219 219 341 472 597 973 
402 402 402 524 524 1023 1023 1023 
370 370 370 954 954 
189 189 189 189 502 846 966 966 
98 104 104 119 119 266 277 277 835 1001 
59 59 432 780 886 886 886 
83 164 
305 552 552 896 
816 
827 
114 366 688 
32 32 609 
1 445 445 
11 11 11 490 490 490 
699 841 841 
399 627 
37 602 602 829 829 
14 229 229 828 
136 613 808 988 988 
46 176 609 
350 428 428 684 684 771 771 934 
101 101 152 434 434 506 506 515 515 515 768 820 820 820 954 954 954 
374 401 949 949 
544 
6 281 281 281 520 520 
803 
416 416 472 472 472 646 646 
56 763 763 
366 366 447 502 502 762 762 
175 927 927 927 927 
71 229 
229 229 830 
5 218 218 218 218 236 384 384 396 526 569 569 625 844 853 931 931 931 931 954 954 992 992 
101 434 434 756 
148 155 155 175 175 780 780 780 
780 780 780 920 920 
350 755 755 
794 794 794 794 794 954 
48 48 48 48 502 720 720 
429 935 935 935 
229 229 229 300 544 
229 229 880 
108 326 326 366 366 
390 390 400 400 805 
272 272 274 
25 85 85 123 174 175 175 229 229 356 356 356 394 451 460 460 471 471 483 483 546 546 546 623 695 695 695 740 769 769 769 770 770 770 840 854 875 875 886 886 886 943 943 969 969 969 1015 
213 314 320 320 476 476 845 
351 351 351 548 795 975 
267 267 
481 481 559 
288 
66 66 435 842 842 842 890 890 
222 807 954 
362 362 362 450 
8 8 8 200 499 530 530 530 
68 232 232 363 366 668 
651 673 694 694 1019 
168 548 
511 675 
70 70 196 196 772 772 772 772 772 885 885 885 
548 548 782 1001 1001 1001 
182 229 229 329 329 329 
472 472 472 490 490 510 510 510 715 925 
1006 1006 1006 
124 170 1017 1017 
360 502 936 
152 601 642 954 954 
68 296 296 475 
13 13 212 312 312 380 760 825 
280 301 954 
601 660 778 852 852 878 893 893 893 945 945 954 954 
469 469 475 626 810 810 
175 175 787 814 832 
444 539 539 703 703 703 703 753 
229 906 906 1011 1011 
68 75 382 469 469 548 548 552 592 626 626 658 658 806 806 868 
73 
695 695 695 876 
978 
153 153 153 185 185 185 185 185 238 309 309 309 693 693 693 807 
639 888 888 
248 743 
372 372 445 445 523 523 
229 
229 229 229 229 276 317 866 
217 217 434 434 434 552 552 552 610 756 756 756 916 916 
295 510 510 510 510 633 633 633 966 966 966 
32 32 
349 349 518 
963 963 963 
212 212 803 
55 150 150 604 604 680 680 1006 1006 
323 744 
752 922 975 978 978 978 
751 751 954 954 
614 614 766 
140 140 181 319 319 334 679 911 911 911 959 959 
175 175 807 
126 640 640 640 
234 234 
232 548 548 660 739 1001 1001 
103 259 259 259 259 502 650 685 859 859 
107 239 661 
721 721 952 952 952 954 954 1020 1020 
74 717 717 
780 
192 192 192 192 498 498 498 498 749 749 930 
134 354 786 786 786 954 954 
428 428 431 431 
342 342 342 342 526 767 
44 44 44 215 712 712 781 943 943 943 
189 189 738 
145 147 147 249 249 647 647 647 647 1017 1017 
1005 

905 905 905 
506 506 579 579 579 
805 805 945 
29 29 117 117 117 218 218 218 218 342 384 767 
427 427 519 780 
277 277 439 439 958 
154 154 154 270 270 270 
497 497 954 
183 183 277 277 304 304 304 304 903 903 903 
502 502 836 836 
576 576 718 
131 394 428 498 498 549 557 557 600 661 661 1010 1010 1010 1010 
487 
85 
229 229 229 229 387 655 
671 671 671 671 683 
47 79 79 79 611 611 611 819 
935 
810 903 903 
405 681 681 681 
61 61 61 440 684 
229 229 229 398 398 398 398 600 600 600 698 698 698 706 706 706 873 
189 277 
132 632 871 941 
317 317 900 900 902 
575 575 575 780 780 886 
42 72 277 282 567 567 567 567 812 
66 323 435 435 467 467 467 467 565 565 565 587 
395 395 503 612 612 660 805 
23 23 35 54 54 308 308 330 378 378 696 696 696 1005 1005 1005 
79 214 214 214 229 229 229 432 432 511 611 670 776 996 
105 105 105 105 473 
105 105 105 240 424 598 954 954 
30 30 30 141 
30 30 
70 196 794 794 794 
27 39 39 39 39 85 85 114 147 147 147 193 229 229 408 546 546 546 575 653 740 740 740 780 780 780 875 
197 219 250 256 621 621 646 
467 467 815 815 
307 682 950 950 950 
66 786 786 
229 234 
290 290 301 684 684 
390 805 805 805 
443 443 726 
639 639 639 
178 742 
228 
129 265 265 
107 107 661 661 661 661 982 
874 874 
0 107 107 233 233 
94 94 94 507 507 507 727 727 874 908 908 
49 59 59 162 162 189 189 189 277 316 316 324 324 411 453 550 550 606 858 858 858 868 868 972 
264 264 264 665 
259 259 259 532 532 532 850 850 850 966 
147 809 809 
954 
507 507 507 902 902 


831 831 831 
212 212 470 656 968 968 
176 
475 475 
172 172 
820 820 
597 692 
229 
103 410 410 410 938 938 977 977 977 977 
709 709 709 770 770 
469 548 956 
21 238 238 268 311 352 352 366 366 436 502 502 545 559 559 660 660 712 712 729 729 729 828 927 927 927 927 978 978 978 
125 475 475 475 475 536 
338 634 634 
69 69 162 472 797 
273 542 590 
240 240 240 764 764 764 764 922 922 922 922 968 968 968 
95 95 935 935 1006 1006 1006 1009 1009 1009 
213 576 
71 71 71 71 841 
119 119 569 569 579 767 767 767 767 

372 372 372 372 963 963 
397 397 397 397 469 755 
774 774 774 867 928 928 985 1002 1002 1006 1006 1008 1008 
53 53 306 336 336 800 
37 127 127 127 127 369 428 557 557 557 574 684 954 977 977 1023 1023 
141 141 141 141 531 660 660 660 919 919 
43 82 217 458 558 558 558 
497 954 954 
42 42 42 238 277 277 545 545 545 545 873 
587 
10 10 10 649 780 780 845 845 845 
114 114 270 976 976 
805 805 852 
355 355 355 364 364 413 413 586 586 586 689 689 689 689 974 
256 256 256 

229 401 401 401 461 461 757 757 1013 
107 366 366 414 484 484 582 582 700 700 700 889 889 889 
307 622 
118 566 566 566 838 838 838 954 954 
335 410 659 659 1016 1016 
3 5 16 16 30 30 37 37 37 40 52 55 61 61 80 80 80 82 82 107 107 107 127 128 128 128 130 130 130 134 134 147 157 157 157 158 158 158 159 159 171 171 171 178 186 186 186 192 196 196 198 198 205 205 209 209 211 213 213 218 229 229 229 239 250 273 277 283 283 284 286 286 292 305 310 318 318 318 341 341 366 367 370 373 373 373 373 374 374 389 414 414 414 433 433 434 434 452 467 467 477 477 479 479 491 491 492 492 492 492 497 497 497 499 500 500 500 513 513 513 516 518 518 518 526 529 530 530 536 536 536 547 571 571 582 587 589 601 601 602 602 640 640 640 660 660 660 678 681 681 684 684 704 713 713 721 721 721 725 733 733 737 737 756 756 756 767 767 772 787 801 801 804 805 805 829 829 838 838 842 842 857 882 882 907 937 940 940 952 952 963 1002 1002 1006 1006 1007 1023 1023 
479 634 
337 337 552 552 552 689 921 
171 171 
76 76 76 282 482 482 855 
142 142 240 262 334 496 563 563 624 831 831 
277 
515 
95 95 409 409 493 
100 100 100 100 366 372 588 588 588 824 824 824 933 933 954 

647 
237 237 259 259 502 532 738 738 821 821 821 905 
99 
21 21 912 912 927 927 927 
175 175 507 507 662 780 780 780 
366 
25 25 478 
296 587 903 
735 
96 96 123 123 714 714 946 
169 169 169 427 427 483 782 828 
366 944 944 980 980 980 
410 919 919 919 919 937 937 1023 1023 1023 
195 195 268 268 545 813 828 828 828 922 922 922 
249 249 249 422 422 584 584 680 680 
114 114 366 976 976 976 
366 366 366 399 399 523 523 523 523 
616 663 663 687 687 899 
274 569 

40 58 115 115 654 935 
105 105 105 660 660 660 
6 229 
89 277 385 419 419 613 698 753 753 
156 640 665 665 
674 
404 
5 341 597 597 767 767 
354 354 354 1007 
182 229 229 614 614 614 614 
435 
880 
414 414 414 491 491 491 558 
32 51 132 132 229 229 544 
82 169 
228 228 228 672 672 672 1013 
714 714 739 795 795 795 835 835 
1 1 240 240 240 240 388 388 426 568 935 935 954 954 1006 1006 1008 1008 
44 44 538 538 538 538 
232 232 232 232 716 716 
23 110 110 848 879 879 879 
83 83 95 138 138 150 150 327 327 549 549 604 663 663 714 714 798 798 798 826 826 928 928 928 935 935 954 954 1002 1002 
269 415 415 954 993 
315 315 935 935 1002 1002 
138 138 242 242 242 242 378 378 618 928 928 928 
92 92 92 93 93 479 479 498 498 861 861 861 861 
77 229 229 254 344 461 461 461 809 809 
427 474 474 
229 229 401 401 732 949 1000 
62 62 401 645 645 645 732 
451 780 
277 953 953 
86 249 249 262 366 366 799 799 847 847 
229 229 229 229 277 
36 36 258 791 
838 838 
109 109 
98 366 366 
369 369 402 402 736 736 736 937 937 954 954 977 977 977 
