nodes: 1024 edges: 1892
107 901 
9 648 1002 
97 182 
954 
20 20 212 
250 263 263 263 328 328 331 341 384 384 531 531 625 686 
229 759 759 987 
61 698 
229 231 
1 648 
943 943 
74 74 74 473 658 658 748 

264 264 264 803 825 825 
452 
147 
643 954 954 
19 19 353 
588 963 
17 17 
4 4 439 
922 968 
532 532 
179 179 308 617 617 879 

971 

291 291 333 453 886 
463 463 
56 853 853 
417 636 884 954 

228 228 229 229 603 603 746 822 998 
77 686 686 686 
401 
330 429 429 879 879 879 
166 166 229 600 
602 602 751 937 937 954 
229 
411 492 492 886 
133 497 954 954 

941 
497 
559 845 

176 

773 773 773 
353 903 
277 541 541 541 541 555 696 
998 998 
954 
335 335 335 336 336 
308 
826 826 954 954 
29 651 
344 
99 985 
740 740 740 
399 
7 698 870 870 
556 
154 
93 277 903 
387 387 387 407 
877 890 
229 
230 382 382 658 790 810 810 
925 925 
280 794 
151 151 151 765 930 938 
277 277 876 876 
424 424 614 644 644 811 
11 11 11 120 120 160 564 564 646 646 717 839 954 
810 
194 482 485 958 958 
33 229 686 686 686 1011 
366 
344 344 420 866 
954 954 
604 
147 147 155 155 172 197 197 209 209 267 457 500 513 939 954 954 999 
1006 
419 529 
113 229 630 630 630 886 886 886 886 
145 505 
674 674 
673 
427 988 
532 692 

271 271 271 479 479 
64 
277 473 473 
352 928 928 928 962 962 1006 
714 
2 928 
266 739 
58 344 967 
318 963 
434 434 756 
143 143 143 480 
601 919 

881 881 881 
392 748 748 
0 171 310 310 454 454 661 837 950 950 954 
366 366 366 607 652 777 904 904 904 

1005 

154 154 340 
85 162 162 
363 396 396 399 399 476 476 745 745 886 980 980 980 
632 
153 185 185 185 238 238 
667 853 853 
194 194 
739 739 931 931 
74 74 599 
569 
738 903 
162 162 162 168 168 229 435 456 780 780 780 974 974 
799 
250 250 923 
425 640 640 833 833 
402 546 736 937 
954 
428 428 428 608 608 
932 932 954 
272 861 861 
547 873 873 
40 

199 199 571 
753 
301 684 
571 1006 1009 
161 324 541 954 
624 831 
734 883 938 
959 
102 102 102 
151 407 670 
86 505 
224 
15 82 82 193 497 497 501 501 737 886 954 

399 399 455 480 480 
826 903 1006 
71 71 71 144 202 202 407 407 448 448 
434 756 801 
116 309 323 603 814 
63 112 112 252 360 360 376 376 642 642 642 856 856 
82 82 769 769 
989 
954 
954 
582 
74 
139 541 
113 113 123 123 123 204 204 229 229 277 303 303 321 321 439 439 439 472 514 514 514 647 715 739 758 903 903 903 965 

741 

36 36 355 355 355 355 355 635 635 
580 580 580 
123 123 171 171 171 525 
645 999 
509 799 
107 168 168 168 954 954 
82 576 593 593 699 860 

304 471 585 585 702 702 780 
347 432 780 780 780 832 943 969 969 
46 238 238 511 913 913 
428 455 455 486 486 696 
273 954 
23 23 308 
376 376 
831 831 
2 229 329 387 796 796 994 994 994 
461 461 461 858 

116 116 116 328 814 814 
516 954 
402 434 506 506 
674 674 
738 738 738 738 846 872 872 903 903 

328 328 531 915 
841 954 
147 233 886 
76 118 118 
223 978 
229 390 571 581 794 954 954 
82 82 219 277 355 541 541 
491 954 
135 135 
789 789 
574 684 
151 151 407 
623 963 
162 162 242 242 384 384 
494 


327 327 361 361 
82 82 436 449 728 728 954 

954 
4 470 470 470 803 912 912 
683 683 865 954 954 
611 880 
588 845 
329 487 487 
365 434 939 
403 767 853 853 954 
197 735 887 
437 437 595 651 
461 
335 787 787 
195 
146 417 

924 
230 632 
32 32 897 
6 8 32 32 36 38 67 77 85 123 162 162 182 196 241 241 278 320 323 345 345 358 366 366 405 407 407 407 415 415 415 415 427 427 445 446 461 461 461 485 544 565 565 603 614 632 657 669 669 681 681 690 690 719 726 765 775 775 776 780 781 809 809 819 864 864 871 871 871 880 880 886 886 949 949 949 954 998 1011 1013 1013 1018 
68 227 392 719 719 
8 300 554 
790 790 835 
193 632 632 632 901 901 901 
631 834 834 



116 116 176 176 309 660 814 922 

262 305 334 882 927 927 1002 1002 1002 1008 
229 229 420 
204 204 267 267 

617 

536 
596 
362 362 397 816 
909 909 909 979 1017 1017 
5 125 125 

154 270 270 
616 616 
677 1011 
382 

466 545 
791 1019 
371 502 502 502 532 836 836 905 966 
549 
663 663 
240 363 363 363 366 366 412 440 563 660 660 660 799 799 
5 5 5 384 384 
13 13 13 
703 898 
98 277 
82 242 242 783 860 
978 
277 
252 252 856 856 856 944 
92 92 92 583 
131 407 779 
178 300 302 302 302 926 954 
983 
668 668 
559 819 
50 64 72 72 94 162 197 266 269 283 298 298 346 375 375 381 383 383 411 411 419 423 439 439 459 475 485 529 541 558 558 603 603 666 666 855 855 855 876 876 876 903 941 941 954 957 960 988 988 988 1016 1018 
229 630 
376 722 
70 301 301 301 301 725 

876 
277 
618 954 

547 954 954 
432 432 
785 785 
647 
314 
27 27 366 
368 368 954 954 

486 486 486 486 

802 802 923 
545 545 
277 277 498 
420 420 
231 273 366 423 775 
137 280 280 280 280 804 
273 273 273 590 590 
162 162 
174 858 
240 474 474 742 954 
385 661 661 
326 326 366 366 366 
23 54 179 412 412 412 551 551 879 879 
153 238 814 814 814 
107 107 317 317 412 412 954 
922 
803 
414 502 
290 
1008 1008 
379 903 903 1020 
310 310 874 
100 954 954 
831 831 
229 322 476 503 781 
162 162 715 
320 660 
153 229 357 603 706 864 877 
139 664 903 
355 355 
307 307 346 366 
208 208 337 337 337 361 1006 1006 
5 5 185 191 191 331 531 580 686 
182 216 796 
35 
5 328 606 
548 548 548 616 616 721 721 721 
27 
240 959 
53 53 53 222 366 502 
53 53 502 800 835 936 
327 327 327 548 
634 634 634 924 
714 714 714 
112 684 
5 597 701 701 735 735 954 954 992 992 
844 844 
881 
57 79 79 99 1011 
229 229 
277 326 
175 832 
523 
399 823 
755 755 771 
457 457 469 548 548 629 
95 
17 49 
361 842 993 993 
166 166 166 166 166 197 325 325 728 946 
780 
323 
229 566 
528 528 528 
154 154 
208 208 327 354 
248 248 615 731 788 
114 262 262 262 366 641 
586 946 946 
217 558 
78 108 108 108 229 229 262 262 291 300 307 307 307 326 335 363 372 372 393 399 399 407 407 409 450 470 502 502 502 510 607 660 660 700 700 719 719 733 745 745 763 763 777 922 922 950 950 970 976 976 980 981 1017 1022 
954 
292 292 
402 

259 490 
366 366 523 817 933 963 
954 
544 544 954 
277 277 988 988 
154 154 180 180 279 


316 
803 
277 
68 68 255 810 810 
277 277 
5 5 204 204 263 263 396 767 767 767 
306 419 454 454 454 454 616 661 988 988 988 
722 
65 65 65 182 594 612 864 
426 924 924 1002 1002 
954 
196 395 400 778 778 778 893 893 

106 230 406 439 517 527 
366 
451 
390 
114 114 384 767 767 
248 934 934 934 934 
706 871 
60 114 114 149 149 349 366 366 518 627 650 750 981 981 981 999 
390 665 665 665 
34 757 949 1014 1014 
127 187 369 736 
218 737 954 
603 
229 869 
392 580 580 580 
65 144 151 151 202 229 229 229 272 366 366 422 427 427 427 561 579 579 
455 886 
366 962 
660 919 953 953 953 
39 277 277 492 903 903 
262 308 308 308 310 310 660 660 
609 609 609 841 841 946 946 
313 489 950 954 
229 229 229 229 
761 761 824 963 963 
30 224 

84 277 385 
79 241 299 299 573 573 

407 584 979 979 
277 300 
73 73 483 882 882 
126 
388 
89 229 229 407 407 407 474 583 671 695 849 854 975 1012 
129 129 129 177 463 498 498 557 684 684 755 861 861 861 870 937 937 
35 35 774 

843 843 843 
175 287 287 740 740 740 780 880 
652 
101 101 152 187 217 515 640 698 939 954 
123 877 995 
209 922 
220 220 

20 162 162 162 277 277 392 570 570 570 855 
262 609 660 870 870 870 
679 
565 565 
726 747 894 894 894 

229 747 817 817 
229 
463 463 709 
151 151 
209 
366 
394 780 1015 1016 
14 530 954 
27 550 550 903 903 
107 107 385 385 385 385 
149 177 177 408 
123 
82 351 351 535 

277 957 957 
780 
183 183 183 221 229 229 229 949 
546 
28 28 428 447 447 


257 
639 877 895 954 980 
475 
351 726 726 806 810 
212 212 212 366 
174 780 
162 572 761 797 797 
11 94 94 881 902 902 
305 305 427 
277 468 802 802 914 
114 114 320 781 
954 
971 
92 92 491 491 954 1010 1010 
102 149 149 981 
712 784 784 
76 958 958 
424 

76 229 277 707 707 707 
177 177 294 294 294 294 
216 216 540 862 
756 756 756 
414 726 
371 715 748 748 748 797 797 
198 479 479 518 997 997 997 
39 39 411 886 954 
663 663 962 
205 
568 
563 563 959 
40 43 147 147 857 954 
298 428 428 538 841 841 
789 954 
82 954 
147 147 
259 259 259 313 335 336 366 366 366 532 607 607 659 659 720 738 773 800 800 800 836 859 922 922 922 953 966 966 984 
320 622 

86 145 
187 187 756 851 851 851 
656 656 662 908 908 908 962 
662 
170 1017 
366 797 797 821 821 821 
176 660 793 
719 
82 
162 162 162 544 544 544 
434 756 961 
186 689 954 
392 
399 491 954 

759 
660 660 660 

348 372 981 981 
736 736 
168 
767 844 954 954 
392 
359 359 359 
84 277 
452 
5 5 191 328 938 
22 22 90 259 502 692 692 905 905 966 966 966 
637 637 715 
918 
457 
246 582 923 954 954 

498 

487 
50 50 50 50 139 161 197 197 277 
926 926 

229 374 374 514 514 514 719 775 775 775 
257 297 297 922 922 941 978 
127 462 780 886 886 886 
132 286 
332 332 332 337 351 351 721 782 792 792 795 810 810 835 835 954 
260 714 861 1006 
453 453 903 
308 308 
742 742 742 810 820 

231 
50 
62 
428 640 937 
277 277 365 939 997 
44 276 784 784 922 

407 

262 496 496 
74 74 
229 229 442 442 877 877 877 927 
358 978 978 
876 876 
495 
121 931 983 
439 439 439 957 957 
135 138 196 954 954 
472 
420 420 
201 937 
886 886 
172 860 


407 407 851 
167 167 167 328 406 406 406 
196 
159 536 587 587 950 
271 427 671 
422 979 979 
174 174 702 
364 
582 582 954 954 
18 215 963 963 
954 
302 302 926 926 926 

810 
172 172 699 
387 640 
220 
247 922 
341 
882 969 
120 
36 871 
103 801 954 
37 37 954 
32 32 153 229 277 277 323 404 702 702 
81 826 826 
681 
331 903 
108 366 502 502 
129 129 680 759 759 
413 413 413 440 660 660 746 754 754 
820 820 
214 866 866 
387 
753 753 988 988 
73 229 994 
362 
253 253 332 332 385 632 663 687 982 982 
23 23 244 
284 



503 951 951 
203 780 780 780 
140 
5 844 
806 
399 
862 937 937 
351 695 
85 85 85 278 
234 
115 227 229 233 233 233 616 669 669 669 669 
711 821 821 
338 338 338 924 
166 166 
30 
533 533 

467 895 895 
126 126 434 557 594 833 954 989 
363 
154 154 154 
16 
73 73 811 
169 732 732 1014 1014 
74 74 717 
162 289 847 847 962 
1 9 
736 736 
399 
56 220 694 791 
108 433 
886 
985 985 
864 
507 507 
229 
11 11 68 
502 502 953 953 
238 262 262 262 322 366 366 410 412 412 440 511 521 521 521 609 609 673 675 675 678 678 734 805 805 835 835 922 922 938 938 953 
107 306 306 385 705 837 837 861 861 861 899 899 
507 508 969 
261 261 493 493 616 982 982 1006 1006 1006 1006 
324 834 
400 400 400 989 989 989 
277 277 
117 676 676 1006 1006 
275 275 790 
229 229 632 632 632 632 864 
144 880 880 
427 583 865 
1000 1000 
88 660 791 791 
87 87 188 188 990 
660 660 793 
667 667 
254 
660 660 
441 831 
608 826 
229 229 605 722 869 869 869 
889 902 
213 213 865 
137 201 340 428 428 755 870 937 954 

5 33 33 33 77 77 77 328 
616 982 

516 946 
229 229 
706 
90 532 532 
814 
651 713 791 
427 629 780 812 
50 177 

7 61 434 871 988 
172 593 749 
366 366 
341 341 
174 174 585 603 603 
265 740 740 808 808 
954 
661 
323 398 691 
485 485 485 
954 
447 920 
954 954 
633 
481 845 922 922 
694 954 954 954 
96 339 339 339 549 1001 1001 1001 1006 
162 321 490 533 797 797 

74 646 839 839 
860 
229 230 230 366 366 512 544 
502 
332 332 332 548 954 954 
279 386 681 


280 954 954 
229 443 469 469 489 730 894 
902 
209 209 355 

726 
362 
645 645 1013 
366 
141 660 
219 341 341 
127 402 524 524 649 649 1023 
147 403 954 
122 189 189 189 189 502 
98 119 119 162 1001 
59 59 59 432 432 432 703 703 780 780 886 886 886 
164 
305 552 552 552 
816 
827 827 
114 114 366 366 
32 609 
443 445 
11 106 106 490 490 490 
699 
399 
37 829 

136 613 613 808 
609 609 
350 350 428 684 771 771 771 
101 152 488 488 488 506 515 820 
401 949 
162 
6 6 520 608 608 

416 416 472 
763 
366 366 762 
927 
71 229 

218 384 384 384 396 396 526 844 931 931 931 954 954 992 992 

155 155 780 
780 920 
350 755 755 755 
794 794 954 
48 48 48 502 
429 
229 229 300 544 544 544 
229 
108 366 
390 390 390 805 
272 
123 123 123 174 175 175 175 229 356 432 451 460 471 546 623 623 623 695 740 740 769 770 886 943 967 969 
229 320 476 845 
548 795 795 975 
267 860 
481 481 559 559 
288 288 

222 222 954 
362 
200 200 499 
68 232 232 668 
258 651 673 673 694 
548 548 
511 675 
70 196 772 772 885 
548 782 782 1001 
182 182 329 
472 472 490 490 510 510 715 715 
1006 
124 170 262 262 1017 
336 502 502 502 
152 601 954 954 954 
296 296 475 475 
13 212 312 380 
301 
660 660 778 852 852 878 878 893 
469 626 810 
832 
703 703 753 
229 229 906 906 1011 
68 68 75 382 382 469 548 548 552 592 806 868 868 868 
73 644 
695 876 

153 185 185 238 309 309 309 693 
888 
248 743 
372 445 445 

229 276 
552 610 610 756 916 
510 510 510 633 633 
32 1022 
349 
416 963 
13 13 
55 55 150 604 604 680 1006 
744 744 
975 978 978 
751 

140 181 181 319 319 679 911 
175 347 807 
126 126 640 
234 234 664 
232 336 548 548 660 660 
259 259 502 859 
107 661 661 
954 954 1020 1020 
74 717 717 

192 413 413 498 498 
354 954 954 
431 431 431 
342 342 526 625 767 
44 215 712 781 943 943 
189 
647 647 

427 
905 966 
506 506 506 579 
805 805 
29 29 117 117 218 218 
427 
277 277 277 439 958 
154 154 270 270 270 
497 954 954 
183 304 874 
502 836 
172 267 576 718 783 
131 131 428 428 428 549 661 661 661 1010 1010 1010 1010 
487 628 

229 229 323 387 655 669 
213 671 683 
79 611 611 
1008 
810 810 810 903 903 
405 681 681 681 
61 61 428 440 440 440 684 
229 229 229 398 600 698 
189 189 
132 132 941 
317 858 900 

72 72 277 277 277 282 567 567 812 
66 323 435 467 565 565 565 
805 805 
23 35 35 35 308 308 1005 
214 229 229 432 670 670 
105 105 105 343 473 
240 424 424 598 907 907 
141 
30 
794 
27 39 85 85 85 85 114 147 193 229 229 408 492 546 546 546 575 575 653 740 740 740 780 
219 
815 
682 950 950 999 
66 


390 390 805 
443 443 443 726 
467 639 639 

228 
265 
661 661 982 982 
874 
0 233 233 233 
473 473 682 727 
49 64 122 150 162 162 162 189 189 277 316 316 324 411 411 453 453 550 606 868 868 
108 108 108 
259 532 532 850 
809 809 
882 882 954 954 954 
507 507 507 
249 249 249 

831 
212 212 968 968 
176 176 
475 
191 
820 

534 
103 410 977 977 977 
709 770 

21 238 311 366 366 436 502 502 502 545 545 559 596 660 660 712 712 927 927 927 978 978 
125 296 536 
226 338 388 388 634 
69 69 
273 542 542 590 590 590 
240 240 565 764 922 922 922 968 968 
95 95 95 97 935 935 1006 1009 1009 1009 

71 
119 119 569 767 767 767 
130 130 
372 963 963 
397 397 397 397 
928 928 1006 1008 
336 
37 37 127 428 428 557 574 628 628 684 977 
71 141 531 660 660 
82 217 434 558 
954 954 
42 277 277 545 873 

10 10 175 780 845 845 
270 976 

355 364 364 413 413 689 974 


229 229 229 401 461 757 
107 107 366 366 414 582 889 889 
622 622 
954 954 
410 410 410 502 659 659 660 1016 
3 16 16 30 37 40 40 52 55 55 74 80 80 82 82 107 128 130 139 147 157 158 171 171 178 186 192 196 196 198 209 211 213 213 218 229 273 277 284 286 286 292 292 305 310 318 318 341 341 367 373 374 389 403 414 434 452 467 477 479 492 497 499 500 516 518 526 526 536 536 548 571 571 587 587 589 601 602 640 684 704 708 710 710 713 713 713 721 721 725 725 737 767 767 772 787 801 801 801 838 838 842 842 857 857 907 907 907 940 940 952 952 1002 1002 1002 1007 1007 1023 


277 459 459 570 570 
76 76 482 482 855 
142 334 496 
277 
515 
95 95 409 493 507 647 
18 100 203 372 416 416 588 588 824 933 933 

162 
259 502 502 532 532 532 850 
99 780 
21 912 912 927 927 
175 175 598 662 780 
366 
25 478 


123 123 946 
427 782 828 
366 366 944 980 
919 919 919 937 1023 1023 
195 268 545 566 566 828 828 922 922 
249 422 422 584 584 
114 114 114 366 467 976 
366 399 399 399 480 523 523 
616 616 663 663 687 899 899 
274 569 
502 
58 654 654 

6 
89 277 277 277 375 375 385 385 385 613 613 698 
156 640 665 665 665 
674 

341 341 767 767 
354 354 1007 
182 182 182 614 
435 

491 491 491 558 
32 51 51 229 
82 169 399 889 
672 672 1013 
714 714 714 739 795 
1 240 240 240 388 388 954 954 954 1006 1006 1006 1008 


110 879 
83 95 138 150 327 327 549 663 663 663 663 667 667 714 798 826 928 935 1002 1002 1002 
954 954 993 
240 315 315 867 935 1002 
138 928 928 928 
479 479 861 861 861 861 
77 229 254 344 809 
427 
229 229 732 1000 
401 401 645 645 
451 
277 451 953 
249 249 366 509 799 
229 277 
258 
316 838 838 

366 822 
736 954 977 977 
