nodes: 1024 edges: 1891

664 1002 
182 

20 20 20 212 
167 250 328 328 331 331 341 341 341 384 384 531 531 569 625 625 954 
759 759 759 
61 544 544 544 698 
229 231 300 300 789 
648 
943 
74 74 550 748 748 

264 264 312 
222 452 
147 458 587 
954 
643 


4 4 4 229 229 
922 922 968 968 
277 277 532 532 532 
120 120 179 179 617 879 1005 
351 
478 780 780 971 

333 333 363 379 453 505 886 
423 463 
56 215 
417 883 884 884 954 
118 629 629 629 934 
228 229 746 
77 
401 461 461 
330 330 429 879 
166 166 166 229 229 229 600 1019 1019 
751 751 937 954 954 

886 
497 497 
82 
941 941 
497 983 
559 559 1003 

754 
189 189 
701 
316 353 353 903 
277 277 541 541 
998 

335 336 502 502 

391 826 826 826 954 954 
29 220 651 
344 
99 99 99 960 985 
740 740 
366 366 399 
7 328 870 870 954 954 

154 154 
93 93 
387 
281 435 786 875 877 890 
197 197 
658 810 

280 280 280 885 
151 448 930 930 930 938 
277 
229 424 424 614 
11 11 120 120 160 646 717 839 879 879 
392 810 
482 958 958 
33 686 686 686 1011 
366 366 
344 344 344 420 611 866 880 880 
954 

41 147 147 155 155 172 197 209 267 355 413 500 513 537 593 728 787 954 999 
741 741 1006 
529 
123 462 630 780 780 863 886 886 
145 505 505 
674 

427 427 427 
532 692 
720 
1010 
64 64 1010 
277 277 277 410 410 410 473 473 902 902 
352 928 928 
288 
928 928 

58 58 58 344 
318 963 
434 756 

561 836 919 919 
739 
660 734 881 986 986 
392 
171 171 310 454 661 899 899 901 950 950 954 954 954 
366 366 458 607 607 
544 1021 1021 
1005 

154 
162 229 229 229 229 
324 363 366 366 396 399 476 886 980 
229 229 632 654 654 985 985 
153 238 
667 
31 194 855 855 
162 739 739 739 931 
23 23 74 74 599 599 
569 
500 738 
85 162 229 456 456 456 780 780 974 1004 1004 

250 250 923 
640 
937 937 
954 
428 428 428 557 
578 932 932 954 

547 547 547 547 873 998 998 

351 842 

252 270 270 270 753 
301 301 301 594 684 
421 571 1006 
324 324 348 954 
181 624 624 831 
734 938 938 
496 959 

407 670 
86 505 

15 82 82 235 497 699 699 737 886 886 886 939 954 
208 208 
399 455 480 480 480 
560 826 826 1006 
71 407 448 
434 685 756 801 
116 309 323 357 357 603 814 814 
63 63 112 252 360 360 360 376 617 617 642 642 856 
82 82 239 769 
989 989 
205 494 494 954 
277 954 954 954 
582 954 
74 646 

113 119 123 204 229 229 277 289 303 321 322 439 472 514 514 715 739 739 758 903 903 
582 

673 
36 36 36 256 355 635 
5 403 
171 525 792 
645 975 975 
509 799 
107 107 168 588 723 954 957 957 
82 593 915 
339 
780 780 
347 432 432 764 764 764 769 769 780 780 807 832 832 832 943 
238 238 511 511 660 660 864 913 
455 524 
954 954 
23 23 308 
376 376 
140 831 
2 229 329 796 
277 461 461 
420 478 
814 814 814 
954 
402 402 434 506 
674 
47 47 738 738 738 846 846 872 903 
966 
531 531 
391 954 
886 
118 855 958 
223 978 
218 218 218 229 581 581 794 885 
67 67 82 277 541 541 887 
491 954 
203 
789 
340 418 
407 
199 216 
162 242 242 242 303 
157 954 954 
277 277 
596 
148 148 327 361 361 
82 436 436 728 

621 954 
4 803 803 825 912 
374 683 929 
611 
29 
203 329 329 329 
365 365 820 939 
196 196 196 403 853 954 
735 
56 437 437 595 651 651 
377 
14 787 787 
195 539 
417 417 417 

924 924 
230 230 230 632 
32 
8 20 20 32 36 36 36 73 113 113 113 113 115 115 123 162 162 182 196 241 241 277 277 323 345 366 366 368 368 407 407 427 427 427 445 461 461 464 476 476 534 544 565 565 578 578 603 632 632 655 669 669 669 681 690 691 719 726 730 747 752 765 775 776 776 776 780 780 796 809 819 819 871 871 880 880 886 886 949 949 954 987 998 998 1018 1018 
227 227 227 392 392 392 632 632 719 719 719 
8 300 554 554 
1004 1004 1004 
632 901 901 
441 631 834 891 
147 
767 
966 
116 176 176 309 309 660 660 922 941 941 941 
155 954 
262 305 305 334 927 927 959 1002 1008 1008 
229 229 420 420 
204 204 204 267 267 350 350 428 1009 1009 1009 

617 
502 502 

596 596 
362 362 816 
847 979 979 1017 
5 125 125 621 
343 
136 154 270 270 270 
366 366 522 616 616 
677 1011 
382 382 382 382 
166 947 
466 545 
791 791 1019 
371 371 502 532 836 905 
419 549 
366 616 663 663 
240 363 363 363 366 412 440 440 624 660 660 705 705 799 959 959 1017 1017 
641 641 
13 13 518 518 904 

277 739 
82 242 242 718 783 783 
922 
277 
136 136 136 252 252 252 444 444 856 856 
407 583 

302 302 542 926 954 
366 983 
666 666 668 668 668 
464 464 464 479 559 
22 22 50 50 72 94 94 94 158 162 183 197 206 206 229 229 266 269 283 283 324 324 324 375 411 411 419 419 439 459 468 475 475 533 533 541 603 619 666 727 855 858 858 876 903 903 903 941 954 957 960 988 1018 
345 
722 722 
70 70 70 725 
66 759 759 

277 277 459 
954 
374 427 
954 
432 673 673 
96 785 921 
162 
892 
366 
368 954 954 

486 

802 972 
494 


8 8 231 423 423 
137 137 137 
273 273 590 590 
162 204 447 

240 240 474 474 742 742 742 742 954 
385 419 661 
326 326 366 366 366 366 388 889 
179 412 551 551 666 879 964 
153 238 238 814 
107 412 454 456 456 456 954 954 
352 922 
13 803 803 
502 502 
491 781 
1008 
49 
874 
100 
831 831 
322 322 476 503 620 781 
162 715 
162 320 320 660 
153 229 357 603 
114 139 139 277 277 277 664 664 903 903 
355 
307 307 346 366 366 777 
208 337 361 868 1006 1006 
5 5 61 331 331 531 580 686 686 
182 216 216 216 796 
35 35 
5 5 328 328 
548 548 616 616 721 
27 27 728 
240 366 366 831 831 831 
53 
53 800 800 936 
327 548 548 956 956 
634 634 924 
173 576 739 
201 684 684 
5 5 5 992 
844 
251 
57 79 79 79 99 1011 
229 278 
326 
175 
139 

242 242 771 
24 134 457 457 469 469 469 548 548 548 782 
95 311 
49 49 
529 993 
82 166 325 946 946 946 
780 780 
153 153 323 

528 
154 154 154 
208 208 327 
248 248 450 450 502 731 743 788 788 788 
27 114 262 262 262 366 624 790 
946 
217 217 558 
60 60 78 78 108 108 114 114 229 229 253 253 261 262 274 291 307 307 307 307 326 326 334 334 363 393 399 407 409 441 470 502 502 502 510 607 607 607 660 660 700 719 777 922 922 922 963 963 970 976 980 1022 1022 
954 
229 229 292 
937 1023 1023 1023 
737 
259 259 490 490 490 
817 933 933 933 963 
954 954 954 
213 285 757 954 
277 
154 180 180 
221 
1009 
27 
428 

255 255 255 255 

5 5 767 853 
306 419 419 661 661 661 661 687 687 687 988 

65 
307 
404 404 954 
395 893 
55 192 954 
75 106 230 230 230 406 439 
366 466 466 
451 
390 878 
114 
934 934 
706 871 871 
60 114 149 366 518 627 627 981 999 
665 665 
34 732 949 949 1013 1014 
187 187 
167 218 737 954 
389 389 603 
869 869 
392 527 580 
144 151 202 229 229 271 366 422 427 427 427 427 579 579 583 
455 455 455 
366 962 962 962 
94 94 94 660 919 953 953 
277 277 492 903 903 990 
262 308 310 660 660 660 878 
82 586 609 749 749 841 946 
489 997 997 
504 
761 824 824 963 
30 224 224 224 
201 
260 277 277 306 385 385 543 988 
79 184 241 241 573 
138 
407 583 583 583 583 584 
28 300 300 
73 73 882 882 882 882 


89 89 89 229 229 229 285 407 407 407 407 474 474 474 583 583 671 695 695 849 854 854 975 
129 129 129 242 380 498 498 498 557 557 684 709 755 861 861 861 870 937 937 937 
35 

843 843 843 
175 175 287 740 740 780 880 880 
652 
101 152 187 640 640 698 756 756 768 768 820 820 820 954 954 
66 786 877 877 995 
209 209 
220 220 
660 733 
162 277 392 570 802 
262 262 563 609 609 660 870 870 870 
234 366 657 679 679 

894 
270 270 808 808 808 
229 747 747 817 

303 463 463 502 709 709 763 
71 151 451 555 

362 362 
394 448 1015 1016 
14 
27 550 903 903 903 
107 310 
149 177 408 408 408 
123 123 123 310 310 310 
351 351 
15 108 939 
277 283 957 
780 780 
34 34 183 183 229 229 949 1011 
85 
28 447 447 
229 276 276 276 
590 
257 393 393 
639 877 877 877 877 888 888 954 987 
277 475 
351 351 351 726 726 806 806 810 810 934 
366 912 912 

162 572 761 761 
94 94 507 881 881 902 
305 305 427 427 427 
277 277 468 679 679 802 914 923 
114 229 229 320 781 781 
954 954 
25 184 
276 491 491 1010 1010 
149 149 149 502 765 981 
712 784 
76 958 
780 
818 950 

294 
540 714 714 862 1006 
693 693 756 
414 726 726 726 
371 371 371 748 
198 314 479 479 518 954 997 
411 886 954 954 954 954 
663 
157 157 297 
568 978 
142 563 
40 40 43 147 940 954 954 
428 428 428 538 841 841 861 861 861 947 1010 1010 
789 789 
82 122 954 954 

53 53 245 245 259 313 313 362 366 366 366 447 480 532 532 556 674 674 720 720 738 763 763 800 836 922 922 953 984 984 984 
320 622 
415 
27 86 86 145 1017 
187 756 851 939 
473 656 902 969 
662 662 662 
170 1017 
366 797 797 821 821 
176 176 660 
719 
82 
162 162 544 
756 961 
954 954 
527 
264 264 399 491 823 954 

608 

253 555 555 
817 981 981 
177 618 
168 
844 844 954 954 
406 517 
359 
84 354 
789 954 954 
5 5 191 191 328 710 710 710 938 
22 22 22 90 259 502 502 692 692 905 907 966 966 966 
277 277 
229 918 

954 954 
82 
498 761 773 1003 1003 
223 808 
487 714 
50 50 197 197 277 
273 
419 
7 7 7 109 229 514 719 998 998 
257 562 562 596 941 941 941 978 978 
780 886 886 
132 132 132 132 954 954 
332 332 337 337 351 351 351 721 721 782 792 810 810 835 954 
260 1006 
11 453 
308 308 879 879 
742 742 810 820 820 820 956 

231 231 
448 522 522 
502 
129 428 428 640 937 
365 
44 44 276 628 
150 676 676 
103 
545 545 
440 496 

229 229 877 927 
952 952 
876 
495 692 912 1002 1002 
5 121 931 
439 957 957 
138 
472 
420 
684 937 
875 
339 860 929 
904 
130 229 229 
407 407 
328 406 
196 196 
159 163 950 954 
271 407 422 422 422 422 427 427 
422 
702 
413 
15 877 942 942 954 972 
171 963 963 

302 302 465 926 

810 
82 172 699 
137 640 
220 
207 247 247 545 922 922 
735 917 

120 120 
36 861 861 871 871 
805 954 954 
954 
153 229 277 323 404 702 702 
826 
681 681 

108 108 366 366 366 
520 680 680 759 759 
413 440 440 754 754 

79 214 880 
878 
753 
73 830 

253 253 261 332 332 663 663 
23 154 154 244 
524 
277 
320 
211 250 
503 951 
780 
140 140 262 363 959 
5 5 954 
806 810 
399 399 
559 862 862 937 
31 31 31 695 
85 690 
234 
115 227 229 229 230 230 233 669 669 873 1014 
711 821 
338 338 924 924 
166 



467 895 
126 434 434 557 594 954 989 
263 263 
154 154 801 
17 

169 732 732 732 1014 
74 160 717 761 761 
847 965 
9 

836 836 
56 220 220 
433 
840 840 886 
115 115 985 
229 
507 978 
441 
68 810 
953 
105 176 176 238 238 262 262 322 366 366 410 412 412 412 438 440 511 673 675 678 678 734 805 835 878 878 913 913 922 938 
107 306 385 385 385 385 705 861 861 899 899 
508 508 508 969 
261 261 493 616 616 982 1006 1006 1006 
1 324 324 834 834 
400 400 
275 275 277 308 964 964 964 
117 676 1006 
275 275 275 
229 229 229 632 632 
144 880 880 
427 865 
1000 1000 1000 
165 287 287 660 791 
87 188 502 502 
660 793 
560 560 667 
254 
660 660 954 954 954 
441 441 475 475 831 831 831 
608 608 826 826 826 979 
229 605 605 
954 
213 865 
137 340 340 428 574 755 755 954 
152 
77 77 77 328 328 
385 385 385 

946 946 946 
229 630 
229 706 706 706 
90 532 532 568 
488 488 814 814 

427 427 629 780 812 812 
879 879 879 

7 434 871 871 871 988 
147 147 593 
366 950 
48 
585 603 603 
740 808 
954 
262 262 661 
398 691 691 691 871 871 


428 447 447 920 
531 531 531 954 
633 
481 922 
954 
487 487 540 974 1001 1001 1006 1006 
162 321 797 
1004 
74 646 839 839 
267 
229 230 230 230 366 512 544 
91 502 502 773 
332 548 548 838 954 954 
279 279 
171 

280 
229 469 469 489 489 489 
277 902 902 902 
82 209 333 

229 
362 
401 645 645 645 1014 
438 954 
105 141 660 
219 597 973 
954 1023 1023 
147 370 403 
122 189 189 189 502 966 
104 119 119 119 162 162 266 339 
59 59 432 432 703 780 780 
83 83 1006 1006 
305 305 305 305 552 552 
362 
827 

32 
229 445 445 
11 11 490 
413 413 

37 37 829 940 
229 
136 613 
46 609 609 
428 684 684 771 771 934 
101 152 434 434 488 506 515 820 954 
374 
162 
6 6 6 281 281 608 608 
803 
416 472 472 538 646 646 

447 502 502 
175 175 175 927 927 
229 480 
830 
236 384 844 853 931 954 
434 434 
155 175 175 780 
920 920 
350 755 755 
794 794 794 
538 720 

229 
229 229 229 880 
326 366 
805 

25 25 85 85 123 123 174 174 175 175 229 229 356 356 432 460 460 483 546 623 695 740 740 769 854 886 886 943 943 969 969 
314 320 476 476 845 
351 548 795 795 
267 267 
481 
288 
66 435 890 
82 222 222 807 954 
362 362 362 
8 200 499 499 530 
363 
258 258 673 1019 1019 
168 548 
675 889 
196 772 772 772 885 885 
782 782 1001 1001 
182 229 329 
510 510 715 
1006 
170 262 1017 1017 
336 336 502 
152 642 954 954 
296 439 475 
212 212 312 312 760 825 

601 660 778 878 954 
469 469 626 
175 787 832 
444 444 444 539 703 
229 906 1011 1011 
68 75 469 469 548 548 552 592 626 658 868 868 956 

695 695 
922 978 
153 153 185 185 185 309 693 693 

248 
372 445 523 
484 
229 229 
217 434 434 434 552 552 552 756 916 
510 510 633 
1022 1022 
518 
416 416 
212 803 
55 55 55 150 150 604 680 680 680 1006 1006 
744 
978 
751 954 954 
614 766 
140 181 319 319 334 334 334 679 679 679 959 
175 175 175 807 

234 664 664 
548 660 
103 259 502 650 650 

721 952 954 
74 717 717 
653 653 
413 498 498 930 946 
134 
431 431 431 
342 526 526 767 
781 943 943 
189 189 
249 647 1017 1017 

427 
905 905 905 966 
506 

218 384 767 
427 427 780 
118 118 194 277 951 958 
154 270 270 

277 277 903 903 

576 991 
428 428 428 498 498 498 600 600 661 661 1010 1010 1010 
487 628 628 
85 
176 
671 683 
79 

327 810 810 903 
405 405 
61 61 428 440 440 440 
229 229 398 398 600 600 698 698 698 706 706 939 
189 
132 632 
317 900 
66 575 886 886 
277 567 
66 435 435 467 467 467 467 565 587 
395 412 612 660 660 805 
23 35 74 74 308 551 551 696 696 696 1005 1005 1005 
79 79 229 229 432 432 611 670 670 776 
105 473 473 
424 424 424 424 907 954 
30 
30 30 
70 196 794 794 
27 39 85 85 114 147 147 147 193 229 229 492 546 546 653 780 780 875 875 
197 
467 467 
307 793 950 
66 786 
234 
290 955 
390 
443 
639 



107 107 661 661 982 
874 
107 233 233 
94 94 473 507 727 727 727 
49 162 162 189 277 277 277 324 324 411 411 453 453 453 858 858 868 972 
264 577 
259 532 850 850 850 966 
809 
532 882 




212 470 470 568 968 
176 660 660 
475 
172 
820 
597 
534 
103 103 410 938 977 
709 770 770 
288 956 
21 21 238 268 311 366 366 366 502 502 596 596 660 712 813 927 927 927 927 978 
125 475 
226 226 338 634 634 

273 590 
240 240 565 764 764 922 922 922 922 
95 95 97 97 935 935 1006 1006 1009 1009 1009 
213 576 
71 71 71 841 
119 569 767 
130 130 
372 372 372 
31 397 397 469 755 
928 928 1002 1006 1006 1008 1008 
336 
37 127 127 369 428 428 428 557 574 628 954 954 977 1023 
71 141 141 531 660 919 
147 217 458 506 871 
497 751 954 
42 42 238 238 238 277 545 545 545 
587 587 
10 175 780 780 845 845 
976 

355 355 355 364 413 689 689 689 841 
256 498 

229 229 401 401 461 1013 1013 1013 
107 107 484 582 700 889 
622 855 
566 566 838 954 
410 410 502 659 1016 
5 16 30 37 37 55 55 61 61 80 82 107 107 107 128 130 139 147 157 158 158 158 159 171 178 178 186 192 198 205 205 211 218 229 239 273 277 284 286 292 292 305 310 310 367 373 373 373 374 389 391 403 434 434 467 477 477 491 492 492 492 492 497 497 500 500 516 516 518 526 526 530 530 536 536 547 547 548 582 587 601 601 602 625 640 678 678 678 682 684 704 710 713 721 721 733 736 756 767 787 801 801 805 829 829 838 882 937 937 940 952 963 1006 1007 1023 1023 
892 
337 337 552 810 921 
171 171 277 459 570 570 
76 76 194 482 855 
142 240 262 262 624 831 
58 277 
515 
409 409 409 
100 366 366 372 416 588 588 954 
308 666 666 666 
647 
190 237 532 532 532 738 850 905 

21 21 912 
507 662 780 780 
366 
25 
296 587 903 
735 
123 714 
169 169 427 
366 944 
919 937 1023 1023 
195 495 545 545 656 813 828 922 
249 249 680 
114 366 
399 480 523 523 
663 899 
43 274 
502 502 502 
58 115 115 654 
105 105 
229 467 
277 385 419 698 
156 156 640 
411 
860 
341 
354 

435 

414 414 491 
51 132 132 229 229 544 544 
82 399 
672 672 672 
714 714 795 795 
1 240 568 568 935 1006 1006 1008 
44 538 538 
123 123 232 232 232 716 
23 110 879 879 879 
83 138 150 327 327 487 549 663 663 663 667 714 714 741 741 798 826 826 928 928 935 935 954 1002 1002 
954 
240 240 315 935 935 1002 
242 242 242 378 928 928 928 
92 93 479 479 498 498 861 861 861 
77 254 344 461 809 809 

401 949 949 949 
401 632 645 732 
451 
451 953 
249 262 262 505 509 799 799 847 847 
229 229 277 
36 36 258 791 791 

109 109 
366 366 822 822 
369 369 369 736 736 937 954 954 977 977 
