nodes: 1024 edges: 3140
107 310 901 901 
9 664 1002 
97 182 

20 20 20 212 212 
7 167 250 250 250 263 263 263 328 328 328 331 341 384 384 531 531 531 569 569 625 710 710 767 767 954 992 992 
759 759 
5 61 544 544 544 544 544 698 698 
231 231 366 366 553 553 789 789 789 789 
1 648 
175 175 943 
74 658 658 
82 
264 264 264 803 803 
104 222 452 954 954 
147 147 
954 954 
19 19 155 155 396 643 
588 588 588 725 725 963 
17 17 
4 4 4 229 439 439 
436 922 922 
277 532 532 532 532 
120 120 179 179 225 225 225 308 308 617 617 879 1005 

478 478 780 
422 
291 291 291 333 333 333 333 333 363 379 453 505 505 505 858 
463 
56 56 56 
224 224 224 417 591 883 883 884 884 954 954 
118 351 548 629 629 629 629 629 
228 229 229 229 603 746 822 822 998 998 
686 686 
401 401 
330 330 429 429 
600 600 600 600 1019 1019 
602 602 751 937 937 937 954 954 954 
229 229 
411 492 886 886 886 886 
133 133 133 497 954 954 
82 
941 
147 147 147 434 497 497 939 983 
559 559 845 1003 1003 

754 
189 
701 701 
316 353 353 903 
277 541 541 555 
998 998 

335 335 335 335 335 336 502 532 532 936 936 
308 879 879 879 
391 826 954 954 
29 29 29 220 220 220 651 651 651 
344 344 344 
99 99 99 960 985 985 985 
740 740 903 903 
366 366 399 399 399 
7 328 328 698 870 870 870 870 954 954 
556 556 1014 1014 1014 1014 
154 154 
93 93 93 229 229 277 277 
387 387 387 387 710 
435 435 786 877 890 890 890 
197 197 229 229 229 
382 658 810 810 
735 925 
280 280 366 589 589 794 794 794 885 885 
151 448 477 930 930 938 938 
277 
424 424 614 644 811 811 
11 120 564 564 564 879 954 954 954 
544 
194 194 482 482 482 958 958 958 
686 686 686 1011 1011 1011 1011 
229 366 
111 344 344 420 420 611 611 866 866 880 880 
954 954 
604 
12 41 147 147 155 166 197 209 267 355 413 457 500 513 513 513 537 558 593 643 643 699 699 728 728 787 787 787 939 954 954 
741 1006 1006 
419 430 430 430 529 529 529 
113 123 123 123 229 229 229 462 462 462 630 780 780 863 863 886 
145 145 145 145 145 505 505 505 
674 674 674 

427 427 988 
532 532 532 692 
720 
271 479 479 
64 64 64 1010 1010 1010 
277 410 410 410 410 902 902 
352 352 928 928 962 962 962 
714 974 974 
2 928 
119 266 266 266 266 739 
58 58 58 229 344 344 344 
305 318 318 318 963 963 963 963 
434 434 434 756 756 
143 143 143 143 480 480 480 
601 919 919 919 
14 162 162 162 739 739 739 
734 734 734 734 734 881 881 881 881 986 986 986 
392 748 748 
0 171 171 310 310 310 454 661 711 711 837 899 899 901 950 950 954 954 
366 366 366 607 607 777 904 904 
1021 1021 
1005 
79 
340 340 340 340 
85 162 229 229 229 
324 366 366 366 396 399 476 476 745 745 745 840 886 944 980 
229 233 233 233 632 654 654 654 
153 153 153 153 185 185 185 185 
667 667 667 667 853 853 853 
31 855 855 
98 162 162 931 931 
23 23 74 512 581 599 
569 
500 738 738 
85 85 85 162 162 162 162 162 168 168 229 229 435 456 456 456 456 456 525 780 780 780 974 974 974 974 1004 
367 367 799 
923 923 923 
425 425 594 594 594 640 640 833 
937 937 937 

265 557 608 608 608 608 898 898 
932 954 954 
241 272 
515 547 547 873 998 
40 40 40 497 
954 
199 199 199 571 571 
252 252 270 270 270 270 753 753 753 
301 301 301 684 684 
421 421 421 1006 1009 
277 324 324 324 348 348 348 348 
181 624 624 831 
660 734 938 938 
496 959 959 959 
102 102 102 102 
407 407 
86 86 86 86 86 847 
224 
15 15 43 43 43 82 82 193 193 193 235 235 235 497 501 501 699 699 699 699 737 737 737 847 847 886 886 886 939 954 954 
208 208 208 
260 399 455 455 480 480 480 549 
560 826 826 1006 1006 1006 
71 407 448 448 448 448 
434 434 434 434 756 801 
116 116 116 116 309 309 309 357 814 910 910 
63 63 252 360 360 360 360 376 376 376 642 642 642 856 856 
17 17 82 239 769 769 769 979 
989 
205 205 494 494 954 
375 954 954 
582 582 954 954 
646 761 

104 104 104 113 119 119 123 123 123 123 123 204 229 229 229 277 303 321 321 321 439 439 472 472 472 514 514 514 533 533 533 637 715 715 739 739 739 758 758 903 903 903 925 925 
224 582 582 
165 165 165 673 673 
164 164 164 673 
82 256 256 355 355 
5 328 580 
123 123 171 171 171 525 792 792 
593 645 645 645 975 975 975 999 999 
509 509 509 799 799 
107 107 168 168 168 210 588 588 723 723 954 954 954 957 957 957 957 957 
267 267 576 593 860 915 915 915 
701 
471 471 471 585 585 702 702 
10 10 347 347 432 432 432 764 769 780 807 807 807 832 943 969 
238 238 238 511 511 913 913 
428 455 486 486 696 
954 954 954 
23 23 308 308 
376 376 376 
140 831 831 831 
2 229 796 796 
277 461 461 858 
420 
116 116 116 116 814 814 
516 516 954 954 
203 402 402 506 
411 674 674 
47 277 738 846 846 872 872 903 
966 966 966 
326 328 531 531 915 
391 391 841 841 841 841 954 954 954 
147 147 147 886 886 886 
76 76 548 855 855 958 958 958 
223 223 978 
199 218 218 218 229 390 405 581 885 954 954 
67 67 82 219 355 541 887 887 887 887 
954 
135 135 135 196 203 516 571 
789 789 
340 340 340 418 418 418 
407 
187 199 623 963 
162 242 242 242 303 384 384 384 
157 157 494 494 494 954 954 
277 277 277 
247 
148 148 148 327 714 714 
82 436 436 436 436 436 728 728 728 728 954 
171 615 723 723 
621 
4 4 470 803 825 912 912 
314 314 374 374 683 865 954 954 
611 611 611 
588 588 845 
487 487 
365 365 365 434 434 820 820 939 939 939 
196 196 196 403 767 767 853 853 954 
197 256 735 735 735 735 735 
56 56 56 437 437 595 595 595 651 651 
377 377 
14 
195 195 539 
30 30 30 146 163 417 417 417 417 
23 23 23 848 
924 924 
230 632 
32 897 1000 1000 
20 32 32 32 38 38 64 64 67 67 67 78 85 85 85 99 113 113 113 115 123 123 162 162 162 182 196 277 277 278 278 320 323 345 345 345 358 358 366 366 366 398 405 407 407 407 415 415 415 415 443 445 445 445 446 446 464 476 485 534 534 534 534 544 544 544 565 565 565 565 603 603 603 632 655 669 681 681 690 690 691 719 719 726 726 730 730 730 747 752 765 766 775 775 780 780 780 796 796 809 818 818 819 864 886 886 886 948 949 954 987 987 994 1018 1018 
227 392 392 632 632 632 632 719 719 
8 8 300 300 554 
790 790 790 790 835 1004 1004 
115 115 115 632 901 
441 631 631 834 891 891 966 
147 147 147 
767 

176 176 176 309 660 922 922 941 941 
155 954 
262 305 305 305 334 927 927 927 927 1002 1002 1002 1008 1008 1008 
131 420 420 420 420 
204 204 204 267 267 350 1009 1009 
583 583 583 

313 502 502 502 
536 
207 596 596 
362 362 362 362 397 397 397 397 397 816 
847 909 909 979 979 979 1017 1017 
5 5 5 621 621 887 954 954 
343 
136 136 154 270 270 376 539 
366 393 393 616 616 616 616 
677 677 1011 1011 
382 382 
166 166 219 887 947 947 947 947 
545 545 
1019 1019 
502 502 532 532 836 836 836 836 905 905 905 966 
149 419 
366 663 663 663 663 
240 363 363 366 366 440 563 563 660 660 660 705 705 705 959 959 
5 5 5 384 641 641 
13 13 13 904 904 904 904 
129 898 898 
98 98 98 98 277 277 739 
82 172 172 242 242 783 860 860 
922 922 922 978 978 
277 
136 136 136 136 252 252 444 444 539 856 856 944 
92 407 407 583 583 
131 779 779 779 779 779 
302 542 542 926 954 
366 366 779 983 
666 666 668 668 668 
464 464 479 559 
22 50 64 64 72 94 139 162 183 189 206 206 206 229 229 266 266 269 298 298 324 324 324 339 346 346 375 375 381 381 381 383 411 419 419 423 423 423 439 439 449 453 459 475 485 485 529 529 533 558 570 603 603 619 707 707 872 876 876 903 941 941 954 957 957 957 988 1016 1016 1018 1018 
229 229 345 630 630 630 
376 722 722 722 
70 70 301 301 301 301 725 725 804 
759 759 
876 958 
459 459 459 954 

374 374 427 
547 547 547 
432 432 432 673 673 673 
785 785 921 921 956 
725 725 725 725 
314 314 892 892 892 892 
27 27 27 936 
368 368 954 954 954 
362 
469 469 486 
821 
802 
545 
277 277 498 
420 420 
231 231 366 366 366 423 423 423 423 775 775 775 775 775 
137 137 137 280 280 280 280 804 804 804 804 804 892 892 892 
273 590 590 590 
162 204 
858 858 858 858 858 
100 240 240 240 388 474 474 474 742 742 742 954 954 954 
419 661 661 936 
326 366 366 366 889 951 
23 23 54 179 179 412 412 551 551 551 879 879 
153 153 153 238 814 814 
0 107 107 107 317 412 412 412 412 454 454 456 456 954 954 
352 922 
760 803 
245 414 502 502 502 
213 213 290 290 491 781 781 781 
1008 1008 
49 379 379 903 1020 
310 819 874 874 874 
100 100 100 954 
831 831 831 831 
229 322 322 476 503 503 781 
162 162 162 715 715 
320 320 660 660 660 
229 357 357 603 706 706 827 864 877 
114 139 139 139 277 277 277 664 
355 
191 307 366 366 
208 337 337 337 361 361 361 361 361 714 714 
5 5 5 61 61 167 191 331 531 531 531 580 
796 796 796 
35 35 
5 328 606 
548 548 711 721 721 721 721 
27 27 27 27 27 
240 366 366 366 959 
53 53 53 53 53 366 366 366 502 
53 421 502 502 502 936 936 
327 327 327 548 548 548 638 638 638 638 956 956 956 
634 
277 714 714 
112 112 112 112 201 201 201 418 684 
5 597 597 701 735 735 735 954 992 992 992 
844 844 853 853 853 
251 881 
57 57 57 79 79 99 99 99 1011 
229 229 229 278 
277 277 
175 175 832 832 832 
139 139 139 139 
399 
242 755 755 771 
31 457 469 469 469 535 548 629 629 629 782 
95 95 311 922 
49 49 
529 529 529 842 993 993 
82 166 166 197 325 728 946 
780 780 
153 323 323 
229 229 387 
502 528 528 
154 154 154 154 800 800 800 
327 327 327 327 327 
248 248 248 248 293 450 731 731 731 743 788 788 
27 262 262 366 366 641 641 641 790 790 
586 946 946 
217 217 217 558 558 558 
8 8 60 60 70 78 108 108 108 114 114 114 229 229 229 253 261 262 262 274 274 300 300 300 307 307 307 326 326 334 334 334 335 335 335 363 363 372 393 399 399 407 407 409 409 409 441 470 470 502 502 502 523 607 607 607 660 660 660 700 700 745 745 763 763 777 777 777 922 922 950 954 954 963 970 973 976 976 980 980 981 1017 1022 1022 
124 124 954 
292 292 
402 937 937 1023 
737 737 737 954 954 
490 490 490 
366 523 523 817 817 817 933 933 933 963 963 
681 954 954 
213 213 285 285 544 544 801 954 954 954 
158 277 277 613 988 
154 154 154 180 180 180 252 279 
221 221 
879 1009 1009 1009 1009 
27 316 316 
709 
277 277 277 
68 255 255 810 810 810 
277 750 
5 5 204 204 204 263 396 396 767 767 767 
419 419 419 454 454 454 616 661 661 661 661 661 687 687 687 687 
722 722 
65 65 65 65 358 594 864 
305 924 
404 404 404 404 954 954 
196 395 395 400 400 778 778 893 893 
55 192 192 954 954 954 
106 230 230 406 406 406 439 517 527 527 
253 253 366 
451 780 780 861 
390 390 878 
17 114 384 384 767 
248 248 248 248 248 620 934 934 934 934 934 
229 690 690 690 706 706 871 871 871 
60 60 60 114 149 349 366 366 627 650 823 823 889 981 981 981 999 
390 390 665 665 778 778 778 778 778 
34 34 732 732 732 1014 1014 
187 187 369 736 
218 954 
389 389 389 389 603 991 
196 229 565 869 869 
392 392 392 527 527 580 580 580 
144 144 151 202 229 229 229 271 271 366 366 422 427 427 427 427 561 579 579 579 579 579 671 
455 455 455 886 
366 366 366 962 962 
94 94 94 94 660 660 919 953 953 953 
39 188 277 492 492 903 903 990 
308 308 310 310 310 310 660 660 660 660 
82 609 609 609 609 749 749 841 841 946 946 946 
313 489 489 489 489 506 682 950 950 954 954 954 997 
229 229 229 229 504 504 1007 1007 
761 761 824 824 963 963 
30 224 224 224 224 591 
201 201 201 340 
84 260 277 277 306 385 385 385 543 543 988 988 
79 79 184 241 241 241 241 299 299 573 
138 138 138 336 689 
26 407 550 561 561 561 583 583 584 584 979 979 979 979 
277 277 277 300 300 300 300 
73 73 882 882 882 
126 126 
634 634 1002 
89 89 285 407 407 407 407 474 474 519 695 695 849 975 1012 1012 1012 
177 431 498 498 498 557 684 684 709 709 755 755 843 861 861 937 937 
35 35 
84 84 84 
428 843 843 843 
175 175 175 287 287 287 740 740 740 780 880 
652 954 954 
43 101 101 101 152 152 152 152 217 217 515 698 698 756 756 756 768 820 939 954 954 
66 66 123 786 786 995 
21 209 209 209 209 209 922 
220 220 
728 733 
20 20 162 162 277 277 392 570 570 570 570 802 855 
262 563 563 563 609 660 870 870 870 870 
234 366 657 679 679 679 679 
565 565 
229 726 747 894 894 894 1018 
270 270 808 808 808 808 
229 229 229 747 747 817 817 
229 229 
463 463 463 709 
71 151 151 151 151 451 451 451 
277 
362 816 
394 448 448 448 780 780 1015 1015 1016 
14 530 530 530 954 954 954 
27 277 550 
107 310 310 385 385 385 
149 149 177 408 408 408 
123 123 123 123 123 310 310 
82 351 535 710 

277 283 283 283 957 957 
780 780 
183 183 949 1011 1011 1011 
85 85 85 546 
28 447 447 447 
229 276 276 
590 594 

639 639 639 877 877 877 895 954 954 980 987 
475 
294 294 351 351 351 726 806 810 921 
212 366 366 912 912 
174 174 174 780 
162 162 162 572 735 797 797 925 
507 507 507 881 881 881 902 
305 305 305 427 427 975 1012 1012 
277 468 670 679 679 679 802 914 923 923 
114 114 229 320 
71 954 954 954 
25 25 585 971 971 971 
92 92 276 491 491 491 954 955 1010 
102 102 102 149 149 149 765 981 
712 784 784 
76 76 76 958 
780 
950 
229 277 277 707 707 707 
177 177 294 
216 216 540 540 714 714 1006 
693 693 693 756 756 
414 414 414 414 726 726 726 
371 371 371 715 715 748 748 797 797 
314 479 479 479 518 954 997 997 997 
39 411 411 954 954 954 960 
663 962 
157 157 205 205 205 
568 568 
142 563 563 959 
40 43 43 133 147 857 857 857 940 954 
298 428 428 428 841 841 1010 
954 
82 122 954 954 
147 147 
53 245 245 245 259 259 313 313 313 335 336 336 336 359 366 366 366 528 528 532 532 556 607 659 720 738 738 762 763 763 773 836 859 922 922 953 966 984 
320 320 622 
415 415 
27 27 27 86 86 86 
187 414 851 851 851 851 851 
473 473 473 656 656 662 662 662 902 902 902 902 908 908 969 
662 662 
170 170 170 1017 1017 
797 797 797 797 797 821 
176 176 660 
120 719 
82 82 82 954 
162 162 162 544 544 544 544 
132 434 756 756 756 756 756 961 961 961 
186 186 199 689 954 
392 527 527 
491 553 577 954 954 
427 
759 759 
660 660 660 
555 555 555 
366 372 372 817 981 981 981 
736 
123 168 
767 767 844 954 
392 392 406 406 517 517 
359 359 502 502 
84 84 84 277 277 354 354 354 954 
452 452 452 789 954 954 
5 5 5 191 191 328 328 328 710 710 710 710 938 
22 22 22 22 53 53 90 90 90 259 259 502 502 692 692 905 905 905 905 907 953 966 966 966 966 
162 162 162 277 637 637 715 715 715 
229 229 229 229 
351 457 
246 582 954 954 954 
82 628 
773 1003 1003 1003 
223 252 270 808 808 808 
487 487 
50 50 197 
273 273 926 926 926 
419 419 713 713 713 713 
7 7 7 7 7 75 229 229 229 374 374 514 514 514 514 758 775 775 775 775 
257 257 297 562 596 922 941 941 941 941 
462 780 886 886 886 
132 132 286 286 286 
31 194 332 332 337 337 337 351 719 721 721 782 792 792 792 795 810 810 835 954 954 
149 714 1006 1006 
422 453 903 
308 308 308 879 
742 742 742 742 810 820 820 820 956 
8 8 518 
231 
50 522 522 522 587 
62 62 502 
129 428 861 937 
82 277 365 365 365 939 939 939 997 
44 44 276 628 628 712 
150 676 676 
407 422 422 422 
545 
262 262 440 440 440 496 496 959 959 959 
74 74 74 
229 229 229 229 405 442 442 877 877 877 
952 952 952 952 952 978 978 978 
876 876 876 944 
495 495 692 692 692 1002 
5 5 121 767 931 931 983 983 
277 439 439 439 439 957 957 
135 135 199 954 954 
472 
420 
684 684 937 937 
875 875 886 886 886 
172 860 860 860 860 929 
518 

407 407 407 407 407 931 
167 328 406 406 406 
120 196 
159 159 163 163 536 587 954 954 
243 243 243 271 271 422 422 671 
422 422 979 979 
174 174 478 702 
364 689 946 
555 582 942 942 942 954 954 972 972 972 972 972 
18 18 18 171 171 215 215 963 963 963 963 
70 70 772 954 
302 302 302 465 926 926 
30 417 
810 
82 169 172 699 699 699 
126 126 126 387 465 640 640 647 
220 220 220 
247 247 545 
341 341 917 992 992 

120 
36 36 36 36 861 871 
103 801 954 954 
37 37 751 751 954 
32 229 229 229 277 277 323 404 
81 826 1006 1006 
681 
331 
108 108 366 366 366 502 
129 129 129 129 759 759 
413 413 413 413 440 660 660 660 746 754 
820 820 
79 79 214 214 214 866 
660 
375 753 753 988 988 
73 830 994 
210 937 
253 253 253 253 385 632 632 663 663 982 982 
23 23 

277 
397 
211 250 250 887 887 887 
503 632 632 951 
203 780 780 
140 140 959 959 959 959 
5 767 844 954 
810 
399 
537 559 559 862 862 
31 31 31 31 31 351 351 351 695 695 
85 278 278 278 
234 234 
115 227 229 230 230 230 230 233 616 616 622 622 669 669 669 873 
711 711 821 821 821 821 
338 426 426 924 924 924 


162 533 533 
337 337 337 337 679 
467 467 467 888 895 
126 126 594 594 833 833 954 954 954 
263 263 363 363 363 
154 154 154 
17 82 82 
73 811 
169 169 169 732 1014 1014 
160 717 717 761 887 
594 847 847 962 
9 1002 1002 
736 943 
399 
56 56 56 220 220 694 791 791 791 
433 
780 840 840 840 840 886 886 886 
115 115 115 985 985 985 
229 
507 507 978 978 978 
441 
11 11 68 810 
502 953 953 
141 238 262 262 262 322 322 322 366 366 366 410 410 412 412 412 412 440 511 521 521 521 609 609 609 612 675 675 675 678 678 805 835 835 878 878 878 922 922 938 938 938 953 954 954 
107 306 306 385 385 385 385 385 837 861 861 861 861 899 899 899 
507 507 507 508 508 969 
261 261 261 261 493 616 616 982 1006 1006 
1 324 834 834 834 
400 400 904 989 
275 275 668 964 964 964 
117 117 117 117 676 676 742 1006 1006 
275 275 275 666 790 
229 632 632 632 
475 880 880 932 
407 583 865 865 865 865 
1000 
164 164 165 287 287 287 791 
87 87 87 188 188 
660 660 660 793 793 
560 560 667 667 
254 254 
660 660 954 954 
441 441 441 441 475 475 475 638 
826 979 
229 229 373 605 869 869 869 954 
414 954 954 
213 865 865 
137 137 340 428 428 574 574 755 755 870 892 937 937 954 

33 33 77 77 77 
385 385 385 385 982 

421 516 586 921 946 946 946 956 
229 229 398 398 398 
229 706 706 
90 532 532 568 568 568 917 
488 488 488 814 814 
651 713 791 791 791 
427 427 629 629 724 724 780 780 780 812 
177 879 

7 7 61 434 434 871 988 
82 82 147 147 147 147 593 593 593 
366 366 950 950 
48 48 173 341 
174 174 585 
808 808 808 
954 954 954 954 
262 262 262 
323 323 398 398 691 691 871 871 871 871 
277 277 485 485 485 

380 428 428 447 920 920 
5 5 65 457 531 531 531 531 954 954 
107 107 332 633 633 
481 559 784 784 845 922 
543 543 543 543 694 
96 208 208 327 327 339 339 487 487 549 974 974 1001 1001 1001 1001 1001 1006 
162 162 321 321 490 490 533 533 533 
1004 1004 
646 646 839 

229 229 230 230 512 548 1016 
91 502 773 
332 332 332 332 548 548 838 838 954 954 
279 279 279 386 386 
171 171 210 210 
695 695 
18 18 280 280 289 289 289 289 954 954 954 
229 229 443 469 489 489 489 730 730 894 
902 
82 82 209 209 209 209 355 438 
922 
229 229 229 726 726 
362 362 362 
401 401 401 645 
438 954 954 
105 105 105 105 105 141 
69 219 219 219 219 219 341 341 341 472 
402 524 649 954 954 954 1023 1023 
147 147 147 370 370 370 954 954 
122 122 189 502 502 966 966 
98 104 104 104 162 162 162 266 835 1001 
59 59 432 432 432 780 886 886 
83 
305 305 305 552 552 552 552 667 896 
362 
827 827 
114 114 114 366 366 
32 609 
229 443 445 445 
106 106 490 490 
413 413 841 
383 
37 602 602 829 829 829 940 
229 828 
136 136 136 613 613 988 
46 609 
350 350 428 428 684 684 771 771 771 771 771 934 
101 101 152 434 434 434 488 488 515 515 515 515 515 768 768 820 820 820 954 954 
949 
162 162 544 
6 6 281 281 520 520 608 608 
312 803 
160 416 416 646 
502 763 763 
366 366 502 502 762 762 
175 927 927 927 927 
229 480 
229 830 
5 5 218 218 236 384 384 384 396 526 526 569 625 844 844 931 931 931 954 954 954 992 992 
434 756 756 
155 155 155 175 780 
920 920 920 920 920 
350 755 755 755 755 755 
589 794 794 954 954 
502 538 720 
935 935 
229 229 300 300 300 300 300 544 544 544 544 
880 
108 366 366 366 
390 390 400 400 400 400 400 805 805 
272 272 272 272 272 274 
25 85 85 123 123 123 175 229 229 229 356 356 394 394 432 451 451 460 460 471 483 546 623 623 653 695 695 695 740 769 840 854 854 875 875 886 886 886 967 967 1015 1015 1015 
314 314 314 320 845 
351 548 795 795 975 
267 860 
481 481 712 712 
288 288 
66 435 435 842 890 890 
82 82 82 807 954 954 
362 362 
8 8 8 8 200 200 530 
232 232 232 232 363 363 668 
651 651 651 673 694 694 694 1019 1019 
168 168 548 548 548 
675 675 889 
70 70 70 772 772 885 885 885 885 
548 782 782 1001 
182 182 229 229 329 329 329 
472 472 490 490 510 510 510 510 510 

124 170 170 1017 
360 360 360 
152 374 601 954 954 954 
296 439 475 
13 13 212 312 760 825 
280 301 301 301 301 301 954 
660 778 778 852 878 878 878 893 893 954 954 
469 810 810 
175 175 175 787 814 832 832 832 
444 444 444 444 539 539 539 703 703 703 
229 906 906 1011 
68 68 382 382 382 469 548 548 552 592 626 658 806 806 
73 73 644 
695 876 
978 978 
153 185 185 309 309 693 693 807 
888 888 
248 450 
372 372 372 445 445 523 
229 229 
229 317 866 866 866 
217 217 434 552 552 552 610 610 756 756 756 916 
295 510 633 633 633 633 966 
32 32 1022 1022 1022 
399 399 
416 416 963 963 963 
212 803 
55 150 150 604 680 1006 
323 744 744 
752 922 922 
751 751 751 954 
614 766 
140 181 181 181 319 319 319 319 959 
175 347 347 347 807 807 807 
126 640 640 
234 664 664 664 
232 548 660 660 739 1001 
259 259 259 259 502 859 
107 661 
721 721 952 954 954 954 
717 
114 653 653 653 653 780 
192 192 192 192 413 413 498 498 749 930 930 946 946 954 954 
354 786 954 954 
428 431 431 431 
342 342 526 625 767 767 
44 215 712 781 943 
189 189 
145 147 147 249 647 647 1017 1017 
225 1005 1005 
427 
905 905 966 
506 506 506 506 506 
805 945 
117 117 117 218 218 342 342 342 
780 780 
118 118 194 194 439 951 958 
154 154 270 270 
497 497 497 954 954 954 954 
27 183 304 304 304 304 304 874 
502 836 
172 267 267 576 576 576 576 783 991 
394 428 428 557 600 661 661 661 661 
628 628 
85 85 
229 323 387 
213 671 671 671 671 683 683 
79 79 611 819 819 819 
935 935 1008 
903 903 903 
405 405 681 681 681 
61 61 61 61 440 440 440 440 684 
398 398 398 600 698 706 706 706 706 873 
189 189 277 
132 632 871 
317 317 317 858 900 900 
575 575 780 780 886 886 
277 277 282 567 567 567 812 
66 323 467 467 467 565 565 565 
395 660 660 660 805 805 805 
23 54 54 54 74 308 308 378 551 696 1005 
79 79 432 670 670 776 996 
105 105 105 105 343 473 473 473 
424 424 424 907 954 954 954 
30 30 
30 30 
70 70 196 794 794 794 794 
39 39 39 39 85 114 147 147 147 193 193 193 229 229 229 408 546 546 546 575 575 575 653 653 653 740 740 780 780 780 875 875 
197 197 197 197 250 256 621 621 621 646 
639 815 815 
307 399 793 950 999 
66 66 66 786 786 
234 234 
290 290 290 290 301 301 301 684 955 
390 390 805 805 
443 443 443 726 
467 639 
742 
228 
129 129 265 265 
107 107 661 661 661 982 982 982 
874 874 
0 0 107 233 
94 94 473 507 507 507 507 727 
49 59 59 162 162 162 189 277 316 411 411 550 868 868 868 972 972 
108 108 264 264 264 264 665 
259 259 259 532 532 532 532 850 850 
809 809 
532 882 954 954 
507 507 
249 249 
153 153 

212 212 470 470 968 968 
176 176 
475 
172 172 172 191 
820 
597 692 

103 103 103 410 938 977 977 977 
709 709 770 770 770 770 770 
288 288 469 689 
21 21 238 238 268 268 268 311 352 366 366 436 502 502 545 660 660 712 729 828 828 927 927 978 978 
125 125 125 475 475 
226 226 388 634 634 634 
69 162 162 472 
273 542 542 542 590 590 
240 240 240 240 764 764 764 764 922 922 968 968 968 968 
95 95 97 935 935 1009 
576 
71 71 841 841 
119 119 569 569 579 767 767 767 
130 670 
372 372 372 963 963 
397 397 397 397 397 755 
774 774 867 867 928 928 1002 1002 1006 1006 1008 
53 53 291 306 336 336 
37 37 37 127 127 127 369 369 428 428 557 574 574 615 684 684 954 954 977 977 977 977 977 1023 1023 1023 
71 71 141 141 531 660 660 660 919 
43 82 147 217 217 217 434 558 558 558 
497 751 954 
42 238 238 277 277 545 545 545 545 
587 587 587 
10 175 649 845 
114 270 567 976 976 976 
852 
355 364 364 413 413 413 586 689 689 689 841 841 974 
256 256 256 256 
229 
229 461 757 
107 107 366 414 414 484 700 700 889 
307 622 855 
566 566 566 566 566 838 954 954 954 
410 410 410 502 532 659 659 660 1016 1016 
5 14 14 16 16 30 30 37 37 37 40 40 55 55 61 61 74 74 74 80 80 82 82 107 107 130 130 134 147 147 157 158 158 159 159 171 171 171 178 178 178 186 186 192 192 192 196 196 198 205 205 209 213 213 218 229 239 250 250 273 277 283 292 292 292 305 305 305 310 310 318 341 366 366 367 370 370 373 373 374 374 374 389 389 391 391 391 403 414 414 414 433 433 434 434 452 452 452 467 467 477 477 477 479 491 492 492 492 497 499 500 500 513 516 518 518 526 529 530 530 536 536 536 548 548 571 571 582 582 587 587 589 601 601 602 625 640 640 640 660 660 678 678 681 682 682 684 704 704 704 704 710 710 721 721 725 725 725 733 733 736 736 736 737 737 756 756 767 767 767 772 772 787 787 801 801 801 804 805 805 829 838 838 838 841 841 842 842 857 857 857 857 882 882 882 907 907 937 937 940 952 952 952 963 963 963 997 997 997 1002 1002 1006 1006 1023 1023 
479 892 
288 337 337 337 552 689 
171 171 171 171 171 277 277 277 459 459 570 570 
76 76 76 194 194 194 282 482 855 
142 142 142 262 262 334 496 563 563 563 624 624 624 624 831 
58 492 
515 515 515 
95 95 95 409 409 493 647 
18 100 100 100 100 203 366 372 372 416 416 588 588 588 588 824 824 824 933 933 954 954 954 
666 666 666 

190 190 190 234 259 502 532 532 532 532 738 738 821 850 
780 780 
912 912 927 927 927 927 
175 507 662 
366 
478 478 478 
587 587 587 587 587 903 903 
366 
96 96 123 123 123 123 714 714 946 
169 169 169 427 474 782 
366 366 944 944 944 980 
919 919 919 937 937 937 937 937 1023 1023 
195 268 268 566 566 566 656 656 656 813 813 922 922 
155 249 249 249 422 422 422 422 584 584 680 
114 366 366 467 976 
366 399 399 399 480 523 523 523 
616 616 663 687 899 899 899 
43 274 569 569 
502 
58 58 58 654 654 654 
105 105 105 
229 229 467 
89 277 375 419 419 613 613 698 753 
156 665 
411 
404 860 
5 5 341 341 341 597 597 767 767 
354 354 1007 1007 1007 1007 
229 614 
435 
880 
414 491 491 491 558 954 954 954 
32 32 51 51 132 
169 169 399 889 
228 228 672 1013 
714 714 714 714 714 739 795 835 
1 240 240 240 426 568 648 648 935 935 954 954 1006 1006 1008 1008 
44 44 538 538 538 
123 232 232 716 716 
23 110 848 848 879 
83 83 138 150 150 150 487 549 549 604 604 663 663 667 667 714 826 935 935 954 954 1002 1002 
415 415 993 993 993 993 
240 240 240 315 315 867 935 1002 1002 
138 242 242 378 378 378 378 928 
93 93 93 479 498 
77 77 77 77 254 254 344 461 461 461 809 
427 427 427 474 474 
1000 
62 62 62 62 401 401 645 645 
451 451 780 780 780 
277 277 451 719 953 953 
249 249 366 509 509 799 847 847 
229 229 277 277 443 
36 36 258 258 791 791 
316 
109 109 
366 366 822 822 822 
369 736 736 937 937 937 954 954 977 977 
