nodes: 1024 edges: 1918
901 
648 664 747 
97 

212 
7 250 250 328 328 341 342 384 384 531 531 569 686 686 686 710 767 954 954 992 
759 
5 61 698 
178 229 231 553 789 
1002 
175 175 
74 658 748 
82 82 
264 803 803 825 825 825 
452 
147 147 587 

155 155 353 396 643 643 
588 725 725 963 
728 
229 229 
922 968 968 
277 532 532 
120 179 179 617 879 

780 971 
422 584 
291 291 333 333 379 505 886 
423 463 
56 215 
146 224 636 884 884 
118 
228 229 603 603 822 

401 401 461 
330 330 429 879 
1019 1019 
937 937 954 
229 
411 814 886 
133 133 497 954 954 

277 941 941 
147 147 
559 559 845 845 

176 754 
189 
701 701 701 773 
353 353 353 903 
277 555 


335 335 336 502 502 532 532 
879 879 
826 954 
29 220 651 762 
344 
99 985 985 
740 740 740 740 903 

7 870 870 954 
1014 1014 
154 154 
229 229 
387 710 
281 435 435 877 
197 197 
382 382 658 658 658 802 810 810 810 
925 
280 589 589 794 794 885 
151 448 448 930 938 
277 277 876 
424 644 
11 717 839 879 879 954 
392 544 810 
194 482 958 
686 686 1011 1011 

241 344 344 344 420 420 611 866 880 
954 
604 
12 12 147 147 155 155 197 267 343 355 457 513 699 699 728 728 787 939 954 954 999 
741 741 741 
419 419 419 430 
123 229 229 462 630 630 780 863 863 886 886 886 
145 145 145 505 1017 


427 427 
532 
720 
271 271 479 479 
1010 
410 473 902 902 902 
352 352 352 928 928 962 
288 974 
2 928 
119 266 739 739 
58 229 344 
305 963 
768 
143 635 
601 601 919 

660 734 734 881 881 882 
392 748 748 
171 171 310 310 633 661 661 901 901 901 950 950 950 
607 
544 1021 
1005 

340 

324 366 366 366 396 396 396 476 476 745 886 980 
229 654 985 
153 185 185 
667 667 
31 194 952 987 
98 739 739 931 
23 512 581 599 599 

903 
85 162 162 168 229 435 435 456 456 456 525 525 780 780 974 974 995 995 

250 250 
425 425 833 
402 937 

428 428 590 608 608 
932 954 
861 861 
547 547 873 873 
40 40 
351 842 954 
199 571 
270 270 
301 
571 1006 
277 324 541 541 541 954 
624 624 624 831 
660 660 
959 
102 
151 407 
86 86 86 
30 224 
15 15 43 43 82 82 193 193 193 193 501 699 699 737 847 847 847 886 939 939 954 954 

399 399 399 455 480 480 480 
560 903 1006 1006 1006 
71 144 202 407 448 
434 756 
116 309 323 357 603 744 
63 63 252 360 642 856 
17 17 82 82 583 769 769 
989 
494 954 954 
277 375 375 954 954 954 
954 954 
646 

123 123 204 204 229 229 277 277 303 303 439 439 472 472 514 533 647 715 739 758 758 758 758 903 925 965 
582 
165 673 673 741 
164 
355 355 635 
328 580 
123 171 171 171 525 525 
593 645 975 975 975 999 
509 509 509 799 
107 107 168 168 168 210 723 723 957 957 957 
593 593 915 
339 
471 702 780 
10 10 432 769 769 769 780 780 780 807 807 832 943 969 
46 238 660 864 
428 428 486 524 696 
8 954 954 
23 23 308 
376 
831 831 
229 229 329 796 994 994 
277 461 858 
420 420 
116 116 

402 434 506 

47 277 738 738 846 846 872 
966 966 966 
326 328 
841 841 954 
147 147 147 147 886 886 
76 118 

199 218 218 229 405 954 
67 67 82 219 219 541 887 887 
491 491 
135 196 203 
789 
340 340 418 
151 407 
199 216 963 
162 162 242 303 384 384 384 
954 954 

247 
327 327 361 361 714 
436 436 728 
171 
621 954 
4 803 825 
865 929 929 954 954 
611 
29 588 588 
203 487 487 487 
365 434 820 820 939 
196 196 403 767 767 954 954 
197 197 735 
56 437 437 595 595 651 
377 


30 146 
848 
388 924 
230 230 230 632 
32 897 
8 20 20 32 38 64 64 85 85 99 115 123 162 162 182 182 196 241 241 277 277 278 281 323 323 345 345 377 398 405 407 415 427 427 427 445 445 445 446 461 461 461 476 476 534 544 544 565 578 603 614 632 655 657 669 669 669 669 690 691 719 726 726 730 747 747 747 752 765 766 775 776 780 780 780 809 819 819 819 864 871 871 880 880 880 891 891 918 949 994 998 1011 1013 1018 
227 227 227 632 632 
8 300 554 
790 
632 901 901 
441 631 631 834 


966 966 
176 660 660 922 922 922 941 
837 
262 305 334 334 334 882 927 1002 1002 1008 
79 229 229 420 420 
204 267 350 350 1009 1009 
583 

313 502 
536 
207 596 596 
397 397 816 816 
847 847 909 979 979 
5 5 125 125 621 887 887 

154 270 539 539 
366 616 616 
677 1011 1011 

947 947 
545 
1019 
371 502 502 532 836 836 966 966 966 

663 663 
240 363 412 440 660 660 660 799 959 959 
384 641 641 
13 518 904 904 
703 898 898 
98 
82 242 535 860 860 


136 136 252 444 444 539 
92 92 407 407 583 583 583 
779 779 
300 302 542 926 
366 387 779 
666 
464 464 479 660 819 
22 42 50 72 72 139 158 162 162 183 189 229 229 283 283 298 324 339 339 339 375 411 419 419 423 453 453 475 529 529 529 533 541 558 570 603 739 855 858 858 874 876 903 941 954 960 988 1016 
229 345 630 630 
376 722 722 722 
70 301 725 804 
66 229 759 
876 
277 277 954 954 954 
618 
427 
547 547 954 954 
432 673 673 673 
96 785 785 921 921 921 
725 
314 491 491 
27 27 366 366 366 
368 954 954 

469 486 

469 802 802 
545 
277 498 

231 273 366 423 775 775 
137 280 804 804 
273 590 
162 162 204 
858 858 
100 240 388 474 474 742 954 
661 
326 366 
179 412 412 412 412 551 879 964 964 
153 814 
107 107 317 317 412 412 954 
352 352 922 
760 
245 
290 781 
1008 
379 903 
310 310 819 874 
954 
831 
322 322 476 503 503 

320 320 660 
153 229 229 603 706 706 
114 139 277 558 664 903 903 

191 307 366 366 777 
208 208 337 337 361 714 868 
5 5 167 191 331 331 331 531 531 580 686 
182 
35 35 
328 328 328 
548 548 616 616 616 711 721 
27 27 728 
240 240 240 831 831 959 
53 53 366 366 502 502 
53 421 502 936 
327 327 548 638 956 
634 634 634 634 924 
173 277 277 277 576 714 714 
112 201 201 684 
5 701 701 701 735 735 735 992 992 
5 844 844 
82 
57 79 79 79 99 
229 229 278 

832 
616 
782 
242 242 715 755 755 
134 457 548 548 629 629 782 
95 95 95 311 311 922 922 
17 49 49 49 
361 529 529 842 842 842 993 
82 166 166 946 
780 
153 

502 502 
154 800 
208 208 327 354 
437 502 731 788 
262 366 366 624 790 790 

217 
114 114 114 253 274 291 291 291 300 307 326 326 335 335 363 363 393 399 409 441 450 470 502 502 510 523 607 660 660 660 700 700 719 745 763 763 790 790 922 950 950 954 954 963 963 970 970 970 976 981 981 981 1017 1022 
954 954 
292 
1023 
954 954 
259 
523 523 933 933 963 
954 954 954 
544 544 757 
158 158 277 988 988 
180 279 
221 229 565 
879 879 1009 1009 1009 
27 316 


68 68 

5 5 204 204 204 263 853 
419 454 454 616 661 661 687 988 988 
722 
65 274 
226 305 568 924 
404 954 
395 400 400 778 778 893 893 
954 
75 106 406 439 517 517 
366 466 466 

390 
17 114 114 114 767 767 
248 248 
229 690 690 690 871 
149 149 149 366 518 650 750 823 823 889 981 999 
390 390 642 665 
34 34 645 732 949 1014 
127 187 736 1023 
218 954 
389 603 603 
196 229 
392 527 580 580 
144 151 202 229 271 271 422 422 427 427 561 579 583 671 
455 
366 962 962 962 962 
94 660 660 919 919 919 953 977 
39 277 492 903 903 990 
262 308 308 308 308 310 310 660 660 660 878 
586 609 609 749 841 946 
489 682 950 954 997 
229 1007 
761 824 824 963 
591 
201 
84 84 84 277 277 385 543 543 
79 79 184 184 241 241 
336 689 
26 407 407 550 579 583 583 584 584 979 979 
28 277 300 
73 483 
126 126 
634 634 
89 89 229 229 229 285 407 407 474 671 671 695 849 975 975 1012 1012 
129 129 177 177 431 498 498 557 684 684 709 755 755 843 843 861 861 937 937 937 
35 767 
84 
428 843 843 843 
175 287 740 740 780 780 880 880 880 
652 652 954 954 
152 187 217 640 698 756 768 820 939 954 
66 66 123 123 877 995 
209 209 922 
220 220 362 
733 
162 162 392 570 570 855 
262 609 
234 366 657 679 679 
565 565 565 
726 747 894 
270 270 808 
229 229 229 747 747 747 817 817 
229 
709 
71 71 151 451 451 

366 816 
448 448 1015 
14 954 
277 277 550 903 
385 385 
149 408 
123 123 123 
82 351 710 

957 
780 
34 183 229 229 229 1011 1011 
85 546 
28 
276 276 

393 393 
815 815 815 877 888 954 954 

294 296 726 726 810 921 934 
366 
174 780 
162 162 735 735 797 
94 507 507 881 881 
305 305 427 975 1012 
277 679 802 914 923 
114 114 229 229 320 
954 
585 
92 92 276 491 1010 
149 149 149 981 
712 
76 
424 

707 707 707 
177 294 
216 216 216 862 1006 
693 756 756 
414 726 726 726 
748 748 1020 
198 198 290 290 479 954 954 
411 886 

157 
978 
563 959 
40 857 940 954 
298 428 428 841 861 1010 
789 
954 954 
147 
53 53 245 259 259 335 335 336 359 359 362 366 366 532 607 607 659 720 731 738 738 762 763 763 773 773 800 836 859 922 922 966 966 
320 320 622 

27 86 
187 
473 473 662 902 908 962 969 

170 170 170 
366 797 821 821 
660 
120 
82 954 
162 544 
756 756 756 961 
954 
392 392 527 527 
264 399 954 
854 

660 
555 
366 372 372 981 981 981 
177 
123 123 168 168 
767 767 
406 517 517 

277 277 277 354 354 
789 
5 5 328 328 710 710 710 938 
22 22 53 53 90 259 502 692 905 905 966 966 
162 277 637 637 715 
229 
267 
246 923 954 954 954 
628 
1003 
252 252 270 808 808 
714 
139 139 139 197 277 
273 
419 419 713 713 713 
75 109 229 229 374 374 514 719 758 775 775 
257 297 596 922 941 
462 780 780 
132 132 286 286 954 
332 332 337 351 351 721 782 795 810 810 810 835 921 
714 861 1006 
422 453 903 
308 
742 810 810 820 820 956 956 
8 
231 
50 522 

428 640 861 861 937 937 
277 324 939 939 
44 44 784 922 
150 676 676 
407 

496 959 959 

229 377 442 442 442 877 877 
952 952 
876 876 
388 692 692 692 692 
5 931 983 
277 439 439 957 
135 138 954 



875 
339 860 

229 
407 422 931 
167 328 406 406 
120 
163 954 
155 243 271 271 271 407 422 422 
26 422 422 979 
478 702 702 
413 689 689 946 
15 942 942 972 
18 215 215 963 
70 70 
129 302 
417 

169 172 172 699 
640 
220 220 
247 247 545 922 

819 969 
120 120 
861 861 861 871 
103 103 805 954 
751 751 954 
32 32 153 229 277 323 404 404 702 
81 826 826 
681 
903 903 903 
108 366 502 502 
129 129 680 
413 413 440 660 746 

79 214 866 880 
660 878 878 
753 988 
229 830 

253 253 332 332 332 348 385 632 632 982 982 
23 
284 
900 

211 250 
503 632 
780 
140 140 140 363 641 959 

810 810 

537 862 862 937 937 
351 351 695 
85 85 278 278 
234 234 
227 229 230 230 233 616 616 622 669 
107 821 
338 338 338 338 426 426 
102 166 
30 
533 533 
337 
815 888 895 895 
434 557 594 833 833 989 
263 263 624 
154 400 
17 17 
73 
169 401 732 732 1014 
160 761 992 
162 847 847 962 
1 1002 
736 
399 836 
56 220 694 
433 433 
780 780 840 840 886 886 
115 985 985 
229 
912 978 978 978 978 
229 441 
11 68 68 68 
502 953 
105 141 141 176 238 238 262 262 262 276 322 366 366 366 410 410 412 412 412 511 521 609 612 805 835 835 913 922 922 922 938 953 954 954 
107 107 306 385 385 837 837 861 861 861 899 899 
507 969 969 
261 261 1006 1006 
1 324 834 834 
400 989 
275 964 964 
117 117 
790 
229 229 229 229 632 
880 
407 427 427 

164 164 287 287 287 791 

793 
560 560 
254 
954 
441 441 475 
608 826 979 
605 869 
414 889 902 954 

340 428 428 755 937 

5 5 5 77 77 328 
385 982 

421 586 586 921 946 
229 398 398 398 
229 706 706 706 706 999 
532 568 568 568 568 917 
488 814 
651 
427 629 724 724 780 780 812 
177 

7 434 871 871 871 
82 82 147 147 593 749 
366 366 
48 48 48 341 341 341 
174 585 585 603 
265 808 808 
954 954 

323 323 691 691 691 691 871 871 871 
485 485 485 

428 447 920 
5 65 457 531 531 531 954 954 
332 
481 784 
543 543 543 954 
208 327 339 339 540 549 974 1001 1001 1001 1006 
162 350 533 797 
1004 1004 
74 839 
860 879 
229 366 544 
91 502 773 
332 548 
279 279 279 386 
171 171 
695 695 
18 18 280 289 954 954 954 
229 229 443 469 469 489 489 489 730 
902 
19 82 82 209 333 

229 726 
362 502 
401 645 645 1014 
438 954 
105 105 
219 341 341 341 472 472 
402 649 954 
147 954 
189 189 502 502 966 
98 98 119 119 162 277 835 835 835 835 
59 59 59 59 432 432 886 886 
83 83 83 164 
305 552 
816 
153 827 
114 366 
609 
1 229 229 229 443 445 445 445 
11 106 106 490 490 
413 699 841 
399 
602 602 829 
229 
613 808 
46 
350 350 428 428 684 771 771 
152 434 488 488 515 515 515 820 820 954 
374 949 
162 162 162 162 544 
6 281 
312 803 
416 646 
56 502 763 763 
366 366 502 502 762 762 
927 927 927 
229 
229 
5 218 218 396 396 429 526 526 853 931 931 954 992 
101 434 
155 155 175 175 175 780 780 

755 755 

48 502 502 720 

229 300 300 544 544 
229 880 
326 
390 390 805 
272 272 274 
25 85 123 123 174 175 175 175 229 229 229 356 432 432 460 471 546 546 623 653 653 695 695 769 769 840 854 875 886 886 943 967 969 969 1015 1015 
314 
349 351 548 975 

559 712 
288 288 
842 890 
82 
362 
8 200 499 530 
232 363 363 366 366 668 
673 1019 

675 897 
70 70 885 885 
548 
182 
472 510 715 925 
1006 
170 262 
360 502 
954 
68 296 296 475 
13 13 212 760 825 
280 301 301 954 
601 660 778 852 878 893 945 954 

175 175 832 832 
444 539 539 703 703 753 
229 906 
68 68 68 75 469 548 548 548 552 552 626 626 868 956 956 

695 
922 978 978 
39 309 693 
467 467 467 639 888 
248 248 450 743 
445 445 

229 229 229 276 317 598 866 
217 217 434 552 552 756 756 
510 510 633 966 
32 1022 1022 
399 399 
416 416 963 
13 13 13 212 803 
55 604 604 680 
744 
922 978 
751 954 
614 
140 181 181 319 334 334 911 
175 347 807 807 
126 640 640 
234 664 664 
548 660 660 739 739 739 739 1001 
259 259 502 650 859 
239 661 661 899 
952 952 954 1020 
74 717 
653 653 780 
192 192 413 498 749 930 
134 354 354 354 786 954 
428 428 431 431 431 
342 342 
44 44 
189 189 
147 147 147 249 249 647 647 1017 
225 1005 
427 


805 
384 767 
519 780 
277 439 
154 
497 954 954 
183 277 277 304 304 903 
502 836 
267 267 576 718 991 
131 131 428 428 498 549 557 557 600 600 600 661 661 661 1010 1010 1010 
487 628 628 
85 85 
176 229 
213 
79 611 819 

327 810 903 
681 
61 61 
229 229 398 600 698 698 698 706 706 706 873 
189 
132 132 871 
277 317 
575 780 886 
72 277 282 567 567 
66 435 467 565 565 
412 612 612 805 
23 35 54 54 74 74 308 378 378 718 1005 
79 229 229 229 432 432 432 611 670 776 
105 105 473 473 
105 240 

30 30 
70 794 794 
27 39 85 85 85 114 147 193 193 492 653 653 740 740 780 780 875 
197 197 250 250 
467 639 815 
399 682 950 950 
786 
229 229 
955 
390 390 805 
443 
639 639 

228 793 
265 265 
661 661 837 982 
619 
0 107 107 107 233 233 
94 94 94 507 682 727 
49 59 122 150 162 277 316 324 324 411 411 453 550 606 606 606 858 868 972 972 
264 264 
532 532 
809 

507 
249 

831 
656 968 968 
660 
475 
172 

692 
229 
103 410 410 410 938 977 977 977 977 
709 
288 288 288 469 548 689 
21 238 238 238 311 352 352 366 436 502 502 545 559 596 660 660 660 813 828 927 927 978 978 
475 536 
226 338 388 
69 162 797 
273 
240 764 764 764 922 922 968 
95 95 97 935 935 1006 1006 1006 1009 1009 1009 1009 
213 213 
71 841 
119 569 579 767 767 
130 
372 372 963 963 
469 
928 928 1002 1002 1006 1008 
336 
37 37 127 428 428 428 557 557 628 628 684 954 977 977 1023 1023 
71 531 660 919 
82 147 147 217 434 558 558 
497 
42 42 238 277 545 
587 587 
175 780 
976 
805 
355 413 586 689 
256 256 

229 401 757 1013 
107 107 107 366 366 414 889 889 

118 566 566 838 838 954 
410 659 660 1016 1016 1016 
5 5 37 40 40 55 61 74 80 82 82 130 134 139 147 147 157 157 158 158 158 159 159 178 178 192 196 205 205 211 213 213 218 218 277 283 283 283 286 286 292 292 305 310 318 366 366 367 367 370 370 373 373 373 389 391 403 414 433 433 434 452 467 467 477 491 491 497 500 500 513 516 518 536 536 536 547 571 582 601 602 660 660 678 682 704 704 710 710 713 725 725 725 733 736 737 756 767 801 804 805 829 838 842 857 857 937 952 963 1006 1007 1023 
892 
337 552 552 810 810 
171 171 171 459 570 
76 
142 262 262 334 496 563 563 624 
277 
515 
95 409 409 409 409 507 647 
18 100 203 366 366 372 416 588 824 933 933 954 
308 308 666 666 
162 
190 190 190 237 237 259 259 259 502 502 532 532 738 821 
780 
21 21 912 912 927 
175 507 598 662 662 780 780 
366 366 366 
25 
587 903 903 

96 123 123 714 
169 169 169 427 427 474 782 
366 944 980 
410 919 919 919 919 937 937 1023 
495 656 656 656 656 813 813 828 922 922 
249 249 422 422 584 680 
114 976 
366 366 366 399 480 523 523 523 
616 616 687 899 
569 

58 58 115 654 654 

118 
277 375 375 385 385 613 
156 640 665 
411 
860 
5 341 341 646 767 
354 1007 
182 182 229 
123 123 435 

414 
229 
82 169 399 691 

714 714 714 835 
9 240 240 648 935 935 1006 1006 1008 1008 
538 
716 716 
110 848 879 
138 150 150 150 487 549 663 663 714 798 928 928 928 935 954 1002 1002 
415 954 993 
240 315 935 1002 1002 
242 242 378 378 378 928 928 928 928 
93 479 498 861 861 861 
77 77 229 254 254 461 461 
427 427 474 
229 949 
62 62 401 645 732 
451 780 780 
277 953 953 953 
86 366 847 
229 
36 36 258 791 
490 838 
109 
366 822 822 
369 402 937 937 954 977 
