nodes: 1024 edges: 1901
107 901 901 

97 182 

212 
7 167 167 250 263 328 328 341 341 342 342 384 531 531 531 686 767 954 954 992 992 
759 987 
5 544 698 
229 229 231 231 366 789 
648 648 
943 943 
74 
82 
264 264 264 803 825 
752 954 954 
147 
954 
155 155 396 
588 588 963 

229 
922 968 
277 277 532 
120 179 179 225 308 617 

478 780 971 971 
584 584 
291 333 453 505 505 858 
463 463 
56 853 
146 417 591 636 883 883 954 954 

228 746 746 822 998 998 
686 686 
401 
330 429 429 879 
166 166 229 600 1019 1019 
602 751 954 
229 
492 886 886 
497 497 954 954 
82 355 
277 941 
147 147 
559 845 845 1003 1003 
399 650 
176 176 754 

773 

541 555 555 


335 335 335 336 532 532 
308 879 879 
391 826 826 826 826 
29 651 651 
344 344 
99 985 
740 740 903 
366 399 399 
328 870 
1014 
154 
93 93 277 
387 387 387 
786 
197 229 
230 382 382 790 810 810 
925 925 
280 280 366 589 589 885 885 
448 765 930 930 938 

229 424 424 614 811 
11 120 564 646 717 839 879 879 954 954 

194 482 958 
229 686 686 686 1011 1011 

241 344 344 344 344 420 611 866 866 
954 
604 
12 41 147 155 155 155 166 267 500 500 513 558 593 699 699 
741 1006 1006 
419 430 529 
229 229 229 863 886 886 886 
145 145 505 505 1017 
674 674 
673 
427 427 427 


271 479 
64 64 1010 1010 
277 277 902 
928 962 962 
714 974 974 
2 928 
266 1022 
58 
305 318 318 
434 434 
143 480 480 635 635 
601 601 836 919 
739 
660 734 881 882 
392 748 
0 171 171 310 454 661 661 711 711 837 837 837 899 950 950 954 954 
366 366 607 607 777 
229 


340 
229 229 
363 366 396 396 396 399 399 476 476 840 980 
229 229 229 233 632 632 654 985 985 
153 238 
667 853 853 853 853 
855 
162 739 931 931 
23 74 599 599 
569 
738 738 
162 162 162 229 229 435 456 525 780 780 974 995 1004 
367 

425 425 594 833 
369 402 546 937 937 
954 
428 608 898 898 
932 954 954 
272 861 
547 873 873 998 
497 497 
954 
199 199 
252 270 753 
594 684 
571 1009 
161 324 348 348 348 541 
624 
660 734 938 938 

102 
151 407 407 
86 86 
30 224 
15 43 43 82 193 193 235 501 699 699 737 847 847 886 886 906 954 
208 
260 399 480 
560 903 
144 285 448 448 448 448 
434 434 
116 309 309 323 603 814 814 814 
63 360 360 376 642 642 856 
17 17 82 82 82 583 979 
989 989 
494 954 
277 954 954 
954 
646 
139 
119 123 123 123 204 229 321 439 472 472 533 533 647 647 715 739 758 758 903 903 903 
582 582 
165 673 
164 
36 36 82 256 256 355 355 
5 5 328 580 
171 435 525 525 792 792 792 792 792 
645 975 975 999 
509 509 799 799 799 
107 107 168 210 957 957 957 
267 576 593 593 860 915 915 
339 
304 585 780 
347 432 764 769 780 780 
46 46 238 511 511 660 913 
428 455 
954 
23 23 308 
376 
831 
2 229 329 387 387 796 994 
277 461 858 858 
420 
328 328 
954 
203 402 
411 674 674 
738 738 872 903 903 903 
966 966 
328 915 
391 391 841 841 954 
147 147 886 886 
76 855 958 

218 218 571 581 954 954 
67 219 355 541 541 887 
491 491 
135 135 203 203 571 
789 


187 199 199 216 963 
162 242 303 384 384 
494 494 

247 247 596 
148 714 
449 728 954 
171 723 

4 803 803 912 
314 929 954 
611 

203 329 329 487 487 
365 820 820 939 939 939 
196 196 403 767 853 954 
197 735 735 
606 651 651 
377 377 


146 417 949 
23 
388 388 924 
230 632 
32 897 1000 
8 8 20 36 38 67 73 77 85 85 85 109 113 113 115 115 115 123 123 162 182 241 277 278 320 366 366 368 377 398 405 407 407 415 415 427 427 443 445 445 445 446 461 461 461 461 464 476 476 485 534 565 565 603 603 614 614 632 655 681 681 690 690 719 726 726 747 747 752 765 766 775 776 776 776 780 780 781 796 809 819 864 864 871 871 880 886 891 954 954 954 987 994 998 1018 1018 
68 227 392 392 632 
8 8 

115 632 901 
631 631 891 966 
147 
767 

116 176 660 922 922 941 941 
837 954 
334 334 334 927 927 1002 1002 1008 1008 
79 229 420 420 
204 267 428 1009 1009 
583 583 
617 617 617 
313 502 
536 
207 207 596 
362 362 816 
847 909 979 979 1017 
5 621 887 887 954 954 

136 539 
366 366 393 393 616 616 
1011 
382 382 
166 166 359 947 947 
545 545 
791 791 1019 
371 532 836 905 905 966 
149 
366 663 
363 366 366 440 440 440 563 624 624 660 660 705 959 1017 
5 384 641 641 641 
13 13 13 904 904 904 
703 898 898 
98 739 
82 172 242 535 783 860 
922 922 978 
277 
136 444 444 444 539 856 
92 583 
131 779 
300 926 
366 779 
666 
464 479 660 
22 22 42 64 94 94 158 183 229 269 283 298 324 324 339 346 348 375 375 381 381 381 381 381 383 419 439 449 453 453 459 475 529 529 558 558 570 570 603 603 697 727 739 855 872 872 876 903 903 903 941 941 954 957 988 1016 1018 1018 
229 345 345 630 

70 70 301 301 
759 

277 
618 
151 
547 547 958 
432 432 
785 921 956 

314 892 
27 
368 
362 

676 821 
802 923 
545 545 
277 498 

273 409 423 423 
280 280 892 892 892 
590 
204 
174 858 858 
100 474 474 954 954 
385 661 936 
366 366 889 
23 54 179 412 412 412 412 551 879 879 964 
153 153 
107 317 412 412 412 412 412 456 954 

760 803 803 
245 502 
213 290 491 781 781 781 
1008 1008 
379 1020 
310 819 874 874 874 874 
100 100 
831 
229 322 322 503 503 503 
162 715 
320 320 660 660 
153 357 706 706 827 877 
139 277 277 558 664 903 
355 
366 366 366 777 
337 361 361 714 714 
5 5 61 167 185 185 191 331 531 580 580 580 
182 216 216 
35 334 879 
328 
548 616 721 
27 728 
240 240 240 330 
53 53 53 502 502 
53 421 421 502 800 835 936 
327 548 956 
634 634 
173 277 576 714 739 
112 418 684 
5 5 597 701 735 735 735 992 
5 5 844 853 853 853 
881 
57 57 79 79 79 79 
278 278 
277 
175 
139 139 139 277 
399 399 399 823 
755 
457 469 469 548 629 782 


529 842 842 
41 166 166 197 325 946 946 
780 
323 

256 528 
154 154 800 
327 327 
248 248 293 437 450 450 731 743 743 788 788 788 984 
114 262 366 366 624 
586 
217 592 
8 60 70 108 108 114 229 229 253 253 261 262 262 274 307 307 326 326 326 363 363 372 372 393 393 399 407 409 441 441 470 502 502 523 660 700 719 719 763 763 777 922 922 922 950 950 973 980 981 1017 1022 1022 
124 
229 292 
127 937 1023 1023 
737 
259 490 490 
366 366 523 933 933 933 963 
954 954 
544 954 
277 277 
154 180 
221 221 229 
879 879 1009 1009 1009 
316 
428 
277 277 277 277 277 
68 68 255 255 810 810 
277 
5 204 204 263 767 
306 419 419 454 454 454 616 661 687 988 
722 722 
65 65 65 182 182 612 
226 226 426 426 426 1002 1002 
404 
778 893 
55 192 192 
106 230 230 406 425 439 439 517 527 
253 253 366 366 466 
451 780 780 780 861 
878 
17 114 114 114 767 
620 934 934 
229 690 690 871 871 871 
45 60 60 114 114 149 349 349 349 366 518 627 650 750 750 750 823 981 981 981 
665 665 665 778 778 
34 732 949 949 1013 1014 
127 187 736 
218 
389 
229 565 565 
392 580 580 580 
144 144 229 229 366 427 427 561 561 579 583 584 
455 
300 366 962 
660 660 919 919 953 953 977 
188 492 492 903 990 
308 308 308 308 310 310 310 310 310 660 660 660 
609 609 609 749 841 946 
682 954 997 997 
229 229 504 504 672 1007 
761 761 824 
30 224 
340 
84 277 385 385 543 543 988 988 
79 184 241 241 573 
336 336 
561 561 561 583 584 584 979 979 
300 300 
73 73 882 882 882 
126 126 392 
388 388 388 634 634 634 
89 89 89 229 229 407 407 474 583 671 849 854 1012 1012 
129 177 242 380 431 431 498 498 684 684 709 709 755 843 861 861 870 937 937 
35 35 
84 
428 428 
175 287 287 740 740 740 740 780 880 
652 954 
101 101 152 152 640 698 756 768 768 
123 168 786 877 995 995 
922 
362 

162 277 392 392 570 855 855 
262 262 262 563 563 609 660 660 660 870 
366 366 679 
565 565 
229 894 1018 
270 270 270 808 808 
229 229 229 817 
229 
709 763 763 
71 151 151 151 151 555 
209 277 
362 362 
394 780 780 1015 1015 
954 954 
27 277 277 903 903 
107 385 385 385 
177 408 
123 310 
351 710 

277 
780 
183 229 229 229 229 949 1011 1011 1011 1011 
546 546 
28 28 
229 276 

393 
815 877 877 888 987 
475 
351 351 726 726 726 806 810 810 934 
366 

162 162 572 761 761 
507 
305 305 427 
277 468 679 679 679 679 802 914 914 
114 114 229 229 
954 
25 585 
92 276 491 491 954 1010 
102 102 149 502 502 981 
712 
76 
780 780 
818 950 
229 

216 216 714 862 862 1006 
756 756 
726 
371 371 1020 
198 198 314 479 479 518 954 997 997 997 
39 411 411 886 954 954 
663 962 
157 205 205 

563 563 959 
40 40 133 133 857 940 954 954 
298 428 428 841 841 841 947 1010 1010 1010 
789 
82 82 954 954 954 
147 
245 313 335 335 336 366 366 480 480 532 532 556 607 738 757 763 800 859 922 922 966 984 984 
320 320 320 622 
415 415 
27 27 86 86 1017 
851 
473 662 902 908 908 

170 170 
821 
176 176 660 660 660 

82 954 
544 544 

689 954 954 
392 527 527 
399 491 954 
854 
608 759 759 
660 660 

366 372 817 817 817 981 
736 
123 168 168 
764 767 844 844 954 
392 517 517 
359 
84 277 277 354 
954 
5 5 5 328 710 
22 53 53 259 502 502 692 905 905 907 966 966 966 
162 162 637 637 715 
229 
267 
246 954 
628 
773 1003 
252 270 808 
714 
50 139 197 197 
926 
419 419 713 
7 374 514 514 719 775 775 
257 257 297 297 562 596 596 922 922 941 941 
127 462 462 780 780 
132 286 286 
332 337 351 721 721 795 795 810 810 954 
861 1006 1006 
903 903 
308 879 
742 810 820 820 956 

957 
50 50 448 587 
502 
861 937 
82 277 277 324 939 939 
44 628 628 712 784 922 
150 
407 407 422 422 422 
545 
262 440 440 496 496 
74 
229 229 405 405 442 442 877 927 
978 978 
876 
692 692 692 1002 1002 
121 767 767 
277 277 439 
138 196 199 954 
472 
420 

875 886 
172 339 


407 
167 328 328 328 406 406 406 
196 
163 163 
155 243 243 271 407 422 427 671 
26 26 407 422 422 
174 478 702 
364 689 
555 942 954 954 972 
18 18 963 
70 70 954 954 
302 926 
30 
365 
82 172 172 
126 137 640 647 

207 247 545 545 
341 917 
819 
120 120 
36 861 871 
103 103 
37 
153 229 229 277 277 702 702 
81 826 1006 

220 903 903 
108 108 502 
129 520 680 
413 413 413 440 660 660 660 746 
820 
79 214 866 880 
387 660 
988 
73 229 229 994 994 
937 
253 253 332 385 632 663 687 982 
23 244 244 244 
284 

397 
250 
503 632 951 951 951 
780 780 
140 262 262 363 959 
844 
806 810 
399 
537 559 559 862 862 862 937 937 937 
351 695 695 695 
278 690 690 
234 234 
115 115 227 229 230 233 616 622 669 
711 821 
338 338 426 426 426 924 
102 102 
30 
533 533 
679 
888 895 895 
434 594 833 954 
263 263 263 
154 154 


169 732 732 1014 
74 160 717 761 
162 162 594 847 847 965 
9 9 
736 
45 399 836 
56 56 220 220 694 791 
433 
780 840 
115 985 985 
229 
912 978 

810 
953 953 
105 141 176 238 262 262 276 322 322 366 410 410 412 412 412 440 440 440 511 511 511 521 521 609 609 609 612 673 673 675 835 835 878 922 938 954 986 
107 107 306 385 705 861 861 861 899 899 
507 969 969 
261 493 616 1006 1006 
324 834 
400 400 400 
275 964 964 
117 676 

632 

427 583 865 865 
415 
88 164 660 660 791 
87 87 188 188 
660 
295 667 

954 954 
441 475 475 475 475 638 831 831 
608 826 826 979 979 
229 229 
414 
865 865 
137 340 428 428 892 937 937 954 

5 33 33 77 77 77 
385 616 

516 586 946 946 
229 229 398 398 630 630 
706 
532 568 568 568 917 
814 
651 
629 629 629 780 812 812 
879 
277 
7 434 871 988 
82 82 147 147 
366 950 
341 
585 603 603 
265 740 

262 661 
323 323 691 871 871 871 

954 
428 428 447 920 920 
457 531 
107 107 633 
481 559 784 845 922 
543 954 
96 208 327 327 339 487 540 974 1001 1001 1001 1006 1006 
162 321 533 797 
1004 
74 646 

229 366 366 544 

332 548 548 838 
386 386 
210 

954 
229 229 469 469 469 489 
277 902 
209 333 
922 

362 
401 645 645 1013 1013 1014 

105 141 
219 219 341 341 341 973 
402 524 649 954 
147 370 954 
122 122 189 189 502 966 
104 119 162 266 277 339 835 
59 59 432 432 432 432 703 780 780 886 
83 1006 
552 896 
362 362 816 


32 32 609 
229 229 
106 
413 841 841 
399 399 399 
37 829 829 
14 229 
136 988 
46 
350 428 771 934 934 
434 488 488 820 820 820 954 
502 949 949 949 
162 162 
6 281 520 520 
312 803 803 
416 416 472 472 646 

366 366 447 447 502 
175 526 927 927 
71 229 
229 830 
5 218 236 384 396 526 569 569 844 844 844 931 931 992 992 
434 434 
175 
780 920 920 
755 
794 794 794 
48 538 
935 
229 544 544 
229 229 229 
108 326 366 
390 400 400 805 
272 274 
25 123 123 174 175 175 229 229 356 394 394 394 432 451 451 460 483 483 546 546 623 623 653 695 740 740 770 840 854 854 875 875 886 943 969 
229 314 314 314 
351 795 795 975 
267 
559 712 
288 
66 435 890 890 
807 
362 362 362 
8 200 499 
68 
258 258 651 673 
168 168 168 168 168 

772 772 772 885 885 
548 548 782 782 1001 1001 1001 1001 
182 229 
715 
1006 
170 170 170 1017 
336 360 502 
954 
296 475 
13 212 212 312 312 760 760 825 825 

778 878 893 945 954 954 
469 626 810 810 
787 
444 444 539 
229 906 
68 68 382 382 469 469 548 548 552 626 658 806 806 868 
73 
695 695 

153 153 153 693 
467 
248 743 
445 523 523 523 
484 
229 317 598 866 
217 217 552 552 610 756 756 756 916 
295 510 633 966 
32 1022 
349 399 
416 963 963 
13 803 803 
55 55 55 55 604 680 680 1006 1006 
323 
922 975 978 978 978 
751 751 954 
766 
181 319 679 679 911 

126 640 
664 
336 660 660 739 1001 
103 259 650 859 
107 107 107 239 
721 952 952 954 1020 
74 
114 653 780 
192 192 413 498 498 498 749 749 930 946 
354 354 954 954 
428 
342 526 526 625 767 767 767 
44 44 712 

147 147 249 647 647 1017 
1005 1005 
427 
905 966 
506 

29 117 117 117 117 218 342 342 342 
427 519 780 780 
118 194 277 439 439 
154 270 
497 954 
27 183 183 304 304 903 903 
502 836 
172 267 
131 394 428 428 549 557 600 661 661 661 1010 
487 487 628 628 628 
85 
229 229 
671 671 683 683 
79 79 611 819 

810 903 

61 428 440 
229 229 398 398 398 600 698 706 706 706 873 939 
189 277 277 
132 132 871 
317 317 317 317 900 
575 780 780 886 
277 567 
323 435 467 467 565 
395 660 805 
35 54 54 74 74 308 308 330 378 378 551 696 1005 
229 432 611 
105 343 
105 424 424 424 954 954 
30 30 

70 70 794 794 
39 39 85 85 85 147 147 193 193 229 492 575 740 780 875 
197 250 250 
467 639 
307 950 
786 786 
229 234 
290 301 301 301 684 
390 805 
443 
639 639 
742 
228 
129 129 265 265 
107 661 661 
874 
0 0 233 
94 507 727 
59 150 162 162 162 189 189 189 277 277 277 324 411 453 453 550 550 606 606 858 858 868 972 
264 264 264 
259 259 532 532 850 966 
147 809 
532 954 
507 507 
249 

831 
212 656 968 968 
176 
475 475 
172 172 191 
820 
597 692 

103 410 410 938 977 977 977 
709 709 770 770 
288 956 
21 238 238 268 268 366 366 366 436 502 502 545 545 559 660 712 729 828 927 927 927 978 978 
296 
226 634 
69 69 
273 542 590 
240 240 565 764 764 922 922 922 968 
95 97 1006 1006 1006 1009 
213 
71 71 841 
119 119 767 767 
130 
372 372 372 963 963 
397 397 469 755 755 
774 1006 1006 1008 
306 336 
127 127 369 428 428 557 615 628 628 628 684 684 977 977 1023 
71 141 141 660 919 
217 217 217 558 558 871 
497 
42 238 238 277 277 545 545 
587 
10 10 780 969 

805 
355 355 413 689 689 841 974 
256 256 498 

224 401 401 461 757 757 757 1013 
107 107 366 366 484 700 889 
622 622 622 
838 838 
410 410 659 659 1016 
5 5 14 14 16 30 30 37 40 40 74 74 80 107 107 128 130 130 134 147 157 158 158 159 178 186 192 196 196 209 213 218 229 229 229 239 250 250 277 305 305 310 373 373 374 414 433 452 452 477 479 491 492 492 497 497 500 500 500 513 516 516 518 526 530 536 548 571 587 587 589 589 640 660 678 678 684 708 713 725 736 737 756 801 805 805 829 838 842 842 857 882 882 907 997 1002 1006 1006 1006 1007 1023 

288 337 552 921 
171 171 171 277 554 
76 194 286 
262 496 624 


95 95 409 493 
18 203 372 588 824 824 933 933 
308 666 666 
647 
190 190 234 259 502 532 532 532 738 821 850 905 

21 912 912 927 
662 662 780 943 

25 25 
587 903 
366 735 
96 96 123 714 946 
169 169 782 828 

410 919 919 919 937 937 1023 
268 566 566 656 828 828 828 922 922 
155 249 249 422 422 680 680 
114 366 
366 399 399 399 480 523 
616 

362 502 502 
58 115 115 654 654 
660 
6 229 467 
277 385 419 419 613 698 753 
156 156 
411 

5 5 341 767 767 

182 229 614 614 
123 435 435 

414 414 491 491 491 954 
32 32 132 229 
169 
228 
714 714 714 795 795 795 795 835 
240 240 388 388 568 568 954 1006 1006 1008 1008 1008 
44 44 538 
123 716 
848 848 879 
83 83 487 549 549 604 663 663 714 714 741 798 826 826 928 928 928 935 935 954 954 954 1002 1002 
415 954 
240 240 315 315 935 1002 1002 1002 
138 242 242 378 378 378 928 
93 93 479 498 498 498 861 
77 77 254 461 461 461 461 
427 427 
401 732 732 949 
62 401 645 732 
451 451 
277 953 
86 249 262 366 505 799 847 
229 229 277 277 443 
36 36 258 
316 490 838 

98 366 366 822 
369 369 937 954 977 
