nodes: 1024 edges: 1901
107 107 901 
648 648 
97 
954 
212 212 
250 263 328 328 328 331 342 384 384 531 569 625 625 710 767 767 954 992 
759 
61 544 698 698 
183 229 229 229 300 
648 648 
175 
74 658 658 748 
82 
264 803 803 825 

147 458 

19 19 155 155 643 
588 725 
17 17 728 
229 439 
922 968 
277 
120 120 225 225 308 308 617 617 879 1005 

478 780 

291 333 333 505 505 505 505 886 
423 
56 56 215 
224 636 636 
548 629 629 629 
228 603 603 746 998 
686 
401 401 
429 879 
229 1019 1019 
602 751 954 954 954 

814 886 886 
133 497 497 954 

941 
147 147 
845 845 1003 
687 
176 176 
189 189 
701 773 773 
353 903 903 
277 541 541 541 696 


335 336 502 532 936 
879 
391 826 826 
29 29 651 
344 611 
99 99 985 
903 
366 399 399 
7 870 954 
556 1014 1014 1014 
154 154 
93 93 582 
407 
786 890 
197 197 197 197 229 
382 658 790 810 
925 925 925 
280 366 589 
151 765 930 930 938 
277 876 
424 614 
11 120 160 717 839 879 954 

194 482 958 958 958 
686 1011 1011 1011 1011 1011 
229 366 
344 344 420 420 880 

604 
12 147 166 172 209 267 267 355 500 513 537 537 699 728 787 954 999 

529 529 
123 123 229 229 462 630 780 886 
145 505 505 1017 1017 
674 

427 
692 692 
712 720 
479 
64 64 1010 1010 
277 902 
928 962 962 
288 
2 928 

58 58 229 344 344 
963 
434 
143 143 143 635 
601 601 601 836 
162 162 739 
660 660 734 882 882 986 
748 748 
0 0 171 454 454 454 661 661 711 899 899 901 950 950 
366 366 366 777 777 904 904 
1021 1021 


340 340 
162 229 229 
363 366 396 396 476 745 745 745 886 944 
229 233 632 654 
153 153 185 238 238 
667 853 853 
194 194 194 855 

23 23 74 599 599 
569 
738 738 903 
85 85 162 162 162 456 456 525 780 780 780 
367 
923 
425 594 594 594 640 640 833 
402 736 
954 
557 608 
932 932 954 954 
861 861 861 

40 
351 
199 
252 270 270 753 753 
301 594 
421 571 1006 
277 277 324 348 348 541 541 541 954 
181 181 
660 883 938 
959 959 
102 102 102 
151 407 407 
86 505 

15 43 43 82 235 235 497 699 699 699 737 886 886 886 939 954 
208 
399 399 455 480 
509 826 826 1006 
71 144 202 202 407 407 448 448 
685 
116 116 309 309 323 603 
63 63 252 360 376 617 642 642 856 
17 17 239 
989 
494 954 
375 375 954 954 
954 954 
74 646 646 761 

104 104 113 123 123 123 229 277 289 303 439 439 514 647 715 715 739 739 758 758 903 925 965 
582 
165 165 673 
164 164 673 
82 256 355 355 355 355 635 
403 
171 171 171 435 792 792 
645 999 
509 509 
107 168 168 168 210 210 588 588 954 
82 267 593 699 
339 339 
702 702 780 
10 347 769 769 780 780 780 807 943 969 
46 46 238 238 238 511 660 754 913 913 913 
428 455 524 696 
896 
308 308 
376 
140 140 831 831 911 911 
229 387 994 
8 277 461 461 
478 
116 328 814 814 
516 954 
203 402 434 

47 47 
966 
328 531 
391 391 841 954 954 
886 886 886 
76 118 118 118 855 958 
223 978 
218 218 405 954 
67 67 67 67 219 219 219 541 541 541 
954 
135 203 571 

340 340 340 418 574 684 
151 151 
187 199 623 
303 303 384 384 
494 954 
277 
247 247 596 
148 327 327 327 361 714 714 714 
82 436 436 449 728 954 954 
171 171 
954 
4 4 803 912 
314 314 374 374 929 954 
611 880 
29 588 
329 329 487 487 
365 365 434 434 820 820 939 
196 196 403 767 853 853 853 
197 197 197 735 
437 595 595 606 651 


195 
30 417 417 949 
23 23 
924 
230 230 230 
32 897 1000 1000 
8 8 8 20 36 67 78 85 85 99 113 113 115 162 182 241 241 277 278 323 358 358 366 366 398 405 405 407 407 415 427 427 442 446 461 461 461 464 464 485 534 603 614 614 655 669 669 690 719 719 726 730 765 766 775 776 780 780 780 796 809 818 864 864 871 880 880 886 886 891 891 918 949 949 994 998 1011 1013 1013 1018 1018 
227 227 227 392 632 632 719 
300 554 
790 790 835 1004 
115 901 901 
631 631 834 
147 147 
767 
966 
116 116 176 176 176 660 660 814 922 922 941 
155 
305 334 334 882 927 1002 1008 1008 
229 229 420 420 420 
350 428 
583 591 
617 617 


207 207 
362 397 816 
909 
5 954 954 

136 154 270 270 376 
393 616 616 
677 677 1011 1011 

166 947 947 
545 

371 502 502 502 532 905 905 966 
549 
616 663 
363 363 363 366 412 412 440 440 660 660 705 705 705 1017 
5 384 384 641 
13 904 
898 898 

82 82 172 535 718 783 
922 922 922 978 978 
277 277 1007 
136 136 252 252 856 
407 407 583 
407 779 779 
300 542 542 926 954 954 
366 387 387 387 779 
668 668 
464 559 
22 50 72 94 139 139 162 183 206 229 269 269 283 298 324 324 339 339 346 348 348 375 381 381 381 411 419 423 439 439 439 449 449 449 453 459 459 475 529 533 541 558 603 666 707 739 739 855 874 874 903 903 941 957 957 960 960 988 988 
229 630 630 630 630 

70 725 725 
467 759 

277 459 459 459 954 

374 374 
547 547 954 954 954 958 
432 673 
96 
162 725 725 725 
491 491 892 892 
27 366 366 366 
368 954 
362 362 362 
469 

923 
545 
277 

8 231 273 366 423 
137 
590 
162 204 204 

240 388 474 742 954 
419 661 
388 889 
23 23 179 179 412 666 879 
153 153 
412 412 454 454 954 
922 
803 
502 
213 213 491 491 491 781 
1008 
379 1020 
874 
954 954 
831 
476 476 781 


153 229 357 357 357 603 603 706 864 864 
139 277 277 558 558 664 903 903 
355 
346 366 366 366 
208 208 208 337 361 714 1006 1006 1006 
5 5 5 185 191 331 331 531 531 580 686 
216 216 796 796 
879 
5 328 328 
548 616 711 721 721 
27 27 728 
240 240 366 366 366 
53 366 366 502 502 
53 421 421 502 502 936 
327 548 548 548 638 956 
634 634 804 
173 173 277 277 714 714 
112 112 201 201 201 418 
701 735 735 735 735 917 954 
5 844 844 

57 79 79 99 99 

277 326 
175 832 832 
139 139 277 277 
399 823 823 
242 
134 457 469 469 548 548 629 

49 
529 529 842 842 993 
82 166 166 166 166 325 946 946 946 
780 780 780 
323 323 323 
229 229 387 
528 
154 800 
208 327 
248 293 293 293 450 502 502 502 731 788 
114 262 262 262 366 790 790 
586 946 
217 217 558 
60 70 78 108 108 108 114 229 229 262 274 291 291 291 300 326 326 326 334 334 334 335 335 363 372 372 407 407 407 409 409 441 450 470 470 502 510 607 660 660 763 763 790 790 922 950 950 963 963 970 976 980 981 981 1017 1022 
124 954 
292 
1023 
737 954 954 954 
259 
366 366 523 817 963 
954 954 
213 213 285 285 544 801 954 
158 158 277 988 
154 180 252 
565 
879 879 1009 1009 
316 
428 
277 277 277 
68 810 810 

5 5 204 204 263 263 396 396 767 767 
419 454 661 661 661 

182 274 274 274 358 594 864 
305 307 426 568 924 1002 1002 
404 404 954 
395 893 893 893 
55 192 192 954 954 
230 439 
253 
780 
390 
114 114 384 384 767 
248 934 
229 690 690 871 
60 60 149 149 349 823 999 
665 766 778 778 778 
34 34 645 645 732 949 949 
127 187 
167 218 954 
389 389 603 603 
196 229 229 869 
580 
65 144 144 151 151 229 229 271 271 272 366 366 366 422 427 427 561 579 583 
455 455 455 886 
366 366 962 962 962 
919 953 953 953 977 
277 492 903 990 
262 262 308 310 310 660 660 660 878 
609 749 749 841 
489 682 997 997 
229 
761 761 761 824 963 
224 224 591 
201 340 
277 306 385 543 988 988 
79 79 241 241 241 573 573 573 
138 336 336 689 689 
407 550 561 584 979 979 979 
28 277 300 
73 882 882 
126 
388 634 1002 
89 229 229 407 407 474 474 474 583 849 849 975 975 1012 1012 
177 242 380 463 498 557 684 684 709 755 861 861 937 937 
35 

843 843 
287 740 740 740 876 880 880 
652 
101 187 217 217 640 640 698 756 820 820 820 954 
168 786 786 877 
209 209 922 
220 
728 
20 162 162 277 277 277 392 570 
262 262 563 563 563 563 609 609 870 
366 657 679 
229 565 565 
726 747 894 1018 

747 817 817 817 
229 
463 463 709 709 709 763 763 
151 151 451 451 555 
209 277 277 277 
362 366 788 
448 448 1015 
530 530 
277 903 
107 107 107 310 310 385 
149 177 408 408 408 
123 123 
351 710 
15 939 
277 277 283 283 283 957 
780 
183 183 229 229 229 949 1011 1011 
85 
428 447 447 
229 229 276 
590 590 

281 639 639 815 877 877 877 888 954 987 
475 
294 351 351 726 726 810 
366 366 912 912 
899 
572 735 735 925 
881 902 
305 427 427 427 1012 
277 468 679 802 802 923 923 
114 320 320 781 

25 184 971 
92 491 954 954 1010 1010 1010 
149 502 981 
712 712 
76 958 958 
780 
950 
229 707 707 707 

216 216 540 714 714 1006 
756 
414 726 726 
715 748 748 748 797 
290 290 314 314 314 479 997 997 997 
411 954 
663 
157 205 
568 
563 
40 40 147 857 940 940 
428 538 841 841 841 861 1010 
789 
82 954 954 

53 259 259 259 313 335 335 336 336 362 362 362 366 480 532 556 607 607 659 720 731 738 738 763 763 763 773 800 922 922 922 966 966 966 
878 

27 27 27 27 86 86 145 
756 851 939 
662 902 902 902 908 908 908 
662 662 
150 170 170 1017 1017 
366 797 797 
176 660 660 793 

82 954 
162 544 544 544 

186 689 954 
527 527 
577 

759 
660 
555 
372 981 
177 618 736 
123 
767 844 954 
517 517 
359 
84 84 277 354 354 954 954 
452 452 789 954 
5 191 328 328 
53 259 502 905 907 966 
277 637 
229 
267 
582 
82 82 
498 761 773 1003 1003 

487 
50 50 50 139 139 139 197 197 197 277 
273 273 
419 713 
7 374 514 514 514 
257 297 562 562 596 922 922 941 941 
780 780 886 
286 286 954 
31 332 337 337 337 351 351 719 721 792 810 810 810 835 954 
260 714 861 
422 

742 820 820 820 956 956 

231 
448 522 
62 502 
129 428 
277 324 324 365 939 939 997 
276 628 712 712 784 922 922 

407 422 
545 545 
440 440 440 440 496 

377 442 442 
952 978 978 978 
876 876 
388 495 692 912 1002 
5 121 931 931 
439 957 957 
138 199 954 954 
472 
420 420 420 
201 684 937 
875 875 
860 
518 

407 931 
328 406 

64 163 536 587 950 950 950 954 954 
243 271 407 427 671 671 
422 979 979 

364 689 946 
582 877 942 954 
18 171 171 215 963 963 
70 954 954 
302 465 465 926 
243 417 
810 
172 699 
126 126 126 137 387 640 
220 220 
207 545 922 922 
917 992 
819 
120 120 
861 861 
103 103 103 801 805 954 954 954 
37 751 751 954 954 
32 32 153 229 277 323 323 404 404 702 702 
81 826 826 
681 
220 
366 502 502 
129 680 
413 440 440 660 660 

57 214 866 866 866 880 

753 
73 229 229 830 994 994 
937 
253 253 261 332 632 632 632 663 687 982 982 
23 23 154 244 244 
524 1009 



632 951 951 
203 
959 
5 5 
806 
750 
559 862 862 
31 31 31 351 
85 278 278 278 278 690 
234 234 
115 230 230 616 616 616 622 669 669 
821 821 
338 338 426 924 924 
102 166 
30 30 
533 
337 679 
467 467 888 895 
126 126 434 434 594 833 833 954 954 
263 
154 154 
17 
811 
169 401 401 732 732 732 
160 160 717 761 761 887 
162 847 
1 1 9 9 1002 1002 
736 943 

56 220 694 694 694 791 
433 
780 780 886 
115 985 
229 864 

441 
11 11 68 
502 953 953 
105 105 141 176 238 238 262 262 366 366 412 412 412 511 511 521 609 609 673 673 835 922 922 954 954 
107 107 306 385 385 385 861 861 
507 508 508 
261 493 616 982 1006 1006 
324 834 
400 
277 308 964 
117 
275 275 790 
229 229 632 632 864 
880 
583 583 865 865 

164 165 287 660 660 
87 
793 793 793 
1007 
254 254 
954 954 
441 475 638 831 
608 979 979 979 979 
605 954 
414 902 954 

201 428 428 574 755 892 937 937 937 
152 
33 77 328 
45 616 982 982 
745 
421 421 516 586 946 
229 398 398 630 

90 90 568 
814 
651 651 651 791 791 
724 780 812 
50 177 

7 7 434 871 871 
82 147 147 147 172 593 

48 341 
174 174 603 603 
808 808 808 
954 954 
262 262 262 
323 871 
277 485 485 485 

428 447 447 447 920 
5 457 954 
107 332 
91 481 481 559 559 784 922 922 
543 
208 208 208 327 339 339 487 487 549 974 974 974 1001 1006 1006 
162 162 490 739 797 797 

74 646 839 
267 
229 229 230 548 1016 
91 502 
332 332 548 838 


695 
18 280 280 289 289 289 
229 443 469 469 489 489 894 
902 902 
19 82 209 333 438 
922 922 922 
229 
362 502 
401 645 645 645 1013 1014 1014 
954 954 
105 
219 341 341 341 341 472 472 
127 524 649 954 954 
147 370 
122 122 502 502 846 
104 162 162 277 277 715 835 835 835 1001 
432 432 432 780 886 

305 552 896 


114 114 114 688 
32 
443 445 
11 106 106 490 490 490 
413 413 841 
627 
37 602 602 829 829 829 

136 136 613 988 
176 
428 684 
434 488 506 820 820 820 

162 162 
6 281 520 
803 803 
160 416 416 416 538 646 646 
763 763 
366 366 447 447 502 502 502 762 762 
927 927 
71 229 
229 400 
5 5 218 236 384 384 396 526 844 844 853 853 931 931 954 992 992 

175 175 780 780 
920 

794 794 794 954 
48 48 502 538 
935 935 
229 
229 880 
108 108 
400 400 400 805 805 
272 272 274 
25 85 123 123 123 174 175 175 175 229 229 229 356 356 356 394 460 483 546 546 653 653 695 740 769 769 854 875 886 967 969 969 969 1015 
314 320 476 845 
975 
267 
559 712 

66 435 435 890 
82 807 
362 450 
499 530 
68 232 232 363 363 366 366 668 
651 694 694 
168 168 548 
511 675 675 675 
772 772 772 885 885 
1001 1001 
229 329 329 
490 510 510 715 715 

1017 
360 502 
374 601 954 954 
475 475 
13 13 212 312 760 760 825 825 
338 954 
601 778 778 878 945 945 954 954 
626 810 
175 787 814 832 832 
703 703 703 
229 906 
68 382 382 469 548 548 548 592 806 868 956 
644 
695 876 

39 185 185 238 693 807 
467 
248 
372 445 445 445 
229 
598 866 866 
217 217 434 434 434 552 552 552 756 756 756 
633 633 966 
1022 1022 
349 349 399 
416 963 
13 803 803 
55 55 150 150 604 604 1006 1006 

975 978 978 
751 751 751 
614 
181 181 319 679 959 
347 347 807 807 
126 640 640 
234 664 
232 548 660 739 739 739 
103 

721 952 954 
74 717 

192 413 498 498 498 749 930 946 946 946 954 954 
354 354 
431 431 
342 342 526 767 767 
44 44 781 
738 
647 1017 1017 

427 427 
905 905 966 
506 
945 
117 117 218 218 218 767 767 
780 
118 194 277 958 
154 270 
497 954 


576 
131 131 131 428 428 498 549 600 600 661 661 1010 1010 1010 
628 628 

229 229 323 323 387 655 669 
671 671 
611 611 611 819 819 

810 903 903 
405 
61 440 
229 398 698 698 706 939 


277 277 317 
575 575 780 886 886 
72 432 567 567 812 
435 467 467 467 587 
412 503 805 
23 35 54 74 308 330 378 378 1005 1005 1005 
79 214 229 229 432 432 611 670 776 
473 
105 105 240 424 424 954 
141 

794 794 
27 39 39 85 114 147 147 147 193 193 193 229 229 408 546 653 740 780 875 875 
646 
467 639 
307 950 
66 786 
229 229 
290 290 684 
390 390 390 
443 726 
639 
178 742 
228 
265 265 
107 107 471 982 

0 107 233 233 
94 473 507 507 507 682 727 727 
49 49 59 122 162 277 277 324 324 411 453 868 868 972 972 
108 108 264 
259 259 532 850 850 966 
809 
532 954 
507 507 507 
249 

181 181 
212 470 470 568 
176 176 176 



341 597 
229 
410 938 977 977 
709 770 
956 
21 238 238 268 268 268 311 366 436 502 502 502 545 545 559 559 596 596 660 660 712 712 729 729 729 927 927 927 
125 296 475 475 
226 388 634 634 
69 69 69 162 472 
273 590 
240 764 764 922 922 922 
95 97 1006 1009 1009 
213 
71 71 841 
569 569 579 767 767 
130 130 
963 
397 
774 774 985 1006 1008 1008 
53 336 
428 428 574 615 684 684 684 977 1023 
71 141 919 
147 217 458 506 558 558 871 
497 497 954 954 954 
42 238 277 545 545 
587 
175 649 
114 976 
805 805 852 
355 355 355 364 586 689 841 841 841 
256 256 

224 229 229 401 401 461 1013 1013 
107 107 366 366 484 582 582 582 889 
622 622 
566 838 954 954 
410 410 410 659 659 1016 1016 
3 5 37 37 37 40 61 74 82 128 130 130 139 147 157 158 158 159 159 171 186 192 192 196 198 205 209 209 211 213 250 250 273 273 283 286 286 286 292 305 310 318 318 341 367 370 370 370 373 373 374 389 391 391 403 434 467 479 479 492 500 500 513 516 526 529 529 530 547 548 571 571 582 582 587 589 589 601 601 601 602 602 640 640 660 660 678 678 681 682 704 704 710 733 733 736 736 767 772 801 801 804 805 805 838 841 841 857 882 907 940 940 940 952 952 1002 1002 1006 1006 1007 1023 1023 

337 552 552 810 921 
277 277 459 570 570 
76 76 76 194 286 482 482 855 
142 142 624 831 
277 277 

95 95 409 409 409 
100 366 366 372 416 588 588 824 933 
666 
162 
190 237 259 502 502 502 532 821 850 905 
780 
21 
175 780 780 780 
366 
478 
903 903 

714 714 714 
427 427 782 828 
366 944 980 
410 919 919 937 1023 1023 
195 268 268 566 566 566 828 828 
422 422 422 584 584 680 680 680 680 
366 976 
366 366 480 523 
616 616 663 687 687 899 


58 654 935 
105 
467 
277 277 375 419 419 753 
156 
411 

5 597 767 767 
354 
182 229 614 614 


414 414 491 491 491 558 
32 229 
82 169 399 
228 228 1013 
714 739 795 795 
240 388 388 426 568 648 648 954 954 1006 1006 
44 538 538 
232 
23 879 879 879 
138 150 327 327 327 487 663 663 714 714 826 826 928 935 954 954 1002 1002 
269 676 954 
240 240 315 935 935 
378 378 618 928 928 
93 93 479 479 479 498 861 861 861 
77 77 77 77 77 229 254 254 461 461 
427 427 474 
229 229 732 949 949 1000 
62 62 62 732 732 
451 780 
719 953 953 
86 86 262 366 509 509 799 847 847 
229 229 443 
36 36 
316 
109 109 
366 822 822 
369 937 954 954 977 977 
