nodes: 1024 edges: 1889
107 107 310 454 
9 648 648 664 747 1002 
182 
415 
20 
167 167 250 263 328 328 331 341 341 342 384 569 625 625 767 767 954 992 992 
759 

229 231 789 789 
1 648 
175 943 943 943 
74 658 
82 
825 


954 
19 155 155 643 
588 
17 
4 229 229 439 
436 922 968 
277 532 
120 179 179 225 308 308 617 879 1005 

478 780 780 971 971 
422 422 
291 333 363 505 858 886 
463 
56 56 56 
146 224 636 883 884 954 954 
118 351 351 548 721 
228 229 229 603 822 822 
686 
401 
330 330 330 429 
166 166 600 
602 937 937 954 

886 886 886 
133 497 954 

277 
497 497 939 983 
559 845 
650 

189 189 
701 701 773 773 
316 353 903 903 
277 541 541 541 541 555 555 
998 
954 
335 335 336 502 532 532 

391 826 
29 29 29 220 762 

99 960 985 
740 903 
366 399 
328 870 870 954 954 
1014 
154 
93 229 582 
387 387 710 
281 435 786 875 
197 197 229 
230 382 810 
925 925 
280 280 366 794 
448 930 938 
277 876 
79 229 811 811 
11 120 120 120 160 160 646 646 839 879 954 954 

485 958 
229 229 686 1011 1011 
366 366 
73 241 420 611 866 
954 
604 604 
12 147 155 172 172 197 209 267 413 500 500 537 558 593 643 699 728 728 787 954 
741 
430 529 
123 123 123 229 229 462 462 630 630 780 886 
145 145 
674 674 
673 
427 
692 692 
712 720 
271 479 1010 
64 1010 
410 410 410 902 902 
352 928 928 962 
714 714 974 
928 
266 266 266 
58 967 
318 318 318 
434 434 434 756 768 
143 480 
601 601 919 
162 739 
660 881 882 882 
392 748 748 
0 0 310 310 633 661 661 661 950 950 
458 607 777 
229 
1005 1005 

340 
229 
366 396 399 399 745 745 980 
233 233 632 632 654 
153 153 153 238 
667 667 853 
31 194 952 
931 
23 74 74 74 599 
569 
738 738 738 
85 85 85 162 162 162 162 168 229 229 456 780 780 974 974 995 1004 
367 
250 250 
594 594 
402 937 
954 954 
428 557 608 898 898 
932 932 
861 
515 547 873 
40 497 
351 954 
199 571 
252 753 
301 301 684 
421 571 1006 1009 1009 
161 324 324 324 954 
181 
660 734 734 938 938 
959 
102 
670 
86 86 
30 
82 235 497 501 699 699 737 847 847 886 886 886 886 906 939 954 

399 399 455 480 480 480 
903 1006 1006 
407 448 

116 116 116 309 309 323 357 603 603 744 814 910 
63 360 376 642 642 856 
17 17 82 769 
989 
494 494 
375 375 954 954 
582 
74 74 646 761 
139 
104 123 123 123 123 204 229 229 277 303 321 322 439 472 472 514 647 715 739 758 
582 582 
165 
164 673 
36 36 256 355 635 
5 5 328 328 580 
123 435 435 792 792 792 
975 
509 509 799 
210 588 588 723 954 957 957 
82 82 267 267 860 
701 
585 585 
10 347 764 780 780 807 832 969 
238 
428 486 486 
273 954 
23 23 308 
376 
140 831 911 
2 796 
277 277 

328 
516 516 954 
203 402 434 506 506 
674 674 674 
47 47 277 738 738 846 872 903 903 903 
966 966 966 
328 531 531 915 
391 841 841 841 841 954 954 
886 
118 

218 229 405 571 581 581 
67 67 82 219 219 541 541 887 
491 857 954 954 
135 203 

684 

187 199 
162 242 303 303 384 

277 

361 
82 436 436 954 
171 615 723 

803 825 912 912 
314 781 865 954 
880 
588 
329 329 487 487 
365 365 434 820 820 820 820 
196 403 403 403 767 853 853 
197 197 250 735 887 887 
56 437 606 
377 


30 417 
23 
388 
230 230 230 230 
32 897 897 897 
8 20 20 32 32 64 67 73 77 77 85 85 109 113 123 123 162 162 196 241 277 278 278 320 320 323 345 345 358 368 377 377 398 407 407 415 427 427 445 445 461 461 464 464 485 485 534 534 544 565 565 578 603 614 614 632 669 669 681 690 690 691 691 691 726 726 730 765 765 775 775 776 780 780 780 781 796 818 819 871 871 880 880 948 949 994 1011 1013 1018 1018 
68 227 227 227 227 392 632 719 
8 554 554 
1004 1004 
115 115 901 901 901 
441 631 631 834 891 891 966 
147 
767 
966 966 966 
116 176 309 660 922 

262 305 334 927 927 927 1002 1002 1002 1008 
79 229 
204 267 1009 1009 
583 583 
617 
313 502 502 

596 
362 397 397 816 
909 909 979 1017 
5 125 125 219 621 621 887 954 954 
343 343 
136 270 270 270 376 539 
393 616 
677 677 
382 382 382 
166 359 

1019 
502 532 966 
549 549 
366 616 
240 363 366 440 440 660 705 705 799 799 1017 1017 
5 641 641 
904 

98 98 98 277 277 739 
82 172 172 242 718 


252 252 252 856 944 
92 
407 407 779 779 
178 302 542 926 954 954 
366 387 387 
666 
479 479 819 
22 42 50 72 162 183 183 189 206 229 266 266 283 283 283 324 346 375 381 383 383 383 411 419 419 423 439 449 529 529 533 541 541 570 603 603 603 619 697 707 727 739 858 876 876 876 903 903 941 957 960 988 1016 1016 1018 
229 229 345 630 
722 
70 70 301 725 
66 467 

277 277 277 459 
954 954 
374 374 427 
547 954 958 
432 432 673 673 
785 
725 725 
892 892 
27 366 936 
368 954 954 
362 
486 486 486 486 

923 
545 
498 
420 
423 423 775 775 
137 137 280 804 804 
273 590 590 
162 204 204 447 
858 
240 388 474 474 742 742 954 954 
419 419 661 661 
326 366 951 
23 23 179 412 412 551 551 666 964 
153 153 238 814 814 814 
0 107 107 317 412 412 954 
352 
760 803 
245 414 502 502 
213 491 491 
1008 1008 
49 379 1020 
310 874 
100 100 100 954 954 
831 
229 229 322 322 476 503 781 
162 715 715 715 
162 320 320 
153 229 603 706 864 
139 139 139 277 903 903 

307 346 366 366 
337 337 361 361 361 361 714 714 1006 1006 
5 5 61 167 167 185 191 331 331 531 580 
216 216 
35 35 35 
5 328 328 606 
548 548 548 616 721 721 
27 366 
240 366 831 831 959 
53 53 502 
53 421 502 835 936 
327 327 548 638 956 956 
634 634 924 
714 714 
112 684 
5 5 597 597 701 735 954 992 
5 844 
251 251 

229 229 278 
277 326 
175 832 

399 782 823 
771 
31 31 134 457 469 469 548 548 629 629 
95 311 922 922 
49 
529 529 993 
166 946 946 

153 
229 566 
256 502 528 
154 
208 327 327 327 327 
248 293 450 502 502 615 615 731 743 788 788 788 
27 262 366 624 624 
946 
217 217 558 558 
60 70 78 78 114 261 262 274 291 307 326 326 333 334 363 372 393 399 399 407 407 441 441 470 502 502 502 510 510 523 607 659 660 700 700 745 763 777 790 922 950 950 963 970 976 981 1022 
124 954 
229 292 
937 1023 
954 
490 490 490 
366 523 817 933 933 963 
681 954 954 
285 285 544 757 801 954 
158 158 277 
154 180 252 
221 229 229 565 

316 

277 
68 255 255 255 810 
277 277 277 
5 204 767 
419 454 454 454 661 661 988 

65 65 274 274 594 864 
226 305 426 426 
404 404 
395 395 400 400 893 893 
55 192 954 
106 230 406 517 
253 366 466 
451 
390 390 878 
114 767 767 
248 248 
229 690 690 690 690 690 706 871 871 
60 114 114 149 149 349 366 366 650 750 981 999 999 999 
390 390 665 665 766 778 778 
34 732 757 949 1013 
127 187 1023 1023 
218 218 218 737 
389 389 
196 
392 
151 229 229 272 272 366 366 422 422 427 579 579 583 584 
455 455 455 
962 962 962 
94 94 94 660 919 919 919 953 977 977 
277 492 492 492 903 903 
308 308 310 310 660 
82 586 586 609 609 609 946 946 946 
313 489 489 506 682 682 950 954 954 997 
3 229 504 504 504 
761 761 963 
224 

277 277 306 306 385 988 988 
79 299 573 
138 336 689 689 
26 26 407 407 550 583 584 584 979 979 979 
277 300 300 
483 882 882 

388 388 1002 
89 229 229 285 407 474 671 695 695 849 849 975 1012 
129 177 463 463 498 498 557 557 557 684 684 755 861 861 861 870 937 
35 774 
84 
843 843 843 
287 287 740 740 740 780 880 
652 954 954 
101 101 101 187 217 698 820 
66 168 168 786 877 995 
21 209 209 
220 
733 733 
20 162 277 570 570 570 855 
262 262 609 870 
234 366 366 679 679 679 

894 894 
808 808 
229 229 817 

303 463 463 463 
71 151 451 451 555 
277 
362 
394 448 448 1015 1015 

903 
0 385 385 385 
149 408 408 408 
123 
351 710 
108 
283 

229 229 1011 1011 
85 85 546 
28 428 428 447 447 447 
229 229 
594 
393 
281 639 815 815 877 888 888 980 
475 
351 351 726 726 726 810 810 810 
366 912 
780 899 
162 162 572 735 797 
881 881 
305 305 427 1012 
468 679 802 914 914 923 923 923 
320 
954 954 
25 971 
92 276 276 1010 1010 
102 149 149 149 
712 784 

424 

76 229 229 
177 177 294 294 294 294 
216 216 540 714 862 862 1006 
756 756 756 
414 414 726 
371 371 371 748 
198 314 314 518 518 954 997 997 
411 411 411 886 954 
962 
157 157 
568 568 
563 
40 43 43 133 147 857 857 940 954 
298 428 428 538 841 841 1010 

82 82 
147 
53 245 245 259 313 313 335 336 359 362 362 366 366 366 528 556 659 674 738 762 763 800 800 800 859 922 922 922 966 966 984 
320 622 
415 415 415 
27 
187 187 414 851 928 
662 908 
662 
170 170 1017 
366 366 797 821 
660 660 793 
719 
954 954 
162 544 544 
132 756 756 756 
186 186 954 954 
392 527 527 
491 491 954 954 
854 
608 
660 

366 372 
736 

767 
517 517 
359 502 
84 277 277 354 354 954 
789 789 954 
191 191 328 710 
22 53 53 259 692 905 905 966 966 
277 637 637 
229 229 

954 954 
82 
498 773 1003 1003 
252 
487 714 
50 50 50 50 197 197 277 277 
273 
713 713 
229 374 514 514 758 775 775 998 
297 562 562 562 596 922 941 941 941 978 
462 886 
132 286 954 
31 332 332 332 337 351 351 719 721 721 792 795 810 810 810 835 835 
260 260 714 714 861 1006 1006 
422 903 
308 308 879 
742 742 820 956 

231 231 
50 50 448 
502 
129 428 428 428 861 937 937 937 
82 365 365 939 997 
44 628 712 712 784 922 922 
676 

545 545 545 
496 

229 229 377 877 
358 952 952 978 978 978 
876 876 876 944 
495 495 692 692 1002 1002 
5 121 
277 439 439 439 
135 138 196 954 954 
472 
420 
684 684 937 937 
875 886 
860 860 860 

229 
407 407 851 931 
167 328 
196 196 
64 159 163 163 587 587 
243 243 407 422 
407 422 422 979 
174 174 702 
413 413 
582 582 877 942 954 954 
18 171 171 215 963 963 

302 302 

810 
82 699 
126 126 387 465 640 640 

247 545 922 
341 341 735 917 
819 819 819 969 
120 
36 861 871 
103 103 954 954 
37 751 954 
32 153 153 229 277 277 277 323 702 
81 81 826 1006 1006 
681 
220 331 
108 366 
129 520 680 759 
413 413 413 440 660 
820 
79 866 
660 878 878 
753 753 
229 229 830 994 994 
210 362 362 
253 261 332 632 663 687 687 982 
23 244 
1009 
277 

250 250 887 
503 632 632 951 951 
780 780 
363 363 959 959 959 
5 5 767 954 
810 

559 862 862 937 
351 351 695 
85 85 278 
234 234 
115 115 229 230 616 622 622 669 1014 
107 711 711 821 
338 338 924 955 
166 
30 
533 533 
337 679 
467 895 
594 594 833 
263 263 
154 154 
17 82 
811 

74 74 160 717 761 761 761 887 992 
162 847 962 
1 1 9 1002 
943 
45 399 836 836 836 
791 791 
433 
780 840 840 886 886 
115 985 



11 810 
366 502 
105 141 238 262 366 410 412 511 511 521 609 612 675 805 835 835 913 922 938 953 954 986 986 986 
107 107 107 306 306 385 385 705 837 861 861 861 899 899 
507 508 969 
616 982 982 
1 834 834 
400 400 
275 308 668 964 
117 117 676 1006 
666 
229 229 632 864 
144 880 
427 865 
1000 
88 165 287 287 791 
87 87 188 188 188 502 
660 793 793 
560 667 1007 
254 254 

441 441 441 475 638 
608 979 
229 373 605 869 954 
414 414 889 
865 865 
137 201 340 428 428 574 574 755 755 937 954 954 

33 77 
616 616 982 

421 421 946 956 
229 229 398 398 398 398 398 
229 229 229 706 999 
90 90 532 568 568 917 
814 814 

427 427 629 780 812 812 
879 
277 
434 871 871 988 
82 147 147 593 
366 366 950 
48 48 173 341 
585 603 
808 808 
954 954 954 
262 262 661 
323 398 691 871 871 871 
277 


65 457 531 
633 633 
91 481 559 559 784 845 
543 543 954 954 
96 96 327 327 339 339 487 540 549 549 974 1001 1006 1006 
162 321 321 321 739 
1004 
646 839 839 
267 
230 512 548 
91 773 
31 332 332 548 548 838 954 954 
279 
171 210 

280 289 289 954 
229 229 469 469 469 489 730 894 
277 902 
82 82 

229 726 
362 
401 1013 1013 
438 438 954 954 
141 141 
219 341 472 597 
524 954 954 1023 
147 403 954 
122 122 122 189 189 502 
104 162 266 277 715 835 835 835 1001 
59 432 432 432 780 886 886 
83 1006 
305 305 552 552 896 
362 816 
153 
114 114 366 

1 
106 106 490 

399 
602 829 829 
828 
136 613 613 808 

428 684 684 771 771 
101 488 488 488 515 515 515 768 768 820 820 
374 401 949 
162 544 
6 608 
312 803 
160 416 416 646 646 646 
56 502 763 763 763 
366 502 762 762 762 
175 
229 229 
400 830 
5 5 218 236 384 396 396 526 625 853 853 931 931 992 
101 756 756 
155 
920 920 
350 755 755 

48 48 538 720 
429 935 935 
229 229 300 300 544 544 
229 
108 366 
400 400 805 
272 272 
25 25 85 123 123 175 175 229 229 229 432 471 623 623 653 695 740 875 875 886 886 886 943 943 969 969 1015 
213 229 320 845 
349 

481 559 712 
288 
66 435 842 842 890 890 
82 954 954 
362 362 362 
8 8 530 530 
366 
651 651 673 1019 
168 168 168 548 
511 675 675 
70 
548 1001 
182 229 
472 510 
1006 
170 262 262 
502 502 502 
374 954 
475 
212 312 760 825 
301 301 954 
660 778 878 878 878 
810 
175 832 
444 444 703 703 753 
906 906 1011 
68 382 469 469 469 548 548 548 592 626 658 806 868 868 868 868 956 
73 73 644 
695 695 
978 
153 309 309 309 693 693 
467 467 888 
248 743 
372 445 
229 
229 276 598 598 598 866 
217 217 217 217 434 552 610 756 756 
510 633 966 966 966 
32 32 1022 1022 1022 
349 
963 
13 212 803 
55 604 

752 922 978 978 978 
751 751 954 
614 766 
181 319 334 334 
175 347 807 
640 
234 664 664 
336 548 548 660 660 739 739 739 
650 650 650 859 859 
661 
721 954 1020 
74 717 717 
653 653 
192 192 192 192 498 498 930 930 946 954 
786 786 
431 431 431 
342 
44 712 781 943 943 
189 
147 147 647 

427 427 
905 
506 579 

117 218 218 767 767 
519 
439 951 958 
154 270 
198 497 497 954 
27 277 304 903 903 
502 836 836 
172 576 576 576 
131 428 428 428 549 557 600 661 661 661 1010 1010 
487 487 628 628 

323 387 669 
213 671 683 683 
79 611 819 

810 810 810 810 903 903 
681 
61 61 428 440 
229 229 398 398 600 698 698 706 706 706 939 
189 
132 941 
317 900 900 
66 575 780 780 
72 277 277 277 567 567 567 
435 467 565 587 
395 612 612 805 805 805 
23 74 551 696 1005 1005 1005 
214 229 229 432 670 996 
105 473 473 
105 105 424 424 907 954 
30 
30 

27 39 39 39 85 147 147 147 147 193 492 546 575 653 653 740 740 780 780 780 
197 219 219 250 621 646 
467 467 815 
682 950 
786 786 
234 234 
290 290 955 
390 390 
443 443 726 
639 
742 
228 228 228 
129 129 
471 661 661 982 
874 874 
233 233 233 
94 94 727 
49 49 59 150 189 189 189 277 277 324 324 411 411 453 550 858 858 868 868 972 
264 
532 532 850 966 
147 809 809 
882 954 
507 
249 249 
153 
181 
212 212 470 
660 
475 475 
191 

597 692 

103 410 410 410 977 
770 770 
956 
21 238 352 352 366 502 502 502 545 559 559 596 660 828 927 978 978 978 
296 475 475 475 
338 634 
69 69 
273 
240 240 240 922 968 
95 95 97 506 935 935 1009 1009 1009 

71 841 841 
119 579 767 767 
130 130 
372 372 963 963 

774 774 928 928 985 1008 
291 336 
37 37 127 369 428 557 557 557 574 574 628 684 954 954 977 977 1023 
71 141 141 660 
43 147 558 871 
497 954 
277 545 545 545 873 
587 
10 10 10 649 780 780 845 845 
270 567 

355 355 364 413 413 413 689 841 

229 
229 401 757 1013 1013 1013 
107 107 366 366 414 700 889 
307 622 622 855 
118 566 566 
410 660 1016 1016 
5 16 30 30 37 40 52 61 61 74 74 80 82 128 128 134 139 147 158 158 171 178 186 192 192 198 198 209 213 250 250 273 273 284 284 286 292 292 305 305 310 318 318 341 367 370 373 373 374 391 414 414 433 433 477 477 491 492 497 513 513 516 516 518 518 529 530 536 536 547 571 571 587 587 601 601 602 625 660 681 684 684 704 704 704 713 713 721 721 725 733 733 736 736 737 787 787 801 804 829 838 841 857 882 907 937 937 940 963 997 1002 1002 1007 1007 1023 1023 1023 
634 892 
337 337 552 689 810 921 
171 171 277 
76 286 855 
142 334 624 624 624 
58 277 

95 409 409 409 493 647 
366 372 416 588 588 824 933 933 954 
308 666 

190 190 190 234 237 237 237 259 502 502 532 532 821 821 821 905 
99 
21 927 
175 598 662 780 780 
366 
25 25 478 
903 

96 123 123 714 
169 427 
366 
410 410 919 937 937 1023 1023 
545 566 566 566 813 828 828 828 922 922 922 
249 422 422 422 584 680 
114 467 
366 399 
616 663 663 687 899 
43 
502 
58 654 935 
660 660 660 

277 385 419 419 698 
156 


5 5 341 646 767 
354 1007 
229 614 614 
123 435 
880 
414 491 491 558 954 
51 544 
399 399 399 691 
672 1013 
714 739 795 
1 240 240 240 426 568 568 648 954 954 1006 1006 1008 1008 
538 538 
123 232 232 716 
23 110 110 879 879 879 
138 150 150 327 327 487 549 549 604 604 667 714 714 741 798 1002 1002 
676 954 954 993 
240 315 315 935 1002 1002 
138 138 242 242 618 928 928 928 
92 93 479 479 498 861 861 
77 77 229 461 461 809 
427 474 
229 401 732 732 949 949 949 1000 
62 632 
451 451 780 
277 277 953 953 
249 262 262 509 
229 229 277 
258 791 
316 838 

366 822 822 822 
369 402 402 736 937 954 954 954 977 977 
