nodes: 1024 edges: 3129
107 107 310 901 
9 648 664 664 
97 
415 954 
20 
167 250 250 328 328 328 331 331 341 341 384 384 531 531 569 686 686 710 767 954 954 992 
987 
544 698 698 
178 229 231 366 366 366 553 789 789 
1 648 
175 
74 74 658 658 658 658 748 748 
82 82 
264 264 264 312 803 825 
452 954 
147 458 
954 954 954 
19 19 155 155 155 155 643 643 
588 588 588 725 725 963 
17 17 
4 229 229 439 439 
968 
277 277 532 
120 179 179 225 225 308 308 308 617 617 617 879 879 1005 

478 478 971 971 
422 422 584 
291 291 291 291 291 333 363 379 453 505 
423 463 463 463 
56 215 853 
224 224 417 417 636 636 883 883 884 884 884 954 954 
351 548 629 721 934 
228 228 229 746 746 822 998 998 
686 686 686 
401 401 461 461 
330 330 330 330 429 429 429 429 429 879 
229 600 600 
602 602 602 602 602 937 954 954 954 
229 229 
492 814 886 886 886 886 
133 133 133 497 497 497 954 954 

876 941 
147 147 434 
559 845 1003 1003 
399 687 
754 
189 
701 701 773 773 
316 353 353 353 903 
277 541 541 541 555 555 

954 
335 335 335 336 502 502 502 532 532 936 
308 308 879 879 
391 391 391 826 954 
29 220 651 651 
344 344 344 611 
99 985 985 985 
740 740 740 903 903 903 
366 399 399 399 
328 698 870 954 954 954 
556 556 1014 1014 
154 
93 93 93 229 229 229 277 582 903 
387 387 387 710 
435 786 877 890 890 890 
197 197 229 229 
382 658 658 658 802 
925 925 
280 280 366 589 794 794 794 794 794 885 885 885 
151 448 477 930 930 930 938 938 
277 876 876 
424 424 614 614 644 811 811 811 
11 11 120 160 160 564 564 646 
392 810 
194 194 194 482 482 958 
686 686 686 686 1011 1011 1011 1011 
366 
241 344 344 420 420 866 866 
954 954 
604 604 604 
12 12 147 147 147 155 155 172 172 197 197 209 209 267 343 413 457 500 500 513 537 643 699 699 787 954 954 999 
741 
419 419 430 529 
123 123 123 229 229 229 229 462 630 630 630 630 630 780 886 886 886 886 
145 145 145 145 505 505 505 1017 1017 
674 674 
673 673 
427 427 988 
532 692 692 
712 720 
271 271 271 271 479 479 1010 
64 64 64 1010 1010 1010 
277 277 410 410 410 410 473 473 473 902 902 
352 352 560 962 962 
714 974 974 
2 
119 266 
58 229 967 
318 318 318 963 963 
434 434 434 756 768 
143 143 143 143 635 635 635 
561 601 836 919 919 919 

734 734 881 881 881 882 986 986 
392 748 748 748 
0 0 171 310 454 454 633 661 661 661 711 837 837 899 899 901 950 950 950 954 954 954 
366 366 366 458 607 607 607 777 777 777 904 
229 229 544 1021 1021 
1005 1005 

154 154 340 340 340 
162 162 229 229 
324 396 396 396 396 476 476 476 745 745 745 980 980 
233 233 654 
153 153 185 238 910 
667 667 
194 194 855 855 855 987 
98 162 739 739 931 931 931 931 
23 74 599 
569 569 
738 738 738 738 903 
85 85 85 162 162 162 162 168 229 435 435 456 456 456 456 525 780 780 974 995 995 1004 1004 
367 
923 923 
425 425 594 594 640 833 
402 402 546 937 937 937 937 954 
954 
428 428 428 557 557 898 
932 954 954 
861 
515 547 547 873 873 998 998 
40 40 40 497 
351 954 954 
199 571 
270 270 270 753 753 753 753 
301 301 301 594 684 684 
421 571 1006 1006 1009 
277 324 324 324 324 348 348 348 348 541 541 541 954 
181 181 181 624 624 624 624 831 831 
660 734 734 734 883 938 938 
496 959 959 
102 102 102 102 
151 151 407 407 407 
86 86 86 86 505 
224 
15 43 43 82 82 82 193 193 193 235 235 497 501 501 501 699 699 737 847 847 847 847 847 886 886 886 906 939 954 
208 
399 399 455 455 455 480 480 480 
509 560 826 826 1006 1006 
71 144 144 202 285 285 407 448 448 448 
434 434 434 801 
116 116 309 309 309 357 603 814 814 814 814 910 910 
63 112 112 252 360 360 360 376 642 642 642 856 
17 17 17 17 82 82 239 769 769 769 769 769 
989 989 989 
494 494 954 954 
277 375 375 375 954 954 954 
582 954 954 
74 74 646 646 761 
541 
113 113 119 123 123 123 123 229 229 277 277 303 321 322 439 439 472 514 514 533 533 533 637 715 715 758 758 758 903 903 925 925 

165 165 165 165 
164 164 164 164 673 673 
256 256 256 355 355 355 635 
5 328 403 
123 171 171 525 525 792 792 792 
593 645 975 999 
509 509 509 509 
107 168 168 210 210 588 588 588 723 723 954 957 957 
82 82 576 593 593 860 915 915 
339 
304 471 471 585 585 
10 432 432 432 764 769 769 780 780 807 832 969 969 
238 511 660 754 864 913 913 
428 455 455 455 486 486 
8 273 273 896 954 
23 23 308 308 308 
376 376 376 376 
140 140 140 831 831 831 831 831 911 
329 329 329 387 796 
461 858 858 
420 
116 328 814 814 814 814 
516 954 954 
402 402 402 402 402 434 434 434 506 506 506 
674 674 674 
47 277 738 738 738 846 846 872 872 872 903 903 
966 966 
326 328 328 328 531 
841 841 841 841 954 
147 147 147 
76 76 76 118 118 855 958 958 958 
223 539 
199 218 218 229 229 571 581 794 794 794 885 954 954 
67 67 82 82 219 219 219 219 277 355 355 541 541 887 887 887 
491 491 491 857 954 954 954 
135 196 203 
789 
340 340 340 418 418 418 
151 407 407 
199 623 
242 242 384 384 
494 494 494 954 954 954 
277 277 
247 247 596 
148 327 361 361 714 
82 82 436 436 436 436 449 728 728 728 728 954 954 
171 171 723 
621 954 
803 803 825 912 912 
314 374 683 954 954 
611 611 611 
29 588 
329 329 487 487 
365 365 365 434 820 939 939 
196 196 403 767 767 767 853 853 853 853 954 
197 197 197 197 735 735 735 887 
56 437 595 651 651 
377 
787 787 
195 539 
30 30 146 417 417 417 417 417 
23 23 
388 388 924 
230 230 230 230 
32 32 897 1000 
8 20 20 32 36 38 38 64 64 64 67 67 85 85 85 85 99 109 109 113 113 123 162 162 196 196 277 277 320 323 345 366 366 377 398 405 405 407 415 415 415 427 427 427 442 443 445 445 445 446 446 461 461 464 476 476 485 485 534 534 544 544 565 565 565 603 603 614 632 669 681 681 690 691 691 691 719 726 730 730 747 747 747 752 765 765 775 775 775 776 780 780 809 809 809 818 819 819 864 880 880 886 886 891 918 948 948 949 987 994 998 998 1011 1013 1013 1018 1018 1018 
227 227 227 227 392 632 632 632 632 719 
8 300 554 
790 790 790 790 835 1004 1004 1004 1004 
115 115 632 901 
631 834 834 891 
147 147 
767 
966 966 
116 176 309 309 545 660 660 814 922 922 941 941 
155 837 
262 305 305 334 334 927 927 927 1002 1002 1002 1008 1008 1008 
79 420 420 420 420 
204 204 267 267 350 1009 1009 

617 617 617 
502 502 
536 536 
207 207 596 596 
362 362 397 397 397 397 816 816 
847 909 909 979 1017 
5 5 621 621 954 954 
343 
154 270 539 539 
366 393 393 522 616 616 616 616 
677 
382 382 382 
166 166 166 359 887 947 947 947 
545 545 545 
791 791 1019 1019 
371 502 502 532 836 836 836 905 905 966 966 
549 
663 
240 363 363 363 366 366 366 412 412 440 440 440 624 624 660 660 660 705 705 799 959 1017 1017 
384 384 641 641 641 641 
13 13 13 904 904 904 
898 898 898 898 
98 277 277 739 
82 242 242 718 718 783 
922 922 922 922 978 978 
277 277 
136 136 136 252 444 444 444 539 856 856 856 856 
92 92 92 92 407 583 
407 779 779 779 
178 178 300 302 542 542 926 954 954 
366 366 366 387 779 
666 666 668 668 668 
479 479 559 
22 22 50 64 72 94 94 139 158 162 162 189 197 206 206 229 229 266 266 269 269 283 283 283 298 324 324 324 339 339 339 346 346 348 375 375 381 381 383 383 411 411 419 419 419 423 449 449 453 475 475 529 529 529 533 533 533 541 558 558 570 603 619 666 707 727 739 858 872 876 903 941 954 954 957 988 988 988 1016 1018 
345 345 345 630 
722 722 
70 70 301 301 725 
759 759 759 
876 876 958 
277 277 277 459 459 954 954 
618 954 954 
151 151 374 374 374 374 427 
547 
432 673 673 
785 785 921 
594 725 725 725 725 
314 314 491 892 892 892 892 
27 27 27 27 27 366 366 936 
368 368 368 954 954 
362 362 
469 469 486 
821 
469 802 
545 545 
277 498 

231 273 366 366 366 423 423 423 423 775 775 775 
137 137 137 280 280 804 804 892 892 892 
273 590 
162 
174 858 858 
240 240 388 474 474 474 474 742 954 954 
385 661 661 
326 366 366 388 
23 23 23 54 54 179 179 179 412 412 412 551 551 879 879 879 964 
153 153 153 238 238 814 
0 107 412 454 454 456 456 954 
352 922 922 
13 760 760 803 803 
414 502 
213 290 290 491 781 781 781 781 
1008 1008 
49 379 1020 
819 874 874 874 874 
100 100 100 954 954 
831 831 831 
229 322 322 476 503 503 
162 715 715 715 715 
162 320 320 660 
229 357 357 603 603 603 655 
114 139 139 139 139 277 277 277 558 558 903 903 

191 307 366 366 777 
208 337 337 337 361 361 361 714 714 1006 1006 
5 5 5 61 167 185 191 191 191 531 531 686 
182 182 182 216 216 796 796 
35 35 35 35 
5 5 
548 548 616 616 616 711 
27 
240 240 366 366 959 
53 53 53 366 502 953 
53 421 421 421 502 800 835 936 936 
327 327 327 548 548 548 638 638 956 956 956 956 
634 634 634 924 
173 277 277 277 714 714 714 
112 112 112 201 201 201 418 684 
5 5 597 597 597 701 735 917 954 992 
844 844 853 853 
82 251 
57 57 57 79 79 779 
229 278 278 278 
277 277 
832 832 832 
139 139 139 139 277 523 616 
399 399 823 823 
242 715 755 755 771 
31 134 457 457 457 469 469 535 548 629 629 782 
95 95 311 922 
49 49 49 
529 529 842 842 842 993 
166 166 166 197 197 946 
780 780 780 
153 323 323 
387 566 
256 528 528 
154 154 154 800 
208 208 327 327 327 
248 248 293 293 450 450 450 502 615 615 731 731 731 788 788 788 984 
27 262 262 262 366 366 366 624 624 641 641 641 790 790 
586 586 586 946 
217 217 217 558 558 558 558 
8 8 8 60 70 78 108 108 108 229 229 253 262 262 262 274 274 274 291 291 300 300 300 307 307 326 326 334 334 335 363 363 363 372 372 372 393 393 409 409 441 441 470 470 502 502 502 523 523 607 607 659 660 660 660 700 719 719 719 733 745 763 763 777 777 790 790 922 922 922 950 950 954 963 963 970 973 976 976 980 981 1017 1017 1022 
124 954 954 
292 292 292 
402 937 937 1023 
737 954 
259 490 490 490 
366 366 366 523 523 817 933 933 933 963 
954 954 
213 285 285 285 285 544 544 544 544 801 954 954 
158 158 158 277 277 988 988 
154 180 180 180 180 
221 229 

27 316 

277 277 
68 255 255 255 810 
277 277 
5 5 204 204 263 263 396 396 767 853 
306 419 454 616 661 661 661 661 661 687 687 988 988 
722 722 722 
65 65 65 182 274 358 612 864 
226 226 305 307 426 568 
404 404 404 954 
395 395 395 395 778 778 778 893 893 
55 55 55 954 954 954 
75 106 230 406 406 406 517 527 527 
253 253 366 366 466 
451 861 
390 390 390 390 878 
114 114 114 114 384 384 767 
248 248 248 248 620 934 
229 690 690 690 871 871 871 
45 60 60 60 149 149 349 349 518 627 650 750 889 981 981 999 999 
642 766 778 778 
34 34 645 732 732 757 1013 1014 
127 127 187 187 187 187 187 369 736 736 
167 218 954 
389 389 389 603 603 603 991 
229 229 565 869 
392 392 392 527 527 580 580 580 580 
144 144 144 151 202 202 229 271 272 422 427 427 427 579 579 579 583 584 584 671 
455 455 886 886 
366 366 962 962 962 
94 94 94 94 660 919 919 953 953 953 953 977 
277 277 492 492 903 903 
262 262 308 308 308 310 660 660 660 
82 586 586 609 609 749 841 841 
313 489 489 682 682 950 950 950 954 954 954 997 997 
3 229 229 229 504 1007 1007 1007 
761 824 824 824 963 963 
30 30 224 224 224 224 224 591 
201 201 201 340 
84 84 277 277 277 385 543 543 543 988 
79 79 184 241 241 241 241 573 
138 336 336 336 689 689 689 689 689 
26 26 407 550 561 561 579 583 583 583 584 584 584 979 979 979 979 979 
28 277 300 300 300 300 
73 73 882 882 
126 126 594 
388 634 634 
89 89 229 229 229 285 407 407 407 519 583 583 671 695 849 854 1012 1012 1012 1012 
129 129 129 177 431 431 463 463 498 498 498 557 684 684 755 755 843 861 861 861 870 937 937 937 
35 35 35 35 35 767 774 
84 
428 428 843 843 843 843 
175 175 175 287 740 740 780 780 880 880 880 880 
652 652 954 954 954 
43 101 101 101 152 152 152 187 187 187 217 640 698 698 756 756 768 768 954 954 954 
66 123 123 786 877 877 995 995 
209 209 209 209 922 
220 
728 
20 20 162 162 570 570 570 570 855 855 855 
262 262 262 563 609 609 609 660 660 660 
366 366 679 679 679 
229 565 565 565 565 
229 726 747 894 
270 270 270 808 808 808 
229 229 229 747 747 747 817 817 817 
229 229 
463 463 463 502 709 763 763 
71 151 151 151 451 451 555 
209 277 277 
362 362 362 788 816 
394 448 448 1015 1015 1015 
14 954 954 
27 277 550 550 550 903 
107 107 310 310 385 
149 149 149 177 177 177 408 408 
123 123 123 123 310 310 
82 351 351 351 535 710 
15 108 939 
283 283 957 957 957 
780 780 
34 34 183 229 229 949 1011 1011 
85 546 
28 28 28 428 428 447 447 447 
229 
590 590 590 601 
393 
639 639 639 877 877 877 888 888 888 954 954 954 
475 475 
294 294 296 351 351 726 726 726 726 806 806 810 810 921 
366 366 912 912 
174 174 780 780 899 
162 572 572 797 797 797 925 
94 94 94 507 507 881 881 881 902 902 
305 305 305 305 975 1012 
277 277 468 468 670 679 679 914 923 923 923 
114 114 114 229 229 320 781 
71 954 954 954 954 
25 25 585 971 971 
92 92 276 276 491 491 
149 149 149 502 502 773 981 
712 784 784 784 
76 76 958 

818 950 950 
229 229 707 
177 177 294 
216 216 540 714 714 1006 1006 
693 693 756 
414 414 726 726 726 
371 371 371 715 748 748 1020 
198 198 198 290 314 479 479 518 518 954 997 
39 411 411 954 954 954 954 960 
663 962 
157 157 205 205 205 
568 568 978 
142 563 563 959 
40 40 40 133 147 857 857 857 940 954 954 954 
298 428 428 428 538 841 841 841 841 841 861 861 861 1010 1010 1010 
789 954 
82 82 954 
147 147 147 
53 53 53 245 245 259 259 313 335 336 362 366 366 366 447 480 480 532 532 532 607 607 659 674 762 763 763 773 773 800 836 836 859 859 859 922 922 966 966 984 
320 320 
415 
27 86 86 86 145 1017 
187 187 187 756 851 851 851 939 
473 473 656 656 662 662 662 902 902 902 902 908 908 908 908 962 
662 662 662 
150 170 170 170 170 1017 
797 821 821 
176 660 660 793 880 
719 
82 954 954 954 954 954 
162 162 544 544 544 544 
132 756 756 756 961 961 
186 954 954 954 
392 527 
399 491 491 577 954 954 
427 
608 
660 
253 555 555 555 
348 366 366 372 372 981 981 981 981 
618 736 
123 168 168 
764 767 767 767 844 844 844 954 
392 392 406 406 517 
359 359 
84 277 277 277 354 354 
789 789 954 954 
5 5 191 328 328 710 710 710 
22 53 53 90 259 502 502 502 692 905 905 907 966 966 966 
162 162 162 277 277 277 637 637 637 637 637 715 715 715 715 715 
229 229 
351 457 
246 246 582 954 954 954 
82 
498 773 1003 1003 
195 223 252 252 270 808 
487 714 
50 50 50 139 139 139 161 197 197 277 
273 273 926 926 
419 419 419 713 
7 109 229 229 374 374 374 374 514 514 514 514 719 758 775 775 775 998 998 
238 257 257 257 297 297 562 596 596 922 941 941 941 978 978 
127 462 780 886 886 886 886 
132 132 286 954 954 954 
31 332 332 337 337 337 351 719 721 721 721 721 782 792 792 792 795 810 810 835 835 954 954 954 
260 714 714 1006 1006 
422 453 453 453 903 903 
308 308 879 879 
742 742 810 820 956 
8 
231 957 
50 50 448 522 522 522 587 
62 62 
129 129 428 640 861 937 937 
277 277 324 324 365 365 365 365 939 939 
44 276 628 712 712 784 922 
95 150 676 676 
103 422 422 
545 
440 496 496 959 
74 74 
229 229 229 405 442 442 442 442 877 927 
358 978 
876 876 876 
388 495 495 692 
5 121 121 767 931 931 983 983 
277 439 439 439 439 957 
135 138 196 954 954 954 
472 472 
420 
684 684 937 
875 886 
172 860 860 860 929 
518 

407 407 407 422 
406 406 406 406 
196 
64 159 536 587 587 587 950 950 950 954 954 
271 407 422 422 422 427 427 671 671 671 
26 407 407 422 422 422 979 
174 174 478 
364 364 364 413 413 689 946 
555 582 582 582 942 942 954 954 972 
18 18 18 171 171 171 215 963 
70 772 954 954 
302 465 465 465 926 
417 
810 
169 172 172 699 699 
126 126 137 289 425 640 
220 
207 247 247 545 545 922 
341 341 341 735 992 992 
819 819 
120 
36 36 861 861 861 871 
103 465 801 801 805 805 954 
37 37 37 37 37 751 751 954 
153 229 229 277 323 323 323 404 404 404 702 702 702 702 
81 81 81 826 
681 
903 903 903 
108 108 108 366 366 502 502 
520 759 
413 413 440 440 440 660 660 746 754 754 
820 
57 214 214 214 866 866 866 880 880 
387 878 
753 753 988 988 
73 73 229 830 830 994 
362 362 
253 253 253 253 332 332 332 348 385 632 632 632 663 687 982 982 982 
23 23 23 244 244 244 
284 524 
277 
397 
211 250 250 887 
632 951 951 
203 
140 140 140 140 262 262 363 363 959 
844 
806 810 810 
399 
559 862 862 862 937 
31 351 351 
85 85 85 85 85 278 690 690 
234 
229 230 230 230 230 233 616 616 616 622 669 669 669 873 
107 711 711 711 711 821 821 
338 338 338 426 426 924 924 955 
102 102 102 166 
30 30 
162 533 533 533 533 533 
337 337 679 679 
467 467 467 888 895 
126 434 557 594 954 
263 263 263 263 363 363 363 
154 154 154 400 
17 17 82 
73 811 
169 401 732 732 732 732 1014 1014 
74 160 160 717 717 761 
847 965 
1 9 1002 
736 
399 836 836 836 836 
56 56 220 220 694 791 1019 
433 433 
840 840 
115 985 
323 864 864 
507 507 912 

11 11 11 11 68 68 68 
366 502 953 953 953 
141 176 238 238 262 262 262 322 366 366 366 410 412 412 412 440 440 440 511 511 521 609 609 675 675 678 678 805 805 805 835 835 835 835 835 878 922 922 938 938 954 954 986 
107 107 107 306 306 385 385 385 385 385 837 861 861 861 861 861 899 899 899 
507 507 507 508 508 508 969 969 
261 493 616 982 982 1006 1006 1006 
1 1 834 834 
904 989 
275 275 277 964 964 964 964 
117 117 676 676 742 1006 1006 
275 275 275 
229 632 632 632 864 864 
475 880 880 
407 427 583 583 583 865 
1000 1000 
88 88 165 165 287 287 791 
87 87 188 188 188 502 990 
660 660 793 793 
560 560 667 667 
254 
660 660 954 954 954 
441 441 441 475 475 638 638 831 831 
826 826 979 979 979 979 
229 229 605 954 
414 414 954 954 
213 
137 137 340 428 428 574 574 892 892 892 937 937 937 954 954 
836 
5 5 33 33 33 77 77 77 77 328 
45 385 385 616 982 982 
745 
421 421 421 421 421 586 946 
229 398 398 398 630 630 
229 229 229 706 706 706 
90 90 532 568 
488 488 814 814 814 
651 791 
427 780 780 780 812 812 
879 879 

7 7 61 434 434 871 871 
82 82 147 147 593 593 
366 950 
48 48 341 
603 603 603 603 
808 808 808 808 
954 954 954 
262 262 
691 691 691 871 871 871 871 
277 485 
954 
447 920 
5 65 457 531 531 531 
107 332 633 633 633 633 
91 481 559 559 784 784 922 922 
543 954 
96 208 327 327 339 339 339 487 487 540 549 549 1001 1001 1001 1001 1006 1006 1006 
162 162 321 321 321 321 350 490 533 533 533 533 533 739 797 797 797 
1004 1004 
646 646 839 
267 267 
229 230 366 366 366 512 544 548 1016 
91 773 773 
31 548 548 548 548 838 838 954 
279 279 386 386 386 
171 171 210 

18 18 280 289 289 289 289 954 954 
229 443 469 469 469 469 489 489 489 730 730 730 894 894 894 
277 902 
209 209 209 209 438 

229 229 726 726 726 
362 362 362 
401 401 645 645 645 645 1013 1013 1014 
366 954 954 954 
105 105 141 141 141 
219 219 219 341 597 973 
402 402 524 649 954 954 1023 
147 370 954 
122 122 122 122 189 189 189 966 966 
119 119 266 277 715 835 835 835 
59 59 59 432 432 780 780 886 886 
83 1006 1006 
305 552 552 667 896 

827 827 
114 114 114 366 688 
32 32 609 
229 229 229 443 445 445 445 
11 11 106 106 106 490 490 
413 841 841 841 
399 
602 602 829 829 829 829 829 940 
229 
136 136 136 136 613 613 808 988 988 
46 176 609 609 
350 350 428 428 771 771 771 934 
101 434 434 488 506 515 515 515 768 768 954 954 
401 949 
162 162 162 544 
281 281 281 608 
312 312 803 803 
160 416 646 
502 763 
366 366 447 447 502 502 762 
175 526 927 927 927 927 
229 229 
400 
5 218 218 218 236 384 396 429 526 526 526 569 844 853 931 931 931 931 954 992 992 
101 434 434 756 756 
155 155 155 155 155 175 175 780 780 
780 920 920 920 920 920 
350 755 755 755 
589 794 954 954 
48 48 480 502 502 538 720 720 
429 935 935 935 935 
229 229 229 300 300 300 544 544 544 
229 
108 108 108 326 366 366 
390 390 390 400 400 
272 272 272 274 344 
85 123 123 175 175 229 229 356 356 356 432 432 460 460 471 471 546 695 695 695 740 740 769 769 770 840 875 875 875 886 886 886 943 967 967 969 
314 314 314 314 476 
351 548 
267 860 
481 481 481 559 712 712 
288 288 
66 435 842 890 
82 222 222 
362 362 362 450 
8 8 200 499 530 530 
232 232 232 232 363 363 366 366 
258 258 651 673 694 1019 
168 168 168 548 548 548 
511 675 675 
70 70 70 70 70 196 196 196 772 885 885 
548 1001 1001 1001 
182 329 329 
472 472 472 510 715 715 715 
1006 
262 1017 1017 
336 360 502 
152 374 601 601 954 954 954 
68 296 
13 212 212 312 312 760 760 825 825 
301 301 954 
601 601 660 660 660 852 878 878 954 954 954 
469 469 626 810 
175 
444 444 444 539 703 703 703 703 753 
229 229 229 906 906 906 906 1011 
75 382 469 469 548 548 552 592 626 626 806 868 868 868 868 
73 73 73 644 
695 695 876 
922 978 978 978 978 
39 153 153 153 153 185 185 185 185 238 309 693 693 693 
888 888 888 
248 248 450 
372 445 445 445 
229 484 
229 229 317 598 598 866 
217 552 610 916 916 
295 510 510 633 633 
32 
349 349 
416 416 416 963 963 
13 212 803 803 
55 150 150 604 680 680 1006 
744 744 
922 975 978 978 978 
751 751 751 751 751 954 954 
614 614 
140 140 181 181 181 181 181 319 319 319 679 679 911 911 959 
175 347 347 347 
126 
234 234 664 664 
232 336 548 548 660 660 660 660 660 739 739 739 1001 1001 
103 259 259 259 502 502 650 650 650 650 685 859 859 
107 107 239 661 899 
721 721 952 954 954 1020 
717 
653 653 780 
192 192 192 192 413 413 498 498 498 498 498 749 749 749 930 930 946 946 954 954 
354 354 354 786 954 954 
428 431 431 431 431 
342 342 526 526 526 625 767 
44 943 943 943 
189 189 
147 147 147 147 147 249 647 1017 

427 
905 905 966 
506 506 506 
805 945 
29 218 218 218 218 342 342 384 767 
427 
118 118 118 194 439 439 439 958 958 
154 270 270 270 270 
198 497 497 497 954 954 954 954 
183 183 277 304 304 903 903 
502 502 502 836 836 
172 576 576 576 783 991 
131 394 428 428 428 498 498 498 557 600 600 600 661 661 661 661 661 1010 1010 1010 
628 628 628 

176 229 387 655 655 669 669 
671 
79 79 611 611 611 819 
935 
810 810 810 810 903 
405 
61 428 
398 398 398 600 698 698 706 706 706 706 
189 189 189 277 
132 132 632 
317 317 317 317 900 900 
575 780 780 780 886 886 
42 72 72 277 282 282 567 567 567 812 
66 435 435 467 467 467 565 
395 612 660 805 805 
23 23 35 54 54 308 308 308 551 551 696 696 1005 1005 
229 229 432 432 432 432 511 611 611 670 670 996 
105 105 105 473 473 473 
105 424 424 907 907 907 954 954 
30 30 141 
30 30 30 
70 70 70 196 794 794 
39 39 39 39 85 85 85 85 147 147 147 229 229 408 408 546 546 546 546 575 740 740 780 780 780 875 875 
197 197 197 219 256 621 
467 467 467 639 815 815 815 
399 999 
66 66 66 786 
229 234 
290 290 290 290 301 301 301 684 684 684 955 
390 390 
443 726 726 726 
639 987 
178 742 
228 
129 265 265 265 265 
107 107 471 661 661 661 837 982 982 982 
874 874 
0 107 233 
94 94 473 473 507 507 507 507 727 
49 59 59 59 64 122 162 162 189 189 277 324 324 411 411 453 550 550 606 606 606 858 858 868 972 
108 264 264 264 665 
259 259 532 532 850 850 
147 809 809 809 809 
532 882 882 882 954 954 954 
507 507 507 507 
249 249 
116 153 153 
181 831 831 
212 212 470 470 656 968 968 
176 176 
475 
172 172 
820 820 
341 
229 
103 103 103 410 410 938 938 977 977 977 977 
709 770 770 770 770 770 
288 469 
238 238 268 268 268 268 311 311 352 366 366 366 436 502 502 545 559 596 660 660 712 712 813 828 927 927 927 978 978 
125 125 475 475 475 
226 338 634 634 
69 69 162 162 472 
273 542 542 590 
240 240 240 565 764 764 764 764 922 922 922 
935 935 935 1009 1009 1009 1009 
576 
71 71 71 841 841 
119 119 119 119 569 569 767 767 767 767 
130 
372 372 372 963 963 
31 397 755 
774 774 774 774 867 928 928 928 985 
53 291 336 336 
37 127 127 127 127 369 369 428 428 428 557 557 574 628 684 684 684 954 954 954 977 977 977 1023 1023 
71 71 141 141 660 660 919 919 
147 217 217 458 506 558 558 
497 751 954 954 954 
42 238 238 277 545 545 545 
587 587 
780 845 845 845 969 
976 976 
852 
355 364 586 689 841 841 974 
256 256 256 
229 229 
229 461 757 
107 107 107 366 366 414 414 414 484 484 582 582 582 700 
622 622 
838 954 954 954 
335 410 410 410 410 659 659 659 1016 1016 1016 1016 
3 5 5 14 16 16 16 30 30 37 37 37 40 40 52 55 61 61 61 80 80 82 82 107 107 107 127 128 130 130 134 134 139 147 157 157 158 158 158 159 159 171 178 186 186 192 196 196 198 198 198 205 205 205 209 209 211 213 213 218 250 250 273 273 277 277 283 283 284 284 292 292 305 305 310 318 318 341 366 367 367 370 373 373 374 374 389 391 391 391 403 414 414 414 433 433 433 434 434 434 452 452 467 467 467 477 477 477 477 491 492 492 492 492 497 497 497 499 500 513 513 513 513 513 516 516 516 518 518 526 530 530 536 536 536 547 547 547 548 548 548 571 571 571 582 582 587 587 589 589 601 602 640 660 660 678 678 678 681 682 682 684 684 704 704 704 708 713 721 725 725 733 733 733 736 736 737 756 756 767 772 772 801 801 801 804 805 805 805 829 829 838 838 841 841 842 842 857 857 857 857 882 882 907 907 907 937 937 937 940 940 940 952 952 952 963 963 963 997 997 997 1002 1002 1006 1006 1006 1007 1023 
634 892 
337 337 337 337 552 
171 171 277 459 459 459 554 570 
76 194 194 194 282 482 855 855 
142 142 262 334 496 563 624 831 
492 
515 515 
95 95 409 409 409 493 507 
18 100 100 366 366 372 416 416 588 824 824 933 933 954 954 954 
308 666 666 666 666 
647 
190 190 237 237 259 259 502 502 532 532 532 738 738 850 
99 780 780 
21 912 912 
175 175 662 662 780 943 
366 
25 25 478 478 
587 903 
366 735 
96 96 123 946 
169 474 828 
366 366 944 944 
410 919 919 919 919 937 937 937 1023 1023 
268 268 495 545 545 566 813 813 813 813 828 828 828 922 922 
249 422 422 422 422 422 584 680 680 680 680 
114 114 366 
366 399 399 480 523 523 523 523 
616 616 616 663 663 687 687 899 899 899 
569 569 
362 502 
58 58 58 654 935 
105 105 660 
6 118 229 895 
89 277 277 277 375 375 385 385 419 613 613 753 753 
156 156 156 665 
674 
404 860 
5 341 597 597 767 767 
354 1007 1007 1007 
229 614 
123 123 435 435 
880 
414 414 491 954 954 954 
32 32 132 132 229 229 544 544 
82 169 399 399 889 
228 672 672 1013 
714 714 714 714 795 795 795 835 835 
240 240 240 648 954 954 1006 1006 1006 1008 1008 
44 44 538 538 
123 123 232 232 232 232 716 716 
23 110 110 879 879 
138 138 150 150 327 327 487 487 549 549 663 663 663 667 667 714 714 714 741 741 798 826 954 954 954 1002 1002 1002 
415 415 415 954 993 993 993 
240 240 240 315 315 1002 1002 
138 242 242 928 928 928 928 
92 93 93 93 498 498 498 861 861 861 
77 77 77 77 229 461 461 809 
427 427 427 427 474 
229 229 401 732 732 1000 
62 62 401 645 645 732 
451 451 451 
277 719 953 953 953 953 
86 86 249 262 262 366 366 505 509 799 799 847 
229 229 229 277 
258 258 651 791 
316 490 838 
109 109 
366 
369 736 937 937 954 977 977 
