nodes: 1024 edges: 3242
107 107 194 194 310 458 
9 9 118 118 118 648 648 1002 1002 
182 387 387 832 832 832 
57 
212 353 353 353 
29 61 61 61 250 250 263 328 331 331 341 342 342 384 569 569 625 625 710 767 767 767 954 954 992 992 
281 281 520 759 994 
61 61 236 328 328 328 661 
300 366 553 553 
1 1 648 648 
175 175 667 667 667 
74 74 74 160 
77 77 82 82 103 995 995 995 
212 212 390 803 803 803 825 
892 954 
147 147 147 162 162 
954 954 
53 82 82 82 601 643 645 645 804 
305 
82 336 537 537 651 651 651 

545 545 922 927 968 968 
444 444 539 
74 74 82 82 82 82 120 120 154 154 154 154 179 225 308 308 617 617 879 1005 
31 803 803 803 803 
478 478 478 971 971 971 
422 950 
886 
111 111 111 111 326 326 447 447 590 926 926 926 926 926 
5 853 853 
224 417 884 884 954 
24 80 
229 795 822 822 822 998 998 998 
77 77 
461 461 461 757 757 949 949 
482 482 482 1005 
166 635 635 635 
536 602 937 954 954 

492 492 
497 954 954 
147 684 684 
277 277 766 766 766 941 941 
497 497 954 954 977 977 
481 481 481 481 538 559 845 1003 
366 399 399 
176 660 660 995 995 995 995 
122 122 189 189 
179 179 179 
198 198 198 198 606 606 
277 473 473 522 522 555 934 
129 129 129 250 250 948 948 
110 452 452 530 
17 502 502 502 532 532 800 876 876 936 
179 308 763 879 879 
391 391 954 954 954 
220 595 595 595 595 651 651 
3 69 79 79 79 99 344 344 472 
547 985 985 985 1010 1010 
324 324 324 324 665 665 665 822 903 915 
366 366 399 977 977 977 977 
5 5 5 7 7 657 657 657 710 710 710 
314 380 380 502 502 529 529 529 529 556 750 
112 154 252 348 348 348 348 348 887 887 887 887 
229 697 697 
272 272 274 274 357 377 
435 683 786 786 877 877 877 890 890 
776 843 843 843 843 997 997 997 
337 337 382 658 
57 472 
589 
151 202 448 687 
237 277 423 820 
79 79 79 79 497 497 497 497 540 540 540 614 614 614 644 644 817 817 1017 1017 1017 1017 
11 11 11 23 23 564 646 646 646 646 717 717 748 879 879 879 954 954 954 
148 148 552 810 810 810 
194 712 712 712 712 956 
12 12 33 33 229 418 
366 366 722 722 722 
57 57 57 73 73 73 73 111 111 184 184 184 184 229 241 241 241 299 344 611 819 819 866 866 
31 536 548 548 548 548 954 954 1017 1017 1017 1017 
604 604 826 826 
12 12 17 17 17 19 23 23 23 23 147 147 155 172 172 197 209 209 209 343 353 353 355 500 593 593 798 798 798 954 954 
714 
277 277 277 405 419 419 757 757 757 
123 318 462 462 462 502 546 575 780 863 863 
1017 1017 
674 
164 567 

532 790 790 790 790 790 902 902 902 902 
559 
479 1010 1010 1010 
277 277 954 
277 277 473 902 902 
1006 
714 714 974 974 974 

376 717 717 717 739 739 891 984 984 
57 344 500 
318 689 933 
488 693 693 693 693 756 
645 
12 919 919 919 
162 162 739 
660 660 986 986 
392 
0 0 171 171 310 310 454 454 633 661 711 837 837 899 899 954 954 954 
366 409 409 607 652 777 904 904 
775 
52 164 164 656 1005 
28 28 28 28 79 79 420 590 590 590 590 
63 
162 162 277 277 277 277 277 
232 232 363 363 366 399 580 580 934 944 944 980 980 
229 229 632 632 654 
238 238 238 244 244 244 309 309 309 771 771 771 814 934 
138 
1 1 1 664 664 664 855 855 
162 739 739 
23 23 366 
277 390 390 390 390 397 397 397 397 569 596 596 
47 47 846 846 
85 168 229 435 435 492 492 492 492 525 780 863 995 995 995 
367 654 654 654 654 654 699 699 
210 567 567 887 923 923 923 
594 594 648 674 833 833 
402 402 736 736 1023 
954 954 
51 51 51 177 265 486 486 486 557 557 557 947 
403 932 932 932 
407 407 859 
434 544 873 873 
497 
367 367 
571 571 
252 
557 557 557 557 937 937 
117 242 421 421 421 421 1006 1009 
277 439 541 778 778 855 855 
181 181 831 911 911 
180 734 734 
298 298 470 624 624 624 959 
635 635 
151 187 187 422 422 
460 505 
417 417 591 591 591 591 954 954 
15 15 15 41 82 82 235 262 262 262 262 497 497 501 501 699 699 737 816 816 816 816 816 939 954 954 
75 75 
650 650 650 650 
826 826 893 1006 1006 
71 144 202 407 407 407 407 
276 276 276 756 756 756 
323 323 603 789 910 
23 23 23 23 63 252 252 360 617 617 
82 
263 263 263 263 263 640 954 989 
205 414 857 857 857 954 954 954 
375 375 
582 582 954 954 
11 
295 541 
15 15 104 104 113 113 119 182 182 182 182 229 229 229 266 277 277 289 289 289 303 439 472 472 472 514 514 572 715 715 739 739 758 758 758 903 925 925 
954 954 954 
88 110 110 271 673 

36 256 256 256 284 635 635 
191 191 191 191 328 580 
123 317 317 525 525 730 730 730 863 863 
183 183 
799 
107 107 588 588 723 954 954 
82 82 267 576 860 860 915 
339 339 
585 585 702 724 724 724 724 780 854 854 854 
10 10 347 430 430 430 430 764 780 780 807 832 943 943 969 
46 511 660 660 684 754 827 827 827 
129 277 428 428 428 455 486 486 486 
189 273 273 273 404 587 587 587 587 587 728 728 728 798 798 798 954 954 
23 48 48 48 54 879 
141 192 192 192 192 522 
140 140 831 831 911 911 
2 162 162 162 162 229 229 329 387 796 796 
169 169 277 277 858 
79 79 79 79 195 195 195 195 

516 704 704 954 954 954 
144 144 434 
261 773 
47 47 178 277 612 612 867 867 867 903 
234 234 
167 167 167 167 328 328 531 
180 180 180 180 391 391 391 783 783 783 954 
311 311 318 954 1004 1004 1004 
0 0 76 277 932 958 
184 184 184 184 978 
218 222 222 222 229 229 571 571 581 581 581 581 869 948 948 954 
82 355 668 668 668 
49 49 49 49 954 
203 794 
499 530 
340 418 418 673 684 850 850 850 
71 151 407 407 407 998 
199 
303 303 303 321 791 
157 954 
277 
247 247 247 
327 714 717 
82 82 82 305 785 785 954 
125 723 723 
284 284 317 317 317 
4 13 13 282 282 282 282 282 470 470 470 
491 865 865 
611 880 
588 588 588 723 723 723 723 
329 
429 429 429 434 434 434 610 610 820 
196 222 222 222 222 581 581 581 581 954 954 987 987 
495 495 621 621 621 621 
56 437 437 580 651 
229 229 270 377 439 534 
196 196 196 218 218 218 218 787 787 
978 
30 
23 491 491 491 833 833 
388 388 924 
632 632 963 
897 
32 64 77 79 115 115 123 162 162 162 182 182 196 196 221 221 230 241 241 250 250 250 278 292 320 323 323 345 358 366 366 368 377 377 387 405 405 405 407 407 427 427 442 446 464 485 485 485 534 534 544 544 578 600 600 603 603 630 632 632 655 655 681 681 690 691 706 719 719 746 746 746 746 752 752 765 766 776 776 780 780 796 796 796 809 830 830 830 830 864 885 891 891 906 906 906 948 948 948 949 949 949 987 989 998 998 998 998 998 
229 
300 554 554 554 
114 114 363 787 787 892 

190 190 631 631 834 891 
147 
7 767 928 928 
72 966 966 
116 116 116 309 309 423 660 814 922 922 
484 
305 907 907 
79 79 79 229 229 
138 
583 665 665 874 874 
116 116 116 642 

536 
207 207 207 
362 362 362 397 397 397 397 816 816 
412 688 688 688 688 847 847 909 1017 1017 1017 
5 5 51 51 229 229 229 621 887 887 954 
343 343 343 353 
63 136 154 154 270 270 270 376 539 856 
393 
1011 1011 
300 810 
166 166 166 
311 311 311 311 311 476 545 781 
897 897 1019 
502 532 532 966 

188 335 366 366 
147 147 147 147 324 363 412 412 440 493 493 493 493 521 521 521 563 624 624 660 660 799 1017 1017 1017 
5 156 156 156 156 156 384 384 625 625 625 
518 526 526 577 577 767 767 767 954 
129 898 1022 
162 277 277 277 739 949 
172 991 991 991 
566 576 576 850 850 850 850 
277 277 871 900 900 900 900 900 
221 252 252 252 403 808 
164 407 671 671 
65 65 274 274 347 347 407 407 407 
178 178 178 302 488 488 542 542 926 926 926 954 954 
65 65 272 272 366 366 366 407 779 779 
419 666 773 773 773 773 
152 152 152 470 470 479 479 719 
42 42 50 72 84 84 84 93 93 94 94 113 113 113 113 113 121 139 162 162 177 183 183 189 194 206 266 266 266 269 269 298 324 324 324 324 339 346 346 346 346 411 411 419 449 453 459 475 485 529 529 533 541 558 570 603 619 621 621 666 666 697 707 707 739 802 855 855 858 858 872 874 900 902 902 902 902 903 903 903 957 957 1018 
229 345 
386 386 386 823 823 
725 725 1022 
6 6 759 759 759 987 994 
212 212 212 212 212 468 468 468 876 876 876 
429 429 954 
166 211 211 954 954 
407 407 407 
547 901 901 901 901 954 
673 
921 921 956 
162 162 162 647 
314 314 314 479 491 491 
366 366 366 806 806 806 806 
229 872 872 952 952 952 952 
362 362 666 722 
806 
161 966 966 
475 802 920 920 
562 
142 142 277 619 619 619 619 929 929 929 929 
79 420 420 449 
8 231 255 366 554 554 896 896 896 
684 728 728 728 728 892 
273 926 
162 204 204 204 

18 209 240 907 907 954 954 
419 419 
326 326 837 
23 23 54 519 551 879 879 964 964 964 
116 116 116 238 238 
0 107 107 317 367 367 367 454 454 456 456 456 954 954 
193 193 257 257 257 257 257 352 565 565 565 754 754 754 879 922 922 
760 760 803 

62 290 290 290 491 
812 1008 1008 1008 
617 617 617 903 903 
168 168 211 211 211 310 
85 100 193 366 414 414 414 954 954 
831 831 
229 362 957 
204 811 
641 641 641 641 660 660 660 878 
153 153 229 229 357 603 603 603 650 650 650 655 655 706 706 744 744 827 827 864 864 871 
59 59 59 59 262 277 277 277 277 346 569 569 569 569 876 876 876 876 903 903 
343 355 
28 28 307 307 333 333 652 777 
208 714 1006 1006 1006 
5 7 7 7 167 191 191 580 580 
182 216 590 796 796 
921 
5 5 908 908 908 908 992 992 

326 326 622 622 
523 523 523 
261 366 984 984 
19 659 659 659 800 800 936 
68 68 457 548 592 592 592 810 810 
924 
173 173 277 551 
201 418 418 418 684 
5 992 
5 5 
82 251 251 251 325 
57 57 79 99 
229 278 
277 277 277 277 324 348 348 348 452 452 452 651 
175 272 272 832 832 
63 63 63 63 63 346 346 346 
823 
428 428 755 755 
457 548 548 810 810 
311 813 813 813 
4 4 4 82 82 251 
954 954 954 993 993 1007 1007 
82 197 325 
872 
65 323 650 
229 
502 528 
154 541 541 541 
714 714 714 
248 248 248 293 293 320 502 615 816 816 816 984 984 
114 114 232 262 366 641 
586 586 
820 820 
8 45 60 60 78 78 108 114 120 229 229 261 261 274 274 274 291 291 291 300 318 335 363 399 407 407 450 470 470 470 476 476 502 502 510 523 523 607 616 616 660 660 663 663 663 663 668 668 673 688 688 700 700 700 719 745 745 763 777 777 790 790 889 902 902 902 902 922 922 950 950 954 954 954 963 963 980 980 981 981 981 999 1007 1007 1007 1017 1017 1017 
124 134 134 310 310 310 954 954 
229 
770 
737 954 954 954 954 
490 
452 523 745 817 817 963 963 

644 954 954 
158 158 385 385 613 988 988 
98 252 403 403 403 
65 221 229 229 445 445 
618 819 879 879 
944 
62 62 428 428 914 914 
385 
68 626 626 626 810 
533 533 533 1016 
5 263 263 396 625 677 677 677 767 767 
375 375 381 988 
279 279 279 
2 2 182 229 
226 226 426 426 634 924 
954 954 
13 121 121 121 121 400 663 663 663 663 788 805 805 805 
55 55 192 192 192 954 954 
106 406 406 406 527 
253 466 564 564 564 
451 451 451 451 
805 
384 767 857 857 
121 121 121 121 248 248 248 248 788 816 
819 819 
45 45 60 114 366 599 599 599 599 650 650 823 823 981 981 999 999 
390 852 852 852 852 
644 732 757 949 949 1013 1013 
127 127 937 1023 
130 270 376 376 376 954 954 954 
178 590 603 603 603 
84 229 229 229 565 565 869 
392 392 392 527 
131 131 151 151 151 151 202 202 202 229 229 271 272 272 272 274 285 285 285 366 366 422 422 427 427 583 584 584 864 

108 108 880 
919 919 977 977 
277 277 473 473 473 492 570 570 570 570 570 903 990 990 990 
249 262 262 999 999 999 1017 1017 
513 513 586 586 749 841 841 946 
157 318 318 318 530 530 530 655 682 682 682 868 950 950 954 
504 504 942 1007 
824 
30 146 146 884 884 884 884 
77 201 201 340 340 340 
84 84 275 277 306 306 666 666 707 707 
111 299 299 573 573 573 
138 138 138 138 
26 144 144 407 407 434 510 561 561 579 579 579 584 584 756 768 768 954 
72 238 867 

434 573 
388 388 634 634 
229 229 407 407 483 483 483 583 625 625 625 625 625 671 695 780 780 854 975 1012 1012 
177 177 177 350 350 380 380 447 463 486 486 498 557 557 684 696 755 755 838 861 861 879 937 947 
217 217 217 283 283 835 835 835 835 
175 175 175 175 764 764 764 
1002 1002 
1015 1015 1015 1015 
767 853 954 954 
132 187 217 217 217 422 425 479 479 515 516 516 516 578 640 640 640 756 756 768 768 820 820 954 954 954 
66 123 123 525 525 525 525 786 786 995 995 
927 927 927 955 955 
220 220 509 545 545 1004 1004 1004 1004 
733 890 
139 162 221 758 855 
262 609 609 660 660 
515 
229 
726 726 726 747 747 747 747 
22 22 
377 377 895 
229 
28 28 428 463 463 463 463 463 
71 
277 299 954 954 
366 
394 394 394 394 637 780 1015 1015 
52 52 346 346 346 372 530 708 708 954 954 954 
277 475 550 903 
107 107 310 310 
177 725 725 725 
310 310 310 
337 351 535 535 
0 777 777 777 977 
277 957 957 1006 1006 1006 1006 1006 
145 875 
34 34 34 949 949 949 
85 85 85 546 
428 447 447 447 447 447 649 649 
229 
590 737 737 737 737 900 900 900 900 926 926 954 954 
393 1014 
639 639 815 815 815 888 
282 282 282 802 802 802 

142 212 212 212 276 276 366 366 366 912 912 959 
780 
57 69 162 162 162 566 566 572 572 572 735 925 925 925 925 978 978 
50 50 94 411 411 411 881 902 902 
483 975 
277 296 453 720 802 
257 366 366 620 620 745 934 934 934 934 957 957 957 957 
1023 1023 1023 
25 25 25 971 971 971 
92 276 276 290 434 434 518 518 518 712 954 954 
502 889 889 889 889 
44 44 44 44 559 559 559 559 712 784 784 
35 35 35 958 
427 427 427 474 671 780 780 780 
239 889 
229 229 229 277 
129 129 129 177 177 177 428 428 898 
532 532 532 540 540 707 707 707 707 714 730 741 741 741 862 862 1006 1006 1006 
101 273 273 693 693 756 756 756 
726 726 726 818 818 818 
371 797 797 
213 225 225 225 290 290 314 954 954 954 955 
39 39 123 123 123 123 411 
262 262 262 262 982 982 1000 1000 
746 746 746 746 954 954 954 
219 219 568 568 568 
809 809 
40 43 43 73 73 73 73 133 147 147 790 790 790 954 954 954 954 
428 947 
200 530 789 
82 99 
147 147 
53 53 53 62 62 85 259 359 362 366 366 480 528 532 556 556 607 607 607 659 674 674 674 720 720 731 762 763 763 773 836 836 859 889 922 922 966 966 984 
735 735 735 735 
415 415 636 636 636 636 
145 648 648 648 
756 
508 656 662 
507 662 662 969 
437 799 
366 422 
176 660 

413 413 787 787 787 
162 162 758 1017 1017 
434 441 820 820 820 874 874 874 961 
186 434 434 434 820 820 820 820 1023 1023 1023 1023 
527 
264 479 479 479 954 
308 780 
6 680 680 759 
262 262 262 
50 50 180 555 555 
334 334 334 366 366 372 817 817 817 
736 
123 168 168 435 435 435 435 
264 264 767 767 767 767 844 954 
392 406 517 927 927 
359 502 859 859 
62 62 62 62 277 277 858 954 954 
52 200 414 414 414 452 499 954 954 
191 
53 53 90 259 259 487 487 487 502 738 
277 383 383 383 
221 229 229 948 
457 457 
37 80 246 
19 19 
44 632 632 632 1003 1003 1003 
22 252 1017 1017 
73 73 73 487 487 
139 161 277 360 360 360 
273 273 739 739 739 926 926 926 
855 
132 229 229 614 614 614 614 998 
21 21 257 437 437 562 562 596 922 922 978 
85 462 780 
58 286 
80 80 80 80 337 351 351 782 835 835 835 954 
1006 1006 1006 1006 
453 903 903 972 
308 339 879 879 964 
75 810 956 
8 8 
231 231 231 300 300 
50 522 522 
62 502 502 
129 129 129 137 137 137 137 428 428 684 684 684 684 937 937 937 947 947 
277 903 
44 91 481 481 481 481 712 712 758 758 784 784 922 922 
676 676 1006 1006 
422 422 584 
297 545 545 835 922 922 
262 959 959 
74 393 393 393 915 915 915 915 
311 311 311 405 405 
268 472 472 761 978 978 
88 125 125 571 571 571 571 820 820 820 
495 495 495 1002 1002 
5 5 121 324 324 324 324 767 767 931 
277 411 411 411 411 411 
135 135 196 196 567 567 567 567 
162 472 472 472 721 898 
420 420 420 425 
937 937 
85 875 875 886 886 
172 268 268 775 775 775 
264 264 867 
229 434 
422 422 422 851 
114 114 167 220 328 328 722 722 722 
196 196 196 196 218 218 218 218 
159 159 587 942 950 950 950 954 954 954 1007 1007 
243 407 427 671 
407 407 422 422 561 667 979 
174 174 702 702 702 
364 364 413 413 689 689 
178 178 178 178 178 582 710 954 954 
171 171 215 215 215 607 607 761 761 761 761 761 1000 
70 954 954 
28 111 111 111 111 329 404 465 715 715 715 926 926 926 
146 146 146 146 
337 337 337 
82 82 699 699 
126 126 640 
56 56 56 56 
121 121 545 
917 917 
819 
399 399 399 399 
229 229 
17 710 801 801 801 805 
37 751 954 954 954 
153 229 229 277 323 323 323 404 404 404 995 995 
81 81 826 826 1006 1009 1009 
826 826 
49 49 782 903 
108 366 502 502 502 588 588 777 777 777 902 902 902 
759 759 1020 
440 440 707 707 707 707 
217 217 820 820 
79 214 819 880 1019 
189 189 660 733 798 878 878 878 
375 
73 73 73 544 544 544 544 830 
362 913 913 913 975 
366 366 663 663 982 982 982 
23 23 154 154 316 316 316 
378 776 776 
277 298 298 298 298 929 929 929 929 
476 476 
219 219 219 219 250 277 277 
333 333 632 632 951 951 951 
734 734 734 734 
142 142 142 262 262 959 959 
5 5 263 263 263 384 427 427 427 427 427 707 707 707 707 767 767 844 
382 382 382 810 
750 750 750 955 955 955 
870 
695 695 
229 690 690 
234 234 
115 115 227 227 229 229 538 538 538 622 622 
107 902 
388 426 426 
36 36 36 143 143 166 166 
504 504 504 504 
451 779 779 
831 
467 467 
156 434 434 434 594 833 833 833 954 954 954 
322 322 322 322 363 681 681 681 681 790 790 790 790 
244 720 720 720 
17 
73 73 374 401 817 
17 17 102 907 907 907 1014 
74 74 74 74 717 717 
289 965 
1 1 9 9 126 505 505 505 1002 
463 463 
149 149 149 149 323 323 323 357 399 399 
19 19 19 56 56 220 346 791 791 
108 326 
780 849 849 849 886 886 
115 124 124 124 124 124 985 
229 229 323 323 414 744 744 744 
110 507 
61 61 61 954 954 
68 810 810 
336 336 336 502 763 763 763 
46 46 105 105 176 176 238 262 262 322 322 322 366 366 440 440 511 612 675 678 678 705 705 721 754 805 805 883 883 913 919 919 922 922 922 938 954 954 
7 107 837 837 837 901 901 
507 508 508 
366 366 366 366 390 390 390 390 616 616 687 687 687 982 982 
118 118 118 795 
59 59 59 243 243 989 
275 277 277 293 419 419 832 832 832 
10 10 10 584 676 741 741 741 1006 1006 
197 197 197 366 366 
864 
880 
271 271 427 483 583 
709 709 709 709 
164 201 287 366 791 
87 126 502 502 502 773 773 
660 793 793 793 841 841 841 906 967 992 992 992 
560 560 667 1006 1006 
384 384 384 793 793 793 793 
660 660 883 883 883 954 954 
831 
520 520 
229 229 641 641 641 641 722 954 954 
414 414 414 
66 865 865 865 954 954 954 954 
41 41 176 201 301 340 428 557 557 557 557 688 755 755 787 787 787 787 892 892 937 954 
836 836 836 836 
983 983 983 
71 663 663 663 982 
249 249 249 249 366 366 684 1017 1017 
100 586 586 946 946 
229 630 630 
229 

101 101 101 101 488 488 
791 791 
427 629 629 724 724 780 780 812 854 854 854 
428 796 796 796 
64 64 277 802 802 802 

124 124 147 147 593 593 939 954 
366 366 366 950 

174 585 585 585 
740 780 780 780 875 
186 186 954 
660 660 
229 323 323 871 888 
277 277 419 419 487 487 487 487 609 609 609 609 625 625 625 625 1018 1018 
452 452 
672 672 672 672 
5 61 61 61 587 601 
107 967 967 981 
76 76 76 76 479 481 559 559 784 784 784 845 845 922 922 922 
954 
83 96 96 208 327 361 361 361 487 746 746 1006 1006 
162 162 590 590 590 797 797 
1004 1004 
74 74 98 98 98 208 646 646 839 998 998 998 
991 991 991 991 
229 229 276 366 
475 502 502 642 642 642 773 773 812 914 
572 660 954 954 
78 78 78 293 580 580 580 681 
171 210 210 215 215 215 215 861 
174 174 174 174 695 695 727 727 727 812 812 812 
280 280 455 455 455 805 954 954 
443 443 443 489 489 489 747 894 
724 724 724 
178 178 178 301 301 301 301 1018 1018 1018 1018 1018 

168 168 168 487 
502 953 953 953 
401 1013 
438 612 
141 141 623 623 623 623 
472 503 503 503 503 
127 127 524 954 954 954 
147 370 465 465 465 465 
532 966 966 966 
98 98 104 119 119 162 162 266 277 542 542 542 
703 780 886 886 
487 487 487 667 667 667 1006 1006 


323 323 655 655 655 
366 366 372 476 
229 229 229 229 494 494 494 494 714 714 847 1002 1002 
443 443 443 443 726 818 818 818 818 
74 
413 930 
62 627 627 627 
602 954 
229 229 776 776 
988 988 
176 311 311 311 660 
350 350 428 428 684 684 934 934 934 
101 152 152 152 422 434 434 488 488 488 506 768 768 954 
34 34 84 84 84 401 949 949 1014 1014 
162 162 162 439 514 559 559 1017 1017 1017 
6 281 281 281 520 608 608 
312 312 803 803 803 825 825 825 825 
566 588 588 588 588 588 
502 763 
54 366 502 502 659 659 659 762 
175 430 430 430 943 
229 
42 42 42 229 
5 5 5 236 264 264 264 384 384 396 433 526 526 526 526 569 569 625 625 844 954 954 954 
422 422 434 434 756 756 
780 780 
369 834 
116 116 116 
954 
188 275 275 275 275 502 674 674 720 720 

109 576 576 576 
67 229 229 618 618 752 752 
108 326 366 366 458 458 458 607 607 607 
139 139 805 893 
274 274 637 637 
85 123 174 175 175 229 229 427 427 451 471 483 483 483 519 546 653 695 695 703 703 703 740 769 769 840 886 943 969 1015 
257 
548 606 795 
192 192 192 
481 481 559 559 712 712 712 
209 209 
66 66 435 435 890 890 
222 222 232 232 513 513 513 684 684 684 684 892 892 892 892 954 
390 397 
153 499 
90 90 90 90 90 366 366 497 497 497 641 641 641 641 992 
204 651 651 673 694 694 870 870 

675 675 675 677 677 677 677 
199 
32 664 782 835 1001 1001 
182 182 229 229 229 329 329 696 696 696 936 936 
490 490 715 715 
82 82 82 178 178 178 612 
170 262 509 1017 1017 1017 
53 336 336 817 876 876 
601 601 601 954 954 
277 296 468 468 468 475 697 697 697 
13 13 13 24 24 24 24 312 760 760 760 825 
17 
390 390 390 395 601 660 660 725 778 878 878 878 893 945 945 954 954 
291 291 291 291 294 810 
175 832 946 
270 
229 496 496 
75 75 75 255 337 337 351 351 382 552 626 658 658 806 956 956 
321 
315 695 720 724 724 724 
352 352 352 922 922 
116 238 
467 467 467 888 888 954 
147 147 147 147 147 248 248 362 362 362 397 936 936 936 
73 73 372 372 523 523 523 644 800 
489 489 489 747 747 747 747 
79 79 378 398 398 598 611 866 866 
72 217 365 365 434 434 515 515 515 516 516 516 516 567 567 567 610 610 916 
850 966 
32 32 32 59 
279 279 349 399 399 
416 963 
13 760 760 760 760 803 
81 81 150 150 604 604 605 605 853 1006 
176 176 176 323 323 
922 978 
954 954 954 
229 229 229 229 614 987 987 987 
140 181 181 319 319 638 679 911 911 911 
2 2 2 175 347 347 666 666 666 807 
126 126 225 225 640 640 640 
234 770 
429 429 429 429 548 548 548 562 795 1001 
502 502 685 685 685 685 
107 107 307 661 661 661 
428 954 954 954 
717 
780 
413 413 675 675 675 906 946 954 954 
954 
67 67 67 67 
526 625 767 945 945 945 
44 712 712 
122 122 
249 249 746 1017 1017 
1005 1005 
653 653 653 
201 201 201 268 268 268 268 821 905 
579 
400 400 400 400 
29 29 433 826 
174 174 174 427 695 695 695 
118 118 139 139 277 277 439 543 958 958 
252 
157 157 157 396 396 
183 277 277 529 903 
131 502 528 528 889 
172 172 
428 428 723 
487 487 
85 85 123 168 168 
229 323 323 407 669 
213 213 683 683 683 
79 79 819 819 
189 189 189 423 577 1008 1008 1008 1008 
414 
196 405 949 949 949 949 
628 791 791 1019 
269 323 706 
277 292 292 356 982 982 982 
132 132 
243 243 277 515 515 515 900 900 
460 575 575 703 886 886 886 
53 53 282 282 282 324 324 324 324 800 800 
66 66 66 
322 612 612 612 805 805 805 
23 54 54 74 74 74 179 308 308 311 378 378 428 551 551 1005 
214 409 611 670 996 996 
473 902 
954 
660 660 678 678 678 
30 30 417 417 417 417 1006 1006 1006 1006 
229 
27 575 575 653 653 740 740 780 875 875 875 
63 63 63 63 125 250 250 
467 706 815 815 
366 480 480 480 480 484 502 859 950 
66 66 438 786 786 
98 229 229 234 
14 232 301 684 684 787 787 787 787 
150 778 805 
726 
445 
300 300 300 
228 258 258 
265 486 572 1022 1022 
107 107 
269 269 269 269 269 277 465 465 465 465 874 874 
286 286 286 286 661 661 
90 90 90 90 94 94 277 277 277 277 366 366 366 366 473 473 607 607 607 633 881 908 
59 162 189 277 277 277 316 316 324 324 411 453 550 550 558 606 858 
108 108 
850 966 966 
229 229 229 675 841 
240 240 305 305 645 645 645 954 
331 331 331 331 902 
249 
153 
140 140 181 181 831 831 831 
470 470 958 958 958 
615 615 615 660 936 
380 380 720 
59 172 564 564 564 564 
820 
597 597 

103 103 103 410 410 660 660 
296 296 
288 288 330 956 
21 238 238 311 311 366 366 502 502 545 545 559 559 562 562 660 660 660 712 712 712 813 813 828 978 
125 125 125 
226 338 388 1002 
162 162 472 472 472 472 
28 28 28 28 28 273 273 273 302 465 465 542 542 542 590 590 590 
21 436 436 436 527 527 
236 236 935 935 1006 1006 
298 298 298 298 619 619 619 619 954 954 
749 
569 
130 130 130 194 
100 963 
50 114 116 476 476 476 476 755 755 755 
928 928 1006 1008 1008 
53 336 796 796 816 816 816 913 
37 137 137 402 428 557 557 557 574 574 684 1023 1023 
660 
147 699 

42 42 963 963 963 963 963 
415 582 
175 175 764 780 
114 114 379 976 980 980 980 
805 805 844 844 844 
413 689 689 807 841 
129 428 498 557 557 
51 51 196 196 229 229 229 534 
34 34 229 229 229 266 401 401 461 461 461 757 757 869 869 869 869 1013 1013 
26 366 366 414 414 582 582 582 700 889 954 954 
622 622 622 
292 292 292 292 954 
731 731 731 
5 5 14 16 16 30 37 37 40 40 43 43 55 55 55 74 74 74 80 80 82 82 93 107 107 107 128 128 146 146 147 147 156 157 157 157 159 159 163 163 163 171 171 178 178 186 186 186 192 193 196 198 205 209 218 218 250 264 273 273 283 284 284 286 305 305 310 310 318 318 354 354 354 366 366 366 367 367 370 370 370 370 374 374 389 389 391 391 403 403 403 414 422 433 433 434 434 434 449 449 452 452 452 465 465 479 479 491 491 491 494 494 494 497 497 497 497 518 526 529 529 530 530 548 582 582 582 587 587 589 589 602 602 602 640 640 640 657 657 660 660 678 678 681 681 683 683 683 683 684 699 704 713 721 721 725 725 736 736 736 751 756 767 767 767 772 787 801 801 805 805 815 829 829 829 838 838 838 841 841 842 882 907 929 929 950 950 952 963 963 993 993 993 993 993 1002 1002 1002 1006 
436 436 491 627 627 627 
76 288 552 810 810 921 
277 277 320 459 459 476 476 476 476 
194 482 855 855 912 912 912 
142 470 563 563 624 624 

515 
1017 1017 
227 366 366 372 372 824 933 941 941 941 941 941 954 954 
308 308 308 551 
647 
237 237 259 295 295 502 502 738 738 738 821 905 905 
675 711 711 
21 21 
175 508 780 

25 25 25 478 478 478 
550 

96 96 96 
427 474 615 
944 980 
43 43 60 60 60 60 410 410 458 
195 223 472 472 545 566 566 828 922 
584 
114 114 366 366 944 944 944 976 
366 366 366 399 399 711 
493 493 616 616 616 663 663 687 872 872 872 
686 686 686 
98 98 335 335 362 362 502 
58 58 58 654 
105 105 
218 218 229 281 830 830 830 
375 375 385 753 753 
156 229 665 
411 411 411 
267 267 267 718 718 718 718 
5 5 331 331 341 675 675 675 790 1017 
354 354 954 954 954 954 954 1007 1007 
6 281 
12 12 12 46 46 46 46 123 123 123 435 435 603 603 
880 880 
67 67 67 
32 32 32 202 229 229 229 229 229 544 717 717 717 1011 
366 399 399 412 412 412 
493 493 588 1013 
795 795 835 
1 1 431 431 568 568 648 746 746 924 954 954 954 1006 1006 
44 538 538 538 
193 193 193 437 437 437 437 716 716 
23 35 110 848 848 879 
95 138 150 150 327 327 327 459 459 459 459 459 487 487 487 549 549 549 549 560 560 604 667 667 676 676 714 714 741 741 826 884 884 884 884 928 928 935 954 1002 1002 1008 1009 
354 354 366 366 366 415 582 582 993 993 
315 315 315 867 867 867 867 935 935 1006 
138 604 604 1006 
58 58 92 92 92 
254 254 998 
427 427 
401 401 732 949 949 1000 
466 645 757 757 
432 432 432 432 451 451 780 
383 
73 73 73 73 80 80 80 80 86 86 249 249 249 262 262 262 366 366 366 412 412 514 514 539 539 688 688 758 758 758 799 799 799 847 847 962 962 992 
277 707 707 728 728 728 728 728 
258 611 870 
608 

265 280 898 898 
127 402 477 477 477 516 516 516 516 937 937 
