nodes: 1024 edges: 1972
107 107 194 310 310 458 
568 664 1002 
182 387 832 832 832 
452 

61 167 250 250 263 328 331 341 342 384 384 384 569 767 767 954 
281 520 520 994 994 994 994 994 
328 
231 231 300 553 553 

175 175 667 943 
74 74 74 160 390 
77 82 995 995 
803 803 
954 
147 

19 82 82 645 

17 82 82 336 537 537 651 804 
229 776 
545 922 922 968 
444 444 931 
74 74 74 82 82 120 154 225 308 330 479 617 879 879 1005 1005 
31 803 803 
478 
422 950 
886 886 
111 111 111 326 326 463 590 926 

417 884 954 
24 782 
229 795 998 

461 461 757 
482 482 482 1005 1005 
635 635 
602 751 751 937 954 


497 954 
147 147 147 684 
766 766 
954 977 977 977 
481 559 845 845 
366 
660 660 995 995 
122 122 189 
179 773 
198 606 606 903 
473 473 522 
250 
452 530 
336 502 502 502 532 532 800 800 800 876 876 936 
179 179 179 308 879 
954 
220 595 595 651 651 651 
69 69 79 99 344 
985 985 1010 1010 
606 665 903 915 
366 399 977 977 
5 710 710 
380 502 529 529 529 529 529 556 750 
112 112 154 252 252 887 887 
697 
274 
435 683 786 786 877 877 877 
776 997 
337 337 658 
57 57 472 

202 448 
237 277 567 820 820 820 
79 79 79 79 497 540 644 644 817 817 1017 1017 1017 
11 11 11 23 23 23 564 564 599 717 879 954 
148 148 148 810 810 
194 194 712 
12 229 229 
722 722 722 
57 73 73 73 73 111 229 229 299 344 344 819 866 
548 954 1017 1017 1017 1017 
826 
12 17 17 19 19 23 23 147 147 172 209 267 343 513 513 699 728 798 798 
714 
277 277 405 419 419 430 757 757 
462 546 780 780 863 863 
792 
986 
567 

532 896 902 902 

1010 1010 
277 
277 473 902 
1006 
714 974 
236 
717 717 739 
57 344 500 
318 963 
488 488 488 693 
480 645 
315 919 
162 
986 

0 0 171 633 633 711 899 899 954 
607 652 777 904 
775 775 
164 164 1005 
28 28 28 79 
63 63 
162 277 277 
232 232 363 366 366 580 580 934 980 
229 229 632 654 985 
238 244 244 244 309 309 771 814 934 934 934 934 

459 459 664 664 855 855 
162 739 739 
23 366 
277 390 390 569 596 
47 47 
168 229 229 435 492 780 863 863 995 
193 654 699 699 
210 210 567 567 
594 640 648 833 
402 736 1023 

177 265 428 486 486 557 

151 407 859 

497 

199 571 571 
180 252 856 
557 557 557 937 
242 242 421 421 1006 1009 1009 
277 778 855 
911 911 
180 660 734 
298 298 470 624 831 831 

151 187 422 422 
1017 1017 
591 954 954 954 
15 41 41 41 82 82 262 262 501 699 737 737 816 816 816 816 939 954 
75 75 75 
650 981 981 
893 
131 144 202 202 
157 
357 603 
23 63 252 359 

263 640 
152 857 857 
277 
582 582 
11 

104 113 119 182 182 277 277 277 289 439 472 472 514 514 572 572 647 715 739 739 758 758 797 903 903 903 925 
192 954 
110 110 673 673 1005 

256 
5 328 328 580 
123 317 525 730 730 730 
183 183 999 

107 723 
82 267 576 576 783 860 860 915 
339 
585 585 702 702 724 724 724 854 
10 10 347 430 764 769 769 780 780 807 807 832 943 
684 684 827 
129 428 486 
189 273 273 587 728 728 798 954 1006 
48 54 54 54 
136 141 192 192 

2 162 162 229 387 672 
169 169 858 
195 195 

311 704 954 
144 756 

47 178 277 277 612 867 903 903 
234 
328 331 
163 180 180 303 783 954 954 
124 311 318 
0 76 76 380 855 855 958 
184 184 
222 437 581 869 948 948 954 954 
355 668 
49 700 954 
135 203 794 
499 530 
567 567 684 850 
71 151 151 407 407 
199 244 
303 303 791 791 
279 829 

247 247 247 
361 714 714 714 717 717 
82 785 954 954 
125 125 
284 317 
282 282 470 825 938 
314 374 491 491 954 
611 880 

329 
429 429 610 820 820 
222 581 581 954 987 987 
495 495 621 621 621 621 
56 595 651 651 651 
229 439 
196 218 787 
978 978 978 
1001 
23 491 491 833 833 
388 388 924 
608 
897 
20 32 77 77 79 79 115 115 123 123 182 221 230 241 250 250 277 277 278 292 323 323 366 368 387 387 405 407 424 424 427 427 442 446 464 476 544 544 578 632 632 655 655 691 706 706 719 719 746 746 746 752 765 776 776 776 780 780 780 796 818 830 830 864 864 864 880 885 886 891 948 949 987 998 998 998 1013 
229 719 
8 8 300 554 
114 114 363 787 892 892 892 

190 631 631 891 

97 767 928 928 
72 966 
116 660 660 814 814 922 922 
398 484 699 
305 
229 
138 138 
665 665 874 874 
116 116 116 203 617 

624 
207 207 207 
362 788 788 816 
412 847 847 847 
5 5 51 229 229 621 887 887 954 954 
343 343 353 353 518 
63 63 136 154 270 739 
366 366 588 903 
677 1011 
810 810 
166 
311 
1019 
502 502 521 532 532 532 966 
549 549 
422 
147 147 324 363 412 440 440 493 493 493 563 624 1017 
5 156 384 531 625 625 
526 577 767 
129 1022 1022 

82 172 991 
566 576 576 576 576 947 
277 900 900 
252 
407 407 407 671 
274 347 347 347 407 407 
178 178 302 302 488 488 542 542 542 
65 272 366 779 779 
666 
470 470 470 479 479 719 
72 84 84 93 94 113 113 121 139 158 162 162 162 189 189 229 229 269 298 324 324 346 346 346 375 375 411 419 459 459 475 485 529 533 533 558 570 603 603 619 619 621 621 621 666 666 697 707 739 855 855 855 872 874 874 900 902 902 902 902 903 903 941 954 988 1018 
229 345 
205 386 722 823 823 
804 
6 759 759 994 994 
212 212 468 468 
954 
211 954 954 954 
407 
901 901 954 
673 673 
956 
162 
314 479 
366 806 806 806 
229 872 952 
362 722 

966 
475 802 920 920 920 920 
545 
142 142 277 619 619 929 
79 
8 231 896 
684 892 
273 273 926 
192 204 204 

240 907 
385 385 
777 
23 54 519 551 879 964 964 
116 116 
0 0 367 454 456 456 456 456 954 954 954 
186 193 257 565 754 922 
803 

213 290 491 
103 812 812 
617 617 903 903 903 
168 211 
100 193 366 414 954 
831 

811 
641 641 641 660 660 878 878 
229 229 357 603 655 655 655 706 706 744 871 871 
262 277 277 346 569 569 876 903 
343 355 
28 28 333 333 652 777 777 777 
714 714 1006 
5 7 167 167 191 531 686 
216 796 796 
23 921 
5 191 992 992 992 
366 366 
326 326 622 
523 523 
366 720 720 720 
19 53 532 659 936 
68 68 810 810 
924 
173 551 551 551 551 
418 684 
5 597 597 597 954 992 
5 396 
82 251 251 325 
57 79 79 99 
278 
277 277 277 324 348 452 452 651 
175 272 272 272 832 
346 


469 469 548 548 806 806 810 
813 813 813 
251 251 
954 993 993 993 993 1007 
197 325 

153 323 
603 
154 
801 
208 714 
248 293 615 615 743 816 984 984 
114 232 262 366 366 641 
946 
820 820 
45 60 114 114 120 229 253 253 274 291 318 332 332 335 363 363 372 407 407 470 470 476 502 510 607 607 616 663 663 663 668 700 700 719 719 745 763 763 777 790 889 902 902 922 950 950 954 954 954 976 981 981 999 999 1007 1007 1017 1017 1022 
310 944 954 954 
229 

737 737 954 
490 
366 523 648 817 817 963 963 

213 644 
277 277 385 385 613 613 988 
403 
445 445 445 446 
618 819 879 
903 944 
62 194 428 428 914 

626 
533 533 
5 5 5 263 396 677 
306 306 375 375 
279 
2 182 229 229 
226 226 634 924 1002 
954 
11 121 121 400 663 663 788 
954 954 
406 439 
466 466 564 790 
451 874 

342 384 857 

239 819 819 
60 599 599 650 981 981 999 999 
390 852 852 852 
732 1013 
127 736 937 937 937 1023 
376 
603 603 
84 229 565 565 869 869 
392 527 
131 202 202 229 271 271 271 272 272 285 366 366 422 422 561 583 584 

880 
919 919 
277 473 473 492 570 903 903 990 
249 262 999 1017 1017 
946 
318 530 530 655 682 868 909 950 
942 1007 

30 
340 
84 84 277 666 666 666 988 

138 138 
26 144 144 261 407 407 434 561 579 579 756 756 768 768 

229 229 
573 
634 1002 1002 
229 229 583 625 625 625 625 629 671 671 695 695 780 1012 
129 177 380 380 486 486 498 557 684 709 755 838 861 861 861 879 937 937 
217 217 835 
84 175 764 764 
1002 
1015 1015 
767 767 853 954 
422 515 516 820 820 954 954 
66 123 786 995 995 
922 922 955 955 955 
196 545 1004 
890 
162 221 392 758 855 
262 262 660 660 
515 
229 
747 
22 22 
377 377 377 464 464 464 
229 377 
463 
71 


394 780 
3 52 346 346 708 708 
475 
310 661 
486 725 725 
310 310 310 310 
535 
0 777 
118 118 277 277 957 1006 1006 
875 
34 34 949 
85 546 
28 447 
229 445 445 445 
737 900 900 926 926 926 954 954 
393 393 
639 815 815 888 973 
282 282 802 
351 351 810 810 810 
142 212 276 276 276 366 366 912 

69 162 162 566 566 566 572 925 978 
50 50 94 411 411 727 902 
975 
277 296 453 802 
229 366 620 934 934 934 934 
1023 1023 1023 
25 971 
23 276 276 290 1010 1010 
102 889 
44 559 559 784 
35 35 35 958 
780 780 
239 889 
277 
129 129 177 428 428 455 801 801 898 898 898 
532 532 540 707 714 741 741 741 1006 
101 101 101 273 273 756 756 
818 818 
371 
213 213 225 225 314 954 955 
123 411 
262 262 262 982 982 1000 
746 746 954 
219 219 568 
809 809 809 959 
40 73 133 
428 861 947 
200 530 789 
99 
147 
53 53 53 62 259 259 366 528 532 659 720 720 731 763 773 859 889 889 889 922 922 966 984 984 
735 735 735 
636 636 
648 648 
756 
656 
662 662 662 969 

366 
660 
719 719 
82 82 
162 162 758 1017 1017 
434 441 820 820 961 
434 820 1023 
527 527 
251 954 
308 780 
6 6 
259 
50 555 
334 334 372 

168 
264 767 844 
406 517 517 927 
502 859 
62 62 62 62 62 277 
52 200 414 414 499 789 954 954 954 
263 328 
53 53 90 259 259 259 336 487 487 502 692 
277 277 383 383 

457 

19 19 
632 632 
863 1017 1017 1017 
73 487 

273 273 273 926 926 926 
855 
229 229 614 614 998 
21 297 437 922 922 978 
85 462 
937 
80 351 351 782 795 810 835 954 954 
260 260 1006 

308 339 339 339 339 879 
810 
8 8 
231 
522 
62 
129 137 137 137 428 684 684 861 861 861 937 937 947 
277 
44 481 481 712 712 758 758 922 922 1003 
676 
407 422 583 901 
835 922 
262 959 
74 74 393 
311 405 405 
268 472 472 472 978 
72 88 125 125 201 201 571 571 820 820 820 820 
1 495 1002 1002 
5 121 324 324 767 931 
277 411 
135 135 567 567 
162 162 472 721 
425 

875 875 886 
172 172 268 268 268 268 775 775 775 
264 867 954 
229 
422 422 851 
114 114 167 722 722 
196 218 218 
159 159 587 942 954 954 1007 1007 
407 427 561 
407 
174 174 702 
689 995 
178 582 710 954 
253 607 761 761 1000 
954 954 
28 715 715 715 926 
146 


126 640 640 
56 56 220 
121 922 922 
341 341 341 

74 399 399 

801 801 801 805 805 
37 751 
153 277 277 323 358 404 404 995 995 
826 1009 
681 681 826 826 
49 49 59 
108 366 366 588 777 902 
227 759 759 
660 707 
217 820 820 820 
214 819 880 
189 660 733 878 
375 375 933 
544 544 
362 362 913 913 975 
366 
23 244 316 316 
378 776 776 
277 277 298 298 929 929 
476 
219 219 219 219 250 277 277 277 
333 951 
734 734 849 
142 246 262 959 
263 263 427 427 427 427 707 707 707 767 
382 810 810 
750 750 
870 870 870 
427 695 695 
710 
234 234 
115 229 229 538 538 
107 107 
388 426 
36 36 
504 504 776 
779 779 779 

467 
126 156 594 594 833 833 954 
322 322 322 363 681 681 681 790 790 790 


73 73 374 
17 102 907 1014 1014 1014 

162 965 
126 372 505 505 

149 399 
19 56 56 56 220 220 220 346 694 791 791 
108 326 
849 849 886 886 
115 124 
229 229 323 323 323 414 744 
507 
954 
68 
336 502 
46 46 141 238 238 322 322 440 440 511 609 612 675 675 678 705 721 734 754 754 805 805 883 913 922 922 922 954 986 
454 
508 508 508 
366 366 366 390 390 687 687 
1 118 118 795 
59 243 243 989 
275 277 277 419 419 419 832 
10 741 741 741 1006 
197 366 
864 
880 880 
271 427 427 
182 709 709 709 
164 164 287 287 791 791 
773 
660 660 793 793 793 841 906 906 
560 
254 384 793 
660 883 954 


605 605 641 641 641 722 
414 801 
66 954 954 954 
41 176 176 201 301 340 428 557 557 688 755 787 787 787 954 

328 
663 663 982 
684 1017 1017 
586 

229 
532 
101 
651 791 791 
427 427 629 629 780 780 780 812 854 
796 796 796 
64 277 802 

82 124 124 147 239 939 
198 366 366 
828 
174 174 585 
740 740 
186 954 
660 
229 229 323 323 871 871 
277 487 609 625 625 625 1018 
452 452 
428 672 672 672 920 
61 61 587 630 
107 981 
76 559 559 922 922 
954 954 
83 96 208 208 208 327 327 361 487 746 746 900 974 1006 
162 590 590 590 797 
1004 
74 98 98 208 208 839 998 998 998 

229 229 230 276 366 366 512 512 
335 335 335 502 502 
572 660 838 954 
78 78 78 279 293 580 580 681 
171 861 
174 174 174 
455 455 
747 894 
473 
82 178 178 1018 1018 
922 
168 168 168 906 
502 953 953 
401 1013 1013 1014 
612 
141 623 623 660 878 
503 503 503 
127 402 
147 147 370 370 465 
966 
98 119 119 162 162 252 277 
703 703 780 
487 487 487 667 667 667 1006 1006 
901 907 
362 
323 655 
366 
229 229 229 494 494 714 714 1002 
443 726 818 818 


62 627 627 
37 37 602 833 
229 776 
988 
311 660 660 
428 684 934 
187 422 422 488 488 506 
34 84 84 949 1014 1014 
162 162 439 514 559 559 892 1017 1017 
281 281 608 608 
803 825 825 
588 588 

366 366 502 
175 430 430 
229 
42 42 
5 5 236 264 433 433 526 569 625 844 844 954 954 
422 422 
175 175 

116 
954 
48 502 674 

109 109 576 576 576 
20 67 229 229 229 618 618 636 752 
108 307 326 326 326 366 458 607 
139 805 805 
274 274 637 637 637 
85 85 123 175 175 229 229 229 427 451 483 483 519 695 695 695 740 840 840 840 849 943 1015 

31 548 795 956 
172 192 
481 
209 941 
66 66 435 890 890 890 
222 232 684 684 684 892 892 954 
248 248 390 
499 530 
366 393 641 641 641 795 
204 204 651 651 673 673 694 694 870 
86 
675 675 675 677 
199 
32 548 664 782 790 835 
229 329 329 696 696 696 
162 715 
82 82 178 
1017 
53 53 53 876 
360 486 486 601 601 601 682 954 
296 468 475 697 
13 13 24 24 312 760 825 
19 280 
601 601 660 660 778 778 878 893 945 954 954 
291 291 291 351 351 810 810 810 
175 175 

496 496 496 
75 75 255 255 337 337 351 469 469 469 548 552 626 626 806 806 806 956 
321 
315 315 695 
352 352 352 922 
116 238 238 
467 467 
147 147 147 147 248 362 936 936 
73 73 372 372 
229 489 489 747 747 942 
79 378 398 398 611 
72 72 72 217 217 365 365 434 434 515 515 516 567 567 567 567 610 610 610 
850 

279 279 
963 
212 760 760 803 
81 604 605 605 853 853 1006 
176 
701 922 
205 
229 229 987 987 
142 142 319 959 
2 2 2 175 347 666 
126 225 225 640 640 751 

429 548 562 795 1001 


428 721 954 954 1020 
717 
780 780 780 
675 906 906 906 946 946 
954 
861 
526 767 767 945 945 
44 44 
903 
249 249 249 
1005 
623 653 653 780 
201 821 
579 
400 400 400 
433 826 826 
174 695 
118 118 139 194 194 277 277 277 439 543 
136 
157 157 396 
183 903 
131 502 528 
172 172 
428 428 428 498 557 557 557 723 843 

85 85 123 123 539 
229 229 229 669 

79 
189 577 1008 1008 
414 903 
196 405 405 949 949 
628 628 628 791 
323 323 706 706 
277 292 982 982 

243 243 277 277 394 
460 575 575 886 
53 53 324 800 
66 66 66 
322 322 612 734 805 
23 23 54 74 308 378 428 551 1005 
214 229 409 611 670 670 


660 678 
30 1006 
229 
27 27 229 575 653 653 875 
63 63 250 250 
467 
366 480 484 502 502 502 950 
438 786 786 786 
229 234 
232 232 232 301 758 787 787 
150 805 
726 

90 300 
228 
486 486 486 1022 
107 107 
269 269 277 465 465 714 
286 286 561 742 
90 90 94 277 277 277 277 366 366 473 607 
49 59 162 162 162 189 189 253 277 277 316 316 316 324 379 411 411 846 858 868 
108 
966 966 
675 675 730 841 841 841 
305 645 742 954 

414 

140 140 
470 958 958 
615 615 660 936 
380 
59 172 



103 410 410 
296 296 296 296 709 
330 956 
21 21 238 238 311 366 436 436 502 502 545 545 559 559 562 596 596 660 660 660 712 712 729 813 828 978 978 

226 338 388 1002 
162 472 
28 302 465 465 465 542 542 542 590 
527 
236 236 
298 619 619 954 

22 569 

613 
114 116 116 116 116 476 476 476 476 755 
1008 1008 
53 336 816 816 913 
37 137 402 402 402 428 428 547 557 557 
212 
147 699 

277 785 963 963 963 
415 582 818 
10 175 780 
367 379 980 
805 844 844 
364 413 841 841 
268 498 557 
196 196 229 
229 461 757 869 869 1013 
26 366 366 414 889 954 
622 
292 954 954 954 
731 731 
5 14 30 37 40 43 55 74 80 107 146 146 146 147 163 178 186 192 192 196 196 198 209 209 213 218 250 250 277 283 284 284 284 286 310 310 310 318 341 354 366 366 366 367 367 370 389 391 391 433 434 434 465 465 491 494 518 530 530 530 548 548 577 582 582 587 589 589 640 657 660 678 683 683 683 684 704 713 713 721 767 767 772 787 801 805 805 838 838 842 907 929 950 952 952 952 963 963 1002 1006 1007 1007 1023 1023 
436 436 436 491 
288 782 810 921 
459 
194 482 912 912 
496 563 624 831 

515 
1017 1017 
100 372 372 824 941 941 941 954 954 
308 308 
647 
237 259 295 502 738 905 905 

21 
508 

478 

467 
96 714 
474 615 
366 
43 43 43 60 60 
223 223 223 472 545 566 922 922 

114 944 
149 149 366 366 399 399 711 
493 493 687 872 872 

362 362 502 502 
58 58 115 
87 105 660 
218 218 229 830 830 
277 375 419 753 
665 
411 
267 
331 331 331 341 1017 1017 1017 
354 354 354 354 
6 6 6 6 6 281 281 
12 12 46 46 123 435 435 586 603 603 

67 
32 229 229 229 544 717 717 717 
169 366 366 399 399 412 
493 588 1013 
224 835 
1 388 426 426 431 568 568 746 924 954 1006 
559 
437 716 
23 23 35 35 110 164 848 879 
95 138 178 327 459 459 487 549 667 714 741 741 826 884 954 1002 1009 
354 366 366 415 582 582 954 954 
867 867 935 935 
138 138 604 1006 
58 58 92 92 479 479 
254 
427 
229 401 732 732 949 1000 
645 645 645 732 757 757 
432 432 780 

73 73 73 80 80 80 80 145 145 262 366 366 412 412 514 514 539 539 539 688 688 758 758 799 962 962 992 992 992 
277 707 728 728 
258 
838 

265 265 366 898 
127 402 477 477 477 516 954 954 
