nodes: 1024 edges: 1955
194 194 
9 118 118 648 664 
387 
452 
212 353 
167 167 250 250 328 328 341 569 625 710 767 954 
281 520 520 759 
328 
229 231 366 366 
1 648 
175 175 667 
74 160 160 
77 77 82 82 995 995 
212 390 803 
954 
147 147 162 235 910 
954 
19 53 82 82 645 645 645 
305 
17 82 651 
776 
922 927 968 
277 444 648 
74 74 74 82 82 82 82 120 120 120 154 225 330 617 617 617 879 879 1005 
31 31 803 
478 971 971 
422 950 

111 111 326 447 447 447 447 463 590 590 

224 224 417 417 636 954 
24 24 351 782 
229 603 795 822 998 

757 757 949 
482 482 1005 
635 635 635 
751 751 937 937 954 

492 
954 954 
147 147 155 352 
277 766 
497 497 954 
481 538 845 922 1003 1003 
366 399 
660 660 660 995 995 995 
122 122 
179 
198 606 606 606 903 
277 522 522 
129 129 250 250 948 948 948 
110 452 
17 502 502 800 876 876 936 936 
879 
391 954 

69 69 79 99 344 
544 985 985 1010 
324 822 
399 
710 710 710 710 
68 502 502 529 556 556 556 
112 112 112 252 348 348 887 887 887 887 
697 697 697 
272 274 377 
435 877 877 890 
229 776 843 997 
62 337 382 658 658 
57 57 472 
589 
151 202 448 687 687 687 687 
277 820 
79 79 79 497 497 497 540 540 614 614 811 918 1017 1017 
11 23 23 23 564 599 599 646 717 879 954 954 
148 810 810 
282 712 712 712 912 956 
12 12 229 229 
366 722 
57 73 73 73 111 184 184 229 229 229 611 819 819 866 866 
536 548 548 548 954 1017 1017 
826 
12 12 17 17 19 23 23 23 23 147 147 155 172 172 209 355 500 513 537 593 699 699 798 798 798 798 954 
714 
277 430 757 757 757 
318 546 780 863 863 
1017 1017 



453 532 896 902 
559 800 
1010 
277 
473 
1006 1006 
974 974 
935 
717 717 717 717 984 984 
57 344 500 
318 318 
693 693 756 
480 645 645 
315 919 919 
162 162 739 

392 
310 376 454 633 661 711 711 899 899 954 
409 652 652 777 777 
229 229 775 1021 
52 
28 28 79 420 420 590 590 
63 63 63 
162 
232 232 363 366 366 399 580 944 980 
229 632 
238 244 244 244 258 309 309 771 934 934 934 

1 1 664 664 664 664 855 
162 739 
23 23 23 
277 390 390 397 397 569 596 
47 47 453 846 
168 168 229 229 229 435 492 492 780 780 863 995 1004 1004 
367 654 654 699 699 699 
567 567 923 
594 640 640 648 648 833 
402 736 1023 
954 
51 51 265 265 265 265 265 428 428 486 557 898 947 
932 932 
859 859 859 
873 873 

367 367 
199 571 571 
252 382 
557 
242 421 
277 439 855 855 855 
181 831 831 911 911 
660 660 
298 298 470 470 470 496 624 
635 
187 422 422 422 
1017 
417 954 954 
15 15 41 41 82 82 235 497 699 699 737 737 816 816 939 954 
75 
650 
826 893 1006 
71 407 407 407 407 
157 276 617 
323 603 910 
23 252 360 617 856 
41 82 
263 263 640 
152 857 
277 375 
582 582 616 
11 11 
541 541 
15 104 104 113 119 182 182 182 229 229 277 303 303 303 321 439 439 472 472 514 514 572 739 739 758 758 797 903 903 
954 



5 5 191 328 580 580 
123 123 317 317 317 489 730 863 863 
183 183 
799 799 1017 1017 1017 
588 
82 82 576 576 576 783 860 
339 339 
585 702 780 854 854 854 
10 10 430 764 780 780 943 969 
684 827 827 
428 428 
189 404 1006 
48 
192 192 192 522 
140 831 
162 162 162 229 329 329 387 796 
169 169 858 
79 79 195 

311 704 704 
144 434 434 
773 773 
178 277 903 

167 328 531 531 
180 180 180 391 391 783 954 954 
311 311 311 1004 
0 0 277 855 
184 978 
222 222 222 222 229 229 437 571 571 581 581 869 948 948 
355 668 668 
49 389 954 
135 203 794 
530 530 530 
418 418 567 567 673 684 684 850 850 
71 407 
199 244 
791 791 
279 279 954 

596 
327 361 361 714 714 717 
82 954 
723 
284 317 317 
4 13 282 282 470 470 470 825 825 825 
491 491 491 954 954 

588 723 723 723 
329 
365 434 610 610 820 
581 954 987 987 987 987 
495 495 621 
437 
377 534 
196 196 196 196 
978 978 
30 30 
23 833 833 
388 924 
608 632 
897 1000 
8 32 67 77 77 79 79 79 109 109 115 123 123 123 162 162 182 196 196 241 250 250 250 277 281 281 320 323 345 345 366 368 377 377 405 407 407 424 424 427 442 464 476 476 476 485 534 544 544 544 578 578 600 603 603 630 632 632 632 681 681 690 706 719 719 726 746 746 746 747 765 775 775 776 776 776 780 780 780 796 796 818 830 869 880 886 886 891 906 949 951 998 998 998 1013 
719 
8 554 554 554 
114 114 787 892 892 

834 891 
15 147 
767 928 

116 660 660 922 
398 
305 305 907 
229 
138 
665 665 665 
116 116 116 203 302 617 

536 536 624 
596 
362 397 788 788 816 
688 847 847 847 847 1017 
5 5 51 51 229 229 229 621 887 
343 353 353 
63 136 154 539 539 
366 366 393 393 903 
677 1011 1011 
810 810 

311 311 476 
116 791 1019 
532 966 966 

366 366 422 
324 363 366 493 493 521 660 799 959 1017 1017 
156 156 625 
518 577 577 767 767 
129 129 129 129 129 898 1022 
739 739 
991 
566 566 566 576 800 811 850 850 850 947 
277 900 

407 407 
65 274 347 407 407 
302 302 488 488 488 926 926 954 
65 272 
419 852 
152 470 479 
22 42 50 72 84 93 121 139 158 162 189 194 229 269 324 324 339 346 346 375 419 419 419 459 475 475 485 485 529 533 533 533 570 570 603 603 619 621 666 666 739 802 855 855 858 872 874 874 902 902 903 903 903 941 941 954 957 957 988 1018 
345 345 
205 205 386 722 823 823 
725 725 725 804 
6 229 229 987 994 994 
76 212 212 468 
513 
211 954 
407 
547 901 954 
673 
785 785 921 956 956 

491 491 
306 366 366 
461 872 872 966 
722 
567 806 
966 966 
802 
545 545 
142 142 619 929 
449 
554 554 896 896 
684 684 892 
244 273 273 926 926 
162 162 162 

18 240 240 954 
291 419 419 
326 777 777 777 837 

116 116 372 372 
107 317 317 454 
186 193 193 193 257 257 352 565 565 754 879 
760 
502 
491 
103 1008 
617 617 
168 168 168 211 211 310 310 
85 100 100 414 
831 831 831 
229 
162 
641 660 660 878 878 
153 229 603 650 827 864 871 871 
59 262 277 277 346 558 569 876 876 903 903 
355 
28 307 777 777 777 
208 714 
5 5 7 167 191 531 531 580 580 
182 182 216 590 590 590 590 
23 921 
908 992 
366 
622 

984 
448 659 
68 548 592 592 810 
716 924 
173 173 277 551 551 551 

5 954 954 992 992 
853 
251 763 
57 99 
229 229 278 278 830 
277 277 324 348 452 651 
272 617 
63 63 346 
823 823 823 

31 469 469 806 806 806 
41 311 
4 251 251 
954 1007 1007 1007 1007 
82 197 325 643 
780 872 872 


502 
154 541 801 
208 208 714 
248 502 502 615 743 743 816 816 
114 262 
586 
217 820 820 
8 8 45 78 114 114 229 253 253 261 261 262 291 291 332 372 372 407 450 450 470 470 476 502 502 510 523 616 660 660 663 668 668 688 688 763 777 889 902 922 950 950 963 963 999 1007 1022 1022 1022 
124 134 134 
229 

954 954 
490 
309 309 366 366 648 963 963 
681 

158 277 385 385 988 
107 
65 221 229 229 445 
618 879 879 

428 428 914 914 

68 136 626 810 810 
533 533 872 
396 396 
375 375 988 
279 
2 182 
226 426 426 426 924 1002 
198 954 954 
13 121 121 663 778 788 788 805 
55 192 192 954 
106 406 406 406 439 527 527 
253 253 466 466 564 
451 

384 384 
121 121 248 484 
239 819 
45 60 114 599 999 999 
852 
645 732 757 1013 
127 736 937 937 

178 
229 565 565 567 869 
392 392 392 527 
151 151 151 151 202 229 229 271 271 272 272 285 366 422 427 427 561 578 583 584 
460 
108 
660 660 977 
492 570 570 
999 999 999 1017 1017 
513 513 749 749 841 930 
318 682 868 868 950 954 
504 942 1007 1007 
824 963 
30 30 146 884 884 884 
201 201 
275 277 277 277 306 306 988 1006 
111 111 573 
138 
26 144 144 144 261 407 434 561 756 768 954 
867 
229 229 
434 573 
388 388 388 634 
229 407 407 474 483 625 625 625 695 780 1012 
129 129 177 177 380 380 463 557 557 684 709 755 838 879 937 937 
816 835 835 835 
84 175 
1002 
1015 1015 
767 954 
187 187 217 422 425 479 479 515 515 516 640 640 756 768 768 820 954 954 
66 123 525 786 786 877 877 
922 927 
196 220 545 
890 
139 162 162 392 855 
660 
515 
229 
747 747 
22 471 
377 464 

28 28 28 28 
71 336 
299 954 954 
366 366 
394 1015 1015 1015 
3 52 346 708 954 
90 122 475 550 903 
107 310 661 661 
486 


640 977 
277 957 1006 1006 
408 875 
292 949 949 
546 929 929 
28 428 649 
229 445 
590 737 737 900 926 926 926 
393 393 741 
639 639 815 954 
282 
351 351 
142 142 142 212 212 212 276 366 366 566 912 
444 
69 162 162 572 925 978 
94 727 881 902 
427 
277 277 453 802 
229 229 229 257 366 620 745 745 934 934 957 957 
1023 
25 971 
276 434 434 518 518 1010 1010 
102 502 889 889 
44 
35 35 
427 780 
397 
229 277 277 
129 455 801 898 954 
532 532 540 714 730 1006 
273 273 273 693 693 
168 818 818 
371 
213 213 213 290 290 314 955 
39 123 123 411 
262 262 982 1000 1000 1000 1000 
746 746 954 954 
219 219 568 
142 809 809 809 
43 43 73 73 73 147 790 790 790 940 940 954 954 
861 861 947 

82 99 581 

53 53 62 62 313 359 362 362 366 366 480 528 532 532 532 607 607 607 720 731 763 763 773 889 889 922 922 922 966 966 966 
735 735 
415 636 
648 648 648 
756 756 
656 662 
969 
799 
366 
660 

82 283 413 413 787 
162 162 758 1017 1017 1017 
434 434 441 820 820 874 
434 820 820 1023 1023 

264 479 479 958 

6 6 
262 
50 50 180 555 
366 817 
736 736 
435 
767 
392 392 406 
502 
62 277 
200 200 200 789 789 954 
191 191 328 328 
90 259 487 487 502 502 502 738 738 
277 277 277 383 383 
221 229 948 948 948 

80 246 246 
82 
44 1003 
252 252 808 808 1017 
73 73 487 
161 161 360 
739 739 739 

58 229 229 229 614 614 614 998 
297 297 437 562 596 922 
85 462 780 
286 801 954 
80 80 80 337 795 810 810 810 835 835 954 
1006 
453 903 972 972 972 972 
339 339 339 879 


231 231 231 300 300 
522 
62 62 62 
129 137 428 428 684 861 937 947 
324 
91 712 922 922 
676 1006 
407 422 583 
545 922 
959 
74 393 915 915 
311 311 405 405 
268 268 268 470 978 
125 125 201 201 294 405 571 820 820 820 
495 1002 
5 121 324 767 931 
277 277 411 411 
135 135 196 196 567 
162 472 721 
420 425 
684 937 
875 875 886 886 
172 172 172 268 775 775 775 
264 264 867 
229 229 407 
851 
114 167 167 328 328 722 
196 196 218 500 
159 159 587 942 950 950 954 954 1007 
407 561 671 
407 979 
174 
364 
582 710 954 
171 215 761 1000 1000 1000 
70 
28 28 111 111 329 329 329 329 465 715 715 926 926 

337 337 
82 699 
126 640 640 

121 207 247 545 922 
992 
819 
74 74 399 
229 
710 801 801 805 805 
954 
32 153 229 229 277 277 323 995 995 995 
826 826 826 1006 
681 
49 49 49 782 903 
502 502 502 777 777 
227 

217 217 
79 819 819 
878 878 

73 73 544 544 544 
362 975 975 
159 366 982 
23 23 23 152 154 244 316 316 347 
378 776 776 
277 298 929 929 
476 
219 250 277 
333 632 632 

142 246 
5 263 427 427 427 707 844 
382 

870 870 870 

229 

115 227 229 229 229 622 622 
107 
426 
36 36 36 143 
30 504 
779 
831 831 
467 467 
126 126 156 434 434 458 594 594 833 833 954 
322 681 790 

355 

17 17 17 102 102 401 
74 839 
965 
1 9 22 126 126 372 505 505 505 1002 
463 
149 323 
19 346 
108 108 
849 886 
124 124 
744 744 
507 

68 68 810 
336 
46 46 46 141 141 238 238 262 322 322 366 366 410 410 440 511 678 678 734 754 805 919 938 954 954 954 
107 454 454 837 901 901 
507 
366 390 687 687 982 
1 118 118 118 118 
243 243 243 
277 277 832 832 
10 741 741 1006 1006 
197 197 366 366 
864 

583 
709 1000 1000 
201 287 791 
773 773 
841 841 967 992 
560 
254 793 793 793 
660 660 883 954 
831 831 

229 229 373 605 641 722 722 954 
414 
865 954 954 
176 201 201 301 301 428 557 574 688 755 755 787 892 937 954 954 
836 836 
983 983 983 
71 71 71 71 663 663 982 
249 366 366 684 
946 951 
229 


101 101 488 488 

427 780 854 
796 
64 64 64 
820 
82 82 124 124 124 147 147 593 954 


174 
740 780 780 780 875 
186 186 954 954 

229 871 871 
625 1018 1018 
452 
428 672 920 
5 61 61 61 61 587 601 
107 107 967 981 981 
76 76 76 559 784 784 922 922 
954 
83 208 208 327 361 487 746 746 746 746 974 974 1006 
590 590 
338 
74 98 98 98 98 208 998 998 998 
991 
229 229 230 
502 773 
572 
78 279 293 580 681 681 
210 215 215 215 
727 727 
280 280 280 804 
229 747 894 894 
473 724 724 
1018 1018 1018 

168 487 
502 953 
401 1014 

660 
503 503 
127 402 524 524 
147 147 465 465 
532 532 
104 119 162 162 266 266 277 542 542 542 
703 780 886 
466 667 667 
901 
362 362 
655 655 827 827 
476 476 
229 229 229 494 494 714 714 714 714 1002 1002 
229 443 443 726 818 818 

413 413 930 

37 37 954 
776 776 
984 
311 660 
428 684 684 934 
101 422 434 506 506 768 954 954 954 
34 34 84 84 84 401 949 1014 1014 1014 1014 
162 162 514 1017 1017 1017 
6 
312 803 825 
588 
763 763 763 
343 366 502 502 762 762 762 
175 
229 
42 
5 236 264 264 433 526 569 983 
422 434 434 756 
780 

116 

188 188 502 674 674 720 

109 229 229 576 576 576 
20 67 229 229 229 618 618 752 752 
108 108 307 307 307 326 326 326 366 607 607 
390 805 893 893 
637 
85 123 123 174 175 175 229 229 229 356 427 483 546 695 703 703 703 740 769 840 840 886 943 

31 606 795 795 795 956 
172 192 
712 712 
288 288 
435 435 890 
232 513 684 892 892 
248 248 390 390 
530 530 
497 497 497 641 992 
204 204 258 673 870 

677 677 677 
199 
32 548 782 782 782 835 1001 1001 
182 229 229 696 936 936 936 
162 
82 82 82 82 
170 170 262 509 1017 
53 91 268 876 876 876 
360 486 547 601 601 
277 296 475 
13 24 760 825 
280 725 
390 601 601 660 778 893 954 954 
294 351 351 351 810 
832 946 
539 539 
496 496 496 
75 75 255 255 337 382 382 548 548 548 658 806 
73 268 

922 

467 888 
147 147 248 362 362 429 936 936 
523 
229 489 489 747 747 
79 79 398 598 611 611 866 
72 217 365 365 434 515 515 516 516 567 567 567 698 

32 59 
279 279 349 349 349 
416 963 963 
212 212 212 760 803 
81 150 604 604 604 853 1006 
176 176 323 744 744 
978 

229 345 987 987 
140 140 181 319 319 319 638 638 679 679 
666 666 807 960 
126 225 225 640 640 935 
234 
429 429 429 548 548 795 1001 
685 685 859 
307 661 
428 954 954 
646 
780 780 
413 675 675 906 906 906 930 930 

67 
625 945 945 945 
44 
122 
249 249 249 249 1017 1017 

653 
201 201 268 268 268 905 
579 1002 
275 400 
342 826 
174 174 174 695 
118 139 139 139 194 277 277 439 958 
154 
157 
183 277 
131 131 131 836 889 
172 
498 498 557 

85 85 123 168 168 
323 669 
683 
79 79 819 
423 577 1008 1008 
414 414 903 903 
196 229 405 949 949 949 
628 628 628 791 
323 323 706 706 
277 292 292 356 356 383 982 
132 132 
277 277 515 1007 
460 575 575 703 967 
53 53 324 324 800 800 800 
66 66 435 435 
322 322 612 612 
23 23 54 74 311 378 378 428 551 1005 
229 996 996 
473 902 
907 
678 
417 417 417 1006 1006 

229 229 575 575 653 740 780 
63 63 63 63 250 
815 
366 480 480 502 502 859 950 950 
66 438 786 
229 234 
232 232 301 684 787 787 
150 778 778 805 
726 726 

90 300 300 
228 
129 265 486 1022 1022 
107 107 
269 465 
286 661 661 742 
90 277 277 366 473 881 908 
49 162 162 189 253 277 277 277 324 324 453 550 606 868 868 

850 
229 841 841 841 
240 882 954 
331 902 

15 153 
140 140 
76 470 958 

380 380 
564 564 


73 
103 103 660 
709 
288 330 956 
21 44 238 366 436 502 502 502 545 559 559 562 596 712 712 813 978 978 
125 
226 338 388 1002 
472 
273 273 302 302 465 465 465 590 590 
21 436 
236 935 
298 462 462 619 619 954 
413 749 841 841 
569 
130 130 

116 116 116 476 476 755 
97 833 928 1002 1002 1006 
53 53 796 796 796 816 816 
37 37 402 402 428 428 557 574 684 1023 1023 
660 
147 
497 497 
277 277 963 
415 582 
175 780 
114 976 
844 844 844 
689 807 
129 268 498 557 
51 51 51 196 196 534 534 534 
34 229 461 461 757 869 869 869 1013 1013 
26 366 366 414 582 582 889 889 954 
229 689 

731 
5 14 16 30 37 40 40 43 55 74 74 80 82 107 128 146 146 147 163 192 192 198 205 209 213 213 218 273 277 284 286 305 341 341 354 370 370 389 389 391 414 422 433 434 434 449 449 452 467 486 494 494 497 497 530 547 548 582 582 587 602 640 660 660 660 678 681 683 683 684 684 699 704 704 713 751 756 756 756 805 805 838 838 907 929 950 993 993 1006 1006 1023 
491 
76 288 288 782 921 
277 277 459 476 476 
518 855 912 
262 563 
832 

1017 
366 366 372 372 416 824 824 941 

647 
259 259 292 295 295 502 502 502 
675 711 875 
21 
175 508 

25 25 478 
550 550 550 550 

96 96 714 714 
615 615 
944 
410 458 
195 223 223 472 566 828 922 922 
584 
114 
711 711 
493 616 663 687 872 
686 686 686 767 
98 98 335 753 
58 58 

218 218 218 218 281 830 830 
277 375 385 419 


267 718 
331 341 341 597 675 790 1017 1017 
954 954 
281 281 
12 12 46 46 46 123 603 603 603 
880 880 
67 
32 229 229 229 544 717 717 717 
366 399 399 412 412 412 
228 493 493 493 493 588 588 588 672 672 1013 
795 795 835 
388 431 568 648 746 746 851 924 935 935 1006 1008 
44 44 538 
123 123 193 
23 35 879 
95 95 150 178 419 459 459 487 549 560 604 667 667 714 826 884 884 935 954 954 1002 
354 354 354 354 366 415 415 582 874 
315 867 867 1002 

58 92 479 479 
254 254 
427 
229 401 949 949 1000 
732 757 757 757 757 
432 432 451 451 451 

73 73 80 80 86 86 145 170 170 170 249 262 262 412 412 514 514 514 539 758 758 758 799 847 847 962 992 992 
277 707 707 728 728 728 
258 

109 
265 366 366 366 898 898 
127 477 516 516 937 937 954 
