nodes: 1024 edges: 3243
107 107 145 194 194 194 310 458 
9 9 648 664 1002 1002 
182 387 387 387 387 832 
452 452 452 
212 353 353 353 
61 61 64 167 185 250 263 263 328 331 331 341 342 342 384 384 625 625 767 954 954 992 
281 520 520 520 759 759 994 994 
61 61 236 328 328 661 
229 229 231 300 300 366 366 553 
1 1 648 
175 175 667 667 943 943 943 
160 160 160 390 
77 77 77 82 103 995 995 995 995 
390 803 803 
954 954 
147 147 147 162 162 162 
954 954 
53 82 601 804 
305 725 
82 82 82 336 537 537 537 651 651 651 651 
229 776 776 925 
545 545 545 545 922 922 927 
277 444 444 444 539 539 539 
74 82 82 82 82 154 154 154 154 225 225 225 479 617 617 617 879 879 879 1005 1005 
803 803 803 
478 478 478 971 971 
422 
886 
111 111 111 463 590 590 926 926 926 

224 224 224 417 636 884 884 884 954 954 
351 351 782 
229 998 
77 77 
461 461 757 757 757 757 949 949 
74 482 482 482 482 482 1005 
166 635 635 
536 751 937 954 

492 
497 954 954 
147 147 155 684 
277 766 766 941 
497 497 954 954 977 977 977 977 977 
481 481 481 538 559 845 845 845 1003 
366 366 366 366 399 
176 660 995 995 995 
122 122 122 189 635 
179 179 179 179 179 828 
198 198 606 606 606 
277 277 277 473 522 522 522 555 555 
129 129 129 129 250 250 948 948 948 948 
452 530 530 
17 336 502 502 502 532 532 876 876 876 936 
179 179 179 179 308 
391 391 954 
220 595 595 595 595 651 
69 69 69 79 344 344 472 
1010 
324 324 665 665 665 903 
366 366 399 399 977 
5 5 7 7 657 657 657 657 710 
68 380 380 380 502 502 502 502 529 529 529 529 556 750 
112 112 112 112 154 252 252 348 348 348 348 376 887 887 
5 229 229 697 697 697 
272 272 274 274 357 442 
435 786 786 877 877 877 890 
229 229 843 843 997 997 
62 658 658 658 
57 57 57 472 
589 
151 202 448 448 448 687 687 687 687 
567 800 820 820 820 820 
79 79 79 497 497 497 497 540 540 540 614 614 644 811 811 817 1017 1017 1017 1017 1017 
23 35 564 564 564 599 599 646 646 646 646 717 717 879 954 954 954 
552 
194 194 559 712 712 712 
12 12 12 33 33 
366 722 722 722 
57 73 73 73 111 111 184 184 184 229 229 229 241 241 241 299 299 299 344 611 611 
536 536 536 548 548 954 954 1017 1017 1017 1017 
604 826 
12 17 19 19 19 23 23 23 23 147 147 147 155 172 197 197 209 209 267 343 343 353 355 355 500 500 513 513 537 537 593 699 728 798 798 798 954 
714 
405 419 430 430 757 757 757 
123 123 123 318 462 502 546 575 780 863 863 
792 1017 1017 
674 
164 567 

453 790 790 790 896 902 902 902 
559 
1010 
277 954 
277 277 473 902 902 902 902 
1006 1006 
974 974 

717 717 739 984 984 984 984 
344 344 500 500 
318 689 963 
488 693 693 693 693 756 756 
480 645 
12 919 919 938 
739 739 
660 986 
392 392 
0 0 171 310 310 376 454 633 633 661 711 711 837 954 
366 409 607 607 904 904 
229 775 775 1021 
164 164 164 656 1005 1005 
28 28 28 79 79 420 590 590 590 590 590 
63 63 63 63 
162 
232 232 232 363 363 366 366 366 399 399 399 580 580 580 934 944 944 944 944 980 
229 229 632 654 654 985 985 985 
238 238 238 244 258 309 309 309 771 814 934 
138 138 
459 459 855 855 
162 162 162 739 739 
366 
390 390 397 397 569 596 596 596 596 
47 47 47 846 846 
85 85 85 168 168 229 229 435 435 435 492 492 492 525 780 995 995 
193 367 367 654 699 699 699 
210 567 567 887 923 
594 594 594 640 640 648 648 648 
736 1023 1023 1023 1023 
954 
51 51 51 51 265 265 265 265 428 428 486 486 486 557 557 557 898 
403 932 
407 859 859 
544 873 
497 497 
367 367 
199 199 199 571 
252 252 252 856 
557 557 557 937 937 
117 117 421 421 421 1006 1009 1009 
277 541 778 855 855 855 855 
181 831 831 831 911 
180 180 660 734 734 
298 298 298 470 470 470 470 

151 151 151 187 187 422 422 
0 
417 417 417 591 591 954 954 954 
15 15 15 41 41 82 82 82 171 235 235 262 497 501 501 699 699 737 737 816 816 816 939 954 
208 
650 650 650 650 981 981 
826 893 1006 1006 
71 144 144 144 202 407 407 
157 276 276 756 
323 323 357 357 357 603 789 
23 23 23 23 63 252 252 359 360 617 856 
41 82 
263 263 263 263 263 640 989 989 
152 205 205 954 
277 277 375 
582 582 616 954 954 
11 11 11 
541 541 
15 15 15 113 119 119 119 182 182 182 182 229 229 277 277 289 289 289 439 439 439 472 472 472 514 514 572 572 572 715 715 715 739 739 739 758 903 925 
192 954 954 
88 110 110 110 165 1005 
164 
36 256 284 635 635 
5 191 191 328 580 580 580 
123 123 317 435 435 525 525 525 730 730 730 863 863 
183 183 
799 799 799 1017 
107 147 210 588 954 954 
82 267 576 860 915 915 
339 
585 702 702 702 724 780 854 
10 10 347 430 430 430 764 764 769 769 780 780 807 807 807 832 832 943 943 969 
46 511 511 660 660 684 684 684 684 754 827 827 
486 
273 273 587 587 728 798 798 798 954 954 1006 
48 48 48 48 48 54 54 54 54 
141 141 522 522 
140 831 831 831 911 911 
2 162 162 162 162 229 229 387 387 387 796 
169 169 858 858 
79 79 79 195 195 195 420 
5 
311 516 516 516 704 954 954 954 
144 144 434 756 756 
773 773 773 
47 277 867 867 867 867 867 903 
234 
167 167 328 328 331 531 776 
163 391 391 783 954 
124 311 311 311 954 1004 1004 1004 1004 
0 0 0 76 76 277 855 
184 184 184 223 978 
218 218 222 222 229 229 373 571 581 581 581 581 869 869 869 948 948 948 954 
82 82 355 355 668 668 668 668 
49 49 954 954 
135 135 135 203 
499 530 530 530 
418 567 567 567 673 684 684 684 850 
71 151 407 
199 
303 303 303 303 321 321 321 791 791 791 791 
157 157 279 954 
277 277 
247 247 596 
148 327 361 714 714 714 714 717 
82 82 785 785 785 954 954 
125 171 723 
284 284 317 317 
4 282 470 
314 374 491 865 865 954 954 
611 611 
723 723 723 723 
329 
365 429 429 429 429 434 434 434 610 610 610 820 820 
196 196 581 581 954 987 987 987 
495 621 621 621 887 887 887 
56 437 437 651 651 
229 377 377 377 
196 196 787 787 
195 978 978 978 978 
30 30 30 1001 
23 23 23 491 491 491 833 833 833 833 833 
388 924 
608 632 632 963 
1000 
8 8 20 32 64 64 67 67 79 79 79 109 115 115 123 123 162 162 182 182 196 196 221 230 241 241 250 250 250 269 277 281 292 292 320 323 323 323 358 366 368 368 377 387 387 405 405 405 407 407 407 424 424 424 424 427 442 442 446 446 476 476 476 485 544 600 600 600 603 603 603 630 632 632 655 681 691 691 706 719 719 726 746 746 746 747 747 747 752 752 752 765 765 766 775 776 776 776 776 780 780 796 818 818 830 830 864 869 869 880 880 885 885 891 906 906 906 989 998 998 998 998 1013 1013 
229 234 719 
8 
114 114 114 787 787 787 892 892 
632 
190 230 631 834 891 891 
147 147 
7 928 928 928 928 
966 966 
116 116 116 309 660 660 814 814 814 922 922 
398 950 950 
305 907 907 
79 79 79 229 229 
509 794 794 
583 665 665 665 874 874 874 
116 302 617 

536 
207 207 647 
362 397 397 708 816 
416 688 688 847 847 1017 1017 1017 
5 51 51 229 229 229 621 887 954 954 954 
343 343 343 353 353 353 353 518 
63 63 136 136 136 154 154 270 270 376 539 539 539 856 
366 366 393 
677 677 677 1011 1011 
810 810 810 
166 
311 311 311 545 781 
116 791 897 897 1019 1019 
502 532 966 

335 366 366 422 663 
147 324 363 363 366 366 409 412 412 440 440 493 493 563 563 624 660 799 799 959 1017 1017 
5 5 156 156 156 156 156 384 531 625 625 625 
518 526 526 526 577 767 767 767 954 
129 129 129 129 1022 1022 
277 739 739 949 
82 172 991 991 991 
566 566 566 566 576 811 850 947 
229 277 871 900 900 
252 252 376 376 403 
407 407 671 671 671 671 671 
65 65 274 274 274 347 347 407 
178 178 302 302 488 488 488 542 926 954 
65 65 272 272 272 407 407 407 779 
419 666 773 773 852 
152 152 470 470 479 479 479 
22 42 50 50 50 93 94 94 139 158 158 162 162 189 194 206 206 229 266 269 296 298 324 324 339 346 346 411 411 419 449 453 453 459 459 485 529 529 533 533 541 541 541 570 570 570 603 603 603 621 666 697 707 707 707 771 802 855 858 872 874 900 900 902 902 902 902 903 903 941 941 954 954 957 957 988 988 988 1018 1018 1018 

205 386 386 823 823 
725 725 804 1022 
6 229 759 759 994 994 
212 468 468 468 468 876 876 876 
429 429 954 954 
166 211 211 800 954 
407 407 407 
547 547 901 901 954 
673 673 673 
785 785 785 921 921 921 956 956 956 
162 162 162 665 
314 314 479 491 
317 366 366 366 806 806 806 
229 229 872 954 954 
362 362 722 722 722 

966 966 
277 475 475 920 920 920 
545 545 562 
142 142 142 277 619 619 719 929 929 
79 79 79 420 420 449 
8 8 366 366 554 554 554 554 554 896 896 896 
684 728 728 728 892 892 892 
244 273 273 926 926 926 
204 204 204 204 

18 240 907 907 954 954 
385 385 419 683 
326 777 
54 519 551 551 551 879 964 
116 116 116 238 372 372 372 372 
0 107 107 317 367 367 454 454 456 456 456 456 954 
186 193 193 193 257 257 257 352 352 352 565 565 565 754 879 
803 803 

213 290 290 491 
812 812 1008 1008 1008 
379 379 617 617 
168 211 211 291 310 
85 100 414 414 954 954 954 
831 831 831 
229 
204 204 204 
641 641 641 641 660 660 878 
153 153 229 229 229 357 603 650 650 650 655 655 744 827 827 864 871 871 871 871 
59 59 262 277 277 346 569 569 876 876 876 876 876 903 
343 343 343 355 355 
307 333 333 652 777 777 
208 714 746 1006 
5 7 7 167 191 191 531 580 686 
216 590 590 590 590 796 796 

5 5 191 908 908 908 908 992 992 992 
366 366 366 366 
326 326 622 622 622 
523 523 
261 366 502 720 720 720 720 
19 53 659 659 800 936 936 
351 592 810 810 
924 924 
173 277 551 
418 
5 597 954 954 954 
5 5 396 853 853 
82 82 251 251 251 325 325 325 
57 57 79 99 99 
918 
277 277 324 348 348 348 452 
175 272 272 832 832 
63 63 63 63 346 346 346 
823 823 
428 428 755 
31 31 337 457 469 806 806 806 806 806 810 810 983 983 983 983 983 
311 311 311 813 813 813 813 
4 4 4 82 251 251 251 251 
954 993 993 993 1007 1007 
82 82 197 197 325 325 643 
780 780 780 872 872 872 872 872 
65 153 153 153 323 650 780 
229 603 
154 502 502 
154 502 541 541 541 
208 
248 293 293 502 502 615 743 816 984 
114 114 262 262 366 641 641 
586 586 586 
217 820 820 820 
8 8 45 45 45 45 60 60 78 108 114 114 114 120 229 253 253 261 261 262 262 291 291 291 300 300 332 332 332 332 335 363 372 399 399 399 407 450 470 470 476 476 502 502 510 607 607 616 616 660 660 663 663 663 663 668 668 673 719 745 745 763 763 777 790 790 790 902 922 922 950 954 954 954 980 981 999 999 1007 1007 1007 1017 1017 1017 1022 
124 124 134 134 310 310 954 954 
229 229 

737 882 954 954 954 954 
490 490 490 490 
309 309 309 309 366 452 523 745 817 817 963 
196 681 
213 954 
158 385 385 613 613 988 988 
63 107 252 270 270 403 403 403 
221 221 221 229 446 
618 618 618 819 819 819 819 879 
316 316 944 
62 62 62 428 428 914 914 914 914 
385 988 
626 626 810 
533 533 533 533 1016 
5 5 263 677 767 
306 306 375 375 381 988 
279 279 
2 2 2 2 182 182 182 229 229 
226 426 568 634 634 924 1002 
954 997 
11 13 121 121 400 663 778 788 788 805 
55 55 192 192 954 
106 106 439 527 527 
253 466 466 564 564 
451 451 
805 805 805 878 
342 767 857 857 
121 121 248 248 484 788 
239 775 819 819 819 819 
45 60 60 114 114 114 366 366 366 599 599 627 650 650 999 999 
390 852 852 
645 645 732 732 757 949 949 949 1013 1013 1013 1014 
736 736 736 937 937 937 937 1023 
130 270 376 376 376 954 954 
603 
84 229 229 229 565 565 869 
527 964 
131 151 151 202 229 229 229 271 271 272 274 274 274 285 285 285 366 422 422 427 427 561 583 584 
460 
108 262 
919 919 919 
277 277 473 473 570 903 903 990 
262 262 999 999 999 1017 1017 
513 513 586 749 841 841 841 
318 318 530 682 682 868 868 868 950 950 954 
504 942 
249 496 824 824 
30 146 146 146 884 
201 340 
84 275 277 306 666 666 707 988 
111 184 299 299 573 
138 138 138 
26 144 144 261 407 407 434 510 561 561 561 579 579 579 584 584 756 756 756 768 768 768 

229 229 229 229 
434 573 
388 634 634 634 
229 407 407 474 483 483 583 583 583 625 625 625 671 671 695 695 780 780 854 854 975 1012 1012 
129 129 350 350 380 380 463 463 486 498 498 684 709 709 755 755 755 861 879 937 937 947 
217 217 217 217 283 283 816 835 
84 84 175 175 175 764 
1002 
1015 1015 1015 1015 
767 767 853 853 853 954 
187 217 217 217 422 425 479 479 515 515 516 640 640 756 768 954 
66 123 123 123 168 168 525 525 525 525 786 786 877 995 995 995 
922 927 927 955 955 955 955 955 
220 220 545 545 1004 1004 
733 
162 162 162 392 758 855 
262 262 609 660 660 
515 515 515 963 
65 229 229 
726 747 747 747 
22 22 22 
464 464 895 
229 229 377 
463 463 
71 71 71 
277 299 954 954 
366 
394 394 637 637 637 1015 
3 3 3 52 346 372 530 954 954 954 
90 277 277 550 550 903 903 918 
107 310 310 
486 
310 310 310 310 
351 535 535 
0 777 977 
118 118 277 277 957 1006 1006 1006 1006 
408 875 
34 34 949 
85 546 546 929 929 
28 428 428 447 447 649 649 709 
445 445 
737 737 737 900 900 900 900 926 926 926 926 954 954 954 
393 393 741 
639 639 815 815 954 
282 282 282 282 802 802 
351 810 
142 142 142 142 212 276 276 366 366 566 624 959 
585 780 780 
57 69 162 162 162 566 566 572 735 735 925 925 978 978 978 978 
50 94 411 411 
427 483 
296 296 720 802 802 
229 229 229 366 366 620 745 934 934 934 934 957 957 957 957 
1023 
25 25 25 971 
23 276 276 276 290 434 434 518 518 712 954 
102 889 
44 44 44 559 712 784 
35 35 35 35 35 712 958 
427 427 474 671 780 780 
397 889 889 889 950 
229 277 
129 129 129 177 428 455 801 801 898 954 
532 540 540 707 707 714 714 714 730 741 741 862 1006 1006 
101 273 273 273 693 756 
726 818 818 
371 371 371 371 715 797 
213 225 225 225 290 314 954 954 
39 123 123 123 
262 262 764 982 982 1000 1000 
746 746 954 954 954 954 954 
219 568 
416 809 809 809 809 
40 43 43 73 73 73 73 133 133 147 790 790 790 940 954 954 954 954 
428 428 861 861 
200 789 789 
82 82 99 99 
147 147 
53 53 53 62 62 62 62 85 259 335 359 359 360 362 362 366 366 528 528 528 532 556 556 607 607 659 659 674 720 731 762 763 763 889 889 889 889 922 922 966 984 984 
735 735 735 735 
415 636 
648 648 
756 756 
508 656 656 662 
507 662 969 969 969 
242 
366 422 
176 176 660 660 

82 82 413 413 787 
162 162 637 758 758 1017 1017 1017 1017 
434 434 441 441 441 820 820 874 874 874 961 
186 186 186 434 820 820 820 820 1023 1023 

251 264 479 479 954 954 958 
308 
6 6 6 680 680 680 759 759 

50 50 50 180 180 555 
334 334 372 817 817 
736 
123 168 168 168 435 435 435 435 
264 264 264 767 767 767 954 
392 392 406 927 927 927 
502 502 502 859 859 
62 62 62 62 277 277 954 954 954 
52 52 200 200 200 414 452 789 954 954 954 
191 263 328 
53 53 259 487 502 692 692 738 
277 277 383 383 383 383 
948 
457 457 
37 80 80 80 246 
19 19 19 82 82 
44 622 632 632 632 1003 
22 22 22 252 252 252 808 808 808 863 1017 
73 73 73 487 487 
139 161 161 277 277 277 360 360 360 
273 739 739 739 739 739 926 926 
855 
132 229 614 614 614 998 998 
21 21 21 21 257 297 297 437 437 562 596 922 978 
85 462 462 780 
286 286 937 954 
80 80 782 795 795 810 810 835 835 954 
600 1006 1006 1006 1006 
453 453 903 972 972 
308 308 308 339 964 
75 956 956 
8 586 
300 300 300 300 300 
50 50 522 
62 502 502 
129 129 129 137 137 137 684 684 684 861 861 937 947 947 947 

44 76 91 481 712 758 758 784 922 
676 676 1006 
407 422 422 422 584 901 
297 545 922 
262 262 959 959 
74 74 74 393 393 915 915 
311 311 311 405 405 
268 268 268 268 470 472 472 978 
72 88 125 125 201 201 201 571 571 571 820 820 820 
388 495 1002 1002 1002 
121 324 324 767 767 931 931 
277 277 277 411 
135 196 567 567 567 
162 162 162 472 721 898 
420 425 
684 
85 875 875 886 
172 268 775 775 775 
264 867 

422 422 422 851 851 
114 114 114 167 167 167 328 722 722 722 722 
196 196 196 196 218 218 
159 159 587 587 743 942 950 950 954 954 954 1007 1007 1007 
243 407 427 427 427 671 
407 422 422 561 667 979 
174 471 702 
364 364 364 413 553 689 689 689 
178 178 582 582 710 954 
171 607 607 607 761 761 1000 1000 1000 
70 954 954 
28 28 111 111 111 111 111 329 329 329 329 715 715 926 
146 146 
337 
82 699 699 
126 126 126 640 
56 56 56 56 
121 121 121 121 207 545 922 922 
341 917 917 992 
819 819 866 
74 74 399 399 
229 229 229 549 
17 710 801 801 801 801 805 
751 954 
153 229 229 229 277 277 277 323 358 404 995 995 995 
81 826 1006 1009 1009 1009 1009 
681 826 826 
49 49 49 903 903 
108 108 366 366 502 502 588 588 588 777 777 902 902 902 
227 1020 
440 660 660 660 707 707 707 707 707 
217 217 217 820 820 
79 79 214 214 880 880 
660 660 733 733 798 
375 375 933 
73 73 544 544 544 701 
362 975 975 
159 366 366 982 982 
23 23 23 154 244 316 316 
378 378 378 776 776 776 
298 298 929 929 929 929 
476 
219 219 219 250 277 
333 333 333 538 632 951 951 
734 734 849 
262 470 
5 5 263 263 263 427 427 427 707 707 707 707 767 767 844 
382 382 810 810 810 
399 750 750 955 955 955 981 
870 1023 
695 
229 690 690 
234 
115 227 227 229 229 233 538 538 538 622 
107 107 902 
388 388 426 426 426 
36 36 47 166 166 
30 504 
451 451 451 514 779 
831 831 
467 467 
126 126 156 434 434 594 833 833 833 954 954 
322 322 322 322 363 363 681 681 790 790 790 790 
720 
355 
73 
102 401 401 907 907 907 907 
74 74 74 74 717 717 839 
247 965 965 
1 9 126 126 126 505 505 1002 1002 
463 463 
149 149 149 149 323 323 323 357 399 399 
19 19 19 19 56 220 220 694 791 791 791 
326 
849 849 849 849 886 
115 115 124 985 
229 323 323 744 
110 507 507 
61 61 61 61 954 954 
68 68 68 810 
336 336 502 502 763 763 
46 105 141 176 176 238 238 262 322 322 366 366 440 440 511 511 609 609 609 612 612 675 678 734 754 754 805 805 883 913 913 913 922 922 922 954 954 
7 107 837 837 901 901 
507 508 
261 366 366 366 366 390 687 687 687 982 982 982 
1 
59 59 59 243 243 243 289 989 989 
275 277 419 419 832 832 832 
10 10 584 741 741 741 1006 
197 197 197 197 366 366 
864 864 
880 880 
271 271 271 271 271 427 427 483 583 
1000 
201 287 287 287 366 791 791 
87 502 773 773 773 773 773 
660 841 841 841 906 906 992 992 
560 560 1006 1006 
254 254 254 384 793 793 
660 883 883 883 954 
831 831 831 
520 520 520 
229 373 605 641 641 722 722 722 954 
414 414 801 
306 865 865 954 954 
41 176 176 176 176 201 201 201 301 428 557 557 557 574 755 755 755 787 787 787 892 937 954 
836 836 836 836 836 
328 983 
71 71 71 71 663 663 663 982 982 982 
249 249 1017 1017 
100 586 586 586 946 946 946 951 
630 630 
229 229 
532 532 
101 101 101 101 488 
651 791 791 
427 427 629 780 854 854 854 854 
796 796 
64 64 64 277 802 802 

82 124 124 124 147 147 593 593 939 939 
950 950 
614 828 
174 174 174 585 
780 780 780 780 
186 954 954 954 

229 
277 277 277 419 487 487 609 609 609 609 609 625 625 625 625 1018 
248 827 
428 428 463 920 920 
61 587 601 
107 107 967 967 967 981 981 981 981 
76 76 76 479 481 482 559 784 845 845 922 922 
954 954 
83 208 208 208 208 327 487 487 487 746 746 746 746 900 1006 1006 
162 162 162 490 590 590 
1004 
74 74 98 98 208 646 646 998 998 
991 991 
229 229 230 298 366 
335 335 335 335 475 502 642 
572 838 
78 78 78 293 293 293 580 580 580 580 681 681 681 
210 215 215 215 215 861 
174 727 727 727 812 812 812 
18 280 280 804 804 954 954 
229 443 489 747 747 894 
724 724 724 902 902 
82 178 301 301 301 1018 1018 
922 
168 168 168 487 
502 953 953 953 953 
401 401 1013 1013 1013 1014 1014 
438 612 612 
141 141 623 623 660 
472 472 503 503 503 503 
127 402 402 402 524 954 954 954 
147 147 370 465 465 465 
532 966 966 
98 104 104 119 119 162 162 162 266 266 542 542 542 542 542 957 
780 780 886 
466 487 487 667 667 667 1006 1006 
901 901 901 901 907 
362 582 
323 655 827 827 
366 366 372 476 
229 229 229 327 494 494 714 714 714 714 847 1002 1002 1002 1002 1002 
229 229 229 443 443 443 726 726 818 818 818 894 

413 
62 627 627 
37 602 833 954 954 954 954 
229 229 229 

176 311 660 660 
350 428 428 428 684 684 684 934 934 
101 101 152 187 187 422 422 422 434 488 506 506 768 954 
34 34 34 34 84 84 84 401 837 949 949 
162 439 514 514 559 559 892 1017 1017 
6 6 281 281 520 520 
803 803 803 803 803 825 825 825 
588 588 
502 763 
366 366 502 502 659 659 762 
175 175 430 493 943 
229 229 
42 42 229 
5 264 264 264 384 396 433 433 526 526 526 569 569 625 625 844 954 983 
422 422 422 434 756 
175 175 780 

116 277 
954 954 
188 188 188 275 275 674 674 674 674 674 

109 109 229 398 576 576 576 
20 20 191 229 229 229 229 618 618 618 
307 326 326 366 458 607 607 
139 390 805 805 893 893 
274 637 
85 123 174 175 175 229 229 356 356 356 357 427 427 471 471 483 483 546 695 703 703 703 703 740 740 769 840 840 875 875 886 886 943 943 969 969 
257 
31 548 956 
192 
481 559 712 
209 209 209 288 288 288 
66 66 435 435 890 890 
222 222 232 232 232 513 684 684 684 954 
390 390 397 
153 499 499 530 
90 90 90 366 366 366 497 497 497 641 641 641 641 795 992 
204 204 204 204 258 651 651 651 673 673 694 694 870 870 870 870 
86 1001 
677 677 
242 242 
548 548 790 835 835 835 1001 
182 229 329 329 696 696 936 936 936 936 
490 
82 82 82 178 178 178 612 
170 170 170 262 262 1017 1017 
72 284 336 876 876 876 876 
486 486 601 601 601 601 682 954 954 
277 468 468 475 475 697 697 
13 13 24 24 24 312 312 760 760 760 760 760 825 825 
17 280 725 725 
390 395 395 395 601 660 660 778 778 878 893 945 954 954 
291 291 291 351 351 351 351 351 810 810 810 
175 175 175 832 832 
539 539 539 
496 496 496 496 
255 255 255 337 337 351 351 382 469 548 548 626 626 626 658 806 806 806 
73 73 268 
315 315 724 724 724 
352 352 352 352 922 
116 238 238 238 
467 467 954 
147 147 147 248 362 429 936 936 936 
73 372 372 523 523 
229 229 489 489 747 747 747 942 
378 378 378 378 398 398 398 398 598 598 866 
72 72 72 72 217 217 365 365 365 515 515 516 516 516 516 567 567 567 610 610 916 916 
850 966 966 

279 279 349 349 
416 416 963 
760 760 760 803 803 
81 150 604 605 605 853 853 
176 176 323 323 708 744 744 
48 701 922 978 978 
954 954 
229 229 987 987 987 
140 140 140 181 181 181 319 319 319 638 638 679 679 679 911 911 
2 175 175 347 347 666 666 666 807 807 
225 225 225 225 225 640 640 640 751 
234 
429 548 548 795 795 795 
685 685 685 685 685 859 859 
107 661 661 757 
721 954 954 954 1020 1020 
646 
780 780 
413 413 413 675 675 675 906 906 930 954 954 
954 954 954 
67 67 861 
625 767 945 945 
44 44 44 712 712 
122 122 
249 249 746 1017 
1013 
623 653 653 653 653 
201 268 821 905 905 
579 579 1002 
275 400 400 
342 342 433 433 433 826 826 
174 427 427 695 695 695 695 
118 118 139 139 139 139 194 277 439 543 958 958 
136 154 252 
396 396 
183 183 277 903 903 903 
131 131 528 528 836 836 889 
172 
428 498 498 557 557 723 843 
487 
85 85 168 168 539 
229 323 669 669 
213 213 683 683 
598 819 
189 189 189 189 189 577 935 935 1008 1008 
414 414 414 903 903 
196 196 196 229 229 405 949 
628 791 791 791 791 1019 
269 323 323 323 323 
277 292 356 356 356 356 356 982 982 982 982 
132 
243 243 243 277 515 515 515 900 900 1007 
460 575 575 780 780 
53 53 53 282 282 282 324 324 324 324 324 800 800 800 800 
66 66 66 435 
322 395 805 
23 23 23 74 308 311 378 428 1005 1005 
229 229 611 611 670 670 996 

370 907 954 
660 678 678 678 
30 30 30 417 1006 1006 1006 
229 229 
27 575 653 740 780 780 
63 63 125 219 219 219 250 

480 484 484 484 502 502 502 502 859 950 950 950 
66 786 786 934 
229 234 234 
232 232 301 301 301 684 758 
150 778 778 805 
726 747 
445 
90 300 300 300 
258 258 
129 486 572 1022 1022 1022 1022 

269 269 277 277 465 465 465 465 714 874 874 
286 286 561 661 661 742 742 742 742 
90 90 90 94 94 94 94 277 277 277 277 366 607 607 607 633 727 727 908 908 908 
59 162 189 277 277 324 411 411 453 453 550 606 606 858 858 858 868 868 
108 108 
850 850 
229 229 229 675 675 841 841 
240 240 305 305 645 645 645 645 742 882 954 
331 331 331 331 902 902 902 


140 181 181 831 831 
958 958 958 
660 660 660 936 
380 380 380 380 
172 172 564 564 
820 820 
597 597 
345 453 
103 103 410 410 410 
296 296 296 709 709 
288 288 288 956 956 956 
21 21 238 238 366 366 436 502 502 545 559 562 596 596 660 660 660 712 712 729 813 828 968 968 968 978 
125 
226 338 338 388 1002 1002 
20 162 472 472 
28 28 28 273 302 302 302 465 465 465 465 542 542 590 
21 436 436 527 527 527 
236 236 236 236 935 
298 298 462 462 619 619 619 619 954 954 
841 
569 569 
130 
613 963 963 963 
114 116 476 476 476 476 755 755 890 
867 867 928 1002 1002 1006 1008 
53 336 336 796 796 796 796 816 816 816 913 
37 137 137 402 402 402 402 428 428 547 557 684 
103 
147 699 699 
497 
42 277 277 963 963 
415 582 818 
10 10 10 175 175 764 780 780 
114 114 114 114 379 976 
805 844 844 
689 689 689 
268 428 557 557 557 
51 51 51 51 196 196 196 534 
34 34 266 401 401 401 461 757 757 869 1013 
239 239 366 414 414 484 582 582 700 700 889 889 889 954 954 
622 622 689 
954 954 
731 731 731 731 
5 5 14 14 16 16 30 30 37 40 40 43 43 55 74 74 74 80 80 82 93 107 128 146 146 146 147 157 159 159 163 163 171 171 178 178 186 186 186 192 193 196 198 198 205 209 209 213 213 218 250 250 250 264 273 277 277 283 283 284 286 292 292 305 305 310 318 318 318 341 341 341 354 366 366 366 367 367 370 370 370 370 374 389 391 403 403 414 433 434 449 449 452 452 452 465 465 465 467 479 486 491 491 494 494 494 494 494 497 497 497 497 518 518 526 529 529 529 530 530 530 547 548 582 582 582 587 589 589 602 640 640 657 657 660 660 678 681 683 683 684 704 704 704 713 713 725 725 736 736 736 751 751 751 751 756 767 772 772 787 801 801 805 805 815 829 829 838 838 838 841 841 842 842 842 882 907 929 929 950 950 952 952 963 993 993 993 993 993 1002 1002 1006 1006 1007 1023 1023 1023 
436 436 436 436 436 627 627 627 
288 288 288 552 552 782 921 921 921 
277 277 459 476 476 476 476 739 
482 518 855 855 912 912 912 
262 470 563 563 

515 
1017 1017 
100 227 372 441 824 933 933 933 941 941 954 
308 406 551 
647 647 
237 237 259 295 295 502 738 738 821 821 
711 711 711 
922 922 922 
175 508 508 508 780 780 

25 25 478 
550 550 

96 96 
427 615 615 1012 
944 980 
43 43 43 43 43 60 458 
195 223 223 223 223 472 472 472 472 545 566 828 828 922 
584 
114 366 976 
149 149 366 627 711 711 711 711 
493 493 616 616 663 663 663 687 687 687 872 872 872 872 
351 351 351 351 351 686 767 
98 98 98 98 362 502 502 
115 115 115 654 
105 
218 218 218 830 830 830 
277 277 277 375 375 381 385 419 
156 156 229 665 665 
411 
267 267 267 718 718 
5 331 331 331 597 675 675 790 1017 1017 1017 
354 354 354 954 954 954 954 954 
6 6 281 281 
12 12 12 12 46 46 46 123 123 435 435 435 603 603 603 
880 
67 67 389 
32 229 229 229 229 544 544 717 717 
366 366 399 399 412 412 412 
228 493 493 588 588 588 672 
224 792 795 
1 1 388 431 568 568 568 648 648 746 746 746 746 746 851 924 924 935 935 954 954 1006 1006 1008 1008 
44 538 
193 193 193 193 437 437 716 
23 23 35 110 110 164 879 879 
95 95 138 150 150 178 327 459 459 459 459 487 487 549 549 549 549 560 604 667 676 676 714 714 741 741 884 884 884 935 954 954 1002 1002 1008 1009 1009 
354 354 366 366 366 582 582 582 874 954 
315 315 315 867 867 935 1002 1002 1006 
138 138 604 604 604 604 1006 1006 
58 92 
254 254 
427 427 975 
229 229 401 401 401 732 732 732 848 949 
401 732 732 
432 432 432 432 451 
383 
73 73 73 73 73 80 80 80 80 86 86 170 249 249 249 262 262 366 366 366 412 412 514 514 514 514 539 688 688 758 758 799 799 847 962 962 992 992 992 
277 277 277 707 728 728 
258 258 870 
608 838 838 
109 
265 265 280 366 898 898 898 898 
127 127 127 127 402 477 516 516 628 954 954 954 
