nodes: 1024 edges: 3239
107 107 194 194 194 194 310 310 310 458 
9 118 118 118 568 648 1002 1002 
182 387 387 832 832 832 832 
452 
172 212 353 353 353 
61 61 64 167 250 250 263 328 328 331 341 341 342 384 384 384 569 569 625 625 710 767 954 954 992 992 
281 520 520 994 994 
61 61 61 328 661 661 661 661 661 
366 366 553 
1 
175 175 667 667 676 943 943 
74 160 160 160 390 
77 77 77 77 77 82 82 995 995 
390 803 803 825 
892 954 954 
147 162 162 162 235 910 
954 954 
53 601 645 645 645 645 
725 
537 537 651 651 804 
776 925 
968 
277 444 539 539 539 539 648 
74 82 82 82 82 82 154 154 308 617 617 879 879 879 1005 1005 1005 
31 803 803 
304 478 971 971 
422 422 422 422 
886 886 
111 111 111 111 326 326 447 463 590 926 926 926 926 926 
853 
224 224 417 636 884 884 954 954 954 
24 80 782 
229 229 603 795 822 998 998 998 
77 77 
461 461 757 949 949 
482 482 1005 
166 229 635 
452 536 602 751 751 937 954 954 
323 
492 
497 497 
147 147 147 147 147 155 684 
766 766 941 
497 954 954 954 977 977 
481 481 481 538 845 922 1003 
366 366 366 366 
176 176 660 
122 122 189 
179 179 179 
198 198 606 606 903 
277 522 555 555 
129 129 129 250 250 948 948 948 
110 530 530 
17 502 502 532 532 800 876 936 
179 179 308 763 879 
391 391 954 
220 220 595 595 651 
69 69 79 79 79 99 344 344 472 
544 985 985 1010 
324 324 665 915 915 915 915 
366 366 366 399 399 977 977 977 977 
5 5 7 7 7 657 657 657 710 710 710 
380 502 502 502 529 529 556 556 556 
112 112 154 252 252 348 348 348 887 887 
5 229 229 697 697 697 697 
272 272 274 274 357 
435 435 786 786 877 877 890 
843 843 997 997 997 997 
337 337 337 337 382 658 658 
57 57 472 472 

151 151 448 687 687 
277 423 567 567 800 820 820 820 
79 79 79 497 497 497 540 540 540 614 644 817 817 918 1017 1017 1017 
11 23 564 564 599 599 646 646 646 717 717 879 879 954 
148 552 810 
194 194 194 712 712 712 912 956 
12 12 12 12 12 33 33 
366 366 722 722 
57 57 57 73 73 73 111 184 184 229 229 229 241 241 241 299 299 299 344 611 611 819 866 
31 536 536 548 548 548 548 1017 1017 
604 826 
12 12 23 23 23 23 23 147 147 147 155 155 197 197 209 209 267 343 353 353 355 500 513 513 593 699 728 798 954 954 
714 714 714 714 714 
277 277 405 419 419 430 430 757 
123 318 462 462 462 502 546 575 780 780 780 863 
792 1017 1017 
674 986 
567 
483 
453 790 790 790 790 902 902 
559 800 
1010 1010 
277 277 954 
277 277 473 902 902 902 
1006 

236 935 
717 717 717 717 891 984 984 984 
57 344 344 500 500 500 
318 318 963 963 963 
488 488 693 693 693 693 756 756 
645 645 645 645 645 
315 919 919 938 
162 162 739 
986 986 
392 392 392 
0 0 171 310 454 633 711 837 837 899 954 
409 409 607 904 904 
229 229 775 775 775 1021 1021 1021 
52 164 164 164 164 1005 1005 
28 28 28 28 79 420 420 590 590 590 
63 63 
162 277 277 277 277 
232 232 363 363 363 399 399 580 580 980 980 
229 632 632 654 654 985 985 985 
238 238 238 238 244 244 244 244 258 258 258 309 309 309 309 771 771 771 934 934 934 934 
138 
1 1 1 459 459 664 664 664 664 855 
162 739 739 

277 390 390 390 390 397 397 569 596 596 
47 47 846 
85 168 492 492 492 492 525 780 780 780 863 995 995 995 1004 
367 367 654 654 699 699 699 
567 567 567 567 567 923 923 
594 648 833 833 
736 736 1023 1023 1023 1023 1023 
954 954 
51 51 51 265 265 428 486 486 486 557 557 898 
932 932 932 
151 407 407 407 
434 873 873 
497 774 
367 367 367 
199 199 571 571 
180 252 252 
557 557 557 937 
117 242 242 242 421 421 421 1009 1009 
277 541 541 778 778 778 778 855 855 855 
181 181 831 831 911 911 
180 180 660 660 734 734 
298 298 298 470 470 470 496 624 831 959 
635 635 
151 187 187 187 187 422 422 422 422 422 
505 1017 
417 591 591 591 591 591 954 954 
15 41 41 41 41 41 82 82 82 171 235 262 262 497 497 501 737 816 816 939 939 954 954 954 
75 208 208 
399 650 650 981 
826 
71 71 131 144 202 407 407 407 407 
157 276 276 276 617 756 756 756 
323 323 357 357 357 603 789 910 910 
23 23 63 252 359 360 360 617 617 856 
41 82 82 
263 263 640 640 954 989 
152 205 857 857 
277 375 375 
582 582 954 954 954 
11 11 11 
541 541 541 
15 15 15 104 104 113 119 182 182 182 182 229 229 277 277 289 289 472 472 514 514 514 572 572 572 572 572 647 758 758 797 797 903 903 925 
192 954 
110 110 110 110 165 271 673 
164 
36 256 256 635 635 
5 191 191 191 191 328 328 580 
123 317 435 435 489 730 863 863 863 863 
183 183 183 183 999 999 
799 799 1017 
107 147 210 210 210 588 954 
4 267 267 576 576 783 860 860 860 860 915 915 

585 585 603 702 724 724 780 854 854 854 
10 10 347 430 764 780 807 807 807 832 969 
46 46 511 511 684 684 754 827 
428 486 486 
189 273 273 273 404 587 587 728 798 798 1006 
48 48 48 54 54 
136 141 141 522 522 522 522 
140 140 831 831 911 911 
2 162 162 162 162 229 387 796 796 994 
169 169 169 169 277 858 858 858 
79 79 195 195 195 195 

516 704 704 954 954 
144 144 144 144 434 434 756 756 
773 773 
47 178 277 277 612 612 846 846 867 867 867 903 
234 234 234 
167 167 167 167 328 331 531 531 
163 303 783 783 954 
311 311 311 311 318 954 1004 1004 1004 
0 0 0 0 76 76 76 277 855 855 958 958 958 
184 184 184 184 978 978 978 
218 222 222 229 373 437 571 571 581 581 794 869 948 954 954 
82 82 668 668 668 
49 49 700 954 954 
135 135 203 
530 530 530 530 
340 340 418 418 418 567 684 850 850 850 850 
151 407 998 
199 
303 303 321 321 321 791 791 791 791 
157 279 279 279 279 829 954 954 

247 247 247 
148 148 714 717 
82 82 785 785 785 785 954 954 954 
171 171 171 723 723 
284 317 317 
4 282 470 470 
374 374 374 491 491 865 865 954 954 954 
611 611 880 
588 588 723 723 723 723 723 
329 329 
365 365 429 429 434 434 610 610 610 820 820 
196 222 222 581 581 581 987 987 
495 495 495 495 495 887 887 887 
56 56 437 580 651 
229 229 377 377 534 
196 196 218 218 
978 978 978 
30 30 
491 491 833 833 833 833 
388 388 924 
608 632 
897 1000 1000 
32 32 36 64 64 79 79 79 109 109 115 162 162 182 196 221 221 230 241 250 250 269 277 277 277 278 292 314 345 345 358 368 368 377 387 405 405 407 407 427 427 442 442 464 464 476 476 476 485 485 544 600 603 603 603 630 630 632 632 655 655 655 690 690 690 706 719 726 726 746 746 747 747 752 752 752 766 776 776 776 776 780 796 809 809 830 830 864 869 869 869 880 885 886 891 906 906 948 949 987 987 987 989 998 1013 
229 234 
554 554 845 
114 114 363 363 787 892 
632 632 632 
190 190 190 230 631 834 834 
15 147 
97 767 928 928 
966 
116 116 116 116 309 309 423 660 922 922 922 957 
950 
305 305 
79 79 79 229 
138 138 138 509 794 
583 583 665 665 
116 116 116 116 617 617 617 

536 
207 207 207 596 
397 397 397 397 788 816 816 
412 688 688 688 688 688 847 847 847 847 1017 1017 
5 5 51 51 229 229 621 887 954 954 
343 343 343 353 353 353 353 
63 63 136 136 154 270 270 376 539 856 
366 588 903 
1011 1011 
300 810 810 810 
166 166 
311 311 311 476 545 545 545 781 
116 116 116 897 897 897 897 
521 532 966 966 966 
549 549 
366 422 
147 147 324 363 366 412 440 440 493 521 563 563 624 660 660 660 799 799 959 1017 1017 1017 
5 156 156 384 531 625 625 625 
518 526 526 547 577 577 767 767 767 954 
129 129 898 898 1022 1022 1022 
277 739 739 949 
82 172 172 991 991 
566 566 576 850 850 
229 277 277 900 900 900 900 
252 252 376 
164 407 407 407 671 671 
65 65 347 347 347 407 407 
178 178 178 302 302 302 488 488 542 542 926 954 954 
65 65 366 366 407 407 779 
773 773 852 
152 152 152 470 470 
22 50 72 84 84 93 93 94 94 113 113 113 113 121 139 158 162 162 183 189 189 194 229 229 229 266 269 269 298 298 324 324 324 339 346 346 375 411 419 419 449 453 453 453 459 459 475 475 485 485 529 533 533 533 541 541 558 570 570 603 621 666 666 697 707 707 739 771 802 802 855 855 855 872 874 874 900 900 902 902 902 903 903 903 941 954 957 988 1018 1018 1018 
229 345 
205 205 205 205 722 823 823 
725 804 
6 987 987 994 994 
212 468 468 468 876 
429 954 954 
211 954 
407 407 407 
547 547 901 901 901 954 
673 673 
785 921 921 956 956 956 
162 162 
314 314 402 479 491 491 491 
366 366 806 806 
229 461 872 872 872 952 952 954 954 954 966 
362 722 722 722 722 

966 966 966 
920 920 920 920 
562 
142 142 142 277 277 619 619 619 719 860 929 929 
79 79 79 420 420 
255 366 366 554 554 554 554 896 896 896 896 
684 684 684 728 728 892 892 892 
273 273 273 926 926 926 
192 204 204 
25 
240 240 954 
385 385 419 
326 326 777 777 
23 54 519 551 551 879 964 964 964 
116 116 116 116 238 238 372 372 372 
0 0 0 107 317 317 367 454 954 954 
193 193 193 193 257 257 257 352 565 565 565 754 754 879 922 
803 803 

229 290 290 
103 812 812 1008 
379 903 
168 211 211 310 310 
85 100 100 193 414 414 414 954 954 
727 831 

204 204 204 
641 641 660 735 878 
38 153 153 357 357 603 603 650 650 650 655 655 655 706 706 706 827 864 871 871 871 871 
59 59 262 277 277 277 346 346 558 569 569 876 876 876 903 903 
343 343 343 343 
28 28 307 307 333 333 333 652 777 
714 714 746 1006 1006 
5 5 7 167 167 191 531 531 531 580 580 
216 216 590 590 590 796 
921 
5 191 908 908 992 992 
366 366 
326 326 326 622 622 
523 523 523 523 
366 720 720 720 984 984 984 984 984 
532 659 659 659 800 936 936 
68 68 68 68 457 592 
716 924 
277 551 551 551 
201 201 418 418 684 
5 5 597 954 954 992 
5 396 853 
82 251 251 251 325 325 325 325 
57 57 79 99 99 
229 229 278 830 918 
277 277 324 324 348 348 452 452 452 452 651 
175 272 272 272 
63 63 63 346 346 

428 428 
457 457 469 469 548 806 806 806 806 810 810 983 983 983 983 
311 813 813 813 813 
4 4 4 82 82 251 251 251 251 
954 954 993 993 993 1007 1007 1007 
82 643 
780 872 
65 153 153 153 323 323 780 
229 603 
154 502 528 528 528 
154 154 541 541 541 
389 714 714 
293 502 502 615 816 816 984 
114 114 114 232 232 262 366 641 641 
586 586 586 946 
217 217 820 820 820 820 
8 8 45 45 45 45 60 60 60 78 78 253 261 262 274 274 291 291 300 300 332 332 335 363 372 372 399 399 407 407 450 450 470 476 476 502 502 510 523 523 616 616 616 660 660 660 663 663 663 663 668 668 688 688 700 719 719 745 763 777 777 790 790 889 889 902 902 902 922 950 950 954 954 954 963 963 976 980 981 981 1007 1007 1007 1022 1022 
124 124 134 134 134 310 954 954 
229 229 
937 937 
737 954 954 954 
490 490 490 
309 309 309 366 366 452 523 648 817 963 963 
196 681 
213 213 213 954 954 
158 158 277 613 988 
252 270 403 403 403 403 
221 221 229 445 445 446 
618 618 618 819 819 819 819 819 879 
316 
62 398 914 914 914 
433 
68 626 626 626 626 810 
533 872 1016 
5 5 5 263 625 677 767 767 
306 306 419 419 419 988 

2 2 182 229 
226 226 426 426 634 924 924 
361 954 997 
11 13 121 121 121 121 400 663 663 663 663 778 788 805 805 
55 55 954 954 
106 106 106 406 406 527 
466 466 564 564 790 
451 451 451 451 
805 878 
342 767 857 
121 121 248 248 248 248 
380 775 819 819 819 
60 60 114 114 149 366 366 599 650 650 981 999 
390 852 852 852 
644 645 732 757 757 949 949 949 1013 1013 1014 
290 937 937 1023 
376 376 376 376 954 954 
178 590 603 
84 229 229 565 565 869 869 
392 392 527 
131 131 131 151 151 151 151 202 229 229 271 271 271 272 272 274 274 285 285 285 366 366 422 427 561 561 561 578 583 584 584 
460 
108 108 880 
660 660 660 919 
277 473 473 492 903 903 990 
249 262 999 999 999 1017 
513 513 513 586 586 749 841 841 946 946 
318 318 318 530 530 868 868 868 950 954 
1007 1007 
824 963 
30 146 884 
201 201 201 340 340 
84 84 277 277 306 385 385 385 666 666 707 707 988 988 1006 
111 111 299 299 
138 138 138 
26 26 26 26 144 144 144 144 144 261 407 434 434 510 561 561 561 579 584 584 584 756 756 756 768 768 768 768 954 
72 238 735 867 

434 
388 388 634 1002 
229 229 407 474 483 483 583 625 625 625 625 629 671 695 780 854 854 1012 1012 
129 177 350 350 447 463 486 486 486 498 557 557 557 684 684 709 861 861 861 879 937 937 947 
217 217 283 624 835 
84 84 175 764 764 764 764 
1002 
1015 1015 1015 
381 767 767 853 853 
132 187 187 217 217 422 422 425 479 479 479 515 515 515 516 516 516 578 640 640 756 768 768 768 820 820 954 954 954 
66 66 168 168 525 525 525 786 786 840 877 995 
927 955 955 955 
196 220 545 1004 1004 1004 
733 
758 
262 262 609 660 660 
515 963 
229 229 
726 726 726 747 747 
22 
377 377 464 464 464 464 
377 
28 428 463 
71 
277 954 954 954 954 
366 366 
394 394 394 394 637 637 637 780 780 1015 
3 37 346 346 346 346 372 530 708 954 
90 277 277 277 550 903 903 903 
107 310 661 661 661 
486 725 725 725 

337 351 351 535 535 535 
0 640 777 777 977 
118 118 277 277 957 957 957 1006 1006 1006 
408 
34 34 292 949 949 949 
85 85 85 546 546 546 929 929 929 929 
28 428 447 649 649 649 
229 229 445 445 445 445 
737 737 737 900 900 900 900 926 926 926 954 954 
393 393 
639 735 815 888 888 954 954 954 
282 282 282 802 
351 351 810 810 810 
142 142 142 212 212 276 276 366 566 624 912 912 
780 
57 69 69 162 162 566 566 566 566 572 572 925 925 978 978 978 
94 411 411 727 902 902 
427 483 
277 277 802 802 802 
229 229 229 257 366 366 620 620 620 745 745 934 934 957 957 957 957 
1023 
25 
290 434 434 434 518 954 1010 
889 889 
44 44 44 559 559 559 559 712 712 784 784 
35 35 
89 427 427 474 671 780 780 780 
950 
229 229 277 277 
129 129 129 177 177 428 428 428 455 801 801 898 898 898 954 
532 532 532 532 540 707 707 707 714 741 741 741 741 862 1006 1006 
101 101 273 273 756 
168 726 726 818 818 
371 371 371 715 715 715 797 797 
213 213 225 225 290 290 290 929 954 955 955 
39 123 123 123 123 411 
262 764 982 1000 1000 
746 746 954 954 954 954 
219 219 219 219 219 568 
142 809 809 
40 40 43 73 73 73 133 147 147 790 790 940 940 954 954 
428 861 947 
530 789 
82 99 99 99 581 
147 
53 53 62 62 62 85 359 362 362 366 366 528 532 532 556 607 659 720 720 731 763 763 763 889 889 889 922 922 922 966 
735 735 735 
636 636 
145 
756 
656 662 662 662 
662 662 969 969 969 
242 799 
366 422 
176 176 660 660 
719 719 719 
82 82 413 413 413 787 
162 162 162 758 1017 
434 434 434 441 874 874 
186 434 434 434 820 820 820 1023 1023 1023 1023 
527 
264 479 954 954 958 
308 780 
6 6 680 680 680 680 680 
259 262 
50 180 180 180 180 
334 334 334 334 366 366 372 817 817 817 

123 435 435 435 
264 264 767 767 767 844 954 954 954 
392 406 517 927 927 927 927 
359 359 359 502 859 859 859 859 
62 62 277 954 954 
52 52 200 200 200 200 414 414 452 499 789 954 954 954 954 
191 191 263 328 328 328 
53 53 259 336 487 487 487 487 502 502 692 692 738 738 738 738 
277 277 277 383 
221 
457 457 457 
37 80 80 246 
19 19 
44 622 632 632 632 632 
22 22 22 22 252 808 1017 1017 1017 1017 
73 73 73 487 
139 139 161 161 161 277 277 360 360 360 
273 273 739 739 739 926 
855 855 855 855 
58 229 614 614 614 998 
257 257 257 437 562 562 596 596 922 922 978 978 978 
85 462 462 462 780 780 780 
264 286 286 954 
80 80 80 80 351 782 782 782 795 810 835 835 954 
260 260 560 1006 
453 972 972 972 
308 308 339 339 339 964 
75 810 810 
8 
231 231 300 300 300 300 
50 50 
62 62 62 502 
129 129 137 137 137 428 428 428 684 684 861 861 861 937 937 947 947 947 
277 324 
91 481 481 481 481 712 712 758 784 784 922 
549 676 676 
407 407 407 422 422 422 583 584 
297 545 545 835 922 
262 262 959 959 
74 74 393 393 915 915 915 915 
311 311 311 405 405 
268 268 470 472 472 472 472 761 
72 72 88 125 125 125 125 125 201 571 571 571 571 571 820 820 
1 495 1002 1002 
5 5 121 324 324 767 767 
277 277 
135 135 196 196 567 567 567 567 567 
162 162 162 162 162 472 472 721 

684 684 741 937 
85 875 875 875 886 886 
172 172 268 775 
264 264 
407 434 
422 851 
114 114 167 220 328 328 722 722 722 722 
196 196 218 218 218 500 
159 159 587 942 950 950 950 954 954 954 
243 243 407 427 561 671 671 
407 407 422 422 422 561 667 979 979 
174 174 702 702 
364 364 364 413 413 689 689 
178 178 582 954 
171 215 215 253 607 607 607 607 761 761 761 1000 1000 
954 
28 111 111 111 329 329 329 404 715 715 926 926 926 
146 146 146 146 146 
337 
82 699 699 699 
126 640 
56 56 
121 121 247 545 545 715 
341 917 992 
819 
74 74 399 
229 
17 801 801 805 805 
37 751 954 954 
32 153 174 229 229 229 277 323 323 358 404 995 995 995 
81 826 826 1009 
826 826 826 
49 49 
108 502 588 588 588 588 777 777 777 777 902 902 
227 759 759 1020 
440 660 660 707 707 707 707 707 
217 217 217 820 
79 79 214 214 819 880 880 
189 189 660 733 733 733 733 878 
375 933 
73 544 544 544 701 830 
362 913 913 913 975 975 
366 366 366 663 982 982 982 
23 23 152 154 154 244 244 244 
378 378 378 776 776 776 
298 298 298 929 929 929 929 
476 476 476 
250 277 
333 333 538 632 951 
734 734 734 734 849 
142 262 429 470 959 
5 5 263 263 263 384 427 427 427 427 707 707 707 767 767 767 
382 382 382 382 810 
750 750 750 750 750 981 
870 870 870 870 
427 
229 229 690 690 
234 
115 115 227 229 229 233 233 233 538 538 538 538 622 
107 
388 426 
36 143 143 166 166 
30 504 504 
451 451 451 779 779 779 779 
831 
467 
156 156 434 434 458 594 833 833 954 954 
322 322 363 363 681 681 681 681 790 790 790 790 790 
720 720 
355 
73 401 817 
17 17 17 17 102 102 102 102 102 401 907 907 907 1014 1014 
74 74 74 717 
162 965 965 
1 22 126 372 1002 1002 
463 463 463 
149 149 323 323 323 399 399 
19 19 56 220 346 694 791 
326 
780 849 849 849 
115 115 124 124 
229 229 229 323 323 323 744 744 744 
507 
61 61 61 954 954 
68 68 810 
336 336 336 502 763 
46 141 141 238 262 262 262 322 366 366 366 410 410 410 440 440 511 511 609 609 612 675 678 678 705 705 705 721 734 754 754 805 805 805 883 883 913 913 913 922 922 922 954 
7 7 7 7 7 454 454 454 837 901 901 
507 507 507 508 508 
366 366 366 366 390 390 390 390 616 687 687 687 982 982 
118 118 118 118 795 
59 243 243 989 989 
277 277 419 419 832 832 
10 10 584 741 741 741 741 1006 1006 
197 197 197 366 366 
864 
880 
271 271 427 483 583 583 
709 709 
164 287 287 
87 773 773 773 
660 793 793 906 906 906 992 992 992 
10 560 560 1006 
384 793 
660 660 883 883 883 883 954 954 954 
831 
520 520 520 520 520 
373 641 641 641 641 722 722 722 954 954 

954 954 
41 176 176 201 301 301 301 340 428 428 557 557 574 574 688 755 787 787 787 937 937 937 954 954 
836 836 836 
983 983 
71 71 663 663 663 982 
249 249 249 249 249 366 366 684 
586 586 
229 229 229 630 630 

532 532 
101 101 101 101 
651 791 791 1019 
427 724 780 780 780 854 854 
796 796 
64 64 64 64 277 802 802 802 802 
820 
82 124 124 124 593 593 593 954 
198 366 950 
614 
174 585 585 
780 780 780 780 
186 186 954 
660 660 660 
229 323 323 323 871 871 
277 277 419 419 487 487 487 609 609 609 609 609 625 625 625 1018 1018 1018 
452 827 
428 672 672 920 920 920 
5 61 61 61 
107 967 967 967 981 
76 76 76 481 481 559 559 784 845 845 922 922 
954 
83 83 83 83 83 208 327 327 361 361 487 746 746 746 1006 
490 490 490 590 590 596 797 797 797 
338 1004 
74 74 98 98 98 98 208 646 839 998 998 
991 991 991 991 
229 298 366 366 512 512 512 
335 335 335 502 502 642 642 812 914 
572 660 838 838 954 954 
78 78 279 293 293 293 293 580 580 580 580 681 681 681 823 
210 210 215 215 215 215 215 
174 174 695 727 727 727 812 
18 280 455 455 455 804 804 
229 229 443 443 443 489 489 894 
319 473 724 724 724 902 
82 178 301 301 1018 1018 1018 

168 906 
502 953 
401 1013 1014 1014 
438 612 612 612 612 
141 141 623 623 623 623 660 878 
322 423 467 503 503 503 
127 127 954 954 
147 370 465 465 465 
532 532 532 532 966 
104 119 119 266 266 277 542 542 542 957 
780 780 780 
487 487 487 487 574 667 667 667 667 1006 
907 

655 655 655 827 
366 476 476 
229 229 327 494 494 714 714 714 1002 1002 
229 229 443 443 818 818 818 818 

413 
627 627 627 627 627 
37 37 602 833 954 954 954 954 
229 229 229 776 

176 311 311 660 660 
684 934 
101 101 152 152 152 187 187 422 422 422 434 488 506 768 768 954 954 954 
34 84 401 401 837 949 1014 
162 162 439 514 559 1017 1017 
608 608 
803 803 803 825 825 
566 588 588 588 
763 
54 366 502 502 502 659 762 
175 430 430 430 430 493 

42 42 229 
5 236 264 264 264 384 384 396 433 433 526 526 526 569 569 625 625 625 844 844 844 954 954 
422 422 422 422 434 434 434 756 756 
780 780 780 

116 116 116 277 
954 
188 188 275 275 674 674 674 
133 1006 
109 109 109 398 576 
20 229 229 229 229 618 618 618 752 
307 307 326 366 366 458 458 607 607 607 607 
139 139 139 139 390 805 805 805 893 893 
274 637 637 637 637 
85 85 85 123 123 123 174 175 229 356 357 427 451 451 471 483 483 483 519 546 546 546 653 695 695 695 703 703 703 703 740 740 740 769 769 769 840 875 886 886 886 943 
257 
31 548 548 548 795 
172 192 192 
481 481 559 559 712 
209 209 209 209 288 
66 66 435 435 890 890 
232 513 684 684 684 892 892 892 954 954 
248 390 
153 499 530 
90 90 90 90 366 366 393 497 497 641 641 641 641 641 992 
204 204 204 204 651 694 694 870 870 870 870 
86 
675 675 677 
196 242 
32 548 664 782 1001 1001 1001 
182 182 229 329 696 696 936 936 936 
162 162 490 490 715 715 715 
82 178 178 
170 170 262 262 509 
53 72 91 336 817 876 876 876 876 
486 486 601 601 954 954 
277 277 468 475 475 475 697 697 697 697 
13 13 24 24 312 312 760 760 760 825 825 
19 280 725 725 
390 390 395 601 601 660 660 660 778 778 778 878 954 954 954 
291 291 351 351 351 351 810 810 
175 175 175 832 832 
539 
229 229 496 496 
75 255 255 255 351 351 382 469 469 469 548 552 552 626 658 806 806 956 

315 315 720 724 
352 352 352 352 922 

467 888 954 
147 147 248 248 362 362 936 936 
73 73 372 523 523 523 644 800 
489 489 747 747 747 747 942 
79 378 378 378 378 378 398 398 398 598 611 866 
72 72 72 217 217 365 365 365 365 434 434 516 516 516 567 567 610 698 916 916 
966 966 
32 
279 279 722 
416 
13 760 760 803 803 
81 150 604 604 605 605 605 853 853 853 
176 323 708 744 
922 922 978 978 978 
205 954 
229 229 345 614 987 987 
140 140 142 181 181 319 638 679 911 911 
2 2 2 2 175 666 666 807 807 960 
126 126 225 225 225 225 640 640 751 935 
234 234 
429 548 548 562 1001 1001 
685 685 685 859 859 
107 107 661 757 
721 721 954 954 954 1020 1020 
717 
435 780 
413 413 906 906 906 930 930 946 946 954 
954 954 
67 67 
526 767 767 767 945 945 945 
44 231 712 712 
122 189 189 
249 249 249 249 1017 1017 
1005 1005 
623 653 653 653 
201 201 201 201 268 268 905 905 905 
579 
275 400 400 400 
29 342 433 433 826 826 826 
174 174 174 427 427 695 695 
118 139 139 139 194 194 277 277 277 543 543 543 543 958 958 
154 252 
157 157 396 
183 183 183 
528 528 528 528 836 836 889 
172 172 172 172 298 
428 428 428 498 557 557 557 
487 
85 123 168 168 168 168 
229 323 669 
213 213 
79 819 
189 189 189 423 935 1008 1008 1008 
414 414 414 903 903 903 
196 229 229 229 405 405 949 949 949 949 
628 628 628 628 791 791 791 791 1019 
323 323 323 323 706 706 
277 292 292 292 356 383 982 982 982 
132 132 
277 277 515 515 900 
575 575 575 780 886 967 
53 282 324 324 324 800 800 800 800 
66 66 435 
322 395 612 734 805 
23 23 23 54 74 74 308 311 378 428 1005 1005 
214 229 409 611 611 670 996 
902 902 
907 907 954 
660 660 678 678 678 678 
30 30 417 1006 
229 
27 27 229 575 575 780 780 780 875 
63 63 219 219 219 250 
467 467 815 
366 366 480 480 502 502 502 859 950 950 950 
66 786 786 
98 229 
14 232 301 301 301 787 787 787 
778 778 
726 

300 300 300 300 
228 258 258 258 258 
129 265 265 486 486 486 1022 
107 
269 269 269 269 277 277 465 465 465 465 874 
286 286 286 661 661 
90 90 94 94 94 277 277 277 366 366 366 473 473 607 607 727 881 881 908 
49 162 162 189 253 277 277 277 316 324 324 411 411 453 453 453 868 868 868 972 
108 108 
850 850 850 966 
229 229 675 675 675 730 841 841 841 
645 645 645 742 882 882 954 954 
331 331 902 

15 153 153 
140 140 181 181 831 831 
76 470 470 958 958 958 
615 615 615 660 660 660 
380 380 380 720 
59 59 59 59 172 172 564 564 564 564 
820 820 
597 
73 345 
103 103 410 
296 296 296 296 709 709 709 
288 288 330 
44 238 238 238 311 366 502 502 502 545 545 559 562 660 660 660 712 712 813 828 828 978 978 978 
125 125 
226 338 388 388 1002 
20 162 472 472 
28 28 28 28 28 273 302 302 302 465 465 465 542 590 590 590 
436 527 527 527 527 
236 236 
298 298 462 462 462 462 491 619 619 619 619 954 954 
841 841 

130 130 130 
613 963 
116 116 116 116 476 476 755 
97 833 867 1006 1006 1008 1008 1008 
53 336 336 796 796 796 816 816 
37 137 369 369 402 402 428 428 557 557 574 684 684 684 1023 1023 
103 
147 147 
497 497 
42 277 963 963 963 
582 818 
10 10 780 
980 980 
844 844 844 
364 413 413 841 841 
428 498 557 557 557 
51 51 51 196 229 
34 34 229 266 401 401 401 461 461 461 757 869 869 869 869 1013 1013 
239 366 366 414 484 582 582 582 700 889 889 889 954 954 
622 
292 292 954 
731 
5 5 14 14 16 16 30 30 30 37 37 43 43 43 55 74 82 82 93 107 128 128 146 146 147 147 147 156 159 159 159 163 171 186 186 192 193 196 196 198 198 205 205 209 209 209 213 213 213 250 250 264 273 273 277 283 283 284 286 292 292 292 305 310 310 318 318 341 341 354 354 366 366 366 367 367 370 370 370 374 374 389 391 391 403 403 414 422 434 434 434 449 449 449 449 452 465 465 467 467 467 479 486 491 494 494 494 494 497 497 518 518 526 526 526 529 529 530 530 530 530 547 548 582 582 582 587 589 602 602 640 640 657 657 660 678 678 678 681 681 683 683 684 684 699 704 713 721 721 736 736 751 751 751 751 756 756 756 767 767 772 787 787 801 801 805 805 805 815 829 838 838 838 841 842 842 882 907 907 929 929 950 950 952 963 963 963 993 993 1002 1002 1002 1006 1006 1007 1007 1023 1023 
436 436 436 491 491 
76 288 288 288 810 
238 277 459 459 459 476 476 476 476 739 
194 194 194 518 855 855 912 912 912 
142 262 563 563 624 
832 

1017 
100 100 100 366 366 372 372 416 441 933 941 941 941 954 954 954 
308 308 308 551 
647 647 
237 259 259 259 292 295 295 295 502 738 821 821 905 1008 
711 711 711 875 
21 
175 508 508 508 

25 25 
550 550 550 903 


615 615 1012 
366 
43 43 60 60 60 60 458 
195 195 195 223 223 223 472 472 472 545 545 545 828 828 828 922 922 922 
584 584 
114 114 366 944 944 
149 366 366 399 627 711 
493 616 616 616 663 663 687 872 872 872 
351 351 351 351 686 686 
98 98 98 335 335 335 335 335 362 
58 58 115 115 115 
87 105 105 
218 218 229 229 229 281 281 830 830 
277 375 385 419 419 
156 229 665 665 
411 
267 267 718 718 718 718 
5 5 331 331 341 597 675 675 675 790 1017 1017 1017 1017 
354 354 354 954 954 1007 1007 1007 
6 6 182 281 281 
12 12 123 123 123 435 603 603 603 
880 
67 67 67 67 389 
32 32 32 202 229 544 717 717 1011 
169 169 399 412 412 412 
228 228 493 493 588 588 
795 795 795 835 835 
1 1 426 431 568 568 648 648 746 746 924 954 954 954 
44 
123 193 193 193 437 437 437 716 
23 23 23 35 110 110 848 848 879 879 
95 178 327 327 419 459 459 459 487 487 549 667 667 676 714 741 774 884 935 935 954 954 1008 
354 354 354 366 366 366 415 415 954 954 993 993 993 
315 867 867 867 935 935 935 966 1006 
138 138 604 
58 92 92 479 
254 254 998 
427 427 975 
229 401 401 732 949 949 
401 645 645 732 732 757 
432 432 432 451 
383 
73 73 73 80 80 86 86 145 170 249 249 262 262 262 412 514 539 539 539 539 758 758 847 847 962 992 992 992 992 
277 277 277 707 707 707 728 728 728 
694 870 
608 838 838 
109 109 109 
265 265 265 366 366 898 
127 127 127 127 127 402 477 516 516 516 516 937 937 954 954 
