nodes: 1024 edges: 3238
107 194 194 194 194 310 310 
9 118 118 118 648 648 1002 
182 387 387 387 387 832 832 
452 452 
353 
61 64 185 250 250 250 263 331 341 342 342 342 384 384 569 569 569 625 625 625 710 710 767 954 992 992 992 
281 281 520 520 520 520 759 994 994 994 
236 328 328 661 
229 229 229 231 231 300 300 366 366 366 553 553 
1 648 
175 667 667 676 943 
74 160 160 160 
77 77 82 82 103 995 995 995 995 
212 
954 
147 162 162 910 
818 954 954 954 
82 645 
725 725 
82 537 537 537 651 651 651 651 
229 925 
545 545 922 922 927 968 
444 444 539 539 
74 82 82 82 82 82 154 154 225 225 225 308 308 308 617 879 879 1005 1005 
31 31 803 803 803 
478 478 478 780 971 971 
422 422 422 950 
886 886 
111 111 326 326 326 326 447 447 463 463 590 926 926 926 926 

224 224 417 417 884 954 954 954 
24 24 
229 229 822 822 822 998 998 
77 
461 757 757 949 949 949 
482 1005 
635 635 635 635 635 
452 536 602 602 751 751 954 954 


497 954 954 
147 147 147 147 155 684 684 684 
766 941 
497 954 954 977 977 
481 481 559 845 922 1003 1003 
366 366 399 399 
176 176 660 660 660 995 
122 635 
179 179 
198 198 198 606 606 606 606 606 903 
277 473 473 473 522 522 522 934 
129 250 250 948 948 
110 452 452 530 
502 532 532 532 800 800 800 800 876 876 876 876 936 
179 179 763 879 879 
391 391 954 954 954 
220 595 595 595 595 
69 79 79 344 344 
985 1010 
324 324 324 324 606 665 665 665 665 903 915 915 915 
366 366 399 399 399 977 
5 657 657 657 710 
380 380 380 380 502 502 502 529 529 529 529 556 
112 112 112 154 252 252 348 348 348 887 887 887 
5 229 697 697 
272 274 274 274 
435 435 786 786 877 890 
229 776 843 843 997 997 997 
337 337 337 658 658 658 
57 472 
589 589 
151 151 448 448 687 687 687 
277 423 800 820 820 
79 79 79 79 497 497 540 540 614 614 614 644 817 817 1017 1017 1017 
11 23 564 564 599 599 599 646 646 954 954 954 
148 148 148 810 810 
194 194 712 712 912 
12 12 33 229 418 
366 366 722 722 722 722 
57 57 73 73 73 73 111 184 184 229 229 241 241 344 344 
536 548 548 548 954 954 954 1017 1017 1017 
604 604 604 826 
12 12 17 19 23 23 23 23 23 147 155 155 172 197 197 209 267 343 343 355 513 513 513 537 593 699 699 728 798 798 954 954 
714 714 714 714 
277 405 419 430 757 757 
123 318 462 462 502 546 863 863 
1017 1017 
674 674 964 
567 
483 
532 790 790 790 790 902 902 
559 559 
479 1010 
277 
902 902 902 
1006 
714 714 974 

376 717 717 717 984 984 
344 500 
318 318 318 963 963 
488 488 693 693 693 756 756 
645 645 645 645 
12 919 919 919 
162 162 739 739 
660 660 
392 
0 310 376 454 661 661 711 837 837 899 899 899 899 954 
366 607 607 652 652 777 904 904 904 
229 229 229 775 
52 164 164 164 656 
28 28 79 420 420 590 590 590 
63 63 63 
162 277 
232 232 232 232 363 363 366 399 399 580 580 944 944 944 
632 654 985 
238 238 244 244 244 309 309 309 309 309 771 771 771 771 771 814 934 934 934 

1 1 1 459 459 459 855 855 
162 739 739 739 

277 390 397 397 397 397 569 
47 846 846 
85 168 229 229 435 435 435 492 525 780 863 863 863 995 995 1004 1004 
367 367 654 699 699 
210 567 567 567 887 923 
640 648 648 648 674 833 
402 402 402 736 736 736 1023 1023 1023 
954 
51 265 486 486 557 557 947 
403 932 932 932 
151 407 859 
544 
497 497 774 
367 367 367 367 
199 199 199 571 
856 
557 937 937 
242 421 421 421 421 1006 1009 1009 
277 277 439 541 778 778 778 
181 181 831 831 911 911 911 
180 180 180 660 660 660 734 734 734 
298 298 298 298 470 470 470 470 496 624 
635 
151 151 151 187 187 422 422 422 
460 1017 1017 
417 417 417 954 954 954 
15 41 41 41 41 82 171 235 235 262 262 262 497 497 497 699 699 699 816 816 816 939 954 954 
75 75 75 
399 650 650 981 
826 826 826 1006 
71 71 131 144 144 144 202 407 407 407 407 
157 276 276 276 276 276 756 756 756 
323 323 357 357 357 603 603 789 910 910 910 
23 23 63 252 359 856 856 
41 82 82 
263 263 263 640 640 954 989 989 
152 205 205 857 954 
277 
582 616 954 954 
11 11 11 
541 
15 15 104 104 113 119 182 182 182 277 289 289 289 289 303 439 439 472 514 572 572 572 572 739 739 739 758 797 903 903 
192 954 
110 110 110 673 1005 

256 256 635 635 
191 191 191 191 328 328 580 580 
123 317 435 435 525 525 730 730 730 730 863 863 
183 183 183 183 999 999 
799 799 1017 1017 
147 588 588 954 954 
82 267 783 860 860 860 915 
339 
585 585 603 702 702 724 724 780 854 854 854 
10 347 347 430 430 430 430 764 764 780 807 807 832 832 943 
46 46 511 660 684 684 754 827 827 
277 428 428 
189 273 587 587 587 587 728 728 798 798 798 798 954 954 1006 
48 48 54 54 879 
141 141 141 192 192 192 522 522 522 
140 140 831 831 911 911 
2 162 162 162 229 229 329 329 387 672 796 796 796 994 
169 169 169 169 277 277 277 858 
79 79 195 195 195 195 420 
5 
516 516 954 954 
144 144 434 434 434 756 756 
773 773 
178 277 277 277 383 612 846 846 867 867 867 903 903 903 
234 234 234 
167 167 167 167 328 531 
163 180 180 180 391 954 954 954 

0 0 0 0 76 76 855 855 958 
184 184 184 184 223 978 978 
218 222 222 229 437 571 571 571 581 581 581 581 581 869 869 948 948 954 954 954 
82 82 355 355 668 668 668 
49 49 49 389 700 954 
135 135 135 203 203 571 
499 530 530 
340 418 418 418 567 567 684 850 
151 407 407 998 
199 199 244 920 
303 321 321 321 791 791 791 
157 157 
277 
247 247 
327 361 714 714 714 717 717 
82 305 785 785 954 954 
125 723 723 
284 317 317 317 317 
13 825 825 
314 374 491 865 954 954 954 
611 611 880 
588 723 723 723 
329 329 
365 429 434 610 610 
196 222 222 222 581 581 581 954 954 987 987 
495 495 495 621 621 621 887 887 
56 437 437 595 651 651 
270 377 377 
196 196 218 218 218 
195 978 978 978 978 
30 30 
23 23 23 491 491 491 833 
388 388 388 924 924 
632 632 632 
897 
8 8 8 20 32 32 64 67 77 79 79 109 109 109 123 123 182 182 196 241 241 250 250 269 277 277 278 278 292 292 320 323 323 323 345 358 366 366 366 368 368 368 387 387 405 407 424 424 427 427 442 446 476 476 485 485 485 534 534 544 578 578 600 600 600 603 630 632 655 681 681 681 690 746 746 746 746 747 752 752 752 752 765 765 775 775 776 776 776 776 780 796 796 796 809 809 818 830 830 830 864 869 885 906 906 906 948 949 949 987 998 998 998 998 1013 1013 
719 719 
8 8 300 554 554 
114 114 114 114 363 363 787 787 892 892 
632 632 632 632 
190 190 190 631 631 631 834 834 891 891 
147 147 
7 928 928 928 
966 966 
116 116 309 660 814 814 922 922 957 
699 950 950 
305 907 907 907 
79 79 229 229 
138 794 
583 583 665 665 874 874 874 874 874 
116 116 116 203 617 

536 536 
207 207 647 
362 362 397 397 397 708 788 788 816 816 
688 688 688 688 688 847 847 847 1017 1017 
5 5 5 51 51 229 229 954 954 
343 353 353 353 
63 63 154 270 270 270 376 539 
393 393 588 
677 677 
300 
166 166 
311 311 311 781 
897 897 897 1019 1019 
502 521 532 532 532 966 
549 549 
335 366 663 
147 147 147 363 366 366 412 412 440 440 493 493 521 521 521 624 624 660 660 1017 1017 
5 156 156 156 384 384 625 625 625 625 
518 526 526 526 526 547 577 577 577 767 767 767 
129 898 1022 1022 1022 1022 
277 739 949 
82 172 991 991 
566 566 566 576 576 800 850 
229 277 900 900 900 
221 252 252 252 376 376 808 
407 407 671 671 671 671 
65 274 347 347 347 347 407 407 
178 302 302 488 488 542 926 926 954 954 
65 65 65 272 366 366 366 407 407 
419 666 666 666 
152 152 152 152 152 470 479 
50 72 84 93 113 121 139 139 158 162 177 183 183 183 189 189 189 206 229 229 266 269 298 298 324 324 324 324 339 346 375 375 375 411 411 419 419 449 453 453 453 459 459 475 485 529 533 541 541 541 558 570 603 619 621 621 621 666 697 697 697 707 739 739 771 802 802 855 855 855 858 872 872 874 900 902 902 902 903 903 941 941 941 954 957 988 1018 1018 
229 229 345 345 345 
386 386 
486 804 1022 
6 6 759 759 994 
468 468 468 468 876 
954 
211 800 954 954 
407 407 407 
547 901 901 954 954 
673 673 
921 921 956 956 956 
162 162 162 162 647 647 665 
314 479 
317 366 806 806 
229 229 872 872 872 952 954 954 954 966 
362 362 362 666 722 722 722 
567 

475 914 920 920 920 
545 
142 142 142 142 277 277 619 619 619 719 860 929 929 929 
420 420 420 
8 8 231 255 366 366 366 554 554 554 896 896 896 
728 728 892 
273 273 926 926 
162 204 

209 240 907 954 954 
385 385 419 
326 777 
23 23 23 551 551 551 879 879 964 
116 116 116 116 116 238 372 372 372 372 
0 0 107 367 367 367 456 456 456 954 954 
257 257 257 352 352 352 565 596 754 754 754 754 754 879 
803 803 
502 
213 290 491 491 491 
812 812 812 812 812 
379 379 617 617 903 
168 211 211 211 211 291 
85 100 100 100 366 414 414 414 954 954 954 
727 831 831 
229 362 
204 204 204 811 
641 641 641 641 641 660 660 660 735 
153 153 229 229 229 357 603 650 650 650 655 655 655 655 706 706 706 744 827 864 864 871 
59 59 59 59 277 277 277 277 346 569 569 569 876 876 876 
343 343 343 
28 28 28 28 307 652 777 777 
208 714 746 1006 
7 7 167 167 191 531 531 686 
182 182 216 216 590 590 590 796 796 
921 
5 908 908 908 908 908 992 992 
366 366 
622 622 622 622 
523 
261 366 720 984 984 984 
532 659 659 659 800 800 800 936 936 
68 68 68 592 592 592 810 810 810 
924 
173 277 551 551 
201 418 418 684 
5 597 597 954 992 992 
5 5 5 853 853 853 
82 82 251 325 325 325 763 
57 57 79 79 99 
229 278 278 278 918 
277 324 348 348 348 452 452 452 452 452 
175 175 272 272 272 272 617 832 
63 63 63 346 346 346 
823 823 823 
755 
457 457 469 469 806 806 810 983 983 983 
311 311 311 813 813 813 
4 251 251 251 
954 954 954 993 993 1007 1007 1007 
82 197 197 
780 780 872 872 
153 153 153 323 650 
229 603 
154 502 528 
541 541 
208 389 714 714 
248 248 293 293 293 320 502 502 615 615 743 816 816 984 
114 114 232 232 262 366 366 641 
586 
217 820 820 
8 8 8 45 45 60 60 78 78 108 114 229 229 229 261 262 262 274 274 274 291 300 300 300 318 332 332 335 363 363 372 399 407 407 407 450 450 450 470 470 470 476 476 476 502 502 510 510 523 523 607 607 616 660 660 663 663 663 668 668 673 688 700 700 719 745 763 763 763 777 790 790 902 902 902 902 922 950 950 954 954 976 980 980 981 981 981 999 1007 1007 1017 1017 1022 1022 1022 
124 124 134 134 134 134 310 310 310 954 954 
229 229 229 
770 937 
737 882 954 954 954 
490 490 490 490 
309 309 309 309 366 523 817 817 817 963 963 
681 681 
213 644 954 954 
277 277 277 385 385 385 385 385 613 
98 107 252 270 270 403 403 403 
221 221 445 445 446 
618 819 819 879 
316 316 944 
62 62 62 62 428 428 914 914 
988 
810 
189 533 533 533 533 872 1016 
5 5 263 263 396 396 677 677 767 767 
306 306 375 375 375 375 375 419 419 419 988 988 
279 279 
2 2 2 2 182 229 229 
226 226 226 426 426 568 634 634 924 
198 361 954 954 954 997 
121 663 663 663 778 778 805 805 
55 55 192 954 954 
106 406 527 527 
253 253 466 564 
451 451 451 
805 878 878 878 
384 384 767 767 857 857 
121 121 121 121 248 248 248 788 816 
819 819 
45 45 60 60 60 114 114 149 366 599 599 599 650 650 650 981 981 999 
852 852 852 
645 645 732 732 757 949 949 1013 
127 127 127 736 736 937 937 937 1023 1023 
130 376 376 376 954 
603 
84 229 565 565 
392 527 527 
131 151 151 151 151 202 202 229 271 271 272 272 274 274 285 285 285 366 366 366 422 427 427 561 561 578 583 584 
460 

660 660 919 977 977 
277 277 473 473 492 492 570 570 570 570 903 990 
262 262 999 1017 1017 
513 513 513 513 586 586 749 841 841 946 
318 318 318 530 530 530 655 682 682 868 868 954 
942 1007 1007 1007 
517 824 824 824 
30 30 146 146 146 884 884 884 884 884 
77 201 201 201 340 340 
84 275 277 277 306 385 385 385 666 666 666 666 707 707 707 988 988 
111 111 184 299 299 299 573 573 
138 138 138 138 
26 26 26 144 144 144 407 434 434 510 561 561 561 579 579 579 584 584 756 756 756 768 768 768 954 
72 867 
229 229 
434 
388 388 634 1002 1002 1002 
229 229 407 407 474 483 483 483 583 625 625 625 625 671 671 695 695 854 975 975 975 1012 1012 1012 
177 177 380 380 447 486 557 684 709 709 755 755 838 937 947 
217 816 835 835 835 835 
84 175 175 175 175 764 764 
709 1002 
1015 1015 1015 
767 767 767 853 853 853 
187 187 187 217 422 422 425 479 479 479 479 515 516 516 516 516 578 640 640 756 820 820 954 954 
66 66 123 123 123 168 168 525 525 525 786 786 877 995 995 995 
927 927 927 927 955 955 955 955 
196 220 220 509 545 545 545 545 1004 1004 
890 
139 162 162 758 855 
262 262 609 609 609 660 660 660 
515 515 515 515 515 963 
229 
726 726 726 747 
22 22 
377 377 464 464 464 
229 377 
28 28 428 463 463 463 
71 71 
277 954 954 954 954 954 
366 366 366 
394 394 394 637 1015 1015 
3 3 37 52 52 346 346 346 346 346 530 530 954 954 954 
277 277 277 550 550 903 918 
107 
725 
310 310 310 
351 351 535 535 
640 777 977 
118 118 118 277 277 957 957 1006 1006 
145 408 875 886 
34 949 949 949 
85 85 546 546 929 929 929 
28 28 447 447 447 649 649 649 649 709 709 
445 445 445 
590 737 737 900 900 900 900 900 926 926 954 954 
393 741 1014 
639 639 815 888 954 
282 282 282 282 802 
351 351 810 810 
142 142 142 142 276 366 366 366 566 912 912 912 959 
585 780 
69 162 566 566 566 572 735 735 925 925 978 978 978 
50 50 50 411 411 727 881 881 881 
427 
277 296 720 802 
229 229 366 366 366 620 620 620 745 745 745 934 934 957 957 
1023 
25 25 25 971 971 
92 276 290 434 434 434 434 518 518 712 954 1010 
889 889 889 889 
44 44 559 559 559 559 784 784 
35 958 
89 427 427 427 780 780 780 
889 889 
229 229 229 277 
129 129 280 428 801 801 898 898 898 
532 532 532 707 707 707 741 741 741 741 862 1006 1006 
101 101 273 273 693 693 756 756 756 
818 818 
371 371 371 371 715 715 797 797 797 
213 225 225 225 314 314 314 929 954 
123 411 411 
262 262 764 1000 1000 1000 
746 746 954 954 954 954 
219 219 219 568 
142 809 809 959 
40 43 73 73 133 133 147 147 147 790 790 790 940 940 954 954 954 
861 
200 530 530 530 
99 

53 62 62 62 85 259 313 359 362 362 366 366 528 528 532 532 556 607 607 607 674 720 762 763 773 859 889 922 922 984 984 
735 735 
636 636 636 636 
648 648 648 648 
756 756 
508 662 
507 662 662 662 969 969 969 969 
437 799 
366 366 422 
176 660 660 
719 
82 82 82 413 413 413 413 787 787 
162 758 1017 1017 1017 1017 
434 441 441 441 441 441 820 820 874 874 874 874 961 
186 186 434 434 434 434 820 820 820 820 1023 1023 1023 
416 527 527 
264 479 479 

6 6 6 6 680 680 680 759 759 
259 262 262 262 
50 50 50 180 180 180 555 
334 366 366 372 817 817 
736 
123 168 168 435 435 435 
264 264 264 264 767 767 767 767 954 
392 392 406 406 517 517 927 927 927 
359 502 502 859 859 859 
62 62 62 62 277 858 954 954 
52 200 200 414 414 414 452 452 499 499 499 789 789 954 
191 328 328 622 
53 53 53 90 259 259 259 336 487 487 487 502 502 738 738 
277 383 383 383 383 
229 229 948 
457 457 
37 80 246 246 
19 19 19 82 
1003 
22 22 252 1017 1017 1017 
73 73 
139 161 277 277 277 360 360 
273 739 739 926 
855 855 855 
132 229 614 614 614 998 998 
21 21 297 437 437 437 437 562 562 596 596 922 922 978 978 978 
85 462 462 
264 286 801 954 954 
80 80 80 782 782 795 795 835 835 954 
260 260 600 1006 1006 1006 
453 453 903 972 972 
308 308 308 339 339 964 964 
956 956 956 
8 8 586 
231 231 300 300 300 
522 
62 502 
129 129 137 428 684 684 684 684 684 937 947 947 947 
277 903 
44 91 91 481 481 481 481 712 712 758 758 758 
676 676 676 1006 1006 
407 407 422 422 422 584 901 
545 545 922 922 922 
959 959 
74 74 393 
311 405 405 
268 268 268 470 472 472 472 761 
88 125 125 125 201 201 294 571 571 820 820 820 
388 495 1002 1002 
5 5 5 121 324 324 324 767 767 931 931 
277 411 411 411 411 
135 196 196 196 199 567 567 
162 162 162 162 472 
420 420 
684 
875 875 875 886 886 
268 268 775 775 
264 264 264 
229 229 407 434 
422 422 422 851 
114 114 167 167 722 722 
196 196 196 196 196 218 218 218 
159 587 587 587 942 942 942 950 954 954 954 1007 1007 1007 1007 
243 243 407 427 
407 422 422 561 667 979 
174 174 471 702 702 
364 413 413 553 689 
178 178 178 178 582 582 582 710 954 
171 171 215 253 607 607 607 607 761 761 1000 
70 70 954 954 
28 111 111 111 329 329 329 465 926 926 

337 337 337 
82 

56 56 56 56 220 
311 545 545 715 922 
341 341 917 992 
819 819 866 
74 74 74 399 399 399 
229 229 229 549 
710 801 801 801 805 
37 37 751 954 
153 153 174 229 277 323 358 404 995 995 995 995 
81 81 81 1009 1009 1009 1009 
826 826 826 
49 49 49 49 49 59 903 
108 108 366 366 502 502 502 588 588 588 588 777 902 902 902 
759 759 759 
440 440 440 660 660 660 707 707 707 
217 217 
214 214 819 819 880 880 1019 
189 733 733 733 798 
375 933 
73 73 73 544 544 544 
362 362 913 913 975 975 975 
159 366 663 982 982 
23 244 316 316 347 
378 776 
277 298 298 298 929 929 929 929 929 
476 476 476 
219 219 219 277 277 277 
333 333 333 333 531 632 951 951 951 
734 
142 262 262 959 
5 5 5 263 263 263 263 427 427 427 427 707 767 767 767 844 

750 750 750 955 955 
870 870 
695 695 
229 690 
234 234 234 
115 227 227 227 229 233 233 233 233 622 

388 388 426 
36 36 36 36 36 47 143 166 166 
504 504 504 504 
451 779 
831 831 831 
467 467 
126 156 156 434 434 458 833 833 954 954 954 
322 322 322 322 322 363 681 681 790 790 790 790 
720 720 
806 
73 374 817 
17 102 102 102 102 401 401 907 907 907 907 1014 
74 74 
247 289 289 965 
1 1 9 126 126 126 505 505 505 505 1002 
463 463 463 463 1023 
149 149 323 323 323 357 399 399 399 
19 19 19 19 220 220 694 791 
108 108 326 
780 780 849 849 886 
115 124 985 
229 323 323 323 323 414 744 744 
110 
61 61 61 954 954 
68 68 68 810 810 
336 336 336 763 
46 46 46 105 105 141 141 141 176 238 262 262 322 322 322 366 366 410 410 440 440 440 511 511 609 609 609 675 675 678 678 705 705 705 721 734 734 754 805 805 883 913 913 919 922 922 922 938 938 954 954 986 
7 107 107 837 901 901 
507 508 508 508 
261 366 366 366 390 390 390 616 687 687 687 687 982 
795 
59 59 59 59 243 243 289 989 989 
275 275 275 277 293 419 419 419 419 832 832 
10 10 584 676 741 741 741 1006 
197 197 197 366 366 
864 864 
880 880 
271 271 271 271 427 427 
182 1000 1000 
164 287 287 366 
87 87 126 502 773 773 773 
660 660 793 793 841 992 992 992 992 
10 560 560 560 667 1006 
254 254 384 384 793 793 
660 660 883 883 883 883 
831 831 
520 520 520 
229 229 229 373 373 641 641 722 954 954 
414 414 
954 954 954 
41 41 41 176 176 201 340 428 557 557 557 557 557 574 755 755 787 787 787 787 787 892 937 937 954 
836 836 
328 983 983 983 983 
71 71 71 663 663 663 663 982 982 
249 249 249 249 249 366 1017 1017 
586 946 951 
229 630 


101 101 101 488 488 
651 791 791 
427 427 629 629 724 724 812 854 854 
796 
64 64 277 277 277 

82 82 124 124 147 147 147 239 939 939 954 
198 366 366 950 950 950 
828 
174 174 585 585 
740 780 875 
954 954 
660 660 660 
323 323 323 871 
277 419 419 419 487 487 487 609 609 609 625 
248 
428 428 431 463 463 920 920 
5 5 61 587 601 
107 967 967 967 981 
76 76 479 559 559 784 845 845 922 922 
954 954 954 
83 83 83 83 96 96 208 208 208 327 361 361 746 746 1006 
490 490 596 
1004 1004 
98 98 98 208 208 998 998 998 998 
991 991 991 
230 230 298 366 512 
335 475 502 642 642 773 812 
660 731 838 838 954 954 
78 78 78 78 293 293 293 580 580 681 823 
210 210 215 215 215 861 
174 174 695 695 727 
18 18 455 804 804 
443 443 443 
319 473 724 
82 178 178 301 301 1018 1018 1018 
922 922 
168 168 168 168 906 
721 953 953 
401 401 1013 1014 1014 
612 612 612 
141 141 141 623 660 660 
322 472 472 503 503 
127 127 127 402 402 524 954 954 
370 465 465 
532 532 966 966 
104 104 119 119 119 162 162 162 266 277 277 542 542 957 
703 780 780 886 886 
466 487 487 487 487 667 667 667 1006 1006 
901 901 
362 
323 655 655 
366 476 476 476 
229 229 229 229 327 494 494 714 714 1002 1002 1002 
229 443 818 818 818 

413 930 
627 627 627 
37 37 602 954 954 954 954 
229 229 229 229 776 776 776 
988 988 
176 311 311 311 311 311 660 
350 428 428 684 684 934 934 
101 101 152 152 152 187 187 422 422 422 434 488 488 488 506 506 768 
34 34 84 84 401 837 949 1014 1014 
162 439 514 559 559 559 1017 1017 1017 1017 
6 281 281 520 520 608 608 608 
803 803 825 825 825 825 
566 588 588 
502 763 763 
54 343 366 366 366 502 659 762 762 
175 175 430 430 493 
229 229 
42 
5 264 264 264 384 384 396 396 433 433 433 526 526 526 526 569 569 625 625 625 844 844 844 954 983 
422 422 422 756 
780 
369 834 840 
116 116 116 116 116 277 856 
954 
188 188 502 674 674 674 720 
133 
109 229 229 576 576 
67 229 229 229 229 618 752 752 752 
108 307 326 326 366 458 607 
139 139 139 390 390 805 805 805 893 
637 
25 123 174 175 229 356 356 471 483 483 483 653 653 703 740 740 769 840 849 886 943 943 943 
257 
548 548 795 
172 
481 481 712 
209 209 
66 66 435 435 890 890 890 890 
232 232 513 513 684 684 684 684 684 892 954 
248 248 397 
153 530 530 
90 90 90 90 366 366 497 497 497 641 641 641 641 
204 204 204 651 694 694 870 870 870 
1001 
675 675 677 677 
242 
548 548 664 782 835 835 
182 182 182 229 229 229 329 329 696 936 936 936 
162 490 490 490 
82 82 178 178 178 178 612 
170 170 509 1017 1017 
53 53 53 53 72 268 284 336 336 336 876 876 876 
486 486 547 601 601 601 954 954 
277 277 468 475 
24 24 24 312 312 760 760 825 825 825 
280 725 725 
390 390 395 601 660 660 778 778 778 878 878 893 893 945 954 
291 291 351 351 643 
175 175 832 
270 
229 229 496 496 
75 75 337 337 337 351 382 469 469 658 658 
321 
315 315 315 315 315 695 720 
352 352 352 922 
116 238 238 
467 888 954 
147 147 147 248 248 362 362 397 429 936 
73 73 372 372 372 523 523 644 
16 229 489 489 747 747 747 
378 378 398 398 598 598 611 611 866 
72 72 365 365 434 434 515 515 516 516 516 516 567 567 567 916 
850 966 
32 32 32 
349 349 349 722 
416 416 416 
212 212 760 760 760 760 803 803 803 
81 150 150 150 605 605 605 
176 176 323 
701 922 922 978 
954 
229 229 229 987 987 987 
140 140 181 181 319 319 638 638 638 679 679 911 911 911 
2 2 175 175 347 666 666 807 960 
126 225 640 640 
234 234 770 
429 429 429 429 548 548 795 795 1001 1001 
685 685 
107 107 661 757 
428 721 721 954 954 954 

770 780 
413 413 675 906 906 906 930 930 954 
954 
67 67 861 
625 767 767 767 945 945 945 
44 712 712 
122 122 189 189 
249 249 249 1017 1017 
1005 
653 653 780 
201 268 821 
579 1002 
400 400 400 
342 342 342 433 433 433 
174 174 174 427 695 695 
118 118 194 194 277 277 277 439 543 543 543 958 958 
136 154 154 771 
157 396 396 
183 277 529 903 903 
131 502 528 528 528 889 
172 172 172 298 
498 723 843 
487 
85 85 123 123 123 168 168 
229 323 323 669 669 
213 
598 819 
189 189 189 423 935 935 1008 1008 1008 
414 414 903 903 903 
196 196 229 949 949 
628 628 791 791 791 
323 706 
277 277 292 292 292 356 356 383 982 982 982 

243 243 243 243 243 277 515 515 515 515 
460 575 575 575 703 886 886 
53 53 53 53 282 324 324 324 800 800 800 
66 435 
395 395 395 805 805 
23 23 54 54 179 308 308 311 378 
214 611 611 670 670 996 996 
473 473 473 902 
370 907 954 
660 678 678 678 678 
30 417 417 417 417 417 1006 
229 
27 27 460 575 575 653 740 740 780 875 875 
63 63 63 125 219 219 
467 815 
480 480 480 480 484 484 502 859 950 950 
66 438 786 786 786 786 
234 234 
232 232 301 684 787 
778 805 805 


300 300 300 
228 258 258 258 
265 486 486 486 1022 1022 1022 1022 
107 107 107 107 
269 269 269 277 465 465 465 465 465 
286 286 561 661 661 742 742 
90 90 94 94 94 277 277 277 366 366 366 366 607 607 607 881 
49 59 162 162 189 189 189 277 277 316 411 453 550 558 606 858 858 868 868 868 972 972 
108 108 108 
966 966 
229 229 229 730 841 841 841 
240 240 240 305 645 645 645 645 882 954 954 
331 331 331 331 331 

15 153 153 153 
140 140 140 181 181 831 831 831 
76 470 470 470 958 958 
615 615 660 660 936 
296 380 380 
59 59 59 172 
820 
597 
345 453 1012 
103 103 103 410 660 
203 296 296 296 709 709 
288 288 330 956 
21 21 44 238 238 366 502 502 545 545 562 562 562 596 660 660 660 712 712 729 729 813 828 828 968 968 978 
125 
226 226 338 388 
20 472 472 
28 28 28 28 273 273 302 302 465 465 542 590 590 
21 436 436 436 436 527 527 527 
236 236 236 935 
298 298 298 462 462 462 491 619 619 619 619 619 954 
749 841 841 
569 569 
130 130 130 
613 963 
50 116 116 116 476 476 755 755 
867 867 928 1006 1008 
53 336 336 796 796 796 816 913 
137 137 369 402 402 402 428 557 684 684 1023 1023 
660 660 
147 699 699 
497 497 
42 277 277 277 963 963 963 963 
415 582 582 582 
10 175 780 780 780 
114 114 114 379 976 980 980 
805 844 844 844 
413 689 
129 428 557 557 557 
51 51 196 196 229 534 
34 34 34 229 229 266 401 401 461 461 461 757 869 869 1013 
26 239 239 366 366 582 700 700 700 889 889 954 
622 622 622 689 
292 954 954 
731 731 
5 14 16 16 16 30 30 30 37 37 40 40 43 43 55 55 55 74 74 74 80 80 80 82 82 107 128 146 146 146 147 147 156 157 159 159 163 171 171 178 178 186 186 192 192 192 196 196 196 198 209 209 213 213 213 218 218 250 250 273 273 277 283 284 284 286 286 292 292 292 305 305 310 310 318 318 318 341 354 354 354 366 366 367 367 370 370 370 374 374 389 389 389 391 391 403 414 422 434 434 449 449 449 449 449 452 452 452 465 465 467 479 491 494 494 494 494 497 497 497 526 529 529 530 547 547 548 582 582 582 587 589 589 602 640 640 640 657 657 660 660 681 681 683 683 683 684 699 704 704 713 713 713 721 721 736 736 751 751 751 751 767 772 787 801 801 805 815 829 838 838 838 841 842 882 907 907 929 950 952 952 963 963 993 993 993 993 1002 1002 1006 1006 1006 1007 1023 1023 1023 
436 436 436 436 627 627 
288 288 288 552 552 552 921 
238 277 459 459 476 476 739 
194 482 855 855 912 912 
470 496 563 563 624 
832 
515 
1017 1017 1017 
100 100 372 372 441 933 941 941 941 941 954 954 
87 308 551 551 
647 
237 237 259 292 738 738 821 905 905 
711 711 711 
21 922 922 
508 508 508 508 

25 25 478 478 
550 550 903 903 

96 
427 427 427 615 615 615 1012 
366 944 980 980 
43 43 60 410 410 458 
195 195 223 223 223 223 472 472 472 545 545 545 828 922 
584 
366 366 944 944 976 976 
149 366 366 366 399 399 711 
616 616 663 687 687 872 872 872 
351 351 351 686 686 686 686 767 
98 98 335 335 335 362 502 502 
58 115 654 
660 
218 218 229 830 830 830 
277 381 385 385 419 419 753 753 
156 156 665 665 
411 
267 267 718 718 718 
5 5 5 331 331 341 341 597 675 675 675 675 1017 1017 1017 
354 354 954 954 954 954 1007 1007 1007 
6 6 6 182 281 
12 12 12 12 46 123 123 435 435 435 603 603 603 603 
880 880 
67 67 67 389 
32 32 202 229 229 229 229 544 544 717 717 717 717 
169 169 366 399 412 
493 493 493 588 672 672 1013 1013 
792 835 835 
1 426 426 426 431 568 568 648 746 746 746 851 954 954 1006 1008 1008 1008 
44 44 538 
123 123 437 437 716 716 
23 23 35 164 848 
95 138 150 178 327 459 459 487 487 549 549 549 560 560 667 676 714 741 741 884 935 954 954 954 1002 1009 
354 354 354 366 366 415 415 415 582 582 582 582 954 993 993 993 
867 867 867 935 1002 1002 1002 
138 138 604 604 604 604 1006 
58 92 479 

427 427 427 918 975 
229 229 401 732 949 1000 1000 
466 645 732 732 757 757 
432 432 432 451 451 
383 
73 73 73 80 80 80 86 86 145 145 170 170 249 249 262 262 366 366 412 412 514 514 514 514 539 539 539 688 688 758 758 758 758 799 799 847 847 962 962 962 992 992 992 
277 277 728 728 728 
258 258 611 


265 265 265 265 280 366 366 366 898 898 898 898 
127 127 127 402 402 477 516 516 516 649 937 937 954 954 954 
