nodes: 1024 edges: 1968
107 194 310 458 
9 118 1002 
387 832 
57 452 
212 353 
29 61 167 250 263 328 331 331 341 342 384 625 625 625 767 992 
281 281 520 759 994 994 
61 328 661 
229 229 231 
1 
667 
160 160 
77 82 82 
212 803 825 

162 162 162 
954 
53 82 82 601 643 645 645 645 
725 
82 537 537 651 651 651 
776 
545 922 922 922 968 
277 444 444 444 539 648 
74 74 82 82 82 112 120 154 154 225 225 308 330 479 617 617 879 1005 
803 803 
478 780 971 971 
422 422 

111 326 326 326 463 590 590 590 926 926 
5 
224 224 636 636 884 
80 351 782 
229 795 822 
77 
757 
74 482 
166 635 635 
602 937 937 954 954 


497 
147 147 352 684 684 
277 277 
497 977 
1003 
366 399 399 
660 660 660 995 
122 189 

606 
522 522 555 
129 948 948 948 
452 452 
17 502 502 502 800 876 
879 879 
391 
220 595 651 
3 79 99 344 344 
544 985 
324 665 822 915 
399 977 
5 7 657 
380 502 502 529 529 529 556 
112 112 252 348 348 887 
697 697 
272 274 357 
435 786 877 890 
776 843 997 997 997 
337 
472 

151 448 
277 277 277 423 567 800 820 820 820 
79 79 497 497 540 614 644 811 817 1017 1017 
23 23 35 599 717 717 717 879 954 
148 148 
194 712 956 
12 33 418 
366 722 722 722 
57 73 73 229 229 241 241 299 344 611 611 819 819 
31 536 548 548 548 954 1017 

12 12 17 17 19 23 23 23 147 172 172 197 209 209 209 267 343 343 353 355 355 593 699 798 954 954 954 
714 
277 277 405 419 430 757 
462 462 502 546 780 780 863 

964 


532 790 902 
559 559 
1010 

277 473 902 902 902 
1006 
714 714 974 

376 717 717 717 717 891 984 
57 500 500 
318 318 963 
488 488 693 756 756 
645 


660 660 986 986 
392 
0 171 171 171 310 633 661 711 711 837 954 
366 
229 
164 164 164 1005 1005 1005 
28 420 590 590 
23 63 63 
162 277 277 277 
232 363 366 580 580 580 944 944 980 980 980 
229 654 
238 238 238 309 309 771 771 771 814 934 934 934 
138 
1 459 664 855 
162 
23 
390 397 596 
47 453 846 
229 229 229 492 492 780 780 780 995 995 

210 210 567 887 923 
640 648 674 
402 1023 

51 265 265 265 428 486 486 486 898 947 
403 
407 407 859 859 
873 
497 
367 
571 
180 252 252 252 

117 242 421 1006 1009 1009 
277 277 541 541 778 
911 911 911 
180 660 
496 624 831 831 831 959 
635 
151 151 187 187 422 

417 591 954 954 954 
41 41 82 262 262 262 497 497 501 699 816 816 816 939 
75 75 
399 650 981 
1006 
71 144 144 407 407 407 
157 276 276 756 
357 357 910 
23 23 252 359 360 617 856 856 

263 263 954 989 
152 205 857 954 
277 277 375 

11 11 

15 15 15 113 119 182 182 229 229 277 277 289 303 303 439 472 472 514 572 572 572 715 715 739 739 758 797 797 797 903 903 903 
954 954 
110 110 110 271 

36 256 284 
5 191 191 328 580 
317 317 435 
183 183 

107 107 107 
82 82 783 

585 702 702 780 780 
430 769 780 780 807 807 832 832 
511 660 660 684 754 827 827 
486 
273 273 798 1006 

136 141 192 522 522 
911 
162 162 229 229 329 387 672 796 
169 169 858 858 


311 516 
144 144 434 756 756 
773 
47 277 277 383 612 903 
234 234 
167 167 328 328 331 531 776 
180 783 783 783 954 
311 311 311 318 778 1004 1004 
0 76 932 958 958 
978 978 
222 229 242 373 437 571 571 581 869 948 954 954 
82 355 668 668 668 
954 
203 571 571 794 
530 530 
418 567 567 567 684 684 850 850 850 
407 
199 244 
321 321 791 791 
157 279 954 
277 
596 
327 327 361 714 717 
82 82 82 785 785 
125 125 
284 317 
4 13 282 470 470 825 825 938 
314 374 374 491 865 865 954 
611 
588 723 

429 429 
987 
495 621 621 
56 595 651 
270 377 439 
196 787 787 
978 
30 30 1001 
23 23 491 
388 388 924 924 
963 

8 8 32 79 79 109 115 123 123 123 162 162 182 182 196 230 241 250 250 278 281 292 292 292 323 345 358 358 366 368 377 387 405 424 424 424 427 427 442 464 476 485 485 534 544 578 600 600 600 603 632 632 655 655 706 706 706 706 726 726 746 746 747 752 765 766 775 775 776 780 780 780 796 818 864 880 880 885 885 886 987 987 998 1013 
229 719 
8 554 
114 363 787 787 892 
632 
190 190 


966 
116 116 116 922 
484 
305 907 
79 79 229 
138 196 509 794 794 
665 665 874 874 
203 617 

536 

397 397 708 788 816 
688 847 909 
5 229 229 621 887 
343 343 353 
63 136 136 136 154 539 739 
366 
1011 
810 810 810 
166 
311 311 311 476 
897 897 897 897 
502 966 966 
549 549 549 
366 366 366 422 
147 147 147 324 366 412 493 521 624 660 660 799 959 1017 1017 
5 156 156 384 531 625 
547 767 767 
129 129 129 898 
277 277 
82 991 
566 800 850 
900 900 
221 
164 407 407 407 671 
65 274 274 274 347 407 
178 178 488 926 954 
65 272 272 272 366 407 407 407 
666 666 773 773 
152 152 470 470 479 479 479 
22 42 42 72 72 72 84 84 94 113 113 113 139 139 158 158 162 162 189 189 206 266 266 298 324 324 324 339 346 346 375 419 419 449 453 459 459 475 485 485 570 570 570 603 603 619 619 621 666 666 697 707 707 739 855 855 855 858 872 874 900 902 902 903 903 941 954 957 988 1018 
229 
205 386 823 823 
725 804 
6 6 229 994 
212 
954 
166 211 800 954 
407 778 
547 901 954 
673 

162 
314 
366 366 366 806 806 
229 229 229 872 966 
362 722 


475 914 920 
545 
277 619 
79 
554 
684 728 728 
926 
162 162 

240 
683 
777 
23 519 879 964 
116 116 372 372 
0 107 317 367 367 454 456 456 456 456 
186 193 193 193 257 257 257 565 565 596 754 754 922 
803 803 
502 
213 290 491 
812 1008 
379 617 
168 168 211 310 
100 100 193 414 414 414 
727 831 
362 
204 204 
641 641 660 660 735 878 878 
229 357 603 650 655 655 706 744 827 827 827 
59 262 277 277 277 569 569 876 903 
343 343 343 355 
28 28 28 777 777 777 
208 208 714 746 
5 7 167 191 191 580 580 686 
182 590 590 
23 
5 5 191 908 908 908 908 992 992 992 
366 366 366 
622 
523 523 523 
502 720 720 984 
659 659 936 
68 548 592 810 
924 
277 551 
418 418 
5 597 
5 853 
82 82 251 251 325 325 325 763 
57 57 79 
229 830 
277 277 348 348 452 
272 
63 63 346 346 

428 
31 457 548 806 
41 
4 82 251 
993 993 1007 
82 82 197 325 
780 872 872 872 
65 153 153 323 650 
229 229 
154 502 502 528 
154 
208 
293 320 502 502 502 615 984 984 
114 232 366 641 
586 
820 
45 78 108 114 229 253 261 261 261 262 274 291 291 291 332 332 332 363 372 407 407 450 470 476 502 502 523 523 616 616 660 663 663 668 673 688 700 719 719 777 777 889 922 950 954 954 963 963 976 976 980 980 1007 1017 1017 1022 
134 310 310 954 
229 

954 954 954 
490 
309 309 366 523 817 817 963 
196 681 
213 213 644 
158 277 385 385 613 988 
98 403 403 403 
221 229 445 445 445 
618 819 819 
316 903 944 
62 398 428 914 

626 810 
189 533 
5 263 396 505 677 767 767 
375 375 419 
279 
2 182 229 
226 226 426 426 634 924 

121 400 663 663 778 805 805 805 
55 954 
106 439 527 
466 564 790 
451 
805 
384 767 857 857 857 
121 248 248 
380 819 
45 45 60 149 599 599 627 627 650 650 650 823 823 
390 852 852 
645 757 949 1013 
127 937 937 1023 
130 376 376 376 
603 
84 229 869 
527 964 
131 131 151 151 151 202 271 271 271 272 274 274 274 285 366 366 422 427 561 578 583 584 584 


660 919 977 977 
473 570 570 903 903 
262 1017 1017 
513 513 586 586 946 946 
318 318 318 530 530 530 682 682 868 868 868 868 
1007 
963 963 963 
146 884 884 
77 201 340 340 
84 277 277 385 666 666 666 666 707 707 
111 573 
138 
26 26 144 261 407 579 584 768 
72 867 
229 229 229 
434 
388 388 634 634 1002 
229 229 407 583 671 671 780 780 
129 350 380 463 486 557 684 684 709 838 879 937 947 
217 217 816 835 
84 175 764 
1002 

767 767 853 853 
187 425 515 516 756 756 768 820 820 
66 168 786 840 
922 927 927 955 
196 1004 1004 

162 221 392 

515 515 515 
229 
726 747 
22 22 22 471 
377 377 377 464 895 

463 463 463 
71 
277 954 954 
366 
394 637 637 780 1015 1015 
3 52 52 346 530 
122 277 475 550 550 903 918 
310 661 661 
486 725 725 725 
310 310 310 310 
351 535 
0 
118 277 277 1006 1006 
875 
949 949 
85 85 546 546 929 
28 428 447 447 447 649 649 709 
229 445 
737 737 900 900 900 926 926 
393 
639 639 888 

810 
212 212 276 276 366 912 
444 780 
69 162 162 566 572 925 978 
94 411 881 902 
975 
277 296 453 720 
229 257 366 620 934 934 934 957 957 957 
1023 
25 971 
23 276 276 276 518 1010 
889 
559 712 
35 712 958 
671 
239 889 
229 229 277 277 
129 129 129 177 428 455 801 801 898 898 954 
532 532 540 540 707 707 707 714 741 741 862 862 862 1006 1006 1006 
101 101 273 756 
726 726 726 818 
371 715 797 797 
213 225 314 955 955 
123 123 
262 982 1000 
746 746 746 954 954 954 
219 
142 809 809 
40 43 73 73 133 147 147 790 790 940 954 954 954 
861 

99 99 
147 
53 53 53 62 62 85 259 313 335 359 359 362 362 362 366 366 532 556 607 659 674 674 720 731 762 763 763 763 773 859 889 889 889 922 922 922 984 984 

636 636 636 
384 648 648 
756 
656 662 662 
969 
242 

176 

413 413 
162 758 1017 1017 1017 
434 441 441 441 874 874 874 874 961 
186 434 820 820 1023 1023 1023 
527 
479 954 954 958 
308 780 
6 759 
262 
50 50 180 180 555 
334 334 334 366 366 372 817 817 
736 

767 767 844 
392 406 517 927 927 
359 859 
62 62 62 954 954 
200 200 414 414 414 452 789 789 954 
191 263 
90 487 487 502 738 738 
383 
229 948 948 
457 
80 246 
19 19 
1003 
22 252 1017 1017 1017 1017 
73 487 487 
139 139 
739 739 
855 855 
58 229 614 614 614 
21 297 562 596 596 922 922 978 
85 462 462 
264 286 801 
80 80 80 337 351 795 810 810 835 954 
260 260 260 560 1006 1006 1006 1006 
453 453 903 972 
339 
810 810 
586 
231 300 
50 522 
62 502 
428 684 684 684 861 937 947 
903 
91 91 481 712 712 784 784 922 922 
549 
407 584 
545 922 922 
959 
393 915 915 915 915 
311 311 
268 472 
72 125 201 201 201 571 571 820 820 820 
1002 1002 
324 324 767 931 931 
277 277 277 411 411 
135 196 196 199 199 567 567 
162 162 162 472 
420 
937 
886 
775 775 
867 
229 407 
422 
114 114 114 167 328 328 722 722 
196 
587 587 950 950 950 1007 1007 
407 427 671 
407 407 422 561 979 979 
174 
364 413 413 553 689 689 
582 582 954 954 
215 607 607 1000 1000 
954 
28 28 28 111 111 329 329 715 715 926 
146 
337 
82 699 
640 
56 220 
121 207 311 545 545 715 922 922 
341 992 
819 
74 399 399 
229 229 229 
17 801 801 805 805 
37 954 954 
229 277 277 323 404 995 995 
826 1006 1009 1009 1009 
681 
49 
502 588 588 777 777 902 
759 759 
660 
820 820 
79 79 214 880 880 
189 733 
375 933 
73 544 544 544 
362 913 
366 366 982 
23 23 154 244 316 
378 776 
277 277 298 929 929 929 
476 
219 219 250 277 
333 951 951 
734 849 
142 262 959 
5 5 5 263 707 767 
382 
399 399 750 955 955 955 
870 870 870 1023 
695 695 


229 229 233 
107 
388 426 426 
36 36 143 
30 30 504 504 504 
451 451 779 779 
831 
467 467 
126 594 833 833 833 
322 322 363 681 790 790 790 

17 806 
73 374 
17 17 17 102 401 907 907 

965 
22 126 505 505 1002 1002 
463 463 
149 323 357 399 399 399 
19 19 19 56 220 791 

849 849 886 
115 985 
229 229 323 323 744 744 
507 
61 954 

336 336 502 763 
46 46 46 105 105 141 176 176 262 262 322 322 366 410 609 675 675 734 754 754 805 805 919 922 922 954 
7 107 454 454 837 837 837 901 901 901 
507 507 
366 366 390 390 
118 
59 243 243 989 
275 275 277 277 419 419 419 419 
10 676 1006 
197 197 197 366 
864 

271 427 427 483 583 
182 1000 1000 
287 366 791 
126 502 502 773 773 773 
660 660 841 967 992 992 992 
667 
384 793 793 
883 883 883 954 
831 831 831 831 

373 605 641 954 
414 414 801 
306 865 954 954 
41 41 176 201 201 301 428 428 557 557 557 688 755 787 787 787 892 937 954 954 954 
836 836 
328 983 

249 366 684 
586 586 



101 
791 
629 629 724 854 
796 796 796 796 
64 64 277 802 802 802 802 

82 147 593 
366 950 950 

174 174 

954 

229 229 229 229 323 871 888 
277 277 419 419 487 487 487 625 1018 
248 827 
428 463 

107 107 967 981 
76 481 482 559 559 845 845 922 
954 
83 96 96 208 327 487 746 746 974 1006 1006 
162 162 490 590 590 596 

74 74 74 98 98 98 98 208 839 998 998 
991 
230 366 366 
335 335 475 502 773 812 
731 838 
78 78 78 293 580 580 823 
215 
695 727 727 
18 280 455 455 455 954 
229 229 443 489 489 489 747 894 894 
319 724 724 
301 301 
922 

502 721 953 953 
1013 1014 
612 
623 660 
322 
524 
465 465 
532 532 966 966 
162 162 252 277 542 542 
780 780 886 
487 487 1006 1006 
901 901 

323 655 655 

229 229 327 494 494 494 714 714 847 1002 1002 1002 1002 
229 443 726 818 


627 

229 776 776 
988 
176 311 311 660 660 
684 
101 101 152 187 187 434 434 488 506 768 954 
34 84 401 949 1014 1014 
162 514 1017 
6 520 608 608 
825 825 

502 
343 502 502 502 659 
430 
229 
229 
5 264 264 384 384 396 433 433 526 526 569 625 983 
422 434 756 
175 780 
834 
116 116 116 
954 
188 275 275 502 674 674 674 720 

229 229 576 576 
20 67 191 229 618 752 752 
307 326 326 326 366 366 607 607 
139 193 285 390 805 893 
637 637 
25 85 85 123 123 123 174 174 175 175 229 229 229 356 427 427 451 471 519 740 740 769 840 849 886 943 969 1015 

31 795 
172 192 192 192 
559 559 
209 209 
66 435 890 890 
222 222 232 232 684 684 684 892 892 892 892 
248 
530 530 
90 393 497 497 641 641 641 795 
204 204 651 673 694 870 870 

677 677 
199 242 242 
32 548 782 790 835 1001 
182 229 696 696 696 696 936 936 936 936 
162 162 162 490 490 
82 178 
262 
53 72 268 284 817 
486 486 547 601 601 682 
697 697 697 697 
13 24 24 312 312 
280 
390 390 390 395 601 601 660 660 778 878 893 954 
291 291 351 643 810 810 
175 175 832 832 946 

496 496 
255 255 255 337 382 469 548 548 552 552 806 806 956 
73 
315 720 
922 
116 

147 147 147 248 429 936 936 936 
73 372 372 523 523 800 
229 489 747 
79 79 378 378 398 598 866 866 
72 72 72 365 434 434 516 516 567 567 567 610 610 916 

32 59 
279 279 399 399 722 
963 
13 212 212 760 760 
604 1006 
176 176 323 323 323 708 
922 978 978 978 

345 987 
142 142 142 319 638 679 679 679 679 959 
2 175 175 807 807 
640 640 640 935 
770 
429 548 795 1001 1001 
685 685 859 
107 661 661 661 
428 721 954 954 
717 
435 780 
675 906 906 906 906 946 
954 
67 861 
526 945 945 945 
712 712 
122 903 
249 746 1017 
1005 
623 653 653 780 
201 201 201 268 905 905 

400 400 
342 433 433 
695 
118 277 277 277 543 543 958 958 
154 154 
157 396 396 396 
183 183 277 903 
131 131 502 528 836 889 

498 557 843 
487 487 487 
85 
229 669 
213 213 683 
819 819 
423 577 935 1008 
414 414 414 414 903 
196 405 
628 628 628 791 791 1019 
706 
277 292 356 356 356 982 982 
132 
243 243 277 515 515 515 515 900 
460 967 
53 324 
66 
322 322 805 
23 54 54 74 308 428 
229 229 611 611 
473 902 
907 
678 678 678 
30 417 417 1006 
229 229 
229 575 653 740 780 
63 125 250 
467 706 
366 480 484 502 502 502 859 950 
66 786 786 934 
98 
232 684 787 787 787 787 
778 805 
726 726 
445 

258 258 258 258 
129 265 486 486 

269 269 277 465 465 465 874 
286 661 661 661 742 742 
90 94 94 94 277 277 473 607 881 908 908 
162 162 162 189 277 277 324 379 411 411 453 550 558 846 858 868 

850 850 
841 841 841 841 
240 645 645 882 954 954 954 
331 331 331 331 902 902 
249 
153 
140 140 140 181 
470 
615 936 
296 380 
59 564 564 564 564 
820 

453 1012 
410 660 
296 
956 
21 21 21 238 311 366 436 502 502 502 545 545 559 559 562 562 596 596 660 660 712 729 813 828 968 978 
125 
226 226 338 388 1002 
472 
28 28 273 302 465 465 590 
436 436 527 527 
935 
462 619 619 619 

569 569 
194 
613 963 
116 116 116 476 476 476 890 
833 867 928 1002 1006 1006 1008 
336 796 796 796 796 816 816 816 913 
37 37 402 402 428 557 574 684 1023 1023 
212 
147 
497 
277 

780 
114 114 379 
844 844 844 
413 413 807 841 
129 428 557 
51 51 51 196 534 534 
401 461 461 757 1013 
366 582 582 582 700 700 889 
622 622 

731 731 
16 37 37 74 80 82 82 82 107 146 146 146 156 157 163 163 192 196 196 198 205 213 273 277 283 284 286 366 366 367 370 370 370 391 449 449 486 494 494 494 497 497 497 518 518 529 529 530 548 587 587 589 602 602 657 660 678 681 683 683 684 684 684 704 713 725 756 772 805 838 838 842 907 907 907 963 993 1002 1002 1006 1023 
436 491 491 627 627 627 
76 810 921 
277 476 476 476 
194 194 482 518 855 855 
142 262 563 624 831 

515 

100 227 366 366 372 416 416 416 824 933 954 
87 308 406 
647 
237 259 259 292 738 738 1008 
675 711 875 
21 922 
508 780 

25 25 478 
550 

96 714 
474 
366 366 
43 60 410 410 
195 195 223 472 545 828 828 828 922 
584 584 
114 114 114 366 366 
149 711 
493 616 872 872 
686 767 
98 335 362 362 502 502 
58 654 
105 105 
218 229 229 830 
277 375 753 
156 665 

267 718 
5 331 331 331 597 675 675 675 1017 
354 354 954 1007 
6 6 281 
46 123 123 603 603 

67 67 67 
229 717 717 1011 

493 588 588 672 672 1013 
224 795 835 835 
1 426 431 568 568 648 648 746 746 746 746 924 935 954 954 1006 1006 1008 1008 
44 538 
193 193 437 437 
23 110 110 110 848 
95 138 150 178 459 459 487 487 487 549 549 549 549 604 667 714 714 741 741 826 884 935 935 954 1002 1002 1009 
354 366 415 582 582 993 
315 867 935 966 1002 1002 
138 138 604 604 604 1006 
92 479 
254 998 
918 
229 401 732 949 1000 
732 757 757 
451 451 780 

73 73 80 262 262 366 366 412 412 514 514 514 539 539 539 539 758 847 992 
277 707 
870 


366 
127 402 477 516 516 516 628 937 937 954 
