nodes: 1024 edges: 1971
194 194 310 
9 118 568 648 664 1002 1002 1002 
387 387 387 832 832 
57 452 452 
353 353 
61 61 250 263 331 331 384 569 625 710 767 767 767 954 992 
277 520 994 
236 328 661 661 
231 366 366 
1 795 
667 667 943 
74 160 
77 77 77 82 995 995 
803 803 803 
954 
162 162 

643 645 645 
725 725 
82 82 651 651 804 

545 545 922 922 927 968 968 
277 444 444 537 539 539 
74 74 82 82 120 154 154 179 225 225 479 879 879 1005 

478 
422 

111 111 447 463 463 926 926 
853 853 
884 884 954 
782 
229 795 822 998 

461 757 757 
482 482 1005 
166 
602 602 751 751 751 


954 
147 147 684 684 684 
277 277 941 
497 977 977 
481 481 481 559 845 845 922 1003 
366 366 
176 660 995 995 
122 635 
179 179 773 828 
198 606 903 
277 473 522 522 555 
250 948 948 948 948 
452 530 530 
90 336 502 502 532 532 800 800 876 
179 179 879 
391 391 
595 595 595 651 
3 69 69 344 344 
985 
324 324 665 665 822 903 915 915 
366 366 399 
5 5 657 657 710 
380 380 502 529 529 529 
112 112 252 252 252 348 376 887 
229 697 
274 274 377 442 
435 683 877 877 
229 776 997 
337 337 337 658 658 
57 57 
589 
202 687 
237 277 423 567 800 820 820 820 
79 79 79 79 497 540 540 614 644 644 817 817 1017 1017 1017 
11 23 23 564 599 646 646 879 879 879 954 954 
148 148 
194 194 559 712 912 956 
12 12 12 
722 722 722 
73 73 73 73 111 111 229 229 241 241 299 299 819 
548 548 548 1017 1017 1017 
604 826 826 826 959 
12 19 19 23 23 147 147 172 172 172 209 209 343 353 355 513 728 728 954 

277 277 419 430 757 757 757 
462 462 462 502 546 546 780 780 780 863 863 

964 986 
164 

53 790 902 

1010 1010 
277 
473 902 902 

974 974 

717 739 739 891 984 

244 318 689 963 963 
488 693 693 756 756 
480 645 645 645 
919 919 
162 
660 660 986 986 

171 310 310 454 454 633 633 711 899 954 954 
366 366 409 607 607 652 904 
775 
656 
28 28 79 79 590 590 
63 63 
162 162 277 
232 363 363 399 399 580 580 580 934 944 944 980 980 
229 229 654 985 985 
238 238 238 238 244 244 309 309 771 771 814 934 934 
138 
1 459 664 855 
162 162 
23 366 
277 390 397 569 
47 846 846 846 
168 229 229 780 863 863 995 1004 
193 699 
210 923 923 
640 640 648 674 
736 1023 
954 954 
265 265 265 486 557 898 
932 932 932 
151 407 
434 873 

367 367 
199 
382 
937 
117 421 1009 
277 778 778 778 855 855 
831 911 911 
180 180 
298 298 298 470 470 624 831 959 
635 
422 
460 505 505 
417 591 591 591 954 954 
41 41 82 82 235 262 497 497 699 737 816 816 816 939 
75 75 
650 
826 893 1006 
131 407 407 
276 
357 357 357 910 910 
23 23 252 252 360 856 

263 263 640 640 989 
205 205 857 954 954 
375 375 
582 616 954 
11 
295 541 
15 15 104 113 113 119 119 182 182 229 229 266 277 277 277 289 439 472 472 472 572 572 572 739 758 925 
954 
88 165 271 
164 
36 
191 328 580 
123 317 317 435 435 525 525 730 863 
183 183 999 

107 588 954 
82 82 82 267 576 576 576 783 860 
339 
585 702 724 724 780 854 854 
430 764 780 780 780 832 832 832 943 943 
46 511 684 684 827 827 
277 428 
273 587 728 798 954 1006 
23 48 48 54 54 879 
141 141 192 192 522 522 522 522 

162 162 229 229 796 796 994 994 
169 169 277 858 858 858 
195 195 195 420 

954 954 
434 434 756 

383 612 612 846 903 
234 234 
167 531 531 531 
180 180 303 391 
124 311 778 954 1004 
0 0 76 76 277 380 855 932 958 958 
184 184 184 223 
222 229 229 373 437 581 581 869 869 948 948 
355 355 355 668 
49 
135 
499 530 
418 567 567 567 673 684 684 684 850 
71 

321 321 321 791 
157 157 279 279 954 
277 
247 596 
714 714 714 717 
82 82 785 954 
125 
284 317 
282 825 825 
374 374 954 
880 
723 

429 434 610 820 
222 222 222 581 954 987 987 
495 495 495 495 621 621 887 
437 580 
534 
196 218 218 218 
195 978 978 978 
1001 
23 23 491 491 491 833 833 833 
388 
632 
897 897 1000 
32 64 67 79 79 115 115 123 123 162 162 182 182 196 196 230 241 250 250 250 277 277 277 278 278 281 323 323 345 358 366 366 405 424 424 427 476 476 485 534 534 603 630 630 632 632 681 691 691 706 706 719 726 746 746 746 752 752 765 766 780 780 780 796 830 830 830 830 864 869 880 880 885 885 886 886 891 906 948 949 949 951 987 998 998 998 998 998 
229 719 
8 300 845 
114 363 787 787 787 
632 632 
190 190 631 631 834 891 891 891 
147 
7 767 928 
72 
116 116 116 116 309 423 660 660 922 957 
699 950 950 

79 79 229 
794 
665 665 874 874 
100 116 116 

536 
207 
362 397 397 
412 688 909 909 
5 51 229 229 229 621 887 
343 353 353 
63 63 63 154 154 539 739 
366 366 
677 1011 1011 
810 810 

311 311 476 545 781 
791 1019 1019 
502 532 532 966 
549 
366 366 
147 324 363 366 366 412 493 493 521 563 624 660 799 959 959 1017 
5 156 156 384 384 384 
577 577 577 767 767 954 
129 129 129 898 1022 1022 
162 277 739 
172 991 
566 576 800 947 
277 871 900 900 

164 407 671 671 
274 347 347 407 407 
178 302 302 488 926 954 
65 65 272 366 779 
666 773 773 852 
152 470 479 
6 22 42 42 50 72 84 84 93 113 121 139 162 162 162 177 183 194 206 229 229 229 266 269 298 324 324 324 324 346 346 346 346 375 419 419 449 453 459 475 529 533 558 558 603 603 621 621 666 697 697 707 707 771 802 855 855 855 874 900 902 902 902 902 903 903 903 941 957 957 988 988 1018 
229 229 345 
205 205 386 722 823 823 
725 
229 759 994 
212 
429 429 954 
211 800 954 
407 
547 547 901 901 954 
673 673 
785 921 
162 647 665 

806 806 806 
954 
362 
567 
161 
475 914 920 

142 142 142 277 619 929 929 929 
79 79 
231 554 554 
728 892 
273 273 926 926 
192 

907 907 954 
385 385 

964 
116 116 238 372 
0 107 107 367 367 454 
193 257 257 352 565 565 596 754 922 
760 803 


1008 
379 617 617 617 903 903 
168 168 211 
100 414 

957 
204 204 204 
641 641 660 
229 229 603 603 650 650 655 655 706 827 
59 59 262 277 277 277 277 569 569 569 876 876 903 903 
343 
777 
714 1006 
7 167 531 531 580 686 
590 796 

5 5 908 
366 
622 
523 523 
720 720 720 984 984 
53 800 936 
68 68 68 548 548 592 592 810 
716 924 924 
173 551 
418 
597 954 992 
396 853 
82 251 325 
57 57 
229 278 
277 277 277 277 348 348 348 452 452 651 
272 272 832 832 
63 346 346 346 
823 
428 
457 469 548 548 806 810 983 
311 813 813 
4 4 82 251 251 
993 993 1007 
82 197 197 197 643 
872 
153 153 153 650 
229 603 
528 528 
154 502 541 541 
389 
248 293 502 615 816 816 
114 114 232 262 366 366 
586 
820 820 
8 8 45 45 60 60 108 108 120 229 229 253 253 261 261 262 262 274 332 363 363 372 399 407 470 476 607 607 663 668 673 688 719 719 719 763 777 790 902 922 950 950 976 976 976 980 981 999 1007 1007 
134 134 310 310 

770 937 937 
954 954 

309 366 919 963 
196 
213 213 
158 158 277 385 
63 403 
65 445 445 445 
618 618 
316 
62 62 194 428 914 

136 626 626 626 
189 533 533 533 872 
5 263 263 263 396 767 
306 306 375 988 
279 
2 2 2 
226 426 568 634 634 924 
361 954 
121 663 663 663 778 788 788 805 
55 55 192 
406 406 527 
466 564 
451 451 

342 384 767 857 
121 248 248 484 
819 819 
60 114 114 366 599 599 599 650 650 823 999 
852 
645 732 732 757 949 949 
736 937 
376 954 
590 
229 567 
392 392 
131 151 151 271 272 272 285 366 422 427 583 583 584 

108 880 
660 919 977 
473 492 570 990 
249 262 999 999 999 1017 1017 
513 513 513 586 749 749 930 946 
318 530 682 868 868 950 950 954 954 
504 504 942 1007 
963 
146 
201 340 
84 277 277 666 666 707 
184 
138 
26 144 407 434 434 579 584 756 768 
72 238 735 
229 229 

388 1002 
229 407 483 625 671 695 695 780 780 975 
177 350 380 463 486 486 486 498 557 557 684 684 696 709 755 755 822 838 861 861 879 937 947 
217 283 283 624 835 835 
84 175 764 764 
1002 1002 
1015 
767 767 767 
132 187 187 217 422 422 515 516 516 516 768 
66 168 168 525 786 786 
922 922 955 
196 220 1004 1004 
733 733 
162 758 855 

515 515 
65 
726 747 747 
22 22 
377 377 377 464 895 

28 463 463 

277 954 954 954 

394 394 637 
3 3 52 346 346 530 954 
277 
107 107 310 661 
486 725 

351 535 
640 777 
118 277 957 1006 1006 1006 
145 
34 949 949 
85 85 85 546 546 929 
28 28 428 447 447 649 649 649 649 
445 
737 737 954 
393 
639 888 954 
802 
351 
142 142 276 366 624 912 959 

162 162 162 572 735 735 925 925 978 978 
50 94 411 727 902 

277 296 720 
229 229 257 366 620 745 957 957 
1023 
25 971 
23 276 518 
102 889 889 
44 44 44 712 784 784 
35 35 958 
427 
397 950 
229 
129 428 428 428 455 801 801 801 898 898 898 
532 532 540 707 707 707 741 741 741 862 1006 1006 
101 273 693 693 756 
726 818 
715 
225 225 225 929 954 954 955 
411 
262 262 982 982 1000 
746 746 746 954 
219 219 219 219 
809 959 
43 73 147 147 790 954 954 954 
428 861 
200 


53 53 62 85 259 360 362 532 532 607 659 674 762 763 773 889 889 889 922 922 922 966 966 
735 735 735 
415 415 636 
145 145 648 

508 656 662 
507 969 969 
799 

176 660 
719 719 
82 413 413 413 787 
758 1017 
434 441 441 874 961 
434 434 434 820 820 1023 

479 

6 680 759 759 
262 
50 50 180 180 180 180 555 
334 334 817 817 
736 
168 168 435 
767 767 767 954 
392 927 927 927 
359 359 
62 62 62 277 858 954 
52 52 200 414 452 954 
191 191 191 328 328 
53 53 259 259 487 487 502 502 692 738 
277 383 383 383 
221 229 229 948 948 
457 
246 
22 
632 632 632 1003 
22 22 252 808 1017 
73 73 487 
161 360 360 
739 739 739 
855 
614 614 614 
21 21 257 562 922 978 
85 85 462 462 780 780 
286 286 801 954 
80 80 80 337 337 351 351 782 810 810 810 954 
260 1006 
972 972 972 
339 879 879 


300 300 
50 522 

129 428 428 684 937 
277 277 
44 76 712 712 758 758 784 784 922 
676 1006 1006 

545 922 
262 959 
74 393 915 
311 311 
268 
72 201 201 201 294 405 571 571 820 820 820 
1 388 1002 1002 
5 121 324 324 324 767 931 
411 
567 567 
162 162 162 472 

684 741 
875 886 
172 172 172 268 775 775 
264 264 264 

422 851 
114 114 114 167 220 328 722 
196 196 218 
159 743 950 1007 1007 1007 
407 407 
407 422 979 
174 
364 413 
178 954 
171 607 607 607 761 
70 
111 111 329 404 715 715 715 715 926 926 
146 146 146 
337 337 

640 640 
56 56 56 
207 311 922 
341 992 
819 866 
74 399 399 399 

805 
37 37 751 954 
229 277 277 323 323 358 995 
81 1006 
681 
49 782 
108 108 366 366 502 588 588 588 777 777 777 
759 
707 
217 820 
880 
189 189 660 660 733 
933 
73 544 544 544 
362 913 975 
159 663 982 
316 316 316 
378 378 776 776 
298 
476 
219 219 250 277 277 
333 632 632 951 951 
734 734 734 849 
142 262 429 470 
5 427 707 767 844 
382 382 382 810 
750 955 
870 
695 
229 229 690 710 
234 234 
227 229 229 233 233 538 538 538 622 622 
107 107 
388 388 
47 143 
504 
451 
831 
467 
126 126 156 156 458 594 594 954 
322 322 681 681 
720 
17 355 
73 73 
17 17 102 102 102 401 907 907 907 907 
74 74 717 839 
289 
1 126 505 1002 1002 1002 
463 463 463 463 
149 323 323 357 399 399 
19 19 56 346 694 694 
108 
849 886 
115 
323 323 
110 507 
61 61 
68 68 
502 763 
46 105 105 238 238 262 322 410 511 612 612 675 675 721 734 754 754 883 913 919 922 922 938 
7 7 454 901 
507 
366 390 390 390 616 687 687 687 982 
1 118 
59 59 243 243 289 989 
275 277 419 419 832 832 
10 10 676 741 741 741 1006 
197 366 
864 864 

271 271 427 
709 709 1000 
201 287 287 366 791 791 
126 502 773 
660 660 793 841 841 906 992 992 992 
560 667 1006 1006 
254 793 
883 954 954 
831 
520 
229 605 641 641 722 722 954 
414 
66 954 
41 41 41 176 176 201 201 201 428 428 557 574 787 892 937 937 937 954 954 
836 836 
328 983 983 
71 663 663 663 982 
249 366 1017 
100 946 
630 
229 229 
532 
101 101 488 488 
651 651 791 
427 427 629 724 780 780 812 854 854 
428 796 
64 277 277 

124 147 239 
950 950 

174 
740 780 


229 229 323 888 
277 277 419 487 487 487 609 625 
827 
428 672 672 920 
5 61 630 
107 967 981 
76 481 559 559 922 922 

208 208 208 327 746 746 974 1006 
490 590 590 590 590 797 797 
338 
98 208 646 839 998 998 998 
991 991 991 
229 230 366 366 366 512 512 
335 335 335 475 642 812 914 
660 838 954 954 
78 78 78 279 580 681 681 
215 
174 174 695 812 
18 18 280 455 804 
229 443 489 894 
473 902 
82 82 178 301 1018 1018 

168 906 
953 
401 401 1013 
438 438 612 
623 623 623 660 
423 472 472 503 503 503 
127 402 524 
147 465 465 
532 
98 98 162 252 266 542 542 542 
703 886 
487 487 487 574 667 667 667 1006 
901 901 
582 

476 
229 229 229 494 494 494 714 714 1002 1002 1002 
443 443 

413 413 
627 
37 37 37 602 954 
229 229 
988 
311 660 660 
428 428 934 
101 101 187 422 488 
34 34 84 84 84 401 1014 1014 1014 
162 439 514 559 559 892 1017 
281 520 520 608 
312 825 825 
588 
502 763 
366 502 659 762 
175 430 430 
229 
229 
5 5 5 236 264 264 384 396 433 433 433 526 526 526 569 625 844 983 
422 434 
780 
369 834 840 
116 116 277 

48 275 275 502 674 

109 576 576 
67 618 618 
326 366 458 607 607 607 
139 139 139 193 390 805 805 805 893 
274 
85 85 85 123 174 175 175 175 229 229 229 427 427 546 546 695 695 703 769 840 840 886 886 943 1015 
257 
31 548 606 
172 
481 481 559 559 
209 288 941 
435 435 890 
232 232 232 513 684 892 954 954 
390 390 

90 366 497 795 
204 258 673 673 694 870 870 

675 677 
242 
9 32 790 835 835 
182 182 229 329 696 
715 715 
178 
262 509 
53 53 72 268 284 336 817 876 876 
486 486 486 547 954 
277 468 
13 13 13 312 
19 725 
390 601 778 778 778 878 893 954 
291 291 291 351 810 810 
832 946 
539 
496 
255 255 337 351 548 548 548 626 806 806 

695 720 724 
352 352 922 
116 

147 147 147 362 362 936 936 
73 73 523 523 800 
489 942 
79 398 398 598 866 
72 72 72 217 365 365 516 516 567 567 567 610 916 
850 
32 59 428 
279 279 349 399 
963 963 963 
212 212 760 760 
81 81 81 150 853 853 1006 
176 176 323 708 
48 922 

229 229 229 229 987 987 987 
140 142 638 679 959 959 
2 2 175 175 175 347 347 666 666 807 
225 225 225 
234 770 
429 429 795 795 1001 1001 
685 685 859 

428 721 954 
646 717 
770 780 780 
675 675 946 954 954 954 
954 954 954 

625 767 
44 44 231 
122 122 122 189 

1005 
623 653 
201 821 905 
579 1002 
275 400 
29 29 342 826 826 
174 174 695 695 
118 139 139 194 277 277 277 439 543 
154 
157 396 
183 183 183 529 903 903 
836 
172 
428 428 498 
487 
85 85 123 123 168 
229 669 669 

598 819 
1008 1008 
414 414 903 903 
196 196 229 
628 791 791 
269 
356 383 
132 
243 243 277 515 
575 
53 324 324 800 800 
66 66 
805 
23 23 54 74 74 74 179 428 551 551 1005 
214 229 229 409 611 
902 902 
907 954 
660 678 
30 30 1006 1006 
229 229 
229 229 575 653 740 780 780 
63 219 250 
467 706 
480 480 502 502 502 950 950 
786 
98 229 234 234 234 
301 684 758 787 
150 778 805 
726 
445 

228 228 
129 265 486 486 486 1022 1022 
107 
269 269 277 
286 286 661 742 742 
90 94 94 277 277 277 277 366 473 727 881 881 
49 59 189 277 277 277 316 316 324 324 858 858 868 868 
108 
850 
229 675 730 
305 305 645 645 645 645 882 954 954 
331 
249 249 
153 153 
140 140 
76 470 958 
615 660 
296 380 720 
59 59 564 
820 


103 103 372 410 660 
296 709 
288 956 
21 21 44 238 311 366 436 436 502 502 502 545 559 562 596 660 660 712 712 813 828 968 978 
125 125 
338 338 388 
162 472 472 
28 28 273 302 302 590 590 
21 527 527 527 
236 935 1006 
298 298 298 462 491 
413 
569 
130 130 130 194 
613 
114 116 116 755 
928 1006 1006 1008 
336 816 816 
137 369 369 402 428 557 684 684 684 1023 
660 
147 

42 277 785 963 963 
415 818 
10 175 175 780 
114 114 976 980 

413 689 807 841 
268 428 
51 51 51 51 196 196 229 534 534 
229 229 401 401 461 461 1013 
239 239 366 366 414 414 484 582 700 700 889 889 
229 622 622 
954 
731 
5 14 30 40 74 74 82 107 107 128 128 146 146 157 157 159 163 171 178 186 186 193 205 209 213 218 264 273 283 284 286 292 305 341 370 370 389 403 414 414 449 449 449 452 465 467 491 491 494 497 497 497 526 529 530 547 548 587 602 640 678 678 681 683 684 684 721 721 751 787 787 801 805 838 841 841 841 842 842 842 882 907 907 952 963 1002 1006 1007 1023 1023 
436 491 627 
76 921 
238 277 277 320 459 476 476 
194 194 482 912 
81 142 262 262 470 496 563 831 831 

515 

100 100 372 416 824 824 824 941 941 954 
87 308 

259 502 502 1008 
711 
21 21 922 
508 508 

478 
550 550 550 

96 96 714 
427 615 1012 
366 366 366 944 980 980 
43 43 410 
223 223 223 472 472 545 922 
584 
114 114 366 944 976 976 
366 711 
493 493 616 663 687 
351 686 686 767 
98 335 335 
58 115 115 
87 105 105 
218 218 229 830 830 830 
277 277 385 753 
156 665 
411 
267 718 718 718 
5 341 597 675 675 675 1017 1017 1017 
354 354 
6 182 182 281 
12 12 46 46 123 603 

67 
32 229 229 229 229 229 717 717 717 
169 366 399 412 412 412 
228 493 672 1013 1013 
224 835 835 
1 1 1 426 431 431 568 568 648 648 648 746 746 746 851 954 1006 1006 1008 
44 538 
123 193 437 437 
23 35 848 879 
150 178 327 459 459 459 487 487 549 560 560 604 667 676 676 714 741 826 884 884 928 935 935 954 1002 1002 1009 
354 366 366 415 582 582 582 954 
315 867 867 935 966 1002 
138 1006 
92 92 
254 254 
975 
732 949 1000 1000 
757 757 757 
432 780 

73 73 73 80 80 80 262 412 412 514 539 688 758 992 992 992 
277 728 728 
258 258 


265 265 898 898 
127 477 516 937 954 954 
