nodes: 1024 edges: 1957
194 194 310 
9 118 118 118 648 664 1002 1002 
387 832 832 

212 353 
61 167 185 250 328 328 331 569 625 625 710 954 
281 520 520 759 994 
61 61 236 328 661 661 
229 366 366 553 
1 648 795 
667 667 943 

82 82 82 995 995 
212 803 825 
954 
147 162 910 
954 
82 82 82 804 
725 
82 82 651 651 
776 925 
545 545 922 922 927 968 968 
277 444 539 539 539 648 
74 74 82 82 82 82 120 154 154 154 154 154 225 225 479 617 879 879 
31 31 803 
478 
950 

111 326 326 447 447 463 590 926 926 
853 853 
417 884 884 
24 24 351 351 
132 229 603 822 
77 
461 461 949 949 
482 482 
229 229 635 635 635 
751 751 937 937 


497 954 
147 147 684 684 
766 
497 954 954 977 977 
481 481 481 481 845 845 1003 1003 
366 
660 660 995 
122 
179 179 179 
198 198 
277 473 473 555 
129 948 
452 
502 502 532 532 800 876 936 
179 308 879 879 879 
391 391 954 954 
220 
69 69 344 
985 1010 
324 665 665 915 
399 399 977 
5 7 7 657 657 710 710 
314 380 502 502 529 529 529 556 
112 112 154 252 348 376 887 887 
697 697 
272 272 
435 683 786 877 
997 997 
337 337 658 
57 57 
589 589 
151 448 687 
277 277 423 567 567 800 
79 79 497 497 540 540 540 817 817 817 1017 1017 1017 1017 1017 
23 23 564 564 646 646 717 879 879 954 954 
148 810 
194 282 712 956 
33 
722 722 
73 73 229 229 241 299 611 611 
536 548 548 1017 1017 
826 826 
12 12 12 17 17 17 19 19 23 23 23 23 147 147 172 172 197 343 343 353 355 500 513 513 699 699 728 728 954 954 
714 714 
277 405 419 430 430 757 
123 123 123 502 546 546 575 863 



483 
896 902 902 902 
559 
1010 
277 
473 727 902 
1006 
974 
928 
717 717 739 984 
344 344 500 
318 
488 693 693 
645 645 645 
919 


392 392 
171 310 633 633 711 837 
409 607 607 652 652 777 
775 1021 
164 164 1005 1005 
28 
63 63 
162 
232 363 366 366 580 580 934 944 980 980 
654 985 985 
238 244 244 244 258 309 309 309 771 771 814 934 
138 
1 1 1 664 855 
162 739 739 739 
23 366 
277 390 390 397 569 596 
47 846 
85 85 85 168 168 229 229 435 492 780 780 780 995 995 1004 

210 210 923 923 
594 648 648 648 674 
402 736 1023 1023 

51 265 486 947 

151 859 
32 
497 
367 367 
199 571 
252 856 
937 937 
117 421 
277 439 778 855 
181 
180 
298 298 298 470 496 831 831 959 

187 187 
460 505 1017 1017 
417 417 417 591 591 591 954 954 
15 41 41 82 82 171 262 262 497 699 737 737 816 816 816 816 954 
75 
650 
826 826 893 1006 
71 131 202 
157 617 756 
357 910 
23 23 23 23 23 63 252 359 360 360 

263 263 989 989 
152 857 857 
277 277 
582 


15 113 119 182 182 229 229 229 266 277 277 277 289 289 321 439 472 472 514 514 514 572 572 647 715 715 715 739 739 758 797 903 903 903 925 

110 110 

256 635 
5 580 
123 123 317 525 730 863 
183 183 183 999 
799 
107 147 588 954 
82 82 783 860 915 
339 339 
585 603 702 724 
347 347 347 430 764 769 769 780 780 807 
511 660 684 
428 428 455 
273 273 273 728 798 954 954 
48 48 48 54 879 
141 192 522 522 
140 
162 162 229 387 387 796 994 
169 169 169 858 
420 
5 
516 516 
144 144 756 756 
773 773 773 
277 277 383 612 612 612 846 867 867 903 903 
234 
328 531 531 
180 391 783 783 783 783 
311 318 1004 1004 
0 0 76 277 855 932 958 
223 978 
218 222 222 229 229 437 571 948 948 954 954 
82 355 355 668 
49 49 389 
135 203 571 
499 
340 418 567 567 567 567 684 850 850 850 850 
151 998 
199 920 
791 791 791 
279 279 829 
277 277 

327 361 717 717 717 
785 785 954 954 
125 125 723 723 723 
317 317 
4 13 282 470 470 
314 374 491 865 865 865 
611 880 880 
723 

365 429 429 429 434 610 
196 222 222 581 954 
495 887 
56 437 580 
229 229 377 
196 196 218 218 787 
195 978 
1001 
23 23 491 833 
924 
608 
897 1000 
8 32 36 36 79 79 123 123 162 162 162 182 196 196 221 221 241 250 277 281 281 281 292 314 323 323 345 358 366 368 368 377 377 387 387 424 424 427 427 442 476 476 485 534 544 578 600 600 603 603 630 632 632 681 681 690 691 691 746 746 746 752 765 766 776 780 780 780 796 796 830 864 864 869 869 885 885 886 886 886 891 891 949 949 987 1013 1013 
719 
845 
114 892 892 
632 632 
190 631 834 834 891 

7 928 928 928 
966 
116 660 814 922 922 922 
398 950 

79 229 

583 583 665 665 665 874 
116 116 116 302 

624 
596 
362 397 788 816 
847 909 
5 229 887 954 954 
343 353 
63 136 154 270 739 856 
366 
677 1011 1011 1011 

166 
311 311 476 
116 897 1019 
532 966 
549 549 
366 366 
147 147 363 440 440 493 493 521 799 959 959 959 1017 1017 
156 156 384 384 531 625 
526 577 767 
129 1022 
162 277 277 
991 
566 566 850 850 
277 277 900 
252 403 
407 
65 65 274 274 407 
178 178 178 302 542 926 926 954 
272 272 366 407 
419 666 
470 470 479 479 
22 50 72 72 84 93 121 139 158 158 162 162 162 189 189 194 206 206 229 266 266 269 269 324 324 324 339 346 419 449 449 459 459 475 475 529 533 533 570 603 603 621 621 666 697 707 739 802 855 855 874 874 900 902 902 903 903 941 957 988 
345 345 
205 205 386 386 823 
725 
6 229 229 229 759 759 987 987 994 
76 212 468 468 876 
429 513 954 
954 
778 
547 547 901 954 
673 
785 785 921 921 956 
162 162 
402 
317 366 366 806 
229 952 952 966 
362 362 722 

966 
920 920 

142 142 142 
79 420 449 
554 554 896 
728 892 
244 273 926 


954 
385 385 385 419 
777 777 
54 551 879 964 
116 116 116 372 372 372 
0 107 317 367 367 367 456 954 
193 257 257 352 565 596 922 
760 803 
502 
62 213 229 491 491 

379 617 903 
168 211 211 291 310 
100 193 366 414 954 954 
459 831 
362 
162 
641 660 
229 229 357 603 603 650 706 744 827 871 871 
59 277 277 277 569 569 569 569 876 876 876 903 903 903 

28 28 333 777 777 
208 714 1006 1006 
5 5 7 191 531 580 
590 590 590 796 

5 908 
366 
326 622 

366 720 720 984 
659 659 659 936 936 
68 68 457 548 592 592 

173 173 277 551 551 
201 418 
954 992 992 992 

82 82 251 
57 99 99 
229 278 278 
277 452 452 452 
175 175 175 832 
63 

428 
31 31 469 806 810 810 983 
311 813 813 
4 82 251 
954 954 993 
82 197 197 643 

153 323 
229 603 
154 528 
154 154 
208 389 
248 293 293 320 502 615 615 984 
114 262 366 366 

217 820 
8 8 45 114 114 120 229 253 261 261 274 291 291 318 332 335 363 363 372 372 399 407 450 470 476 510 523 607 616 616 660 660 663 663 668 688 700 700 700 719 719 745 745 763 777 889 889 902 902 902 950 954 963 976 976 980 980 981 999 999 1007 1017 1017 1022 
134 134 310 310 310 944 954 
229 229 
770 937 937 
737 954 
490 490 490 
309 309 309 366 366 452 523 817 817 
681 681 681 
213 954 
385 613 613 613 
63 403 
221 229 229 445 445 
819 819 819 
316 
62 428 914 

626 626 810 
189 533 533 
263 263 396 677 677 767 767 
306 306 306 375 
279 279 
2 182 182 229 229 
426 1002 
198 361 954 954 997 
121 121 400 663 663 663 788 805 805 
55 55 192 954 
106 106 406 439 439 
564 564 564 790 
451 

384 857 857 
121 248 788 
239 819 819 819 819 
60 60 366 650 823 823 
390 852 852 
732 732 949 
127 290 736 937 1023 
270 376 954 954 

84 565 869 
392 964 
271 272 274 366 422 422 427 427 583 583 584 864 

108 

473 492 570 903 903 
999 1017 1017 
513 513 513 586 749 841 841 841 946 
318 530 530 530 868 868 950 
942 1007 1007 
517 963 
30 146 146 146 884 884 
201 340 
84 275 277 306 988 988 1006 
184 299 573 
138 
407 407 510 579 584 756 756 756 768 954 
72 735 
229 229 

388 
229 229 407 407 483 583 780 780 1012 1012 1012 
177 177 350 380 447 463 463 486 498 498 557 684 684 696 709 755 755 838 861 937 937 
217 217 217 283 835 835 835 
84 84 175 764 
1002 1002 
1015 
767 767 767 954 
217 479 516 640 640 768 820 954 
66 123 525 786 877 877 995 995 
922 927 927 955 
196 220 545 545 545 1004 1004 
733 890 
139 162 392 392 758 
262 262 609 660 660 
515 
229 
726 726 747 
22 
377 377 464 

28 28 428 463 
71 
277 277 299 954 
366 
394 637 637 780 
52 346 346 346 372 530 708 
475 903 
661 661 
177 725 725 
310 
337 535 535 
977 
277 277 319 957 1006 
145 
34 34 949 949 
546 
28 428 428 447 649 709 
445 
737 926 954 
1014 
639 639 815 973 
282 282 802 802 
351 810 
142 212 212 276 276 366 566 624 912 959 
780 
162 162 566 572 572 735 925 925 925 978 
50 50 94 411 881 
975 
277 277 453 
229 229 257 366 745 934 934 934 

25 971 
23 276 276 434 518 
889 889 
44 44 44 44 559 712 784 
35 35 
89 427 780 
889 950 
229 
129 428 801 898 954 
532 532 540 707 714 741 741 741 1006 1006 
101 756 756 

371 371 371 715 797 797 
213 225 314 314 954 955 
123 411 
262 262 764 1000 1000 1000 
746 746 954 954 
219 
142 
40 43 73 73 133 147 790 790 790 940 954 954 954 
428 428 861 861 947 
200 789 
82 99 581 

53 53 62 62 85 313 362 532 607 607 659 720 731 762 763 763 763 773 859 889 889 889 922 922 966 966 984 984 
735 735 

145 
756 
656 662 662 
662 
799 
366 422 
176 
719 
82 82 283 413 413 413 787 
162 162 162 1017 1017 1017 1017 
441 820 874 874 961 
186 186 434 820 820 
416 527 527 527 
479 954 954 958 

6 6 680 759 
262 
180 180 555 
366 372 817 

168 435 
264 844 954 
517 517 517 927 
359 859 859 
62 62 62 277 
414 414 414 452 954 954 
191 191 263 328 
53 53 259 487 487 502 692 692 738 738 
277 277 383 383 
229 
457 457 
80 

632 1003 1003 
22 22 22 808 808 1017 1017 
73 73 73 487 

273 739 739 926 926 926 

229 614 614 614 998 998 
21 21 437 437 437 562 562 922 922 978 978 
85 85 462 
286 286 954 
80 80 337 782 810 810 835 835 954 
260 260 1006 
903 972 972 972 
308 339 339 

8 
300 300 
50 522 
62 
428 684 861 861 937 
903 
91 481 758 758 758 784 922 1003 
1006 
584 901 
545 545 922 922 

74 74 393 393 393 
311 405 
268 268 470 472 761 
72 72 201 201 201 201 571 820 820 820 
1002 1002 
5 121 324 324 324 324 767 767 931 
277 411 
135 196 199 567 
162 162 472 472 
420 

85 875 886 
775 
264 867 
229 
422 851 
114 114 167 220 328 722 
218 500 
159 950 950 950 954 954 1007 
243 243 407 407 427 
407 422 561 667 979 
174 702 
413 995 
954 
171 607 761 1000 
70 70 954 
28 329 329 329 715 715 926 
146 146 146 
337 337 

126 

121 247 311 922 922 
917 917 
819 819 866 

229 229 
801 801 805 
751 954 
32 174 229 229 277 277 323 323 358 
826 826 1006 1006 1009 1009 
681 826 826 
903 
108 108 366 502 502 588 777 777 777 777 902 
227 759 759 1020 
440 707 
217 820 820 820 
79 79 214 880 880 1019 
189 189 189 660 660 798 878 878 
375 375 375 933 
544 544 544 
362 362 913 913 975 975 
366 366 982 982 
23 152 316 
776 
929 

277 277 
333 632 
734 
246 470 
5 5 263 707 767 
382 382 810 
750 955 

695 
229 
234 
229 229 233 233 538 622 
107 107 

36 36 36 166 

451 451 
831 831 
467 467 895 
434 434 833 954 954 
322 681 790 

355 

102 102 102 907 907 1014 1014 
74 74 717 839 
162 965 965 
1 9 22 126 126 126 1002 1002 
463 
149 323 399 
19 19 694 694 791 791 
108 108 

115 

507 
61 61 954 
68 
336 336 336 502 
46 46 176 238 322 366 366 440 440 612 612 734 805 805 913 913 922 922 938 986 
7 7 454 454 837 837 901 
507 507 508 
366 366 390 390 390 982 
1 118 
59 59 243 243 243 989 989 
275 277 
10 10 584 741 741 
197 366 

880 

709 
287 791 
126 773 773 
793 841 841 841 841 906 967 992 

254 384 384 
883 954 

520 
229 229 373 373 373 605 641 

66 954 
41 41 176 201 428 428 557 755 954 
836 836 836 
983 
71 
366 
946 
229 
229 229 
532 532 
101 101 
651 651 791 1019 
629 724 780 780 854 
428 796 796 796 796 
64 64 277 802 802 

82 82 147 939 
366 366 366 
828 
174 585 
780 780 


323 871 
277 487 609 625 1018 
452 
428 463 672 
5 61 61 
107 981 
76 481 784 784 845 922 

83 83 327 487 746 746 746 974 1006 1006 
162 162 162 490 590 590 797 

74 98 98 208 208 208 646 839 839 839 998 998 
991 991 
230 366 366 512 
335 335 502 773 914 

78 78 293 580 
210 210 210 215 
174 695 727 
18 280 455 455 804 804 805 954 
443 443 894 894 
94 724 902 
82 82 178 301 1018 

168 
502 953 
401 401 1013 1014 
438 
623 660 878 
423 472 503 503 
127 402 954 
147 147 370 465 
532 532 966 
98 119 119 119 162 162 252 277 542 542 
780 
487 487 487 667 667 1006 1006 
901 

323 827 
366 366 476 
229 229 229 494 494 714 714 714 847 1002 1002 1002 
443 818 

413 
627 
37 37 602 833 954 954 
229 776 776 776 
988 

428 428 684 934 934 
152 187 187 422 422 422 488 488 506 768 
84 
162 439 559 559 559 1017 1017 
6 281 281 520 608 608 
312 803 825 
566 588 
502 763 763 
366 502 502 502 762 762 
175 430 493 
229 
42 229 
264 384 384 433 433 433 569 569 625 954 954 
422 434 756 
175 175 780 
369 
116 116 

188 188 188 502 674 674 720 

109 576 
20 229 618 752 752 752 
108 307 307 326 326 366 607 607 607 607 
139 285 893 893 

123 123 123 175 175 229 229 229 427 427 451 471 483 695 695 703 703 740 769 943 969 1015 

548 795 
172 192 192 192 192 
481 559 712 712 
209 209 288 288 941 
66 435 890 
222 513 892 892 892 954 
248 390 397 
499 
393 497 497 497 641 
204 204 204 651 651 673 694 870 870 870 

675 

9 782 835 1001 
182 229 229 329 696 696 696 696 936 936 
162 490 490 715 
178 612 
170 262 509 1017 
53 72 876 876 
486 601 601 954 954 
277 468 468 697 697 
13 24 312 760 
17 725 725 
390 390 601 660 660 725 878 893 945 945 954 
291 351 810 
175 946 
539 539 

75 351 351 382 469 548 548 626 806 


352 352 
116 238 
467 888 888 954 
147 147 147 147 248 936 
73 73 73 372 372 523 
747 942 
378 378 378 398 398 398 398 598 598 866 866 
365 434 515 516 516 567 567 567 610 610 610 916 
850 
32 
279 399 399 

13 760 
81 81 150 150 604 604 605 605 853 
323 744 
701 978 
205 954 
229 
142 142 319 638 638 911 959 
2 2 347 
225 640 751 
234 234 
429 429 429 548 548 795 1001 
685 685 685 
107 661 661 
428 954 
646 717 717 717 

413 413 413 675 675 675 675 906 906 946 946 946 
954 
861 
526 945 945 
44 44 231 712 
122 189 
249 746 1017 
1005 

201 201 201 201 268 268 821 905 905 
579 1002 
400 400 
29 29 826 
695 
118 139 194 277 277 958 
136 252 
157 157 396 396 
183 903 903 
131 502 528 528 
172 
428 498 498 557 557 843 

85 168 
229 229 407 
213 213 213 
598 819 819 
189 189 577 935 1008 1008 
414 414 
229 229 405 949 
791 791 791 1019 
323 323 706 


243 277 277 515 515 1007 
575 886 
53 282 324 324 324 800 800 
66 435 435 
612 612 734 805 
23 23 54 54 54 74 74 179 308 1005 
214 214 611 611 670 996 
473 902 
954 
678 
30 30 417 417 1006 1006 
229 229 
229 229 229 575 875 
63 63 219 250 
815 815 
366 366 480 480 484 502 502 502 950 
438 786 
229 229 234 
232 232 301 787 787 787 
150 778 778 805 
726 726 
639 
90 300 
228 258 
486 

269 277 
286 561 661 742 
90 90 90 94 277 277 366 366 366 607 727 881 908 
162 162 162 189 189 277 277 316 324 324 324 411 411 453 550 558 606 858 858 

850 850 966 
675 841 841 
645 645 954 954 
331 902 
249 
15 153 
831 
470 958 
615 615 660 660 
380 720 
59 172 
820 
597 597 

103 
203 296 296 
288 288 956 
21 21 238 238 238 311 436 502 502 545 545 559 562 562 596 596 660 660 712 978 978 
125 125 
226 
20 162 472 472 472 
28 28 273 273 302 465 542 542 542 590 
21 436 436 527 
97 236 236 236 1006 1006 
619 954 954 954 

569 
194 
613 963 
114 116 476 476 476 755 755 
867 1002 1002 1006 1006 1006 
53 336 336 796 796 816 
37 37 137 137 369 369 402 428 428 557 1023 1023 
660 
699 
497 
277 785 
415 818 
10 780 
114 367 
805 805 844 844 
413 689 807 841 841 841 
129 498 
51 196 196 
34 34 229 229 401 461 461 869 1013 
26 239 366 414 484 582 582 582 889 

292 292 954 954 
731 
5 14 16 40 43 43 55 55 74 74 82 82 146 146 147 171 178 178 196 196 209 209 218 250 250 273 283 284 286 305 310 318 318 341 354 354 366 367 370 374 389 389 391 403 403 422 433 434 449 465 486 491 494 494 497 497 497 518 518 526 530 530 547 548 582 582 587 589 602 640 640 657 678 683 684 725 736 751 751 767 767 787 801 801 805 815 829 838 842 882 907 907 929 929 929 952 952 963 993 993 993 993 1002 
436 491 627 
76 288 921 
277 459 
194 518 855 912 
142 262 262 262 470 831 

515 
1017 
366 416 933 954 
308 406 
647 647 
237 259 292 295 502 502 738 905 
675 
21 21 
780 
976 
478 
550 550 550 
467 
96 714 
474 615 615 1012 1012 
366 366 970 
43 43 60 458 
195 223 472 545 545 828 922 922 
584 
114 114 366 366 
366 711 
616 616 663 
351 686 
98 335 362 502 502 
58 115 115 
660 
229 281 281 
277 419 419 753 
156 156 665 665 

267 718 718 
341 341 341 675 1017 1017 
354 954 954 954 954 1007 
6 182 281 
12 12 46 123 123 435 435 586 
880 
67 67 389 
202 544 544 717 717 1011 
169 366 366 412 
228 493 493 493 588 1013 
224 795 835 
1 1 388 431 431 568 568 648 648 746 746 746 851 935 935 954 1006 1008 1008 
44 44 538 538 559 
123 193 193 437 437 
110 110 848 879 
95 150 327 327 419 459 487 487 549 560 604 604 714 714 741 741 884 884 928 928 935 935 935 1002 1009 
366 415 415 582 874 993 
867 867 1002 1002 
604 604 1006 
58 92 
254 254 254 998 
427 427 427 975 975 
229 229 732 949 1000 
466 645 645 732 
432 780 

73 73 73 73 73 80 80 145 145 262 262 366 366 412 412 514 514 514 514 539 539 758 758 799 847 962 992 992 
707 728 
258 611 694 870 
608 
109 
265 366 
127 127 402 937 937 
