nodes: 1024 edges: 1978
107 194 310 310 
118 118 568 648 1002 
182 387 387 
57 
212 212 353 
61 250 250 263 328 328 342 625 710 767 
281 520 520 994 994 
61 328 328 
229 231 300 366 
648 
175 175 667 676 943 943 
74 160 
77 82 82 103 995 
212 212 390 803 803 825 825 
892 
147 162 235 
954 
82 601 645 645 

82 82 537 537 537 651 651 

545 545 922 
277 277 444 537 931 
74 74 82 82 82 82 120 225 225 330 479 617 617 879 879 1005 1005 
31 
478 
422 

111 111 111 326 447 447 463 463 590 926 926 

224 224 636 636 884 
24 80 
132 229 603 603 998 

461 757 949 

166 635 
602 954 954 


497 954 
147 147 155 684 
766 766 941 
497 497 954 954 
481 481 538 922 
366 366 366 399 
176 660 660 660 995 995 
122 122 122 189 
179 773 
198 606 606 
277 522 555 934 
129 129 
452 530 
502 502 532 800 800 876 936 936 936 
179 308 763 
391 391 954 
220 595 651 651 
3 344 
985 1010 
324 324 665 665 665 903 915 
977 977 
5 7 657 657 710 
68 380 380 502 502 529 529 529 
112 154 252 348 887 887 887 

272 274 442 
877 
776 843 843 997 997 997 
62 337 337 382 
472 

202 448 687 687 
277 820 820 
79 79 79 497 497 497 614 644 811 1017 
11 23 23 599 599 599 717 717 879 879 954 
148 148 
194 282 912 956 956 956 
12 229 229 
366 722 722 
73 73 73 111 184 184 229 229 229 241 299 344 344 611 611 819 
31 548 954 954 1017 1017 
604 
12 12 17 19 19 23 23 23 23 147 147 172 267 343 353 353 500 513 513 699 798 954 

277 277 419 419 430 430 757 
123 318 502 546 780 
792 1017 
674 
164 
483 
790 902 
559 559 800 
479 479 
277 
902 902 

714 
236 
717 717 
344 344 500 
244 689 963 
488 488 756 
480 480 645 645 
12 315 919 
162 162 
660 660 986 
392 
0 171 171 454 661 837 899 954 
366 652 904 
229 
164 164 164 656 1005 
28 28 28 79 
63 
277 
232 363 366 366 399 399 580 580 580 944 980 980 
229 632 
238 238 244 309 309 771 814 814 934 934 934 
138 138 
1 1 664 664 
162 739 
23 
390 397 397 397 397 569 596 
47 47 47 846 
85 229 229 229 435 435 435 492 492 525 780 780 995 
367 367 367 654 699 699 
567 567 887 923 
594 640 648 648 648 674 833 
736 1023 

51 51 265 265 428 557 898 947 

407 407 
32 873 
497 497 
367 

180 252 
557 557 557 937 937 
117 117 242 421 421 1009 1009 
277 541 541 778 855 855 
181 181 911 
180 660 734 
298 470 470 624 831 
635 
151 151 187 187 422 
505 505 
417 
15 41 41 82 82 171 262 262 497 501 699 699 737 737 816 816 816 939 954 
75 75 
399 399 650 650 981 
826 826 
144 144 407 407 
276 276 276 617 756 
357 910 
63 252 252 359 360 
41 
263 
205 954 954 
375 375 
582 616 954 
11 

15 104 104 119 182 182 182 182 229 229 229 266 277 277 277 289 303 303 321 439 472 472 514 572 572 739 739 758 797 797 903 903 

88 110 110 110 271 1005 

36 256 635 
191 191 191 328 
489 525 730 863 
183 183 183 183 
1017 
107 107 147 210 588 588 723 954 954 
82 267 576 
339 
585 603 780 780 854 854 854 
10 10 347 347 430 430 780 780 807 832 969 
46 511 511 660 660 660 684 684 684 827 
486 486 486 
404 587 587 728 728 728 728 798 954 
48 54 879 
136 141 192 192 522 522 
140 140 
2 162 162 162 162 229 329 329 387 672 796 796 
169 169 169 169 277 858 
79 79 195 

516 704 704 
144 144 
261 773 
47 277 277 277 612 903 
234 234 
167 167 167 328 531 531 
180 180 783 783 783 954 
311 311 954 1004 1004 
0 76 277 932 958 
184 223 978 
222 229 437 571 581 794 954 

49 389 954 954 

530 
340 418 418 567 567 567 567 673 684 684 684 850 
71 407 407 

303 303 321 321 
157 279 279 
277 
247 247 
361 714 
954 954 
171 
284 317 317 317 
4 4 13 13 282 470 825 825 
314 314 491 491 954 954 

723 723 
329 
365 429 429 429 434 610 610 820 820 
222 987 
495 
56 580 651 

196 218 787 
195 978 978 
30 30 
23 23 491 491 


897 1000 
8 32 77 77 79 79 79 109 115 123 123 123 162 162 162 182 196 241 250 250 277 281 292 320 345 345 366 366 368 387 405 405 405 407 424 424 427 427 446 464 476 476 489 544 544 600 603 603 632 632 681 691 719 746 746 746 747 752 765 765 766 775 776 780 780 780 864 869 880 891 891 906 906 906 998 1013 1013 1013 

8 
114 363 892 
632 632 
190 190 631 834 
15 
97 928 928 
966 966 
116 116 309 660 660 660 922 922 922 
699 950 

79 229 
138 
665 665 665 
100 116 617 642 


207 207 
362 397 816 816 
688 688 688 847 847 847 909 
5 5 229 229 621 887 887 
353 353 
63 136 154 154 270 539 856 
393 
1011 
810 
166 
311 311 545 781 
897 1019 1019 
532 532 966 
549 
188 366 422 
147 147 324 363 363 366 366 440 493 521 521 563 563 624 799 959 959 1017 1017 
5 156 384 384 531 
526 526 577 577 577 
129 129 1022 
162 277 739 
82 172 
566 566 576 850 850 
277 900 900 900 
252 376 
164 407 407 671 671 
65 274 274 347 407 
302 302 302 488 926 926 926 954 954 
65 272 272 407 407 779 
419 773 
152 152 152 470 470 
22 22 50 72 84 84 93 113 139 162 162 162 183 189 189 189 194 206 229 266 269 324 324 324 339 346 375 411 419 419 419 453 453 459 459 529 603 603 619 666 707 707 771 802 855 855 874 902 902 902 903 903 903 941 941 954 
345 
205 205 386 722 823 823 823 
804 1022 
6 229 987 987 994 
76 212 468 468 
954 
211 800 954 
407 407 
547 901 901 

785 785 921 921 956 
162 647 665 
314 402 491 
317 366 806 
229 872 952 952 954 
362 722 722 
806 
966 
802 802 920 920 920 
545 
142 860 929 929 
79 
8 554 554 554 896 896 896 
728 
273 273 273 926 926 
162 162 204 204 

907 

777 837 
54 551 
116 116 238 
0 0 367 454 456 456 
193 193 257 257 565 879 922 922 
803 

213 213 290 
103 1008 1008 
379 617 903 903 
211 211 211 291 
85 414 414 954 
727 831 
229 
162 204 204 811 
641 735 878 878 
650 827 864 871 871 871 
59 59 262 277 277 277 569 569 569 569 876 876 876 903 903 
343 343 343 
28 333 777 777 
1006 
5 5 7 7 167 191 531 580 686 
182 182 216 590 
23 
992 992 
366 366 
326 622 622 
523 523 

659 659 800 936 
68 68 548 592 810 
924 
173 277 551 551 551 
201 418 418 684 
954 
5 853 
82 325 325 325 
57 79 79 99 99 
229 229 278 
277 348 348 452 452 651 
175 175 272 832 
63 346 346 
823 
428 755 755 
457 457 469 548 548 806 810 810 810 983 
813 813 
4 82 82 251 251 
954 993 993 
643 
780 780 872 872 
153 650 
603 
154 528 
154 541 541 541 
208 389 
248 293 502 502 502 743 743 984 
114 232 262 262 366 641 
586 
217 820 
8 45 45 45 78 108 114 114 229 229 261 262 262 291 332 332 363 399 399 407 470 470 470 476 502 502 510 523 523 523 607 607 616 660 663 673 745 763 763 777 790 889 902 922 950 954 963 976 999 999 1017 1017 1017 1022 
124 124 124 134 310 944 954 
229 

737 954 
490 
452 648 745 817 817 
681 
954 
158 158 277 385 613 
270 403 
445 445 
819 879 
316 
62 62 428 428 914 914 914 
988 
68 626 810 
533 872 1016 
263 263 677 767 
375 
279 
2 2 182 229 
634 924 1002 
198 361 954 
13 121 400 663 663 778 778 788 788 788 805 
55 55 954 
106 406 527 
253 466 466 
451 451 451 
878 878 878 
767 857 857 857 
121 121 121 121 248 
819 819 
45 114 114 149 149 366 366 599 650 823 853 981 981 999 
390 852 852 852 
645 732 757 757 949 
290 937 937 937 
376 
178 
229 229 229 567 
392 527 
131 131 151 151 202 202 229 271 271 272 274 274 285 285 366 422 427 561 583 584 584 


919 977 
277 473 473 492 492 570 903 903 
999 1017 1017 
513 586 749 841 841 841 946 946 
318 318 530 530 682 950 
1007 1007 
517 963 
146 884 
201 201 340 340 
84 84 275 277 277 277 666 666 988 1006 
573 
138 138 
26 144 261 407 434 434 561 561 584 584 756 768 

229 229 

634 
229 229 407 474 483 483 625 625 780 975 1012 
129 350 380 380 463 486 557 557 684 684 684 709 755 838 861 879 937 937 
217 217 217 816 835 
84 84 175 175 764 764 
1002 
1015 1015 1015 
767 767 853 
217 422 422 516 516 756 768 768 820 820 820 
123 123 123 786 877 995 
927 927 927 955 955 
196 545 545 545 
733 
162 
262 609 660 
515 515 
65 

22 
377 377 464 464 464 
229 
28 28 463 463 463 
71 
954 

394 394 394 637 780 1015 
52 346 346 372 954 954 
277 277 475 550 550 918 
107 310 
725 
310 310 
351 351 535 

277 277 1006 1006 1006 

34 
546 546 546 929 
28 28 428 447 447 447 649 649 709 
229 445 445 445 
590 737 737 926 926 954 
393 393 
735 815 954 
282 282 802 
351 810 
142 142 212 276 276 366 366 366 566 912 912 
780 780 
69 162 162 566 566 572 572 978 
411 411 881 881 902 902 
427 483 
453 720 802 
229 229 366 934 934 957 

25 971 
23 92 92 518 712 1010 
102 102 889 889 
44 44 559 559 
712 958 958 
89 427 427 474 
950 

177 177 177 428 898 
532 540 707 707 862 1006 1006 
101 101 273 756 
168 229 726 726 818 818 
371 715 715 
213 213 225 225 290 954 
123 123 411 411 
262 982 1000 
746 746 954 954 
219 568 
809 959 
40 43 43 73 73 73 133 133 147 790 790 790 940 940 954 
861 861 
530 789 
82 99 
147 
53 53 62 62 85 362 362 362 366 366 532 607 607 659 659 674 731 762 763 773 836 889 889 889 922 922 966 984 
735 
636 
145 145 648 

656 656 656 662 
969 

366 
176 176 
719 719 
82 82 413 787 
162 758 1017 
441 441 874 874 874 961 
186 434 434 820 820 1023 1023 1023 
416 
479 954 958 

6 6 680 680 680 759 
262 262 
50 180 180 555 
334 334 366 366 366 817 817 

123 168 
264 264 844 954 954 
392 406 927 927 
359 859 859 859 
62 62 62 277 858 954 954 
52 200 414 414 499 789 954 
191 191 263 328 
53 259 259 487 502 738 738 
383 
948 
457 

19 19 19 22 
44 632 632 
252 808 1017 1017 
487 
139 139 360 360 360 
739 739 
855 
229 229 614 
21 21 257 297 437 437 437 562 596 922 
85 462 462 462 780 
286 937 954 954 
80 337 351 351 795 795 810 810 835 
260 600 1006 1006 1006 
453 453 972 972 
308 339 339 339 879 879 964 
956 

300 300 300 
50 522 

129 137 137 137 428 428 684 684 684 

91 91 481 481 712 712 758 758 784 784 922 922 1003 
676 
407 422 422 584 901 
545 
262 262 959 959 959 
915 
311 
268 268 470 472 472 761 978 
125 125 201 201 201 201 405 571 571 820 820 
1 495 
121 324 324 324 324 767 931 
411 
196 567 567 
162 162 472 472 721 
420 
684 741 937 937 
875 886 886 886 
172 268 775 775 
264 264 264 

851 
114 114 114 220 328 722 722 
196 
159 942 950 950 954 1007 1007 
407 671 
407 407 422 422 561 
174 702 702 
364 413 995 
178 178 710 
171 171 607 761 1000 1000 1000 

28 329 465 715 715 

337 
699 
126 640 
56 
121 545 715 922 922 
917 992 
819 819 866 
74 74 74 399 
229 549 
17 
37 954 
32 32 174 229 229 277 277 358 995 995 
81 1006 1009 
826 
49 49 903 
366 366 502 502 588 777 902 902 
759 759 
440 707 707 
217 217 820 
79 79 819 819 880 
189 660 660 660 878 
375 933 
73 544 
975 975 
159 366 
23 23 152 244 316 
776 
277 929 

250 
333 333 951 951 
849 
142 262 959 
5 427 427 707 707 707 767 844 
382 810 
750 750 955 
870 
695 

234 
115 229 229 233 233 538 538 
902 
388 426 
36 143 166 
30 30 504 
451 779 
831 831 
895 
126 594 954 954 
322 363 681 790 
244 720 
355 
73 
17 17 102 102 401 907 907 1014 1014 
717 839 
289 
1 9 126 126 126 372 505 1002 1002 
463 463 
149 149 323 357 399 
19 19 56 56 220 346 791 
108 
780 849 886 
124 985 
744 
110 507 507 507 
61 61 

336 336 502 502 
46 46 46 105 105 141 176 176 176 238 238 238 366 440 612 612 612 675 705 721 734 734 883 913 922 922 954 986 
107 837 837 901 901 
507 
366 390 390 687 687 687 687 982 
118 118 
59 59 59 243 243 243 289 989 
277 419 419 832 
10 676 741 741 741 741 1006 


880 
271 271 583 
182 709 709 
201 366 791 
87 126 502 
660 841 906 906 
10 560 667 
384 793 793 793 
883 954 
831 831 831 
520 520 520 
229 373 641 
414 
865 865 954 
41 176 176 176 201 201 201 340 428 428 428 557 557 557 574 755 755 755 787 787 787 892 892 937 954 954 
836 836 836 
328 
71 71 663 663 663 663 
249 249 249 1017 1017 
100 946 951 

229 


791 
629 724 812 854 
796 796 796 
802 

82 124 124 147 147 239 593 954 
950 

585 585 
780 780 780 780 
186 186 
660 
871 
277 277 487 487 609 609 625 625 625 1018 
827 
428 463 672 672 920 
5 61 587 
967 967 981 
479 482 559 559 845 922 922 

96 208 746 746 900 
490 490 590 590 596 797 

74 74 98 98 646 998 998 
991 991 
229 512 512 
475 642 
572 660 838 838 
78 78 279 293 293 580 580 
171 215 215 
695 727 812 
455 804 804 804 954 
489 489 
319 724 902 
178 178 178 178 301 1018 1018 1018 
922 922 
168 
502 953 953 953 953 
401 1013 1014 
438 
141 660 660 
322 467 503 
127 954 954 954 
147 147 370 465 465 
532 532 966 
119 162 162 266 542 542 957 
780 
574 667 667 667 667 1006 
901 
362 362 
655 
366 372 
229 229 229 494 494 714 714 1002 1002 
229 818 818 894 

413 930 
627 627 
833 954 
229 
988 988 988 

350 350 428 684 684 684 934 
101 152 422 434 488 954 
34 84 401 401 949 1014 
162 514 559 559 892 1017 1017 
520 608 608 
803 825 
566 588 
502 
54 366 366 502 
430 430 
229 229 
42 42 229 
5 384 396 433 433 569 625 844 844 954 
422 434 434 
780 

116 277 
954 
48 188 275 502 

229 576 576 
67 229 618 
307 326 326 366 607 
139 390 390 805 805 
274 637 
85 123 123 174 174 175 175 229 229 229 356 356 427 451 471 471 546 653 703 703 703 703 740 769 886 943 969 
257 

192 192 192 
559 559 
288 288 941 
435 890 890 890 890 
222 513 684 684 684 892 892 
390 390 390 
499 530 
90 366 497 497 497 641 795 
651 673 694 870 870 
86 
677 677 677 
196 
548 548 790 835 
182 182 696 696 696 936 936 
162 162 715 
82 178 
262 
53 53 91 284 336 876 876 

277 296 296 468 475 697 
13 13 312 760 825 825 
280 725 725 725 
390 778 778 893 954 954 
291 294 351 810 
175 832 946 
539 
496 
255 337 351 351 351 382 469 548 548 626 806 
73 321 
695 724 
352 352 
116 116 
467 
147 147 147 248 248 429 936 936 
372 372 523 523 
489 489 747 747 
79 378 398 398 598 598 611 611 
72 72 217 217 365 434 434 434 516 516 567 567 610 
966 

279 279 279 349 399 
963 963 
13 13 212 212 760 803 803 
150 150 605 853 
176 323 708 
922 922 978 978 
954 

142 319 638 638 679 679 679 959 959 959 
175 347 666 807 
126 751 
234 
429 548 795 1001 
502 685 685 685 
107 307 661 661 
428 721 721 
646 

413 413 413 675 930 946 954 
954 
67 67 
526 625 767 767 945 
712 
122 
249 249 249 
1005 
623 653 
201 268 268 905 
579 
400 400 400 
342 399 433 826 
174 174 174 695 
139 139 277 277 543 958 
252 
396 396 396 
183 529 903 
528 528 528 
298 
428 498 498 
487 
168 
229 323 
683 683 
598 
935 935 1008 

229 949 
628 791 791 1019 
323 323 323 706 
292 356 356 383 982 
132 
277 515 515 515 900 
575 886 
53 324 324 324 800 800 
66 435 
322 322 395 395 395 612 
23 23 74 74 179 311 378 428 551 551 1005 
229 611 670 
473 473 902 902 
907 907 907 954 
660 678 
30 417 1006 1006 

575 575 575 653 780 875 
63 63 63 125 250 250 

366 480 480 502 502 502 950 950 
786 786 786 786 
229 229 
14 232 684 684 758 787 787 
805 
747 
639 
300 300 300 
228 258 
129 486 1022 1022 
107 
269 269 269 714 874 
286 286 561 661 661 742 
90 94 94 277 277 277 366 473 473 607 607 633 727 881 881 
59 162 162 189 277 277 277 316 316 324 324 411 411 606 858 
108 
850 
229 229 229 675 675 
305 645 645 882 882 882 

249 
153 
140 
76 470 470 
660 
380 380 380 
59 564 

597 
453 
103 410 
296 296 296 709 
288 288 956 
21 44 238 238 238 311 311 366 502 502 545 559 559 596 596 660 660 712 712 729 729 828 828 968 978 978 978 
125 
338 388 

28 28 273 273 273 302 302 465 465 
436 436 436 527 527 
236 236 935 1006 
298 298 462 619 954 
749 841 
22 569 
194 
613 
50 116 116 116 476 476 755 
867 867 928 1002 1006 1006 1008 
53 53 53 336 796 796 816 816 
137 137 402 402 402 428 428 547 574 574 684 

147 
497 497 
42 277 277 785 963 963 
582 
10 10 780 
114 367 976 980 
844 
413 413 689 807 841 
129 
534 
34 401 757 869 1013 1013 
239 366 414 484 582 582 700 889 889 
622 622 689 
292 292 954 
731 731 731 731 
16 37 37 40 43 43 55 74 80 80 82 107 147 157 157 159 171 171 178 192 193 196 198 198 209 209 213 213 273 273 277 283 284 292 318 341 354 366 367 370 374 389 391 449 452 452 465 467 491 494 494 497 518 526 526 529 529 530 547 547 582 602 640 640 660 678 683 684 684 699 725 736 736 736 751 756 767 772 805 805 829 841 842 882 929 952 963 963 993 993 1002 1006 1023 
436 436 627 
76 76 76 288 552 921 
476 739 
194 482 482 518 855 
262 262 496 563 563 563 624 831 831 831 

515 

100 366 416 824 824 941 941 954 954 
551 

237 237 259 295 502 738 821 
711 711 
922 
175 508 780 
976 
478 
550 550 


427 615 615 1012 1012 
366 944 970 
60 60 410 
195 223 223 472 566 828 828 922 922 922 

114 114 944 
149 399 399 711 
493 663 872 
351 
362 502 
58 654 
105 660 
218 281 281 
381 419 753 753 753 
665 

718 718 
331 331 597 1017 1017 
354 354 954 954 1007 
6 6 281 
12 46 46 123 435 586 603 603 

67 67 67 
32 229 717 717 1011 
366 366 399 412 
228 493 588 588 588 1013 1013 
835 
1 388 431 648 648 746 746 935 954 1006 
559 
193 193 
23 23 110 164 848 879 
327 419 459 459 459 487 487 549 549 549 604 667 741 884 884 928 935 935 954 1002 1008 
415 415 582 582 993 
315 315 867 935 1006 
138 138 604 
58 479 
254 998 
427 975 975 
229 229 229 732 949 949 1000 1000 
645 645 732 757 
432 432 432 451 
383 
73 80 80 86 170 262 262 366 366 366 412 412 514 539 539 688 688 758 758 992 992 
707 728 728 728 
258 258 870 


265 280 366 898 898 
127 516 516 516 954 
