nodes: 1024 edges: 3258
107 107 107 145 194 194 194 310 458 
9 118 568 648 648 664 664 1002 
182 387 387 832 832 
452 452 
172 212 353 353 353 353 353 
61 61 64 167 250 263 328 331 331 341 341 341 342 342 384 569 569 625 710 710 767 954 992 992 
281 281 520 520 994 994 
61 328 328 328 661 661 661 
229 229 231 231 231 300 553 553 
1 648 
667 667 667 676 943 
74 74 160 160 160 
77 77 77 82 82 995 995 
212 803 803 803 825 
954 
147 147 147 162 
818 954 954 
19 53 82 82 645 645 645 804 
305 725 
17 82 82 537 537 651 651 804 
229 776 776 776 
545 
277 444 444 444 444 539 931 
82 82 82 82 82 120 154 154 225 225 308 479 617 617 879 879 1005 1005 
31 31 31 803 803 
304 478 478 971 971 971 
422 950 
886 886 
111 111 326 326 326 447 447 463 463 926 

224 417 884 884 954 954 
24 24 24 80 351 351 
132 229 229 603 822 822 822 998 998 

461 461 757 757 757 949 
482 482 482 482 1005 
166 166 635 635 635 635 
602 602 751 

492 492 
497 954 954 
147 147 147 684 684 
277 766 766 766 
497 954 954 954 977 
481 481 559 559 845 845 1003 
366 366 366 366 366 399 
176 660 995 995 995 995 
122 
179 179 
198 198 606 606 606 606 
277 473 473 522 522 555 
129 129 129 250 948 948 948 
452 530 530 
17 90 502 532 532 532 800 800 876 876 876 876 876 936 936 
179 308 763 879 
391 391 954 954 954 
595 595 595 651 
69 69 69 79 472 
985 985 985 
324 665 665 665 665 903 915 915 
366 366 399 399 399 977 977 
5 5 7 657 657 657 710 710 710 710 710 
68 380 380 380 380 502 502 529 529 529 529 556 556 
112 252 252 252 252 348 348 376 887 887 887 
5 229 229 697 697 697 697 
272 272 272 274 274 274 
435 435 683 786 877 877 890 
776 776 776 843 997 997 997 
62 337 337 337 337 658 
57 57 57 

151 151 448 687 687 687 687 
277 277 277 567 567 800 820 820 820 820 
79 79 79 497 497 497 497 614 614 644 644 811 811 811 817 817 918 1011 1017 1017 1017 1017 1017 
11 11 564 599 646 646 717 717 748 879 954 954 954 
148 148 148 552 810 810 
194 194 712 712 956 
12 12 12 229 229 418 
722 722 722 
57 73 73 73 111 184 184 184 229 229 241 241 241 299 299 344 611 611 819 
31 536 536 548 548 548 954 954 954 1017 1017 1017 1017 
826 826 959 
12 12 17 17 19 19 23 23 23 23 23 147 147 147 172 172 172 197 197 209 209 209 267 353 355 500 513 513 537 593 699 798 798 954 954 954 
714 714 714 714 
277 277 277 405 419 419 757 757 757 757 
123 123 123 318 462 462 462 502 546 546 546 546 575 780 780 780 
1017 1017 
964 
164 

53 453 790 790 790 896 902 902 902 
800 
479 1010 1010 1010 
277 954 
277 473 473 727 902 902 902 902 902 

714 974 974 

717 717 717 739 984 984 984 984 
344 344 344 500 500 
318 318 
693 693 693 756 756 
480 645 
315 919 919 919 
162 739 739 
660 660 
392 392 392 
0 0 0 171 171 310 310 454 454 454 633 633 633 661 711 711 837 954 
366 366 366 607 607 777 777 904 
229 1021 1021 
164 164 164 1005 1005 
28 28 79 420 420 590 590 590 
63 
162 277 277 277 277 277 
232 232 232 363 366 366 399 580 580 980 980 980 
229 229 632 632 654 
238 244 244 244 258 258 258 258 258 309 309 934 934 934 
138 138 
1 459 459 664 664 664 664 855 855 
739 
23 366 
390 390 397 397 569 596 596 
47 
85 85 85 168 229 229 229 435 435 492 780 863 995 1004 
193 367 654 654 654 654 699 699 699 
210 210 210 567 567 567 567 567 923 
594 640 640 640 648 648 648 833 833 
736 1023 1023 1023 
954 954 954 
51 51 51 265 265 265 428 428 428 486 557 947 
932 932 
407 407 859 859 859 859 
32 434 544 873 
497 774 
367 367 
199 199 571 
180 252 382 
557 557 937 937 937 
117 117 421 421 1006 1009 
541 541 778 
831 831 911 911 911 911 911 
180 180 180 660 660 734 734 
298 298 298 298 470 470 470 470 624 
635 635 635 
151 151 187 187 187 187 187 422 422 422 
0 505 505 1017 1017 
417 417 417 591 954 954 954 
15 15 15 41 41 41 82 82 82 171 235 262 262 262 262 262 501 699 699 737 737 816 816 816 816 939 954 
75 75 75 208 
399 399 650 650 981 
826 826 1006 
71 71 144 144 202 202 407 407 407 407 
157 276 276 276 
323 357 910 910 910 
23 23 617 617 856 

263 263 263 263 263 640 640 
152 205 205 414 857 954 954 
277 375 375 
582 616 954 954 954 
11 11 11 
295 541 
15 104 113 182 182 182 182 229 229 229 277 277 277 303 303 321 439 439 472 572 572 572 572 715 739 758 758 758 797 903 903 925 925 925 
954 954 954 954 
88 110 110 110 673 673 

36 36 256 256 284 635 635 
5 191 191 191 580 
123 317 317 525 730 730 863 863 863 
183 183 183 183 
799 799 
107 107 147 588 588 954 
4 82 82 82 860 860 860 915 915 
339 
585 585 603 702 724 724 780 780 854 854 
347 347 347 430 430 430 430 430 764 769 832 832 943 943 
46 660 684 827 827 827 827 827 
428 428 455 486 486 
189 273 587 587 728 728 728 728 798 954 
48 48 54 
136 141 141 141 192 522 522 522 522 
831 831 911 
2 162 162 162 162 229 229 329 329 387 387 672 796 
169 169 169 169 858 858 
79 79 79 195 195 195 420 

516 516 516 704 704 704 954 954 
144 144 144 144 144 434 434 756 
773 773 
178 277 277 277 867 867 867 867 867 903 903 
234 
167 167 167 328 328 328 331 776 
180 391 391 783 783 783 954 954 954 
124 311 311 311 311 954 1004 1004 1004 
0 0 0 76 76 277 855 958 958 
184 184 184 223 978 
222 222 222 229 229 242 437 581 794 794 869 869 948 948 948 954 954 
82 82 355 355 668 668 
49 49 389 700 954 954 
135 135 203 203 203 571 
499 530 530 
340 418 418 418 418 418 567 567 567 684 684 684 850 
151 151 407 407 
199 199 199 244 
303 303 303 321 321 791 791 791 
157 157 279 279 279 954 
277 
247 596 
148 327 327 714 714 717 717 717 
82 82 82 785 954 954 
125 125 125 
284 317 317 
4 13 282 282 470 938 
314 374 374 374 491 865 865 954 954 
611 611 880 906 
588 588 723 723 723 723 
329 329 
365 429 429 429 434 610 610 820 
581 954 954 987 987 987 987 
495 495 495 495 621 621 
437 651 651 
229 270 377 
196 196 196 
195 978 978 978 978 
30 1001 
23 23 491 491 491 833 833 833 833 
388 388 924 
608 
897 897 
8 8 20 32 32 64 64 77 77 79 79 109 115 115 123 123 123 162 162 162 182 182 196 196 221 230 241 241 250 250 250 250 269 277 277 278 278 281 281 292 314 323 345 358 366 366 368 368 377 377 387 405 405 407 424 427 427 442 442 446 464 464 476 476 476 485 544 544 578 600 603 632 632 655 681 691 691 706 706 706 706 719 719 746 746 746 747 752 752 752 766 775 775 776 776 776 776 780 780 809 830 830 864 869 869 880 880 885 886 886 906 906 948 948 948 949 949 951 987 987 989 998 998 998 1013 1013 
229 234 719 
8 8 8 300 
114 114 114 787 787 787 787 892 892 892 892 
632 632 632 632 
190 230 631 631 631 834 834 891 891 
147 
928 928 928 
966 
116 660 660 660 922 922 
699 950 950 
305 305 907 907 907 
79 79 79 229 229 
196 509 794 
583 665 665 665 874 874 874 874 
116 116 116 203 617 617 642 

536 624 
207 596 
397 397 788 788 816 
688 688 847 847 847 847 
5 51 229 229 229 229 621 621 887 954 954 
343 353 353 
63 63 63 63 136 270 376 539 539 739 
366 393 
677 1011 1011 
300 810 810 810 
166 166 
311 311 545 545 781 
116 116 116 116 116 791 897 897 
502 502 521 532 532 532 966 
549 
366 422 663 
147 147 147 147 147 324 363 363 366 440 440 493 493 521 521 563 563 563 624 624 660 660 660 959 1017 1017 
5 156 156 156 156 156 384 625 625 625 625 
518 518 526 526 547 577 577 767 
129 129 129 898 1022 1022 1022 
739 739 
82 991 
566 566 566 566 576 576 576 576 576 800 850 947 
229 277 277 900 900 
221 252 376 376 808 
407 407 671 671 671 671 
65 65 65 274 347 
178 302 302 488 488 488 488 488 926 954 954 954 
65 65 65 272 366 366 407 407 779 779 
666 666 
152 152 152 470 470 470 479 719 
22 42 50 72 72 72 84 84 84 93 94 113 113 113 113 113 158 162 162 162 189 189 189 194 206 229 229 269 269 296 298 324 324 339 346 346 346 411 419 449 449 453 459 459 475 475 485 529 529 529 533 541 541 570 603 619 619 621 621 666 666 666 697 697 697 707 739 802 855 855 872 872 900 902 941 954 954 957 957 957 988 988 988 1018 1018 1018 
229 229 
205 205 205 386 386 386 386 722 823 823 
725 725 804 1022 
6 6 229 229 987 987 994 994 994 
212 212 468 468 468 
429 429 429 954 954 
166 211 954 954 954 
407 
547 901 901 901 901 954 954 
673 673 
785 785 921 956 
647 665 
314 314 314 402 491 
366 366 806 806 
229 461 872 872 872 872 952 954 954 954 
362 722 722 722 722 

161 966 
277 475 920 920 920 920 

142 142 142 142 277 619 619 860 929 929 
79 79 420 420 449 
8 231 255 554 554 896 896 896 
684 684 684 728 728 
273 273 926 926 926 
162 162 204 204 204 
25 
18 240 240 907 907 954 954 
385 385 385 419 
777 777 
23 54 519 551 964 964 964 
116 116 372 372 372 
0 107 107 317 454 454 456 456 456 456 954 
193 193 193 193 257 257 352 565 565 565 754 754 754 754 879 922 
760 760 803 803 803 

213 229 290 290 290 
103 812 812 1008 
379 617 617 903 903 
168 168 211 211 310 
85 100 100 414 414 414 414 954 

957 
162 204 204 811 
641 660 735 878 878 
153 229 357 603 650 650 655 655 706 706 706 864 864 871 
59 262 277 277 346 346 558 569 569 569 876 876 876 876 903 903 903 
343 343 343 355 
28 28 28 652 777 777 777 
208 208 1006 1006 
5 7 7 7 191 191 191 580 686 
182 182 216 216 590 590 590 590 
921 
5 5 191 908 992 992 
366 366 366 366 
622 622 622 
523 523 523 523 
366 366 502 720 720 720 984 984 984 984 
659 659 659 800 800 936 
68 68 68 68 457 592 
924 924 924 
173 277 551 551 
201 418 418 684 
5 5 5 597 597 954 954 992 992 
5 5 853 
251 325 325 325 
79 99 99 99 
229 830 918 
277 277 277 324 324 348 348 348 452 452 651 
175 175 175 272 617 
63 63 346 346 346 
823 823 
428 755 
31 31 457 469 469 548 806 806 806 806 810 983 983 983 983 
311 813 813 813 813 
4 4 4 4 4 82 251 251 
954 954 993 993 993 1007 1007 1007 1007 
82 197 197 325 643 
780 872 
153 323 780 
229 
502 528 528 
541 801 
389 714 
293 502 502 502 615 615 615 743 743 816 984 984 984 
114 262 262 366 366 641 
586 946 
217 820 
45 45 45 45 45 60 60 108 108 108 114 114 120 229 229 253 261 262 274 274 291 291 332 332 332 332 335 335 363 363 372 372 372 399 399 407 407 407 450 450 450 470 470 470 476 476 502 510 607 607 607 616 616 660 660 663 663 663 663 668 668 688 700 719 719 745 763 777 777 790 790 790 889 889 902 902 902 922 922 950 954 954 954 963 963 976 976 980 980 981 999 999 1007 1007 1007 1017 1022 1022 
124 134 134 944 954 954 
229 229 
937 937 
737 954 954 954 
490 490 490 
309 309 309 366 366 366 452 523 817 919 963 

213 213 213 954 
158 158 613 613 
63 252 270 270 403 
221 229 229 445 445 445 445 
618 819 819 819 879 879 
316 
62 62 62 62 428 428 428 914 
433 
136 626 626 626 810 
533 533 533 872 
5 263 396 
306 306 306 988 988 
279 279 279 279 
2 2 182 182 229 
226 226 426 426 426 634 634 924 924 924 
198 361 954 954 954 
121 121 663 663 663 663 778 788 788 805 805 
55 55 192 192 954 954 
106 106 106 406 439 527 
253 466 564 564 
451 874 
805 878 878 
384 767 857 857 
121 121 248 248 484 816 
819 819 
45 60 60 60 114 149 149 366 366 599 599 627 650 650 823 981 981 999 999 
852 852 852 852 
645 645 732 732 757 757 949 1013 1014 
290 736 736 736 937 937 937 1023 
376 954 954 954 
603 
84 229 229 565 
392 527 
131 131 151 151 151 151 202 202 229 271 271 274 274 285 366 366 366 422 422 427 561 561 561 583 584 584 


919 919 
277 473 473 473 473 492 492 570 903 990 990 
999 999 1017 
513 513 513 513 586 586 749 841 930 946 946 
157 318 318 318 318 530 530 530 530 655 682 682 682 868 868 868 868 950 950 950 954 
504 1007 
824 824 
30 146 146 146 884 884 884 884 
77 201 201 201 201 201 340 340 
84 84 277 306 666 666 666 666 707 707 988 1006 
111 111 184 299 299 573 573 573 
138 138 
26 144 144 144 261 407 407 434 510 561 561 561 584 584 756 756 768 768 768 768 768 954 
735 
229 
434 
388 388 388 
229 229 407 483 483 625 625 629 671 695 780 780 780 975 1012 1012 1012 1012 
129 129 129 177 177 350 380 380 380 463 486 486 486 498 557 557 557 684 684 709 755 822 838 879 937 947 
217 217 217 283 283 283 816 835 835 
175 175 175 175 175 764 764 
1002 1002 1002 
1015 1015 1015 
381 767 853 853 853 954 954 
132 187 187 217 422 425 479 479 515 515 516 516 516 640 640 756 756 768 820 820 954 954 
66 66 123 123 525 786 786 877 995 
927 927 955 955 955 
196 220 545 545 1004 1004 1004 
733 733 890 
162 162 392 758 855 855 
262 262 609 609 660 
963 
229 229 
726 747 747 747 
22 22 22 22 471 
377 377 377 377 464 464 464 
229 
28 28 463 463 463 463 
71 
277 277 299 954 954 954 954 
366 366 366 
394 637 637 637 1015 
3 3 52 346 346 372 708 954 954 
90 277 550 550 550 903 903 
107 107 107 310 310 661 
177 725 
310 310 310 310 
337 351 535 535 535 
0 640 977 
118 118 277 277 957 957 1006 
886 
34 34 292 949 949 
85 85 85 929 929 
28 28 428 447 447 447 447 649 649 649 649 709 
229 229 445 445 445 
737 900 900 926 954 954 
393 
815 888 888 954 954 954 
282 282 282 802 
351 351 810 810 810 
142 142 142 142 212 276 276 276 366 366 366 959 
444 585 
57 162 566 566 566 566 572 572 572 925 925 925 978 978 
50 50 94 94 411 411 411 411 881 881 902 902 
483 975 
277 277 296 720 802 
229 229 229 366 366 620 620 620 934 934 934 957 957 957 957 957 
1023 
25 25 971 971 971 
23 92 276 434 434 518 518 712 954 1010 1010 
102 502 502 889 889 
44 44 559 559 559 559 784 784 
35 35 35 35 
427 427 474 780 780 
397 889 889 950 
229 277 
129 177 177 428 428 428 801 801 898 898 898 898 898 954 
532 532 532 532 540 707 707 714 714 741 741 862 862 862 1006 1006 
273 273 273 273 273 756 756 756 
726 818 818 
371 371 371 797 
213 225 225 225 290 929 954 954 955 955 955 
39 39 123 411 411 
262 262 982 982 1000 1000 1000 
746 746 746 954 954 954 954 
219 219 219 219 568 
809 809 
40 43 73 73 73 73 133 790 940 940 940 954 954 954 
428 861 
200 530 530 530 789 789 
82 99 99 
147 
53 62 62 85 259 259 335 359 362 362 362 366 480 480 528 528 556 556 607 607 607 659 674 674 720 720 731 731 763 763 836 889 889 889 889 922 922 922 984 984 
735 735 735 735 735 
415 636 636 636 
145 145 648 648 648 648 648 
756 
508 656 656 656 662 780 
507 662 969 969 
242 
366 422 

719 
82 82 413 413 413 413 787 787 
758 1017 1017 
434 434 874 874 874 961 
186 186 186 434 434 434 1023 1023 1023 1023 
527 527 527 
264 264 479 479 
308 780 
6 6 680 680 680 683 759 759 
259 262 262 
50 50 180 180 180 180 555 
334 334 334 334 372 817 817 
736 736 
168 435 
264 264 767 767 954 954 954 
392 406 517 517 517 927 927 927 927 
359 359 502 502 859 859 
62 62 62 62 277 277 277 858 954 
52 52 200 200 414 414 414 414 499 499 499 789 789 954 954 954 

53 53 53 259 259 259 487 487 487 487 692 692 738 738 
277 383 383 383 
948 
457 457 457 
80 80 246 
19 19 82 
622 632 1003 
22 252 252 808 808 863 1017 
487 
139 139 161 277 277 360 
739 739 926 
855 855 855 855 
132 229 229 614 998 
21 257 257 437 437 562 596 596 922 978 
85 85 85 85 780 780 
264 286 801 954 
80 80 80 351 782 810 835 954 954 
260 560 600 1006 1006 1006 
453 453 453 903 972 972 972 972 
308 339 339 964 964 
75 810 810 
8 8 
300 300 
50 522 
62 62 502 502 
129 137 137 428 428 428 684 684 937 937 947 947 
324 
44 44 481 481 481 481 712 758 758 758 758 784 784 922 922 
549 676 676 676 1006 
407 407 407 422 422 422 583 584 
545 835 922 
262 262 262 
74 393 393 915 915 
311 311 311 405 
268 268 268 268 472 472 472 472 978 978 
72 72 125 125 125 125 125 201 201 201 571 571 820 820 820 
1 495 1002 1002 1002 1002 
5 5 121 324 324 324 931 
277 411 
135 199 567 567 
162 162 162 162 472 472 472 721 
420 420 420 
684 684 937 
85 875 886 886 
268 268 268 268 268 775 775 775 
264 264 867 954 
229 
851 851 
114 114 167 328 
196 218 
159 587 587 587 942 950 954 1007 1007 1007 
243 407 561 671 
407 407 422 422 561 667 979 
174 174 471 702 702 
364 413 413 689 689 689 995 
178 178 582 582 582 954 954 
171 171 215 215 607 607 607 761 761 761 761 1000 1000 
954 954 
111 111 111 329 329 329 329 715 715 715 926 926 926 
146 
337 
82 699 699 699 
126 640 640 
56 56 56 
121 121 207 247 545 545 922 922 
341 341 917 917 
819 819 
74 399 399 
229 549 
710 801 801 805 
37 37 751 954 954 
32 174 229 277 323 404 995 
826 1009 1009 
681 826 
49 49 49 49 903 903 
108 108 366 366 366 502 502 502 588 588 588 777 777 777 902 902 
227 759 759 1020 
440 440 660 707 707 707 
217 217 820 820 
79 79 214 214 880 
660 733 733 798 
375 375 933 
73 73 544 830 
362 362 362 913 913 975 975 975 975 
159 366 366 663 663 982 
23 23 154 154 244 244 316 316 347 
378 
277 277 298 298 929 929 929 929 
476 476 476 
219 219 250 250 277 277 
333 333 333 538 
734 734 734 849 
142 246 262 262 959 959 
5 263 263 263 263 427 427 707 707 707 707 767 767 
382 382 382 810 
399 750 750 750 750 955 955 955 
870 870 870 870 
427 695 695 
690 690 
234 234 234 
115 115 229 229 233 233 233 233 538 
107 107 107 
388 388 
36 36 36 36 143 143 143 166 166 
504 504 504 776 
451 451 451 779 779 779 
831 

126 126 126 156 156 434 434 458 594 594 833 833 954 
322 363 681 681 681 681 790 790 
244 720 720 
355 
73 73 817 
17 17 17 102 401 401 907 907 907 1014 1014 1014 
74 74 717 717 
289 965 
1 1 9 126 126 126 505 505 505 505 505 1002 
463 463 463 463 1023 
149 149 323 323 399 399 
19 19 56 220 220 346 694 694 694 791 
326 
780 886 886 886 
115 124 124 124 124 985 
229 323 323 414 744 
507 507 507 
61 61 61 954 954 
68 810 
336 336 336 502 763 763 763 
46 105 105 141 141 176 238 238 238 262 262 262 322 366 366 440 609 612 675 675 675 678 705 705 721 734 883 913 913 922 922 922 938 954 954 954 
7 7 7 107 454 837 901 901 
507 508 
261 366 366 366 366 390 390 390 390 616 616 687 687 687 982 
1 1 118 118 118 118 
59 59 59 59 243 243 243 289 
275 275 277 277 277 419 419 419 419 832 
10 10 10 584 676 676 741 741 741 
197 197 366 366 
864 
880 
271 271 271 271 427 583 
182 709 709 1000 
164 164 287 287 791 
502 502 773 773 773 
660 660 660 793 793 841 841 841 906 906 967 992 992 
10 560 560 560 667 667 1006 1006 
254 793 793 793 793 
660 883 883 883 883 954 954 
831 831 
520 520 520 
229 605 641 641 641 641 722 954 954 954 
414 414 414 
66 520 865 865 954 
41 41 176 201 201 201 301 301 301 340 428 428 557 557 574 574 688 755 755 755 787 787 787 787 892 892 937 954 954 
836 836 836 
328 983 983 983 983 
71 71 71 71 663 663 663 982 982 
249 249 366 684 1017 1017 1017 
586 586 586 946 946 
630 630 
229 229 
532 532 
101 101 101 
651 651 651 791 
427 629 629 724 780 780 812 
796 796 796 
64 64 64 64 277 277 277 802 802 
820 
82 124 124 124 147 147 239 593 593 593 939 939 954 
198 366 950 950 

174 585 585 
740 740 780 780 780 
186 186 186 954 
660 660 
229 229 229 229 323 323 323 888 
277 419 419 487 487 609 609 609 625 625 625 625 1018 1018 1018 
452 827 
428 463 672 672 
5 5 61 61 61 61 61 601 
107 107 967 967 967 981 981 981 981 
76 76 479 559 784 784 845 922 922 
954 954 
83 83 83 83 96 208 208 361 487 487 746 746 974 974 1006 1006 1006 
162 590 590 590 797 797 
1004 1004 
74 74 98 98 98 208 208 208 646 646 839 998 
991 991 991 
229 229 230 276 366 366 512 
335 335 335 475 502 502 642 642 773 
572 660 838 838 838 954 
78 78 78 279 293 293 293 293 681 
215 215 215 215 861 
174 174 695 727 727 812 812 812 
18 280 280 455 804 954 954 954 
443 489 747 747 894 
94 724 724 
178 178 178 178 301 301 1018 1018 1018 
922 
168 168 
502 502 953 953 953 953 
401 401 1013 
438 438 612 612 
141 141 623 623 623 660 878 
322 423 503 503 503 503 503 
127 402 402 402 524 524 954 954 
147 147 370 465 
532 532 966 
98 104 104 119 162 252 266 266 277 542 542 
703 703 780 780 
487 487 667 667 667 1006 1006 
901 901 901 901 
362 362 
655 827 827 
366 
229 229 229 494 494 494 714 714 1002 1002 
229 443 443 443 726 726 818 894 
74 
413 930 
627 627 627 627 
37 602 954 954 954 
229 229 229 776 

311 311 311 311 
350 428 684 684 684 934 
101 101 187 422 422 434 434 488 488 488 506 768 954 954 
34 34 34 84 84 84 84 401 401 949 1014 1014 1014 1014 
162 162 162 439 514 559 559 559 559 892 1017 
520 520 608 608 
312 312 803 803 803 825 825 825 
588 588 588 588 
763 763 763 
54 366 502 502 659 659 659 762 762 762 
175 430 430 

42 42 42 229 
5 264 396 433 526 526 625 625 844 844 954 954 983 
422 422 422 422 422 434 756 
175 780 780 
834 

954 
188 188 674 674 674 720 
133 
229 229 576 576 576 
20 20 20 67 67 67 191 229 229 229 229 636 752 
108 108 307 307 326 326 326 366 366 607 607 607 
139 390 805 893 893 
274 274 637 637 637 
85 85 85 123 174 174 229 229 356 357 427 427 427 483 483 507 519 546 546 653 695 695 703 703 703 740 740 769 769 840 849 849 875 886 943 943 969 
257 
548 795 956 
192 192 192 
481 481 559 559 712 712 
209 288 288 941 
66 435 435 
232 232 232 232 513 513 684 684 684 684 892 892 892 892 954 954 954 
248 248 390 390 
499 499 530 530 
90 90 90 366 366 366 497 641 641 992 
204 204 204 258 651 673 694 870 870 870 

675 675 677 677 677 677 
196 196 242 
782 835 1001 1001 
182 696 696 696 936 936 936 
162 490 715 715 
82 82 178 612 
170 170 
53 53 72 91 268 336 336 876 876 
360 486 486 547 601 601 954 
277 468 475 697 697 
13 13 13 24 24 312 312 312 760 760 760 825 825 
17 19 280 725 
390 390 395 601 778 878 893 945 954 
291 291 351 351 351 351 810 810 
832 946 
270 539 539 
229 496 496 
75 75 255 255 255 351 382 469 469 469 548 552 552 626 658 806 806 956 
73 73 73 321 
315 315 695 724 724 724 
352 352 352 352 922 922 

467 954 
147 147 147 147 248 362 397 429 936 936 936 
73 73 372 523 523 644 
16 489 489 747 
79 378 378 378 398 398 598 598 
72 72 72 72 217 365 434 434 567 567 567 610 610 698 916 
966 966 
32 32 32 428 
279 279 349 349 399 
416 416 963 
13 760 760 760 803 803 
81 81 150 150 604 605 853 1006 
176 176 176 176 176 708 744 744 
922 978 978 
954 954 954 
229 229 345 614 987 987 987 
140 140 181 181 638 679 679 911 911 959 
2 2 175 175 666 807 960 
126 126 225 225 225 225 640 640 935 
234 234 770 
429 429 548 562 795 
502 685 685 685 859 
107 661 
428 721 721 721 954 954 954 954 1020 1020 
717 
780 
413 675 675 675 906 906 906 930 930 946 954 954 
954 954 
67 861 
767 767 945 945 945 
44 44 712 
868 
249 249 249 249 1017 
1005 1005 1005 
623 780 780 
201 268 905 905 905 
579 579 1002 
400 400 400 400 
342 433 433 433 826 
174 174 
118 118 194 277 277 439 439 543 543 543 543 
154 
157 396 396 
183 183 529 
131 131 131 131 528 528 836 
172 172 172 298 
498 723 843 
487 487 487 
123 168 168 168 539 
229 323 323 669 
213 213 683 683 

189 189 189 189 189 577 935 935 1008 1008 
414 414 414 414 846 903 
196 196 229 229 949 949 949 
628 628 628 628 791 791 791 
323 
277 277 292 292 292 292 356 383 982 982 982 982 
132 
243 243 243 243 394 515 515 515 
575 780 886 886 
53 53 53 53 53 324 324 324 324 800 800 
66 66 435 
322 322 395 395 734 805 
23 23 54 74 311 378 378 428 1005 1005 
214 229 229 611 670 
473 473 902 
907 907 907 954 954 
660 678 678 678 678 
30 30 417 417 417 417 1006 1006 1006 
229 
27 27 229 229 460 575 575 653 653 653 780 875 875 
63 63 63 250 
467 467 706 
366 366 480 480 484 484 502 502 502 502 950 950 
66 438 
234 234 
232 232 232 232 684 684 758 787 787 787 787 
778 778 805 
726 747 

90 300 300 300 
228 228 258 258 
265 486 486 486 486 486 1022 1022 1022 

269 269 277 465 465 
286 286 286 286 661 661 742 742 742 742 
90 90 90 94 94 94 94 94 277 366 366 366 473 473 607 607 881 908 
59 162 162 189 189 316 316 324 324 324 411 453 453 550 606 606 868 972 
108 
850 850 850 966 
214 229 229 675 675 841 841 841 
240 240 240 305 305 645 645 645 882 882 882 954 954 954 
331 902 

153 153 153 
140 140 140 140 140 181 831 831 
958 
615 615 660 660 936 
380 
59 59 172 172 564 564 
820 
597 597 
73 345 
103 103 103 372 410 410 
296 296 296 296 
288 330 
238 238 311 366 366 502 502 502 545 559 559 562 596 596 660 660 660 712 712 729 813 813 828 968 978 
125 
226 338 338 338 388 388 388 
162 162 162 472 472 472 
28 273 302 302 302 465 542 590 590 590 
436 436 527 527 527 527 
236 236 236 
298 298 462 462 491 619 619 619 619 954 954 954 
413 749 841 841 
22 569 
130 130 
613 
116 116 116 476 476 476 755 
833 867 867 1002 1006 1006 1008 1008 1008 
53 53 336 796 796 796 816 816 816 913 
137 137 137 369 369 402 402 402 428 557 557 574 684 1023 1023 
212 660 
147 699 699 
497 497 497 
277 785 963 963 
582 
10 175 175 780 780 
367 976 980 
805 844 844 844 
364 413 413 689 689 807 841 
129 268 428 557 557 
51 51 51 196 196 196 229 229 229 534 
34 229 229 401 461 461 757 869 869 869 1013 1013 1013 
26 239 239 366 414 414 414 484 582 700 700 889 889 954 954 
229 
292 954 954 
731 731 731 731 
5 14 16 16 30 30 40 40 43 43 43 55 55 55 74 74 74 80 80 80 82 82 82 93 107 128 128 128 146 146 146 147 157 157 159 159 159 163 163 163 163 171 178 186 186 192 192 192 193 196 196 198 198 205 209 209 213 213 218 218 250 250 273 273 273 277 277 283 283 284 284 284 286 286 292 292 292 305 305 310 318 341 341 354 354 366 366 366 367 367 370 370 370 374 389 389 389 391 391 403 403 403 414 422 433 433 434 434 449 449 449 449 452 452 465 465 467 467 467 479 486 491 491 494 494 494 494 497 497 497 526 526 526 529 530 530 530 547 548 548 577 582 587 587 589 589 602 602 640 657 657 660 660 660 678 678 681 681 681 683 684 684 699 704 713 713 721 725 725 725 736 736 751 751 751 756 756 767 767 772 787 787 787 801 805 815 829 829 829 838 838 838 838 841 841 842 842 882 882 907 907 907 929 929 929 950 950 952 952 993 993 993 993 993 1002 1002 1002 1006 1006 1006 1007 1007 1023 1023 
436 436 436 491 491 491 627 627 627 
76 288 782 810 
277 277 277 320 459 459 476 476 476 476 476 
194 194 912 
81 262 470 624 624 831 
832 
515 
1017 1017 1017 
366 366 372 441 824 941 941 
87 308 308 308 551 551 
647 
237 259 295 738 821 821 905 1008 
675 711 711 711 
922 
508 508 780 
976 
25 25 25 478 478 478 
550 550 550 550 903 

96 96 714 714 
427 474 615 615 615 615 1012 
366 366 944 970 980 980 
43 60 60 458 
195 223 223 223 223 472 472 545 566 566 828 828 922 
584 
114 114 114 366 366 944 976 976 
149 366 399 399 711 711 711 711 
493 493 616 663 687 687 872 872 872 872 
351 351 351 351 686 686 686 686 767 
98 98 98 98 335 335 335 335 362 362 362 502 502 
58 58 58 654 

218 218 218 218 229 229 281 281 830 830 830 
277 277 277 385 385 419 
229 
411 411 
267 718 718 718 
5 5 331 331 341 341 675 675 790 1017 1017 1017 
354 354 354 954 954 954 954 954 1007 
6 6 281 281 281 
12 12 46 46 46 46 123 435 586 603 

67 67 67 
32 32 229 229 229 544 717 
366 366 399 399 412 412 
493 493 493 588 588 672 1013 1013 
224 795 795 
1 431 431 431 568 568 568 568 648 746 746 851 935 954 954 954 1006 1008 1008 
44 538 
123 193 193 193 437 437 437 716 716 
23 23 35 110 110 848 848 848 879 879 
138 150 327 327 419 459 487 487 549 549 549 560 676 676 714 714 714 741 741 826 884 884 884 935 935 954 954 954 1002 1008 1009 
354 354 354 354 366 366 366 415 582 582 582 954 954 993 
315 867 867 935 935 935 966 1002 1002 1006 
138 604 604 1006 
92 92 92 479 479 
73 254 254 
427 427 427 427 975 
229 229 401 732 949 949 949 1000 1000 
401 645 645 645 757 757 757 757 
432 432 432 451 

73 73 73 73 73 80 80 80 80 86 86 145 145 262 262 366 412 514 514 539 688 688 688 758 847 962 962 962 992 992 992 
277 277 277 707 707 707 728 728 728 

608 838 838 
109 109 
265 265 265 280 366 366 898 898 898 
127 127 127 402 477 516 516 516 516 649 937 937 954 954 
