nodes: 1024 edges: 3250
107 107 145 194 194 310 
9 568 648 664 664 
182 387 387 387 832 832 832 832 
452 452 
212 212 353 353 353 
61 64 167 167 250 250 250 328 331 331 341 341 384 569 625 625 710 767 767 954 954 992 992 992 
281 520 520 520 759 994 
61 61 328 328 661 661 
229 229 231 300 366 366 366 553 553 553 
1 648 648 
667 667 943 943 
160 160 160 160 160 
77 82 995 
212 803 803 803 825 
954 954 954 
147 147 162 235 910 
954 954 
53 82 643 645 645 
305 725 725 725 
82 537 537 537 651 651 804 
229 
545 545 545 545 545 922 922 922 927 968 968 
277 277 444 444 539 539 539 648 
74 74 82 82 82 82 120 120 154 154 154 154 225 330 479 617 1005 
803 803 
304 478 478 780 780 971 971 
422 422 

111 111 326 447 447 447 463 926 926 926 926 
853 
224 224 417 636 954 
80 351 
132 229 229 603 603 795 822 822 998 998 998 
77 
461 757 757 757 949 949 
74 482 482 482 482 1005 
229 635 635 635 
452 602 602 751 751 937 937 954 954 
323 
492 
497 497 954 954 954 
147 147 155 684 684 684 684 
277 277 766 766 941 
497 954 954 977 977 
481 481 538 559 845 922 1003 
366 366 399 399 
176 660 660 660 995 995 
122 189 635 
179 179 179 773 
198 198 606 903 
277 277 473 473 555 934 
129 250 948 948 948 
452 
17 336 502 532 800 800 876 876 876 876 
179 179 
391 391 954 954 
595 595 595 651 651 
69 69 69 99 344 
985 985 985 
324 324 606 665 903 915 915 
366 399 399 977 977 977 
5 7 7 657 657 710 710 710 710 
380 380 380 502 502 502 502 529 529 529 556 556 
112 112 112 112 348 348 887 887 
5 229 697 697 697 
272 272 442 
435 786 786 877 877 890 
776 776 843 843 997 997 
337 337 337 337 382 658 658 658 
57 57 57 472 472 
589 589 
151 151 202 448 448 687 
277 277 567 800 820 820 
79 79 79 79 497 497 497 540 540 540 540 644 811 811 817 817 817 817 1011 1017 1017 1017 
23 23 35 564 599 646 646 717 717 954 954 
148 148 552 810 810 
194 194 712 712 956 
12 33 229 418 
366 366 366 722 722 722 
73 73 73 73 111 184 229 229 229 241 241 241 611 611 
31 536 536 548 954 954 1017 1017 

12 17 19 23 23 23 23 147 147 155 197 197 209 209 267 267 355 537 593 699 699 728 798 798 954 954 954 
714 
277 277 405 419 419 430 757 
123 123 123 318 462 502 546 546 546 780 863 
1017 1017 
964 986 
164 

453 532 790 790 896 902 902 
559 
1010 1010 1010 
277 277 
277 277 902 902 
1006 1006 1006 
714 974 974 
236 
376 891 984 
57 344 500 500 500 
318 963 963 
488 488 488 693 693 693 693 756 
480 480 645 
315 919 919 919 919 919 
162 162 739 739 
986 

0 0 171 171 310 310 310 376 454 454 633 633 661 661 711 837 837 899 899 899 954 954 954 
366 409 409 607 607 652 777 777 904 904 
1021 
164 164 1005 1005 1005 
28 28 79 590 590 590 
63 63 63 63 
162 162 277 277 277 277 
232 232 232 232 363 363 366 399 399 399 580 580 580 580 580 934 944 
229 229 632 632 632 654 985 985 
238 238 244 244 244 258 258 309 309 309 309 309 771 814 934 934 934 934 
138 138 
459 459 664 664 
739 739 
23 23 366 
390 390 390 397 397 397 569 596 596 596 596 
47 
85 85 85 168 168 229 435 435 492 525 780 863 863 995 995 995 1004 1004 
654 699 699 699 699 
210 210 210 210 923 923 
594 594 640 648 648 648 648 648 674 833 
736 1023 1023 

51 177 265 265 486 486 557 947 
932 932 
407 407 859 859 859 859 
32 434 873 873 
497 
367 367 367 
199 199 199 571 
180 252 856 
557 557 557 937 
117 117 421 421 421 1009 
277 778 778 855 855 855 
181 831 831 911 911 911 
180 180 180 180 660 734 
298 298 298 470 470 624 831 831 959 
635 
151 187 187 187 422 422 422 422 
0 460 1017 
417 591 591 954 954 954 
15 15 41 41 82 82 171 262 262 497 501 501 699 737 737 816 816 816 939 939 954 954 
75 75 
650 650 650 981 981 981 
826 826 1006 1006 1006 
71 71 144 202 202 407 407 
157 276 617 756 756 
323 357 357 357 603 789 910 
23 23 23 23 360 360 856 
41 82 
263 263 263 263 640 954 989 989 
152 205 414 857 857 857 954 954 
375 375 
582 616 954 954 954 
11 11 11 11 11 
541 
15 104 104 113 113 182 182 182 229 277 277 277 289 289 289 289 289 303 303 472 514 514 572 572 647 647 647 715 739 758 758 797 797 903 903 925 925 
192 954 954 
88 110 110 165 673 1005 
164 
256 
5 5 191 191 191 191 191 328 580 580 
123 123 317 317 317 317 435 435 489 525 525 525 730 730 730 730 863 863 863 863 
183 183 999 
799 799 
107 107 147 588 954 
267 267 576 783 860 860 860 860 860 915 915 
339 339 
585 585 603 724 724 724 780 854 854 
347 430 430 764 764 764 769 807 807 943 969 969 
46 684 684 684 684 827 827 
129 277 486 
189 273 273 273 587 587 587 587 728 728 728 798 798 954 954 1006 
48 48 48 54 54 879 
136 141 141 141 141 192 192 522 522 522 
140 831 911 911 911 
2 162 162 162 229 329 329 387 387 672 796 796 994 994 
169 169 277 858 
79 195 195 195 420 

516 704 954 
144 144 144 434 756 
261 773 
47 178 277 277 612 612 846 867 867 867 903 
234 
167 167 167 167 167 328 328 331 531 531 531 776 
163 180 180 303 783 783 783 
1004 1004 1004 
0 0 76 76 277 380 855 855 932 958 
184 184 184 223 978 
218 222 222 222 229 229 229 242 437 571 571 581 581 581 794 794 869 948 948 948 954 954 954 
82 82 355 355 668 668 
49 49 389 954 
135 135 135 203 571 
499 
418 567 567 567 684 850 850 850 850 
71 151 151 407 407 407 
199 920 
303 303 321 321 791 791 
157 279 279 279 954 954 
277 
247 247 
327 361 361 714 714 714 714 717 717 717 717 
82 82 305 785 785 954 954 
125 125 125 125 723 
284 284 317 317 
4 4 13 825 825 938 
374 491 865 954 
611 880 
723 
329 329 
429 434 434 434 610 610 820 820 820 
196 222 222 581 733 954 954 987 987 987 987 
495 495 621 621 887 
437 437 651 
229 377 377 
196 196 196 218 218 787 
195 978 978 978 
30 30 1001 
23 491 491 491 833 833 833 833 
388 388 924 924 
608 632 
897 897 
8 8 20 32 32 36 64 77 79 79 79 115 115 123 162 182 196 196 196 221 230 241 241 250 250 250 269 277 277 278 292 292 320 323 345 358 366 366 366 368 368 377 377 387 387 405 405 405 407 424 427 427 427 442 442 446 446 476 476 485 489 534 544 544 578 600 600 600 600 632 632 655 681 690 706 706 706 719 719 726 746 746 746 747 747 752 752 765 765 766 766 775 776 776 780 780 796 809 809 818 830 830 864 864 864 869 885 906 987 989 998 1013 
229 719 
8 300 554 
114 114 114 114 787 787 892 892 892 
632 632 632 632 
190 631 631 834 834 834 891 
15 
97 928 928 
966 966 966 
116 116 309 660 814 814 922 922 
484 699 950 950 
305 305 907 
79 79 79 229 229 
196 794 
583 583 665 665 874 874 
116 116 116 617 642 

536 624 
207 207 596 647 
397 397 397 708 788 816 816 816 
412 688 688 688 847 847 1017 1017 
5 5 5 51 229 229 229 887 954 954 
343 343 343 353 353 353 
136 270 376 539 539 856 856 
366 393 903 
677 677 1011 1011 
810 810 
166 
545 781 
116 116 897 897 897 897 
521 532 966 966 
549 549 
188 335 366 366 366 422 
147 147 363 366 366 412 412 440 440 440 493 563 563 563 660 660 660 799 959 1017 1017 
156 156 156 156 384 384 625 625 625 625 
518 526 547 577 577 577 577 767 
129 129 898 1022 1022 1022 1022 1022 
277 277 739 
82 82 172 172 
566 566 576 576 800 811 850 850 
229 277 871 900 
252 376 376 403 
407 407 407 407 671 671 671 
65 65 274 274 347 347 347 407 407 
178 178 178 302 488 488 488 542 926 926 954 954 954 
272 272 366 407 407 779 779 779 
419 666 773 773 773 773 
152 470 470 470 479 479 
22 22 42 42 50 50 72 72 84 84 93 93 94 94 113 113 113 113 139 162 162 162 177 183 189 189 194 206 229 229 266 266 269 298 298 324 324 346 346 346 375 375 411 419 419 453 453 459 459 459 485 485 504 529 533 533 533 533 541 541 570 570 570 603 603 603 619 619 666 666 697 707 802 855 855 874 900 902 902 902 902 903 941 941 954 957 957 988 988 1018 1018 
229 345 
205 205 205 386 386 722 722 823 823 823 
725 725 804 1022 
6 759 759 994 994 
468 468 
429 429 954 
211 211 800 954 954 
407 778 
547 547 547 901 901 901 954 954 
673 673 
785 921 921 956 956 956 
162 162 162 162 162 647 647 
314 402 
306 366 806 806 806 
229 229 461 872 872 872 952 952 952 954 
362 362 666 722 722 

966 966 966 
475 802 914 920 920 920 
545 
142 142 142 277 277 619 619 619 929 929 
420 420 
8 231 366 554 554 554 896 896 896 
684 728 728 728 728 
273 926 926 
162 162 192 204 204 
25 
18 209 240 240 907 954 954 
291 385 385 385 
326 326 777 837 
519 551 879 879 964 
116 116 116 116 116 238 372 372 
0 107 107 107 317 367 367 367 454 454 454 456 954 
352 352 565 565 565 565 
760 760 803 803 
502 502 
290 491 
103 812 812 1008 
379 903 903 903 
168 168 168 168 211 211 310 
85 100 366 414 414 414 954 
459 727 
229 957 
204 204 811 
641 641 641 660 660 
38 153 229 357 603 603 650 650 655 655 706 706 744 744 827 864 864 864 871 871 
59 59 277 277 346 558 569 569 569 569 876 876 903 903 903 
343 355 
28 307 307 652 777 777 777 
208 714 714 746 1006 1006 1006 
5 7 7 167 191 191 580 580 
182 182 216 216 590 590 590 
23 921 
5 5 191 908 908 908 992 
366 366 
622 622 622 
523 523 523 524 
261 366 502 720 720 720 984 
53 532 659 659 800 800 936 936 
68 68 68 68 351 548 548 592 592 592 592 810 810 
716 
173 173 551 551 551 551 
418 418 684 
5 5 597 954 954 992 992 
396 853 853 
251 251 251 325 
57 99 
229 278 830 918 
277 277 277 324 348 348 348 452 
175 272 272 272 
63 63 346 346 346 
823 
428 755 
31 337 457 469 469 548 806 810 810 810 983 983 983 
311 311 813 813 813 
4 4 4 251 251 251 
954 993 1007 1007 
82 197 197 325 
780 872 872 872 872 
153 153 153 323 
229 603 
502 502 528 
154 154 541 801 
208 208 389 714 
293 293 615 615 743 743 816 984 984 
114 114 262 366 366 641 641 641 
586 586 
820 820 
8 8 8 45 45 60 78 78 78 108 114 120 229 229 229 253 261 261 261 262 262 274 291 300 318 332 332 335 363 363 372 399 407 407 450 450 470 470 470 476 476 502 502 523 523 607 607 607 616 660 660 663 663 663 663 668 668 668 688 700 700 700 719 719 719 763 777 777 777 790 790 889 889 902 902 922 922 950 950 950 954 954 954 963 963 963 976 976 976 980 980 981 999 999 1007 1007 1017 1022 
134 134 134 310 310 310 954 954 
229 229 
937 937 937 
737 954 954 954 954 954 
490 490 490 
309 309 366 523 745 817 963 963 963 
681 681 
213 644 954 954 
158 158 277 277 385 385 385 385 613 613 988 988 
98 107 252 270 270 403 403 403 
221 221 229 229 445 445 445 
819 819 819 819 879 879 
316 
62 62 62 194 398 428 914 914 

68 626 
533 533 872 1016 
5 263 263 396 625 677 677 767 
306 306 306 375 375 375 375 419 419 988 
279 279 
2 2 2 182 182 229 229 
226 226 426 426 568 568 634 634 924 
198 361 954 997 
121 121 121 663 663 778 778 788 788 788 805 
55 55 954 
406 439 439 439 527 
253 466 466 564 564 790 
451 451 874 

342 384 767 767 767 857 857 
121 121 121 248 248 248 484 816 
380 819 819 
45 45 60 60 114 114 114 366 599 627 627 650 823 853 999 999 
852 852 852 852 
644 645 645 949 949 949 1013 
290 1023 
270 376 376 376 954 954 
590 603 
84 229 229 229 567 869 
392 527 
131 131 151 151 202 202 202 229 271 271 271 271 272 272 274 274 285 366 366 422 422 427 427 561 561 578 583 584 864 
460 
108 108 
660 919 919 977 977 
277 473 473 492 570 570 903 990 
249 262 262 999 999 
513 513 513 513 586 749 930 946 
157 318 318 318 530 530 530 655 682 868 868 868 950 950 954 
504 504 942 1007 
517 824 824 963 
30 146 884 884 
77 201 340 340 
84 84 275 277 277 385 385 666 666 707 988 988 988 
184 299 299 573 573 
138 138 138 
26 26 144 144 144 144 261 407 407 434 434 561 561 561 579 579 579 584 584 756 756 756 768 768 768 954 
735 
229 
434 573 
388 388 634 1002 1002 
229 229 229 407 407 474 483 583 625 625 625 625 625 629 671 671 671 780 780 780 975 1012 1012 1012 1012 1012 
350 380 447 463 463 463 486 486 498 557 684 684 684 755 937 
217 283 283 816 835 835 
84 175 175 
1002 1002 
1015 1015 1015 
767 767 853 853 853 954 954 
132 187 217 217 217 422 422 425 479 479 479 515 515 516 578 640 640 756 820 820 954 954 
66 123 123 168 168 525 525 525 525 525 786 786 995 
927 927 927 955 955 
196 220 220 509 545 545 1004 1004 
733 890 
392 392 392 758 855 
262 262 262 609 660 660 
515 515 515 515 515 
65 229 229 
726 726 747 747 747 
22 22 471 
377 377 377 464 464 464 
229 229 
28 28 28 428 463 463 463 463 
71 71 
954 954 
366 366 
394 394 637 637 780 1015 1015 
3 3 37 52 346 530 708 708 954 954 
90 277 277 475 903 903 903 918 
107 107 310 310 310 661 
725 725 725 725 725 
310 
351 535 535 
640 
118 118 277 277 277 319 957 957 957 1006 
145 408 875 886 
34 292 949 949 
85 546 
28 428 428 428 447 447 447 447 649 709 
445 445 445 
737 737 737 737 737 900 900 900 954 954 
393 393 741 1014 
639 639 639 815 815 888 973 
282 282 802 802 
351 351 810 810 
142 142 276 276 276 366 366 366 912 
444 780 780 
69 69 162 566 566 566 566 572 572 572 735 735 735 925 925 925 925 925 978 978 
50 50 411 411 881 
427 483 
296 453 720 802 
229 229 366 366 620 620 745 745 934 934 957 957 

25 25 971 
23 276 276 434 434 434 518 712 954 1010 1010 1010 
102 102 502 889 889 
44 44 559 559 559 559 712 784 784 784 
35 35 35 35 958 
427 474 671 780 780 
239 397 889 889 950 
229 277 277 
129 129 177 428 428 801 801 801 898 898 954 
532 532 532 707 707 707 707 714 714 714 730 741 741 862 1006 
101 101 101 273 273 273 693 756 756 
168 229 726 818 818 818 
371 371 371 715 797 797 
213 225 225 225 314 929 954 955 955 
39 123 411 
262 764 982 982 1000 
746 746 746 954 954 954 954 
219 219 568 568 
809 809 809 809 
40 40 43 73 73 73 133 147 790 940 940 940 954 954 954 
428 861 947 
200 530 789 789 
99 99 99 
147 147 
53 62 62 62 62 85 313 313 335 359 359 366 366 480 528 528 532 532 556 556 607 607 659 659 659 674 731 762 773 836 889 889 922 922 922 984 
735 735 735 
277 415 415 
648 
756 756 
508 656 662 662 662 780 
507 969 969 969 969 
437 

660 660 913 
719 719 
413 413 413 413 787 
162 162 637 758 1017 1017 1017 
434 434 441 441 441 441 441 820 820 874 874 874 874 961 961 
186 434 820 820 820 1023 1023 
416 527 527 527 
264 479 954 954 
308 780 780 
6 6 6 680 680 680 680 759 759 759 
259 
180 180 180 
334 334 334 366 366 372 817 817 817 
334 736 
123 168 168 168 435 435 435 435 435 
264 767 767 767 844 954 
392 406 517 517 517 927 927 927 
359 502 502 859 859 859 859 
62 62 62 277 858 
414 414 414 452 499 789 954 954 
191 191 191 
53 90 259 336 487 487 487 502 502 692 692 738 738 738 
277 277 277 277 383 383 
229 948 
457 457 
80 80 246 
19 19 19 82 
44 622 632 632 1003 1003 
22 22 22 252 252 808 808 808 1017 1017 1017 1017 
73 73 73 73 
161 277 277 360 
273 926 926 
855 855 855 
229 229 614 614 614 998 998 
21 21 21 21 21 257 297 437 437 562 562 596 596 922 978 978 
85 85 85 462 780 780 
264 286 286 286 801 954 954 
80 337 337 351 782 782 795 810 810 835 954 954 
260 260 560 600 1006 1006 1006 1006 1006 
972 
308 339 339 339 339 879 879 964 
75 810 810 
8 8 8 
231 300 300 300 
50 
62 62 502 502 
129 137 137 137 428 684 684 684 861 861 861 937 937 947 947 
324 
44 91 481 481 481 481 712 758 758 758 784 784 922 922 
549 676 676 1006 1006 
407 407 422 422 422 583 
545 545 922 
262 262 262 959 959 959 
74 393 393 915 915 915 
311 311 311 311 
268 268 472 472 472 472 
72 201 201 201 405 571 571 820 820 820 820 
1 388 388 495 495 1002 1002 
5 121 324 324 324 324 767 767 931 
277 277 277 411 411 
135 196 196 199 567 567 
162 162 472 472 472 898 
420 420 425 
684 684 937 937 
875 875 886 
172 268 268 775 
264 264 264 264 954 
229 407 434 
422 422 422 851 851 
114 114 114 114 114 167 167 328 328 722 722 722 
196 196 196 218 
159 587 587 743 942 950 954 1007 1007 1007 1007 
243 243 407 427 561 
407 422 422 667 979 979 
174 174 702 702 
364 364 413 689 689 
178 178 178 178 582 582 710 
171 607 761 761 761 761 1000 1000 1000 1000 1000 
70 70 954 954 
111 111 111 329 329 329 404 715 926 926 926 
146 146 
337 337 337 337 
82 699 699 699 
126 126 640 
56 56 56 
121 121 121 121 247 545 545 
341 917 992 992 
819 866 
74 399 
229 229 229 229 549 
710 801 801 801 805 805 
37 37 751 954 
32 32 153 174 277 277 277 323 323 358 404 995 995 995 
1006 1009 1009 1009 
826 826 
49 59 
108 108 366 366 366 502 502 588 777 777 777 777 777 902 902 902 902 
227 759 1020 
440 660 707 707 707 707 
217 217 820 
79 79 214 819 880 
189 189 660 660 733 733 733 733 733 798 878 878 
375 375 
544 544 544 830 830 
362 362 913 913 913 913 913 975 975 975 
159 366 663 663 982 982 
23 152 244 
776 
277 277 298 298 298 929 
476 476 
219 219 
333 333 333 538 951 951 
734 734 734 734 734 
142 246 959 959 
5 5 263 263 263 263 384 427 427 427 427 427 707 707 707 767 844 
382 810 810 
399 399 750 955 955 955 
870 870 870 
427 
690 
234 234 
115 115 115 227 229 229 233 233 233 233 538 538 
107 107 902 
388 388 426 
36 36 36 47 143 
30 
451 451 514 779 779 

467 467 467 895 
126 156 434 434 458 594 833 954 
322 322 322 363 363 363 681 790 790 790 790 
244 720 720 720 
17 806 
73 374 401 817 
17 17 102 401 401 907 1014 1014 1014 
74 74 717 839 
162 162 162 247 289 289 965 
1 9 9 22 126 126 126 126 126 505 
463 
149 149 149 323 323 399 
19 19 56 56 220 694 694 
108 326 
780 849 849 849 886 
115 124 985 985 
229 323 323 414 744 744 744 
507 
61 61 954 
68 68 68 810 810 
336 336 502 502 502 763 
46 46 46 141 238 262 262 262 322 322 366 366 410 440 440 511 511 609 612 612 675 675 705 705 721 734 754 805 805 883 883 883 913 913 913 922 922 922 938 954 954 986 986 986 
7 7 107 107 454 837 837 901 901 
507 507 507 
366 366 366 366 390 390 616 616 687 687 982 982 982 
1 1 118 118 795 
59 243 243 989 989 989 
275 277 277 293 419 419 832 832 832 
10 10 584 676 676 741 741 741 741 1006 
197 197 366 366 366 
864 
880 880 
271 271 271 427 427 427 483 
182 709 709 1000 
164 287 287 791 
126 502 773 773 773 773 
660 660 793 793 906 906 906 992 992 992 992 
560 560 667 667 1006 
254 254 384 384 793 793 
883 883 883 883 954 954 
831 
520 520 520 520 
229 373 373 641 722 954 954 
414 
865 865 954 954 954 954 954 
41 41 41 41 176 176 176 176 201 301 340 428 428 428 557 557 557 574 574 755 787 892 937 937 954 954 
836 836 
983 983 
71 663 663 982 982 982 
249 249 249 366 1017 1017 
586 586 946 946 951 
229 630 

532 532 
101 101 101 101 488 
651 651 791 1019 
724 724 780 812 812 854 854 854 854 854 
796 796 
64 64 64 277 802 802 

82 82 124 124 124 124 147 239 593 593 593 939 939 939 954 
366 366 366 950 950 950 
828 
585 585 
740 780 780 780 875 
186 954 954 
660 660 
229 229 229 323 323 871 
277 419 487 487 487 487 609 609 609 609 625 625 625 1018 
248 452 452 
463 672 672 920 920 920 
5 61 61 61 61 587 601 
107 967 967 967 981 981 
76 76 479 481 559 784 784 784 
954 954 
83 96 208 208 208 208 327 327 361 487 487 487 746 746 746 746 974 974 1006 
162 490 590 797 797 
338 1004 1004 
74 74 208 208 208 208 646 839 998 998 
991 991 991 991 
229 229 230 366 366 366 512 512 
335 335 335 475 642 642 642 773 914 
660 731 838 838 954 
78 78 78 279 279 293 293 580 580 580 681 
210 215 
174 174 174 695 695 727 727 727 812 
18 18 18 280 280 455 455 455 455 455 804 804 804 805 954 
229 443 443 489 747 894 
319 724 724 724 902 
82 178 178 178 301 301 301 301 1018 1018 1018 1018 
922 
168 168 168 168 487 
502 721 953 
1013 1013 1013 1014 
218 438 612 612 612 612 612 
141 623 623 623 623 623 660 
423 472 472 472 503 503 503 
127 524 954 954 
147 147 370 465 465 465 465 465 
532 532 532 966 966 966 
104 104 119 119 162 266 957 
703 780 780 780 886 
466 487 487 667 667 667 667 1006 
901 901 907 
362 362 582 
323 323 655 655 655 827 
372 476 476 
229 229 229 327 494 494 494 714 714 714 714 847 1002 1002 1002 1002 1002 
229 229 443 443 443 726 818 818 894 

413 
627 
37 37 602 954 954 954 
229 229 776 776 
984 988 988 
660 
350 428 684 934 934 934 
101 152 152 187 422 422 422 434 488 488 506 506 768 768 954 954 
34 34 34 84 837 1014 1014 
162 162 439 514 559 559 559 892 1017 1017 1017 1017 
6 281 281 520 520 520 608 
312 312 803 803 803 803 825 825 825 825 
588 588 588 588 
502 763 763 
366 659 762 762 
175 175 175 493 
229 229 
42 42 229 229 
5 5 264 384 396 396 396 433 433 526 526 526 569 569 625 844 954 954 983 
422 422 422 756 756 
175 
840 
116 
954 
48 188 275 275 275 275 502 674 674 674 674 720 

229 576 
67 67 191 229 229 618 752 752 
108 108 307 326 326 326 366 366 366 607 607 607 607 607 
139 139 285 390 390 805 805 893 893 
274 274 274 637 637 
25 25 85 123 174 229 229 356 427 427 427 451 471 471 483 483 507 519 519 546 546 653 695 703 703 703 740 740 740 840 849 875 875 886 1015 
257 
548 548 795 795 
172 192 192 192 
481 481 481 559 559 712 712 712 
209 209 288 
66 66 435 435 890 
222 232 232 513 684 892 954 
248 390 390 390 
153 499 499 530 
90 90 366 366 393 497 641 641 641 641 795 992 
204 204 673 694 870 870 870 

675 675 677 677 
196 196 242 
32 548 664 782 782 790 835 835 1001 1001 
182 182 229 696 696 936 936 936 936 
162 162 490 490 715 715 
82 82 178 178 612 
170 170 262 1017 
53 53 72 268 284 336 336 817 876 876 
360 486 486 486 547 601 601 601 954 
277 296 468 468 475 697 697 
13 13 13 24 24 312 312 760 760 760 760 825 825 
19 280 725 725 725 
390 601 601 660 660 725 778 778 878 893 945 945 954 954 
291 291 291 351 643 
175 175 832 832 
539 539 539 
229 229 496 496 496 496 
75 75 255 255 337 337 351 351 351 469 469 548 548 552 552 626 626 658 658 956 
73 73 268 321 
315 315 695 695 724 
352 352 352 922 
116 238 238 
467 467 888 
147 147 147 248 248 248 362 397 429 936 936 
73 73 73 73 372 523 523 523 644 800 
229 489 489 489 747 747 
378 378 378 378 398 398 598 611 866 866 
72 72 217 217 217 365 365 434 434 515 515 516 516 516 567 567 567 567 610 916 916 
850 966 
32 32 
279 279 279 349 399 
416 416 963 963 
13 212 212 760 760 760 760 803 803 
150 150 605 605 853 853 853 1006 1006 1006 
176 176 323 744 
701 922 
954 
229 229 345 614 614 987 987 
140 140 142 142 181 679 911 959 959 
2 2 2 2 666 666 666 807 807 
126 225 225 225 225 640 
234 234 234 
429 429 548 795 795 1001 1001 1001 
502 685 685 859 
107 107 307 661 661 757 
721 721 954 954 954 1020 
646 717 
770 780 
906 906 930 
954 
67 67 861 
526 625 767 945 945 
44 
189 868 903 
249 249 746 
1005 1005 1013 
653 653 653 780 
201 201 201 201 268 268 821 905 
579 579 
400 400 400 400 
29 342 342 399 433 433 433 826 826 826 
174 174 695 695 695 695 695 
139 139 139 194 194 277 277 439 543 543 543 958 
136 154 252 252 
157 157 157 396 396 
183 529 903 
131 131 131 131 528 528 528 528 836 
172 172 172 172 172 
498 557 557 557 843 
487 
85 123 123 168 168 168 168 
229 229 229 323 323 323 407 669 
213 683 683 
598 819 819 
189 189 189 1008 1008 
414 414 414 846 
196 229 405 949 949 
628 628 628 791 791 791 
269 323 323 706 
292 292 292 356 356 356 356 383 982 982 982 
132 132 
243 243 277 394 515 515 515 515 900 
460 575 575 703 780 780 886 
53 53 53 53 324 324 800 800 
66 66 
612 612 805 
179 308 308 378 378 551 551 1005 
214 611 670 670 996 
473 902 902 
954 954 
660 660 660 678 678 678 678 
417 417 1006 1006 1006 
229 
460 575 653 740 780 875 
63 63 219 250 
467 815 
366 366 480 480 484 484 502 502 950 
66 438 786 
98 234 
232 232 232 684 758 787 
778 778 805 
726 747 
639 
90 300 300 300 
228 228 258 258 258 258 
265 486 486 572 1022 1022 1022 1022 1022 
107 107 107 
269 277 465 465 465 874 
286 286 286 661 661 742 742 
90 90 94 94 277 277 277 277 366 366 607 607 607 607 633 727 881 881 908 908 908 
49 59 162 162 189 253 277 316 316 316 324 324 324 411 453 453 453 846 858 972 972 
108 108 
850 966 
229 675 675 675 841 841 
240 305 645 742 954 954 
331 331 331 902 902 902 

15 153 
140 140 140 181 181 181 831 
470 958 958 
511 615 615 615 615 615 660 660 660 936 
296 380 380 720 
59 59 172 172 564 564 564 
820 820 
597 
345 453 
103 103 103 103 103 410 410 
203 296 296 296 709 709 709 
288 288 330 956 956 956 
21 21 21 44 238 238 366 366 502 502 502 545 559 559 562 660 660 660 729 813 828 968 978 978 
125 125 
226 226 388 1002 
162 162 472 472 472 472 472 
28 28 28 28 273 273 302 302 542 542 590 590 590 
21 436 436 436 527 527 527 
236 236 935 1006 1006 
298 298 491 619 954 954 
413 841 
569 
130 130 194 
963 
50 114 116 116 116 116 476 476 755 755 755 
928 1006 
336 336 796 796 796 796 816 816 913 
37 37 137 369 369 369 428 557 557 574 574 684 684 1023 1023 
212 660 
147 147 699 699 699 
497 497 497 
42 277 277 963 963 963 963 
415 582 
10 10 175 
114 976 
805 805 844 844 
413 689 689 
129 498 557 557 
51 51 51 196 196 196 534 
34 34 401 401 401 461 461 869 869 1013 
239 239 366 366 366 414 414 484 582 700 700 700 889 954 954 954 
622 622 689 
292 292 292 954 
731 
5 5 14 14 14 16 16 30 37 37 40 40 40 43 43 55 55 74 74 80 80 82 82 82 107 107 107 146 146 146 147 147 156 157 157 159 159 159 163 163 171 178 178 186 196 196 196 198 205 205 209 209 213 218 218 250 250 273 273 273 277 283 284 284 286 286 292 305 305 310 318 341 341 354 366 366 366 367 367 370 370 370 370 370 374 374 389 391 403 403 414 422 433 433 434 434 449 449 452 452 465 465 479 486 491 494 494 494 494 497 497 497 518 518 526 530 530 547 547 548 548 577 582 589 589 602 640 657 660 660 678 678 681 681 683 683 683 683 683 684 684 699 704 704 713 713 721 725 736 736 751 751 751 756 756 767 767 772 787 801 805 805 829 838 838 838 842 882 882 907 907 929 929 950 950 950 952 963 993 993 993 1002 1002 1006 1006 1023 1023 1023 
436 436 491 491 627 627 627 
76 288 288 288 810 921 921 921 
277 277 320 459 459 459 476 476 739 
194 482 855 912 912 
142 262 563 563 563 624 624 831 831 

515 515 
1017 1017 1017 
100 100 366 366 366 372 372 372 416 824 824 933 941 941 941 941 954 
87 308 551 
647 
237 237 237 259 259 295 295 295 738 738 738 821 905 
711 711 711 
21 21 922 
175 175 508 508 508 508 
976 
25 25 478 
550 903 903 
467 
96 96 714 714 
427 615 615 615 1012 1012 1012 
366 366 366 944 970 980 
43 43 60 60 60 410 410 
195 223 223 223 472 472 545 545 922 922 
584 584 
366 366 976 
149 149 149 366 711 711 
493 493 616 616 663 663 663 687 687 687 872 872 872 
351 351 351 686 686 767 
98 335 362 362 502 753 
58 58 58 115 115 654 654 
87 105 660 660 660 
218 218 218 218 229 830 830 
277 277 375 375 385 419 419 419 753 753 
156 156 229 665 665 665 
411 
718 718 718 718 
5 5 5 331 341 341 597 597 675 675 675 675 790 1017 1017 
354 954 954 954 1007 1007 
6 182 182 281 281 
12 46 46 123 123 123 435 603 603 603 
880 
67 67 389 
32 32 32 229 544 544 717 717 
169 366 366 399 399 412 412 
493 588 588 588 588 588 672 1013 1013 1013 
224 795 795 835 835 835 
426 426 431 431 568 568 746 746 746 746 746 924 954 954 1006 1006 1008 
44 538 538 
123 123 193 193 193 437 437 716 716 
23 35 110 110 110 164 848 848 879 
95 95 95 150 150 150 178 327 327 327 459 487 549 549 549 549 549 560 560 604 667 676 714 741 826 826 826 884 884 884 928 928 935 954 954 1002 1002 1008 
354 354 366 366 415 582 582 582 582 993 993 
315 867 867 1002 1006 
138 604 604 604 
92 92 92 479 479 479 
73 254 254 
427 427 427 427 427 975 975 975 
229 401 732 732 732 848 949 1000 1000 1000 
466 645 645 645 732 757 757 
432 432 432 451 451 780 
383 
73 73 73 80 80 86 86 145 249 249 262 262 366 514 514 514 539 539 539 539 688 688 758 758 758 758 799 962 962 962 992 992 
277 277 707 728 728 728 728 
694 
608 838 
109 
265 265 265 265 265 280 366 898 898 898 898 898 
127 127 402 516 516 937 937 954 954 954 
