nodes: 1024 edges: 1949
107 145 310 
118 568 664 1002 
182 387 832 
452 
172 353 353 
29 64 250 250 263 328 328 331 341 341 384 569 625 625 710 767 954 992 
281 759 994 
61 61 328 661 
229 231 553 
648 795 
175 175 667 
160 390 
82 995 995 995 995 995 
212 803 825 
892 954 954 
162 162 910 
954 
53 82 82 643 

82 82 537 651 651 651 804 
229 776 
545 922 922 968 968 
277 444 444 
74 74 74 82 82 82 120 120 154 154 308 330 479 617 617 879 879 1005 

478 971 
422 

111 326 326 590 926 926 926 
5 853 
636 

603 603 822 998 998 
77 
461 949 
482 1005 1005 1005 
635 
536 602 602 751 937 937 


497 954 
147 147 684 
941 
497 954 
481 481 845 1003 
366 366 399 399 
176 660 660 995 995 995 995 
122 189 
179 
198 606 606 606 903 
277 277 277 473 473 473 522 
129 129 129 250 250 948 
530 530 
17 90 336 502 502 502 532 532 800 800 876 876 876 936 
179 179 879 879 879 

220 
69 79 344 
544 985 985 
324 324 822 903 915 915 915 
399 977 
7 7 657 
380 502 502 502 529 529 529 529 556 556 
112 112 112 348 
5 697 697 
272 272 274 377 
786 786 
776 776 776 843 997 
337 337 382 658 658 
57 
589 589 589 
151 202 448 448 687 687 
567 567 800 820 820 820 
79 79 497 497 497 540 644 644 811 817 1017 1017 1017 
23 23 23 564 599 717 717 717 879 954 
148 552 
194 712 956 956 
33 229 
366 722 722 
57 73 73 111 184 229 229 229 241 299 611 611 819 819 
536 548 954 954 1017 1017 
604 
12 17 17 19 19 23 23 23 147 147 147 155 172 172 197 209 209 267 343 353 513 537 699 
714 714 
277 277 405 419 757 757 
123 123 123 318 546 546 780 780 
1017 
986 
164 567 

53 790 902 902 


277 277 277 954 
277 
1006 
714 714 974 
928 
376 717 717 739 984 984 
344 
244 689 933 963 
488 693 
480 480 645 645 
315 919 
162 162 
660 660 
392 
0 171 171 171 310 310 454 633 661 837 
366 607 652 904 
775 775 1021 
164 164 656 1005 
28 79 590 
63 63 63 
277 
232 363 363 366 366 399 580 934 944 980 980 
654 985 
238 238 244 244 244 309 309 771 771 934 934 934 

1 459 
739 
23 23 
397 397 596 596 
47 846 
85 85 85 168 229 229 492 492 492 492 780 780 863 995 995 1004 
193 367 654 699 
210 887 923 
594 594 640 648 648 833 833 
736 736 1023 1023 
954 
51 51 51 177 265 486 898 947 
932 932 
151 859 



571 

557 557 557 937 
242 242 421 421 1009 
541 778 855 
181 911 
180 180 660 660 734 734 
470 470 624 624 831 
635 
151 187 422 422 
0 505 505 505 1017 1017 
591 954 
41 41 82 82 82 171 235 262 262 501 501 699 737 737 816 816 
75 
399 650 650 650 981 
826 1006 1006 
71 131 144 202 407 407 
276 276 276 
357 
23 23 252 252 359 360 856 
82 
263 263 640 640 989 
205 857 954 
375 375 
582 582 616 954 954 
11 
295 
15 15 104 104 182 182 182 229 229 229 277 277 277 289 303 303 439 472 472 472 572 715 715 715 739 739 758 797 903 903 903 
192 954 
88 110 110 673 

256 635 
191 328 
123 317 730 
183 183 999 
1017 
107 107 107 147 210 723 954 954 
4 82 82 267 267 267 576 860 860 
339 
585 603 702 702 724 854 854 
10 10 347 430 764 769 780 780 780 832 969 
46 660 684 684 684 827 827 827 
129 277 428 486 
273 273 404 728 798 798 954 1006 
48 54 54 879 879 
141 141 192 192 192 
140 831 911 
2 162 162 162 229 387 796 796 994 
169 169 858 
79 195 195 

704 954 
144 434 

47 277 612 846 846 867 867 903 903 
234 234 234 
167 531 776 
163 180 180 180 303 391 954 
124 311 318 1004 1004 
76 277 855 958 
184 184 
222 222 571 581 794 869 948 948 948 954 
82 355 355 668 668 
49 954 954 

530 
340 418 567 567 567 684 684 850 850 
71 151 407 407 
244 
303 303 303 321 321 
157 279 279 829 954 

247 247 596 
327 361 714 714 
82 82 785 785 954 954 
125 171 723 723 
284 317 
13 282 470 825 938 
374 374 954 
611 906 
723 

429 610 610 
222 222 581 733 954 
495 
56 437 

196 196 218 218 


491 833 
924 
632 632 963 
897 
8 20 77 79 79 79 123 123 162 162 162 182 250 269 277 277 278 292 320 323 366 368 407 407 446 476 485 485 485 600 603 603 632 632 655 681 690 691 691 706 706 746 746 747 747 765 766 776 780 780 780 796 796 818 830 864 869 880 885 885 885 886 886 906 948 948 949 949 951 998 998 1013 1013 
719 
8 300 300 
114 363 363 787 892 
632 632 
190 190 190 631 834 891 
147 


116 116 660 660 922 922 
398 699 950 

79 
138 138 
583 874 
100 116 116 116 203 642 


207 207 596 
362 397 816 
688 688 688 847 909 
5 5 51 51 229 621 621 887 954 
343 353 353 
154 154 270 270 376 539 
366 366 393 588 

810 810 
166 
311 311 311 476 545 
897 897 1019 1019 
502 532 966 

366 
147 147 412 440 493 493 493 563 660 660 959 
5 156 156 625 
518 526 526 577 767 767 
129 1022 1022 
739 
82 172 172 172 991 
576 576 800 850 850 850 947 
229 277 277 871 900 900 
252 252 376 403 
407 407 671 
65 65 407 
178 178 302 302 488 542 542 926 926 
65 366 407 779 
773 773 852 
152 152 152 470 470 479 719 
22 50 50 50 84 84 93 93 93 94 113 162 162 162 177 189 194 229 229 269 269 296 324 324 324 346 346 346 375 419 419 449 459 475 475 485 529 533 541 558 570 570 570 603 603 619 666 707 707 707 739 739 802 855 855 855 858 900 903 903 903 941 954 957 
229 
205 205 386 386 386 823 823 
486 
6 759 759 
212 468 
513 
211 954 

547 901 901 
673 
785 785 921 921 956 
162 647 647 
314 314 479 491 
306 366 806 
229 952 952 954 954 
362 666 722 722 
806 
161 966 
277 920 
545 
619 929 929 929 
79 420 420 
231 231 554 554 896 
684 728 
273 273 
162 162 192 204 204 204 

907 954 954 954 
291 385 419 419 683 
777 837 
23 519 964 964 
116 116 
0 107 107 317 367 454 456 954 
193 257 257 257 565 596 754 922 
760 803 
502 
290 290 491 
103 812 812 1008 
379 617 617 903 
168 211 310 
85 193 414 414 414 954 

229 362 
204 204 
878 878 
229 603 603 655 655 655 655 706 744 864 864 864 871 871 
59 59 277 277 277 346 569 569 569 
355 
28 28 777 777 
208 746 1006 
5 5 7 167 580 686 
590 
23 921 
5 992 992 992 

622 
523 523 
366 720 720 720 720 984 984 
53 532 659 659 800 936 
68 68 548 592 592 

173 551 
201 684 684 
5 5 992 
853 853 
82 251 
57 99 
830 918 
277 277 277 324 348 452 452 452 651 
175 
63 346 

428 428 755 755 
469 548 548 806 810 810 983 983 983 

4 4 82 251 251 
1007 1007 1007 
197 197 325 
872 
153 

154 
154 801 
208 389 
248 293 320 502 502 502 816 984 
114 114 232 232 641 641 
586 586 
820 820 
45 45 78 108 114 114 229 253 253 261 274 291 335 372 399 407 450 450 470 470 470 476 476 502 510 523 523 607 607 616 660 663 663 663 663 663 668 688 700 719 745 763 777 790 790 889 902 922 950 950 954 976 980 981 981 999 999 1007 1017 1017 1022 
124 310 944 
229 
770 937 937 937 
737 737 882 954 
490 
366 523 919 
681 
213 213 644 954 954 
158 158 277 988 988 
98 252 270 403 403 403 403 
65 445 
819 819 
316 
62 428 914 914 
385 
68 626 

5 396 677 
306 381 419 419 
279 279 279 
2 182 
426 568 634 924 
361 954 
11 400 663 663 663 663 663 778 805 
192 954 
106 527 527 527 
253 466 466 564 564 

805 805 
384 767 767 
121 121 248 
239 
45 45 60 114 149 366 599 599 823 853 981 
390 852 852 852 
644 645 757 949 1013 
937 937 937 937 
270 376 376 376 376 
178 590 603 
84 565 567 869 

151 151 202 202 229 229 271 271 272 274 366 422 427 578 583 


660 
473 473 570 570 903 903 
262 1017 
513 586 586 586 841 946 946 
318 318 318 655 682 868 950 954 

517 824 
884 884 
201 
84 277 277 306 306 385 385 666 666 707 1006 
299 299 573 
138 138 
26 144 144 407 434 561 579 756 
735 


388 634 
407 583 625 625 780 780 1012 
177 350 350 380 447 463 486 498 557 684 684 684 755 838 861 937 947 
217 816 835 835 
175 764 764 
709 1002 

767 853 
187 422 479 479 479 516 516 640 640 768 820 820 954 954 
525 786 840 995 
922 955 
220 509 1004 1004 
733 890 
162 758 
262 660 660 660 
963 

726 726 747 
22 22 
377 
229 
428 
71 71 
277 954 954 
366 366 
637 780 1015 
3 346 346 346 530 954 954 
550 550 918 
107 310 661 
725 
310 
535 535 
777 777 977 
118 277 1006 1006 
875 
34 949 
546 929 929 
428 649 649 649 

590 737 737 900 900 900 926 954 954 
393 393 741 
815 815 954 954 
282 802 
351 
142 142 212 276 276 366 366 366 624 912 959 

162 162 162 566 735 925 925 978 
50 50 50 411 411 881 902 

277 277 802 
229 257 366 366 745 934 934 957 

25 971 
23 276 290 434 434 434 518 518 712 954 1010 1010 
102 102 502 889 
44 44 
35 

889 889 
229 229 229 277 
129 177 280 428 801 898 898 898 
532 532 540 707 707 707 714 741 862 1006 1006 
101 273 756 
726 818 
371 797 
225 290 314 954 954 955 
123 123 123 123 
262 262 262 982 1000 
746 746 746 954 
219 
809 809 
40 43 73 73 73 940 954 
428 861 

581 
147 147 
53 53 53 62 62 62 259 313 362 362 362 366 480 528 532 556 607 607 607 659 659 720 773 773 836 889 889 889 889 922 922 966 966 984 984 
735 
636 636 
145 145 145 
756 
656 
662 662 969 969 
437 
366 
660 913 
719 
82 283 413 787 

820 874 874 874 874 961 
434 434 820 1023 1023 1023 
416 527 
264 479 479 
308 
680 680 680 683 759 759 

50 555 
334 334 366 366 372 817 

435 
264 264 767 767 844 954 
392 392 392 517 927 
502 859 859 
62 62 62 62 277 954 
52 52 200 452 789 789 954 954 
191 
53 53 259 336 487 487 502 692 738 
277 
948 
457 457 
37 80 
19 82 

252 808 808 1017 1017 
73 487 
139 277 
273 273 739 739 926 
855 855 855 
58 614 998 998 
21 257 297 922 922 
85 85 462 
286 801 937 
80 337 351 351 782 810 
1006 
453 453 903 903 972 
339 
75 810 
8 
300 300 
522 
62 62 502 
137 137 137 428 684 684 861 937 937 
277 
758 758 758 784 922 922 
676 
422 583 584 
922 
262 959 
74 393 393 915 
311 405 
472 978 
72 72 88 201 201 201 405 820 820 
1 388 1002 1002 1002 
5 324 324 324 
277 277 277 411 411 
135 196 
162 
420 
684 684 

172 268 268 775 775 
264 
407 
422 851 
114 328 722 
196 218 500 
159 159 587 942 954 954 954 1007 1007 
243 407 427 561 
561 979 
174 702 702 
364 364 413 413 413 
582 
253 607 607 607 1000 
70 70 70 954 954 
28 111 329 404 465 
146 
337 337 
699 699 
126 126 640 

121 121 207 247 311 922 
917 
819 866 
74 399 399 
229 
805 805 
37 37 954 
32 32 174 229 229 277 277 323 323 404 995 
81 1006 1009 1009 
681 826 826 826 
49 49 49 
108 366 366 502 502 502 588 588 588 777 777 902 902 
759 759 
707 707 
217 217 
79 79 214 819 
189 660 660 
933 
544 701 830 
913 913 975 
159 366 663 982 
23 23 316 316 
776 776 
277 298 929 

250 250 
333 632 
734 849 
142 142 470 959 
5 5 263 427 427 707 767 767 
382 810 
750 750 981 
870 870 1023 

690 
234 
227 227 229 229 233 233 622 
107 
388 426 
36 143 166 
30 504 504 
451 779 779 

895 
126 156 156 434 434 594 833 833 954 954 
363 363 681 790 790 
244 
17 806 
73 73 374 401 817 
102 102 401 907 1014 
717 839 
289 289 965 
9 126 126 1002 
463 463 463 
149 149 149 
19 19 19 346 791 
108 
780 849 849 849 886 886 
115 124 
229 323 323 323 323 414 744 
110 507 
61 954 
68 68 
336 336 502 502 
46 46 105 105 141 141 176 238 238 262 262 366 410 440 440 440 511 612 612 675 678 678 734 734 805 805 913 913 919 922 922 954 954 954 
7 107 454 
508 508 
366 366 366 366 366 390 390 390 390 390 616 687 687 982 
1 

277 293 419 419 832 
10 1006 
197 197 366 


271 

164 287 791 791 791 

660 793 841 992 992 992 992 
560 
384 793 
660 660 883 954 
831 
520 520 520 
229 373 605 641 722 954 
414 
306 520 954 954 
41 176 176 176 201 201 301 340 340 428 428 428 557 557 574 574 755 937 937 954 954 
836 
328 
71 71 663 663 
249 249 249 366 
100 946 
229 630 
229 229 
532 
101 
791 
780 780 780 812 

64 64 802 

82 124 147 239 593 593 939 
366 950 
614 828 
174 174 585 585 
740 780 
186 954 954 

229 229 323 
277 277 277 419 487 487 487 609 609 625 

431 
5 
967 981 981 
76 479 784 922 922 
954 
83 83 96 96 208 208 487 746 746 900 1006 
162 162 162 797 
1004 
74 74 74 98 98 646 839 998 998 
991 991 991 
230 276 366 512 
335 335 335 335 502 773 
838 954 
78 78 293 293 580 681 
171 210 210 215 
174 727 
455 804 805 954 
443 443 489 894 894 
724 902 
178 301 1018 1018 
922 
168 
953 
1014 
218 438 
141 141 623 660 660 878 
423 472 503 
127 127 
147 147 370 370 465 465 
532 
98 119 162 162 266 277 277 542 542 
703 780 
466 487 
901 907 907 

323 655 827 
366 476 
229 229 327 494 494 494 714 714 1002 1002 1002 
229 229 443 818 


627 627 
37 954 954 954 
776 
988 
311 
350 350 428 684 934 934 
422 488 506 
84 84 401 837 949 
162 439 559 559 559 892 1017 1017 1017 
6 281 281 520 520 608 608 
312 825 

763 763 
366 762 762 
175 430 430 943 
229 
229 
5 264 264 396 396 433 526 526 625 625 954 
434 
175 
369 834 
116 116 856 

275 275 502 502 720 
1006 
109 109 576 576 
20 67 67 67 191 229 618 618 752 
307 326 326 366 458 458 607 607 
139 390 805 805 893 
274 637 637 
85 85 123 123 175 175 175 229 229 229 427 427 451 653 695 695 695 703 740 840 886 943 969 969 1015 

548 956 

559 712 
209 209 288 288 
66 66 435 890 890 
232 513 892 

530 530 
90 366 366 641 641 795 
651 673 673 673 694 870 

675 677 
196 
9 790 1001 
182 182 229 229 936 
162 490 715 
178 178 

53 53 72 268 336 
360 486 547 954 
277 468 475 697 
13 312 825 
19 725 
390 395 395 601 601 660 660 725 778 778 878 893 
291 294 351 643 810 810 
832 946 
539 539 
496 496 
255 255 351 351 548 552 626 806 806 
73 
315 315 695 
922 

467 467 888 954 
147 147 248 362 429 936 936 
73 523 644 
229 489 747 
79 79 378 378 598 611 866 
72 72 72 365 365 434 434 515 516 567 567 
966 966 
32 59 
279 279 399 
416 
13 212 760 803 
150 605 605 605 853 853 1006 1006 
176 176 176 744 
701 978 978 
205 954 954 
229 345 614 987 
142 181 679 959 
2 175 666 807 
126 126 225 640 640 935 
234 770 
429 429 1001 
502 685 
107 307 757 
428 721 954 1020 
646 717 
435 780 
413 675 906 946 954 
954 
67 
526 945 945 
44 
122 189 189 868 
249 1017 1017 
1005 
623 653 653 653 
201 201 268 268 268 
579 
275 400 400 400 
29 342 342 399 433 826 826 
174 174 
139 194 277 277 277 543 543 543 958 958 
154 771 
157 
183 277 903 903 
131 528 528 
172 172 
428 498 557 
487 
123 
229 323 323 323 

598 819 
189 189 1008 
414 846 903 
196 229 405 949 
628 628 791 
269 323 323 
356 982 982 

243 515 515 515 515 900 900 
460 886 
53 53 53 

322 322 734 805 
23 23 54 54 54 74 179 179 1005 
229 
473 902 
370 954 
678 
417 417 1006 1006 
229 229 229 
229 229 653 653 780 875 
125 250 
815 
366 480 484 484 502 502 502 502 950 
438 786 786 
234 
14 232 758 787 
778 805 
726 726 
639 
300 
228 258 258 
129 486 486 486 1022 1022 

269 269 277 465 465 465 714 874 874 
286 286 742 
90 90 366 473 607 607 727 881 
49 59 162 162 162 189 189 277 277 277 316 411 411 550 550 858 858 868 972 972 
108 

214 229 841 
305 645 742 742 954 

249 
15 
140 181 
470 958 958 958 
511 615 615 660 660 
380 380 
59 59 59 564 

597 
345 453 
103 372 660 
296 
288 288 330 
21 21 238 238 311 366 436 502 502 545 545 559 559 562 596 660 660 712 712 729 813 978 
125 
226 388 1002 
472 472 
28 28 28 273 273 465 542 
527 
97 
298 298 298 462 462 619 


130 130 
100 613 963 963 
114 116 116 116 476 476 755 755 
833 1006 1006 1006 
53 336 796 816 816 
37 37 137 369 369 369 402 402 402 402 428 547 557 557 684 684 1023 
212 
699 
497 
42 277 
582 
764 780 
114 367 
844 844 
413 413 689 807 841 
129 268 428 
51 196 196 196 229 229 534 
34 229 229 401 461 757 869 1013 1013 
239 366 366 414 700 889 954 
229 
292 292 954 
731 
5 14 14 16 40 43 74 80 80 93 128 146 157 159 159 163 171 171 178 186 192 196 198 198 205 209 209 213 218 250 277 284 292 292 305 305 305 310 318 366 370 374 374 389 391 414 434 434 449 449 452 452 465 465 467 467 479 491 491 494 497 526 529 530 530 582 582 582 589 589 602 640 640 657 660 660 660 678 681 683 683 684 684 704 704 713 721 725 751 751 751 767 801 815 829 829 838 841 842 882 907 950 952 993 1002 
436 491 
76 76 288 782 
277 476 
194 855 855 912 912 912 
262 470 563 624 831 

515 

100 227 441 933 933 
308 308 
647 
259 295 502 502 821 821 1008 
711 
21 21 
175 508 508 780 780 

25 478 
550 903 903 

96 
615 
366 
60 458 
472 566 828 828 922 
584 
114 114 366 
149 366 366 399 627 711 711 
493 616 663 872 872 
351 351 351 
98 98 335 335 362 502 502 
58 58 115 
87 
830 
375 375 753 
156 

267 718 718 718 
5 331 331 331 341 675 675 675 675 1017 1017 
954 
6 182 
12 12 12 12 12 46 46 46 46 123 123 435 603 

67 
32 32 229 229 544 544 717 717 
169 366 366 
493 588 1013 
795 835 
1 431 568 568 568 648 746 746 746 924 954 1006 1006 1008 1008 
44 
123 193 193 437 437 716 
23 35 35 35 110 848 879 
95 150 150 178 327 419 459 459 487 487 549 604 667 714 774 826 826 884 884 935 935 935 1002 1002 1008 
354 354 354 366 582 582 
315 867 966 1002 1002 1006 
138 604 604 
479 479 

427 
229 229 401 949 949 1000 
645 732 
451 780 

73 73 73 80 80 86 145 145 170 366 366 412 539 539 758 758 758 847 847 992 992 
728 728 
258 258 
838 
109 
265 265 366 898 898 
127 127 516 516 516 628 937 
