nodes: 1024 edges: 1966
458 
118 118 118 648 1002 
182 182 387 832 
452 452 
172 353 353 
29 61 167 167 263 263 328 341 341 384 384 569 569 767 767 992 992 
281 281 520 520 759 994 
61 
229 229 231 
648 648 
175 667 667 667 667 943 943 

77 77 103 995 
212 212 803 803 825 

147 162 162 
818 
53 82 82 601 645 804 
725 
82 
776 
545 922 922 927 968 
277 277 539 539 539 
74 82 82 82 82 120 154 225 225 308 617 879 1005 1005 
803 803 803 
304 478 780 
422 422 
886 886 
111 326 326 326 447 447 447 447 590 590 926 
5 
884 954 
80 351 351 782 
603 822 

461 757 949 
74 1005 
166 229 635 635 635 
602 602 751 751 751 937 954 
323 
492 
497 954 
155 684 
277 277 277 
497 497 
481 538 845 1003 
366 
176 176 660 995 
122 122 189 
179 
198 198 198 606 903 
277 473 555 
250 948 948 
452 452 
17 502 502 532 800 800 876 876 876 936 
179 179 179 

595 651 
344 
544 1010 1010 
665 665 903 915 915 
977 977 
5 7 657 657 657 710 710 
380 380 502 502 529 529 
112 112 252 252 252 252 252 348 348 348 887 887 
229 697 697 

435 877 890 
776 
337 658 
472 
589 
151 448 
277 423 
79 79 79 79 497 540 811 811 817 817 1017 1017 
23 35 564 564 717 748 879 879 
148 148 148 
194 559 712 712 956 
12 12 229 
722 722 
73 73 73 73 111 184 229 229 229 241 299 344 866 
31 548 548 954 1017 1017 1017 1017 
604 826 826 
17 17 19 23 23 23 23 147 147 172 209 353 513 728 798 798 798 954 

277 757 757 757 
123 123 318 502 546 780 780 863 863 
792 1017 1017 
674 
567 

453 532 790 902 

479 

277 473 473 727 902 902 
1006 
714 714 
935 
717 717 739 739 984 984 984 
344 500 500 
963 
693 693 693 693 
645 645 
12 315 938 
739 
660 
392 
171 310 454 661 711 837 899 
409 409 652 652 
775 1021 1021 
164 1005 1005 
28 79 420 420 420 590 590 
63 63 
277 
232 232 232 363 366 399 399 580 580 944 944 
229 632 654 
238 238 244 258 258 258 309 814 

1 1 1 459 459 664 664 664 664 855 
162 
23 
277 390 390 390 390 397 569 596 
47 47 846 
85 85 229 229 492 492 525 780 863 
654 699 
210 210 210 567 567 923 
640 648 648 674 833 
402 
954 
177 265 265 428 486 
403 932 932 

434 

367 
199 571 
180 382 
557 557 557 937 
1009 
277 778 855 855 
911 911 
180 734 
470 496 624 624 
635 635 
151 422 422 422 422 
505 505 1017 1017 
417 954 954 
15 82 82 235 497 501 501 699 699 737 737 816 816 954 
75 75 75 
650 981 
826 1006 
71 144 202 407 
276 756 
323 323 357 357 603 910 
23 252 252 
41 
263 989 
857 857 954 954 

582 

541 
15 15 119 182 229 277 277 277 289 289 289 289 289 439 472 514 572 572 572 572 572 715 715 739 739 758 758 903 
954 954 
110 165 673 
164 
36 256 
5 5 191 191 
317 317 317 730 730 730 
183 999 

107 954 
4 82 267 576 576 915 
339 339 339 
585 603 702 724 854 
10 347 430 769 769 780 780 832 969 
46 46 511 660 684 684 684 754 827 
129 455 
587 728 798 798 
48 54 54 54 879 879 
136 141 192 
831 911 
2 2 162 329 387 672 796 994 
169 277 858 
79 195 195 



773 
47 277 277 383 846 867 

167 167 328 331 776 
180 391 391 391 783 783 954 
311 311 311 318 954 1004 1004 1004 1004 
76 855 932 958 958 
184 184 223 
218 222 242 571 794 869 948 
668 
49 49 49 389 
135 794 
530 530 530 
418 418 673 684 
151 407 998 

303 303 321 321 791 


247 
361 714 717 717 
82 785 785 954 954 
125 125 125 
284 317 
13 13 470 
314 491 954 
611 880 
588 588 723 723 723 
329 
365 429 434 434 610 610 
196 954 987 
495 495 495 887 
437 595 651 
534 
196 787 
195 

23 23 491 491 833 833 
388 
608 632 
897 897 897 1000 1000 
8 8 36 64 77 79 79 79 115 123 123 162 230 277 292 292 323 345 345 358 358 368 387 405 405 407 424 427 427 446 464 476 485 534 544 600 600 603 603 632 719 726 746 746 747 747 747 752 766 766 775 775 780 780 780 796 796 830 864 864 869 869 906 948 987 987 998 998 1013 
229 719 
8 554 
114 114 114 787 787 787 
632 
834 834 891 891 
147 
767 928 928 
966 966 
116 116 309 660 922 922 957 
398 
305 305 305 907 907 
79 
196 794 
583 583 665 874 
116 617 617 

536 536 536 
207 
362 362 708 788 
847 
51 621 887 887 954 954 
343 353 
63 63 63 63 63 154 154 539 
366 393 903 
1011 1011 
300 810 
166 
311 311 545 781 
116 116 116 791 897 897 1019 1019 
966 
549 
422 663 
363 363 366 366 412 412 440 493 493 493 493 493 521 563 624 624 660 660 959 959 1017 1017 
5 5 156 384 531 625 625 625 
518 526 526 767 
129 129 898 1022 1022 
277 739 739 739 
172 991 991 
576 576 576 800 850 
900 900 
376 376 
407 407 671 671 671 671 
274 274 347 407 407 
302 488 542 542 542 
272 272 366 

152 470 
22 22 42 42 42 50 72 84 94 113 121 139 162 162 162 183 189 189 229 266 296 324 324 324 346 346 419 419 453 453 459 459 459 485 533 603 603 603 621 666 697 697 697 707 707 739 855 855 855 855 858 872 900 902 902 903 954 954 957 1018 1018 
345 
386 386 722 823 823 
725 804 804 
6 6 759 987 987 994 
468 468 876 
429 513 954 
211 800 
407 
547 547 954 

785 785 956 956 
162 162 162 162 162 665 
491 
366 366 806 
229 229 952 
722 722 


277 920 

619 860 929 929 
79 420 420 
255 366 896 896 
684 684 728 728 892 
273 926 
204 204 
25 
240 240 240 907 954 954 954 
385 419 419 
777 
23 551 879 879 879 964 
116 238 372 
107 317 317 367 454 456 456 954 954 
193 193 193 257 257 565 565 565 754 754 879 922 922 
760 803 803 

213 
103 812 812 812 1008 
617 617 
168 168 168 211 310 310 
85 193 954 954 
459 727 

204 204 811 
641 660 878 
38 153 153 229 357 744 864 871 871 871 
277 277 277 346 346 569 569 569 876 903 903 
343 343 355 
28 28 28 652 777 777 

5 191 531 531 580 686 
182 216 796 
921 
191 908 908 908 992 
366 366 
622 

720 720 984 984 
659 800 936 936 
68 548 548 592 810 

173 173 173 551 551 551 
418 
5 5 597 597 597 992 992 
853 853 
251 325 325 
57 79 99 
229 229 278 918 
277 277 324 324 452 452 651 
175 272 
63 63 63 

428 755 
31 31 469 469 548 806 806 983 983 
813 813 
4 4 82 251 
954 954 993 1007 1007 
325 643 

153 153 323 780 
229 229 
528 
541 
208 389 
248 248 502 743 743 816 984 
114 262 262 366 
586 586 586 
217 820 820 820 
45 114 253 262 262 274 291 291 300 332 332 363 372 399 407 450 470 470 470 502 502 510 523 607 607 616 660 663 700 763 777 777 790 889 902 902 902 954 954 976 1007 1007 1007 1007 1017 1022 1022 
134 310 
229 
937 
737 954 
490 
309 366 452 523 745 817 919 963 963 

644 954 
385 385 613 988 
270 270 
445 
819 819 879 
944 
62 62 398 428 428 914 914 

136 626 626 626 
189 533 
5 5 263 396 
306 375 375 419 
279 279 
2 182 229 
226 634 924 924 
198 361 954 954 
121 121 121 121 663 663 663 788 805 
192 192 192 954 954 
106 406 439 439 439 527 
253 564 564 
451 
878 
384 857 857 
121 484 816 
239 380 819 819 
114 114 366 627 650 853 981 999 
852 
645 757 757 949 949 1014 
127 937 937 
130 954 
590 603 
229 229 
392 527 527 
151 202 229 271 271 272 272 285 366 422 427 561 864 
460 
108 108 
660 660 977 
473 473 492 492 570 570 
262 262 1017 1017 
513 513 586 946 
530 530 530 868 868 868 950 950 954 
504 1007 1007 
824 963 
146 884 884 
201 201 340 
277 277 306 306 385 666 666 988 1006 
111 111 111 299 299 573 

26 26 144 144 144 144 261 407 510 561 579 579 584 756 768 
72 867 
229 
573 
634 1002 
229 229 407 474 625 625 629 671 671 695 780 854 975 
129 350 380 380 463 463 486 498 557 684 684 684 696 709 755 755 838 879 937 
217 283 624 816 835 835 
175 764 764 
709 1002 1002 
1015 1015 1015 
767 767 853 853 
132 217 217 479 516 516 640 640 756 768 954 
66 786 786 877 877 877 995 995 
955 955 
220 545 1004 1004 1004 
733 733 
162 392 392 392 758 
262 
515 

747 747 747 
471 
377 464 
229 
28 28 28 28 463 
71 
558 954 954 
366 
394 780 1015 
3 3 52 52 346 346 372 530 708 954 
90 277 277 903 
107 310 
177 725 
310 310 
535 535 
0 777 
118 118 277 277 277 319 957 1006 
408 886 
34 949 
546 929 929 
428 428 447 649 
229 445 578 
737 900 926 926 954 

888 
282 282 802 802 
351 351 
142 212 276 366 366 366 624 912 912 959 
444 780 
69 162 566 572 925 925 978 
50 94 94 411 411 881 902 902 
427 975 

229 620 620 957 
1023 
25 971 971 
92 434 518 712 954 
889 889 889 
44 712 784 
958 958 
780 
397 889 950 
229 277 
129 428 898 898 898 954 
532 540 540 707 707 714 714 741 741 741 741 1006 1006 1006 
273 693 

371 
213 225 225 290 954 954 955 955 955 
39 123 123 411 411 
262 262 262 262 262 
746 746 954 
219 219 219 
142 809 809 809 
40 43 43 73 147 790 790 790 940 954 954 
428 861 947 

99 99 
147 147 
53 53 62 62 85 362 366 366 528 532 532 556 607 659 674 762 763 773 773 859 889 889 922 922 922 984 984 984 
735 735 
415 636 636 
145 145 648 648 648 648 
756 756 
508 656 
507 662 969 
799 
366 422 
176 660 660 
719 
82 283 413 413 787 787 
162 637 1017 1017 1017 1017 1017 
441 820 820 961 961 
434 434 820 1023 1023 
527 
264 479 954 

6 6 
262 
555 555 
366 372 
736 736 
123 
264 264 767 767 954 
392 406 406 517 
359 502 859 
62 62 954 954 
200 200 200 414 414 414 452 954 954 
263 328 328 622 
53 90 487 502 502 692 692 692 738 738 738 
277 383 
221 229 948 
457 457 
246 246 246 

44 622 632 
22 22 22 252 808 1017 1017 1017 
73 487 487 
161 360 
273 273 273 739 926 
855 
58 229 614 614 
21 257 437 596 596 922 978 
85 462 780 780 
286 286 954 954 
80 80 337 337 351 810 954 954 
260 600 1006 1006 
972 972 
308 339 339 339 964 
810 

231 
50 522 522 
502 
137 137 137 428 684 861 937 947 947 
449 
76 758 758 758 784 922 922 
676 1006 1006 
407 422 
922 
262 959 
74 74 393 393 915 
311 311 311 
472 
88 125 125 571 820 820 
1002 1002 
5 5 121 324 324 324 767 
411 411 
135 196 567 
162 162 162 162 162 472 
420 425 
684 684 937 937 
875 875 886 
172 172 268 268 268 775 775 775 
954 
464 
422 422 851 
114 114 328 722 

159 942 950 954 1007 1007 
243 243 
422 667 979 979 979 
174 
364 364 364 413 
178 
215 215 607 607 607 761 761 1000 1000 
70 
28 28 111 111 404 715 715 715 926 

337 
699 
640 
56 220 
121 545 545 922 922 
341 341 341 992 
819 866 

229 229 549 
17 801 801 805 
37 37 
32 153 174 229 229 277 277 277 404 
81 1009 1009 1009 

49 903 903 
366 366 502 588 588 588 777 902 
227 
660 707 
217 217 820 
214 880 880 
733 733 
375 
544 544 
913 
366 663 982 
23 244 244 316 316 

298 929 
476 476 
250 277 
333 531 538 632 951 
734 734 
142 142 262 262 429 470 959 
263 263 263 427 427 707 767 767 
382 382 382 810 
399 750 750 955 955 
870 870 870 
427 


115 227 229 233 538 622 

388 426 
36 36 36 143 143 
504 504 
514 779 
831 

126 434 434 594 833 833 954 
322 681 790 
720 720 
355 
374 
17 102 102 401 907 907 907 
717 839 
965 
1 9 9 126 126 505 505 505 505 1002 
463 1023 
149 399 
56 220 346 694 
108 108 326 
849 849 886 886 886 
115 124 985 

507 
61 61 61 
68 810 
336 502 763 
46 105 176 238 262 262 322 366 410 410 511 511 609 734 805 805 883 919 919 922 922 922 954 986 986 
107 837 901 901 
508 
261 366 390 390 390 616 687 982 982 
118 118 118 118 
59 59 243 289 
277 419 419 832 832 
10 10 10 10 584 
197 
864 

271 271 271 271 427 427 
182 709 
164 201 791 
87 126 502 773 
793 793 841 967 992 
560 
793 793 
883 883 
831 831 

641 722 722 954 954 

865 954 
41 176 176 176 201 301 301 428 428 428 557 574 574 755 755 787 787 892 937 937 954 
836 
328 983 983 983 983 
663 982 
1017 



532 532 532 
101 101 101 101 488 
651 791 
427 724 780 780 854 
428 796 
64 64 277 277 277 802 

124 147 147 593 939 954 
366 950 

174 
780 780 
954 954 

871 871 
277 277 487 487 609 625 
248 452 
428 431 672 
61 61 
107 981 981 
76 76 479 481 922 
954 
96 96 208 487 487 746 974 1006 1006 
162 162 590 590 590 797 
1004 
74 98 98 208 208 646 998 998 998 998 998 
991 991 
229 230 512 
335 335 642 642 773 
838 954 954 
78 78 279 293 293 580 681 681 
215 215 215 
174 695 727 727 727 
18 280 455 804 954 
229 894 894 
94 319 724 724 724 
82 178 301 301 1018 1018 

168 168 168 906 
953 953 
1013 1013 
438 438 612 612 
141 623 623 660 
503 503 
524 524 954 954 
147 147 370 465 
532 532 532 
98 98 104 162 162 266 266 266 277 542 957 
780 886 886 
487 487 487 487 1006 
901 907 907 907 
362 362 
323 
372 
229 229 494 494 714 1002 1002 
229 229 229 443 443 443 818 818 
74 

627 627 
37 37 37 954 954 
229 
988 
176 311 311 
350 428 428 684 684 934 934 
152 422 434 506 506 768 954 
34 84 84 84 401 401 949 949 1014 1014 
162 162 439 559 559 559 892 1017 1017 1017 1017 
6 281 
312 803 825 
588 588 
502 763 
366 502 659 762 
430 430 

229 229 
5 5 236 264 433 433 526 526 569 625 625 844 844 954 954 
422 434 756 
175 175 780 


954 
188 502 502 674 720 
1006 
109 229 229 576 576 576 
20 67 191 
307 326 326 366 366 458 607 
139 893 
637 
25 85 85 123 175 175 229 229 229 357 427 451 471 483 546 546 695 695 703 703 740 769 849 875 943 969 1015 1015 
257 
31 795 956 
192 192 
481 559 
209 209 288 288 
435 435 890 
222 232 232 232 513 513 684 684 892 
248 390 

90 366 497 497 497 641 795 
204 258 673 694 870 
86 
675 675 677 677 
196 199 242 
782 790 1001 
182 229 229 329 696 936 936 936 
715 
82 82 82 178 178 
509 1017 
53 53 268 284 336 876 876 
601 601 954 
468 468 697 
13 13 24 24 24 312 312 760 
17 280 280 725 
390 601 660 660 878 893 945 945 954 
291 351 351 

539 
496 496 496 
255 337 548 552 626 658 956 
73 73 321 
315 315 315 
352 352 
116 
888 954 
147 147 362 397 429 936 
73 73 372 
16 747 747 
378 378 398 398 598 
365 365 365 515 515 516 567 567 610 

32 
279 279 
416 
13 760 
81 81 150 853 
176 
922 
954 
229 987 
181 638 679 679 911 
2 175 666 666 
126 225 225 640 640 935 
234 234 
429 429 1001 
685 
107 661 
428 721 954 954 1020 
646 

675 906 906 946 
954 954 

767 767 945 
44 
122 189 868 
249 1017 
1005 1005 
653 653 780 
268 905 
579 
400 
342 342 399 433 433 826 
174 427 695 
118 139 139 194 277 277 277 277 543 958 

157 157 396 396 
183 277 
502 528 
298 
498 557 

85 85 123 
229 229 323 407 669 
683 
79 598 
189 423 935 935 1008 1008 
414 414 414 846 
196 229 229 949 949 949 
628 628 628 791 
323 323 323 706 706 
277 982 982 982 

243 1007 
575 575 780 
53 53 53 282 324 800 800 
66 435 435 435 
322 395 805 
23 74 74 179 179 308 308 308 311 378 428 1005 
214 611 611 996 996 
473 
907 907 954 
660 678 678 
30 417 417 1006 1006 1006 1006 

27 27 460 575 653 653 653 740 740 
63 63 219 250 250 
467 815 
366 480 480 480 484 502 502 950 
66 786 
234 234 
301 684 758 787 
778 805 
726 726 

300 300 
228 228 228 258 258 
265 486 486 486 1022 1022 1022 
107 
269 269 277 465 
661 661 742 
90 94 94 277 277 366 366 366 473 473 607 
49 59 162 253 277 324 324 453 606 606 

850 966 
229 730 841 841 
240 240 305 645 645 645 742 742 742 882 882 954 954 
331 331 331 

153 
140 140 181 831 
470 470 958 
615 
380 380 
59 59 172 564 


345 1012 
372 660 660 
296 
330 
21 21 238 238 311 311 502 502 502 545 559 559 562 596 596 660 660 660 712 828 968 978 978 
125 
388 388 
472 472 
28 302 465 465 542 590 
21 
236 236 
298 298 462 462 619 954 


130 130 194 

755 755 
97 833 867 867 1002 1002 1006 1008 
53 336 336 796 796 796 816 
37 137 369 402 402 428 557 574 574 684 684 
103 
699 
497 
963 963 
582 
10 10 780 
114 114 379 980 
805 805 844 
413 841 
498 557 557 
51 51 196 229 534 
34 401 401 461 757 757 869 869 869 1013 
414 414 484 582 700 889 954 
622 
292 954 
731 731 
30 37 40 80 82 128 146 146 147 157 157 163 163 171 192 193 209 209 213 218 250 250 277 277 283 286 305 305 305 310 310 318 318 354 354 366 366 370 374 389 389 391 391 403 414 434 449 449 452 465 479 486 491 491 494 497 497 518 526 529 529 530 530 547 547 548 548 577 582 640 660 681 681 683 684 699 704 704 713 721 721 725 736 736 751 751 756 767 767 772 801 805 815 829 838 838 842 842 882 907 907 929 950 952 963 993 1002 1002 1006 1023 
436 436 491 491 491 627 627 
76 288 288 782 810 
238 277 459 476 739 
194 194 482 482 855 912 
262 262 470 563 624 

515 515 
1017 
100 372 372 416 941 941 954 
308 551 
647 
237 237 259 905 1008 
675 
21 922 
175 508 780 

478 478 
550 550 

714 
427 474 1012 
366 
60 60 410 
472 545 922 922 
584 584 584 
944 
149 399 711 711 
616 663 663 687 872 872 872 
351 351 686 686 686 686 
98 98 98 335 335 362 502 502 502 
654 
660 660 
218 229 229 281 281 830 
375 419 753 
156 

267 267 718 718 
5 5 331 341 341 597 675 1017 1017 
354 954 1007 
6 182 281 
12 46 435 435 
880 880 

202 229 229 717 717 717 717 717 1011 
169 399 
228 228 588 588 
795 835 
1 426 431 431 568 568 648 746 746 935 935 954 954 1008 
44 
193 193 193 193 437 437 437 716 
23 23 35 110 110 848 848 879 
95 150 419 459 487 487 487 549 549 560 560 714 714 741 774 884 884 884 884 935 954 
354 354 366 366 366 366 415 415 582 582 874 993 
315 867 867 935 966 1002 
138 604 604 604 
58 58 
254 254 998 
918 975 
229 732 732 949 
401 757 757 
432 432 432 451 780 780 

73 73 80 80 80 80 86 86 145 145 262 262 366 412 412 514 514 514 514 514 539 539 539 688 758 758 758 758 799 847 962 992 992 
277 277 728 728 
258 258 
838 
109 109 
265 265 366 366 898 898 898 
477 516 516 649 954 
