nodes: 1024 edges: 3266
107 107 145 194 194 194 310 458 
9 9 118 118 118 568 648 648 664 664 
182 387 387 387 832 
452 452 
212 353 353 353 
64 167 167 263 328 328 328 331 341 342 384 384 384 569 569 625 625 625 710 767 954 954 992 992 992 
281 520 520 759 994 994 994 
61 328 328 328 328 
229 231 231 300 300 366 553 553 
1 1 648 648 795 
175 175 667 667 943 943 
74 74 160 160 160 160 390 
77 77 82 995 995 995 
212 212 212 390 803 803 825 
892 954 
147 162 162 162 162 162 910 
818 954 954 
53 82 645 804 
305 
82 82 537 651 651 804 
776 776 925 
545 545 545 545 922 927 968 
277 444 444 539 539 539 539 648 931 
74 82 120 154 179 225 308 308 479 617 879 879 879 1005 1005 
31 31 803 803 803 
304 478 971 
422 422 422 
886 886 
111 111 111 326 326 326 326 326 447 447 447 590 590 590 926 926 
853 
224 224 636 884 
24 24 782 
132 603 795 822 822 822 998 998 
77 77 
461 757 757 949 949 
74 482 482 1005 
229 635 635 635 635 635 
452 602 751 751 937 937 954 954 

492 492 
497 954 954 
147 147 147 147 155 684 684 
766 766 766 941 941 
497 497 954 977 
481 481 481 538 538 845 922 1003 
366 366 
176 660 660 660 995 995 
122 122 122 189 
179 179 179 773 828 
198 198 198 198 606 606 606 606 903 903 
277 277 473 522 522 934 
129 129 129 129 129 250 250 948 948 
110 452 452 530 
17 336 502 502 800 800 800 800 876 876 876 936 
179 179 763 879 
954 954 
220 220 220 595 595 651 651 651 
69 69 79 472 
985 1010 1010 
324 324 665 665 822 903 915 
366 366 399 977 977 977 977 
7 657 657 657 710 710 
314 380 380 380 380 502 502 502 529 529 556 
112 112 112 154 252 252 348 887 887 887 
5 229 697 697 
272 272 272 274 274 442 
435 435 435 683 786 877 877 877 890 
229 776 843 843 843 843 997 
337 337 337 337 382 382 658 658 
57 57 472 
589 
151 202 448 687 687 687 687 
567 820 820 
79 79 79 497 497 497 540 540 540 540 614 644 817 817 817 817 918 1017 1017 1017 
11 11 23 35 599 646 717 717 748 879 879 954 954 
148 148 552 810 810 
194 194 712 712 912 956 956 
12 12 33 33 229 229 
366 722 722 722 
57 73 73 73 184 184 184 229 241 299 344 611 819 819 866 
536 548 548 954 1017 1017 1017 
604 604 826 
12 17 19 19 23 147 147 155 155 172 197 209 209 267 343 355 355 513 593 593 699 699 699 728 728 798 954 
714 714 
277 405 419 430 757 757 
123 123 123 318 462 462 462 502 546 546 546 780 780 780 863 
792 1017 
674 
567 

532 902 902 
559 800 
479 1010 1010 1010 
277 277 277 
277 277 727 902 902 902 
1006 1006 
714 714 714 974 974 
236 928 
376 717 717 717 739 891 984 984 984 984 
344 500 500 500 
318 318 318 
488 693 693 693 693 756 756 
480 480 645 645 
919 919 919 919 
162 162 
986 986 
392 
0 0 171 171 310 454 454 454 633 661 711 837 837 899 899 954 
366 366 366 409 652 904 
775 1021 1021 
52 164 164 164 1005 1005 
28 28 28 420 420 590 590 590 
63 63 63 
162 162 277 277 
232 232 232 363 363 366 366 399 399 580 580 580 580 580 944 944 944 980 980 
229 229 654 654 985 985 985 
238 238 244 258 258 258 309 309 309 309 771 771 771 934 934 934 
138 138 
1 1 1 459 459 664 664 855 855 
162 739 739 
23 366 
277 390 390 397 397 397 397 596 596 596 596 596 
47 47 47 846 846 846 
85 85 85 168 229 229 229 435 492 492 525 780 780 863 863 1004 
367 654 654 654 699 699 
210 210 210 567 567 923 
594 640 648 833 833 833 
402 402 736 736 736 1023 1023 
954 954 
51 51 51 51 51 265 428 428 486 486 557 557 947 
932 
151 407 407 859 859 
32 544 873 873 

367 367 
199 199 199 
252 252 
557 557 557 557 937 
117 117 421 421 421 
277 541 778 778 855 855 
181 181 831 831 831 911 911 911 911 
180 180 660 660 734 734 734 
298 298 298 624 624 624 831 831 
635 635 
151 151 187 187 187 187 422 422 
0 460 505 505 1017 
417 417 591 591 954 954 
15 41 41 41 41 82 82 171 235 262 262 262 497 497 501 737 737 737 816 816 939 954 954 954 
75 75 
399 399 650 650 981 
893 1006 1006 1006 
71 131 144 144 202 202 407 407 407 
157 276 276 276 276 756 
323 357 603 603 910 
23 63 252 252 252 617 617 856 856 856 
41 82 82 
263 640 989 
152 205 205 414 857 954 
277 277 277 375 375 
582 582 582 954 
11 11 11 11 
295 
15 15 15 15 15 104 104 113 113 119 182 182 182 182 277 277 289 439 439 472 514 514 514 572 572 572 715 739 739 758 758 903 
192 954 954 
110 110 110 271 1005 

256 256 635 
5 5 191 328 580 
123 317 317 317 435 525 525 730 730 730 863 863 863 
183 183 999 
799 
107 107 147 210 210 588 588 723 723 723 954 954 
82 267 267 576 576 
339 339 
585 585 585 702 724 724 724 780 854 854 854 854 
10 10 347 347 430 430 769 769 780 780 832 943 969 969 
46 660 684 754 827 827 827 827 
428 428 428 455 486 486 486 
189 273 587 587 587 728 728 728 728 798 954 954 1006 
23 48 48 48 54 54 
141 141 192 192 522 522 522 
140 140 831 831 831 911 911 
2 162 162 162 162 229 229 329 329 387 387 796 994 994 
169 169 277 
79 79 79 195 195 195 420 

516 516 516 704 704 704 954 954 
144 144 144 144 434 434 434 756 756 
261 
47 178 383 612 612 612 846 846 903 903 
234 
167 331 531 531 531 
163 180 180 303 391 783 783 783 954 
311 311 311 318 1004 1004 
0 0 0 76 76 380 855 958 
184 184 184 223 223 978 
218 222 222 222 229 242 581 581 581 794 794 794 869 948 948 948 948 954 954 
82 355 668 668 668 668 
49 49 49 49 389 954 954 954 
135 135 135 203 203 571 571 
530 530 
418 418 567 567 684 684 
71 151 151 407 407 998 
199 199 
303 303 321 321 321 321 791 791 
157 157 279 279 954 
277 
247 
327 327 361 361 361 714 717 717 
82 82 305 785 785 785 785 785 954 954 
125 125 125 171 171 723 
284 284 317 317 317 
4 13 13 13 282 282 282 282 470 825 825 938 
314 374 374 491 491 491 865 865 865 954 954 
611 611 880 906 
588 723 723 723 
329 
429 429 429 434 610 610 610 820 820 
196 222 581 581 581 581 954 954 987 987 
495 495 495 495 495 621 621 621 887 
56 56 56 437 651 651 
270 377 377 439 
196 196 196 218 787 
195 195 978 978 978 
30 30 1001 
23 491 491 491 833 833 833 
388 388 388 924 
632 632 963 
897 897 
8 36 64 67 77 77 79 115 115 123 123 123 182 182 196 230 241 241 250 250 250 277 277 277 278 281 292 292 314 320 320 323 345 358 358 366 366 368 368 368 377 377 377 387 387 405 405 405 407 424 424 424 424 427 427 427 442 446 446 464 464 476 489 534 544 544 578 603 603 603 630 630 632 655 655 655 681 681 691 706 706 719 719 719 746 746 746 746 747 766 766 775 780 780 780 809 809 809 830 830 830 864 864 869 880 885 891 906 906 906 948 948 949 949 949 951 987 989 998 998 998 998 1013 1013 
229 234 
8 8 300 300 554 
114 114 114 363 787 787 787 892 892 
632 632 632 
190 230 631 834 834 891 
147 
97 928 928 
966 966 
116 116 309 309 423 660 922 
398 484 699 950 
305 305 907 907 
79 229 229 
196 794 794 
583 665 665 665 874 874 
116 302 617 617 
502 
624 
207 596 
362 397 397 708 816 816 
412 688 688 847 847 909 909 909 1017 
51 51 229 229 229 621 887 887 954 954 954 
343 343 343 353 
63 63 136 136 154 154 154 270 376 539 739 
366 366 393 393 588 903 
1011 1011 
300 
166 166 
311 476 545 781 
116 116 116 897 897 897 
502 502 532 532 966 966 
549 
188 366 366 422 
147 147 147 324 363 366 440 440 493 493 493 521 563 563 624 624 660 799 959 1017 
5 156 625 
518 526 526 577 577 577 767 767 767 954 
129 898 898 1022 1022 
277 739 949 
82 172 172 991 991 991 
566 566 576 576 576 800 850 850 850 850 947 
277 277 871 900 900 
221 252 376 
164 407 671 671 
65 65 65 274 
178 302 302 488 488 488 488 542 542 926 926 954 954 
65 65 272 366 366 407 407 
666 
152 152 152 152 470 470 470 479 719 
22 50 50 84 93 93 93 94 94 113 113 121 139 158 158 158 162 162 183 206 229 229 229 266 269 269 298 324 339 339 346 375 375 411 449 449 459 459 459 475 529 529 529 541 558 558 570 570 603 619 619 621 621 621 621 666 666 666 707 707 707 739 739 802 802 855 855 855 855 858 872 900 902 902 902 903 954 957 957 988 1018 1018 
229 345 345 
205 205 386 722 823 823 
486 725 804 804 
6 229 759 759 987 994 994 
212 212 212 212 468 468 468 468 876 
429 954 954 
211 211 800 954 
407 407 407 
547 901 901 954 954 
673 673 
785 785 921 921 956 956 
162 647 647 665 
314 314 479 491 491 
317 366 366 806 806 806 806 
229 229 872 872 872 872 952 952 952 966 
362 362 722 722 722 722 722 
567 
161 966 966 
475 475 802 920 920 920 

142 142 142 277 619 860 929 929 
79 420 
8 8 231 231 255 366 366 554 554 896 
728 728 728 
244 273 273 926 
192 204 204 
25 
18 209 240 240 907 954 954 
385 385 419 419 
326 777 
23 23 879 879 964 964 964 
116 116 116 116 238 238 372 372 372 372 
0 107 367 367 456 456 456 954 
193 193 193 257 352 352 565 565 565 596 754 879 922 922 
760 
502 
62 213 229 290 290 491 
812 812 812 1008 
617 617 617 617 617 903 
168 168 168 211 211 211 291 
85 100 100 100 193 366 414 414 414 954 954 
459 727 831 831 
229 229 
204 204 204 204 
641 641 660 660 660 878 878 
153 229 357 357 603 603 650 650 650 650 655 655 655 706 744 827 827 827 864 
59 59 262 277 558 569 876 876 876 903 903 
343 343 343 343 355 355 
28 28 28 28 28 307 333 333 777 
208 208 746 1006 1006 
5 5 5 7 7 7 7 167 531 531 580 580 
182 182 216 590 590 796 796 796 

5 191 908 908 908 908 908 992 992 

326 326 622 622 622 622 
523 523 524 
366 366 720 720 984 
53 532 659 659 659 800 
68 68 68 68 351 457 592 592 592 810 
716 924 924 
173 173 277 277 551 551 
418 684 
5 954 954 954 992 992 
5 
82 251 251 251 325 325 325 325 
79 99 
229 278 278 830 918 
277 348 348 348 348 452 452 452 452 
175 175 617 832 832 
63 346 346 346 346 
823 823 
428 755 755 
337 457 548 806 806 810 983 983 983 
311 311 813 813 813 
4 4 4 251 
954 954 993 993 993 993 1007 1007 1007 
82 82 197 325 325 
780 780 872 872 
153 323 323 650 
229 229 603 
502 502 528 528 
541 541 
208 208 208 
248 293 293 502 615 615 743 984 
114 114 232 262 366 366 641 
586 586 586 586 
820 820 820 820 
8 45 45 60 60 78 108 108 108 114 114 120 229 229 253 253 261 261 262 274 274 291 291 300 300 318 335 335 363 363 372 399 399 407 450 450 450 470 470 476 476 502 502 502 510 523 523 607 607 616 616 660 663 663 663 668 668 688 700 700 719 745 763 777 790 790 889 889 902 902 902 922 922 950 950 954 954 963 963 976 981 981 981 999 999 1007 1017 1017 1022 
124 134 134 310 310 944 954 
229 229 229 
937 
737 954 954 954 954 
490 490 490 490 490 
309 309 309 309 366 452 523 817 817 817 963 

213 213 644 954 
158 158 277 277 385 385 385 385 385 613 613 613 988 
98 252 270 403 
221 221 229 229 229 445 
618 819 819 819 879 879 

62 62 62 62 194 398 428 428 428 914 
385 
68 68 626 810 
189 533 533 1016 
5 5 5 505 625 677 767 767 
306 306 375 375 375 375 375 381 419 
279 
2 2 2 182 182 229 229 
226 226 226 568 568 568 634 634 924 1002 
198 954 954 
11 13 121 121 663 663 663 663 788 788 805 805 
192 954 
106 439 439 
253 253 466 564 564 564 790 
451 451 451 451 
805 805 878 
767 857 857 857 
121 121 121 121 248 248 788 816 
239 380 819 819 819 
60 114 114 149 149 366 366 599 599 599 599 650 650 853 981 999 
852 852 
644 645 645 732 732 732 757 757 757 949 1013 1013 1013 1014 
127 127 937 937 937 937 937 1023 
376 954 
603 603 603 
84 229 229 229 565 565 
527 
131 131 151 151 151 202 202 229 271 274 274 285 285 285 366 422 422 427 427 561 561 584 584 

108 880 
660 977 977 
277 473 473 473 473 473 492 492 570 570 903 903 990 
249 999 999 999 999 999 1017 1017 
513 513 513 749 841 841 930 946 
157 318 318 318 530 530 655 682 868 868 868 950 950 954 
504 504 1007 1007 
496 963 
146 146 
201 201 340 
84 306 306 385 666 707 707 1006 
111 111 184 299 573 
138 138 138 
26 26 26 144 144 261 407 407 434 510 561 561 579 584 756 756 756 768 768 768 
238 735 867 
229 229 229 229 
434 573 
634 634 634 
229 229 229 407 407 483 583 583 625 780 780 975 975 1012 1012 
129 129 177 177 177 350 380 380 380 463 463 498 498 557 557 557 684 684 709 709 822 838 861 861 861 879 937 947 
217 217 217 283 816 835 835 835 835 
84 175 175 764 764 764 764 
1002 1002 1002 
1015 1015 1015 1015 
767 767 767 853 853 954 954 
187 187 187 217 422 425 479 479 479 515 515 516 516 756 756 768 820 954 954 
66 66 66 123 168 525 525 786 995 
922 927 955 955 
220 545 1004 1004 
733 
162 162 221 392 392 758 855 
262 262 609 660 660 660 
515 515 515 963 
65 229 
726 726 747 747 747 
22 22 
377 464 464 895 
229 229 
28 28 28 463 463 463 
71 
277 277 954 954 
366 366 366 
394 394 394 394 637 637 637 637 1015 1015 
3 3 37 52 52 346 346 346 346 372 530 530 708 708 954 
550 550 903 903 903 918 
107 107 107 661 661 
177 486 725 725 725 
310 310 310 
337 351 535 535 535 
0 640 777 
118 118 277 277 277 319 957 957 1006 
145 886 
34 949 949 
85 85 85 546 929 929 929 
428 428 447 447 447 649 649 649 649 709 
229 229 445 445 578 
737 737 737 737 900 900 900 926 926 
393 
639 639 735 815 815 888 888 954 
282 282 282 282 802 802 802 802 

212 276 276 276 366 366 566 912 
780 780 780 
57 69 162 566 572 925 978 978 
50 411 411 411 411 411 902 902 902 
483 
277 296 296 802 802 
229 257 366 366 620 620 745 745 934 934 934 934 934 957 957 957 957 
1023 1023 
25 
23 92 276 290 434 434 434 518 518 712 954 1010 1010 1010 
102 102 502 889 889 889 
44 44 44 559 559 559 712 784 784 
35 35 958 
427 474 780 
239 889 889 950 

129 129 177 177 177 280 455 801 801 898 
532 532 540 707 707 707 707 707 714 741 862 862 1006 1006 
101 273 273 273 273 693 693 756 756 
229 726 818 818 818 
371 371 371 371 371 715 715 715 797 
213 213 213 225 225 225 290 290 314 929 954 
39 39 123 123 411 411 
262 262 262 982 982 1000 1000 1000 1000 1000 
746 746 746 746 746 954 
219 219 219 219 219 568 
416 809 809 809 959 959 
40 43 43 73 73 73 147 147 790 790 790 940 940 954 954 954 954 
428 428 861 861 
530 530 789 789 
99 99 99 581 
147 
53 53 62 62 62 85 245 259 259 313 359 359 362 366 366 366 480 528 528 532 532 556 607 659 659 720 731 763 763 773 836 836 889 889 889 922 922 922 966 984 984 
735 735 
415 415 636 636 
145 145 384 
756 
656 662 
969 969 969 969 
799 
366 422 
660 913 
600 719 719 
82 413 413 413 
162 162 162 637 758 1017 1017 1017 1017 
434 434 441 441 441 874 874 874 874 961 961 
186 186 186 434 434 820 1023 1023 
527 527 527 
264 479 479 954 958 
780 
6 6 680 680 759 
262 
50 50 180 180 180 555 
334 334 366 366 372 817 817 
334 
123 168 168 435 435 
264 264 767 767 844 954 954 954 
406 517 517 517 927 927 927 
359 359 502 502 859 
62 62 277 277 277 
52 200 200 414 414 452 452 499 499 789 789 954 954 
191 191 191 328 328 
90 259 259 336 487 487 502 502 692 738 738 738 738 
383 383 
229 948 948 
457 457 457 
80 
19 
44 44 622 632 632 632 1003 1003 1003 
22 22 22 22 252 808 1017 1017 1017 
73 73 73 73 487 
139 277 360 360 
273 273 739 739 739 739 739 926 926 
855 855 855 855 855 
132 229 229 614 614 614 998 
21 21 21 21 257 437 562 562 596 596 922 978 978 978 
85 85 85 462 780 
286 937 954 954 
80 80 351 810 810 954 954 954 
260 1006 1006 
453 453 972 972 
339 339 879 879 964 
75 
8 8 586 
231 300 300 
522 
62 502 
129 129 137 137 137 137 428 428 428 684 684 684 684 861 937 937 947 947 947 
277 277 324 
91 481 481 481 712 758 758 758 758 922 922 1003 
676 676 1006 1006 
407 407 422 422 583 
545 545 835 922 922 
262 262 959 959 
393 393 393 915 915 
311 311 311 405 405 
268 268 470 472 761 978 
72 88 125 125 201 201 294 571 820 820 
1 388 388 388 495 1002 
5 5 324 767 931 931 
277 277 411 411 
199 199 567 
162 162 162 472 
420 425 
684 
875 886 
172 172 268 268 268 775 775 
264 264 264 867 954 
229 464 
422 851 851 
114 114 114 114 114 167 328 328 722 722 722 
196 196 196 218 218 218 218 500 
159 159 159 587 743 942 942 950 950 950 954 1007 1007 1007 1007 
243 427 427 561 671 671 
407 407 422 667 979 979 
174 174 174 702 702 702 
364 364 364 364 553 689 689 
178 178 178 582 954 954 
171 171 215 253 607 607 607 607 607 761 761 761 1000 1000 1000 
70 954 
28 28 28 111 111 111 329 329 715 715 926 926 
146 146 
337 337 337 
82 82 699 
126 640 640 640 
56 56 
121 121 121 121 121 247 311 545 545 715 922 922 922 
917 917 
819 
74 399 399 399 399 
512 
710 801 801 801 801 805 805 805 
37 954 
32 153 153 229 229 229 277 323 323 358 404 404 404 995 995 
81 81 826 826 1009 1009 1009 
681 681 681 826 826 
49 49 49 49 903 
366 366 502 588 588 588 588 588 777 777 777 777 902 902 902 
759 
440 660 707 707 707 
217 217 217 820 
79 214 214 880 
189 189 189 660 733 733 733 878 878 
375 375 375 
73 544 544 544 830 830 
362 362 913 975 
366 366 663 663 982 
23 154 154 244 244 316 316 316 316 316 347 
378 776 776 776 776 
277 277 298 929 929 
476 476 
219 219 219 250 277 277 277 277 
333 333 333 333 538 951 
734 
142 142 142 246 262 262 959 959 
5 5 5 263 384 427 707 707 767 767 
382 
750 955 955 955 955 
870 870 870 870 
695 
229 229 690 710 
234 
227 227 229 233 233 233 538 538 538 
107 
388 388 426 426 426 
36 36 36 36 36 143 143 166 
30 504 504 776 
451 451 451 451 514 779 779 779 
831 
467 467 895 
126 156 458 594 594 594 833 833 954 954 954 
322 322 363 681 681 681 790 790 790 790 
720 

73 374 401 
17 102 102 401 401 907 1014 1014 1014 
74 717 717 717 
289 289 965 
1 1 9 9 22 126 1002 1002 
463 463 463 463 1023 
149 149 323 323 323 323 357 399 399 
19 19 56 56 56 220 220 694 694 791 791 
108 
780 780 849 849 849 849 886 886 
115 115 124 124 124 
229 229 229 323 323 323 414 744 744 744 744 744 
507 
61 61 61 954 954 
68 68 810 810 810 
336 336 336 502 502 763 
46 46 46 141 141 176 238 262 322 322 322 366 410 440 440 440 511 609 612 675 678 734 754 754 805 805 913 913 919 919 919 922 922 922 938 938 954 986 
107 454 454 837 837 901 901 
507 
366 366 366 390 390 390 390 616 616 687 687 687 687 982 
1 1 118 118 
59 59 243 243 243 289 
275 277 277 277 419 832 832 832 832 
10 10 584 676 676 741 1006 1006 
197 197 197 197 366 366 
864 
880 880 880 
271 271 583 583 
709 709 1000 
287 287 791 791 
87 773 773 773 773 
660 793 793 841 841 841 906 906 967 
560 560 667 667 1006 1006 1006 
384 793 793 793 793 
660 883 883 883 883 
831 831 831 
520 520 
229 229 605 605 605 641 641 641 722 722 954 954 
414 
66 865 865 954 954 954 
41 41 176 201 201 340 428 428 557 557 557 557 574 755 787 787 892 937 937 954 954 
836 836 
983 983 983 
71 71 71 71 663 663 663 663 982 982 982 
249 249 366 
586 586 946 
630 
229 
532 
101 101 101 101 488 488 
651 651 791 1019 
629 724 724 780 780 812 854 854 854 854 
796 796 796 
64 64 802 802 802 
820 
82 82 82 124 124 239 593 939 939 
366 366 950 
828 
174 585 585 585 
740 740 780 780 780 780 875 
186 186 186 954 

229 229 323 871 871 888 
277 277 277 419 419 487 487 487 487 487 609 609 609 625 625 1018 1018 
248 452 452 
428 428 463 672 672 920 
5 61 61 601 630 
107 981 981 981 
76 76 479 481 559 784 784 784 845 922 922 922 
954 954 
83 83 96 96 96 208 487 746 746 746 746 974 1006 
162 490 490 490 590 590 596 797 797 
338 1004 1004 1004 
74 74 98 98 98 208 208 646 646 646 839 839 839 998 
991 991 991 991 
229 229 229 276 366 512 512 
335 335 502 642 773 812 
731 838 838 
78 78 78 279 293 293 293 293 293 580 580 580 681 681 823 
171 171 171 210 215 215 215 
174 174 174 695 695 727 812 812 812 
280 455 455 455 804 805 954 954 
443 443 489 747 894 894 894 
94 319 724 902 
82 82 178 178 178 178 301 301 301 1018 1018 
922 
168 168 168 
502 721 953 953 953 
401 401 401 
438 612 612 612 
141 141 141 623 660 
423 467 503 503 
127 127 127 954 954 954 
147 147 147 370 465 465 465 465 
532 532 532 532 966 966 966 
98 119 119 162 162 252 266 277 277 542 542 542 542 542 
703 703 780 780 886 
487 667 1006 1006 
901 901 901 907 907 
362 582 
323 655 655 655 655 655 827 827 
366 476 476 
229 229 229 229 327 494 494 494 494 494 714 714 714 714 1002 1002 
229 443 443 443 726 818 894 
74 
413 
627 
37 37 833 954 954 
776 776 
988 
176 311 660 660 
350 350 684 934 934 
101 101 152 187 187 422 422 422 434 434 488 488 506 768 768 954 954 954 
34 34 84 84 401 401 401 949 1014 1014 
162 162 439 514 559 559 559 559 1017 1017 1017 
6 281 281 520 608 
312 803 825 825 825 825 
566 588 588 588 
763 
54 366 502 502 659 762 
430 430 430 430 

42 42 42 229 229 
5 264 264 264 384 384 396 433 433 433 526 526 569 625 625 844 954 954 983 
422 422 422 434 756 756 
175 175 780 780 
840 
116 116 116 
954 954 954 
48 502 674 674 674 674 720 

109 229 576 576 
20 20 67 618 618 618 618 636 752 752 
307 326 366 458 607 607 607 607 
139 139 805 893 
637 637 637 
85 85 85 123 123 174 175 175 229 229 229 356 356 427 427 471 471 471 483 519 546 653 653 695 695 703 703 703 703 740 740 769 769 886 886 943 969 969 
257 
31 795 795 
192 192 192 
481 481 712 712 712 
209 209 209 209 209 288 288 
66 435 890 890 
222 232 232 232 684 684 892 892 892 954 954 
390 390 397 
499 499 530 530 
366 366 393 497 497 497 641 641 641 641 992 
204 204 651 651 673 673 694 
86 
675 675 677 677 677 677 
196 196 196 242 242 
9 32 782 782 1001 
182 329 329 329 696 696 696 936 
490 715 715 
82 178 
170 262 509 1017 1017 
53 53 53 53 91 268 284 336 817 876 876 
486 486 601 601 601 601 954 
277 277 296 468 468 468 468 475 475 697 697 697 
13 13 24 24 24 760 825 
17 19 280 280 725 
390 390 395 395 601 601 601 660 660 725 778 878 878 945 945 954 954 954 
291 291 291 291 351 351 810 
832 832 946 
539 
229 229 229 496 496 496 
75 75 337 351 382 548 548 658 658 658 806 956 956 

315 315 315 695 720 724 724 724 
352 352 352 922 922 

467 467 888 954 
147 147 248 248 397 429 936 936 
73 73 73 73 372 372 372 523 523 800 
16 489 489 489 747 
79 79 378 378 378 398 398 398 598 866 
72 72 217 217 365 365 365 365 434 516 567 567 610 698 916 916 

32 32 32 59 428 
279 279 349 349 722 
963 963 
13 212 212 760 760 760 760 803 
81 604 604 605 605 853 853 1006 1006 
176 176 176 176 323 323 323 744 744 
48 701 922 922 922 978 978 978 
954 
229 229 229 345 614 614 987 987 
140 140 140 142 142 181 181 181 319 319 638 679 679 679 911 
2 175 347 347 666 666 666 666 807 807 960 
126 126 126 225 225 225 640 640 751 
234 234 
429 429 429 429 562 1001 
502 502 685 685 859 859 
107 107 661 661 
428 721 721 954 954 1020 1020 1020 
717 717 717 
770 
413 413 675 675 675 906 930 930 946 954 954 
954 954 
67 67 67 67 861 
526 767 945 945 945 
44 712 
122 122 122 189 189 868 903 
249 249 1017 

653 653 653 653 
268 268 268 268 905 
579 579 
400 400 
29 399 433 433 826 826 
174 174 174 174 695 695 695 695 
118 118 139 139 194 277 277 277 277 439 543 543 543 543 543 958 958 958 
154 154 154 
157 396 396 396 
277 903 903 
131 131 528 836 836 889 
298 
428 428 428 498 498 557 843 
487 487 
85 123 123 168 168 168 
229 229 323 669 
213 213 213 683 683 
79 819 
423 577 935 1008 1008 1008 
414 414 414 846 903 
196 229 949 949 949 
628 628 628 628 1019 
269 706 706 
277 292 292 292 292 356 356 982 982 982 
132 132 
243 243 515 515 515 515 900 900 
575 703 886 886 886 
53 53 53 282 324 324 324 800 800 
66 66 66 
322 322 395 612 612 805 805 
23 23 23 54 74 74 308 308 311 378 378 428 551 551 1005 1005 1005 
214 229 409 611 670 670 670 996 996 
902 
907 954 
678 678 678 678 
30 1006 1006 1006 
229 
27 27 460 575 653 653 740 780 780 875 875 875 
63 63 63 219 250 250 
467 467 706 815 
366 366 480 480 480 484 484 502 502 502 859 950 950 950 
66 786 786 
98 229 234 
14 232 232 684 787 787 787 
150 778 
726 726 726 747 
445 639 
300 
228 228 258 258 258 
265 265 486 1022 1022 
107 107 
269 269 277 465 465 465 874 874 
286 286 661 661 742 742 742 
90 90 94 94 94 277 277 277 366 366 366 473 473 473 607 607 607 727 881 
49 49 59 162 189 189 253 277 316 324 324 411 411 453 453 453 606 846 858 858 868 
108 
850 966 
214 229 229 229 675 675 841 
240 240 305 645 742 742 882 954 954 954 
331 331 331 331 331 
249 249 249 
15 153 
140 140 140 140 181 181 831 
76 470 958 958 958 958 
511 615 660 660 936 
380 
59 564 564 
820 820 
597 597 
73 345 453 
103 103 103 103 660 660 660 
296 296 296 709 
288 288 956 
21 44 238 311 311 366 366 436 502 502 502 545 559 559 562 562 596 596 596 660 660 660 712 712 712 729 813 813 828 828 828 968 978 
125 
226 338 338 388 1002 
20 472 
28 28 273 273 302 465 465 542 542 590 590 
21 436 527 527 527 
97 236 236 935 
298 298 462 462 462 491 619 619 954 954 954 
413 841 841 
22 569 569 
130 
963 
50 116 116 116 476 476 476 476 476 755 755 
867 928 1002 1002 1006 1008 1008 
53 796 816 816 913 
37 37 137 369 402 402 402 402 402 428 547 557 557 684 684 1023 1023 
212 660 660 
147 699 699 
497 497 
42 42 963 963 963 
582 582 
10 10 175 780 
114 114 114 367 976 980 
805 805 844 844 844 
413 689 807 841 
129 268 428 557 557 557 
51 51 196 196 196 196 229 229 534 534 
34 34 229 229 229 266 401 461 461 757 869 869 869 1013 
239 366 366 414 414 484 582 582 582 700 889 889 889 954 
229 622 
292 292 292 954 954 
731 731 731 
5 5 14 16 16 37 37 40 40 43 55 55 74 74 80 82 107 128 128 146 146 147 147 147 157 159 163 163 171 171 178 178 186 186 192 196 196 198 198 198 205 209 209 213 213 218 218 250 250 250 264 273 273 277 283 283 284 286 286 305 305 310 318 318 341 341 341 354 354 366 366 367 370 370 370 370 374 389 389 391 403 414 433 433 434 434 449 449 452 467 479 491 494 497 497 497 497 518 526 526 526 530 530 547 547 548 548 548 577 582 587 587 589 602 640 640 640 657 657 660 681 681 683 683 683 684 684 704 713 713 725 725 736 736 736 751 751 756 756 756 767 767 772 772 772 787 787 801 805 805 805 815 829 838 838 841 841 842 842 882 907 907 907 929 929 929 950 952 952 963 963 993 993 993 1002 1002 1002 1006 1007 1007 1023 1023 
436 436 627 627 627 627 
76 76 288 288 810 810 921 
277 277 459 459 476 476 476 476 
194 482 518 855 855 855 912 912 912 912 
262 496 496 563 563 624 624 
832 
515 515 

227 366 366 372 416 441 824 824 933 941 941 941 954 954 
308 308 308 551 
647 
237 237 259 259 292 295 295 502 738 738 738 905 
675 
21 922 
175 175 508 508 508 508 780 780 
976 
25 
550 550 

96 96 714 
427 427 615 1012 1012 1012 
366 944 970 980 980 
43 60 60 60 60 410 410 
195 223 223 223 472 472 545 545 545 566 828 828 828 922 
584 584 
114 114 944 976 976 
149 366 366 366 399 711 711 711 
493 493 616 663 687 687 687 872 872 872 
351 351 351 686 686 686 767 
98 98 98 98 335 362 502 502 
58 115 115 115 
105 105 660 
218 218 229 281 830 830 
277 375 753 
156 229 
411 
267 267 267 718 718 718 718 
5 5 5 331 331 341 341 790 1017 1017 1017 
354 354 354 354 954 954 954 1007 1007 
6 6 6 182 182 281 281 
12 12 12 46 46 435 603 603 
880 880 
67 
32 32 202 229 229 229 229 544 717 
169 366 366 399 412 412 412 412 412 
493 493 493 493 493 588 588 588 672 1013 
224 795 835 
388 431 431 431 568 648 648 746 746 924 935 935 954 954 954 1006 1008 1008 
44 538 538 538 559 
123 193 193 437 437 716 716 716 
23 23 35 110 110 164 879 879 879 
95 95 150 150 150 178 327 327 419 459 487 487 549 549 560 560 667 667 676 676 676 714 741 741 826 826 884 884 884 935 954 1002 1008 
354 354 354 366 415 415 582 582 582 582 954 954 993 993 
315 867 867 867 935 935 1002 1002 1006 
604 604 604 
58 58 92 92 92 479 479 479 
254 254 
427 427 975 975 975 
229 229 401 401 401 949 1000 
401 645 645 645 757 757 
432 432 432 432 451 451 
383 
73 73 73 80 80 80 86 145 249 262 366 366 412 412 514 514 514 514 539 539 539 758 758 758 799 799 847 992 992 992 
277 277 707 707 728 728 
694 870 
838 838 838 
109 109 
265 265 366 898 898 
127 127 402 477 477 516 516 649 937 937 954 954 
