nodes: 1024 edges: 3261
107 107 194 194 194 194 310 310 458 
118 568 648 664 1002 1002 
182 387 387 387 832 832 832 832 
57 452 
353 353 
61 167 185 250 250 328 331 341 341 342 384 569 569 625 625 767 767 992 992 992 
277 281 281 520 520 759 994 994 994 994 
236 328 328 328 661 
229 229 300 300 553 553 
648 648 
175 667 667 667 667 676 943 943 
74 74 160 160 160 160 160 
77 77 103 995 995 995 
212 390 803 803 803 825 825 
892 954 954 
147 147 235 910 
954 954 
82 643 645 645 645 645 804 

82 82 336 537 537 537 537 651 651 651 
776 925 
545 922 922 922 927 927 968 968 
444 444 444 539 539 931 
74 74 82 82 82 120 154 154 154 154 225 308 308 330 617 617 879 879 
31 31 803 803 803 
478 478 971 971 971 
422 422 422 
886 
111 111 111 111 326 326 463 463 926 926 926 
853 
224 417 636 636 884 
24 24 80 351 782 
132 603 822 998 998 
77 77 
461 461 461 757 757 757 757 949 949 
482 482 1005 1005 
229 635 
602 602 602 937 954 954 

492 492 
497 497 954 954 
147 352 684 684 
277 277 766 766 941 941 941 
497 954 954 977 977 
481 481 481 538 559 845 845 922 
366 366 366 399 399 
176 660 660 660 995 995 995 995 
122 122 635 
179 179 
198 198 606 606 606 606 903 903 
277 473 473 522 555 
129 129 129 129 250 250 948 948 948 
452 530 530 
90 502 502 532 800 800 800 876 876 876 936 
179 179 179 179 308 879 
391 954 954 
595 595 651 651 
3 69 69 344 344 
544 985 985 1010 1010 1010 
324 324 324 606 665 665 665 822 903 915 915 
366 366 366 399 977 
5 657 657 710 710 710 710 
314 380 380 380 380 502 502 502 529 556 750 
112 154 252 252 252 348 348 887 887 887 
229 697 697 697 
272 274 377 442 
435 786 786 877 877 877 890 
229 229 776 776 843 843 997 997 997 997 997 
337 382 382 658 
57 57 472 
589 589 589 
151 151 448 687 687 687 
237 423 800 820 820 820 820 
79 79 79 79 497 497 497 497 497 540 540 540 614 644 644 817 1017 1017 1017 1017 
11 11 23 23 599 599 599 646 646 646 717 717 748 879 879 954 954 
148 148 810 
194 712 712 712 956 956 956 
12 12 33 33 229 229 
366 722 722 722 722 
73 73 73 73 111 184 184 229 241 241 299 299 299 299 344 344 611 866 
31 536 536 548 548 548 548 954 954 954 1017 1017 1017 1017 
604 604 826 826 959 
17 19 19 23 23 23 147 147 147 155 172 197 209 209 267 343 353 500 513 513 513 537 537 593 699 699 798 798 798 954 954 
714 714 
277 419 419 430 757 757 757 
123 123 462 546 546 546 575 780 780 863 

674 964 986 
164 

53 532 790 790 790 790 902 902 902 

1010 
277 
902 902 
1006 1006 
714 714 974 974 

717 717 739 891 984 984 
344 500 500 500 500 
244 318 933 963 963 
488 693 693 693 693 756 756 756 
480 480 645 
12 315 919 919 919 919 
162 162 739 739 739 
660 986 986 
392 898 
0 0 171 310 454 454 454 633 633 661 661 711 837 837 899 899 899 899 
366 409 607 607 904 904 
229 229 775 775 1021 1021 1021 
164 164 1005 1005 
28 28 28 28 79 590 590 590 590 
63 
162 162 277 277 277 
232 232 232 363 366 399 399 580 580 580 580 934 944 980 980 
229 229 632 654 654 985 985 
238 238 238 238 244 244 244 258 258 258 309 309 771 771 771 814 814 934 934 934 934 
138 138 
1 459 459 664 664 855 
162 162 739 739 
23 
277 390 390 390 390 390 397 397 397 397 569 596 596 596 
47 47 453 
85 85 168 229 229 229 435 435 435 780 780 780 863 995 995 1004 1004 
367 654 654 699 699 
210 210 210 887 923 
594 594 640 640 648 648 833 833 
402 402 1023 1023 

51 51 51 51 177 265 265 265 428 428 486 557 
932 932 
859 859 859 
32 873 
497 
367 367 367 367 367 
199 199 571 
252 252 856 
557 937 937 
117 117 242 242 421 421 1009 1009 
277 439 541 541 778 778 855 855 855 
181 831 831 911 
180 180 660 
298 298 470 470 470 470 470 624 831 959 
635 635 
151 187 422 422 422 422 
460 505 505 505 1017 1017 
417 417 417 417 591 591 591 954 954 
15 15 41 82 82 82 235 262 262 262 262 497 497 501 699 699 737 737 816 816 816 939 939 954 954 
75 75 208 
650 650 650 981 981 981 
826 826 1006 1006 
71 71 144 202 202 407 407 
276 276 617 756 
323 357 357 603 603 910 910 910 
23 23 23 23 63 252 252 359 360 617 617 856 
82 
263 263 640 954 989 
205 954 954 
277 277 375 
954 954 
11 11 11 11 11 
295 541 541 
104 104 113 113 119 119 182 182 182 182 229 229 266 277 277 277 289 289 289 289 303 321 321 439 472 472 472 514 514 572 572 572 647 647 715 739 739 739 758 758 758 797 903 903 925 
192 954 954 954 
88 110 110 271 673 1005 

256 256 256 284 635 635 
5 191 191 191 328 
123 317 435 435 489 525 730 863 863 863 
183 183 183 183 
799 799 1017 1017 
107 210 723 954 954 
82 267 267 267 576 783 860 915 915 
339 339 339 
702 702 702 724 724 780 780 854 854 
10 347 347 430 764 764 764 769 780 780 780 807 807 832 832 943 
46 511 511 684 754 754 827 827 827 827 
129 277 428 486 
273 273 404 587 728 728 798 798 954 954 954 1006 
48 48 54 54 54 54 
141 141 192 192 522 522 
140 831 831 911 911 
2 162 162 162 162 229 229 329 329 387 387 994 994 
169 169 169 169 277 858 858 
79 79 195 195 195 420 
5 
516 516 704 954 
144 434 
773 773 
277 383 612 612 612 612 846 867 867 867 903 903 903 
234 
167 167 167 328 331 776 
163 180 180 303 391 391 783 783 954 
311 311 318 954 1004 1004 1004 1004 
0 0 0 0 76 958 
184 184 184 223 223 978 978 
222 222 222 229 229 437 571 571 571 581 581 581 794 869 948 948 948 
82 355 668 668 668 
49 49 954 954 
135 135 203 571 571 
530 530 530 
567 567 673 684 684 850 850 850 850 
151 151 
199 
303 303 321 321 
157 279 279 279 279 829 954 
277 
247 
148 327 361 714 714 717 
82 82 785 954 
125 125 125 171 723 723 
284 
13 282 282 825 825 938 
314 314 374 491 954 
611 
588 723 723 723 
329 
365 365 429 434 610 820 820 820 
222 222 581 581 954 987 987 987 987 
495 495 495 887 887 887 
437 651 651 
229 377 377 534 
196 196 196 218 218 787 
195 195 978 978 978 
30 
23 491 833 833 
388 924 924 
632 963 
1000 1000 1000 
8 8 36 64 67 67 77 77 79 109 109 115 115 123 123 123 162 162 182 182 196 196 221 230 241 241 250 277 277 281 281 292 314 320 323 323 323 345 345 358 366 366 377 387 405 405 407 424 424 424 427 442 442 442 446 464 464 464 476 476 476 476 476 485 534 534 544 544 578 578 600 600 600 603 632 655 655 655 681 681 681 691 691 706 706 706 706 719 746 746 746 747 747 752 752 752 752 765 765 766 766 776 780 796 809 809 830 864 869 880 880 880 885 885 886 886 906 948 948 949 949 987 987 998 998 
229 234 719 
554 554 554 
114 114 114 787 787 892 892 

190 230 631 631 834 834 
15 147 
7 767 767 928 928 928 
72 966 
116 116 116 116 309 309 423 660 660 660 922 922 957 
398 950 
305 305 
79 79 229 229 
138 138 794 
583 583 583 665 665 665 665 665 874 874 874 874 874 
100 116 116 116 302 617 617 

536 536 
207 596 
362 362 362 397 397 397 816 
412 688 688 688 688 847 847 847 847 847 909 1017 1017 
5 5 51 51 229 621 621 887 954 954 
343 353 
63 63 63 136 136 154 154 270 539 539 
366 366 393 393 
677 677 1011 1011 
810 810 
166 166 166 
311 311 476 545 781 
116 116 116 791 897 897 897 
502 502 521 532 966 

335 366 366 422 663 
147 147 147 147 324 363 363 363 366 366 409 440 493 493 493 521 563 563 563 624 799 799 959 959 1017 1017 
156 156 384 384 531 625 625 625 
526 526 526 577 577 767 954 
129 129 129 898 1022 1022 
162 277 277 739 739 949 
82 172 172 172 991 991 
566 566 576 576 576 576 800 811 850 
277 277 277 900 900 
252 
164 407 407 671 671 671 671 
65 347 347 407 407 
178 178 302 302 488 488 488 488 542 926 954 954 
65 366 366 407 407 779 
666 666 852 
152 152 470 479 479 479 
6 42 42 50 84 93 113 113 113 121 139 158 158 162 162 162 177 183 189 206 229 229 266 266 269 269 269 298 298 324 324 346 346 375 419 419 449 449 453 459 475 485 485 529 533 533 541 541 558 570 570 603 603 619 621 621 621 621 666 666 666 697 707 707 707 739 771 855 855 855 858 872 874 900 902 902 902 902 903 903 954 954 957 988 988 1018 
345 
205 205 205 205 386 823 823 823 823 
725 804 
6 6 229 229 759 759 987 987 994 994 
212 212 468 468 468 876 876 
429 429 513 954 
166 211 954 954 
407 778 
547 901 901 901 901 954 954 
673 673 673 
785 785 921 921 956 956 
162 162 162 162 647 
314 314 491 
306 317 806 806 806 
229 461 872 872 872 872 952 952 952 954 966 
362 362 666 722 722 722 722 
806 
161 966 966 
475 475 802 920 920 920 
545 
142 142 277 277 619 619 619 929 929 
79 79 79 79 420 420 
8 8 554 554 896 896 896 
684 684 684 728 728 892 
244 273 273 926 
162 192 204 204 

240 240 954 954 
291 419 683 
777 777 837 
23 23 54 519 551 879 964 964 964 
116 116 238 238 372 372 372 
0 0 107 317 367 454 456 456 456 954 954 954 
193 193 257 257 352 596 922 
760 803 803 
502 
62 213 213 229 290 290 491 
103 812 812 1008 1008 1008 
617 617 617 617 617 903 903 
168 291 310 
100 193 366 414 414 414 414 414 954 954 954 
459 831 831 
229 362 
162 162 204 204 811 
641 660 660 735 878 878 
153 229 229 229 603 650 650 655 655 655 706 706 744 827 827 864 864 871 871 871 
59 59 59 262 277 277 569 569 569 569 876 876 876 903 903 
343 343 343 343 355 
28 28 777 777 777 
208 714 714 1006 1006 
5 7 7 7 167 191 531 580 580 
182 182 216 590 590 796 796 
23 
5 191 908 908 908 908 
366 366 
622 622 
523 524 
261 720 984 984 
19 532 659 659 659 800 800 936 
68 548 548 592 810 810 
716 
173 173 173 551 
684 684 
5 5 597 597 992 
5 396 853 853 853 
82 251 325 325 325 325 
57 57 79 79 99 
229 229 278 
277 277 348 348 452 452 452 
175 175 272 272 617 832 832 
63 63 346 346 
823 823 
428 428 755 755 
31 457 469 548 548 806 806 806 806 810 810 983 983 983 
41 311 813 813 813 813 
4 4 82 251 
954 954 954 1007 1007 
197 325 643 
780 780 780 
153 153 650 780 
229 
154 502 528 
154 502 541 
208 714 714 
248 248 248 293 293 320 502 502 615 816 816 
114 262 262 262 366 641 641 641 
586 586 
217 217 820 
45 45 45 60 60 60 78 108 114 229 229 253 253 261 261 262 262 274 274 318 332 332 363 372 399 399 407 407 450 450 470 470 476 502 502 502 510 523 523 607 616 616 660 660 663 663 668 688 688 700 700 700 719 719 745 763 777 777 790 902 902 922 922 950 954 954 954 954 963 963 976 976 976 980 980 981 981 999 999 1007 1007 1017 1017 1022 1022 
124 134 134 134 134 134 310 954 

770 937 
882 954 954 954 
490 490 490 490 
309 309 309 366 523 523 648 817 963 963 
681 
213 954 
158 277 385 385 385 613 613 
403 403 403 
65 221 221 229 445 445 445 446 
618 819 819 819 879 879 
944 
62 62 62 62 428 914 
385 
68 68 626 626 626 
189 533 533 
5 263 263 396 396 677 767 
375 375 375 381 419 419 419 988 988 
279 
2 2 2 182 182 229 
226 426 426 568 924 924 924 
954 954 954 997 
13 121 121 121 121 121 400 400 663 663 663 778 778 788 788 788 805 805 805 
55 192 192 
106 406 406 439 439 527 
253 253 466 466 564 564 564 790 
451 451 451 451 
805 805 878 878 878 
342 384 384 767 857 857 857 
121 121 121 121 248 248 248 788 816 
239 775 819 
45 45 60 114 114 366 366 599 599 627 627 650 981 999 999 
390 390 852 852 852 
645 757 949 949 949 1013 1013 
127 127 736 736 937 937 
376 376 376 954 954 954 
178 590 603 603 
229 229 869 
392 392 527 964 
151 151 229 271 271 272 272 274 274 285 366 366 422 427 427 427 561 561 561 578 583 584 584 

108 262 
660 660 919 919 977 
473 473 473 473 492 570 903 990 
249 999 999 1017 1017 
513 513 586 841 841 
318 318 318 318 318 530 530 530 655 682 868 868 950 950 954 
942 1007 1007 1007 
824 824 963 
30 146 146 146 146 884 884 884 884 

84 84 277 277 306 385 385 385 666 707 988 988 1006 
184 299 299 573 573 573 
138 138 
26 26 26 144 144 144 144 261 407 434 510 561 561 579 584 584 584 756 756 768 768 768 
72 238 735 
229 229 229 
573 
388 388 634 634 1002 
229 407 407 407 483 483 483 583 583 625 625 625 625 629 671 695 780 780 854 975 1012 1012 1012 
129 129 177 350 350 380 447 463 463 486 486 498 498 557 684 684 684 709 755 755 861 937 
217 283 283 816 835 835 
84 175 764 
709 1002 1002 1002 1002 
1015 1015 
767 767 853 853 853 954 954 
187 217 422 479 479 515 516 516 516 578 640 640 640 768 768 768 820 820 954 954 
66 123 123 123 168 168 525 525 525 525 525 995 995 
922 922 922 927 927 927 927 955 955 
196 220 545 545 1004 1004 
733 890 
139 162 392 392 758 758 855 
262 660 660 
515 963 
65 229 229 229 
726 726 747 747 747 747 
22 22 22 
377 377 377 464 464 464 895 
229 377 
428 463 463 463 
71 
277 277 954 954 954 954 
366 366 
394 394 394 394 637 637 637 780 
3 52 346 346 346 530 530 954 954 
122 277 550 550 918 
107 107 107 310 661 661 661 
725 725 725 725 
310 310 310 
351 535 535 
0 777 777 977 
118 118 277 319 957 1006 1006 
145 875 875 
34 34 34 292 949 
85 546 929 
28 28 428 428 447 447 447 709 709 709 
229 229 229 445 445 445 
737 900 900 954 954 
393 393 1014 
639 639 639 639 735 815 815 815 888 888 954 954 954 
282 282 282 802 802 802 802 
351 810 810 
142 142 142 142 142 276 366 366 566 624 912 912 912 959 
585 
69 162 162 162 566 572 572 735 925 978 978 978 978 978 
50 50 411 411 411 411 881 
975 
277 296 296 802 802 
229 229 229 229 229 257 366 620 745 745 934 934 957 
1023 
25 25 971 971 
276 276 276 434 434 518 712 954 954 1010 1010 
102 102 889 889 
44 44 44 559 559 559 559 712 712 784 784 
35 35 958 958 
427 427 427 671 780 780 
950 
229 277 277 
129 177 428 428 801 801 898 898 898 898 
532 532 707 707 714 714 714 730 741 741 741 862 862 1006 1006 
101 273 273 273 273 756 756 
168 726 726 818 818 818 
371 371 371 371 715 715 715 
213 225 290 314 929 954 954 954 955 955 955 955 
39 39 411 
262 262 262 982 982 1000 1000 
746 746 746 954 954 954 
219 219 219 568 568 
809 809 959 
40 40 43 73 73 73 73 73 133 147 147 790 790 790 940 940 954 954 954 
428 428 861 947 
530 530 789 789 
82 99 99 99 99 
147 
53 53 62 62 62 259 259 313 359 360 362 362 366 366 366 528 528 532 532 532 556 607 659 659 674 720 762 763 836 836 889 889 889 889 922 966 966 966 984 
735 735 
636 636 
145 145 145 648 648 648 
756 
508 656 662 662 
507 662 662 969 969 969 969 969 

366 422 
176 176 660 660 
719 
82 82 82 283 413 413 787 787 
162 162 1017 
434 441 820 820 820 874 874 874 961 961 
186 186 434 434 434 820 820 820 820 1023 1023 1023 
527 527 
479 954 954 954 
308 780 
6 6 680 680 680 680 759 759 
259 262 
50 180 180 555 555 
334 366 366 372 372 817 817 
334 736 736 
168 435 435 435 435 435 
264 264 264 767 767 767 954 954 954 
392 406 517 517 927 927 927 927 
359 502 502 859 859 
62 277 858 954 954 
52 52 200 200 200 414 414 414 452 452 499 499 954 
263 328 622 
53 90 259 336 487 487 502 502 502 692 738 738 
277 277 383 383 
221 229 229 948 948 
457 457 
80 80 246 246 
19 19 19 19 82 82 
44 622 1003 
22 22 252 252 1017 1017 1017 
73 73 73 
139 139 161 161 277 277 360 
273 
855 855 
58 229 229 614 614 
21 257 297 437 437 562 596 596 978 
85 85 85 462 
286 937 954 954 
80 80 80 80 337 337 351 351 782 782 810 835 835 954 954 
560 1006 
453 453 972 972 972 972 
308 339 879 879 964 
956 956 
8 8 
231 231 231 300 300 
50 522 522 
62 502 
129 137 428 684 684 684 861 861 937 947 947 
277 
44 481 481 481 481 712 758 758 758 784 784 922 
549 676 676 1006 
407 407 407 422 422 584 
545 922 922 922 
262 262 262 959 959 959 
393 393 393 915 915 

268 268 470 472 761 978 
201 201 571 571 571 820 820 820 
1 388 495 495 1002 1002 1002 
5 5 121 324 324 324 324 767 
277 277 411 
135 196 196 196 199 199 567 567 567 
162 162 162 472 472 721 898 
420 420 420 425 
937 
85 875 
172 268 268 268 268 775 
264 264 954 
229 229 407 434 
422 851 851 
114 114 114 114 328 328 722 722 722 
196 196 196 218 218 
587 743 942 950 954 954 954 1007 1007 1007 
243 243 243 407 427 427 
407 407 422 422 422 561 667 979 979 
471 702 
364 364 413 689 689 
178 582 954 954 
215 607 607 607 607 607 761 1000 1000 1000 
70 70 70 954 
111 111 111 111 329 329 404 715 926 926 926 
146 146 146 
337 
82 699 699 699 
126 126 640 640 
56 56 
121 121 121 247 311 545 545 715 922 
341 341 917 
819 819 
74 74 74 399 399 
229 229 229 
801 801 801 801 801 805 
37 37 37 751 954 954 
32 153 153 229 277 277 323 404 404 995 995 995 995 
81 81 826 1009 1009 1009 1009 
681 681 826 826 826 
49 49 49 49 59 903 903 
108 108 366 502 588 588 588 588 588 777 777 777 777 902 902 902 902 
759 759 1020 
660 660 660 707 
217 820 820 820 
79 214 880 880 880 1019 
189 189 189 189 660 660 660 733 733 878 
375 375 933 
73 544 544 830 830 
362 913 913 913 913 975 975 975 975 
366 366 663 663 982 
23 23 152 154 154 244 244 316 316 316 316 316 347 
378 776 776 776 776 
277 298 298 298 929 929 929 
476 
250 250 277 277 277 277 
333 333 531 538 951 
734 734 734 849 
142 262 470 959 959 959 
5 5 263 263 263 427 427 427 427 707 707 707 767 767 767 
382 382 382 
399 399 750 750 750 750 955 981 
870 870 870 870 1023 
427 
690 
234 234 
115 227 229 
107 107 902 
426 426 
36 47 143 143 166 166 
30 30 504 504 
451 451 451 779 779 779 

467 467 467 467 895 
126 126 156 434 434 434 594 594 833 833 954 
322 363 363 363 681 681 681 681 790 790 790 
720 
17 355 
73 73 
17 17 17 17 102 401 907 907 907 907 
74 74 74 717 
162 162 289 965 965 
1 9 9 126 126 372 505 505 505 1002 
1023 
149 149 149 323 323 357 399 
19 19 19 56 56 220 220 694 694 694 791 

780 849 849 886 886 
115 115 124 124 985 
229 229 229 323 323 323 414 744 744 744 
507 
61 61 954 
68 810 
336 336 336 502 502 
46 46 46 105 141 238 238 238 322 322 366 366 410 410 440 440 511 511 609 609 609 612 612 612 675 675 678 678 705 721 734 734 754 754 754 805 805 883 883 913 919 919 922 922 922 938 938 954 986 
7 107 107 454 454 454 837 901 901 901 901 
507 507 508 508 
261 366 366 390 390 390 616 616 687 687 687 687 982 982 
1 118 118 
59 59 59 243 243 243 243 243 
275 275 277 277 277 293 419 832 832 832 
10 10 10 10 584 741 1006 
197 197 197 366 
864 864 864 
880 
271 271 271 271 427 483 
709 709 1000 
164 201 287 287 287 791 
87 502 773 773 773 
660 660 841 906 906 906 992 992 
10 560 560 1006 
254 254 384 793 793 
660 660 883 883 954 
831 831 831 
520 520 520 520 
229 229 229 373 605 605 641 641 641 641 722 722 
414 801 
306 865 865 954 954 954 954 954 
41 41 176 201 201 301 301 301 340 340 428 428 428 557 557 557 688 755 755 755 787 954 954 
836 836 
983 983 983 983 
71 71 71 663 663 663 663 982 
249 249 249 249 366 366 684 1017 
586 586 946 946 946 
630 
229 229 
532 
101 101 101 101 
651 651 651 791 791 
427 724 724 780 780 780 812 854 854 854 
796 796 796 796 
64 64 64 277 802 802 802 

82 82 124 124 147 147 593 593 593 939 
366 366 366 950 

174 174 174 585 
780 780 
186 954 
660 
229 229 229 229 323 323 871 871 
277 277 277 419 487 487 609 625 625 625 
827 
428 431 463 463 463 672 672 
61 61 61 61 
107 967 981 981 981 
76 76 76 479 481 481 559 784 922 922 
954 954 
83 83 96 96 208 208 327 327 361 361 487 487 487 746 900 974 974 974 1006 1006 1006 
162 490 490 490 590 596 797 
338 
74 74 98 98 208 646 839 839 839 998 998 998 998 
991 991 991 
229 230 366 366 512 
335 502 642 773 
572 660 731 838 838 954 954 
78 78 78 78 293 293 293 293 580 580 580 681 681 
171 210 210 215 215 215 
174 174 695 695 727 727 727 727 
280 455 455 455 455 805 954 954 
443 443 489 489 747 
724 724 724 724 902 
178 178 301 301 1018 1018 
922 
168 487 
721 
1013 1013 1013 1014 1014 1014 
438 612 612 
623 623 623 660 660 
322 423 467 472 503 503 
402 402 524 524 954 
147 147 465 
532 532 966 
98 104 104 104 119 119 162 162 162 266 266 277 
780 780 780 886 
487 487 487 667 1006 1006 
901 901 907 907 
582 
323 655 655 655 827 827 
366 476 476 
229 229 229 494 494 494 714 847 1002 1002 1002 
229 229 443 443 443 443 726 818 
74 

62 627 627 627 627 
602 833 954 954 954 
229 229 229 229 776 
988 
176 176 660 660 660 
350 350 428 428 684 684 684 934 934 
101 101 101 152 422 422 488 488 506 954 954 
34 34 34 34 84 84 84 401 949 1014 1014 
162 162 162 439 439 559 559 559 1017 1017 1017 1017 
6 281 281 520 520 608 608 
312 803 803 825 825 
566 588 
502 
366 502 
175 175 175 430 
229 229 
42 42 229 229 
5 5 236 236 264 384 396 433 433 526 526 526 569 625 625 625 844 844 954 983 
422 422 422 434 434 434 
175 780 
369 834 
116 116 116 277 
954 954 
188 188 674 674 674 720 
1006 
109 109 398 576 
20 67 67 191 229 618 618 618 618 752 
307 307 326 326 326 366 366 458 458 607 607 607 607 
139 139 285 390 390 805 805 805 893 893 
274 637 637 637 
85 85 123 123 123 174 174 175 175 175 229 356 356 356 357 427 427 451 483 483 519 653 695 695 695 703 703 740 740 740 769 849 875 886 886 886 943 969 969 969 1015 
257 
31 548 548 
172 192 192 
481 481 559 559 712 
209 288 288 941 
66 66 890 
222 232 232 513 513 684 892 892 892 892 954 
390 390 390 397 
499 499 
90 90 90 90 366 393 497 497 497 641 641 641 992 
258 651 673 694 694 870 870 870 
1001 
677 677 
196 242 
835 1001 1001 1001 
229 329 329 696 696 696 696 936 936 
162 715 
82 82 82 178 178 
170 170 262 262 1017 
53 53 53 72 268 336 336 876 
486 486 601 601 601 601 601 682 954 954 954 
296 468 468 468 468 475 475 697 697 697 
13 13 13 24 24 24 312 312 760 760 825 825 
17 280 
390 390 390 395 395 601 660 660 725 778 778 778 878 893 893 945 945 954 
291 291 291 294 351 351 351 351 810 810 
175 175 832 832 

229 229 496 496 
75 255 255 337 337 351 351 469 469 548 658 806 806 956 956 
268 321 
315 315 695 
352 352 352 352 922 922 
116 116 
467 467 467 888 954 
147 147 147 248 362 362 397 429 936 936 936 936 
73 372 523 523 
489 489 489 747 942 
378 378 378 398 598 598 
72 72 72 72 217 217 217 365 434 434 515 515 515 516 516 516 516 567 567 567 610 610 610 916 916 
850 
32 59 
279 279 279 279 349 349 
416 416 963 
13 13 212 212 760 760 803 803 
81 81 150 150 604 605 605 605 853 853 853 853 1006 1006 1006 
176 176 176 176 323 323 708 744 744 
922 922 978 978 978 
205 954 954 
229 614 614 987 987 
140 140 142 181 181 319 319 679 679 679 
2 2 2 2 175 175 347 347 666 666 666 807 807 960 
126 126 225 225 640 640 751 935 
234 234 770 
429 429 548 548 795 1001 1001 
502 502 685 685 
107 107 307 661 
721 721 954 954 1020 
717 717 717 

413 413 675 906 906 906 930 930 946 954 
954 
67 67 861 
767 767 945 
44 44 
189 
249 249 249 249 249 746 1017 1017 
1005 
623 653 653 780 
201 201 201 201 268 821 905 905 905 
579 579 1002 
275 400 400 400 
29 342 342 342 433 433 433 826 826 826 826 
174 174 427 695 695 695 
118 139 139 139 277 277 277 439 543 543 958 958 
136 154 
396 396 396 
183 183 277 529 903 903 
131 131 131 528 528 
172 
428 498 557 557 843 
487 487 
85 123 168 168 168 
229 323 323 669 669 669 
683 683 
79 
189 189 189 935 935 1008 
414 414 903 
196 229 405 949 949 949 
628 628 628 628 791 791 791 
323 323 323 706 706 
277 292 292 292 292 982 982 982 
132 
243 243 243 243 243 277 515 515 515 900 1007 
460 460 575 780 967 
53 53 53 282 282 324 324 324 800 
66 66 66 
322 322 395 395 395 612 805 
23 23 54 74 74 308 378 378 551 551 
229 229 229 611 611 611 670 996 996 996 
473 902 902 
370 907 954 
660 660 678 678 
30 417 417 417 417 1006 
229 229 
27 229 229 653 653 740 780 780 780 
63 63 63 125 219 219 219 250 
467 467 815 
480 480 502 502 502 502 950 950 
66 438 786 
98 
14 232 232 301 787 787 787 787 
778 778 805 805 

445 639 
300 300 300 
258 258 258 
106 265 486 486 486 486 572 1022 1022 1022 1022 
107 107 107 107 
269 269 277 465 465 714 874 
286 286 286 286 661 661 661 661 742 742 
90 90 90 94 94 277 277 277 277 366 366 607 607 607 607 633 727 881 881 908 908 
49 49 59 162 162 189 189 189 277 277 316 316 324 324 411 606 606 858 858 868 972 
108 108 
850 850 850 966 
229 675 675 675 841 841 841 
645 645 645 645 742 742 882 954 954 954 
331 331 331 331 902 902 
249 
15 153 153 153 
140 181 181 
470 470 470 958 958 958 958 
615 615 615 615 660 936 
380 
59 59 172 172 564 564 
820 820 
597 
453 
103 103 103 103 410 410 660 660 
296 296 296 
288 288 956 
21 21 21 44 238 238 311 366 366 436 436 436 502 559 562 562 562 596 660 660 660 712 712 729 813 813 828 828 
125 
226 226 388 388 388 1002 
20 162 472 
28 28 28 273 302 590 590 590 
21 21 436 436 436 436 527 527 527 527 
236 236 236 
298 298 462 491 619 619 619 954 954 
841 841 
22 
130 130 
100 613 963 
114 116 116 116 116 476 476 755 755 
833 867 867 1002 1006 1008 1008 
53 336 796 796 816 816 816 816 913 
37 137 137 369 402 402 428 547 557 574 1023 
212 660 660 
147 147 699 
497 497 
42 42 42 785 963 963 963 963 
415 582 818 
10 10 175 780 
114 379 976 980 980 
805 805 844 
689 689 689 841 
498 557 557 
51 51 51 196 196 196 229 229 534 534 
34 34 229 229 266 401 401 401 461 757 869 869 869 1013 
239 366 414 414 484 582 700 889 889 954 954 
622 
292 292 292 954 954 

14 14 16 16 37 37 40 40 43 43 55 55 74 74 80 80 80 82 82 146 146 147 147 156 157 157 159 159 163 163 163 171 171 178 178 178 186 192 193 198 198 205 209 213 218 250 250 264 273 273 277 277 283 284 284 286 286 292 305 305 310 310 310 318 318 318 354 354 354 366 366 366 366 367 370 370 370 374 389 389 389 403 403 403 414 433 433 434 434 449 449 449 449 452 452 465 465 467 467 467 479 479 491 491 491 494 494 494 497 497 497 518 518 518 526 526 526 529 529 530 547 547 548 548 577 582 582 582 587 587 589 602 602 640 657 660 678 683 683 683 683 683 684 684 704 713 713 721 721 725 725 736 751 751 751 756 756 767 772 772 787 801 801 801 805 815 829 829 838 838 841 842 882 907 907 907 929 929 950 950 952 952 963 963 993 993 993 1002 1002 1002 1006 1006 1007 1023 1023 
436 436 491 491 491 491 627 
76 76 76 288 288 552 552 810 810 921 
238 277 459 476 
194 482 482 855 855 912 912 912 912 
81 142 262 262 470 496 563 563 563 624 624 624 
832 
515 515 
1017 1017 
100 100 227 366 366 372 372 416 441 824 933 941 941 941 941 954 954 
87 308 308 308 406 551 
647 647 
237 259 292 295 295 502 502 502 738 905 1008 
711 875 
21 21 
508 508 508 508 508 780 780 780 
976 
25 25 25 478 478 
550 550 550 550 903 

96 96 714 714 714 
427 474 615 615 615 615 1012 
366 366 366 944 970 
43 43 60 410 458 
195 195 223 223 223 472 472 472 472 472 545 566 828 828 828 
584 584 
114 114 366 366 944 944 
149 149 149 366 366 399 627 711 711 711 
493 493 616 663 663 687 872 872 872 
351 351 351 686 686 686 686 767 
98 98 335 335 502 
58 58 115 115 654 
87 105 105 660 
218 218 218 218 229 229 281 281 830 830 
277 277 385 385 419 419 753 
156 
411 
267 267 718 718 718 
5 5 5 341 675 675 790 1017 
954 954 954 1007 1007 
6 6 6 6 182 182 281 281 
12 12 12 46 46 46 46 123 123 435 435 603 603 603 603 
880 880 880 
67 67 67 67 67 389 
32 32 229 229 717 717 717 717 
366 366 399 399 412 412 
228 228 228 493 493 588 588 588 672 1013 
792 795 795 795 835 835 
1 1 426 431 431 431 431 568 568 568 648 746 746 746 851 924 935 954 954 954 1006 1006 1008 1008 1008 
538 
123 123 193 193 193 193 437 437 
35 35 110 110 164 848 
95 95 150 150 178 327 327 419 459 459 487 487 549 560 667 676 714 714 714 741 741 774 826 826 826 884 935 954 954 1002 1002 1008 
354 354 366 366 415 415 415 582 582 582 874 954 993 993 
315 315 315 867 935 935 966 1002 1002 1002 1006 
138 138 604 604 604 604 
58 58 58 92 479 479 
254 254 
427 427 427 975 
401 401 732 732 732 949 1000 
466 732 732 732 757 757 
432 432 780 

73 73 73 73 80 80 80 80 145 145 170 170 249 249 262 262 366 366 412 412 514 539 539 539 688 758 758 758 758 799 847 847 962 962 992 
277 728 728 
611 
608 838 
109 109 109 
265 265 366 366 898 898 898 898 
127 127 477 516 516 516 628 649 937 954 954 
