nodes: 1024 edges: 1971
107 145 194 194 310 458 
118 118 
182 387 832 832 832 

172 212 353 353 
61 250 263 328 331 342 342 342 384 384 569 569 569 625 710 767 767 767 954 
281 759 
328 328 661 
229 231 300 366 
648 
667 943 

77 77 77 103 995 995 
212 212 390 803 825 

147 162 235 
954 
19 53 82 82 601 645 
725 
17 651 
229 
545 922 922 927 
277 539 539 539 648 
74 74 82 82 82 82 120 154 154 154 225 225 308 479 617 879 879 1005 

478 971 971 
422 422 

111 111 326 326 590 590 590 926 926 926 926 

636 954 
351 
132 603 603 822 
77 77 
757 949 
482 482 482 
166 229 635 
452 602 937 

492 
497 954 954 
147 147 155 
766 
977 977 
481 538 559 845 
366 
660 660 660 995 995 995 
122 122 
179 179 828 
198 606 606 606 606 
277 555 934 
250 250 

17 336 502 502 502 532 800 800 800 876 936 
179 179 179 
954 954 
220 220 
69 69 79 79 472 
547 1010 
324 324 665 822 903 915 915 915 915 
366 366 366 399 399 399 977 977 
5 657 657 710 
68 380 380 502 502 529 529 529 556 
112 154 252 252 348 376 887 887 
697 697 697 
357 442 
435 435 786 890 
229 229 776 776 843 843 997 997 
62 382 
57 57 
589 
687 
277 423 567 820 
79 79 79 79 79 497 540 614 614 644 811 811 817 817 1017 1017 1017 
23 23 748 879 879 954 954 
148 
194 559 712 712 956 956 
12 12 12 33 33 
366 722 
57 57 73 73 73 73 73 111 111 184 229 241 241 241 344 344 819 819 866 
536 548 548 548 954 1017 1017 1017 1017 
604 604 604 
17 17 23 23 23 23 147 147 155 172 172 209 343 355 500 513 593 699 699 728 728 954 954 
714 
277 277 277 419 419 757 
123 318 462 462 502 546 780 863 863 
1017 
674 
164 

902 902 


277 277 277 277 954 
277 902 
1006 
714 974 

717 739 984 984 984 984 
344 344 
244 933 963 963 
693 693 756 756 
480 645 
12 919 919 
739 
986 
392 392 
0 376 661 661 711 711 899 954 
366 409 607 777 777 904 
775 1021 1021 1021 
164 164 1005 
28 28 79 79 590 
63 
162 277 
363 366 580 580 580 944 944 980 
229 229 632 632 985 
238 238 258 309 771 771 934 934 
138 138 138 
1 1 459 855 855 

23 
277 390 390 397 569 596 596 596 
47 47 846 
85 229 229 229 435 492 780 863 995 995 
193 367 367 654 654 699 
210 567 
594 640 648 648 833 
402 402 402 736 1023 1023 
954 
177 265 428 486 557 
932 
407 859 859 859 
32 434 544 
774 
367 367 367 
199 

557 937 
117 117 117 242 421 1009 1009 
277 277 541 541 778 778 
831 911 
180 660 
298 298 298 298 470 624 624 831 

151 187 187 422 422 422 
0 
417 417 417 591 591 954 
15 41 41 82 82 235 262 262 501 699 737 816 816 954 
75 
650 650 981 

144 202 407 407 
157 617 756 756 
603 
23 23 23 63 252 359 617 856 856 856 
41 82 
263 
152 205 954 
277 277 
582 582 

541 
15 113 182 182 229 229 277 277 303 439 472 472 572 572 647 715 715 715 739 739 758 797 797 903 903 
954 954 954 
88 110 110 271 673 1005 

36 256 284 635 635 
191 191 328 580 
317 489 525 730 863 863 863 863 
183 183 183 183 
799 
210 
4 82 82 267 267 860 860 915 915 
339 
702 724 780 854 
430 764 769 780 780 807 943 969 969 969 
660 684 684 754 754 754 
129 428 428 455 
728 1006 
48 48 54 54 54 879 
141 192 192 522 
831 831 831 911 911 
2 162 162 229 329 387 387 672 994 
169 169 169 169 858 
79 

311 516 516 516 704 704 954 954 
144 144 434 756 
773 
277 612 612 846 903 
234 
167 167 328 328 
180 180 391 783 954 
124 311 318 778 1004 1004 
0 0 76 277 380 958 958 
223 
218 222 222 229 571 581 948 948 948 948 
355 355 668 
49 954 954 
135 203 
530 530 
567 567 673 684 684 850 850 
151 407 
199 244 920 
303 791 791 
157 279 829 954 

247 247 247 596 
327 714 717 717 
82 785 785 
125 171 
284 284 317 
4 13 13 282 470 470 470 825 
314 374 491 865 954 954 
611 
723 723 

429 429 434 
196 581 954 987 
495 621 621 887 
56 56 580 595 
377 377 439 534 
196 196 787 
195 978 

23 23 491 491 833 
924 
632 
897 
8 20 36 67 67 79 115 115 123 123 123 162 162 182 196 241 250 250 250 277 277 278 281 292 314 320 323 323 358 368 387 407 427 464 476 476 485 489 603 632 655 655 681 706 706 746 746 752 775 776 780 780 796 830 864 869 869 885 885 886 906 948 949 987 998 998 1013 1013 

8 
363 892 
632 
190 
15 147 
767 928 928 928 

116 116 309 423 660 814 922 922 

305 
79 79 79 229 
138 794 794 794 
583 583 665 665 665 874 874 
100 203 

536 
207 207 207 647 
362 397 
688 688 847 847 909 
5 51 51 229 229 229 621 887 887 
353 353 
63 63 154 270 376 856 856 
366 903 
677 
810 
166 
311 311 476 781 
116 897 1019 
502 966 
549 
366 
147 147 324 366 366 412 440 440 493 493 563 624 624 660 660 799 959 1017 1017 
5 156 625 
518 526 526 577 577 
129 898 1022 1022 1022 
277 739 
172 172 
566 811 850 947 
900 
252 376 
164 671 671 
274 347 407 
488 488 488 542 542 926 
272 366 407 407 779 779 
419 773 773 
470 470 479 
22 50 72 84 84 84 93 93 93 93 94 113 121 139 139 158 158 162 162 189 194 229 229 266 298 324 324 339 339 346 346 375 411 419 449 449 459 570 570 603 619 619 666 707 739 855 855 855 872 872 900 900 902 903 903 957 957 988 988 1018 
229 
205 386 722 722 
486 804 804 
6 229 759 994 994 
212 468 468 
513 
166 211 211 954 
407 
901 901 901 954 
673 
956 
647 665 
314 479 491 
317 366 806 806 806 
229 872 952 
362 362 

966 966 
920 
562 
142 142 142 142 277 619 929 
420 
8 554 896 
728 728 892 

162 204 

240 907 954 
385 385 419 
326 777 837 
23 551 964 964 
116 238 372 
0 367 367 456 456 954 
186 193 257 257 352 565 596 754 754 922 
760 760 803 803 
502 
213 229 290 491 
812 812 812 
617 617 903 903 
168 211 291 
85 193 366 414 954 954 954 

229 
811 
641 641 660 878 878 
229 229 357 357 603 650 650 650 655 655 655 655 655 827 871 
59 59 262 277 277 346 569 569 876 876 876 
343 
28 28 307 333 777 777 
208 746 1006 1006 1006 
5 7 7 167 191 191 531 
182 796 796 

5 
366 
326 622 
523 
366 720 
53 448 659 659 659 659 800 936 
592 592 810 810 

173 277 277 551 
418 418 684 684 
597 954 954 
5 5 5 396 
82 325 
79 79 99 99 
918 
277 277 324 348 348 348 452 452 651 
272 617 832 
63 346 346 346 

755 
31 469 548 806 806 810 983 983 983 
311 813 813 813 
4 4 251 251 
993 993 1007 
82 197 197 643 
780 
65 323 323 
229 603 
154 528 
541 541 
714 
248 293 293 502 502 615 743 984 
114 232 
586 
820 
8 45 60 60 60 78 108 114 253 261 262 262 274 291 318 332 335 372 399 399 407 407 450 470 476 502 523 607 663 663 688 700 745 763 777 777 790 790 902 922 922 954 963 976 980 981 999 999 1007 1007 1007 1017 1017 1022 
124 124 134 134 134 310 310 
229 
937 
954 
490 
309 366 452 523 523 523 745 817 963 
681 
213 644 954 
277 385 613 613 
63 107 252 270 403 403 403 
221 221 445 
618 819 

62 62 194 398 428 

68 626 810 
533 533 
5 5 396 625 767 
306 306 375 988 988 
279 
2 182 182 229 
426 568 634 634 924 924 
954 
13 121 121 400 400 663 778 805 
192 
106 106 439 
564 
451 451 
805 878 878 
342 384 767 
121 248 788 
380 819 
60 60 60 366 366 599 599 627 981 999 999 
390 390 
644 645 732 757 757 949 949 1013 1013 
127 127 127 736 937 
376 376 376 954 954 
590 
565 567 
527 
131 151 151 202 229 272 274 274 285 366 366 427 561 

108 880 
660 919 977 977 
277 492 570 570 570 570 903 990 
262 999 1017 1017 1017 
513 513 513 749 749 930 
318 950 954 


146 146 146 884 
340 340 
84 84 275 277 306 666 707 707 988 988 1006 
299 573 
138 
26 26 144 144 144 434 579 584 756 756 756 768 768 768 
72 238 867 

573 
388 634 1002 
229 407 474 483 583 625 625 625 629 780 780 780 854 975 1012 
129 177 177 380 447 463 486 486 557 557 684 696 709 709 822 838 861 879 937 
217 217 624 835 
175 764 
1002 1002 
1015 1015 
853 
132 187 217 422 479 479 515 768 768 820 820 954 954 954 
66 66 123 525 786 877 877 995 995 995 
922 927 927 927 955 955 955 
545 1004 1004 1004 
733 733 733 890 
162 221 392 
262 262 609 660 

65 
747 
471 
377 464 464 895 

428 463 463 
336 
277 277 558 954 954 
366 
394 394 637 
37 346 346 372 530 708 954 
550 903 
661 
177 725 
310 310 
535 535 535 
0 777 777 
118 277 957 1006 1006 
875 886 
949 
85 85 546 
428 447 447 709 
229 445 445 
590 737 737 737 926 926 926 954 

735 815 954 973 
282 282 802 802 
351 
142 212 212 212 276 276 366 912 959 
444 
57 162 162 566 735 925 925 925 978 978 
881 881 902 902 
427 975 
802 
229 229 257 366 745 934 934 957 957 
1023 
25 
23 276 290 434 434 518 712 1010 
102 889 
44 559 559 712 
35 35 35 
427 671 
889 
229 
129 280 428 428 801 801 898 898 954 
532 532 540 707 707 714 714 862 1006 
273 273 273 756 
168 229 818 
371 715 
213 225 225 290 314 954 954 955 955 
39 123 411 
262 262 982 982 1000 1000 
746 746 746 954 954 
219 
809 959 959 
40 73 954 
861 
530 530 
82 581 
147 
53 53 53 62 62 85 259 313 362 362 366 528 528 532 532 607 607 731 763 763 773 889 889 922 922 922 984 
735 735 735 
636 636 
648 648 
756 
662 662 
969 969 




82 283 413 413 413 787 
758 1017 1017 
434 874 874 961 
186 186 186 820 820 820 
527 
264 479 954 958 

680 683 

180 
334 366 372 372 372 817 

168 435 
264 264 767 767 767 954 
406 517 
359 502 502 859 859 
62 62 62 954 954 954 
200 200 452 499 499 
328 622 
53 487 487 502 502 692 738 
383 383 
221 
457 457 457 
80 246 

44 
22 22 22 808 1017 
73 487 
139 139 161 360 360 
273 273 739 739 

132 614 614 
21 437 562 596 596 922 978 978 
85 462 
58 801 937 
80 80 80 351 810 810 835 954 954 
260 1006 
453 
308 339 879 879 879 
956 

300 
50 
62 
129 137 428 428 684 684 861 937 947 947 
449 903 
44 76 481 481 712 712 712 758 758 758 784 
676 676 
407 901 
297 545 835 922 
262 959 
393 915 
311 405 
268 472 978 
72 125 201 201 405 571 820 820 820 
388 
5 5 5 121 324 324 767 767 767 931 
277 277 411 411 411 411 
196 567 
162 162 721 
420 425 
684 
875 
775 775 
264 264 954 

422 851 
114 114 114 167 220 722 722 
196 218 500 
159 159 942 942 950 950 954 1007 
243 243 427 
422 979 
702 
364 689 
954 
607 607 607 607 761 1000 1000 1000 
70 
28 28 28 111 404 465 715 715 926 
146 146 
337 337 
82 699 
126 
220 
121 121 121 207 311 545 545 922 
341 917 992 992 
819 
399 399 

17 801 
37 954 
32 32 153 229 277 323 358 995 
81 81 81 1009 1009 
826 
49 49 49 49 
108 366 502 502 588 588 588 588 777 902 
759 
440 660 707 

214 819 880 
189 189 660 660 733 
375 375 
73 73 544 544 701 830 
362 913 913 975 
982 
23 152 154 316 316 347 
378 
277 277 298 929 929 929 929 

219 219 250 
333 531 632 632 951 951 951 
734 849 
142 142 262 262 429 
5 263 384 427 427 427 707 707 767 
382 810 
399 750 750 981 
870 870 1023 
427 
710 

115 115 227 229 233 622 622 

388 388 426 
36 166 166 
30 504 504 
451 779 779 
831 
895 
126 954 954 
322 322 681 681 790 790 
720 
355 
73 374 401 
17 102 401 907 907 907 1014 
717 
162 247 289 
9 22 126 126 505 505 1002 1002 

149 149 323 323 323 
19 346 694 694 791 

780 849 849 
124 124 985 
229 229 323 323 323 323 323 

61 61 954 954 
810 
336 336 336 336 763 763 763 
46 46 46 141 176 238 262 262 322 410 440 609 612 612 675 721 734 754 754 805 805 922 922 922 986 986 
7 107 107 454 901 901 901 
507 507 
366 366 390 687 982 

59 243 243 243 289 989 989 
277 419 832 
10 741 741 
197 
864 
880 
271 271 483 
182 1000 1000 
164 201 287 791 791 791 
87 773 773 
660 841 906 992 992 
560 560 
254 

831 
520 
229 373 641 641 722 

520 954 
176 176 201 201 340 340 428 557 557 574 787 892 937 937 954 
836 
983 
71 663 
249 249 366 1017 1017 
586 946 


532 
101 101 
651 651 

428 796 
64 64 64 

82 82 124 147 593 
366 
614 
174 585 
780 780 
186 186 

229 229 871 871 
277 419 419 487 487 609 625 625 1018 
452 
428 428 463 920 
5 61 630 
107 107 
76 76 479 481 559 559 559 784 784 845 922 922 
954 
83 96 208 361 487 487 746 746 974 974 1006 
162 162 162 490 590 590 797 797 
1004 1004 
98 208 208 646 839 998 998 998 
991 

335 642 773 773 773 812 
572 660 954 954 
78 279 279 580 580 681 
215 215 
174 812 
18 455 804 
894 894 

82 82 178 301 301 1018 
922 
168 906 
502 953 953 
401 1013 1013 
438 438 438 612 
623 660 878 
467 472 503 503 503 
127 402 954 954 
147 465 465 465 
532 
98 104 162 162 266 277 542 542 
886 
667 667 
901 901 901 
362 
827 827 
366 372 476 
229 229 327 494 494 494 714 714 847 1002 1002 1002 1002 
443 818 818 
74 
413 413 
627 627 

229 776 776 
984 
176 176 176 311 311 660 660 
350 934 
101 101 152 152 187 422 422 422 488 506 
34 84 401 401 1014 1014 
162 514 559 559 559 1017 1017 1017 1017 
6 281 608 
312 312 803 803 825 
588 
763 763 
366 502 502 659 659 659 762 762 
175 430 

42 
5 5 5 236 384 396 526 526 526 569 569 569 625 844 
422 422 422 434 434 
175 780 

116 116 
954 954 
188 275 275 502 674 674 720 720 720 
133 
109 229 576 576 
67 67 229 752 752 
108 108 307 326 326 366 366 458 458 607 
139 139 193 390 805 805 893 
274 274 637 637 
85 123 174 175 175 229 229 356 427 427 427 653 703 703 769 840 875 
257 

192 
559 712 712 
209 209 
66 435 
222 513 684 892 
397 

366 366 641 641 795 992 
204 204 651 673 673 673 870 870 870 


242 242 242 
790 
229 329 329 696 936 936 
162 162 715 715 

170 262 
53 53 53 336 876 876 
486 486 547 601 954 
468 468 475 
13 312 312 760 760 
280 280 725 
390 395 660 660 778 778 878 893 945 945 
291 291 291 351 351 810 
175 832 946 
539 
496 
255 337 337 351 382 548 548 626 658 806 
73 73 268 321 
315 315 315 720 724 
352 352 352 922 
238 
467 
147 147 936 
73 73 372 523 
489 747 747 
79 79 378 398 598 611 
72 365 434 434 516 516 516 567 567 567 916 
966 
32 59 428 

963 
13 212 760 
605 1006 1006 
323 744 744 
48 922 922 978 978 
205 954 954 
229 614 987 987 
140 142 181 181 181 638 679 911 
2 2 2 347 666 807 
126 225 935 

429 548 562 
685 859 
307 
428 
717 
780 
675 906 906 930 930 930 946 

67 67 
767 
44 712 
122 189 903 903 
249 249 746 1017 1017 
1005 1013 
623 653 653 
201 201 268 905 905 
579 1002 

433 
174 427 
118 118 277 277 277 958 958 
154 154 154 252 252 

183 
131 131 131 528 528 836 
172 172 
428 498 557 
487 
85 85 123 168 168 168 168 
229 669 
213 
79 
423 935 935 1008 1008 

229 229 949 949 949 949 
628 628 791 791 791 
323 706 706 
277 277 292 

243 243 515 515 900 1007 
460 575 780 967 
53 324 324 324 800 800 
435 435 
322 322 395 395 734 805 
23 23 74 74 179 428 551 551 551 1005 
409 611 670 996 
473 473 
954 954 

417 1006 
229 229 
229 460 740 
63 63 219 250 250 

480 484 502 502 950 950 
66 438 

232 301 684 787 
778 805 
726 726 
445 639 
300 
228 258 
265 486 486 1022 1022 
107 
269 277 277 874 
286 286 286 561 661 661 661 742 742 742 
90 90 94 277 366 473 473 607 908 
59 162 162 189 253 277 277 316 316 411 453 558 846 846 972 
108 
850 850 
229 675 730 841 841 
305 645 645 645 
902 
249 

140 181 181 831 
470 
615 615 

59 59 59 59 172 172 564 
820 
597 
345 
103 103 410 
203 296 709 
956 
21 21 238 238 311 366 366 436 502 502 502 545 562 596 660 660 660 712 712 729 813 828 828 968 978 978 

226 388 388 
472 472 472 
28 28 28 28 273 465 465 465 590 
21 436 436 436 
236 236 236 935 935 1006 
298 619 619 619 619 954 
413 841 841 841 
569 
130 
100 963 
50 116 116 476 476 755 
833 867 867 928 928 1006 
53 336 796 796 816 
37 137 369 402 428 547 557 684 684 1023 



963 
582 582 
10 175 
114 114 
805 805 
689 807 841 
268 557 557 
196 196 196 196 229 
34 229 401 401 461 869 869 869 869 1013 1013 
414 582 582 889 889 954 
622 622 622 
292 
731 731 
5 16 30 40 40 55 55 74 74 80 82 82 93 107 128 146 147 157 163 163 163 186 186 192 198 198 205 213 213 218 284 286 305 310 318 318 318 341 341 366 370 374 389 403 403 414 434 434 434 449 449 452 465 467 486 491 491 494 494 497 518 526 529 529 529 548 548 577 582 587 602 640 640 657 657 683 684 713 721 721 736 736 772 772 801 829 829 882 882 929 950 963 963 993 993 1002 1006 1006 1007 
436 436 436 491 491 
76 76 288 552 921 
277 277 459 476 476 
194 194 518 855 855 
262 470 496 496 563 

515 

100 100 366 372 824 933 941 954 954 
308 308 

259 295 295 821 1008 
875 
922 
175 175 175 508 508 

25 25 
903 
467 
96 714 714 
427 474 615 1012 
366 
43 43 60 60 410 410 
223 472 472 545 545 566 828 828 922 922 
584 
114 366 
149 366 399 627 
493 493 616 663 
351 351 351 686 
98 98 98 98 362 502 753 
115 654 
105 660 660 
218 229 830 830 
277 277 385 385 419 419 
665 665 
411 
718 
597 597 675 675 790 1017 1017 1017 
354 354 954 954 1007 1007 
182 281 281 
12 12 46 46 46 123 123 435 435 435 603 
880 
67 67 
229 229 717 717 717 1011 
366 366 399 399 412 
493 493 588 588 588 672 672 1013 

426 431 431 648 648 746 746 746 746 851 954 1006 1008 1008 

193 193 437 437 437 716 716 
23 110 164 848 879 
95 178 327 327 327 419 459 459 487 549 714 826 826 884 928 935 954 954 1002 1008 
354 366 366 366 582 874 954 993 993 
867 867 966 1002 1002 1006 
138 138 604 604 
58 479 
998 
427 975 
229 229 401 401 732 732 848 949 949 1000 
645 757 757 
432 432 

73 73 73 80 80 80 80 86 262 262 366 366 412 412 412 514 514 539 688 688 758 758 758 758 847 847 992 992 992 
277 707 728 
258 

109 109 109 
265 265 265 366 898 898 
127 127 477 628 937 
