nodes: 1024 edges: 1976
107 145 194 194 
118 648 648 648 664 1002 
182 387 
452 452 
212 353 353 353 353 
29 167 250 263 263 328 331 341 341 384 569 625 625 767 767 954 954 992 992 
281 281 520 759 994 
328 328 328 661 
229 231 231 300 300 553 
795 
667 676 943 
160 160 160 160 390 
77 77 82 82 995 
212 
892 954 954 

818 954 
53 82 82 645 

82 336 537 537 537 537 651 651 651 
229 
545 922 922 927 
277 539 539 539 648 
74 82 82 82 112 179 225 479 617 617 879 879 1005 1005 
803 
478 780 971 
422 
886 
111 326 463 590 926 926 
5 
224 417 636 954 
351 782 
603 998 
77 
757 757 
1005 
166 635 
536 937 937 
323 
492 492 
497 954 
147 147 684 684 
277 941 
497 954 954 
481 481 538 845 845 
366 
660 660 995 
122 189 189 635 

198 198 903 
277 277 473 522 522 555 
129 250 948 
452 530 
17 90 336 502 502 502 532 876 876 876 936 936 
308 763 879 879 
391 954 
220 595 595 595 
79 79 
985 985 
324 324 324 665 903 915 915 
399 977 
657 657 657 
380 380 380 502 529 556 
348 887 887 
697 
274 
786 877 877 
229 229 843 997 997 
337 337 337 382 382 658 
472 472 
589 
151 151 687 687 
237 277 423 567 567 820 820 820 
79 79 79 497 497 614 644 811 811 817 817 918 1017 1017 1017 1017 
23 564 599 599 646 646 717 717 717 879 879 954 
810 
194 194 559 712 712 
12 12 33 229 
366 366 722 722 
57 57 73 73 73 111 111 184 184 229 241 241 299 344 611 819 866 
536 548 954 1017 
604 
12 12 17 17 19 23 23 23 147 155 172 197 209 209 209 267 343 343 353 500 513 513 537 593 728 798 798 954 
714 
277 277 419 430 
546 863 

674 986 
164 

53 790 790 902 
559 559 

277 954 
277 473 727 902 902 902 


236 928 
376 717 717 717 984 984 984 
344 500 500 500 
318 963 
488 693 693 756 756 
480 
315 919 919 
162 162 739 739 
660 660 
392 
0 171 171 310 454 661 711 837 954 954 954 
366 366 409 
229 
656 
28 79 79 
23 
277 277 277 
232 366 399 399 580 580 944 980 
229 229 632 632 985 
238 238 238 238 244 244 258 258 309 309 771 934 934 
138 
1 664 855 
162 739 

390 390 397 569 596 596 
47 846 846 
168 168 229 229 435 525 780 863 863 863 1004 
654 654 699 699 
210 567 567 
594 648 648 674 833 
402 736 1023 
954 954 
51 265 265 265 428 428 428 557 
932 
859 859 
544 
497 
367 367 
199 199 571 
382 
557 557 557 
117 242 421 421 1006 
439 778 778 778 
181 
660 734 
298 298 496 624 831 
635 
187 187 422 
0 
591 591 954 
41 41 82 171 235 262 262 262 497 497 737 737 816 816 939 954 954 954 
208 
650 650 650 
826 
71 71 407 
276 276 276 276 756 756 
323 357 603 
359 617 856 
82 
263 263 640 954 989 
205 414 954 
277 375 
582 954 954 
11 11 11 11 
295 541 541 541 
104 104 119 182 182 229 229 229 266 277 277 289 303 321 439 472 514 514 572 572 572 715 739 758 758 797 903 903 925 
954 
88 271 673 

36 256 256 
5 191 191 191 
123 123 317 317 435 525 525 730 863 
999 999 
799 
107 107 147 210 210 954 954 
82 576 915 915 
339 
603 702 702 724 854 854 
430 764 764 769 780 807 832 969 
684 754 827 827 827 
277 428 
273 587 728 798 954 1006 
23 879 
192 522 
140 831 
2 162 162 229 387 796 

79 79 195 

516 954 954 
144 144 434 756 756 
773 
47 47 277 277 612 612 612 867 867 903 

167 167 167 328 328 531 
180 303 783 
311 318 1004 1004 
0 0 76 76 855 855 958 
184 223 223 978 
222 242 571 571 581 794 948 948 954 
82 668 
49 49 389 954 
135 135 203 571 571 794 
530 
340 340 567 567 567 567 684 850 850 850 
407 998 
199 920 
303 791 791 
157 279 279 954 
277 
247 
148 714 714 717 717 
82 82 82 785 785 785 954 
125 171 171 
317 
4 13 470 
314 954 954 
611 906 

329 
365 429 610 610 
222 581 
621 621 887 887 
56 580 651 
229 377 439 
196 218 787 787 
195 195 
30 
23 491 833 
924 
632 963 
897 1000 
8 20 67 67 77 79 109 115 115 123 123 162 162 162 182 221 230 230 241 241 250 292 323 345 366 368 377 405 407 407 424 427 427 427 442 442 476 476 476 485 534 544 600 603 603 603 630 632 632 655 655 681 719 746 765 776 776 780 780 780 796 796 796 830 830 869 880 880 885 886 886 906 948 949 987 989 998 998 1013 
229 229 234 
8 8 845 
114 363 787 787 892 
632 632 
230 631 631 834 891 
147 
97 
72 966 
116 116 116 116 309 309 660 922 922 957 
398 
907 
79 79 229 229 
138 196 
583 665 665 665 
116 116 
502 
536 624 
207 
362 816 
412 909 
5 51 229 954 954 
353 353 
270 539 
366 366 366 903 
1011 1011 
300 
166 166 
476 545 781 
116 116 791 897 897 
966 
549 
335 366 422 663 
147 147 147 324 363 363 366 366 440 493 563 624 660 660 799 959 1017 
5 5 156 156 531 625 625 625 
518 526 526 577 767 767 767 
129 129 129 898 1022 
162 739 949 
82 991 991 
566 576 576 800 850 850 947 
900 
252 376 808 
164 407 671 671 671 671 
274 347 347 407 407 
178 488 954 
65 272 407 407 779 779 
773 773 
152 152 152 152 470 479 479 719 
22 42 50 50 72 84 84 93 94 113 113 113 158 162 162 177 189 189 206 298 298 324 324 324 346 346 419 419 449 453 459 459 475 485 529 529 533 533 541 603 619 621 621 666 666 707 739 771 855 855 872 872 900 902 902 954 957 957 988 
345 
205 205 386 823 
725 804 
6 6 759 987 994 
468 468 876 876 
429 

407 


785 785 921 921 921 956 956 
162 665 
479 
317 366 806 
229 872 872 872 954 
362 722 722 
567 
161 966 
475 475 475 920 
562 
142 142 277 277 619 719 
79 420 449 
8 8 255 366 554 554 554 896 896 
728 892 
926 926 
162 192 204 


385 
326 
54 519 551 
116 116 238 238 372 372 372 
107 454 456 456 456 954 
193 352 754 754 879 922 
803 803 803 
502 
213 491 491 491 
103 812 1008 
379 617 
168 168 211 291 
100 193 366 414 954 
831 
362 
162 811 
641 660 878 878 878 
38 153 229 357 357 603 655 706 864 864 871 871 
59 59 59 262 277 277 277 346 346 569 876 903 903 903 
355 
28 307 333 333 652 777 
746 1006 
5 7 7 7 191 191 531 531 580 
216 

5 908 908 992 
366 366 
326 326 
523 
261 502 720 720 984 
19 53 448 532 659 800 
68 68 68 351 548 592 810 810 810 

173 
201 201 418 418 684 
5 5 954 
853 853 
82 82 
79 99 
229 278 
277 277 324 324 348 348 348 452 651 
272 272 832 
63 346 346 346 

755 
31 337 548 806 983 
311 813 813 
4 4 4 4 82 251 251 
1007 
325 643 
780 780 872 872 
153 323 323 780 

154 502 528 
541 801 
389 
248 293 320 502 502 615 615 743 
232 262 262 
586 
217 820 820 
45 78 78 108 108 114 229 253 253 253 261 262 262 291 300 318 332 332 399 450 450 470 470 502 502 510 523 607 607 607 616 663 668 668 673 700 700 719 719 745 745 763 777 790 790 889 889 902 922 922 950 954 954 963 976 980 981 981 999 999 1007 1022 
134 134 
229 
937 937 

490 490 
309 309 309 523 648 817 963 
681 681 
954 
158 385 385 385 
98 270 403 403 403 
221 229 445 445 
618 819 819 879 879 879 
316 
62 62 62 428 428 914 914 
433 
68 68 136 626 626 626 626 

5 625 767 
306 375 375 375 419 988 
279 
2 182 
426 568 634 924 924 1002 
198 361 
11 121 121 663 663 778 778 788 805 805 
55 
106 406 527 


805 878 
767 767 767 
121 
239 
60 114 114 366 599 599 650 650 823 853 981 999 999 

645 732 757 949 1013 1014 
127 937 937 937 
376 376 376 954 

229 565 
392 527 
151 202 229 229 271 272 272 274 274 285 427 561 584 

108 
919 977 
473 570 903 903 903 990 
249 999 1017 1017 1017 
586 946 
157 318 530 868 950 
504 1007 1007 
496 824 824 
30 884 
340 340 
84 277 277 385 666 666 988 988 1006 
299 
138 138 
26 144 261 434 510 561 579 584 584 756 768 
72 735 
229 

388 634 
229 229 229 407 483 583 625 780 780 975 1012 1012 1012 
129 129 129 177 380 380 463 463 486 498 557 557 684 684 709 755 822 838 861 879 937 937 947 
217 283 816 
84 175 764 
709 1002 
1015 
381 853 853 853 954 
187 422 479 479 479 515 516 640 768 768 820 820 820 954 
123 168 840 877 877 
922 922 922 955 955 
545 1004 1004 

139 162 221 758 758 855 
262 609 609 660 
515 
229 229 
726 747 747 
471 
377 377 

463 463 
336 
277 299 558 
366 366 
637 780 
3 3 52 346 530 954 
277 475 903 
107 310 661 661 661 

310 310 310 
535 535 
640 977 
277 277 1006 1006 1006 


546 546 
28 428 428 447 447 649 649 

737 900 926 926 954 

639 639 735 815 888 954 
282 282 802 802 

212 276 366 366 566 912 
444 585 
69 69 162 572 925 925 925 978 978 
50 94 411 902 

277 296 296 296 453 802 
229 229 229 257 934 934 934 957 
1023 
25 
23 276 276 290 434 434 434 518 712 1010 
102 502 502 889 889 
44 44 784 784 
958 
427 
889 
229 277 
428 801 898 
532 532 707 707 741 741 1006 1006 
101 273 693 756 

371 371 715 
225 314 314 314 929 954 955 
39 39 
262 1000 1000 
746 
568 568 
142 416 809 
40 43 73 73 133 147 147 790 790 940 954 
428 861 
789 
82 99 99 99 

53 53 53 62 245 313 335 359 362 362 366 366 480 480 528 532 556 607 607 607 659 674 720 731 731 763 773 859 889 922 922 922 966 966 984 
735 
415 636 

756 
508 656 656 662 662 
507 969 969 

366 422 

719 
82 82 787 787 
162 162 758 1017 1017 
434 441 820 874 874 
186 434 820 820 820 1023 1023 
527 
264 479 954 
308 780 780 
6 680 759 

50 50 180 
334 366 372 817 
736 
123 168 168 
264 264 
392 406 517 927 927 
359 502 859 859 
62 277 277 954 954 
52 200 414 452 789 
191 263 328 328 622 
53 336 487 487 502 738 738 738 
277 277 
229 948 
457 457 
37 80 246 
19 19 19 19 82 
44 632 1003 1003 1003 
22 22 22 252 808 1017 1017 

161 161 161 277 360 
739 926 

132 229 614 614 
21 257 437 562 562 596 922 922 978 
85 462 462 780 
937 954 
80 337 351 782 782 782 810 810 810 835 954 954 
260 1006 1006 
972 972 972 
308 879 964 964 
956 956 
8 
300 300 300 
50 
62 502 
129 137 137 137 428 428 684 684 684 861 861 947 947 
449 903 
76 91 91 712 758 758 784 922 
676 676 
407 422 583 
297 545 545 835 922 
262 959 959 
74 
405 
268 470 978 
72 72 125 125 201 201 201 201 294 571 571 820 
388 495 495 1002 1002 
5 121 324 767 
411 
135 196 196 199 199 567 567 
162 162 162 472 721 

684 
875 875 
172 268 268 775 
264 867 

422 851 851 
114 114 220 328 
196 218 
159 743 950 950 954 1007 1007 1007 1007 
243 427 561 671 671 
407 422 422 
471 
364 413 689 
178 954 
607 607 761 761 761 1000 
70 954 
28 715 715 926 
146 146 
337 
82 699 
126 640 
56 56 56 
121 121 545 922 
917 917 
819 866 
74 74 399 399 
229 
801 801 805 
751 954 
32 153 174 229 229 229 277 323 995 
81 826 826 1006 1009 
681 826 
903 
366 366 366 502 502 502 588 588 777 777 777 902 902 902 

440 440 660 660 707 707 
217 217 
79 214 819 880 880 1019 
189 189 189 660 660 878 

73 544 544 830 
362 362 913 
366 
23 23 154 316 
378 776 776 
277 298 929 

219 219 277 277 
531 
734 
142 246 262 
5 5 263 263 263 384 427 767 
382 382 382 382 
750 750 955 955 
870 870 870 870 
695 
229 690 710 
234 234 
115 115 227 229 229 233 233 538 
902 
388 426 
36 47 143 
30 504 776 
451 779 
831 831 
467 467 
156 434 458 594 954 
322 681 790 
720 720 720 
355 
73 
17 401 907 907 907 1014 
74 74 839 

1 1 1 22 126 126 372 1002 1002 
463 463 
149 149 149 399 399 
19 19 19 220 346 791 
326 
849 849 886 886 886 
124 124 985 
229 229 323 744 
110 507 507 
61 61 61 954 
68 810 810 
336 502 763 763 
46 46 105 105 141 238 262 262 322 440 609 609 612 612 675 678 754 805 805 883 913 919 922 922 922 938 986 986 
7 107 454 454 454 837 901 901 
507 507 
261 366 390 390 687 982 982 
1 118 
59 243 243 243 289 989 989 
277 277 419 419 832 832 832 
10 741 
197 366 366 

880 
271 271 271 271 583 583 
709 1000 
164 366 
87 126 502 773 773 
660 793 841 906 
10 560 560 
793 
660 883 883 883 954 954 
831 
520 
229 373 373 605 641 722 722 954 

954 954 954 
41 41 176 201 340 428 428 557 557 557 574 688 787 892 892 937 937 954 
836 836 836 
983 
71 71 663 
684 
586 
630 


101 101 488 

629 724 724 812 854 
796 
64 802 802 

124 124 593 939 939 
366 366 950 

174 174 
740 780 


323 888 
277 487 487 609 609 1018 1018 
827 
428 431 672 920 
630 
107 967 981 981 
76 76 479 559 922 922 
954 
83 208 208 746 746 
162 490 590 590 797 
1004 
74 74 74 98 98 98 208 208 839 998 998 
991 
229 276 298 366 366 512 
335 335 502 642 642 642 914 
572 954 
78 78 293 293 681 681 823 
861 
174 695 695 727 812 
280 954 
443 
94 724 
82 178 301 
922 
168 
502 502 953 953 
401 1014 

141 623 
423 467 503 
127 524 
147 147 465 
532 532 532 966 
104 104 119 162 266 277 542 
703 
487 487 667 1006 1006 

362 582 
655 827 
366 366 
229 327 494 714 714 847 1002 1002 
443 443 818 


627 627 
602 833 954 
776 

176 311 311 660 
350 428 934 
101 101 152 152 187 187 422 488 506 768 768 954 954 
34 34 401 
162 162 439 439 514 559 559 1017 
6 281 520 
803 803 825 
588 588 588 
763 763 
54 366 502 659 659 762 762 
175 175 430 943 
229 

5 5 264 264 264 384 396 396 396 569 625 844 954 
422 434 434 756 756 
175 780 
834 840 
116 277 

188 275 275 502 674 674 

576 
229 229 618 618 636 752 
326 366 607 607 607 
139 139 139 390 390 805 805 
274 274 637 
25 123 175 229 229 229 356 356 357 427 427 451 519 519 546 703 769 840 840 875 875 886 886 943 1015 1015 
257 
31 548 548 548 956 
192 
481 481 559 
209 209 209 288 288 941 
66 890 890 
222 222 232 232 513 513 684 892 
390 
499 530 
90 90 366 366 497 497 641 795 
204 204 258 651 870 870 870 870 870 
1001 
675 677 
196 199 
9 790 
182 229 229 229 696 936 936 
162 715 
82 82 178 
170 262 1017 
268 336 876 876 
360 486 601 601 954 
468 468 475 697 697 
24 312 312 312 760 760 825 
280 
390 390 395 601 660 660 778 778 878 893 893 954 
291 351 810 810 
175 832 946 
270 539 
496 
75 337 337 337 548 548 548 658 658 806 806 956 956 
73 73 321 
315 695 724 
352 352 

467 888 954 
147 147 248 429 936 936 
73 73 372 523 
16 747 942 
79 378 378 598 611 
72 72 72 365 365 434 434 434 515 516 516 516 567 916 
850 966 
428 
279 399 722 
416 416 
760 803 
150 604 604 605 853 
176 176 176 708 744 
922 922 
954 
229 229 614 987 
142 181 319 638 638 679 911 
175 347 666 666 666 807 
126 225 751 
234 770 
548 562 1001 
685 685 685 859 
107 661 
428 954 1020 
646 717 
435 770 780 780 
675 946 954 
954 
67 
767 945 
44 44 231 
122 122 903 
746 1017 
1005 
653 653 
201 201 201 268 268 821 
579 579 

342 342 399 433 433 433 826 
174 174 695 
118 194 194 277 277 439 958 958 
154 

903 
131 131 502 528 528 836 889 

428 498 557 557 723 

85 123 123 123 168 
323 323 

79 598 
189 189 577 935 1008 
414 903 
229 949 
628 628 628 628 791 791 791 791 791 
323 323 
277 277 292 292 292 356 356 982 982 

515 515 
575 575 780 780 886 886 967 
53 53 53 282 282 324 800 800 
66 66 435 435 
322 322 322 395 612 805 
23 23 54 54 74 74 179 311 378 378 378 428 551 1005 1005 
229 229 611 611 670 996 

907 
660 678 678 678 
417 1006 
229 
27 229 229 653 653 653 780 780 875 875 
63 63 219 219 
467 706 815 
366 366 480 480 484 502 859 950 
786 786 934 
234 
14 232 301 684 684 787 
805 805 


300 300 
228 258 258 
265 486 1022 

269 277 465 
661 661 
90 94 94 94 277 277 366 473 607 607 607 633 908 908 
49 59 162 162 189 253 324 324 324 411 411 411 453 558 606 846 858 868 972 

966 
214 229 675 
240 645 645 645 882 
331 331 902 902 
249 

831 
470 
615 660 
380 380 720 
59 59 172 172 
820 
597 597 
73 1012 
103 103 410 660 
203 296 709 
288 288 288 956 
21 21 238 238 311 366 366 436 436 436 502 502 502 545 545 559 562 596 660 660 660 712 712 729 828 828 968 978 978 

226 388 388 
162 472 472 472 
28 28 302 302 465 465 542 590 
21 527 527 
97 935 
491 619 


130 

116 116 476 476 476 755 890 
867 928 1002 1006 1008 
53 53 796 796 816 816 
37 37 369 369 402 402 402 428 428 547 684 684 1023 
660 
147 699 699 
497 
42 785 
818 
10 764 780 
114 976 
844 
413 807 841 
268 428 557 557 
51 196 196 229 534 
229 266 401 869 1013 
366 414 582 582 700 889 

954 
731 731 
5 5 14 14 16 30 40 43 43 55 74 80 82 93 107 107 107 128 128 146 147 147 147 156 157 159 159 163 171 171 178 186 186 196 198 205 209 213 213 250 250 273 277 292 310 318 341 366 366 374 403 433 434 452 465 467 491 497 518 529 529 547 548 548 582 587 589 602 640 657 678 678 681 683 683 683 684 713 721 725 751 756 756 767 801 805 815 829 838 841 842 952 963 993 993 1002 1023 1023 
436 436 491 627 627 
288 288 552 552 782 810 810 921 
238 277 277 476 
194 482 855 855 
262 563 563 



100 227 366 372 954 
551 551 

237 259 295 502 502 738 821 905 
711 875 
922 
175 508 508 

25 
550 550 550 903 


427 
366 944 
60 410 458 
195 472 472 545 566 922 922 

114 366 
366 366 399 711 711 
663 663 872 872 
351 686 
98 98 98 335 502 
58 58 115 654 
87 660 660 
229 281 830 
277 385 419 419 
156 229 665 665 
411 
267 267 718 
5 5 331 
954 954 1007 
6 281 
12 46 603 
880 
67 67 
32 202 229 229 717 717 1011 
169 169 366 366 399 399 412 
228 493 493 588 672 1013 1013 
792 835 
1 388 431 568 568 648 648 746 746 935 954 1006 1006 
538 538 538 
123 193 193 437 437 716 
23 23 35 848 879 879 
138 178 327 419 459 459 459 487 487 549 549 604 741 741 884 935 1002 1002 1008 
354 366 415 415 582 582 582 582 993 
315 867 935 1006 
604 
479 
254 254 998 
427 427 427 918 
229 401 949 1000 1000 
401 645 732 
432 780 780 

73 73 73 73 80 262 412 412 412 514 514 539 539 758 799 847 
707 707 
611 
838 

265 366 898 
127 477 516 516 937 954 954 
