nodes: 1024 edges: 3253
107 107 145 194 310 310 
9 9 118 568 648 648 664 1002 
182 387 387 387 832 832 832 

212 212 353 353 353 
29 61 250 250 250 328 328 331 331 331 341 342 384 384 569 569 625 625 710 767 954 954 992 992 
281 281 520 520 520 994 994 994 
61 61 328 328 328 661 
231 300 366 366 553 
1 1 648 
175 667 676 943 
160 160 160 
77 77 77 82 995 995 995 
803 803 

147 162 
818 954 954 
645 
725 725 
82 82 336 537 651 651 651 651 804 
776 776 
545 545 922 968 968 
277 277 444 444 444 444 444 539 648 
74 74 82 82 82 82 82 112 120 120 154 225 308 308 617 879 879 879 1005 
31 31 31 803 803 803 803 
304 478 971 971 
422 422 422 422 
886 886 
111 111 111 326 326 447 447 447 463 463 590 590 590 926 926 926 
5 853 
224 224 224 884 954 954 954 
24 24 24 
229 229 229 603 795 822 998 998 
77 77 
461 757 757 949 949 
482 482 1005 1005 
166 229 635 635 
452 602 602 751 937 937 
323 
492 
497 497 954 954 
147 147 147 684 684 684 684 684 
766 766 941 
497 954 954 954 977 
481 481 481 559 559 1003 
366 366 366 366 399 
176 176 660 995 995 995 995 
122 122 189 189 
179 179 773 
198 198 606 606 903 903 
277 473 473 473 522 522 522 522 
129 129 250 250 250 948 948 948 948 
452 530 530 
336 502 502 502 532 532 800 800 800 876 876 876 876 936 
179 179 179 879 
954 954 954 
220 595 595 595 651 651 
69 79 79 344 
544 985 985 1010 1010 1010 1010 
324 324 324 324 606 665 665 915 915 915 
366 366 399 399 977 977 977 
5 7 7 657 657 657 710 710 710 
380 502 502 529 529 556 750 
112 112 112 252 252 252 348 348 348 887 887 
229 697 697 697 697 
274 377 
435 435 435 786 786 877 890 890 
229 843 997 997 997 997 
337 337 337 382 658 658 
57 472 472 
589 
151 687 687 687 687 
237 277 567 567 820 820 820 
79 79 79 79 79 497 497 497 540 540 540 540 540 614 614 817 817 817 918 1017 1017 
23 23 564 564 646 646 646 717 879 879 954 954 
148 148 148 810 810 
194 282 712 712 712 912 956 956 
12 12 12 33 33 229 229 
366 366 366 722 722 722 
57 57 73 73 73 73 73 111 111 184 184 229 229 241 241 241 299 299 344 611 819 866 866 
548 548 548 954 1017 1017 
604 826 826 
12 19 19 23 23 23 23 23 147 147 209 209 209 355 500 513 513 537 593 593 699 699 728 954 
714 714 714 714 714 
277 419 430 757 757 
123 462 462 546 546 575 780 863 863 863 
792 
674 674 964 986 
164 
483 
790 790 790 902 902 902 902 
559 559 
479 1010 1010 
277 277 277 
277 277 473 473 902 902 
1006 1006 
714 974 974 
236 928 
717 717 
344 500 500 500 
318 933 
488 488 756 
480 645 645 645 
919 
739 
986 986 
392 392 392 
0 0 171 171 310 310 454 454 661 711 711 711 837 837 899 954 
366 366 366 409 607 607 607 652 777 777 904 904 904 
229 775 1021 1021 
164 164 
28 28 28 79 79 590 590 590 
23 63 63 63 
162 162 277 277 277 277 
232 232 232 232 363 363 366 366 399 399 399 580 580 580 934 944 980 
229 632 654 985 985 
238 238 238 244 244 244 258 258 258 258 309 309 309 771 814 934 934 934 
138 
1 459 459 459 664 
162 162 162 739 
23 23 366 
277 390 390 397 569 596 596 
47 47 846 846 
85 229 229 492 492 525 525 780 780 863 863 863 995 1004 
367 367 367 654 699 699 
210 210 210 567 923 
594 640 648 648 648 833 833 
402 402 1023 1023 1023 1023 
954 954 
51 51 265 265 265 265 265 428 428 486 486 557 557 557 
403 932 932 932 
151 407 407 859 859 
873 873 873 

367 367 367 
199 199 199 
252 252 
557 
117 242 421 421 1009 
541 778 778 855 855 855 855 855 
181 181 831 831 911 911 
180 180 180 180 180 660 660 
298 298 298 298 470 624 
635 635 635 
187 187 187 187 187 422 422 422 
0 460 505 1017 
417 417 417 417 591 591 591 954 954 954 954 
15 41 41 41 82 82 171 235 235 235 262 262 262 497 699 699 699 816 816 816 939 
75 75 75 208 208 
399 650 981 
893 1006 
71 131 202 407 407 407 
157 276 276 276 617 756 756 
323 323 323 357 357 357 603 789 
23 252 360 360 617 856 856 

263 263 640 989 989 
152 205 205 414 857 954 954 
375 
954 954 
11 11 11 
541 541 541 
15 113 113 119 119 119 182 182 182 182 182 229 229 266 277 277 289 289 289 303 303 321 439 439 572 572 572 572 647 715 739 758 758 758 903 925 925 
192 954 954 
88 110 110 673 673 673 

36 256 256 256 635 635 
191 191 580 
317 730 730 730 863 863 863 863 
183 183 183 183 
799 799 1017 1017 
107 107 147 210 210 210 588 723 723 723 954 954 
576 783 860 915 915 
339 
702 702 724 724 780 854 854 854 
10 347 347 347 430 430 430 764 764 769 769 807 807 807 832 832 943 943 969 
46 46 511 660 660 660 684 684 684 684 754 827 827 
277 428 428 428 486 486 
273 587 587 587 728 728 728 798 798 798 798 954 1006 
48 48 54 54 54 
141 141 141 141 141 192 522 522 522 
140 140 831 831 831 911 911 911 
2 162 162 162 162 162 229 229 329 329 387 387 387 796 796 796 
169 169 169 169 277 858 858 
79 79 195 195 195 

311 516 954 
144 144 144 144 144 434 
773 
47 47 277 277 277 383 612 612 612 612 867 867 

167 167 531 776 
163 180 783 783 783 954 954 
311 318 
0 76 855 958 958 958 
184 184 184 223 978 
218 218 222 222 222 222 229 229 229 373 437 571 571 571 581 581 581 948 948 954 
355 355 668 668 
49 49 700 954 
135 135 135 203 203 203 571 794 
530 530 
418 567 567 684 
151 407 407 998 
199 199 199 
303 303 303 321 321 321 321 791 
157 157 279 279 279 829 954 
277 277 277 
247 596 
148 148 361 361 714 
82 82 82 305 785 785 954 954 954 
125 125 125 171 171 171 
284 284 317 317 317 317 
4 4 825 
374 374 491 491 865 865 954 954 954 
611 611 880 880 880 906 
588 723 723 723 
329 329 329 
365 429 610 610 820 
196 196 222 222 581 581 581 581 987 987 987 
621 621 621 621 887 
56 580 595 651 651 651 
229 270 377 
196 196 196 196 218 218 787 787 
195 978 978 978 978 
30 30 30 1001 
23 491 491 491 833 
388 388 924 
608 632 963 
897 897 1000 1000 
32 32 32 36 64 67 77 77 79 79 109 115 123 123 162 162 182 182 196 196 196 221 230 241 250 277 278 278 278 292 292 323 323 323 345 345 358 366 368 368 368 387 387 387 405 407 424 424 424 424 427 427 464 464 476 476 476 476 485 485 489 534 534 544 544 578 600 600 600 600 630 630 632 632 681 690 690 706 706 706 719 719 746 746 746 746 752 765 766 766 775 776 776 780 780 780 796 796 796 809 818 830 864 869 880 880 885 886 886 891 906 906 948 948 987 998 998 998 998 
229 234 
8 554 554 554 845 
114 114 114 114 363 787 787 787 787 892 892 892 892 
632 632 
230 631 631 719 834 891 891 
147 147 147 
97 928 928 928 
72 
116 116 116 309 309 309 660 660 922 922 922 957 
398 
305 305 907 907 
79 79 79 229 
138 794 794 
665 665 665 665 874 
116 116 116 

536 536 536 624 
207 647 
362 362 397 397 708 788 788 816 816 816 
688 688 847 847 909 909 909 1017 
5 5 5 51 51 51 229 954 
353 353 353 353 518 
63 63 63 136 136 154 270 856 856 
366 366 393 393 588 
677 677 677 1011 1011 1011 
300 810 810 810 
166 166 166 
311 476 545 545 545 
116 116 116 116 791 897 897 897 1019 
502 521 532 532 
549 
335 366 366 422 
147 147 147 363 366 366 366 412 440 493 493 493 521 521 563 563 660 660 660 799 959 959 959 
156 156 384 625 
518 547 577 577 577 767 767 767 767 954 
129 129 129 129 129 1022 1022 1022 1022 
162 277 739 739 
991 991 991 
566 566 566 800 811 850 947 
277 277 871 900 900 
221 252 376 403 
407 407 407 407 671 671 671 
274 274 274 347 347 347 347 407 407 407 
178 488 488 488 542 542 926 926 954 954 954 
65 272 272 272 366 366 407 407 407 
666 773 773 773 773 
152 152 152 470 470 479 479 479 719 
22 22 50 72 84 93 93 93 94 94 113 113 113 113 121 162 162 177 183 189 189 189 206 206 206 229 266 269 269 298 324 324 324 324 339 346 346 346 411 411 419 419 449 449 485 485 485 529 529 529 533 533 558 558 570 570 570 603 603 603 619 621 621 666 707 707 707 739 739 771 855 855 855 872 872 874 900 900 902 902 903 903 903 941 941 941 954 957 957 957 988 988 1018 1018 
229 229 229 345 345 
205 205 205 386 386 722 722 823 823 
725 725 804 
6 6 759 994 994 
76 468 468 
954 
211 211 954 954 
407 
547 547 901 901 901 901 954 954 954 
673 673 
785 785 921 921 956 956 956 
162 162 162 647 
314 314 402 491 
306 366 
229 229 872 872 872 872 872 952 952 952 954 954 954 
362 722 722 722 
806 

475 475 475 920 920 
545 
142 142 142 142 277 619 619 619 929 929 929 
79 79 420 449 
8 255 366 366 366 554 896 896 
684 728 728 728 892 892 892 
926 926 926 
162 162 204 204 204 
25 
209 240 240 907 907 954 954 
291 419 419 419 683 
837 
23 23 551 551 879 964 964 
116 116 116 238 238 238 372 
0 0 107 107 367 367 367 454 454 454 456 456 456 456 456 
186 193 257 352 352 565 565 754 922 
760 803 
502 
290 290 491 
812 812 1008 1008 
379 617 617 617 617 903 
168 211 211 211 211 
100 193 366 414 414 414 954 954 
831 831 
362 
162 204 204 204 204 811 
660 878 
38 153 153 153 229 229 229 357 357 650 650 655 655 655 655 706 706 706 864 864 871 871 871 
59 59 59 59 277 277 277 277 346 346 558 569 569 569 876 876 903 903 
343 343 343 343 355 
28 28 333 333 777 777 
714 746 1006 1006 
5 5 7 7 7 531 580 580 580 686 686 
182 182 216 216 216 590 796 796 

5 5 5 908 992 992 
366 366 366 
326 326 622 622 622 
523 523 523 
261 366 366 720 720 720 720 984 984 
19 53 659 659 659 800 936 936 
68 68 68 351 592 592 592 810 810 810 
924 924 924 
173 277 551 
418 
5 597 597 597 954 992 992 992 
5 396 853 
325 325 325 325 763 
57 79 99 
229 229 278 278 830 918 
277 277 277 324 324 348 348 348 452 452 452 452 452 
175 175 175 272 272 272 272 
63 63 63 346 346 346 
823 
428 428 755 755 755 
337 457 469 806 806 806 810 810 810 983 
311 311 813 813 813 
4 4 4 251 251 251 251 
954 954 993 993 993 1007 1007 1007 1007 1007 
82 197 197 325 643 
780 780 872 872 872 872 
153 153 153 323 323 
229 603 
502 528 
154 154 541 541 541 541 
208 208 
248 248 293 320 502 502 615 615 816 816 816 984 
114 114 232 262 366 366 641 
586 586 946 
217 820 820 820 
8 8 45 45 45 45 60 60 78 78 78 108 108 108 114 114 120 229 253 253 261 261 262 262 262 274 274 291 300 300 300 318 332 332 332 335 335 363 363 372 399 399 407 407 450 450 470 470 476 476 502 510 523 523 523 607 607 607 616 616 660 660 660 663 663 668 688 688 700 700 719 719 719 763 763 777 777 790 790 889 902 902 922 950 950 950 954 954 954 963 963 976 976 976 980 981 981 999 999 1007 1007 1007 1017 1017 1017 
124 124 124 134 134 134 310 310 310 954 
229 229 229 
937 937 
737 954 
490 490 490 
309 366 523 523 745 963 963 
196 
213 213 644 954 
158 385 385 385 613 613 613 988 
270 403 403 403 
65 221 445 446 
618 819 819 879 
316 944 
62 428 428 914 914 914 914 914 

68 626 626 810 
189 533 533 533 1016 
5 5 263 396 396 505 677 677 677 677 677 767 
375 375 375 419 
279 279 
2 2 2 182 182 182 229 229 229 
226 226 426 426 568 634 634 634 924 
954 954 997 
121 121 663 778 788 788 788 805 
954 954 954 
106 106 106 406 406 527 527 
253 253 466 466 466 564 564 564 564 790 
451 451 451 451 451 
805 805 878 
342 384 384 857 857 
121 248 248 484 
239 819 819 
45 60 60 114 114 114 149 366 366 599 599 599 599 599 650 650 650 823 823 823 981 981 999 
852 852 852 852 852 
645 732 732 757 757 949 949 949 1013 1013 
127 127 290 736 736 937 937 937 1023 1023 
130 270 376 376 376 954 954 954 

229 565 565 567 869 
392 392 527 527 964 
131 131 151 151 151 202 202 229 271 271 271 271 272 272 272 274 274 274 285 366 366 422 561 578 583 584 864 

108 
919 919 977 977 
277 277 473 473 473 473 492 570 570 570 570 570 903 903 990 
262 999 999 999 1017 1017 1017 1017 
513 513 513 749 841 841 930 
157 318 318 318 530 530 530 530 655 682 682 682 868 868 868 909 950 954 
504 1007 1007 
496 824 824 824 963 
146 146 146 146 884 
201 340 
84 277 277 306 306 306 385 666 666 707 707 988 
299 573 573 
138 138 
26 26 26 26 144 144 144 261 407 434 510 561 561 579 579 579 584 756 756 756 768 768 768 768 954 

229 229 229 229 
434 
388 388 1002 
229 229 483 483 483 583 583 625 625 625 625 671 695 695 695 780 780 780 975 975 1012 1012 1012 1012 
129 129 177 177 177 350 350 380 380 447 463 463 486 486 498 557 684 709 755 838 861 861 937 937 947 
217 816 835 835 835 835 835 
84 175 175 175 764 764 764 
1002 
1015 1015 
767 767 767 853 954 954 
187 422 425 479 479 515 516 516 640 756 768 768 820 820 820 954 954 
66 66 66 525 525 525 786 786 840 877 877 877 
927 927 927 
196 545 545 545 1004 
733 733 
162 162 855 855 
262 609 660 660 
515 515 515 515 963 

726 726 726 747 747 
22 22 22 22 22 471 
377 464 
377 
28 28 28 428 463 463 463 

277 277 299 558 954 954 954 
366 366 
394 394 394 394 394 637 637 637 637 1015 1015 
37 52 346 346 346 346 346 530 708 708 954 954 
550 
107 107 310 310 310 661 661 661 
725 725 
310 310 310 310 310 
351 535 535 
640 777 
118 118 118 957 1006 1006 1006 
145 875 
34 949 949 
85 85 546 546 929 929 929 
28 28 428 428 447 447 447 649 649 649 649 709 
229 229 445 
590 737 737 737 900 926 926 954 954 
393 393 393 
639 735 888 954 954 954 973 
282 282 802 802 
351 810 
142 276 276 366 366 566 912 912 912 959 
444 585 780 
69 69 566 566 566 572 572 735 925 925 925 978 978 978 
50 50 50 94 94 411 411 411 411 727 902 902 902 
483 975 
296 296 296 720 802 
229 229 229 229 257 366 366 620 620 934 934 957 957 957 957 
1023 
25 971 971 
92 276 276 276 434 434 518 712 954 954 1010 1010 
102 502 889 889 
44 44 44 559 712 712 784 
35 35 712 958 
89 427 427 427 474 780 780 780 
397 889 889 950 
229 229 277 277 277 
129 129 177 177 428 428 801 801 801 801 898 
532 532 532 532 540 540 707 707 707 741 741 741 862 862 1006 
101 101 273 273 273 756 
229 726 726 726 818 
371 371 371 715 797 797 797 
213 213 225 225 225 290 314 929 954 954 
39 123 123 411 
262 262 262 764 982 982 1000 1000 
746 954 954 954 954 
568 568 
416 809 809 809 959 
40 40 43 73 73 73 147 790 790 790 790 940 954 954 954 954 954 
428 861 
789 789 789 
82 99 99 99 581 

53 53 53 62 62 259 313 359 362 362 366 480 532 556 556 607 607 659 659 674 720 731 763 773 836 836 889 889 889 889 966 966 966 984 984 
735 735 735 
415 636 636 
145 384 648 
756 756 756 
508 656 656 
507 662 662 969 969 

366 422 
176 660 913 

82 82 413 413 413 787 
758 1017 1017 
434 441 441 441 441 820 961 961 
186 434 434 820 820 820 1023 1023 1023 
527 527 527 527 
251 264 479 954 954 954 
780 
6 6 6 680 680 680 
259 262 262 
50 50 50 50 180 180 180 555 
334 334 334 366 366 366 372 372 817 817 
736 736 
123 123 435 435 435 
767 767 767 
392 392 406 406 517 517 517 517 927 927 927 
359 859 859 859 859 859 
62 62 277 277 277 954 954 
52 52 200 200 414 414 414 414 452 789 954 954 954 
191 328 
53 53 259 259 487 487 487 487 502 692 692 738 738 738 
277 277 383 383 383 
229 229 948 948 
457 457 
246 246 246 
19 82 
622 632 1003 1003 1003 
22 808 1017 
73 73 73 73 73 487 487 
139 161 161 161 360 360 360 360 
273 273 739 739 926 
855 855 855 
58 229 229 614 614 998 
21 21 257 257 257 297 437 437 437 562 562 596 922 
85 85 462 462 780 780 
264 286 286 954 954 
80 80 80 782 782 795 810 810 954 954 
260 560 600 1006 1006 1006 
453 972 972 972 972 
308 308 339 879 964 
810 810 956 
8 586 
231 231 231 300 
522 
62 502 502 
129 129 129 137 428 684 684 684 684 684 947 947 
277 277 324 449 903 
44 44 91 91 481 712 712 712 758 758 758 758 784 922 922 
549 676 676 1006 1006 
407 422 422 584 901 
545 545 922 922 
262 262 959 959 
74 74 393 393 393 393 915 
311 311 405 405 
268 268 268 470 472 472 472 978 
72 72 125 201 201 405 571 571 571 820 820 820 820 
1 388 495 495 1002 1002 1002 1002 1002 
5 5 121 324 324 324 767 767 
277 277 277 411 411 411 411 411 
196 196 196 199 567 567 567 
162 162 162 162 472 472 
420 420 
684 741 937 
85 875 886 886 
172 775 775 775 
264 264 264 867 954 
229 407 
422 422 422 851 
114 114 114 167 220 328 328 328 722 722 
196 196 196 218 218 218 218 500 
587 942 950 950 954 954 954 1007 1007 1007 1007 
407 427 427 671 
407 422 561 667 979 979 
471 702 702 702 
364 364 553 689 689 
178 178 178 582 954 954 
171 215 253 607 607 607 761 761 761 1000 1000 
70 954 
28 28 28 111 111 111 329 465 715 715 715 715 926 
146 146 146 
337 337 337 
82 82 699 699 
126 
56 56 56 220 
121 121 207 545 922 
341 341 341 917 992 992 
819 
399 399 399 399 399 
229 229 229 229 549 
801 801 801 805 805 805 
37 37 954 
32 153 277 277 277 358 995 995 995 995 
81 1009 1009 1009 1009 
681 681 826 826 
49 49 59 
108 108 108 366 366 366 502 502 588 588 588 777 777 777 777 902 902 902 902 
227 759 759 
440 660 660 660 707 707 707 707 707 
217 217 820 
79 214 214 819 880 880 
189 189 189 189 660 733 733 798 878 
375 375 375 933 
73 73 544 544 830 
362 362 913 913 913 
366 366 663 982 982 
23 152 154 316 316 316 316 
378 776 776 776 776 
277 298 298 298 929 929 929 
476 476 
219 219 219 219 277 277 
333 333 333 538 951 
734 734 734 734 849 
142 246 
5 5 263 427 427 427 427 707 707 707 707 707 
382 382 810 810 
750 750 955 
870 870 870 870 
695 
229 229 690 690 710 
234 234 
115 227 229 229 233 233 538 

388 388 388 
36 36 143 143 143 166 166 
504 504 776 
451 451 451 451 779 779 
831 831 831 
467 
126 156 434 458 833 833 954 954 
363 681 681 681 681 681 790 
720 720 720 
355 806 
374 
17 102 102 102 401 907 
74 74 74 717 717 
162 247 289 965 
1 1 9 22 126 126 126 505 1002 1002 
463 463 463 463 
149 323 323 399 399 399 
19 19 19 19 56 56 220 220 220 694 791 
108 
780 780 849 886 
115 124 985 
323 323 323 323 414 
507 507 
61 61 61 954 
68 68 
336 336 336 502 502 763 
46 141 141 176 176 176 238 238 262 262 262 322 366 366 366 440 440 511 609 609 609 612 675 705 705 734 754 805 805 883 919 922 922 938 938 954 954 
7 107 454 454 454 837 837 837 901 901 901 901 901 
508 508 
366 366 390 616 687 687 687 687 687 982 
1 118 
59 59 243 243 243 243 
275 277 419 419 832 832 
10 584 741 741 1006 
197 197 366 
864 864 
880 
271 271 271 427 583 
1000 
164 164 164 287 287 
87 87 502 773 773 773 
660 793 793 841 841 841 841 906 906 906 992 992 992 
10 560 560 1006 
254 254 254 384 384 384 384 384 793 
883 883 954 954 
831 831 
520 520 520 
229 605 605 641 641 641 641 641 954 954 
414 414 414 801 
306 865 865 865 954 954 
41 41 41 41 41 176 176 176 176 201 301 428 557 557 557 557 557 574 688 755 755 787 787 787 787 892 892 937 954 954 
836 836 836 836 836 
328 328 983 983 983 
71 71 71 71 663 663 663 663 663 982 
249 249 366 366 684 1017 1017 1017 
586 586 946 946 
229 229 630 630 

532 532 

651 791 
427 427 427 629 724 780 780 812 854 854 
796 796 796 
64 64 64 64 802 

82 82 124 124 147 147 147 593 593 939 939 954 
198 366 366 950 950 950 

174 174 585 585 585 
740 740 780 780 780 780 
954 954 954 
660 660 
229 229 229 323 323 323 
277 277 277 419 419 487 487 487 609 609 609 609 609 625 625 625 625 625 1018 1018 
248 452 452 827 
428 463 920 
5 61 61 61 630 
107 107 107 967 967 967 967 981 981 981 
76 76 76 479 481 481 482 559 559 559 845 922 922 
954 
83 83 83 83 83 96 208 327 900 974 974 974 
162 490 590 590 590 590 797 797 797 

74 98 98 646 646 998 
991 991 991 991 
229 229 234 276 366 366 366 
335 335 335 335 475 502 642 642 642 773 
838 838 954 
78 78 78 279 279 293 293 293 580 580 
171 171 171 215 215 215 861 
174 174 695 727 727 727 727 
18 18 280 280 455 455 804 804 804 954 954 954 
443 443 443 489 489 489 747 894 894 
473 724 724 724 724 902 
82 178 178 178 301 301 301 1018 1018 
922 
168 168 168 
502 953 953 
401 401 1013 1014 
438 438 612 612 
623 623 623 623 660 
467 472 503 503 503 
402 402 524 524 954 954 954 
370 465 465 465 
532 532 532 966 
104 119 162 266 266 277 277 542 542 
703 703 780 780 780 886 
487 487 487 574 667 667 
901 907 907 

827 
372 
229 229 229 229 327 494 847 1002 
443 443 726 818 818 894 

413 930 
62 627 627 
37 833 954 954 
229 776 776 
984 
176 311 660 
350 350 350 428 684 684 934 934 
101 152 152 422 422 422 434 488 506 506 506 768 768 954 954 
34 34 84 84 401 401 949 949 1014 1014 1014 1014 
162 162 162 514 559 559 559 559 892 1017 1017 
281 608 608 
312 803 803 803 803 825 825 825 825 
588 588 588 
763 
343 366 366 502 659 762 
175 175 430 430 430 493 
229 
42 42 229 229 
5 264 264 264 264 384 433 433 433 526 526 526 569 569 954 954 
422 422 422 422 434 434 756 756 
175 175 
834 840 
116 277 
954 
48 188 275 275 275 275 502 674 674 674 720 

109 229 576 576 576 
20 20 191 229 229 618 618 618 618 636 752 752 
108 108 326 326 366 366 458 607 607 607 607 
139 139 390 805 893 
637 637 
85 123 123 174 229 229 229 356 356 427 427 427 471 483 483 483 519 546 546 653 653 695 695 703 703 703 703 740 740 740 840 840 875 886 886 943 943 1015 1015 

548 548 795 
172 192 192 192 
481 559 
209 209 288 288 
66 66 435 435 890 
222 222 232 232 232 232 513 684 684 684 684 892 892 892 892 892 954 954 
248 248 390 390 390 
153 499 499 499 530 
90 90 90 366 366 393 497 497 497 497 641 795 
204 258 651 694 870 
86 
675 675 677 
199 242 242 
32 548 782 790 835 835 1001 1001 
182 182 182 229 229 229 329 329 696 696 696 936 936 936 
490 490 490 715 715 715 
178 178 178 178 612 
170 170 262 1017 1017 
53 53 53 268 336 817 876 876 876 876 
486 486 486 486 601 601 601 682 954 
468 468 475 697 
13 13 24 24 24 24 312 760 760 760 760 825 825 
19 280 725 725 725 
390 395 395 601 601 601 660 660 778 878 878 878 893 893 893 954 954 
294 351 351 351 643 
175 175 175 832 832 
539 
229 496 496 496 
75 75 255 255 255 337 337 337 351 351 351 382 469 548 548 552 552 626 626 956 
268 321 
315 315 695 
352 352 352 922 922 922 
116 
888 954 
147 147 147 248 248 248 362 362 362 429 936 936 
73 73 73 523 523 800 
16 229 489 747 747 942 
79 378 378 398 398 598 611 866 
72 72 72 217 365 365 365 434 434 434 515 516 516 516 567 567 567 567 610 
966 
32 
279 279 349 399 399 399 
416 416 416 963 
212 760 760 760 760 803 803 
81 81 605 605 853 1006 1006 1006 
176 176 708 744 
922 922 978 
205 954 954 954 
229 345 614 987 987 987 
140 140 181 181 181 319 319 638 638 638 679 679 959 959 
2 2 2 175 175 666 666 807 807 
126 126 225 640 640 751 
234 770 
429 429 429 429 429 795 795 
502 502 685 685 685 685 685 859 859 
107 107 307 661 661 661 
428 721 721 954 954 954 1020 1020 

435 770 780 780 
413 413 675 675 675 675 906 906 906 930 946 954 954 
954 954 
67 
945 945 945 
231 712 
122 122 
249 249 746 1017 1017 
1005 1005 
623 653 
268 
579 1002 
400 400 400 400 400 
29 342 433 826 
174 174 174 695 695 
139 139 139 139 139 194 277 277 277 439 439 543 543 543 958 958 
154 154 252 252 
157 396 396 
183 183 
131 131 528 528 528 528 528 836 836 
172 
428 428 498 723 
487 487 
85 85 85 123 123 123 168 168 168 168 
229 323 323 407 669 669 
213 213 683 683 683 
79 79 819 
189 189 577 1008 1008 1008 
414 414 414 903 903 
229 405 949 949 949 
628 628 628 628 791 
269 323 323 323 
277 277 292 292 292 292 292 356 356 356 356 982 982 982 982 
132 132 132 
243 277 900 
460 575 780 886 886 967 
53 53 53 53 324 324 800 800 800 800 
66 435 435 435 
322 395 612 805 805 805 
23 23 23 54 74 74 308 378 551 1005 
214 214 214 229 229 611 611 670 996 
902 
907 954 954 
660 678 678 
30 417 1006 
229 
27 27 229 229 575 575 653 740 780 780 875 875 
63 63 219 
467 815 
366 480 480 484 484 502 502 502 502 950 950 
66 66 786 
229 234 234 
232 232 232 232 301 301 301 684 684 758 787 787 787 787 787 
150 778 805 805 805 
726 726 747 

300 300 
228 228 258 258 258 
486 1022 1022 
107 
269 269 277 277 465 714 874 
286 286 286 286 561 661 661 661 661 661 742 
90 90 90 90 94 94 277 277 366 366 473 473 473 607 607 607 607 727 881 908 
49 49 162 277 277 277 316 324 324 411 411 558 868 868 
108 108 108 
966 966 
214 229 229 675 675 675 841 841 841 
240 240 305 305 645 742 742 882 954 
331 902 
249 249 249 414 

140 140 181 181 181 
76 470 470 470 958 958 
511 615 615 615 
380 380 380 380 380 
59 59 59 172 172 564 

597 
73 345 
103 410 410 660 
296 296 709 
288 288 956 956 
21 238 238 238 311 366 545 559 559 562 562 596 660 660 712 712 729 813 813 813 828 828 968 978 978 
125 
226 338 338 338 388 
162 162 472 472 472 
28 28 28 273 273 302 302 302 465 465 542 590 
436 436 436 527 527 527 
97 236 236 236 935 935 1006 
298 298 298 462 462 462 491 619 619 619 954 
413 749 841 

130 130 130 
100 613 963 963 
114 116 116 116 476 476 755 755 
928 928 1002 1002 
53 336 336 796 796 796 816 816 
37 37 369 369 402 402 402 428 428 574 684 1023 1023 
660 660 
147 699 699 
497 
42 277 277 277 963 963 963 963 963 
582 818 
10 175 175 780 780 
114 379 
844 844 844 
364 689 689 841 
268 428 557 557 
51 51 51 51 196 196 229 229 534 534 
34 34 401 401 401 461 461 757 757 869 869 869 1013 
366 366 366 414 484 582 582 700 700 700 889 889 954 954 
622 
292 292 292 954 954 
731 731 
5 5 16 16 30 30 30 40 40 43 43 43 55 55 55 74 74 80 82 107 128 128 146 146 146 146 157 157 159 159 163 163 171 171 178 186 192 192 196 198 205 209 209 209 213 213 213 250 264 273 273 273 277 283 284 284 286 286 286 292 292 292 305 305 318 318 341 354 354 366 366 366 367 370 374 389 389 391 391 391 403 403 403 414 422 433 433 434 434 449 449 449 452 452 465 465 467 467 467 479 479 491 491 494 494 494 494 497 497 497 497 497 518 518 518 529 529 530 530 530 547 547 548 548 577 582 582 582 587 587 589 602 640 640 657 660 660 678 678 681 681 683 683 684 684 699 704 704 704 713 721 725 725 725 736 736 736 751 751 756 756 767 767 772 787 787 801 805 805 815 829 829 829 838 838 838 841 841 842 842 882 882 907 929 950 950 952 952 963 963 993 993 993 993 1002 1002 1006 1006 1006 1007 1023 1023 1023 
627 
76 76 288 288 288 552 810 921 921 
238 277 277 277 459 476 476 476 476 
194 194 194 482 855 855 912 912 
262 262 262 470 496 563 563 831 831 

515 515 
1017 1017 
227 366 366 372 372 416 441 824 933 933 941 941 941 941 941 954 954 
87 308 308 406 551 
647 
502 502 502 738 821 905 905 1008 
711 711 711 711 875 
21 21 922 
175 508 508 

25 25 478 478 
550 550 550 550 
467 
96 96 714 714 714 
427 427 474 1012 1012 
366 366 366 980 
43 60 60 60 410 410 
195 223 223 223 223 472 472 472 566 828 922 922 
584 584 
114 366 976 
149 366 366 399 399 711 711 711 
493 493 616 616 663 687 872 872 872 872 
351 686 686 686 
335 335 362 502 502 753 
58 58 115 115 654 
87 105 105 
218 218 218 229 830 830 830 
277 277 375 419 
156 156 
411 
267 267 267 718 718 718 718 
5 5 331 331 341 341 341 597 597 675 675 675 1017 1017 1017 
354 354 354 954 954 954 954 1007 1007 
6 6 6 281 281 
12 12 12 46 46 46 46 123 603 603 603 603 
880 
67 67 67 67 389 
32 32 202 229 229 229 229 544 717 1011 
366 366 399 412 412 412 
228 228 493 493 588 588 672 1013 
224 795 795 
1 426 431 568 568 568 568 568 648 648 746 851 935 935 954 954 1006 1006 1008 1008 
44 538 538 538 
123 437 
23 35 35 848 848 879 
95 95 150 178 327 327 459 459 459 487 549 549 549 560 560 667 676 826 826 826 884 928 954 954 954 1002 1002 1008 
354 354 354 354 354 366 366 366 415 415 582 582 582 582 954 993 993 
315 315 867 867 867 966 1002 1002 1006 
138 604 604 604 604 
58 58 58 58 92 92 479 479 
254 254 254 998 
427 427 427 427 975 975 
401 401 732 949 1000 
732 757 757 757 757 
432 432 451 451 780 780 
383 
73 73 80 80 145 170 170 249 366 366 366 412 412 412 412 514 514 539 688 688 688 758 758 799 799 847 847 962 962 992 992 992 
277 277 707 707 728 728 
258 
838 838 
109 109 
265 265 265 265 898 898 
127 127 127 127 402 402 477 516 516 516 937 937 954 954 954 
