nodes: 1024 edges: 3279
107 194 310 310 458 
9 9 118 118 118 568 648 648 664 1002 1002 1002 
182 387 832 832 832 
57 452 
172 353 353 353 353 
29 61 61 167 167 263 328 328 331 341 341 341 342 342 384 569 569 625 625 710 767 767 954 954 992 992 992 
281 520 520 520 994 994 994 
61 328 328 328 661 661 661 661 
229 231 231 300 300 366 553 553 
1 1 648 795 
175 667 667 943 943 
160 160 160 160 390 
77 77 77 82 995 995 995 
212 212 803 803 825 
954 954 954 
147 162 162 162 162 
954 954 954 
53 82 82 82 645 645 645 
725 
82 82 82 336 537 537 537 804 
776 776 925 
545 922 968 
277 444 444 444 444 539 539 539 648 931 
74 74 74 82 82 82 120 120 154 154 179 225 225 225 308 308 308 617 879 879 1005 
803 803 803 803 
478 478 971 971 971 
422 422 

111 326 326 447 447 447 463 590 590 926 926 
5 
417 884 954 954 954 
80 351 351 351 
229 603 

461 461 757 
482 482 482 482 1005 1005 1005 
166 229 635 635 635 635 
602 751 937 937 954 

492 492 492 
497 497 954 954 
147 147 147 147 684 684 684 
766 766 766 941 
497 497 497 954 977 
481 481 481 481 538 845 1003 
366 366 366 
660 660 660 995 995 995 
122 189 189 
179 773 
198 198 198 606 606 606 606 606 903 
277 277 473 473 522 522 522 555 
129 129 250 250 948 948 948 
452 452 530 530 530 
17 90 336 502 502 502 532 800 876 876 936 936 
879 
391 391 954 
220 220 595 595 651 
3 69 69 79 79 99 344 472 
985 1010 1010 1010 1010 
324 324 606 665 665 822 903 915 915 915 
366 366 399 399 977 977 977 
5 5 7 710 710 710 
380 380 380 380 502 502 502 502 529 556 750 
112 112 252 348 348 348 887 887 887 
229 229 697 697 697 697 
272 274 
683 786 786 877 877 890 890 
229 997 
337 337 337 382 382 382 
57 57 472 
589 
151 151 151 448 448 687 687 
237 277 277 567 820 820 820 
79 79 79 79 497 497 497 497 540 540 540 614 644 811 817 817 918 1017 1017 1017 
23 23 23 646 646 646 717 748 879 879 954 
148 148 
194 194 912 
12 12 12 229 229 418 
366 722 
57 57 73 73 73 73 111 111 229 241 241 299 299 344 611 866 
31 536 548 548 548 954 1017 1017 1017 
604 604 826 
12 17 17 17 19 19 19 23 23 23 147 147 147 155 172 197 197 209 209 209 267 353 353 355 500 500 500 537 537 699 699 728 728 798 798 954 954 
714 714 714 714 714 
405 419 419 430 430 757 757 757 757 
462 502 546 546 780 780 
1017 
674 674 964 
567 
483 
53 790 790 902 902 902 
559 559 
1010 
277 277 277 277 277 954 
473 473 902 902 902 
1006 
714 974 974 

717 717 717 739 984 984 984 984 
57 344 500 500 500 500 500 
244 318 318 689 963 963 
488 488 488 693 693 693 756 
480 645 645 645 645 
315 919 919 919 938 
162 739 739 


0 171 171 310 454 633 633 661 711 899 899 954 954 
366 366 409 409 607 652 
229 229 775 775 1021 
164 164 1005 
28 79 79 420 590 590 590 590 590 
63 63 
162 277 277 277 
232 232 232 232 363 363 366 366 366 399 580 580 934 944 944 944 980 
229 229 229 632 632 632 654 985 985 985 
238 238 238 244 258 258 309 309 309 771 771 771 814 934 934 934 934 
138 138 
1 1 1 459 664 664 855 
162 739 739 
23 23 
277 390 390 390 390 569 596 
47 846 
168 168 229 492 492 492 492 780 780 863 863 995 1004 
654 654 654 699 699 699 
210 210 210 567 567 567 887 923 
594 594 833 
402 736 736 736 1023 1023 1023 
954 954 954 
51 51 265 265 265 428 486 486 557 557 898 
932 
151 407 859 859 
434 544 
497 497 774 
367 367 367 367 
199 199 571 
252 252 252 
557 557 557 557 557 937 937 937 
117 117 242 242 421 421 421 421 421 1006 1006 
439 541 541 541 778 778 778 855 855 855 
181 181 831 831 911 911 911 911 
180 180 180 
298 298 470 470 624 624 831 831 
635 635 
151 151 187 187 187 187 422 422 422 
505 505 1017 1017 1017 
417 417 591 591 591 954 954 954 954 
15 41 41 41 41 82 82 82 171 235 235 262 262 262 262 497 497 501 699 699 816 816 939 939 939 954 
75 75 208 
399 650 650 
826 826 1006 
71 71 71 131 144 144 407 407 407 
157 276 276 276 617 756 756 
323 323 357 357 603 789 910 910 
23 23 252 252 617 856 
82 
263 263 263 640 989 989 
152 205 857 857 954 954 
277 375 375 
582 582 616 954 954 
11 11 11 11 
295 541 541 
15 15 15 15 104 113 119 182 182 229 229 266 277 289 289 289 289 289 303 321 439 472 472 514 572 572 572 647 715 739 758 758 758 797 797 903 
192 954 954 954 
110 110 271 673 673 

36 256 256 635 635 
5 5 191 191 328 328 
123 123 317 317 317 317 317 435 435 730 730 863 863 863 863 
183 183 999 
799 1017 1017 
107 107 147 210 210 723 723 954 
4 82 267 267 576 576 
339 339 339 
585 585 702 724 780 780 854 854 854 
10 430 430 430 430 769 769 780 780 807 832 969 969 
511 660 684 684 827 827 827 827 
428 455 486 
273 273 404 587 728 728 728 728 728 798 798 798 798 954 954 1006 
23 48 879 879 
141 141 141 192 192 192 522 522 522 
140 140 831 831 831 911 
2 162 162 229 229 329 329 387 387 994 994 
169 169 858 
195 195 195 195 420 

311 516 516 704 704 
144 144 144 144 434 434 434 756 756 
773 773 
47 47 277 277 612 612 846 846 867 903 
234 234 
167 167 328 531 
163 180 180 180 303 391 783 783 783 954 954 
311 311 311 311 311 954 1004 1004 1004 1004 
0 76 76 277 380 855 958 958 
184 184 184 184 223 
222 222 222 222 222 229 373 437 571 581 581 794 869 869 948 948 948 948 954 954 
82 82 355 355 355 668 668 668 
49 49 49 700 954 
135 135 203 203 203 571 571 
499 530 530 530 
340 418 418 567 567 567 567 567 673 850 850 850 
407 407 
199 199 199 
303 303 321 321 321 791 791 791 791 
157 279 279 279 279 954 
277 

148 327 361 361 361 714 714 717 717 717 
82 82 82 785 954 
125 125 125 171 171 723 723 
284 317 317 317 
13 13 282 282 282 470 
314 374 374 491 954 954 
611 880 880 880 906 
588 588 723 723 723 723 
329 329 
429 429 429 434 610 610 820 
222 581 581 581 733 987 987 
495 495 887 
56 56 595 651 651 651 
229 377 377 377 
196 196 196 196 196 218 787 
195 978 978 
1001 
23 23 23 491 491 491 491 833 833 833 833 
388 388 388 924 924 924 
632 
897 897 897 
8 32 36 64 64 67 77 77 79 109 109 115 115 115 123 162 162 182 182 196 221 230 241 250 250 250 277 277 278 278 292 292 320 320 323 345 358 358 366 366 368 368 377 377 387 405 405 407 424 424 424 427 427 427 442 464 476 476 476 476 485 485 534 578 600 603 603 632 632 655 690 690 691 691 706 719 719 719 746 746 746 752 752 752 752 765 765 766 766 766 775 776 776 776 780 780 796 796 809 830 830 830 864 864 869 880 885 885 886 886 891 891 906 948 948 949 949 987 998 1013 
229 
8 8 300 300 554 554 
114 114 114 114 363 363 787 787 787 787 787 892 
632 632 
190 190 631 719 834 891 891 891 
147 147 
767 767 767 928 928 
72 966 966 
116 116 116 423 660 660 814 922 957 
484 699 950 
305 305 907 
79 79 229 
138 138 509 794 794 794 
583 583 665 
100 116 617 617 642 

536 536 
596 
362 397 708 788 816 816 
416 688 688 688 688 1017 
51 51 229 229 229 621 887 954 954 
343 353 353 
63 136 136 136 154 154 270 270 270 376 539 739 
366 393 393 393 588 903 
677 677 1011 1011 
810 810 
166 166 
311 311 311 311 476 545 
116 116 791 791 897 897 897 1019 1019 
521 532 532 966 966 
549 
335 366 366 663 
147 147 147 147 324 363 363 366 366 412 440 493 493 521 521 563 563 624 624 660 660 660 799 799 959 959 1017 1017 1017 
5 156 156 156 384 625 625 625 625 625 
518 526 526 526 547 577 577 577 767 767 767 954 
129 129 129 898 1022 1022 
162 277 277 739 739 949 
82 172 172 991 991 991 
566 576 576 850 850 
277 277 871 
252 252 252 376 403 808 
164 407 407 671 671 
65 274 347 407 407 
178 178 302 302 488 488 488 488 542 542 542 954 954 954 
65 272 407 407 407 779 
666 666 773 
152 152 152 470 470 470 479 
22 50 50 72 72 93 93 93 93 93 113 113 113 121 158 162 189 189 194 206 229 229 266 266 269 269 298 298 324 324 324 346 346 411 419 419 449 453 453 459 459 485 529 541 541 558 570 570 570 570 603 603 619 619 621 666 666 707 707 802 855 855 855 858 874 900 902 902 902 902 903 903 954 954 954 957 1018 1018 
229 229 345 
205 205 205 205 386 722 823 823 823 
725 725 725 804 804 
6 759 987 987 994 994 
212 212 212 468 468 
429 429 954 954 954 
211 
407 407 407 778 
547 901 901 901 954 954 
673 673 673 
785 785 785 921 956 956 956 
162 162 162 162 162 
402 491 491 
366 366 366 806 806 806 
229 229 872 872 952 952 954 954 966 
362 362 362 722 722 
567 806 
161 
475 475 920 920 920 
545 562 
142 142 277 277 619 619 619 929 
79 79 420 420 420 
8 8 231 231 554 554 554 896 896 896 896 
684 684 728 728 728 728 728 892 
273 273 926 
162 192 204 204 

240 240 954 954 
385 419 419 

23 23 23 551 879 879 964 964 964 964 
116 116 116 372 372 
0 0 107 317 317 367 367 454 456 954 954 
186 193 193 193 193 193 257 257 257 257 352 565 565 565 596 754 879 
760 803 803 
502 
213 491 
103 812 812 1008 
379 617 617 
168 168 168 168 168 211 211 211 310 310 
100 100 414 414 414 414 954 
831 
229 229 362 957 
162 204 204 204 811 
641 660 878 878 
153 153 229 357 650 650 650 655 655 706 706 827 827 827 864 864 871 871 871 871 
59 59 262 277 277 277 346 346 558 569 569 569 569 876 876 903 903 
343 343 343 
28 28 333 333 652 777 777 
208 1006 1006 
5 5 7 7 7 167 167 191 531 531 531 580 580 580 
182 182 216 216 796 

5 908 
366 366 366 366 
326 326 622 622 
523 523 
261 366 502 720 720 720 984 984 
19 53 532 659 659 659 800 800 936 
68 68 68 592 592 810 
716 924 924 
173 173 173 551 551 551 
201 418 418 418 684 684 
5 5 5 597 597 597 954 954 992 992 992 
5 5 396 853 853 853 
251 325 325 325 763 
57 79 99 
229 278 830 
277 277 324 324 348 348 348 348 348 452 452 452 452 
272 832 
63 63 63 346 346 346 346 346 

755 755 755 
31 31 31 469 469 806 806 806 810 810 983 
311 813 813 813 
4 4 4 4 82 82 251 251 
954 993 993 993 993 1007 
82 197 197 197 
780 780 872 
153 153 323 650 780 
229 229 603 
502 502 
541 541 541 541 541 
208 208 208 
248 293 293 293 320 615 743 816 984 
114 114 232 232 262 262 366 641 641 
586 946 
820 820 820 
8 45 45 45 60 60 78 108 108 114 114 114 229 229 253 261 261 262 262 291 291 291 332 332 332 332 335 363 372 372 372 399 399 399 407 407 450 470 470 476 476 476 502 502 510 510 510 523 607 607 607 616 616 616 660 660 660 663 663 663 663 668 668 668 688 688 700 700 719 745 763 777 777 777 790 889 889 902 902 902 922 922 950 950 954 954 954 963 963 963 976 980 981 981 999 999 999 1007 1007 1017 1017 1022 
134 134 134 134 310 310 954 
229 229 
770 937 937 
737 737 954 954 954 
490 490 490 
309 309 366 366 366 523 648 745 919 963 963 
196 681 
213 213 644 954 954 
158 158 385 613 
252 270 403 
221 221 221 229 229 445 445 445 
618 819 819 819 819 879 
316 
62 62 62 62 194 398 428 914 914 

68 68 68 626 626 626 810 
533 533 1016 
5 263 396 396 396 625 677 
306 375 419 419 988 
279 
2 182 182 229 
226 226 226 426 568 634 924 1002 
954 954 997 
11 121 121 121 121 400 663 663 663 663 778 778 788 788 788 805 
55 55 192 954 954 954 
406 439 527 
253 253 253 466 564 564 564 564 790 
451 451 451 451 874 
805 805 878 878 
342 384 384 384 857 857 857 857 
248 484 
380 819 819 
60 60 114 149 366 366 366 599 599 599 599 650 650 823 823 823 981 981 999 
390 852 852 852 
645 645 732 732 732 757 949 949 1013 
127 290 736 736 937 937 1023 
270 376 954 
178 590 603 603 
84 229 229 565 567 869 869 
392 527 964 
131 151 151 151 202 202 229 271 271 272 272 274 274 274 285 285 285 366 366 422 422 422 427 427 427 561 578 583 584 864 
460 
108 108 880 
919 919 
277 473 473 492 570 570 903 990 990 
262 999 999 999 1017 1017 
513 513 513 586 749 749 841 930 946 946 
318 318 318 318 530 530 682 682 868 868 868 909 950 950 954 954 
504 504 
249 496 517 824 
30 146 146 884 884 
77 201 201 340 340 340 
84 84 277 277 306 306 385 385 666 666 707 707 
111 184 299 299 299 573 573 
138 138 138 138 138 
26 26 144 144 144 407 407 407 434 434 510 561 561 561 579 579 584 756 756 756 756 768 954 
238 
229 229 229 
573 
388 1002 1002 
229 229 229 407 407 407 483 583 583 625 625 671 671 671 695 780 780 975 1012 1012 1012 
129 177 380 447 498 498 684 684 709 709 755 755 822 838 879 937 937 937 947 
217 217 217 283 283 816 835 835 835 
84 84 175 175 175 175 764 764 764 
1002 
1015 1015 1015 1015 
767 767 767 767 853 853 853 954 954 
132 187 187 187 217 422 422 479 479 515 516 516 578 640 640 768 820 820 820 954 954 
168 168 525 525 525 525 786 786 840 877 877 877 995 995 
927 927 927 
196 545 545 1004 1004 
733 733 890 
139 162 392 758 758 758 855 
262 609 609 660 
515 515 963 
229 
726 747 747 
22 22 22 22 
377 377 377 464 464 

28 28 28 428 463 463 463 463 
71 71 
277 558 954 954 
366 
394 394 394 394 637 637 637 1015 
3 52 52 346 346 346 346 530 530 708 954 954 
277 277 550 903 903 918 
107 310 661 661 
177 725 725 725 
310 
535 535 535 
0 777 777 977 
118 277 277 957 957 1006 1006 
408 
34 34 949 949 
85 546 929 929 929 
28 447 447 447 447 649 649 649 649 709 
229 445 445 578 
590 737 737 900 900 900 900 900 926 926 954 954 
393 
639 639 639 815 815 888 
282 282 802 
351 351 810 810 
142 142 212 276 276 276 366 366 566 624 912 912 912 
585 780 
57 69 162 162 566 572 572 572 735 735 735 925 925 925 925 978 978 978 978 978 
50 50 94 94 411 411 881 881 902 

296 296 720 
229 229 229 229 257 366 366 366 620 620 745 745 934 934 934 934 957 957 

25 25 971 971 971 
276 434 434 518 518 712 954 954 1010 
102 889 889 889 
44 44 44 44 559 559 712 712 784 784 784 
35 35 35 35 958 
89 427 671 780 
239 397 889 
229 229 277 
129 129 177 801 801 898 898 898 898 954 
532 532 532 532 540 540 707 707 714 741 741 741 1006 1006 1006 
101 101 101 273 273 273 273 693 693 756 756 
726 818 
371 371 371 715 797 
213 225 225 225 225 290 290 314 929 954 955 955 
39 39 39 123 123 123 123 411 
262 262 764 982 982 1000 1000 1000 
746 746 746 954 954 
219 219 
416 809 809 809 959 
40 40 43 43 43 73 73 73 73 133 133 147 147 790 790 790 790 790 940 954 954 
428 428 861 947 
200 789 
82 82 82 99 99 99 99 99 581 
147 
53 53 53 62 62 62 62 85 313 335 359 359 366 366 528 532 659 659 659 674 674 674 720 731 762 763 763 836 889 889 889 889 889 922 922 966 966 984 
735 735 
415 415 636 636 636 
145 145 648 648 648 
756 756 
656 656 662 662 
662 662 969 969 969 
242 
366 366 366 422 
176 660 
600 719 
413 413 413 
162 637 758 758 1017 1017 1017 1017 
434 441 441 820 820 874 874 961 
186 186 434 434 820 820 820 1023 1023 1023 
416 527 527 527 527 
264 479 479 954 958 
780 780 
6 6 6 680 680 680 759 759 
259 262 262 
50 50 50 180 180 180 555 
334 334 366 372 817 

435 435 435 435 
264 264 264 767 767 844 844 954 954 954 
392 406 517 517 517 517 927 927 927 
502 859 859 
62 277 858 
52 52 52 200 200 200 414 414 452 452 954 954 954 
191 328 328 328 
53 259 259 336 487 487 487 487 502 738 
383 383 
229 
457 457 457 
80 246 246 
19 19 19 82 82 
44 622 632 
22 22 22 252 808 808 1017 1017 
73 73 73 487 487 
139 139 139 161 161 277 277 360 360 360 360 360 
273 273 273 739 739 739 
855 
132 614 998 998 
21 257 297 437 437 562 596 922 978 978 
85 85 462 780 780 780 
264 286 801 937 954 954 
80 80 80 782 782 782 795 795 810 810 835 835 835 954 954 
260 560 1006 1006 
453 903 903 972 
308 339 339 339 879 879 
956 956 
8 8 
231 231 300 300 300 
50 522 
62 
129 129 137 137 137 137 137 684 684 684 684 861 861 861 937 937 947 947 
277 324 449 
91 91 481 481 712 758 758 758 758 784 922 1003 
549 676 1006 
407 422 422 422 583 
297 545 835 922 922 
262 262 959 959 
393 393 393 393 915 915 915 
311 311 311 405 
268 470 472 761 978 
72 88 125 125 125 201 201 201 201 201 294 405 571 571 571 820 820 820 
1 388 1002 1002 1002 1002 
5 5 121 324 324 324 324 767 931 931 
277 277 277 277 411 411 
135 196 199 199 567 567 567 
162 162 162 472 472 472 721 898 
420 420 425 
684 684 741 937 937 
875 875 886 
172 172 268 268 775 
264 264 264 954 
229 407 434 464 
422 422 851 851 851 
114 114 328 328 328 722 722 
196 196 218 218 218 500 
159 159 587 587 743 942 950 950 954 1007 1007 1007 
243 243 407 427 427 561 671 671 
407 422 667 979 
174 174 471 702 702 
364 413 689 689 689 995 
178 582 582 954 
215 215 253 607 607 607 607 761 1000 1000 
70 954 
28 28 111 111 111 111 111 404 465 715 715 715 715 926 
146 146 146 
337 337 
699 
126 126 640 
56 56 220 
121 247 311 545 715 922 922 
341 341 341 917 
866 
399 399 399 399 
229 512 
710 801 
37 751 954 
32 153 229 229 277 277 358 404 404 995 995 995 995 995 
81 81 826 826 1009 1009 1009 1009 
681 681 681 826 
49 49 49 49 49 59 782 
108 366 366 366 588 588 588 588 777 777 902 902 
759 759 1020 
440 440 660 707 707 
217 217 820 820 
79 214 819 819 
189 189 733 798 878 
375 
73 544 830 
362 913 913 913 913 975 
159 366 366 366 663 982 982 
23 152 154 244 244 316 316 
378 776 776 776 
277 277 298 298 298 929 929 929 
476 476 
250 277 
333 333 538 632 951 951 
734 734 
142 142 262 262 470 
5 5 263 263 263 263 263 384 427 427 707 767 767 767 844 
382 382 382 
750 750 750 750 750 955 955 
870 870 1023 
695 695 
690 710 
234 
115 115 115 227 229 229 233 233 538 622 
107 107 902 
388 
36 36 36 36 143 143 166 166 
504 504 504 
451 451 451 514 779 779 779 
831 
467 467 467 
156 434 434 594 833 954 954 
322 363 363 681 681 681 681 790 790 790 
244 720 720 720 

73 374 
17 17 17 102 102 102 102 401 401 907 907 1014 1014 
74 74 74 717 839 
162 965 
1 1 9 22 372 505 505 505 1002 1002 
463 463 463 463 1023 
149 149 323 323 323 357 399 399 
56 220 220 220 
108 326 
849 849 849 849 886 886 
115 124 124 124 
229 323 323 744 
507 507 
954 954 
810 810 
336 336 336 502 502 502 763 763 
46 46 46 176 238 238 262 262 262 322 366 366 366 440 511 609 675 675 675 678 705 734 734 754 754 805 805 883 883 883 913 922 922 954 986 
7 7 7 7 107 454 454 837 901 901 901 
507 507 508 508 
261 366 366 366 366 390 390 390 390 616 982 
1 118 118 795 
59 59 243 989 989 
275 275 277 277 419 419 832 832 
10 10 584 676 741 741 741 741 
197 197 197 366 366 366 
864 
880 880 
271 271 427 427 427 483 583 583 
709 709 709 1000 1000 
164 164 201 287 287 287 791 
87 87 502 502 502 773 773 773 773 
660 660 660 793 793 841 841 841 906 906 906 906 967 992 
560 667 1006 1006 
254 254 384 793 793 
660 883 883 954 954 954 
831 831 831 831 
520 520 520 
373 605 605 605 641 641 641 641 722 722 954 954 954 
414 414 
66 865 865 954 954 954 954 
41 41 41 176 176 301 301 340 340 428 428 557 557 557 557 574 574 755 755 787 787 787 892 892 937 937 954 
836 836 836 
983 983 983 
71 71 982 
249 249 249 249 366 366 1017 
100 586 586 586 946 946 946 951 
229 229 630 
229 229 

101 101 101 488 488 
791 
427 629 629 780 854 854 
796 796 796 796 
64 64 64 64 802 

82 82 124 124 124 147 147 239 593 939 954 
198 366 366 950 950 950 

174 585 585 
740 780 780 
186 186 954 954 
660 
229 323 323 
277 277 419 419 487 487 609 609 625 1018 1018 
248 452 
428 428 463 672 672 672 
5 61 61 61 601 630 
107 967 967 981 
479 481 481 559 784 784 845 845 922 922 
954 954 
83 83 83 83 83 96 208 208 487 746 900 974 974 974 1006 1006 
162 490 590 590 590 590 596 797 
338 1004 1004 
74 98 98 98 208 208 208 646 839 839 839 998 998 
991 991 991 
229 229 229 234 366 512 
335 335 335 475 502 642 642 642 773 914 
572 838 
78 279 293 293 580 580 681 681 823 
171 171 210 210 215 215 215 215 
174 727 727 727 812 812 812 
18 280 280 280 455 455 455 804 805 954 954 
443 489 894 894 
724 724 724 
82 82 178 178 178 178 178 301 301 301 301 301 1018 1018 1018 1018 
922 
168 168 
502 953 953 953 
401 401 401 1013 1013 1014 
218 438 438 612 
623 623 660 660 878 
472 472 472 503 503 
127 127 127 402 402 954 
370 370 465 465 
532 
98 104 104 119 119 162 252 266 266 542 542 542 957 
703 780 780 886 
487 487 487 574 667 667 667 667 1006 1006 
901 901 907 
362 582 
655 827 827 827 
366 372 476 476 
229 229 229 494 494 494 714 1002 1002 1002 
443 443 818 
74 
413 413 930 
62 627 627 627 627 627 
37 602 833 954 954 954 954 
229 229 229 229 776 776 776 776 
988 
311 660 660 
350 350 350 428 428 684 684 
101 152 152 187 187 422 422 422 422 488 488 506 506 768 954 954 
34 84 84 84 84 401 949 1014 1014 1014 
162 162 162 439 439 439 514 514 559 559 559 559 1017 1017 1017 1017 1017 
281 520 520 608 608 
312 803 803 803 803 825 825 825 825 825 
566 588 
502 763 
343 366 502 502 659 659 762 
430 430 430 493 943 
229 229 
42 42 42 229 229 229 
5 5 236 236 236 264 264 264 433 433 433 433 526 526 569 625 625 625 844 954 954 954 
422 434 756 
175 175 
369 
116 116 116 
954 954 
48 188 188 275 674 674 674 674 720 
133 
109 109 229 576 
20 20 229 229 229 618 618 618 752 752 752 752 
326 326 366 366 366 458 458 607 607 
139 139 139 285 390 390 805 805 893 893 893 
274 637 637 637 
85 85 123 123 174 174 175 175 229 229 356 356 357 427 427 471 483 519 519 546 546 546 695 703 703 740 740 875 875 886 886 943 943 969 1015 1015 1015 

548 548 548 606 795 795 
192 192 192 
481 481 481 559 712 712 
209 288 288 288 
66 66 435 435 890 890 
222 232 232 232 232 232 684 684 684 892 892 892 892 954 954 
248 390 390 390 
153 499 
90 90 366 393 497 497 497 497 497 641 641 641 795 992 
204 204 204 204 258 258 673 694 870 870 870 
1001 
675 675 677 677 
196 242 242 242 
9 548 548 664 782 782 790 835 835 1001 
229 229 329 696 696 696 696 
162 162 490 715 
82 82 178 178 178 178 612 
170 262 262 1017 1017 
53 336 336 817 876 876 876 876 876 
486 486 547 601 954 
277 468 697 
13 13 24 24 24 24 312 312 760 760 760 760 825 
19 280 280 725 
390 395 395 660 660 725 778 778 878 878 945 954 954 954 
291 291 291 294 351 351 351 810 
175 832 832 
270 539 539 
229 496 496 496 
255 255 337 351 351 382 469 469 548 548 658 658 806 
73 321 
315 315 724 724 724 
352 352 352 
116 238 
467 467 888 
147 147 248 248 362 429 936 936 
73 73 523 800 
489 747 942 
378 378 378 378 398 398 611 611 866 
72 72 72 217 365 365 365 434 434 434 515 515 516 516 516 567 567 567 610 610 916 916 916 
850 
59 428 
279 279 279 399 399 399 722 
416 963 
13 760 760 760 760 760 803 
81 150 150 604 604 605 853 853 853 1006 
176 176 176 176 323 323 323 744 744 744 
922 922 922 978 978 
954 954 954 
229 229 229 345 614 987 987 987 
140 140 142 142 181 181 181 319 638 679 679 679 679 911 911 
2 2 2 175 347 666 666 807 807 
126 225 225 225 225 640 751 
234 
429 429 429 548 548 548 562 795 795 1001 
502 685 685 685 859 
661 
428 721 954 1020 1020 
646 717 717 717 
435 
413 675 675 675 906 906 


526 526 625 767 945 945 945 945 
44 712 712 
122 189 189 868 

1005 
653 653 653 653 
201 201 201 268 268 821 905 905 905 
579 579 579 1002 
400 400 400 
342 342 342 433 433 433 826 826 826 
174 174 174 695 695 
118 139 139 139 194 277 277 277 439 543 958 958 958 
154 
157 157 396 396 396 396 
183 277 529 903 
131 131 528 528 836 

498 557 557 557 

123 123 168 168 168 168 
229 229 323 323 407 669 
683 683 
79 598 819 
189 935 1008 1008 1008 
414 414 414 846 903 903 
196 196 229 405 405 949 949 
628 628 791 791 791 
269 323 323 323 323 
292 292 356 982 982 982 

277 394 515 515 900 
575 575 780 780 
53 53 324 324 800 800 800 800 800 
66 66 435 435 435 
322 322 395 395 612 734 805 805 
23 23 54 74 74 179 179 308 308 311 378 428 551 551 1005 1005 
214 214 214 229 409 670 670 996 996 996 
473 473 902 902 
907 
660 660 660 678 678 
30 417 417 1006 1006 1006 1006 1006 
229 229 
229 229 575 653 653 740 780 780 
63 63 63 125 219 250 
467 815 
366 366 480 480 480 484 502 502 502 502 502 950 950 
66 66 438 786 786 934 
229 229 234 234 234 
232 301 684 684 787 787 787 787 
778 778 778 
726 726 

300 300 300 300 
228 228 228 258 258 258 
129 265 486 486 486 486 572 1022 1022 1022 
107 107 
277 465 465 465 465 465 714 874 
286 286 286 661 661 661 742 742 
90 90 90 94 94 94 277 277 277 277 366 366 366 473 607 607 633 881 881 908 
49 59 162 189 253 277 277 324 324 411 453 453 550 550 858 868 868 

850 850 850 966 
214 229 675 675 675 675 841 841 
240 645 645 742 882 954 954 954 
331 902 
414 
153 153 
140 140 140 140 181 831 831 
76 470 470 470 958 
615 615 615 615 660 
380 380 720 
59 59 59 564 564 564 
820 820 820 
597 
73 453 1012 
103 103 103 372 410 410 
296 296 296 
288 956 956 
21 238 366 366 502 502 545 559 562 562 596 596 660 660 712 712 729 828 828 828 968 968 978 978 
125 
226 226 226 338 338 388 1002 
20 472 472 472 472 
28 28 302 465 465 590 
436 436 436 527 527 527 
236 236 935 935 1006 1006 
298 462 462 462 491 619 619 619 954 954 
413 749 
22 569 569 
130 
963 
114 116 116 116 116 476 476 476 476 890 
867 928 928 1002 1006 1006 1008 
53 53 336 816 816 
37 37 137 137 137 369 369 402 402 428 428 428 547 557 557 574 574 684 684 1023 1023 
103 
147 147 147 699 
497 
42 963 963 
582 818 
10 10 764 780 780 
114 114 114 980 980 
805 844 844 844 844 
364 413 413 689 689 689 
428 498 557 557 
51 51 51 196 196 196 196 229 229 
229 229 266 401 401 461 461 757 869 869 1013 1013 
239 366 366 414 414 582 582 700 700 700 889 889 954 954 954 
622 622 689 
292 292 954 
731 731 731 
5 5 14 14 14 16 16 16 30 30 30 37 40 40 43 55 74 80 82 82 93 107 107 128 128 128 146 146 146 146 147 157 157 159 159 163 163 163 171 178 178 192 192 193 196 196 198 205 209 213 213 250 250 264 273 273 273 277 277 277 283 283 283 286 286 292 292 305 305 310 310 318 341 341 354 366 366 366 367 370 370 370 374 374 389 389 391 391 391 403 414 414 422 433 433 434 434 449 449 452 452 465 465 479 479 486 491 494 494 497 497 518 526 526 526 530 530 530 547 547 548 548 577 582 587 589 602 640 640 657 657 660 678 678 678 681 681 681 683 683 683 683 684 699 704 704 713 713 725 725 736 751 751 751 751 756 756 767 767 767 772 772 787 787 801 805 805 805 829 829 829 838 907 907 907 929 929 950 950 950 952 963 963 963 993 993 993 993 1002 1002 1006 1006 1007 1023 
491 491 627 627 
288 288 288 552 552 921 921 
238 277 320 459 459 476 476 739 
194 194 482 518 855 855 855 912 
262 262 496 563 563 

515 
1017 
100 100 366 366 366 372 372 441 824 933 941 941 954 954 954 
87 308 308 308 308 406 
647 
237 237 259 259 292 502 502 905 
675 711 711 
21 922 922 
175 175 508 508 508 780 

25 25 25 478 478 478 
550 

96 96 714 714 714 
427 615 1012 
366 980 
43 60 60 60 458 
223 223 472 472 472 472 472 545 545 566 828 828 922 922 
584 
114 366 944 944 976 
366 366 399 399 711 
493 493 616 616 663 687 872 872 872 
351 686 686 686 
98 98 98 98 335 335 362 502 
58 115 115 115 
660 
218 218 229 281 281 830 830 830 
385 753 
156 156 665 665 
411 411 
267 267 267 718 718 718 
5 5 5 341 341 341 675 790 1017 1017 
354 354 354 354 954 954 954 954 1007 
6 6 6 182 182 281 281 
12 12 12 46 46 46 123 435 435 586 603 603 603 603 603 
880 880 880 
67 389 
229 544 544 717 717 
169 366 366 366 399 412 412 412 
493 493 493 588 588 672 672 1013 1013 
224 792 795 835 
1 1 1 388 426 426 431 568 568 568 568 648 648 746 746 746 851 924 935 954 954 1006 1006 1006 1008 1008 
44 559 
123 193 193 193 193 437 437 716 716 
23 35 35 35 110 848 879 879 
95 138 138 150 178 327 327 459 459 487 487 487 549 549 560 676 676 714 714 741 741 826 884 884 884 884 884 928 928 935 935 954 954 1002 1002 1002 1008 1009 
354 366 366 582 582 582 954 993 
315 867 867 867 935 1002 1002 1006 
604 604 604 604 1006 
58 58 58 58 92 479 
254 254 
427 427 427 918 975 
229 401 732 732 949 949 1000 1000 
645 645 732 757 757 757 
432 432 432 432 451 780 780 780 
383 
73 73 73 80 80 80 86 145 145 145 170 170 249 262 262 262 366 366 412 412 514 514 514 514 539 539 688 758 758 758 758 758 799 799 962 992 992 
277 277 707 707 728 728 728 728 
258 258 
608 838 838 
109 
265 265 366 898 898 898 
127 127 127 402 516 516 516 628 649 937 937 954 
