nodes: 1024 edges: 1972
107 194 194 310 
9 9 568 648 664 1002 1002 
387 832 832 832 832 
452 
172 212 
61 64 167 167 250 250 263 263 328 341 341 342 342 384 625 710 767 767 954 
520 759 759 994 
61 328 328 661 
231 231 300 366 
1 1 648 
175 175 667 943 
160 160 
77 77 77 77 82 
212 
892 954 954 
147 147 147 162 235 
954 954 
643 645 804 

82 82 651 651 
229 776 
927 
537 539 539 648 
74 74 74 82 82 82 120 154 154 154 225 308 308 479 617 879 879 
31 803 
304 971 
422 

111 111 326 447 447 463 590 926 926 

417 884 954 
24 80 
132 603 603 998 998 

461 757 949 
74 482 482 482 482 1005 

452 602 751 937 954 

492 
497 954 
147 147 147 684 
766 766 941 941 
954 
481 481 845 922 1003 
366 399 399 
660 995 995 995 
189 635 
179 773 828 
198 606 903 
473 522 522 555 555 934 
129 129 250 250 250 948 
530 
90 336 502 502 876 
179 179 879 
391 391 
220 595 651 
69 99 344 344 472 
1010 
324 324 324 665 665 822 903 
366 399 399 
5 7 710 710 710 
68 314 380 380 380 502 502 502 502 502 529 529 556 
112 112 252 252 252 348 376 887 
5 229 697 697 
274 357 
435 435 786 877 
229 229 776 843 997 997 997 
62 337 337 382 382 658 
57 472 472 

151 151 202 
423 820 820 
79 79 79 79 497 497 540 540 540 614 811 817 918 1017 1017 1017 
23 23 23 35 564 646 717 717 879 954 954 
148 
194 712 912 956 956 
12 12 12 12 

73 73 73 73 111 229 229 241 611 819 819 866 866 
31 548 548 548 548 954 954 1017 1017 
604 604 
12 19 19 23 23 23 147 147 172 172 209 267 353 355 355 513 537 593 728 728 798 798 954 954 954 
714 
277 405 419 419 419 430 757 757 
318 462 502 546 575 780 780 863 
792 1017 
674 986 


53 790 
800 
1010 1010 1010 1010 

473 727 902 902 

714 714 974 

376 717 984 984 
57 344 500 500 500 500 500 
318 
488 488 693 693 756 
480 645 645 645 
938 
162 
660 
392 392 
0 310 661 899 954 
366 409 607 904 904 
775 1021 
164 164 656 
28 28 79 420 590 
63 63 
162 277 
232 232 363 363 366 399 399 399 580 580 580 934 944 980 
229 632 654 985 985 985 
238 244 244 258 258 309 771 771 814 814 934 934 934 
138 138 138 
459 459 664 
162 739 739 
23 366 
277 390 390 397 397 569 596 596 

168 229 229 229 435 435 435 492 525 780 863 995 1004 1004 
367 654 654 654 699 699 
210 210 567 887 
594 640 648 
402 1023 1023 1023 
954 
51 51 177 265 428 428 898 947 
403 
407 859 859 
32 873 873 

367 
199 571 571 
856 
937 
117 117 117 421 421 421 421 1006 
277 439 541 778 855 
911 911 
734 
298 298 470 496 624 
635 635 
151 151 422 

417 954 954 
15 15 15 41 41 41 82 82 235 262 262 497 497 501 737 816 
75 208 
399 650 981 981 

71 71 144 144 407 
276 276 
603 603 910 
23 23 23 252 252 359 617 617 

263 263 989 989 
414 857 857 954 
277 
582 954 
11 11 

15 104 113 119 182 182 182 229 229 229 266 277 277 289 303 439 472 472 514 572 758 758 903 903 903 
954 954 
110 110 165 271 673 673 1005 
164 
635 
5 5 191 191 580 
123 435 525 730 863 


954 
4 82 82 267 576 576 783 860 915 915 
339 
585 724 724 780 
10 10 347 430 769 769 780 780 780 807 807 832 832 969 
511 511 660 684 684 754 754 827 
129 277 428 428 455 486 486 
189 273 273 273 728 798 798 954 954 
48 54 54 

831 831 
162 162 162 387 387 796 994 994 
277 


954 954 

261 
47 178 277 277 277 612 612 612 612 867 867 903 903 

167 167 328 531 531 
303 783 783 783 954 
311 311 311 318 954 1004 1004 1004 
0 0 76 277 380 
223 978 
222 222 373 437 571 571 581 581 581 794 869 948 954 
355 
49 389 954 
135 203 
530 
418 418 567 684 684 850 850 
71 
199 920 
303 303 321 791 
279 
277 
247 
148 361 714 714 717 
82 785 785 785 785 954 
125 125 723 723 
284 317 317 317 317 
4 13 282 282 470 470 938 

880 
723 723 

365 429 434 610 610 820 820 
222 222 581 581 581 733 954 954 
495 
56 580 595 651 651 
439 
196 196 218 218 
195 978 978 

23 491 491 833 833 833 833 
388 924 924 
632 963 
897 1000 
20 64 67 67 79 79 115 123 123 123 162 162 162 230 241 241 250 269 277 278 278 281 292 323 345 345 345 358 366 377 405 405 405 407 427 427 476 476 485 534 534 544 600 600 600 603 630 632 632 681 681 690 690 690 691 719 746 747 752 766 766 775 775 776 780 796 864 864 869 885 885 891 948 949 951 998 998 1013 
229 234 
8 8 845 
114 114 787 787 787 

230 631 834 834 
15 147 
928 928 928 928 

116 423 660 660 814 922 
699 950 
305 907 
79 229 229 
509 794 794 794 
583 583 665 665 874 874 
116 116 642 

624 
207 647 
362 397 788 788 816 
688 688 688 847 847 909 1017 
5 5 51 51 51 229 621 887 887 
518 
63 63 63 154 154 376 739 
366 366 

810 

311 
116 116 1019 1019 
502 532 966 

188 366 366 
147 147 324 363 366 440 440 493 563 624 624 660 799 799 959 1017 
5 5 156 156 384 384 625 625 625 
518 547 767 767 
129 898 1022 1022 
162 
82 172 991 
576 800 850 
229 900 900 

164 407 671 671 
347 347 347 347 407 407 
178 178 178 488 488 542 954 954 
65 366 407 407 779 
666 773 
152 152 479 
84 113 121 139 158 162 162 177 183 189 189 189 194 206 229 296 298 324 324 324 346 346 411 419 419 419 449 449 485 504 529 529 533 533 533 541 603 619 621 621 621 666 666 697 739 855 855 858 900 902 954 954 954 957 988 1018 1018 
229 229 345 
205 386 722 
725 
229 759 987 987 
212 212 468 468 468 876 
429 
211 800 954 

547 901 901 

785 785 785 956 956 
162 
314 479 491 
366 366 806 
229 952 954 966 
362 722 722 722 
806 

277 475 802 914 920 

142 142 277 619 719 860 929 
420 
8 366 554 554 896 
684 684 728 728 728 892 
926 
162 192 204 204 
25 
240 907 
385 385 
326 777 777 
23 23 964 964 
116 372 372 
0 107 367 954 
193 193 193 257 565 565 565 565 879 922 
803 

62 290 
812 812 

211 211 211 211 
85 100 193 414 414 414 414 954 
459 831 831 

204 811 
660 
229 357 357 357 603 650 655 655 827 864 864 871 
59 59 59 262 277 277 277 346 558 569 569 569 876 903 
343 
28 307 777 777 777 
1006 
5 7 7 191 580 
590 

908 992 

622 622 

366 720 
53 532 659 659 800 800 936 936 
68 68 548 592 
924 
173 
418 418 
5 5 954 
5 5 396 853 
325 
57 57 99 
229 229 229 278 830 
277 277 324 348 452 452 452 651 
175 272 272 272 272 617 832 
63 346 

428 428 
457 469 469 548 806 806 983 983 
813 813 
82 
954 993 1007 
82 82 197 643 
872 
65 323 323 323 780 
229 603 
154 
541 801 
208 714 
248 293 502 502 615 615 743 743 816 816 984 984 
114 114 262 366 366 
586 586 
217 820 820 
8 45 60 108 114 120 229 253 253 261 261 262 274 291 291 300 335 363 363 372 399 407 450 450 470 470 470 476 476 502 510 607 607 616 660 660 663 673 688 777 790 889 902 902 922 954 954 954 963 976 980 981 999 1007 1007 1017 1022 
124 134 310 954 

770 937 
737 954 954 954 
490 
309 309 366 745 963 963 963 
196 
954 
613 988 
63 98 252 403 403 
229 
618 819 879 

62 62 62 194 428 428 914 914 

68 68 626 
533 533 872 1016 
5 263 263 767 
306 306 988 988 
279 
2 182 182 
226 568 634 634 924 
198 954 
121 121 400 400 663 663 663 778 778 805 805 805 
55 55 954 
106 106 439 439 527 
564 
451 451 874 
805 878 878 
342 857 
121 121 248 484 788 816 
819 819 
45 45 60 60 114 114 114 149 366 599 627 650 650 823 
390 390 852 
645 645 732 757 757 949 949 949 1013 1013 1013 
127 736 937 
130 376 376 

84 229 229 229 567 869 
527 964 
131 151 229 271 272 272 274 274 366 422 427 561 583 583 864 
460 
108 
660 660 660 919 919 
277 473 492 570 570 903 990 
1017 1017 1017 
513 586 749 841 930 
157 318 318 318 318 530 530 655 682 682 868 909 954 
504 504 1007 
824 824 963 
30 146 884 
201 201 340 340 
84 84 84 277 277 277 666 707 988 988 988 1006 
111 299 573 
138 138 138 138 
26 144 407 434 510 561 584 584 756 954 
72 238 735 



229 229 407 474 583 625 625 780 780 854 975 975 1012 
129 129 177 177 350 350 380 380 486 486 498 557 684 709 838 861 879 947 
217 283 835 
84 175 764 

1015 1015 
767 767 767 853 853 954 
217 422 479 515 515 516 516 640 640 756 768 820 954 
66 66 123 123 123 168 877 
927 927 
196 545 545 1004 1004 1004 

139 162 221 392 392 758 
262 262 609 660 660 
515 515 

747 747 

464 464 

28 28 463 

277 277 954 
366 366 
394 394 1015 
3 37 346 346 346 954 
550 903 

177 725 

351 
777 
118 118 319 957 1006 1006 1006 
408 
34 
85 929 929 
28 447 649 649 649 649 
445 445 578 
590 737 900 926 926 954 

639 639 735 815 888 954 
282 282 282 
351 351 
142 212 212 366 366 366 624 912 959 
780 
57 69 69 162 162 566 566 735 925 925 978 978 978 
50 94 411 881 
427 
296 802 
229 229 366 366 620 745 934 934 957 
1023 
971 
23 276 290 434 518 518 954 954 
102 889 889 
44 44 559 712 712 712 784 
35 35 35 35 958 
671 780 780 
397 889 
229 277 
177 177 428 428 898 898 
532 532 532 540 707 707 707 741 741 741 1006 1006 1006 
101 101 273 273 
818 
371 715 
225 225 290 955 
39 123 411 
262 1000 1000 
746 746 954 954 
219 568 568 
142 959 
40 73 73 147 147 790 790 940 
428 861 861 
530 
99 99 99 99 99 
147 
53 53 62 62 62 62 62 85 259 362 362 366 532 532 607 607 674 720 762 773 773 836 889 922 922 966 966 984 984 
735 
277 415 415 
648 
756 
508 662 
507 662 969 
242 
366 422 
176 176 
719 719 
82 413 787 
162 1017 1017 
434 434 441 441 820 874 874 874 
434 434 820 1023 1023 
527 
251 264 479 479 958 

6 680 

50 50 555 
817 817 

123 168 
844 
392 406 517 927 927 927 
859 859 859 
62 62 277 277 
52 200 414 414 499 954 954 
191 191 
259 336 487 487 487 502 502 692 738 
277 277 277 383 383 
229 229 948 


22 82 
622 
22 22 808 808 1017 1017 
73 73 73 487 
139 277 360 
273 926 
855 
229 614 
437 437 562 596 596 922 
85 
264 286 954 
80 80 80 80 337 351 795 795 810 810 954 

453 903 972 
879 
810 

300 300 
50 50 522 
62 
428 684 684 684 684 861 861 937 
324 
481 712 712 758 784 922 922 
676 
407 422 583 901 
545 
262 
74 393 915 915 915 
311 311 311 311 
472 472 761 
125 201 405 571 820 820 
1 388 495 495 
121 324 324 324 767 767 
411 411 
135 135 196 196 567 
162 721 
420 
937 
85 
172 172 268 775 775 

464 

114 114 114 167 220 328 
196 196 196 218 218 218 
159 743 942 942 950 950 954 
243 243 407 407 427 561 
422 422 667 979 979 979 
174 702 702 
364 364 413 

607 607 761 761 
954 954 
28 111 329 465 715 715 715 926 

337 
82 
126 
56 220 
121 121 545 545 922 922 
992 
866 
399 
229 229 229 
710 
37 751 
32 32 153 153 229 277 323 358 995 995 
81 81 1009 

49 
108 366 366 502 502 588 588 902 902 
759 
440 660 660 
217 217 
79 819 819 
189 189 189 189 660 660 733 
375 
73 544 
362 362 913 913 913 913 
366 
23 154 154 347 
378 776 776 
277 298 
476 
250 277 277 277 
333 333 538 
734 
142 246 262 262 470 959 
5 263 263 263 427 427 
382 
399 750 981 
870 

229 
234 
115 227 229 229 
902 
388 388 
47 143 143 166 


831 
467 467 
126 434 434 833 954 954 
681 790 
244 
17 355 

17 102 102 102 401 401 907 907 1014 
74 717 
247 965 
1 9 22 126 505 1002 
463 463 463 463 
149 323 399 399 
19 19 56 220 220 346 791 

849 849 886 
115 124 124 124 
323 323 414 744 
110 
954 
68 810 
336 336 
46 105 176 238 238 262 322 366 366 410 410 410 440 440 609 609 612 612 675 721 734 754 805 913 922 922 922 938 986 986 
7 107 837 901 901 
507 508 
366 390 390 390 687 687 687 687 982 
1 118 
59 59 243 243 989 989 989 
275 277 277 419 832 832 832 832 
10 584 676 741 1006 



271 271 483 
709 709 
164 164 366 791 
87 502 773 773 
660 793 841 841 906 992 992 
560 667 
793 
954 
831 831 
520 
229 229 641 722 954 954 
414 414 
865 954 954 
41 176 176 201 201 301 301 428 557 557 557 557 688 787 892 937 954 
836 836 
983 983 
663 663 663 663 982 982 
249 249 249 366 684 1017 

229 229 229 
229 
532 
101 101 
791 791 
724 780 780 854 854 
796 
64 64 277 802 802 

124 124 239 939 


585 585 
780 
954 

871 
419 487 487 487 1018 

428 672 672 
5 61 61 61 601 
967 981 
76 481 481 481 559 559 845 845 922 922 

83 96 96 208 208 361 746 974 974 974 1006 1006 
490 590 590 590 797 797 
1004 
74 74 98 208 646 998 
991 991 991 
229 298 512 512 
335 502 
572 660 954 
279 293 293 293 681 
210 210 215 215 
174 174 695 727 812 
280 455 805 954 954 
747 747 894 
94 724 902 
82 82 178 301 301 301 1018 1018 1018 
922 
168 
953 
401 1013 1013 1013 
218 612 
141 623 660 
423 467 472 503 
402 
147 370 465 
532 966 
119 119 252 277 
886 
487 487 487 667 1006 

362 362 582 
655 827 827 
372 476 
229 494 494 714 1002 1002 
229 443 443 726 726 818 818 

413 
627 
37 602 833 
229 
984 
176 176 660 
934 934 
101 422 434 506 954 
34 84 84 401 401 
162 162 439 559 1017 1017 
6 6 281 608 
803 803 803 825 825 825 
566 588 588 
502 763 763 
762 762 
430 943 

42 42 229 229 
5 5 264 264 384 433 433 433 569 569 954 
434 
175 175 
369 
116 116 
954 954 
48 275 502 502 674 674 

109 229 229 576 576 
20 67 229 618 618 
307 307 326 326 326 366 458 
139 390 390 805 
274 
85 85 123 174 175 175 175 229 357 427 427 471 483 483 695 695 703 840 840 849 943 969 1015 

795 
172 192 192 192 
481 559 
209 209 209 209 288 288 288 
66 890 
232 232 232 513 684 892 
248 248 397 

90 366 497 497 641 
204 651 673 694 694 870 
86 
675 677 
196 242 242 242 
548 548 782 
182 229 696 936 936 936 
715 715 
82 82 178 178 
262 262 1017 1017 
91 268 284 336 336 876 
360 954 954 
296 475 697 697 
24 312 760 760 760 
17 
390 390 390 395 660 725 778 945 
291 294 351 351 810 
175 175 832 
539 539 

255 548 548 552 658 806 
73 321 
315 315 724 
352 352 922 
116 116 238 
467 
147 248 362 362 397 936 936 
73 523 523 
489 747 747 
79 79 378 398 398 611 611 866 
72 72 217 217 365 365 434 515 516 567 567 916 
966 
59 
399 
416 416 963 
760 760 760 
853 1006 
176 323 744 744 
48 922 922 

345 987 
181 181 319 319 638 679 679 911 
2 2 2 2 175 175 347 666 666 666 666 807 
225 225 225 225 640 751 
234 234 
429 1001 
502 685 685 859 
661 
428 954 1020 1020 

780 780 
413 675 675 906 930 954 
954 
67 861 
526 945 945 
44 231 712 712 
868 
249 249 
1005 
653 653 780 
201 201 268 

400 
342 433 433 826 
427 695 695 
139 277 277 543 958 958 
136 
157 157 396 
277 903 
131 131 528 528 528 836 
172 298 
428 498 498 557 557 843 

85 123 168 
229 229 323 323 407 
683 
79 79 598 819 
189 189 1008 1008 1008 
414 846 
196 229 405 949 949 
628 791 
323 706 
356 383 982 
132 132 
243 243 394 515 515 515 

53 282 324 800 
66 435 
395 395 
23 23 54 74 311 378 428 551 1005 1005 
214 996 
473 902 902 
954 

30 417 1006 
229 229 
653 740 
63 125 250 250 
467 
366 480 480 484 502 
786 
229 
14 301 684 787 

726 

300 
228 
129 265 486 486 
107 
269 269 277 465 
286 286 561 661 661 
94 94 277 366 366 607 607 633 727 881 881 
49 59 162 162 162 189 189 324 411 453 550 858 
108 108 

675 841 
240 305 645 645 954 
331 
249 414 
153 
140 140 831 
76 470 958 
615 615 615 615 660 
296 380 380 
172 172 564 564 564 
820 

73 
410 410 
203 296 
956 
44 238 311 366 502 502 545 559 559 596 596 660 660 660 712 712 729 813 828 828 968 968 978 

226 226 338 388 1002 1002 
472 472 
28 28 302 465 465 542 590 
21 436 436 527 527 527 
236 236 236 236 
298 462 462 954 954 
413 841 


963 963 963 
50 114 116 116 116 476 476 755 755 
1006 1006 1008 1008 
336 336 796 796 796 816 816 
37 137 369 402 557 574 684 1023 
103 212 660 
699 
497 
42 42 963 963 963 
582 582 
10 764 780 
114 
805 844 844 

129 428 
51 196 229 534 
34 229 401 401 401 869 869 1013 1013 1013 
239 582 582 954 954 
229 
292 954 
731 
5 14 14 16 16 30 37 40 43 74 74 80 80 82 82 82 107 128 146 146 157 159 163 163 171 178 178 186 186 192 193 196 198 209 218 218 273 273 277 277 277 284 292 310 318 341 354 366 366 366 367 370 370 370 374 389 391 414 422 433 434 449 452 465 467 479 479 494 494 530 530 547 548 582 589 589 640 640 657 678 681 681 683 683 684 704 721 725 725 756 767 772 772 801 801 838 841 842 882 907 929 929 950 950 952 963 993 993 1002 1002 1006 1006 1006 1007 1007 1023 1023 
491 
76 76 288 288 921 
277 459 476 
482 518 855 855 912 
262 470 496 624 


1017 1017 
227 366 372 372 372 416 824 933 933 933 941 941 941 954 
308 308 406 
647 
259 292 502 502 738 821 1008 
711 
922 922 
175 508 780 

25 478 
550 

96 714 714 714 
427 427 1012 
366 

195 223 223 472 472 472 922 
584 584 584 
114 366 
149 149 366 627 711 
663 687 687 872 
351 351 686 686 
98 98 362 362 502 502 753 
115 115 115 
87 660 660 
281 281 830 
277 375 385 385 419 419 419 
156 156 665 665 665 
411 
267 718 718 718 
331 597 675 675 1017 1017 
354 954 954 
6 182 182 
46 46 46 123 603 603 
880 
67 67 67 
32 32 229 229 717 
366 
228 493 493 1013 
835 
1 1 648 746 746 924 924 954 954 1006 1006 1008 1008 
44 
123 123 193 193 193 437 437 437 716 
35 164 848 879 879 
138 327 419 459 459 459 487 487 487 667 714 714 741 826 884 935 935 954 954 954 1002 1002 1008 
354 366 366 415 954 954 
867 867 867 935 935 966 1002 1002 1006 
604 
58 92 92 92 92 

427 975 
229 401 401 401 732 732 732 949 949 949 1000 
645 
432 432 451 780 
383 
73 73 73 80 80 86 249 262 366 412 412 412 514 514 539 539 688 758 758 799 799 962 962 992 992 
277 277 707 728 728 728 
258 258 
838 838 
109 
265 265 366 
127 127 127 477 516 516 937 954 954 
