nodes: 1024 edges: 1978
107 145 194 194 194 
9 568 
182 387 832 
452 
353 353 
61 61 61 64 167 331 341 341 342 569 625 710 954 954 992 992 
281 520 994 
61 61 328 661 
300 553 
1 648 
943 
74 160 160 160 
77 77 82 103 
212 212 390 
954 
162 162 910 

82 643 804 

82 82 537 651 651 
776 
545 545 922 922 
444 
74 74 82 82 82 120 120 154 154 225 225 308 308 479 1005 
31 803 
478 780 971 
422 
886 
111 111 326 326 447 447 447 590 590 926 
853 
224 636 954 954 
24 782 
132 229 229 229 603 795 822 

757 757 

229 229 
602 751 937 


954 
147 147 147 155 684 
277 766 766 941 
954 954 954 977 977 
481 845 1003 

176 176 660 660 995 
122 189 189 
179 
198 606 
277 277 473 473 473 934 
129 250 250 250 
110 452 530 530 
502 502 532 876 936 
179 179 179 
954 
595 595 651 651 
79 344 344 344 
544 547 1010 1010 
324 324 665 
399 977 977 977 977 
5 5 5 7 7 657 657 657 710 710 710 
314 380 502 502 529 529 529 556 556 556 
112 112 348 887 
5 697 
272 
435 683 786 877 890 
229 843 843 843 997 997 
337 337 337 382 

589 589 
151 448 687 687 
237 277 423 820 820 820 
79 79 497 540 614 644 817 817 817 817 918 1017 1017 
11 23 23 564 564 564 717 879 879 954 
148 810 
559 712 912 956 
12 12 229 
722 722 
57 73 73 111 184 184 229 229 241 241 611 819 
548 548 548 548 548 954 954 1017 1017 
604 604 826 826 959 
12 17 19 19 23 23 23 147 147 155 172 197 209 209 267 355 513 537 593 593 798 954 
714 714 714 714 
277 419 419 419 430 757 
123 318 546 546 780 780 863 
792 
674 964 
164 

532 790 790 790 902 


277 
902 
1006 1006 
974 

376 717 717 984 
344 

488 693 756 
645 
12 315 919 938 
162 739 
986 

0 171 310 310 633 661 661 661 711 837 954 954 
366 366 607 607 652 777 904 
229 229 775 1021 
52 656 1005 1005 1005 
28 28 79 590 590 
63 63 

232 232 232 363 366 399 580 580 580 580 944 980 980 
229 632 985 
238 309 309 771 771 814 934 

459 459 459 664 664 664 855 
739 
23 23 
390 390 397 596 596 
47 846 
85 168 229 435 435 492 525 780 780 780 863 863 995 1004 
193 367 
210 210 210 923 
594 640 640 648 648 674 833 833 
402 736 1023 

51 265 265 265 428 428 486 486 
932 932 

32 434 
497 

199 571 571 
180 252 
557 557 
242 1006 
277 277 778 855 855 

180 180 
298 470 831 831 959 
635 635 
151 151 187 422 
0 505 
417 954 954 
41 41 41 82 82 171 262 262 501 699 699 816 816 816 
75 208 
650 650 981 
826 
71 144 144 202 407 
157 276 756 756 
323 323 357 910 910 910 
23 23 360 617 
41 82 

152 857 857 

954 954 
11 11 11 
541 
15 15 104 182 229 229 277 277 277 303 321 439 472 514 514 572 572 715 739 739 758 758 797 903 

88 673 

256 256 284 635 635 
5 191 191 
123 317 317 435 489 863 863 
183 183 183 999 
799 
107 147 210 588 954 
82 576 860 860 860 915 
339 339 
702 724 724 724 724 780 780 854 
347 780 780 807 832 
46 46 511 511 660 684 827 
277 428 428 
189 273 273 587 587 798 
48 54 54 54 879 
136 141 141 192 192 192 
911 
2 162 229 229 329 387 387 672 796 994 994 
169 169 169 277 
79 79 

516 704 954 
144 756 

47 47 178 612 612 846 867 903 903 903 
234 
167 167 776 
180 180 180 391 
124 311 311 311 954 1004 1004 
0 0 0 277 
223 
218 218 222 222 229 242 437 571 581 869 948 954 
82 668 668 
49 700 
135 203 203 203 571 571 
530 
418 418 673 684 684 850 850 
151 407 407 998 
199 199 199 
321 321 791 791 
279 829 
277 277 

148 327 361 361 717 
82 82 305 954 
125 125 125 171 723 
317 317 
13 13 470 825 938 
314 491 
611 
723 723 
329 
820 820 
196 196 222 954 
495 495 621 621 621 887 
595 
377 
196 196 218 787 
195 978 978 
30 
23 23 491 833 833 
388 924 924 924 
608 
897 
32 32 32 36 36 67 77 79 79 109 109 115 123 162 162 182 182 196 230 241 241 250 269 277 277 277 278 281 281 281 292 323 358 358 358 366 407 424 424 427 427 446 464 485 485 489 534 544 544 603 630 632 632 632 706 746 747 747 752 752 752 765 765 765 775 776 780 780 796 796 796 830 830 830 864 880 885 886 891 906 948 948 949 949 987 987 998 998 
229 719 

114 114 114 363 787 892 
632 632 
190 631 631 834 891 

767 
72 
116 814 922 
398 
305 907 907 
79 79 229 229 
138 196 509 794 
583 665 665 874 


536 
647 
362 788 816 
688 688 847 909 
51 51 51 229 621 887 954 954 
343 343 353 353 
136 376 739 856 
393 393 903 
1011 
810 
166 166 
311 476 545 
1019 
532 966 966 
549 
366 663 
147 147 363 363 412 412 493 493 493 521 521 563 660 799 959 959 1017 1017 
384 384 531 625 
526 767 767 
129 129 129 1022 1022 
277 739 
82 991 991 
566 576 576 811 850 947 
229 277 277 871 900 900 
403 808 
407 671 671 
65 274 274 347 407 
178 178 542 926 954 954 
272 272 366 407 
666 773 
152 719 
42 50 50 72 84 93 139 139 162 162 162 177 183 194 206 206 229 229 229 266 269 269 296 324 339 339 346 346 346 375 411 419 419 419 453 459 475 475 504 529 533 541 558 558 570 621 739 771 802 802 855 855 855 858 858 902 902 903 903 903 941 954 957 988 988 1018 
229 
205 386 386 722 722 823 
725 
6 229 229 229 759 759 
468 876 
429 954 
166 800 954 

547 901 954 
673 
785 785 921 956 
647 
314 491 
806 806 806 806 
229 872 872 952 954 
362 722 722 722 
567 

277 475 802 914 920 

142 619 619 
420 449 
8 366 554 554 554 896 
892 892 
926 
162 

209 240 907 907 
385 683 
326 777 
23 23 519 551 
116 116 372 372 
107 107 317 317 317 367 456 456 954 954 
193 193 193 257 565 754 754 754 879 922 
803 

62 213 290 491 491 491 
103 812 812 
617 
168 168 211 211 310 310 310 
85 954 954 
459 831 
362 957 
162 204 204 
641 660 878 878 
153 153 229 357 603 650 706 744 827 871 
59 59 277 346 346 569 569 876 903 903 
343 355 355 
28 28 307 652 777 
208 714 
7 531 580 
182 216 590 

5 992 992 992 

622 
523 523 
366 720 720 720 984 
659 659 659 800 936 
68 68 68 548 592 592 810 810 
924 
173 173 277 277 551 551 
418 418 684 
5 5 597 954 954 992 
5 853 
251 251 325 763 
57 57 57 99 
830 918 
277 277 277 324 324 452 452 651 
175 272 832 
63 
823 

469 548 548 806 806 983 983 
813 813 
4 4 251 251 
1007 1007 1007 
82 325 325 
780 872 
153 323 650 
229 229 229 603 
502 502 
154 502 541 
208 208 714 
248 293 320 502 615 615 743 743 743 816 816 984 984 
114 232 262 262 366 641 

820 
108 108 114 229 261 274 300 335 363 372 399 470 476 476 502 510 523 523 523 616 616 660 688 688 719 745 763 777 902 902 922 950 950 954 963 963 976 980 980 981 999 1007 1017 1017 
124 310 954 

937 
882 954 954 954 
490 490 490 
309 309 366 452 523 648 963 


277 385 385 613 
98 252 403 403 
221 446 
819 

62 914 914 914 

68 626 626 
533 533 533 
263 263 396 505 767 
306 375 375 
279 279 
2 182 182 
226 426 568 634 924 1002 
954 
13 121 121 663 663 778 805 805 
192 954 954 954 
406 527 
253 253 466 564 564 564 
451 
878 878 
384 857 857 
121 788 816 
239 819 
60 114 366 599 627 650 650 999 999 
852 
732 757 949 949 949 
127 937 1023 
270 376 376 954 954 
603 
869 
392 527 
151 202 202 229 271 272 274 427 427 561 578 584 


660 977 
277 473 570 903 903 903 
262 262 1017 1017 1017 1017 
513 586 841 841 930 946 
530 868 909 950 
942 1007 
496 517 824 
146 884 
201 201 340 340 
84 84 84 277 277 277 666 666 707 988 1006 
299 

26 144 434 561 561 579 579 579 584 954 
72 735 
229 229 

388 
229 229 407 407 483 583 583 625 671 780 780 780 854 854 975 975 1012 
129 129 177 177 463 486 486 557 684 684 696 709 709 755 755 822 838 879 937 
283 624 
84 764 764 
709 1002 1002 
1015 
767 767 853 954 954 
132 422 479 515 640 640 756 820 954 954 954 
66 123 123 168 786 877 877 
927 927 927 955 955 
196 509 545 
733 890 
162 758 855 

515 515 

747 747 
22 471 
464 
229 377 
28 28 28 
71 
299 558 954 954 

394 637 780 780 1015 1015 1015 
3 52 346 346 372 708 954 
277 550 903 
661 661 
486 725 
310 310 
535 
777 
118 118 118 277 319 1006 
875 875 
949 
929 
428 649 709 
229 445 
590 737 900 926 926 926 
393 1014 
639 735 888 973 
282 802 
351 810 
142 212 366 566 624 912 
444 
162 566 566 566 572 572 735 925 925 925 978 978 
50 50 50 411 881 902 
483 
277 277 296 
257 366 366 620 745 934 934 934 957 
1023 
25 
23 434 712 954 1010 
889 889 
44 559 712 784 

427 474 

229 229 
129 129 428 428 455 801 898 898 898 954 
532 532 532 532 707 707 714 730 741 862 1006 1006 
101 
168 229 726 818 818 
371 371 371 797 797 
213 225 290 314 314 314 929 954 954 954 955 
123 
262 262 262 982 1000 
746 954 954 
219 219 
416 809 809 809 
73 133 954 954 
861 
530 789 

147 
53 53 62 62 359 359 360 362 366 532 607 659 659 720 731 731 763 859 889 922 966 966 984 984 
735 
277 636 
145 384 648 

508 656 780 
507 662 
242 437 
366 
176 176 660 660 
719 
82 413 787 
162 162 1017 1017 
434 441 441 820 874 874 874 874 
186 820 820 1023 
416 527 
954 954 954 
308 
6 680 
262 262 

334 334 366 366 366 372 817 817 
736 736 
123 
264 767 767 844 954 
392 406 517 
859 859 
62 62 62 277 954 
52 52 200 414 499 954 
263 328 
53 90 259 487 487 487 487 502 738 738 738 738 
277 383 383 383 
229 948 
457 
246 
19 82 
632 632 1003 1003 
808 1017 1017 
73 
161 277 360 
273 739 739 926 926 

58 229 229 614 998 
21 21 257 437 562 596 596 596 922 978 
85 85 780 
58 286 801 937 
80 80 80 80 80 337 351 351 782 795 795 810 810 810 954 
260 600 1006 1006 
453 972 972 
308 339 339 964 

8 
300 300 300 

62 62 62 
137 137 428 684 684 937 947 947 
277 277 449 
76 481 712 784 922 
676 676 
407 422 422 
545 922 922 922 
262 959 
74 74 74 393 393 393 915 915 
311 
268 470 472 472 472 761 
294 571 820 820 
1 388 1002 
5 324 324 767 767 931 931 
277 411 
135 135 196 199 199 567 
162 162 472 472 

684 684 937 937 

172 268 268 775 775 

407 
422 422 422 851 
114 114 114 114 328 722 
196 
743 942 942 950 950 954 1007 
243 427 427 671 
407 422 

413 
178 178 710 954 
171 607 761 761 1000 
70 70 
28 28 111 111 329 465 715 926 

337 337 
82 82 
126 640 640 
56 56 220 
121 121 545 545 545 922 922 
341 

399 
549 
801 
37 954 
32 229 323 358 404 995 995 
81 81 826 1009 
681 826 826 826 
49 
108 108 502 588 777 902 
227 759 
660 707 
820 820 
79 214 819 880 880 880 1019 
189 189 660 660 733 798 878 
375 933 
73 544 830 
362 362 913 975 975 975 
366 366 982 
154 316 

298 298 
476 
219 219 219 250 277 
333 632 951 
734 
429 470 
5 263 427 707 707 707 767 844 
382 382 
399 
870 870 870 1023 

229 690 690 
234 234 
115 229 229 229 233 233 538 538 622 
107 
388 
143 143 166 166 
30 504 776 
451 779 
831 
467 895 
126 126 434 434 594 594 833 833 954 954 
322 363 790 
720 
17 
73 
102 907 907 1014 
717 717 
247 289 
9 126 126 372 505 
463 
149 149 323 357 399 399 
19 19 56 56 346 791 
108 326 
780 780 780 886 

744 744 744 
110 507 
61 61 61 954 954 
810 
336 336 336 502 502 
46 46 176 262 322 366 410 511 511 609 612 612 705 734 805 883 913 913 919 922 938 954 
7 107 107 107 454 454 837 901 901 
508 
261 390 390 687 687 687 982 
118 118 118 
59 243 243 
275 419 419 832 
676 741 741 741 1006 
197 197 
864 864 

271 271 427 583 
182 709 709 1000 
164 201 287 
87 126 
793 841 841 906 967 992 992 
560 560 667 
793 793 793 
883 883 954 
831 
520 
605 722 
801 
66 306 865 865 954 
41 176 201 201 340 428 428 557 557 574 574 755 787 787 892 937 937 937 954 954 
836 
983 
71 71 663 663 663 
249 249 366 366 

630 630 


101 
1019 
780 780 854 
428 796 796 796 
64 802 802 

147 147 954 
198 950 

174 
740 780 780 
186 
660 
229 323 871 871 
419 487 487 609 625 625 625 1018 
452 
428 428 431 463 672 672 
5 61 61 61 587 
107 967 967 967 981 
76 479 481 559 845 922 922 
954 
83 83 83 83 327 361 487 746 746 974 1006 
162 590 
1004 
74 98 98 208 646 646 998 998 
991 991 991 991 
230 276 366 512 
335 335 335 502 642 773 

78 78 279 279 293 293 293 580 681 
210 215 215 
174 174 174 174 727 812 
280 455 804 
489 747 894 
724 
1018 
922 
487 
502 502 953 953 
401 1013 1014 1014 
438 612 
623 660 
423 467 472 503 
127 524 524 954 
465 
532 532 532 532 966 
104 119 162 162 252 266 277 542 542 
703 780 780 
487 667 667 667 1006 1006 
901 901 901 907 
362 362 362 582 
323 655 655 655 
366 476 
229 494 714 714 1002 1002 
229 229 443 443 726 818 

930 

37 954 954 954 954 
229 229 229 776 776 
988 
311 311 311 
428 428 684 
101 152 152 187 434 954 
34 34 84 401 837 1014 1014 
162 162 439 1017 
281 281 608 
803 803 825 825 
566 588 588 
763 763 
343 366 502 762 762 
430 430 
229 229 229 
42 42 
236 264 264 384 433 433 526 526 569 569 625 844 954 954 983 


834 840 
116 116 277 
954 
275 720 

109 229 576 576 
20 191 229 636 752 752 
108 307 326 366 458 607 
139 390 805 893 893 
637 
25 85 85 123 123 123 174 174 175 175 229 229 356 427 427 427 451 451 507 546 653 653 653 695 695 703 703 740 740 840 875 875 886 943 943 969 969 1015 

31 548 795 956 

481 559 
288 288 
66 435 890 
222 232 513 684 684 892 892 954 
248 397 
499 
90 90 90 641 795 
204 204 651 870 870 
86 
675 677 677 677 
242 
32 548 548 782 790 835 1001 
182 229 229 229 696 696 696 936 936 
162 490 490 
82 178 612 
170 262 1017 
284 336 876 876 
486 547 601 682 954 
277 277 296 468 697 697 
24 312 760 760 825 
17 725 
390 390 660 778 893 893 954 
291 291 291 291 351 351 810 810 
175 832 832 
270 539 
496 496 496 
75 255 337 337 469 548 548 548 658 806 806 
268 
315 315 724 
352 352 922 922 
116 238 
888 954 
147 147 147 248 362 362 397 936 936 
73 73 73 73 523 523 
489 489 747 
79 378 398 611 
72 72 72 217 217 365 434 515 516 516 567 567 610 610 916 
966 
32 428 
279 349 
416 963 
212 760 760 803 
81 81 150 604 605 605 605 853 853 1006 
176 323 
978 978 
205 
229 229 229 345 614 987 987 
142 142 319 638 679 911 911 911 
2 175 347 666 807 807 
126 126 225 225 640 640 
234 770 
795 1001 
685 859 
107 661 757 
428 1020 

770 780 
413 413 675 675 906 906 954 

67 67 67 861 
526 625 767 945 945 
44 712 
122 189 903 903 
249 
1005 1005 

201 201 268 905 905 
579 1002 
400 
29 342 433 826 826 
174 427 427 695 
118 139 139 277 277 277 439 
252 
157 157 396 396 
277 277 903 
502 528 528 836 
172 172 172 
498 843 
487 
85 123 123 168 168 
229 669 669 
683 683 

189 935 1008 
414 903 
196 405 949 
628 628 628 791 791 
269 323 706 706 
292 292 356 982 

243 515 515 515 515 900 900 
460 460 780 780 886 
53 282 324 800 800 
66 435 435 
322 322 395 395 612 
74 74 179 311 428 1005 
229 611 611 611 996 
473 902 
370 907 907 
660 678 678 
417 
229 
27 229 653 780 875 
63 219 250 
467 815 
480 480 502 
66 438 786 
229 234 
232 301 301 684 787 787 
778 778 805 805 
726 
639 
300 
228 
486 486 486 1022 1022 1022 

269 269 465 874 874 
286 661 661 742 742 742 
90 94 277 277 366 366 473 607 881 
162 189 189 189 253 277 277 277 324 324 411 411 411 453 846 846 858 868 972 972 
108 
850 850 
229 675 841 841 
240 240 305 305 645 645 742 882 882 

249 414 
15 153 153 153 
181 831 831 831 
76 470 958 958 
615 660 660 
296 380 380 380 
172 564 564 
820 

73 345 
103 660 
296 
288 956 
21 21 238 311 366 502 545 559 562 562 562 596 596 660 712 712 729 813 813 968 968 978 978 978 
125 
226 226 226 338 388 1002 1002 
472 472 472 
28 273 302 465 465 465 542 542 590 
436 436 436 
935 1006 
462 491 
413 749 
569 569 
130 130 
613 963 
50 116 476 476 476 
867 928 1002 1002 1006 1008 
53 336 796 796 816 816 
37 369 402 428 547 557 574 574 684 684 684 1023 
103 212 660 


42 277 963 
415 582 582 
10 780 780 
114 980 980 
844 844 
413 
268 557 557 
196 229 229 534 
229 229 401 401 401 461 869 1013 
366 366 414 582 582 700 954 
622 
292 954 
731 731 
5 5 14 30 30 40 43 43 43 55 74 80 80 82 107 107 146 146 159 159 171 186 193 196 209 218 250 250 273 273 277 283 284 286 292 310 310 318 318 341 341 366 367 370 370 370 389 391 391 391 403 403 422 433 433 434 434 434 449 449 452 479 486 491 491 491 494 494 497 497 518 518 518 526 529 530 548 582 587 602 640 640 657 657 660 678 683 684 684 699 713 736 751 751 751 751 756 767 767 772 787 801 805 815 841 950 952 963 963 993 1002 1006 1006 1007 
436 436 491 
76 288 782 921 
277 320 476 
912 912 
81 142 262 262 563 


1017 1017 1017 
366 366 372 824 933 941 954 954 
87 551 

259 259 502 502 738 821 
675 711 711 711 
922 922 
780 780 

25 
550 550 903 903 
467 
96 714 
427 427 615 615 615 1012 
366 
43 43 60 60 60 60 410 
223 223 472 472 545 828 828 922 922 922 

114 114 366 366 944 944 
149 366 711 
493 616 663 872 
351 351 686 767 
98 335 362 362 502 502 
115 
105 
229 229 830 830 
277 277 419 753 


267 267 718 718 718 718 
5 5 331 331 331 341 675 675 1017 1017 
954 
6 182 182 
46 123 603 603 
880 
67 67 
202 229 229 544 717 717 
169 366 399 399 
493 588 672 1013 
795 835 
388 431 431 568 746 746 851 924 924 935 935 954 1006 1008 
44 538 538 
123 193 193 716 
23 110 110 110 848 848 879 
95 95 138 419 459 487 487 549 549 667 714 741 741 826 928 935 954 954 1002 
354 354 354 366 415 582 954 
867 935 1002 
604 
58 58 479 
254 
427 975 
732 949 1000 
466 645 732 732 757 757 
432 451 451 451 780 

73 73 80 80 262 262 366 366 412 412 412 412 514 514 539 539 758 799 962 962 962 992 992 
277 707 728 
258 611 694 
838 
109 
265 265 898 898 898 
127 402 477 516 628 937 
