nodes: 1024 edges: 1963
145 194 194 310 
9 118 648 648 664 1002 
387 387 387 

212 212 353 353 353 
61 64 250 263 328 328 328 341 342 342 384 569 625 625 710 767 954 992 992 
281 520 994 994 
328 661 661 
229 231 300 553 
1 
667 667 667 943 943 
160 390 
77 77 82 995 
390 803 

147 162 162 910 
954 954 
82 643 645 645 645 645 
305 725 
82 336 651 
776 776 925 
545 922 922 927 927 968 968 
277 444 537 539 539 539 931 
74 74 74 82 82 82 120 154 154 225 308 479 617 617 879 879 1005 
803 803 
780 971 
422 422 422 950 
886 
447 590 926 926 
853 
224 884 884 
80 351 
229 603 603 795 822 998 998 
77 
461 757 949 949 
482 482 1005 
166 229 229 
937 954 
323 

497 954 
147 147 684 684 684 
766 766 941 941 
954 954 977 
538 845 845 1003 
366 399 
176 660 995 
189 
179 179 
606 606 606 
277 277 473 473 473 522 522 934 
129 129 250 
110 530 530 
90 502 532 800 800 876 876 936 936 
763 879 
954 954 
220 
344 344 
985 1010 
324 606 665 822 903 903 
399 399 
5 657 657 710 710 710 710 
68 380 380 502 529 529 556 
112 154 252 252 887 887 
5 697 697 697 
442 
435 786 786 890 
229 843 997 
62 337 337 337 382 658 


448 
277 820 
79 79 79 497 497 540 540 644 817 817 817 1017 
23 23 23 599 599 646 646 717 717 717 879 879 879 
148 148 148 552 
712 956 956 
12 12 33 229 
366 722 
73 73 73 184 229 241 241 241 299 299 819 866 
31 548 548 954 954 1017 
826 
12 17 19 23 23 23 147 147 155 155 172 172 197 267 353 500 513 513 593 699 699 798 954 954 
714 
277 277 419 430 
462 502 780 780 

674 


53 902 


277 277 
277 727 902 
1006 


717 717 717 717 984 
344 344 500 500 
963 
693 756 
645 645 
919 919 919 938 
739 
660 660 986 

171 310 454 954 954 
409 607 652 904 
229 229 1021 
52 656 1005 
590 
63 

232 232 366 399 399 580 580 580 580 944 
229 
258 258 258 309 309 309 771 771 934 934 934 
138 138 
1 
162 162 
23 
277 390 390 

168 229 435 780 863 995 1004 1004 
654 654 699 
210 567 567 567 923 
640 640 648 

954 954 
51 51 265 265 557 557 947 

151 407 

497 
367 
571 
180 252 382 
557 937 937 
117 117 242 421 421 1006 1009 
277 778 
831 
180 180 
624 624 624 831 959 
635 
151 187 422 
0 505 
417 417 954 
15 41 41 82 82 171 262 262 497 501 501 699 737 816 816 816 954 954 
75 75 75 208 
650 981 
826 826 
131 144 407 
276 276 276 617 
357 603 789 910 
23 23 63 
82 82 
954 
205 954 
375 

11 
541 
15 15 119 119 182 182 182 229 266 277 277 289 303 439 439 439 472 472 715 739 758 797 903 903 903 925 
192 954 954 
165 
164 
36 256 635 
191 191 328 
123 435 489 525 863 
183 

107 147 588 
82 82 267 783 915 915 

702 724 724 854 854 
347 347 430 764 769 769 780 943 969 
46 511 511 511 660 684 684 684 684 754 754 827 
277 428 
273 728 954 
48 48 
136 141 141 192 522 
831 911 
162 162 162 229 229 387 672 796 796 796 994 
169 858 
79 195 420 

704 954 954 
144 434 434 434 756 756 

47 277 612 612 846 867 867 867 903 
234 
167 167 328 
163 180 954 
311 311 778 1004 1004 
0 0 277 958 958 958 
184 978 
218 218 222 222 571 794 869 948 954 954 
82 355 668 
700 
203 203 571 

418 418 567 567 567 673 684 850 850 
407 407 407 998 
199 199 
321 321 321 321 791 791 791 
157 279 
277 277 
247 247 
148 327 714 714 714 
305 785 
125 
284 317 317 
4 4 282 282 470 470 825 
314 314 374 491 954 
611 
588 723 723 

429 429 434 610 820 
196 196 222 581 733 954 954 
495 621 887 
56 437 580 
229 270 377 439 
196 196 218 
978 
30 1001 
23 491 491 491 833 
388 924 
632 632 
897 
8 32 36 36 67 77 79 109 109 115 123 162 182 182 221 241 241 250 269 277 277 278 278 281 292 320 320 345 345 358 368 387 405 405 407 424 424 427 427 464 476 476 534 544 578 578 603 630 632 632 681 719 747 747 765 775 776 780 780 780 796 796 796 809 869 869 869 880 891 906 948 949 987 987 989 998 998 1013 1013 
234 
8 554 
114 114 787 787 892 
632 632 
190 230 631 834 834 

767 928 928 

660 814 814 814 922 
398 950 

79 79 79 229 229 
138 794 
583 665 665 874 



207 207 596 
362 362 397 397 708 816 816 
412 688 847 847 909 1017 
5 51 229 621 887 
343 353 518 
63 63 136 376 539 
366 393 903 
1011 
810 
166 
545 545 
116 116 116 
502 532 966 966 
549 
366 422 
147 147 363 366 412 412 440 440 440 493 493 493 624 660 660 660 799 799 1017 
5 384 531 625 625 
518 526 526 577 767 767 
129 129 898 1022 1022 
162 277 
82 172 
576 850 850 850 
229 277 900 
221 
407 671 
347 347 407 
178 488 542 542 926 926 954 
779 779 779 

152 152 152 470 470 479 
22 50 50 72 84 84 93 93 94 121 139 162 162 177 189 194 206 206 229 229 266 269 296 298 324 324 324 324 346 375 419 419 453 453 485 485 533 570 603 603 603 621 666 666 666 697 707 739 855 900 902 902 903 903 903 988 1018 1018 
229 229 345 345 345 
205 823 
725 725 804 
6 229 994 
212 212 468 876 876 
429 954 
211 954 
407 
901 901 901 901 901 954 
673 
785 956 
162 665 
314 479 491 
366 366 806 806 806 
229 872 952 952 952 952 954 954 966 
362 362 722 722 

966 
277 475 802 914 920 
545 562 
277 619 619 929 929 929 
79 79 420 420 
8 366 
684 728 892 
926 
162 

18 209 907 954 
385 
326 777 837 
23 551 551 964 964 
116 116 116 372 372 372 372 372 
0 107 317 317 367 367 454 454 456 954 
193 193 565 565 754 754 754 754 
760 
502 
213 213 290 491 

379 617 617 903 
211 211 310 310 
414 954 
831 831 
229 229 362 
204 204 204 204 
641 641 641 660 660 
38 357 650 655 655 827 864 
59 277 277 277 277 558 569 876 876 903 
343 343 355 355 
307 333 652 777 777 777 
208 746 
5 5 5 7 167 191 531 580 686 
590 590 796 

908 992 
366 366 
326 622 622 
523 523 524 
366 720 984 984 
19 448 659 800 936 
68 68 68 351 548 592 592 592 592 810 
716 924 924 
551 
418 418 684 684 684 
5 954 
5 5 853 
251 325 325 763 
57 57 99 99 
229 229 278 278 278 
277 348 348 452 452 651 
175 175 272 272 832 
346 346 
823 823 
755 755 
31 337 457 469 548 806 
813 
4 4 4 82 251 
954 1007 
197 325 325 
780 872 
153 323 780 
229 
528 528 
502 801 
714 
248 248 293 293 320 502 816 984 
262 366 641 641 
586 

45 78 114 253 261 262 291 291 300 332 332 335 363 372 399 470 476 502 502 510 510 607 663 668 668 673 688 700 700 745 777 889 902 902 902 922 950 950 950 963 976 980 981 1007 1007 1017 1017 1022 1022 1022 
134 310 310 954 
229 
937 
737 737 954 954 954 
490 
309 309 309 309 309 366 452 523 648 817 817 963 
681 
213 644 
158 277 385 385 385 385 613 613 988 
252 403 403 
221 445 445 445 
618 618 879 
316 903 944 
62 62 428 914 914 
988 
68 136 626 626 810 
533 1016 
5 263 625 677 677 767 
306 375 375 375 375 419 419 

2 2 2 182 229 
226 426 634 634 924 1002 
954 
11 13 121 121 400 663 663 778 788 805 805 
954 954 
406 406 527 
253 466 564 564 
451 
805 878 
857 
248 248 816 
239 775 819 819 819 
45 60 60 114 114 366 599 599 650 981 999 
390 852 852 
757 1013 
937 
376 376 954 
590 603 
229 229 567 869 869 
392 392 527 
131 151 202 202 202 229 271 272 285 427 561 578 583 
460 
108 
660 919 919 919 977 
473 492 492 570 570 903 
249 262 262 999 999 999 1017 1017 
749 841 930 946 
318 530 530 530 868 
504 1007 1007 
496 
146 146 
201 201 340 340 
84 277 277 385 385 666 707 707 707 1006 
184 299 299 573 573 
138 138 
26 26 26 144 261 579 756 756 768 954 

229 229 

388 634 634 1002 
229 229 407 583 625 625 629 671 671 695 695 780 780 780 854 1012 
177 380 486 557 557 557 684 755 838 879 937 947 
217 217 283 835 
84 175 
1002 
1015 1015 
767 
187 187 187 217 479 479 479 516 756 768 768 820 820 
66 123 168 525 786 995 995 995 
922 922 927 955 
220 545 545 1004 1004 
733 733 
162 162 162 221 758 758 
262 262 262 609 660 660 
515 
65 
726 747 
22 471 
377 377 377 

28 
71 336 
954 954 

394 637 1015 
346 346 372 708 708 
277 277 475 550 550 550 
107 310 310 661 
725 
310 
351 535 
777 
957 957 957 1006 1006 1006 1006 
408 875 
34 949 
85 546 929 
649 649 649 709 709 
229 
737 900 900 900 926 954 
393 
639 735 815 954 954 973 
282 
351 810 810 
212 212 276 276 366 912 
444 585 780 
162 162 566 566 572 925 978 978 
50 50 50 411 881 902 902 

296 453 
229 229 366 620 620 934 934 934 957 
1023 
971 
23 276 290 434 434 434 518 712 954 
889 889 
559 559 712 784 
35 35 712 
671 
889 950 
277 277 
428 898 
532 532 540 707 707 707 707 714 714 741 862 862 1006 1006 1006 
273 693 756 
168 818 818 818 
371 
213 225 225 225 290 314 955 955 
411 411 
262 262 262 1000 
746 746 954 954 954 
219 
416 809 
40 73 73 133 147 790 790 940 
861 861 
530 789 
82 99 99 
147 147 
53 62 85 259 313 360 362 366 366 532 556 607 607 674 720 763 773 922 922 922 966 984 
735 735 
415 636 
145 648 648 648 

656 662 662 
662 969 969 969 

366 366 
176 176 176 
600 
82 82 787 
1017 1017 
441 820 874 961 961 
434 820 820 820 1023 1023 
527 527 
251 264 479 954 958 

6 680 680 680 759 

50 50 180 
334 334 372 817 
334 736 736 
168 435 
264 264 
392 406 517 517 927 927 
359 359 859 
62 62 954 
52 52 414 414 414 499 789 954 
263 328 
53 259 487 487 502 692 738 738 
277 383 
229 
457 

22 
44 
22 22 22 252 808 1017 1017 
73 73 487 
161 
273 273 739 739 

229 614 614 
21 257 257 297 437 437 562 562 596 922 922 
462 780 
954 954 
80 80 337 351 782 782 795 795 810 835 835 
260 1006 1006 
453 453 453 972 
308 308 339 
75 
8 586 
231 

62 502 
129 129 137 428 428 428 684 684 861 937 
324 
481 481 712 758 758 784 784 784 922 922 
1006 
407 583 584 901 
297 545 545 
959 959 
393 393 915 915 915 915 
311 311 
472 472 978 
125 125 125 201 201 201 405 571 820 820 820 820 
1002 
5 324 767 
277 411 411 
135 196 199 567 
472 721 
420 420 
684 
875 875 886 
268 775 
264 867 
229 229 407 
422 
114 114 114 114 220 328 722 722 722 
218 
942 950 950 954 1007 1007 
243 407 427 561 
561 
471 702 
364 553 689 995 

171 215 607 607 1000 1000 
954 
28 111 329 329 404 715 715 715 

337 337 337 337 
82 699 
640 

247 545 922 
917 992 992 
866 
74 74 399 399 
512 
805 
751 
32 32 153 229 277 277 277 404 995 995 
1009 1009 
826 
49 49 49 59 903 
108 366 502 502 588 588 777 902 
759 
440 660 660 660 707 707 
217 
214 1019 
189 189 660 660 733 733 733 878 
375 375 933 
544 544 701 830 
913 913 913 913 
663 982 
23 23 152 316 316 
378 378 776 
298 298 929 929 
476 476 
219 250 277 
333 333 632 632 
734 
142 142 142 262 
5 5 263 263 384 427 427 707 707 767 767 
382 382 

870 870 870 
427 
229 690 
234 
227 227 229 229 233 233 622 622 

388 388 426 426 
143 166 
504 
451 
831 831 
467 
126 126 594 954 
322 322 322 363 363 681 681 790 790 790 
720 
17 
73 374 
17 17 17 17 102 102 907 907 
74 74 717 
965 
1 1 126 372 505 505 505 
463 463 463 
149 323 399 
19 346 
108 326 
849 849 849 886 
124 124 
323 323 744 744 
110 507 
61 61 954 
68 
336 
46 105 105 176 238 262 262 262 322 322 410 440 440 609 609 609 612 612 675 675 805 805 913 919 922 922 922 938 954 986 
7 7 454 837 837 901 901 
507 507 508 
366 390 390 616 982 
1 
59 243 243 289 989 
277 277 277 419 832 
10 10 10 741 1006 
197 366 366 
864 
880 
271 427 427 483 
182 709 709 
201 287 366 791 791 
87 502 
660 660 793 841 992 992 992 992 

384 384 
883 883 
831 831 
520 520 520 
229 373 641 641 722 

865 954 954 
41 41 41 176 176 176 176 201 301 340 340 340 428 557 557 574 755 755 755 787 787 937 954 954 
836 
328 983 

249 366 1017 
586 946 
630 

532 
101 488 
791 
427 427 724 724 780 812 854 
796 796 
64 64 64 277 802 802 

82 82 124 147 593 
198 366 366 950 
614 
174 585 

186 954 954 954 

871 
277 419 419 419 487 487 487 487 609 609 625 625 
248 452 452 827 
463 463 672 672 
5 61 61 61 61 
967 967 981 981 981 
76 479 481 482 559 845 922 922 
954 954 
83 208 208 208 361 487 487 746 974 974 974 1006 1006 
162 590 590 590 797 
338 1004 1004 
74 74 74 98 98 98 98 646 839 998 998 
991 
229 
335 502 642 773 
572 731 954 
78 293 293 580 580 580 681 
215 215 
174 174 695 695 727 727 
18 280 280 455 804 805 954 
443 
94 724 724 
178 301 1018 1018 
922 922 922 

721 953 953 
1013 1014 1014 
218 438 438 612 612 612 
623 878 
467 503 503 
524 524 954 
147 370 370 465 
532 532 966 
104 162 277 542 542 
780 780 780 886 
487 667 1006 1006 
907 907 

655 655 827 
366 
327 494 494 714 1002 
229 229 443 818 

413 930 

602 954 
776 
984 988 
176 176 311 311 311 311 
350 350 428 684 684 684 934 934 
101 187 187 422 422 434 488 768 954 
34 401 949 949 
162 439 439 559 559 1017 
520 608 
312 803 803 803 825 825 

763 
54 343 502 762 
175 943 
229 
42 42 
5 236 264 264 384 433 569 625 625 954 954 
422 434 434 756 
175 175 780 

116 116 
954 
502 720 

229 398 576 
20 20 229 618 752 
307 326 326 326 366 458 607 
139 193 390 805 893 893 
274 274 274 
25 85 85 123 175 229 229 229 356 357 427 427 427 471 546 695 740 740 740 769 840 840 943 

548 548 795 795 
172 
481 559 559 559 
209 288 
66 66 435 890 890 890 
232 232 513 684 684 892 954 954 
390 
153 499 530 
497 497 641 641 641 795 
204 204 204 673 673 694 
1001 
675 
196 242 
32 548 548 782 782 790 835 
182 182 182 229 229 229 329 696 696 
162 715 
82 
262 262 1017 1017 
53 53 336 
360 
296 697 697 
13 24 24 760 760 760 825 
280 725 
390 390 395 601 660 660 725 778 878 878 878 945 945 
291 291 291 351 
832 
539 
229 496 
255 337 382 469 469 548 956 

695 
352 922 922 
238 238 238 
467 888 
147 147 147 248 248 362 397 936 936 
73 73 73 372 372 523 
489 489 489 747 942 
79 398 398 398 
72 217 434 434 515 516 516 516 567 567 567 567 916 
966 
32 59 
279 349 349 

212 760 760 803 
81 150 150 605 853 853 
176 323 708 744 
922 978 
954 
614 987 
140 142 181 319 319 638 638 679 679 911 
347 666 807 
225 
234 234 
429 548 548 795 1001 
685 859 
307 661 661 
428 954 
717 
780 780 
413 675 906 906 906 930 930 930 946 954 954 

67 
945 
44 44 712 
189 
249 249 
1005 1013 
653 653 653 
201 201 268 268 268 905 

400 400 
29 342 826 826 
174 174 427 695 
277 958 958 

396 
183 903 903 903 
528 836 889 

498 498 557 
487 487 
123 168 
323 669 
683 
79 598 
189 189 189 577 935 1008 1008 
414 903 
196 229 229 229 405 405 949 
628 628 628 1019 
706 
292 356 982 982 

243 515 900 
460 575 575 886 
53 53 282 282 324 324 

395 612 734 805 805 805 
23 23 54 74 74 74 378 428 
229 670 
473 
954 
678 678 
30 30 1006 

27 575 653 740 875 
63 63 219 250 
815 
366 480 480 484 859 
66 786 786 786 934 
229 
232 301 787 
778 778 



228 
265 486 1022 

269 277 465 465 465 874 
286 286 286 286 286 561 661 661 
90 94 277 277 366 366 366 473 473 607 
59 59 162 162 162 189 253 277 277 277 316 324 379 411 606 858 858 858 868 
108 
850 966 
229 841 841 841 
305 645 645 742 742 954 
331 
249 
15 153 
181 831 
470 958 958 
615 615 615 615 660 936 
296 380 380 
172 172 564 564 564 564 
820 
597 

103 103 103 410 410 410 660 
296 
956 956 
21 21 238 366 436 436 502 502 502 545 545 559 559 596 660 660 660 712 712 729 729 729 813 813 828 968 968 978 978 978 
125 
226 338 338 388 
20 162 472 
28 28 273 273 302 465 
21 21 436 527 527 
236 236 1006 1006 1006 
298 298 298 462 619 619 954 
413 749 841 841 841 
22 

613 
50 116 116 116 476 476 476 755 755 890 
867 1002 1006 
53 53 336 816 816 913 
37 137 137 369 402 428 557 684 1023 1023 1023 
103 660 

497 
42 42 963 
582 818 
10 10 175 764 780 
114 379 
805 805 844 
413 689 841 
129 428 
196 229 
34 34 229 461 757 757 869 1013 
26 239 366 366 366 484 582 582 700 954 954 

292 292 292 292 954 
731 731 
5 16 16 37 40 43 43 55 55 80 80 82 82 107 107 128 128 146 147 147 156 157 163 163 178 186 186 192 196 196 213 218 218 273 283 284 286 292 292 305 310 318 341 354 367 370 370 370 389 391 391 403 422 449 449 465 467 467 479 494 494 494 518 529 530 547 547 582 589 640 657 660 683 683 684 684 704 704 704 713 713 721 725 736 751 756 767 767 772 787 787 829 838 841 841 882 907 929 950 950 952 963 993 1002 1006 1006 
436 491 491 
76 76 288 810 921 921 
459 459 459 476 
194 194 194 518 855 855 912 912 
142 563 563 

515 515 
1017 1017 
100 366 372 941 954 
308 308 
647 
259 259 292 295 502 738 821 905 
711 711 
21 21 922 922 
175 508 508 508 

25 478 
550 
467 
714 714 714 

366 980 
43 410 
195 223 472 472 566 828 922 922 922 

366 976 
149 366 399 711 711 711 
616 663 872 872 
686 
98 335 335 362 502 753 
58 
105 660 
229 229 830 
277 375 381 753 
229 665 

718 
5 5 331 597 597 675 675 675 675 1017 1017 
954 1007 
6 6 182 281 
12 46 123 435 435 435 586 603 603 

67 
32 32 202 229 229 717 717 
399 412 412 412 
493 588 588 
224 792 835 
1 388 426 431 568 746 935 954 1006 1006 1008 1008 
44 
123 123 193 193 437 437 716 716 
23 35 110 848 
95 138 419 459 459 459 459 487 487 487 549 549 560 667 714 714 741 741 884 928 928 928 935 954 954 1002 1002 
354 366 366 415 415 582 582 993 
867 867 1002 1002 
138 604 604 
58 
254 
427 
229 229 401 732 848 949 
732 732 
432 432 451 
383 
73 80 249 262 366 366 412 412 514 514 539 539 688 758 799 799 962 962 992 992 
277 277 728 728 
611 870 

109 
265 265 366 366 366 898 
477 516 516 937 937 937 
