nodes: 1024 edges: 1966
107 310 
118 1002 
832 


250 250 263 328 328 331 342 384 384 569 625 992 992 
520 994 
61 328 
229 300 366 

175 667 943 
160 160 390 
77 82 82 995 995 
212 825 

147 162 162 162 
954 954 
53 82 82 601 645 645 645 

82 82 336 537 537 651 651 
229 
545 545 545 968 968 
277 539 539 
74 74 82 82 82 82 120 154 179 225 225 308 308 308 617 879 879 879 1005 
31 31 803 
478 478 
422 950 
886 
111 111 326 447 447 447 447 463 590 590 590 926 926 

224 636 636 954 
24 24 80 351 
132 229 603 603 998 

757 949 
482 
166 635 635 
536 751 937 937 954 


954 954 
147 155 684 684 
766 
497 497 977 
481 538 538 559 922 
366 
660 660 995 
122 189 635 
179 179 828 
198 606 606 903 
522 522 555 934 
129 129 250 250 948 948 948 948 
110 452 
17 336 502 502 532 532 800 800 876 876 936 
179 879 
954 
220 220 595 595 651 
69 79 79 79 344 344 
985 1010 
324 606 665 665 903 915 915 
366 366 
7 710 710 
380 502 502 502 529 529 529 556 556 
112 112 112 112 154 252 252 252 348 348 348 887 
229 229 
272 274 274 442 
435 890 890 
229 776 
658 
57 472 
589 
151 448 687 687 687 687 
237 820 820 
79 79 79 497 497 497 540 540 540 614 644 811 817 817 918 1017 1017 1017 
23 23 564 599 717 879 954 954 
148 810 
194 712 712 956 956 
12 418 
366 366 722 722 722 
57 57 57 73 73 73 111 184 184 184 229 241 299 299 299 344 611 819 866 
31 536 548 548 548 954 1017 1017 
604 826 826 
12 12 17 17 19 19 23 23 23 23 147 147 155 172 209 343 798 798 954 
714 714 
277 757 
123 462 546 546 546 863 

674 
567 
483 
453 790 790 790 896 902 
559 559 
479 1010 

473 

714 974 
935 
376 717 717 717 891 984 
500 
318 318 689 933 963 
488 488 693 693 756 756 
480 645 645 
919 919 

660 

0 171 171 171 454 633 661 661 661 711 711 899 954 
409 607 777 904 
775 
52 656 1005 1005 
28 28 79 590 590 
63 63 63 63 
162 162 277 277 
232 363 366 580 580 580 580 944 944 944 980 
229 632 654 654 985 
238 238 238 238 244 244 244 771 934 934 934 

1 459 459 664 
162 739 
23 366 
397 569 569 596 
47 846 
85 229 229 229 435 525 780 780 863 995 995 1004 
367 367 654 699 
567 923 
594 594 640 674 833 
736 1023 1023 

51 51 265 265 486 947 

151 407 407 407 859 
32 873 

367 
571 
252 252 856 
937 
242 1006 
277 277 778 855 855 
911 911 911 911 

298 470 470 470 624 624 831 959 
635 
151 187 422 

954 954 
15 41 82 82 235 262 497 501 699 699 737 816 816 954 
75 

893 
71 131 144 407 
276 
323 
23 63 
41 82 
989 
954 954 

616 954 
11 11 
541 
15 15 15 113 113 119 182 182 182 229 277 277 277 321 439 472 472 472 647 715 739 758 758 797 903 903 
192 


36 284 635 
328 328 580 
317 317 317 435 435 730 730 863 863 
183 183 999 
799 1017 1017 
107 107 107 210 954 954 
82 267 267 576 860 860 915 

702 854 854 854 
10 347 347 430 764 764 780 780 807 832 969 
511 827 827 
428 428 486 486 
189 273 273 404 587 587 728 798 798 798 798 
23 48 48 54 
192 192 522 
831 911 911 
162 162 162 229 387 672 796 
169 169 858 
79 79 79 195 420 

311 704 704 954 
144 434 

47 178 277 277 612 612 846 867 867 867 867 903 
234 
328 776 
163 180 180 391 783 954 
311 311 778 954 1004 1004 
76 277 380 855 
184 
218 222 222 229 229 437 571 571 581 794 954 
355 
49 700 
203 203 571 

684 684 684 850 850 
407 998 
199 199 920 
303 321 791 
279 279 829 954 
277 
247 
327 361 714 714 717 
82 305 954 
171 723 
317 317 317 
13 282 282 470 938 
314 314 374 491 491 865 954 

723 

365 429 429 429 820 
196 581 581 733 954 987 
621 621 
56 56 595 
229 377 377 
196 196 
978 978 978 978 
30 
23 23 491 491 
388 924 


8 20 32 64 64 67 79 115 123 123 123 162 182 196 196 221 241 241 250 277 277 292 292 345 358 366 368 377 405 407 407 427 427 427 464 464 476 476 485 544 578 603 632 655 681 690 706 746 747 765 765 776 776 780 780 780 796 864 880 885 886 886 891 906 949 949 951 987 987 998 1013 1013 1013 

845 
114 363 787 787 
632 
190 631 631 834 891 
147 
928 
72 966 
116 116 116 116 423 660 660 922 922 
398 
305 907 
79 229 229 
138 509 794 794 
874 874 
116 116 116 
502 
536 624 
207 
397 397 788 
688 688 688 688 847 847 
5 5 51 51 229 621 887 887 954 954 
353 353 518 
63 63 63 136 136 539 539 739 
366 393 903 
677 1011 
810 810 

311 545 781 
791 1019 
502 521 

366 366 663 
147 324 363 366 366 493 493 521 563 624 624 660 660 799 959 959 1017 1017 
5 
547 767 767 
129 129 898 1022 
739 
172 172 991 
576 576 811 850 850 
277 900 900 900 
376 403 
407 407 
65 274 
178 178 302 302 488 488 488 488 542 926 
65 65 272 366 366 
419 666 773 
152 470 470 
22 84 113 113 139 139 162 162 162 189 189 194 206 229 229 269 296 324 324 324 324 339 346 375 375 411 419 419 419 459 459 475 529 533 603 603 619 619 619 666 666 697 707 707 739 739 855 858 900 902 902 903 903 903 941 954 957 957 1018 1018 
345 
205 205 722 823 823 
725 
759 987 994 994 994 994 
212 212 468 468 876 876 
429 513 
166 800 954 

547 901 901 

785 921 921 956 
647 
314 314 479 
366 806 
229 229 872 952 966 
362 362 722 
806 

277 802 802 914 920 920 
545 
142 619 719 860 929 929 929 929 929 
79 79 79 420 420 449 
8 366 554 896 896 
728 728 892 
273 273 926 
204 

209 240 954 
419 
326 
23 23 23 551 879 964 
372 372 
0 317 367 367 456 954 
186 193 193 257 352 565 596 754 754 922 
760 803 

213 213 290 290 491 
812 812 812 812 1008 
617 617 617 
168 168 168 211 211 211 310 
100 100 366 414 954 954 


162 204 811 
641 660 735 878 878 
153 603 603 655 655 655 655 827 864 871 871 
59 262 277 277 277 277 346 346 569 569 876 876 876 
343 343 
28 307 777 
208 714 746 1006 
5 5 7 167 167 191 580 


5 908 908 992 
366 

523 523 524 
366 720 
19 53 936 
351 548 592 592 810 810 
924 924 924 
277 
418 684 
597 954 954 
5 
82 325 325 
57 57 79 
229 278 918 
277 324 324 348 452 651 
175 175 617 
63 63 63 346 

428 755 755 
31 337 548 548 810 810 983 983 
311 813 
251 251 
954 993 993 1007 
197 
780 
650 
229 603 
502 
502 541 541 541 801 
208 714 
293 293 502 615 743 743 743 
114 232 262 641 
586 946 
217 
8 45 60 60 78 78 114 120 229 253 261 261 262 262 274 274 291 300 318 332 335 470 470 470 476 502 607 607 607 616 616 616 660 663 673 700 719 763 777 790 889 889 902 922 950 950 954 963 963 976 980 980 981 999 999 1007 1017 
124 124 134 310 310 954 
229 
770 
737 954 
490 490 
309 309 523 648 745 963 
681 
213 
277 277 613 988 988 
98 270 403 
221 221 229 445 445 
618 819 819 

62 194 398 428 428 914 
433 988 
626 626 810 
533 1016 
5 5 396 677 
419 988 

182 
226 426 924 

11 663 778 788 788 805 
192 954 
406 
253 564 564 
451 
878 
384 767 767 857 857 857 
121 248 248 788 816 
239 380 819 819 819 
599 599 599 627 823 823 981 981 981 999 
852 852 
645 645 949 
1023 
270 376 954 954 
178 603 
229 565 565 
392 527 527 
131 131 131 151 202 229 229 271 271 422 422 427 561 578 583 

108 

277 473 473 570 570 903 990 
999 999 1017 
841 930 946 946 
318 530 682 868 868 868 950 950 
1007 
824 
884 
77 340 
275 277 277 277 306 385 666 707 1006 
184 299 299 573 

26 144 407 407 561 579 756 954 
238 


388 1002 1002 
229 229 229 407 483 583 625 625 695 780 854 854 975 975 1012 
177 177 350 380 380 463 463 486 498 498 557 684 684 709 838 879 937 
217 217 217 283 835 835 
175 764 764 
709 1002 
1015 
381 767 767 853 954 
187 479 479 515 516 516 640 756 768 820 820 954 
66 123 168 168 877 877 995 
927 927 955 955 
196 545 1004 1004 
733 890 
162 758 758 
609 660 
515 515 
65 
747 
471 
377 377 464 

28 28 28 28 463 
71 
299 954 954 

394 637 637 
52 346 530 954 954 
90 550 
107 
725 
310 
535 
777 
118 118 277 277 957 1006 1006 
875 875 
949 
85 
28 428 428 447 649 649 709 
229 229 445 
590 737 900 900 926 
741 
639 735 815 815 888 
282 282 

142 142 142 212 276 276 366 366 366 959 
444 585 780 
69 162 162 162 566 566 572 572 978 978 978 
94 411 411 881 881 
975 
277 720 802 
229 229 366 620 745 934 934 934 957 957 
1023 
25 25 971 
92 290 434 434 712 1010 1010 1010 
102 502 502 889 889 889 
44 559 559 559 712 
35 712 958 
89 427 780 
889 889 
229 
129 177 177 428 898 954 
532 532 540 540 707 707 707 714 730 741 862 1006 1006 1006 
101 101 273 273 273 273 693 756 756 
818 818 818 
371 371 715 797 797 
213 213 225 225 314 954 954 955 

262 262 764 982 1000 
746 954 
568 
809 809 959 
43 43 73 73 73 147 790 790 790 954 954 
428 428 947 

99 
147 
53 53 62 62 62 245 259 359 360 362 366 480 480 532 532 556 607 607 607 659 674 674 762 763 773 836 836 922 922 922 984 
735 735 
636 636 
648 648 
756 
656 662 780 
662 969 
242 

176 

283 
1017 
434 441 441 874 874 874 961 
434 434 820 1023 

251 

6 680 759 
259 262 
50 50 180 555 
334 334 372 817 817 
334 
123 
767 844 954 
406 406 927 927 927 
859 859 
62 62 62 277 954 
414 452 789 954 

53 53 487 487 502 502 738 738 738 
277 383 

457 
37 80 246 
19 19 
44 44 
22 22 252 252 808 1017 1017 1017 
73 73 73 487 487 
161 360 360 360 
273 926 
855 
229 614 998 
21 21 21 257 297 437 562 596 922 978 
85 85 85 
264 286 801 
80 80 80 337 351 351 782 782 795 795 810 835 835 954 954 

453 903 972 972 
308 964 964 
810 956 

300 
50 522 
62 62 502 
428 684 684 684 861 861 947 

44 91 91 481 481 481 758 922 
676 
407 422 584 901 
545 922 922 
262 959 
74 393 393 915 
311 405 405 
472 472 761 978 
88 125 571 820 820 820 
495 1002 
5 121 121 324 324 931 
411 411 
135 196 196 199 567 
472 472 721 
420 
937 
875 886 886 
172 268 268 775 
867 954 
229 407 
422 
114 114 114 114 167 328 722 722 
196 218 218 
950 954 
407 427 671 
561 979 979 
471 702 702 
364 
178 178 
607 607 607 607 1000 1000 
70 954 
28 28 28 111 111 465 715 715 715 926 926 

337 337 

126 126 640 
56 56 220 
121 311 545 715 922 
341 992 
819 
74 399 399 399 

17 801 805 
954 954 
32 32 229 277 277 323 323 358 404 995 995 
81 826 1006 1009 
681 826 826 
49 49 59 
108 366 366 366 502 502 502 588 588 588 588 777 777 902 902 
1020 
440 707 707 707 

79 819 819 880 880 
189 189 733 733 
375 
73 544 
362 913 913 913 975 
159 366 366 366 663 982 
23 316 316 316 347 
378 
277 277 277 298 
476 
219 219 250 
632 
734 
142 142 246 262 262 959 959 
5 427 427 707 707 707 767 844 
382 382 810 810 
399 750 955 981 
870 870 
695 

234 234 
115 229 233 622 
107 902 

36 36 47 143 166 
30 30 504 504 776 
451 451 779 
831 
467 
126 434 594 
322 363 681 681 790 790 
720 720 

73 
17 17 17 102 102 401 401 907 907 1014 
839 
162 289 965 965 
372 505 505 1002 1002 
463 463 
357 
19 19 56 346 694 791 

849 886 
115 115 124 
229 323 323 323 323 744 744 744 
110 507 

68 810 
502 763 
46 46 105 238 238 262 262 322 366 440 675 678 705 734 734 754 754 805 805 883 883 913 919 922 922 922 938 
107 107 107 901 
507 508 
261 366 390 616 687 982 982 
118 
59 59 989 
275 277 277 419 832 832 832 
10 741 741 741 

864 864 
880 880 
583 
182 709 709 
366 791 791 
87 126 502 502 773 773 
660 793 793 841 906 906 992 992 992 992 
560 
254 384 793 
660 883 

520 
229 373 605 641 641 722 722 954 
414 801 
954 954 954 
41 41 201 201 201 340 428 428 557 557 557 688 755 787 787 937 937 954 
836 836 

71 71 71 71 663 982 
249 249 249 249 684 1017 1017 
100 
229 


101 101 488 
651 791 
427 629 780 
796 796 
277 802 

124 147 147 939 939 
198 366 

174 585 585 
740 780 780 875 
186 186 954 954 954 
660 
229 
277 277 419 487 487 487 609 609 609 625 625 625 

428 431 463 672 672 920 
61 61 
107 107 967 981 
76 76 479 481 482 784 845 922 
954 
83 83 96 208 208 327 361 487 746 1006 1006 
162 490 590 590 590 596 797 
1004 1004 
74 98 98 98 208 998 998 998 998 
991 991 
298 366 
335 475 642 642 812 914 
572 
78 78 78 279 293 580 580 681 681 823 
210 215 861 
727 727 812 
280 455 804 805 954 
894 
724 724 
178 301 301 1018 1018 1018 
922 
168 168 487 

1013 
218 438 612 612 
623 660 660 
322 467 503 503 
127 
147 370 465 
532 532 532 
119 162 252 266 277 277 
703 780 886 
466 487 667 667 667 1006 1006 
901 901 
362 362 362 
655 655 655 827 
372 476 
229 327 494 714 1002 
229 443 


627 
37 954 954 954 
776 776 
988 
311 311 660 660 
350 350 684 934 
101 101 422 434 488 488 506 768 954 
34 84 837 1014 1014 
162 162 439 439 559 892 1017 
281 520 
312 825 825 
566 
502 763 763 
366 502 659 762 762 
175 175 430 430 493 
229 229 
42 
264 264 396 396 433 433 526 625 
434 756 

369 
116 

275 502 674 674 

109 576 
67 191 229 229 636 752 752 
108 326 366 458 607 607 
139 193 390 805 
637 
123 123 175 175 229 229 229 356 427 471 483 507 695 703 703 740 840 840 840 886 886 943 969 
257 
548 548 956 
192 
712 
288 

232 232 684 684 892 892 892 
248 390 390 397 
530 
90 90 90 366 497 497 497 641 641 
204 258 651 673 673 694 870 

675 675 677 
196 242 242 
548 548 1001 
182 229 696 696 936 936 
162 490 490 715 
82 82 178 178 178 178 
170 262 1017 
53 53 284 876 876 
360 547 601 682 
296 296 475 697 
24 312 825 
725 
390 601 660 660 725 778 878 878 893 945 954 
291 294 810 810 
175 832 
539 
496 496 
75 255 255 337 337 351 351 382 548 552 626 626 658 806 806 956 956 
73 268 321 
315 315 315 315 720 724 
352 922 

467 467 
147 147 397 936 
73 73 523 523 
489 489 489 942 
79 378 378 398 398 398 598 611 611 866 
72 72 217 434 434 516 567 567 567 
966 

279 279 399 399 722 
416 963 963 
13 760 760 803 
81 81 604 605 605 853 853 1006 1006 
176 176 323 744 
48 
205 954 954 
987 987 
142 181 638 911 959 
2 175 666 666 666 807 
126 935 
234 
429 429 548 548 1001 1001 1001 
502 502 685 685 
757 
428 954 954 
646 
780 780 780 
413 675 906 906 
954 
861 
526 625 945 
231 712 
122 189 903 
249 249 
1005 1013 
653 
201 201 268 268 905 
1002 
400 400 
433 826 826 
174 174 174 427 427 
139 139 194 277 543 958 
136 
396 396 396 
183 277 903 
131 528 528 889 
172 172 298 
557 557 723 843 
487 
85 123 168 168 
229 323 669 669 
213 
79 819 
189 189 189 189 577 1008 
414 414 414 903 903 
949 949 949 
628 628 791 
323 323 
292 982 982 
132 
243 243 515 515 515 900 900 
460 460 575 703 886 886 
53 53 282 282 324 324 324 800 800 
435 435 
322 322 395 805 805 
23 23 23 54 74 308 428 1005 1005 
229 611 611 670 670 996 996 
473 473 902 
907 907 954 954 
660 660 678 
417 
229 
27 229 229 575 575 653 740 780 780 875 875 
63 250 250 
467 
366 366 480 480 480 484 484 859 950 950 
66 66 438 
98 229 234 
301 758 787 787 787 
150 805 
726 

90 300 300 

265 486 1022 1022 1022 
107 
269 269 269 277 465 465 874 874 
286 286 561 661 742 742 
90 277 277 366 607 607 633 881 908 908 
49 59 162 162 189 253 277 277 277 411 550 846 858 868 868 
108 
850 966 
229 675 675 841 841 
240 645 645 882 882 954 954 
331 331 902 902 


140 140 140 140 181 181 831 
958 958 
615 615 615 660 
296 380 720 
59 59 172 564 


73 345 
103 103 660 
203 296 296 709 
288 288 956 
44 238 238 311 366 502 502 502 545 559 562 562 596 660 660 660 712 729 813 968 978 978 978 
125 
226 338 338 338 388 1002 

28 28 273 302 465 542 590 590 
436 436 527 527 527 
236 935 
298 298 298 298 298 
413 
569 

100 
50 116 116 116 476 476 476 755 
97 833 928 1002 1002 1006 1008 
53 336 796 796 816 
37 37 137 428 574 684 684 1023 1023 1023 
212 660 
699 699 

277 963 
818 
10 780 
114 114 114 976 980 
805 844 
364 413 413 
129 498 557 
51 51 51 51 
34 229 229 401 461 869 869 869 1013 
26 366 366 414 414 582 889 889 
229 
292 954 

16 16 30 37 40 40 55 74 74 80 82 107 146 146 147 157 157 159 171 171 186 192 193 196 205 209 213 218 250 250 277 284 305 310 318 318 341 341 354 366 367 370 391 403 403 422 433 434 449 449 452 452 486 491 491 494 497 497 526 529 530 548 548 577 582 589 602 602 681 683 683 683 684 704 704 704 713 725 751 751 751 756 805 829 829 838 838 842 882 882 907 907 952 963 1002 1002 1006 
436 436 491 627 
76 76 288 552 782 810 810 921 
277 277 459 476 476 
482 855 912 912 
142 262 262 470 496 563 624 624 831 

515 

100 366 366 372 824 824 941 954 
308 551 551 
647 647 
237 292 821 905 
711 
21 21 922 
175 508 780 
976 
478 
550 550 

96 
427 427 474 615 1012 1012 
366 944 970 
43 
223 223 223 223 472 472 472 545 566 922 922 922 
584 584 
114 366 366 944 
366 399 399 399 627 711 
493 616 663 663 687 872 872 
351 351 
98 502 
58 115 

218 229 229 281 830 830 
375 375 381 385 753 
156 665 
411 
267 718 718 
5 5 331 597 675 675 675 675 
354 354 1007 
6 281 281 281 281 
12 12 46 123 123 435 603 603 
880 880 

32 202 229 544 717 717 717 717 
169 366 366 399 412 412 
493 588 588 1013 
795 835 835 835 
1 426 426 431 568 648 648 746 851 924 935 935 954 954 1006 1006 

123 193 193 437 437 716 716 
23 110 110 848 879 879 
138 327 419 459 459 487 487 487 604 714 714 741 741 826 826 935 954 1002 1002 1008 1009 
354 366 415 993 
315 867 935 1006 
604 1006 
58 92 479 479 479 
254 
427 975 975 
229 229 229 732 848 949 1000 
645 757 757 
432 
383 
73 73 73 80 80 170 170 262 262 366 412 514 539 539 539 688 688 758 799 
277 277 728 728 728 
258 
608 

265 898 898 898 
127 127 402 477 516 937 937 937 
