nodes: 512 edges: 971

3 3 225 225 
111 153 182 182 182 183 340 356 
1 1 76 76 76 271 408 408 
454 454 
48 50 50 86 86 86 184 184 198 225 273 279 279 408 408 441 441 475 508 

233 266 271 271 
99 196 224 313 313 350 
271 304 304 
476 
356 356 385 
202 355 
47 47 

150 335 444 
426 426 
455 




32 108 389 389 414 414 
290 480 
76 478 
408 
271 271 408 408 
76 76 346 346 
183 183 
56 
180 180 412 
105 172 184 184 184 315 354 
22 41 41 184 
254 

309 309 314 314 314 439 

303 406 

62 62 159 166 166 231 267 267 267 302 330 330 477 
192 236 236 401 401 401 
32 32 85 99 151 184 324 445 450 450 457 
323 
362 
86 137 
76 162 413 413 
64 145 145 381 381 381 381 
13 13 76 76 76 106 346 459 
5 
236 
5 5 76 400 400 
338 338 490 498 
292 345 
225 

93 195 195 236 236 236 414 414 
29 191 304 388 446 446 446 474 
415 
294 294 397 
444 444 
104 104 
329 
39 39 206 206 241 241 250 250 250 330 330 430 430 
463 
46 381 
362 362 483 
141 
310 310 347 
169 169 296 296 371 
236 
184 184 246 246 246 388 388 388 
253 253 253 253 
358 358 466 466 
94 194 194 315 405 
193 193 
383 
3 3 3 24 27 27 45 47 47 47 50 78 109 184 184 184 186 196 196 208 208 229 242 270 270 292 328 346 346 354 361 413 413 413 456 

76 
236 236 236 310 310 310 310 
214 214 214 
184 184 184 248 248 248 261 389 389 389 495 
121 121 121 142 142 495 
236 237 321 321 
85 312 
41 84 312 312 
5 5 5 44 211 386 508 
306 306 370 
441 
200 358 358 

360 360 
413 
55 414 
73 315 402 
165 
328 
290 290 290 
121 198 198 198 198 441 
8 41 156 156 445 
197 476 476 
195 221 221 267 450 450 
136 136 136 
213 379 425 
60 60 237 237 
31 106 190 
47 105 190 229 229 229 286 

22 
76 199 250 442 
139 139 176 288 401 
2 182 269 455 455 
184 324 324 409 
184 426 426 
301 367 367 
389 
184 
125 125 184 184 184 236 236 236 293 293 
364 
122 413 413 
486 489 
82 82 82 98 
119 
428 
219 
117 117 136 136 455 455 
185 473 

448 
236 415 415 415 446 446 

454 454 454 
168 

389 443 443 

102 102 102 125 125 455 455 
44 241 386 
345 345 
110 110 271 271 271 
220 220 324 
66 358 
82 82 414 
217 

46 46 154 154 
379 379 379 

191 
250 
15 408 437 437 
41 257 257 257 257 395 395 
287 292 467 
2 
145 145 
413 453 453 
99 99 445 
276 
271 
39 188 227 231 231 305 330 330 330 428 433 433 469 477 482 510 511 
312 312 498 
382 382 439 
45 451 451 451 

236 
95 383 383 383 415 
39 39 477 
220 220 413 
132 
68 68 233 233 233 296 296 
247 247 

31 
344 397 397 
222 222 335 376 
298 298 407 413 
110 371 
283 300 415 
183 

30 30 437 

2 2 2 111 220 317 317 404 413 413 438 444 444 455 455 455 
2 28 28 178 
5 5 31 31 31 32 41 70 70 76 76 76 81 81 81 112 113 116 117 117 117 213 213 221 221 236 246 258 267 267 284 289 291 292 292 324 338 345 345 355 355 396 396 415 415 415 451 456 
126 
76 245 245 

159 477 

105 106 372 
56 148 267 285 304 446 
40 198 236 236 508 508 508 
74 74 270 270 270 286 332 358 362 413 413 
73 73 
55 55 101 236 249 249 282 471 
8 76 76 224 290 290 413 413 413 422 422 
100 496 496 
5 98 98 98 98 192 508 508 
109 
89 
232 232 232 236 236 415 
12 355 355 
271 
267 268 268 285 

62 62 405 
337 337 
76 76 
215 
244 244 
86 432 432 432 
233 
103 184 184 261 
80 80 80 314 
209 467 467 

143 

124 232 274 402 402 430 430 430 454 454 
140 140 167 167 182 316 316 378 378 378 378 413 
101 101 184 184 
174 174 286 314 413 413 502 

8 196 
1 1 5 53 375 375 377 400 400 400 441 
292 292 
159 257 305 392 
245 
76 106 106 106 295 295 
275 303 422 460 460 
39 159 159 
201 201 201 219 454 
7 169 169 169 212 271 310 374 374 375 505 
503 

40 40 49 55 55 55 69 79 79 79 83 117 117 117 129 164 184 192 192 195 201 201 267 267 268 283 344 351 354 354 356 356 401 415 432 438 438 447 447 487 487 
83 104 104 
505 

476 
62 62 137 287 405 405 405 405 
76 416 
311 413 413 494 494 
210 210 325 
186 186 228 478 
70 70 70 184 
170 170 288 368 401 
81 81 81 265 265 265 408 505 
195 195 
62 62 62 109 149 336 374 374 442 442 
286 286 

71 71 71 71 
33 283 350 

260 273 
151 151 151 151 227 305 305 
184 409 409 
338 377 458 482 
256 
81 213 
292 364 

334 385 385 385 
248 248 248 348 
7 391 391 
39 39 39 101 184 184 191 204 236 236 356 471 
204 204 236 278 450 450 450 
111 
76 76 193 193 193 328 328 
3 7 7 9 26 26 139 139 139 158 203 233 282 282 339 354 374 374 374 375 401 401 408 412 427 442 442 

5 256 354 381 472 475 475 
219 
230 
157 
343 343 
268 
5 5 496 496 
308 308 467 
298 356 
195 271 271 374 427 
177 236 254 351 351 415 415 415 
184 
191 204 
106 193 222 251 251 413 
152 241 
110 247 447 447 
184 394 495 
23 97 97 97 196 196 
184 426 
52 76 152 184 184 226 226 262 364 364 364 
117 117 408 408 436 450 462 462 
58 58 437 437 
229 229 309 309 
68 68 169 169 
327 327 327 
175 175 281 
360 413 
177 
114 
39 385 485 
37 230 
9 9 56 191 
159 227 257 257 343 
87 87 408 408 
354 465 465 
280 280 467 467 
35 35 295 295 358 358 
67 67 79 79 79 79 233 364 364 
243 
84 85 85 160 160 
8 8 
35 35 35 214 222 319 341 354 354 354 384 413 413 413 429 449 455 455 481 481 483 483 
31 73 94 336 
220 220 
182 182 413 494 494 
413 
314 354 354 

83 83 323 
465 465 
42 321 
41 112 112 140 184 
244 358 358 384 424 424 444 444 444 
358 358 413 413 413 413 
297 297 297 
76 96 270 270 
61 
39 39 62 62 159 159 159 369 

193 407 413 413 420 420 

264 413 
15 174 413 413 
250 315 486 486 
207 207 
51 51 184 259 415 
271 381 391 408 452 468 
2 
314 

277 277 305 
173 236 447 
52 138 138 184 184 
27 27 47 76 76 444 444 444 444 444 459 
67 421 506 
265 
473 
8 254 
236 283 283 
402 

31 76 236 236 271 273 307 314 314 314 319 319 396 396 396 450 450 462 502 508 508 508 
12 184 184 202 202 
2 11 11 236 236 267 281 
431 496 
72 72 89 89 141 193 309 309 325 325 326 326 413 413 413 466 466 

91 91 299 
76 
43 65 65 193 
444 
118 262 292 292 292 310 310 467 
416 
490 
114 114 
247 
330 
87 
68 176 
190 

233 233 250 250 271 271 271 282 408 408 417 421 421 421 442 442 
225 225 233 271 
174 445 
225 259 
220 220 220 220 
103 146 146 146 

46 46 46 46 64 273 339 395 408 
161 161 500 
75 165 165 165 415 415 432 463 
314 325 
11 264 264 264 302 413 
86 137 

56 70 70 70 423 
22 22 81 81 81 115 134 497 
391 391 400 400 
266 266 339 390 390 
227 482 
441 
289 
151 151 381 
184 184 354 354 354 
58 173 173 

418 418 
50 50 225 225 225 390 390 
40 40 40 110 236 247 271 271 
94 219 219 352 428 428 

182 
73 206 241 241 241 241 425 425 425 
37 
175 332 
3 3 5 5 25 26 26 150 248 271 293 293 306 306 339 374 374 381 470 
112 258 258 484 484 


30 271 
45 45 76 76 76 92 119 119 155 167 175 182 182 193 193 196 196 196 220 222 222 243 243 286 299 314 314 314 317 318 326 326 326 326 332 332 334 335 335 358 358 358 385 439 439 455 455 455 494 500 
22 22 55 55 93 142 
57 129 129 129 165 177 184 184 184 201 236 283 283 283 338 383 383 432 432 
242 365 
374 
399 399 

332 332 
347 374 374 374 
196 196 230 
388 
325 325 
103 405 405 405 
16 16 113 113 291 
271 282 
123 159 402 402 468 468 468 
314 
62 62 219 219 219 
357 
211 211 211 236 383 415 415 
159 159 

449 
293 
150 150 180 294 294 
182 236 236 
35 161 413 413 

5 5 88 98 225 393 
109 250 250 271 271 374 374 
134 134 
15 59 59 182 182 325 325 325 346 346 346 346 346 363 459 459 
41 99 156 376 
56 56 56 129 129 191 
236 236 288 288 344 
128 
314 435 
41 41 101 101 268 268 268 293 354 354 
162 162 162 184 
339 
155 155 
4 4 131 131 131 219 219 232 
17 111 111 125 125 136 136 182 182 182 314 314 413 413 413 
76 184 478 478 478 
41 
259 
47 346 444 444 
230 230 

293 293 354 
63 383 

307 307 322 322 
72 72 358 358 
152 215 215 280 308 308 364 
339 428 428 428 
159 477 
408 
195 267 
273 475 
126 349 491 491 
56 
5 273 273 472 
10 100 100 240 
39 159 166 188 469 
24 245 456 456 456 

23 
314 314 
159 259 392 
65 314 314 
409 409 
302 
120 336 336 
236 236 

120 
51 366 
473 473 


243 243 317 317 413 
81 82 289 
197 197 279 279 357 
389 
51 160 

382 413 

222 354 
234 

233 238 248 
347 

5 86 192 192 192 198 198 354 354 354 

159 
159 
