nodes: 512 edges: 950
406 
3 3 225 225 441 
91 91 111 111 182 182 183 183 340 356 
1 1 54 76 408 408 408 493 
454 
50 86 86 86 86 184 184 198 225 225 255 273 279 279 354 354 400 400 408 408 408 443 443 
404 
233 266 271 
196 224 313 350 350 
271 304 
476 
385 
202 355 
47 329 
117 267 
150 182 182 335 
426 
86 

104 
428 
31 491 
32 108 108 436 461 
480 
144 
424 
271 
76 346 346 346 
153 178 183 
56 
180 180 483 
21 172 184 354 
22 41 41 184 


210 210 309 314 314 439 439 494 
106 409 
406 
358 358 
62 159 163 267 267 330 402 402 405 
192 236 236 236 401 
32 32 99 99 137 151 184 184 324 354 354 445 457 492 

362 
86 111 111 111 
76 162 413 413 413 439 
145 145 339 339 381 395 
13 76 346 459 459 
239 239 239 

5 76 361 400 
222 338 490 
345 
225 
3 299 
93 195 195 236 290 414 
29 236 285 285 304 388 446 474 487 487 
415 415 
294 
444 
104 236 
81 81 329 359 359 
39 241 250 250 250 
463 463 

193 193 362 362 483 483 
141 289 
281 347 
179 
236 344 
184 184 409 
253 330 
325 325 466 
184 184 184 194 194 194 315 405 405 
193 
383 383 
3 27 45 47 50 107 109 184 184 196 196 199 228 229 242 242 242 270 270 270 292 322 328 346 346 353 354 360 361 413 413 413 456 501 
196 

236 
214 214 
61 61 184 184 223 248 248 389 389 394 
121 121 142 143 329 329 389 389 495 
236 237 321 321 321 
85 
84 160 160 312 
5 5 5 5 17 44 508 508 
306 370 
167 504 
358 

2 2 360 360 360 360 
182 182 413 
55 414 414 
315 402 
147 147 165 165 418 418 
304 328 328 483 483 483 
290 290 293 293 293 
121 198 198 420 441 
41 41 156 354 445 
197 476 476 
212 320 450 450 450 
117 136 136 136 190 216 
189 379 425 
19 60 237 237 471 
106 184 184 213 445 
36 105 229 229 286 286 286 346 346 
76 
22 22 115 
76 199 
139 176 288 
2 2 44 44 44 455 455 

246 246 426 426 426 
301 367 367 
108 389 389 
184 206 
14 102 125 125 135 136 184 236 236 293 293 293 
364 
413 
486 489 
82 82 98 

428 428 
219 387 387 454 
117 117 
185 185 185 473 473 

413 
236 415 415 
389 

413 

354 380 389 443 443 
117 177 
102 102 102 117 455 455 455 
41 
184 345 
110 271 271 381 395 395 395 
220 220 
66 358 413 503 
82 
82 170 217 217 
24 
46 46 288 
379 
95 95 
191 191 

15 408 437 437 437 
41 257 257 354 354 395 
467 
28 325 325 
374 374 374 
413 453 453 453 
99 445 450 
233 233 276 
271 271 
39 227 227 305 305 330 428 428 510 
85 85 272 312 312 498 498 
382 
45 312 312 451 451 451 
39 

95 95 415 
477 
88 220 413 413 
376 376 376 376 
296 
143 247 247 247 
290 290 
31 
344 397 397 
222 376 376 
298 407 407 
110 371 497 
135 283 283 415 
28 
68 
30 30 
367 
2 2 15 15 92 92 220 220 299 299 317 317 363 363 404 404 413 413 413 438 438 444 444 455 455 499 499 
2 2 28 
5 5 31 32 41 41 70 70 73 73 73 76 76 81 81 105 105 116 117 138 213 236 236 258 267 284 284 289 289 338 338 345 345 396 415 415 426 490 490 
126 126 126 
245 322 440 440 
413 455 

103 
102 334 
148 148 267 285 304 
40 310 421 508 508 
65 65 74 270 270 358 362 362 413 413 500 500 500 
73 73 73 
55 55 236 249 267 267 267 471 
8 76 76 77 350 413 413 413 422 422 422 
100 
5 98 98 386 
76 109 

232 236 415 
12 405 

267 

116 293 405 
337 337 478 
355 
215 270 328 
35 35 244 
432 432 
101 310 375 
105 184 261 
80 80 215 314 314 
209 214 314 467 467 
102 
143 143 

124 274 430 430 454 
140 140 167 182 182 316 316 378 378 413 

51 174 314 314 314 413 413 502 
81 261 
8 
1 1 5 5 53 259 375 377 393 400 
292 
159 159 257 305 477 
76 
76 106 106 295 
236 303 415 415 422 460 460 

201 
7 157 157 271 310 374 505 505 
503 

40 40 40 55 56 60 69 79 83 117 117 129 184 184 195 201 230 237 267 267 344 351 354 354 415 415 432 438 447 460 487 
83 104 104 236 
272 
48 48 48 405 405 
282 476 476 496 
62 405 405 
76 76 76 416 416 
311 311 413 424 494 
210 
186 
113 113 
170 170 170 266 288 368 401 
81 81 408 505 505 
195 
62 62 62 336 336 374 417 442 
413 

71 
350 
5 
273 273 
151 151 227 305 
184 
225 377 458 458 482 
354 354 494 
213 223 329 329 
271 292 292 364 

385 385 
496 496 
7 247 271 
14 39 39 184 191 195 195 195 204 236 236 268 268 356 471 
267 267 450 
415 415 415 
76 76 76 193 193 209 328 328 361 361 
7 9 26 139 139 158 158 233 262 266 282 287 287 297 339 354 354 374 374 375 395 408 412 427 442 453 465 
160 238 
5 256 256 381 472 
219 428 

157 319 505 
343 343 343 

5 5 
308 467 
67 298 347 
240 271 427 
177 177 351 351 415 
184 184 
56 56 191 
106 106 106 413 413 
271 271 
110 145 247 447 447 447 
66 184 184 394 491 495 
55 97 97 171 171 
426 426 
76 226 262 262 
97 97 97 117 117 117 206 408 436 436 450 462 462 
58 397 397 408 408 437 437 
229 309 
169 425 
271 327 408 
175 281 347 
54 182 182 413 413 

114 339 
485 485 485 
230 415 
9 56 96 191 
159 159 227 257 343 392 392 
87 370 370 
354 465 
280 467 467 
35 295 400 
192 212 233 364 
243 243 
85 160 160 162 162 
8 
35 35 214 214 215 222 222 222 319 319 354 354 354 398 413 413 418 418 449 455 455 455 481 483 483 483 
73 94 336 336 
220 220 
182 182 413 413 494 

276 314 314 354 
101 
83 83 83 323 359 
76 186 465 465 465 
321 
41 
72 72 153 153 358 384 424 424 503 503 

297 
76 96 96 209 270 270 
13 61 82 82 261 261 
39 71 159 

413 413 

190 413 413 
15 
250 250 315 315 486 
207 207 
51 184 184 415 415 
46 46 271 301 381 381 391 427 427 452 
2 
505 

277 277 277 305 392 392 
69 173 236 447 
52 138 184 184 
27 27 27 47 76 76 106 106 444 444 
67 281 298 421 

473 
8 8 196 254 
236 283 283 383 383 

76 365 456 
5 5 31 41 41 76 99 134 151 151 236 236 260 260 271 271 307 314 314 314 319 396 396 396 490 490 508 
12 208 
2 267 
431 431 496 
38 38 89 141 193 325 413 413 503 503 
61 61 321 
76 91 91 91 91 
50 76 270 270 
43 65 65 193 193 
182 182 
118 262 310 
353 415 432 

114 114 181 496 496 
247 

87 306 306 
176 


154 154 154 233 250 271 271 408 421 421 442 
212 225 271 
168 168 168 168 174 174 445 
225 259 
220 220 
103 146 
134 
46 139 273 339 339 405 408 
161 500 
75 75 351 351 415 463 
325 
11 264 264 
198 
124 124 
56 487 
81 81 82 82 115 115 130 134 
391 400 
339 390 
305 305 343 343 
225 441 441 
81 289 
46 139 139 139 151 271 
184 354 354 354 
173 173 294 294 
314 
418 
5 5 50 225 309 390 
40 247 
39 39 94 428 
427 
6 182 182 
39 73 73 202 206 239 239 241 241 381 
0 37 
175 175 413 
3 3 3 5 5 5 150 248 271 293 294 294 297 374 381 470 
36 70 484 


271 
45 45 45 76 76 76 92 119 128 132 141 155 167 167 182 182 182 187 193 193 196 196 196 220 222 222 243 251 286 286 299 299 314 314 317 317 332 332 334 334 358 358 407 439 455 455 494 500 500 
55 93 93 
57 57 129 129 165 177 184 184 201 230 230 236 236 269 269 269 283 303 338 338 365 383 432 463 
242 242 423 
250 
95 95 314 314 399 

98 
192 347 374 374 
196 196 196 230 
416 
25 243 325 325 
103 296 
16 113 113 113 184 291 291 
271 282 339 339 403 
20 123 123 159 159 274 402 468 468 468 

219 219 
357 357 496 496 
211 211 236 365 415 460 


449 
22 293 293 
150 150 150 294 294 
182 182 236 
35 35 45 413 
186 186 
1 98 393 393 
250 271 374 
5 5 134 134 
59 182 182 346 346 459 
41 99 105 156 376 
56 
236 288 288 288 344 

314 435 467 467 
101 101 101 156 268 293 462 462 
162 162 162 
339 464 
155 155 155 271 
4 124 219 
111 111 136 136 136 182 182 187 314 314 314 413 413 
76 353 478 
41 
259 259 
47 47 444 
230 230 236 432 
22 
293 293 450 450 
63 63 383 415 
452 
271 307 322 322 322 
72 
152 215 215 280 308 308 449 449 
428 428 428 
511 
408 
104 195 267 
273 
126 126 349 491 491 491 
56 

10 100 100 240 240 496 
166 227 
207 456 

23 
314 
259 
30 65 65 96 96 96 314 314 314 
409 
302 302 302 
120 336 
56 56 236 388 

120 
51 184 184 354 354 
21 289 473 473 473 
41 
3 
35 243 260 317 413 
82 289 
240 265 265 357 367 367 431 431 476 
176 
160 160 
182 182 
193 193 193 382 413 413 
76 
222 
141 234 325 325 358 358 
88 
233 233 248 248 276 341 


86 86 192 192 354 

159 
469 
