nodes: 512 edges: 1582
64 
3 3 3 3 3 225 225 225 225 225 
91 91 91 111 153 153 153 182 182 182 183 183 340 356 
1 1 1 1 1 76 76 218 271 271 408 408 493 493 
454 454 454 
50 50 86 86 184 198 198 225 225 255 273 273 279 354 354 400 400 408 408 408 441 443 443 504 508 508 
404 404 
233 233 266 266 266 266 266 271 271 
196 196 224 313 313 313 350 350 
271 271 271 304 304 304 304 
476 476 
356 356 356 
184 184 184 202 355 355 
47 47 47 47 329 459 459 
76 117 117 136 
182 335 335 335 335 475 
426 
390 390 390 455 

104 104 104 
428 
31 31 
108 108 115 331 331 389 389 414 436 436 461 461 
480 
76 76 144 144 478 
408 408 
271 271 271 271 408 408 408 

178 178 183 183 
56 
180 412 
21 21 105 105 105 184 354 354 
41 492 
67 192 
144 
210 210 210 309 309 314 314 314 439 494 494 494 
106 409 
303 406 406 415 

159 159 166 219 219 231 267 267 302 330 330 330 402 402 402 402 405 405 405 477 
192 236 236 236 249 401 401 401 401 
32 99 99 184 184 324 324 324 354 354 354 399 445 450 450 492 
323 323 323 323 

111 111 111 137 
76 76 162 162 162 413 413 413 
64 145 145 145 145 339 381 381 395 427 
13 13 13 13 346 346 459 459 459 
239 239 239 239 239 
236 
5 5 76 76 361 361 
222 338 338 338 338 
184 292 345 345 
225 225 
299 299 340 501 
195 236 236 414 414 414 
29 70 191 236 236 236 285 285 304 304 388 388 446 446 446 474 474 487 487 
415 
294 397 397 397 
444 444 
236 278 278 278 
329 359 359 359 359 
206 206 241 241 250 250 250 250 330 
102 415 463 
0 46 303 381 381 465 
362 362 362 483 

33 281 281 281 310 347 
179 296 371 371 371 
236 236 
56 184 388 388 388 388 409 409 409 
253 
325 358 466 466 
94 94 184 184 184 194 194 194 405 405 405 405 
193 193 193 193 
383 
3 3 14 24 24 45 45 50 50 107 109 109 184 184 186 186 199 199 199 207 208 228 228 229 229 229 229 245 245 270 270 270 292 292 322 322 328 328 346 346 353 354 354 354 360 361 413 413 440 509 509 509 
196 

192 236 310 310 310 
214 214 214 
184 223 248 248 248 261 394 495 495 495 
121 142 142 143 329 329 389 495 
237 237 321 321 
85 85 85 85 312 312 
84 84 84 84 312 312 
5 5 211 386 508 508 
306 306 370 370 408 
441 504 504 
358 358 
326 
2 2 2 360 360 
182 182 182 413 413 413 
414 
73 73 315 402 402 402 
147 147 147 165 165 165 418 
328 328 328 483 483 483 
290 290 290 293 293 362 
121 121 121 121 198 198 198 
41 41 156 156 156 156 354 445 
197 265 476 
140 140 212 221 221 221 267 267 267 450 450 471 471 471 
63 117 117 216 
146 146 146 189 213 379 379 
19 19 19 138 138 184 237 237 237 471 
31 31 31 106 106 184 190 216 445 
36 105 105 190 190 190 190 229 229 229 286 286 286 346 346 346 372 
76 
22 22 115 115 414 
76 76 250 250 442 442 442 442 442 
139 139 139 139 288 288 288 401 
2 44 44 44 455 455 455 
184 184 324 324 324 324 409 409 409 
184 184 202 246 246 426 
367 
22 108 108 
184 415 415 415 
14 14 102 102 125 135 136 136 184 184 236 293 293 293 
364 364 364 
222 222 413 413 413 
486 489 
82 98 98 98 98 

428 428 428 428 428 
219 219 219 219 387 387 
117 136 136 455 455 455 
185 185 473 473 473 
480 480 480 
413 
191 236 236 415 446 446 446 
389 389 
454 
151 168 413 413 413 413 
381 
354 354 380 380 389 443 443 
117 177 177 177 236 
14 117 117 125 125 455 455 
44 386 
104 104 345 
110 110 110 110 271 271 381 395 395 395 395 
101 101 220 220 
358 413 413 503 
82 82 414 
82 
24 24 34 228 228 282 282 
46 46 46 46 154 154 154 154 154 339 
103 103 103 379 379 
95 95 95 344 
191 
250 250 250 417 417 
248 248 437 437 437 437 
132 257 257 257 354 354 395 395 395 395 
287 467 467 467 
2 2 2 325 
145 145 145 145 145 374 374 
413 453 453 453 
99 99 99 99 445 445 445 445 450 450 
233 233 233 276 276 310 
194 408 408 
39 39 188 188 188 227 305 305 305 330 330 428 433 469 469 477 510 510 511 
272 272 312 312 498 
382 382 382 439 439 500 
45 45 45 251 291 322 451 451 451 

274 
95 95 95 415 
39 
183 220 
132 376 376 376 376 
233 296 296 
247 247 247 
290 290 290 

397 397 397 397 
222 222 222 335 335 376 376 413 413 
298 298 298 407 407 413 413 
371 371 371 
135 135 135 283 300 300 415 415 415 
28 28 183 
68 371 371 
30 
367 367 
2 2 2 15 92 92 92 299 316 317 317 317 413 438 438 444 444 444 455 455 455 499 499 499 
2 2 28 28 167 178 
5 12 12 12 31 41 41 52 70 73 73 73 76 76 81 104 105 112 112 113 113 116 117 117 221 221 236 236 246 267 279 284 289 289 291 291 291 292 292 324 324 345 345 355 355 396 396 396 415 415 415 426 456 456 
126 126 389 491 491 
76 76 245 245 440 
193 
159 159 159 477 
103 
105 106 106 106 106 334 334 334 334 372 372 
56 129 148 268 268 285 285 304 304 446 
33 40 79 198 236 310 310 421 508 
74 74 74 74 187 270 270 270 270 286 286 286 358 358 479 479 
73 73 73 158 430 
55 236 236 249 249 249 267 282 282 282 282 
8 8 77 200 200 303 350 350 350 422 
100 496 496 496 
5 5 98 98 98 192 386 386 
76 76 76 207 
196 196 
232 232 232 236 236 415 
12 113 355 454 454 454 454 
271 271 
267 267 267 268 268 268 285 285 
305 
62 62 303 405 405 
76 199 245 478 478 
76 355 355 355 355 
215 270 328 
35 35 35 244 244 244 309 
86 432 432 432 460 
101 233 233 375 
103 261 261 472 
80 80 80 215 314 
209 214 314 314 467 467 
102 105 

3 297 
39 39 124 124 124 124 232 232 232 402 430 430 430 454 454 
140 140 167 316 316 378 378 413 413 
101 101 101 184 184 
51 119 119 174 174 174 286 314 314 376 413 413 413 502 
81 261 
8 313 313 350 
1 1 1 1 1 5 5 53 53 259 375 375 400 400 419 419 441 441 

159 257 257 257 305 305 305 392 477 
76 76 144 144 245 
76 76 76 76 106 106 106 295 
236 236 254 275 275 275 303 303 415 422 460 
39 
201 201 201 219 219 219 454 
7 7 157 157 157 169 212 212 271 271 296 310 310 374 374 374 375 375 505 505 
503 503 
487 487 
40 40 40 49 55 55 56 56 56 60 69 69 79 117 129 129 135 184 184 192 195 195 201 201 230 230 237 267 267 268 268 268 275 283 283 344 351 354 354 354 354 354 356 356 388 401 411 411 415 415 415 432 432 432 438 447 460 460 
83 83 104 104 104 236 
272 272 505 505 505 
48 48 48 48 48 405 
476 
62 62 287 405 405 405 
416 416 
311 413 413 413 494 494 
210 210 210 325 358 358 
76 76 186 186 207 228 478 
113 113 184 
170 170 170 288 288 288 401 
81 81 81 150 150 408 408 505 505 505 
40 195 195 195 
62 62 62 62 109 109 149 149 149 336 336 336 336 374 374 417 417 417 442 442 442 
162 286 286 286 413 413 413 

71 
230 350 350 
5 
260 273 273 354 354 
151 151 151 227 227 227 305 305 
409 
225 377 377 377 377 458 458 458 482 
256 354 354 354 494 
81 213 213 223 329 329 
292 
315 
334 334 334 385 385 385 385 
100 496 
7 7 7 7 7 271 391 391 
39 39 101 101 101 184 195 204 204 204 236 236 268 356 356 471 471 
191 191 204 204 204 236 236 236 267 278 450 450 450 450 
415 415 
76 76 76 193 193 193 193 209 328 361 
3 3 7 7 9 9 9 26 26 26 26 139 139 203 203 233 233 266 282 282 282 287 287 297 297 297 339 339 354 374 374 375 395 401 401 401 408 408 412 412 427 427 442 453 465 
160 160 238 238 
5 5 256 256 354 354 381 472 472 
164 
230 230 230 236 
157 157 370 505 
283 343 415 415 
60 60 60 268 399 
5 184 307 307 307 307 
308 308 308 467 467 467 
67 67 67 347 347 356 
144 144 195 195 195 195 271 271 271 374 374 374 427 427 
177 236 236 277 351 351 415 415 
184 302 
56 56 191 191 204 204 
106 106 106 193 193 193 222 251 251 251 413 413 413 
152 241 271 271 
110 110 110 247 247 247 447 
184 184 394 394 394 495 495 
97 97 97 171 171 171 
162 184 184 184 426 426 426 
52 76 76 184 184 262 364 
97 97 117 117 117 408 408 436 436 450 462 
58 397 397 408 437 437 437 
229 309 309 309 309 
68 169 169 233 
218 271 271 271 327 327 408 408 
175 175 175 347 347 
54 54 182 360 
177 177 
339 339 
39 284 385 485 485 485 
37 64 196 206 230 230 
9 9 9 9 56 56 191 191 
159 159 159 205 227 227 227 257 257 343 392 392 
87 87 370 370 370 
279 279 279 279 354 354 465 465 465 
280 280 280 467 
35 35 210 295 295 295 295 358 358 358 358 358 400 
67 79 79 79 157 192 192 233 233 364 364 364 364 
243 
84 84 85 85 160 160 
8 8 8 224 224 
35 35 35 214 215 215 222 222 319 319 341 349 354 384 398 413 413 413 429 429 434 449 449 455 455 455 467 481 481 481 483 489 494 
94 263 336 336 486 486 
182 220 220 
182 182 182 413 494 494 
413 
314 314 354 

83 83 323 323 359 359 359 359 
76 76 162 465 465 465 465 
42 42 42 42 321 321 
41 41 41 112 112 112 112 184 184 
72 153 244 358 358 384 424 444 503 503 
90 358 413 
297 297 
76 76 96 96 96 209 270 
13 61 82 82 261 261 
39 39 39 62 159 159 369 
22 22 
413 413 413 420 420 420 
413 
190 190 190 190 264 264 264 413 413 413 
15 15 15 15 174 174 
250 250 250 250 315 315 486 

51 51 51 51 
46 145 271 271 301 301 381 381 381 391 408 427 427 427 468 
2 54 
314 505 
405 
277 305 392 392 
147 236 447 447 
52 52 138 184 184 
47 47 76 76 106 106 106 444 444 444 444 444 459 
67 281 281 298 298 

314 473 473 473 481 
8 8 196 196 196 224 254 254 
236 283 283 383 
402 
76 456 
5 5 31 31 41 41 41 76 76 76 99 134 134 151 151 236 236 236 236 236 256 256 260 260 260 271 273 273 307 307 314 319 396 396 396 396 462 462 490 490 502 502 508 508 508 
12 12 184 184 202 208 208 208 208 
2 11 11 11 236 236 267 267 281 
431 431 496 
72 89 89 141 193 193 244 244 309 309 309 309 309 325 325 326 413 413 413 466 466 503 
61 61 61 61 321 321 321 321 
76 91 91 299 
50 50 76 270 
65 65 65 97 

118 118 118 292 310 310 310 310 467 
432 

114 181 181 496 

330 
87 87 276 306 306 306 
68 68 68 176 176 176 179 179 
106 190 190 

154 154 233 233 233 250 250 271 271 282 282 282 375 408 408 408 417 417 421 421 421 442 442 442 
212 225 225 233 233 271 374 
168 168 168 168 174 174 222 445 
259 259 259 259 458 
220 220 
103 103 146 146 
134 134 
46 46 64 64 133 139 273 339 339 339 395 395 395 405 408 408 
161 161 161 500 500 
75 351 415 432 432 432 463 
314 325 
264 264 264 264 302 413 
86 137 198 198 
124 124 
56 56 70 70 70 70 236 487 487 
22 22 82 130 130 134 185 497 
17 17 17 391 391 391 400 400 
266 266 339 390 390 390 
227 305 305 343 343 482 
441 441 
81 289 289 289 
46 139 139 139 139 151 151 151 151 271 381 381 381 
184 184 184 354 354 354 354 
58 58 58 173 173 173 173 294 294 
314 
41 278 418 418 418 
5 5 225 225 309 390 390 
40 40 40 40 110 236 247 271 271 271 
39 39 39 39 94 94 94 219 352 428 428 
427 
6 6 
39 39 39 73 73 73 73 206 206 239 241 241 241 342 381 425 425 425 509 
37 37 
175 175 413 413 413 413 
3 3 5 5 5 25 25 26 26 26 87 158 158 248 248 271 271 293 293 294 297 297 339 374 374 374 381 381 437 437 470 470 470 
36 70 70 70 112 112 112 258 484 484 484 484 

236 236 
30 271 271 
45 45 45 76 76 92 92 92 119 119 119 128 132 132 132 132 141 141 155 174 174 175 175 182 220 220 222 222 222 243 243 243 251 251 251 286 286 286 314 314 314 317 318 326 332 332 332 333 334 334 334 358 358 358 385 407 407 407 407 439 439 455 455 455 500 
22 55 55 55 93 108 142 
37 57 63 116 116 116 129 165 177 177 177 184 184 184 201 230 236 236 236 269 269 277 277 283 283 383 463 463 
242 242 
149 149 250 250 250 374 374 
95 399 399 399 
225 225 
332 332 332 441 441 
192 374 374 374 506 
196 230 

325 
405 405 405 
16 113 184 291 291 291 
46 271 271 282 282 339 339 339 403 
20 123 123 123 123 123 159 402 402 468 468 468 
314 314 
194 219 219 219 
357 357 496 
211 211 211 236 236 236 365 383 383 383 460 460 
159 
314 
449 449 449 
22 22 293 293 
150 150 150 150 294 294 294 408 408 
182 182 236 
35 161 161 413 413 
76 186 
5 88 225 225 393 393 420 420 
109 109 109 109 109 250 250 250 271 374 374 374 468 468 468 
5 5 134 134 
59 59 182 182 182 325 346 346 346 346 346 459 
41 99 105 156 156 156 156 376 
56 56 56 129 129 129 191 
236 288 344 344 

314 314 435 435 435 467 
41 41 101 101 156 156 268 268 268 268 293 462 462 462 
162 162 162 
464 464 464 
155 155 155 271 
4 4 4 131 202 202 202 202 219 219 232 
17 111 111 111 125 125 125 136 136 182 182 182 314 314 314 413 413 413 
184 184 353 478 478 

259 259 259 377 
13 13 47 47 47 346 444 
211 230 236 236 432 432 
22 22 
293 354 354 450 450 450 
63 383 415 415 
452 452 452 
64 271 307 307 307 322 322 322 322 
72 72 358 358 
152 152 152 215 215 280 280 280 308 314 364 449 
339 428 428 428 442 442 442 
159 159 511 511 
408 408 408 
101 101 101 104 267 267 
213 273 273 475 
126 126 126 349 349 349 
56 56 
15 472 
10 10 100 240 496 496 
39 159 188 227 
24 207 207 245 456 456 
193 193 
23 127 127 127 
314 314 314 349 
259 392 
65 96 96 96 314 
409 409 409 409 
302 302 302 
120 315 315 336 
56 56 235 235 388 388 

120 314 
354 354 
185 185 
32 41 
3 3 
35 35 35 243 243 260 314 317 317 
81 81 81 82 289 289 
197 197 197 265 357 367 431 476 476 
389 
160 
182 182 182 
161 382 382 413 
54 
222 354 354 
141 234 234 325 325 358 
5 88 88 
233 233 238 238 238 248 248 248 276 341 
421 

5 5 86 86 192 354 354 354 
76 76 76 405 
159 159 
159 469 469 
