nodes: 512 edges: 989

3 3 225 225 441 
91 91 111 153 153 153 182 182 182 183 340 
1 1 76 76 218 408 408 493 

86 184 184 198 198 225 225 279 279 354 354 354 400 408 408 408 408 408 443 508 508 508 
404 404 
233 233 
224 224 313 


385 
184 202 355 
459 459 
117 117 136 
150 182 335 335 444 444 
426 426 
455 455 

104 104 
414 428 428 
491 
32 32 32 331 389 436 436 461 
290 
76 363 
484 
408 408 
76 76 207 346 346 
153 178 183 
56 
483 483 
105 105 105 184 315 354 354 
22 22 22 41 41 41 41 
67 192 192 192 

309 314 314 314 314 439 439 494 
106 409 
415 
358 
62 159 163 163 166 267 267 302 302 402 405 405 405 
192 192 236 236 236 401 
32 32 32 32 85 99 99 137 151 151 160 160 184 324 354 354 354 445 450 450 492 
323 323 

111 137 137 
76 76 318 413 413 439 439 
145 339 339 381 464 
76 346 459 


361 400 
338 490 
184 184 292 345 

299 299 
195 195 236 414 414 
29 236 388 388 446 487 
415 


104 104 236 278 
81 329 359 359 
39 206 206 250 250 250 250 330 330 
463 463 

193 242 416 483 483 
289 
33 281 310 310 
296 371 
236 236 338 344 344 
184 246 246 409 
253 253 330 
358 358 466 
94 184 184 184 194 405 
193 193 193 
383 
3 3 24 27 27 45 45 47 107 109 184 184 186 196 196 199 207 228 229 242 242 245 270 270 270 292 346 346 346 353 353 354 413 413 413 423 423 440 440 501 509 509 
196 

236 236 310 310 310 310 
214 418 
61 184 223 261 261 389 389 495 495 
121 142 143 329 329 
236 236 237 
85 312 312 
41 84 312 312 312 348 377 
5 508 
108 306 370 370 
504 504 
358 
326 
2 2 360 
182 413 413 
414 414 
73 402 402 
147 418 418 
304 328 483 483 483 
290 290 
121 121 121 198 198 198 198 198 420 
41 41 354 
197 197 476 
140 195 212 267 267 267 267 378 450 450 471 471 
117 216 
146 379 379 425 
19 19 60 60 138 170 237 507 507 507 
31 31 31 106 184 190 190 213 476 
36 105 286 286 286 346 346 372 
76 
87 414 414 
76 199 250 250 442 442 442 
139 139 176 288 
2 44 182 
184 409 409 
184 184 202 246 246 323 426 

389 389 389 
184 206 415 
14 14 102 125 136 184 184 236 236 
364 
122 122 222 
486 489 
82 98 98 98 
119 119 222 222 
428 
219 387 387 
117 455 455 
473 
480 
413 448 
191 446 
389 

151 413 413 413 

354 389 443 443 
177 177 
14 117 455 
41 44 44 241 
104 345 345 
110 110 271 395 
101 220 
358 358 413 413 
82 
82 
228 228 228 282 
46 154 154 339 
103 379 379 
95 
191 
371 417 
15 248 408 437 437 
41 41 132 257 257 354 354 395 395 
287 292 467 
2 2 2 28 
145 145 374 
413 453 453 
445 445 

194 271 
39 188 231 305 433 482 511 
41 41 312 457 
382 382 
312 322 451 451 451 
39 39 
236 274 
329 415 
39 477 
413 413 
376 376 
233 296 
104 247 247 
290 480 

397 
222 376 413 413 
298 298 298 407 407 
110 288 371 371 497 
135 135 
28 183 
371 371 371 
222 437 
367 
2 2 2 15 92 111 220 299 299 299 316 317 363 404 413 413 413 438 438 444 444 444 455 455 455 499 
2 28 178 
5 5 12 31 41 52 52 70 73 73 73 76 76 81 105 112 113 113 116 117 117 213 213 221 236 246 267 279 284 291 292 324 338 345 415 415 426 456 490 
491 491 
76 440 

159 477 

105 105 334 
129 148 267 268 304 446 
33 33 33 40 40 310 310 310 
65 74 74 74 270 270 286 332 358 358 362 413 413 413 
73 158 430 
55 55 101 236 236 249 249 267 267 282 282 471 
76 76 77 200 290 290 413 422 
100 100 
5 5 98 98 98 98 98 386 386 508 
76 109 207 207 
196 
232 232 415 
12 113 454 454 
271 
268 285 
305 
62 62 116 
27 76 199 199 245 337 337 478 
355 355 
328 328 
244 244 309 

101 233 233 310 310 
105 184 184 261 261 
80 215 314 314 
214 
102 

3 297 408 
124 430 430 430 454 454 
140 182 316 316 378 
184 
119 122 122 174 180 286 376 502 
81 
8 8 313 350 
1 1 5 5 259 375 375 375 375 400 
292 292 
305 
76 144 144 144 
76 390 
303 303 415 422 
159 
201 201 
7 7 169 212 212 271 375 375 505 

487 487 
40 40 40 55 56 60 69 69 79 79 83 83 117 117 164 184 195 195 237 267 268 344 354 354 356 388 401 411 411 415 415 415 432 432 432 438 447 447 487 
83 104 236 
272 272 

496 
137 287 405 
65 76 76 416 
311 413 424 
210 210 325 
76 207 478 
70 70 113 113 184 
170 170 368 401 
150 408 408 505 
195 195 
62 62 62 62 109 109 374 442 442 442 
286 286 

71 71 
283 283 350 350 

273 273 
151 151 305 473 

225 377 458 458 
354 
81 81 213 213 
364 
315 
385 385 385 
496 496 
271 271 391 
39 39 101 101 101 101 184 191 195 195 236 268 356 356 471 
191 204 236 267 450 

76 76 76 193 193 
139 158 203 233 266 266 282 282 287 297 354 354 374 374 375 375 401 408 408 427 442 453 
238 238 505 
256 256 354 
164 

505 
343 343 
60 399 
5 5 184 307 307 
308 467 467 467 
67 
144 195 195 271 271 374 374 427 
254 254 351 351 415 
184 302 
204 
106 106 106 193 222 251 251 413 
152 241 271 
110 176 
66 394 394 456 491 495 495 495 
23 97 97 171 196 196 
184 
52 76 152 184 226 226 318 364 364 410 
408 408 408 436 436 
397 408 

68 169 425 425 
218 271 327 
175 175 175 
54 54 182 182 182 413 


39 39 284 385 485 485 
230 230 415 
96 191 
159 205 227 257 343 343 343 392 
87 370 408 
279 279 465 
280 467 
35 210 358 358 
67 67 79 79 79 79 192 192 192 212 212 364 
243 
84 84 85 85 85 160 162 
8 224 
35 35 35 35 214 214 319 319 349 354 354 384 413 413 413 429 449 455 455 481 481 481 483 483 494 
31 263 336 336 486 486 
182 220 220 
182 398 413 494 
45 292 413 
314 314 354 

359 421 
162 
42 42 113 359 
41 184 
244 358 384 424 424 444 444 
90 358 413 
297 453 
96 209 209 
61 82 82 165 
62 62 71 369 428 
22 
193 413 420 435 

190 413 
15 15 413 413 
315 315 
207 207 
51 69 184 415 
46 46 145 381 381 391 408 427 452 468 
2 
505 

277 277 305 305 305 392 392 
69 69 236 447 447 
52 138 138 184 
27 27 47 76 76 76 106 106 444 444 
506 506 
85 
314 481 
224 254 254 
283 283 383 383 

76 76 456 
5 5 5 31 31 41 41 41 76 99 134 151 151 236 236 260 271 271 273 314 314 319 396 450 462 490 502 
12 208 208 
236 267 267 

38 72 72 89 141 141 193 193 309 309 325 326 413 503 503 
61 61 321 323 
91 
50 
193 413 413 
24 182 
118 262 292 292 310 


181 496 
247 
330 
87 87 306 
68 149 176 176 179 179 179 
106 

154 250 271 271 282 282 408 421 421 421 421 421 442 
225 225 225 225 233 233 271 271 
168 168 174 222 
85 259 
101 220 
103 103 146 146 

46 339 339 405 408 
161 161 500 500 500 
75 351 351 415 432 432 463 
314 325 
11 264 264 264 302 
198 198 
124 124 
56 56 236 423 487 
22 81 81 115 115 115 130 134 
229 400 
266 339 
305 343 343 
441 441 441 
289 289 
139 151 151 
354 
173 294 
317 
278 
5 50 225 390 
40 236 247 271 
39 94 94 428 428 

6 6 182 
39 39 39 73 241 381 425 425 425 

175 175 
3 3 5 5 5 5 5 26 26 150 218 248 248 271 271 293 293 293 294 306 339 374 381 437 437 
36 70 112 112 484 
292 
236 236 

45 45 76 76 76 92 92 128 132 132 132 141 141 155 167 167 174 174 182 182 182 193 193 193 196 243 286 299 314 314 314 317 318 326 332 334 335 335 358 362 362 439 439 455 494 500 500 
20 55 55 93 93 108 108 
37 57 116 165 184 184 201 230 236 236 236 283 303 338 383 432 488 
65 242 
149 
80 95 95 

98 332 441 
321 374 374 374 374 374 
196 230 
76 76 388 
243 325 325 
103 296 296 405 405 405 
16 16 113 184 
271 282 339 
20 20 123 330 402 402 468 468 
314 
194 219 219 219 

236 236 236 383 383 415 460 460 
159 

332 
22 22 293 293 
150 150 180 408 408 
182 182 236 
35 35 45 45 413 413 
76 76 186 
1 393 393 393 420 
109 109 109 250 250 250 271 374 468 
5 134 134 
15 15 182 182 182 325 325 346 346 459 459 
41 156 156 
56 129 191 
236 236 344 344 
128 
314 467 467 
41 41 101 101 268 354 462 
162 162 162 
339 
155 155 271 327 
202 202 219 219 
17 17 125 125 136 182 182 182 314 314 413 
184 289 353 478 
160 
259 259 
13 13 47 444 444 
432 432 
22 
354 450 
63 63 383 
46 
307 
72 
152 280 280 280 308 449 449 
339 428 428 442 
511 511 

101 101 195 267 
475 
126 257 491 491 
487 487 
472 
100 105 496 
166 188 
207 245 456 

127 171 
314 314 314 349 
159 
30 30 65 65 96 96 96 314 314 
25 409 
302 302 
120 315 315 489 
56 235 235 236 388 474 474 
415 
120 486 
51 184 354 
21 185 185 289 473 473 
41 
3 
35 314 317 413 
81 81 289 289 289 
240 265 265 367 476 
176 

182 
382 382 382 413 413 
76 
222 354 
358 358 
88 88 
233 248 272 276 341 
347 347 
104 104 104 
5 5 5 86 198 
76 76 

159 469 469 
