nodes: 512 edges: 1581

3 3 3 441 441 
91 91 153 153 153 182 182 189 
1 1 1 76 76 76 271 271 408 408 408 408 493 493 
454 454 454 
34 48 50 50 50 86 184 184 184 225 225 225 255 255 255 273 273 279 354 400 408 408 408 441 443 475 475 508 
404 404 
233 233 271 271 
196 196 224 224 224 313 350 350 
271 271 271 304 304 304 417 
476 476 

202 355 
47 47 47 459 459 
64 76 117 117 267 
182 182 335 335 335 335 475 
426 426 426 
86 390 390 455 455 
236 
104 104 
428 
31 491 
108 108 108 389 389 414 436 436 461 461 497 497 
290 290 290 
144 144 144 363 
408 408 
271 408 408 408 
207 346 346 346 
178 183 183 
56 56 
180 412 483 483 
21 105 172 184 184 184 315 354 354 486 
41 41 184 184 492 
67 192 
5 
210 210 210 309 309 314 314 314 439 439 494 494 
106 106 
406 406 406 415 452 

62 62 159 163 163 231 267 267 302 402 402 405 
192 249 401 401 
32 32 99 99 151 151 184 184 184 324 324 324 354 445 450 450 450 492 
323 323 323 

111 111 111 111 
76 162 162 162 413 413 439 439 439 
145 145 145 145 339 339 381 381 395 427 
13 13 13 76 76 346 459 459 
5 239 239 379 

5 5 5 76 76 76 361 400 400 400 
222 338 338 338 338 338 490 
184 292 345 
225 
299 299 
414 414 
29 29 70 191 236 285 285 285 304 304 304 388 388 388 388 446 446 446 474 474 487 487 

173 294 
444 444 
236 
359 
39 39 206 206 206 206 206 241 241 241 250 250 250 250 330 
102 125 463 
14 303 381 
193 193 193 362 416 483 
141 141 
33 281 281 310 
169 169 179 296 371 
179 344 
56 246 246 388 388 388 388 409 409 409 409 
253 253 253 253 330 330 330 
358 358 466 466 466 
184 184 184 194 194 194 194 194 315 405 405 405 
193 193 413 413 

3 3 3 14 45 47 47 50 50 50 107 107 107 109 109 109 184 184 186 199 199 199 207 207 228 229 229 245 270 270 270 292 292 328 346 346 353 354 354 360 361 413 413 440 456 501 509 
379 
216 
192 236 236 310 310 
214 214 214 418 418 418 
184 184 184 223 223 223 248 248 261 394 394 495 495 
115 121 121 142 143 143 143 389 
237 237 321 321 321 
85 85 312 
84 84 160 160 312 312 348 377 
5 17 386 508 508 
306 306 306 370 370 408 
167 441 504 504 504 
200 358 
326 358 358 358 
2 2 360 360 360 360 
182 413 413 
414 414 414 414 414 
315 315 402 
147 147 165 165 418 
304 328 328 328 483 483 
290 293 293 293 293 362 
121 198 420 441 
41 41 156 156 156 156 354 354 
197 265 476 476 
140 195 221 221 267 267 267 267 378 450 450 450 450 471 471 
63 136 136 190 
146 146 146 189 379 379 425 425 
19 19 138 138 170 170 170 237 237 495 507 
31 106 106 184 184 190 190 
36 36 105 105 190 190 229 229 229 229 286 286 286 286 346 372 
76 76 76 
22 22 22 115 115 414 
76 76 76 199 199 250 250 250 442 
139 176 288 390 
44 44 44 44 182 182 182 269 455 455 455 455 
324 324 324 324 409 
184 426 426 
367 367 
82 108 108 389 
184 415 415 
14 14 125 125 125 135 136 184 184 236 236 236 293 293 293 
364 364 
122 122 222 222 
486 486 489 489 
82 82 98 
119 119 222 222 
428 428 
387 387 454 
63 117 117 117 136 136 455 455 455 455 455 
185 185 473 473 473 473 473 
480 480 480 
448 448 
191 236 415 446 446 446 
389 389 
454 
413 413 
381 381 
354 380 380 389 443 443 443 
117 177 177 177 177 177 236 
102 102 117 125 125 455 455 455 455 
241 241 241 324 
104 104 345 345 345 
110 271 271 271 271 381 395 395 395 
101 220 220 220 
66 66 413 413 
82 414 414 414 414 
82 82 82 217 217 217 
24 24 24 228 228 228 282 
46 46 46 46 154 154 154 154 339 339 
103 103 103 379 379 379 429 
95 95 236 344 
191 191 191 
250 417 417 417 
248 437 437 437 
41 41 257 257 257 345 354 395 395 395 
287 292 467 467 467 467 
2 2 2 325 
145 145 145 145 374 
413 453 453 453 
99 99 99 99 280 445 445 445 450 
233 276 276 
194 194 271 271 408 408 408 
39 188 188 188 227 231 305 433 433 433 469 469 477 510 510 511 511 
85 85 272 312 312 457 498 
382 382 382 382 382 500 
45 45 45 322 451 451 451 
39 39 
274 
95 95 383 383 383 

88 183 220 413 413 455 
376 
68 68 233 296 296 
104 104 104 247 247 
290 290 290 290 290 480 
31 
58 344 397 397 397 
335 335 376 376 413 413 
298 407 407 407 413 
110 371 371 371 371 
135 135 135 135 135 283 415 415 415 415 415 
28 183 183 
68 69 371 371 
30 222 222 
367 367 
2 2 15 15 92 111 111 111 220 220 220 299 299 316 317 317 317 317 317 363 363 404 413 413 438 438 438 444 444 444 455 455 455 455 499 499 
28 28 167 178 178 
5 5 5 31 31 31 32 32 41 41 41 52 73 73 73 76 76 81 81 81 105 105 113 116 117 117 213 213 221 236 236 246 246 258 258 267 267 267 279 279 284 289 291 291 292 324 324 338 345 355 355 355 396 415 415 415 426 451 456 456 490 490 
126 126 491 
76 245 245 322 440 
413 413 
159 159 159 
2 103 
102 105 105 106 106 334 372 376 
56 129 148 148 148 267 268 268 285 304 304 304 304 446 
33 40 79 236 236 310 310 421 508 508 508 508 
65 65 65 74 74 270 270 270 286 286 358 358 362 413 413 
73 73 73 73 73 158 158 430 
101 236 236 249 249 249 267 267 267 282 282 471 471 471 
8 8 200 200 224 290 290 373 373 422 
100 496 496 
98 386 508 
76 76 76 109 109 207 207 
89 196 196 
232 232 236 236 
12 
271 271 271 
267 268 285 285 285 285 
305 
62 62 62 62 62 405 
27 76 76 199 199 245 337 
355 355 355 355 
270 328 328 
35 35 35 309 
432 432 432 432 432 
233 310 310 
184 184 261 261 261 
80 80 80 215 215 
214 214 467 
78 
143 143 143 
271 297 408 
232 232 232 274 274 402 454 
140 140 140 167 182 182 182 316 316 316 316 413 413 413 
101 101 184 
51 119 119 122 122 180 180 376 376 
81 81 81 
8 8 8 196 313 313 350 
5 5 5 53 259 375 393 400 400 400 400 441 

159 257 257 305 305 392 
76 144 144 144 245 245 
76 76 106 106 106 106 
275 303 303 415 422 422 460 460 460 460 
39 159 
201 201 219 219 219 
7 7 157 169 212 271 271 271 296 296 310 374 374 374 375 375 505 
503 503 503 
487 487 
18 56 60 79 79 117 117 117 129 135 147 184 184 192 192 195 195 201 201 237 267 268 268 275 275 283 283 344 351 354 354 356 356 411 411 411 411 411 415 415 415 432 432 432 438 447 447 447 447 487 
83 83 104 104 236 
272 505 505 505 
48 48 405 
282 345 476 476 496 
62 62 62 137 137 137 405 405 
416 416 416 
311 311 311 424 424 494 494 494 
325 358 
76 186 186 207 228 228 478 478 478 
70 70 184 184 
170 170 266 288 288 288 288 401 401 
81 81 150 265 265 408 408 408 
40 195 195 195 
62 62 62 62 109 109 109 149 336 374 374 374 417 417 442 442 
286 286 

71 71 71 71 
350 350 350 350 
5 5 5 
354 
151 151 151 227 227 473 
184 184 409 409 
225 377 377 458 458 458 

81 213 213 213 329 329 
271 292 364 

334 385 385 385 385 
100 248 248 
247 271 391 391 
14 39 39 101 101 101 101 184 184 184 191 195 195 195 204 236 268 268 356 356 471 
191 191 204 236 236 267 267 278 450 450 450 
111 415 
76 76 76 193 193 193 209 328 328 328 328 361 361 361 361 
3 3 7 7 9 9 9 26 139 139 139 139 158 158 203 203 203 218 233 233 233 262 266 282 282 297 297 339 354 354 374 375 401 401 408 408 408 412 412 427 427 427 442 442 442 453 453 465 
160 238 
5 5 354 472 475 475 
164 219 219 
230 236 236 
157 157 319 
343 343 343 
268 
5 184 184 496 
156 467 467 467 
67 67 298 298 298 347 347 356 
144 195 195 240 271 271 374 374 374 374 427 
177 236 236 351 415 415 
184 302 
56 56 56 191 204 204 204 204 
106 106 106 106 193 193 251 251 413 413 
152 
110 247 247 247 247 447 447 447 
184 394 394 394 394 495 
23 23 23 97 171 171 171 171 171 196 196 
184 184 426 426 
52 76 76 152 184 262 364 364 364 364 
97 97 97 97 117 117 117 408 408 436 462 462 462 
58 397 408 408 437 437 
309 309 309 309 
68 169 169 233 233 425 425 
218 271 271 327 327 408 408 
175 281 281 281 347 347 347 
54 54 182 182 413 413 

339 
39 284 485 485 485 485 
64 230 230 
9 9 9 56 56 56 96 191 191 191 191 
159 205 227 227 343 343 343 343 343 392 
87 87 87 370 408 412 
465 
467 
35 35 210 295 295 295 295 358 358 358 358 400 
67 79 79 192 192 212 212 233 364 364 
243 243 243 
84 85 85 160 160 
8 224 224 
35 35 35 319 319 319 354 354 354 384 384 384 398 398 398 413 413 413 434 434 455 455 467 483 483 483 494 
31 73 94 94 336 
182 220 220 220 220 
182 182 182 182 182 398 398 413 413 413 494 494 494 
413 
276 314 314 314 354 

83 83 83 323 323 323 359 359 
162 186 465 465 465 
42 42 42 321 321 321 359 
41 41 41 112 112 112 112 137 184 184 
153 244 358 424 424 444 444 444 503 503 
90 358 358 413 413 
297 297 453 
76 96 96 96 209 209 270 270 270 270 
261 261 
62 71 71 71 369 369 428 

413 413 413 413 420 420 420 435 

190 264 
15 15 15 15 174 174 413 413 
250 315 486 486 
207 
51 51 51 51 51 184 415 415 415 
46 46 145 145 271 301 381 391 408 408 408 427 427 427 452 452 452 


405 
277 277 277 305 305 305 305 305 392 392 392 
69 147 173 236 447 
52 138 138 138 151 184 240 
27 27 27 47 76 76 106 444 459 
281 281 298 298 298 421 421 506 506 506 
85 
473 473 473 481 
8 8 224 254 254 254 254 
236 283 383 383 383 415 
402 
76 365 
5 31 31 41 76 76 99 99 134 151 236 236 256 271 271 273 314 314 314 319 396 396 396 396 450 450 450 462 462 462 490 490 490 502 502 508 508 
12 184 184 184 208 208 208 208 
236 236 267 267 281 
431 496 496 496 496 
72 72 89 90 90 90 193 193 244 309 309 309 309 325 326 326 413 466 503 
61 321 321 323 
76 91 91 91 91 
50 76 270 270 270 270 
65 97 193 413 413 
24 182 182 444 
118 118 262 292 292 292 292 310 310 
353 415 
490 
114 114 181 181 496 496 

330 330 
87 87 306 431 
68 176 176 176 176 179 179 
106 190 
196 196 
154 233 233 233 250 250 250 271 282 282 282 282 375 408 408 417 421 421 421 421 442 442 442 
225 233 233 271 374 
168 174 174 190 222 222 
85 259 259 458 
101 
48 77 103 103 146 146 146 
134 134 
46 46 64 133 133 139 339 395 405 408 
161 161 161 161 161 500 500 
165 165 165 351 351 351 432 463 
314 314 314 
264 264 264 264 413 
86 198 
124 124 
56 56 56 56 70 70 70 70 423 487 
22 22 82 115 130 130 134 497 497 497 
17 17 110 391 391 391 400 400 400 400 
266 266 339 390 390 390 
227 305 343 343 343 482 
225 441 441 441 441 
81 81 289 289 289 289 
46 139 139 139 151 151 151 381 
184 354 354 354 354 
173 173 173 294 
314 314 314 317 317 
418 418 418 418 418 
5 50 50 50 225 225 225 225 309 390 390 390 390 
40 40 247 247 271 271 
39 39 94 219 352 428 428 428 
427 
6 6 182 
39 73 73 73 206 239 241 241 342 381 425 425 509 
37 37 37 
175 175 175 
3 3 3 3 5 5 5 25 25 26 26 26 87 158 158 158 218 248 248 248 271 271 271 293 293 294 294 297 297 306 339 339 339 374 374 381 470 
70 70 70 70 112 258 258 484 484 

236 236 236 236 236 
30 271 271 306 
45 45 74 74 76 76 92 92 132 132 141 141 155 167 167 174 174 175 182 182 187 187 193 193 220 220 220 286 286 299 299 314 314 314 317 317 317 318 326 326 332 332 332 332 335 335 358 362 362 385 439 439 439 448 455 494 494 
22 55 55 93 93 93 93 93 108 142 142 142 142 
37 116 116 129 177 177 177 177 177 184 184 184 230 236 236 236 269 283 283 338 338 338 351 365 432 432 
65 242 242 242 
9 149 149 149 250 250 374 
80 80 80 95 399 399 399 399 399 

98 332 332 332 441 441 
192 347 347 374 374 374 374 
196 230 230 
388 
243 243 325 325 
103 103 296 296 405 405 
16 16 16 113 113 184 291 291 
46 271 271 271 282 339 339 339 403 
20 123 123 330 402 402 402 468 468 468 
146 
194 
357 370 
211 211 211 211 211 236 236 236 383 415 415 460 460 
159 159 159 
314 314 
332 449 449 
22 22 293 
150 150 150 294 294 
182 182 182 236 460 
35 35 45 45 45 413 413 413 
76 186 
1 1 5 88 98 225 393 393 393 393 420 420 
109 250 250 271 271 271 374 374 374 468 468 
5 134 134 134 
59 59 182 182 182 325 325 325 346 363 459 459 459 459 
41 156 156 156 
56 56 56 129 129 129 191 
236 236 236 236 288 288 288 344 
128 128 413 
435 435 
41 41 41 101 101 101 101 156 268 268 268 354 354 354 462 462 
162 162 162 184 
37 339 339 339 464 464 
155 155 155 271 271 327 
4 4 4 124 131 219 
17 17 111 111 111 111 125 125 125 125 125 136 136 136 136 167 182 182 182 182 314 314 413 
76 184 184 478 478 478 
160 
259 259 259 377 
13 13 47 47 346 444 444 444 444 
230 230 230 230 432 432 438 
22 22 497 
293 293 293 354 354 354 450 450 
63 383 
452 452 
271 307 322 322 322 
72 72 72 358 
152 152 152 152 215 280 280 280 308 314 
428 428 428 442 442 
159 159 477 511 511 
408 
101 101 195 195 195 267 
273 
126 126 126 126 126 257 349 349 349 491 491 491 491 
56 56 487 487 487 
5 5 15 273 273 
10 10 100 100 240 240 496 496 496 
159 469 
245 245 245 456 456 456 

127 127 127 171 
349 
392 
30 30 65 96 96 314 314 314 
409 409 
302 302 302 302 
31 120 120 336 336 489 489 489 
56 56 235 235 236 388 474 474 474 

120 120 486 486 486 
51 184 184 354 354 354 366 
21 185 473 473 473 473 
32 41 
3 3 
35 35 243 243 243 314 317 317 317 413 413 
81 81 104 289 
197 197 240 279 357 357 357 357 367 367 476 476 476 
22 22 389 389 389 461 
160 
182 182 
161 382 382 
76 
354 354 
234 234 234 325 325 358 
88 88 88 
233 238 238 238 
347 347 347 
104 
5 86 86 192 192 192 192 198 354 354 
76 405 
159 159 
159 159 469 469 
