nodes: 512 edges: 1599
406 
3 3 225 441 
91 111 111 153 182 182 189 189 340 356 
1 1 76 76 76 76 271 271 408 408 408 493 493 493 
454 454 454 
48 48 50 50 86 86 86 86 86 184 198 198 225 255 255 273 279 354 354 400 408 408 408 441 443 475 475 475 504 508 
404 
233 233 266 266 266 266 266 271 271 271 
196 196 224 224 224 313 313 350 
271 271 304 304 304 304 

356 356 
184 184 184 202 202 355 355 
47 47 47 329 459 459 459 
117 117 136 
150 182 182 335 335 335 335 444 
426 426 
86 390 390 455 455 455 

104 104 104 
428 428 
31 31 491 
32 32 32 108 108 331 331 331 389 389 414 414 436 461 461 461 461 497 497 
290 290 290 480 
144 144 144 
408 408 424 
271 271 271 408 408 408 
76 76 207 
178 178 183 
56 
180 412 483 502 
21 21 105 105 172 184 315 315 354 354 486 489 489 
22 22 22 41 184 492 
67 192 

210 210 210 314 314 314 439 439 439 494 494 494 494 
106 

358 
62 62 159 159 166 166 166 219 219 219 231 231 231 239 267 267 302 302 402 402 402 405 477 
192 236 249 249 401 401 401 
32 99 99 99 151 160 184 184 184 324 399 399 399 445 
323 323 

86 111 137 137 
413 439 
64 145 145 145 145 339 381 
13 13 13 76 76 76 106 459 459 
5 5 239 239 
236 
5 5 76 76 76 361 361 361 400 
222 338 338 338 338 490 
184 184 184 292 292 292 292 292 345 345 

299 501 
93 195 236 236 236 290 414 414 414 414 
29 70 191 191 236 285 285 285 304 304 304 304 388 388 388 446 474 474 487 487 487 
415 415 
294 294 397 397 

236 236 278 278 278 
81 359 359 359 
39 39 206 206 206 206 241 250 250 250 250 330 330 330 430 430 430 
463 463 463 
46 303 381 
193 193 242 416 483 
141 141 141 
33 281 310 310 
169 296 296 371 
179 236 236 
56 184 184 246 388 388 409 409 409 409 
253 253 330 330 
325 325 358 466 466 
94 94 184 184 184 194 194 194 194 194 315 405 405 
193 193 413 413 413 
383 
3 3 3 3 27 27 47 47 47 50 50 50 107 107 109 109 184 184 184 186 199 199 207 207 208 208 228 228 229 229 242 242 245 270 270 270 270 292 292 322 328 328 346 346 346 354 361 413 413 423 456 501 
196 196 
216 
236 310 310 
418 418 
61 184 184 248 248 248 261 261 394 394 
142 142 143 143 329 389 389 
236 236 236 321 321 
85 85 85 312 
84 84 84 160 312 312 312 348 
5 5 5 5 5 17 44 211 386 508 508 
306 306 370 370 408 
504 504 
200 
358 358 358 
2 360 360 360 360 
182 182 413 
55 414 414 414 414 
73 73 315 315 315 402 402 402 
147 147 147 147 165 165 165 165 418 
328 328 328 328 
290 290 290 293 293 293 
121 121 121 198 198 198 198 420 441 441 
41 41 41 156 156 156 156 354 354 
197 265 476 476 
221 221 221 267 267 378 450 450 450 450 450 
117 117 136 136 190 216 216 
146 146 213 379 379 
19 19 19 138 237 471 507 507 
31 31 106 106 190 213 
36 47 105 105 190 229 229 229 286 346 346 346 346 372 
76 76 
22 22 115 414 
76 76 199 199 250 250 250 250 442 
139 139 139 139 176 176 288 390 
2 2 44 182 182 269 455 455 455 
184 184 324 324 324 324 324 409 409 409 
184 246 246 246 323 426 426 426 426 426 

108 389 389 389 
184 184 184 206 415 415 
14 14 102 102 125 135 136 236 293 293 
364 364 
122 122 222 222 
486 489 489 489 
98 98 98 
119 119 222 
428 428 428 
219 219 454 
117 136 455 455 455 
185 473 473 
480 
413 413 448 448 448 
236 236 415 415 415 446 446 446 
389 
454 454 
168 413 413 413 
381 381 
380 380 389 443 443 
117 177 177 177 177 177 
14 102 102 117 125 455 455 455 455 
44 44 
104 184 345 345 345 
110 110 110 110 271 381 395 395 395 395 
220 220 220 220 
66 66 66 358 
82 82 414 414 
82 82 170 217 
24 24 24 228 228 228 
46 46 46 46 154 154 154 154 339 
103 103 379 379 
95 95 95 95 344 344 
191 191 
417 
15 248 408 408 408 437 437 437 
41 257 345 354 354 395 395 395 395 
287 467 467 467 
2 325 
145 145 145 145 
453 453 
99 99 99 99 445 445 445 445 450 450 
233 
194 194 194 408 408 408 
39 39 188 188 188 188 231 231 305 428 433 433 469 469 477 477 482 510 510 510 511 
41 85 272 272 312 312 457 
382 382 439 439 439 500 
291 312 322 322 451 451 451 

274 
95 95 95 95 329 383 383 415 
39 39 39 477 477 477 
220 413 413 
132 376 376 
68 296 296 
143 247 247 
290 290 290 480 
31 
397 397 397 397 
222 222 222 376 376 413 413 413 
298 298 298 413 413 
110 110 288 371 371 371 371 371 
135 135 135 135 135 283 283 300 415 415 415 415 415 
28 28 183 183 
69 371 371 
30 222 222 437 
367 367 
2 2 15 15 92 92 111 111 220 299 299 316 316 317 317 317 317 363 413 413 438 438 444 444 455 455 455 499 
28 178 178 
5 12 12 12 31 32 41 41 41 52 52 52 70 70 73 73 73 76 76 76 81 81 112 112 113 116 116 116 138 213 213 258 258 267 267 267 279 279 284 289 289 291 291 292 338 345 355 396 396 415 415 451 456 456 490 
126 491 
76 245 245 322 440 
455 
159 159 159 159 477 
2 2 
102 105 106 372 376 
56 56 148 148 267 268 285 285 304 304 304 446 446 
33 40 310 310 508 508 
65 65 74 74 270 270 270 286 286 332 358 358 362 413 413 479 479 479 500 500 
73 73 73 73 73 158 158 158 
55 236 236 249 249 249 267 267 282 282 282 282 282 471 
8 8 77 77 200 200 224 350 373 373 373 
100 265 496 
5 5 98 98 98 98 386 441 508 
76 76 109 109 207 207 
89 196 196 
232 232 232 236 236 415 
12 12 355 454 454 454 
271 271 
268 285 285 285 
305 
62 62 62 62 116 293 303 405 405 
27 76 76 199 199 245 337 337 
76 76 355 355 355 355 355 
215 328 328 
35 35 35 244 309 
86 432 460 460 
233 310 310 
103 105 184 184 261 472 
215 215 314 
209 214 214 314 314 467 
78 102 102 
143 
271 297 408 
39 39 39 124 124 232 232 232 274 274 402 430 430 430 454 454 
140 140 140 140 167 182 316 316 316 378 378 378 378 413 413 
101 101 101 
51 119 119 122 174 174 174 180 180 314 314 502 

8 8 8 196 313 313 350 
1 5 259 375 375 375 377 393 400 400 400 400 400 419 441 441 
292 
257 305 305 392 392 
76 76 144 144 144 245 245 
76 76 106 106 106 295 
236 254 275 275 415 415 422 422 460 
39 39 39 159 159 
201 201 201 219 219 219 454 454 
7 7 157 212 271 271 271 310 310 374 374 375 375 505 505 
503 503 
487 487 
40 49 55 55 55 56 60 60 69 69 79 83 83 83 117 129 129 195 195 201 201 230 237 267 267 268 283 283 283 344 344 351 351 354 354 354 354 356 356 388 411 411 411 411 415 415 432 432 438 438 447 447 447 460 460 487 487 487 
104 236 
505 
39 48 48 
282 476 496 
62 405 405 405 405 
65 76 76 416 416 416 
311 424 494 494 494 
210 325 325 358 
76 186 186 207 228 228 478 
70 113 113 113 
170 170 288 288 288 368 401 401 401 
81 81 81 150 265 265 265 265 408 408 408 505 505 505 505 505 
40 40 195 195 195 
62 62 62 62 109 109 109 109 336 336 336 336 374 374 374 442 
286 286 413 413 413 

71 71 
230 283 350 350 
5 5 
260 273 273 
151 227 305 473 473 473 
184 184 
225 377 377 377 377 458 458 458 458 
256 354 354 354 494 
81 81 213 329 
292 292 292 292 364 
315 
334 334 385 385 385 
100 197 248 248 248 248 348 496 
7 7 7 7 7 271 391 391 
39 39 101 101 184 184 184 191 195 195 236 236 268 268 268 356 471 471 471 
191 204 236 267 267 267 450 450 450 
111 
76 76 76 76 193 193 193 328 328 361 361 361 
3 3 7 7 7 9 9 26 26 26 139 203 203 218 233 233 233 266 297 339 339 339 354 374 375 395 401 408 408 412 412 427 442 442 442 465 
160 160 
5 256 256 354 475 475 475 
164 219 219 
230 230 

343 343 343 343 
60 60 60 
5 184 184 307 
308 308 467 467 467 467 
67 298 347 421 
195 195 195 195 195 240 374 374 374 427 
177 177 236 236 236 254 351 351 351 415 415 
184 302 
56 56 56 191 191 204 204 204 
106 193 193 251 251 413 
152 
110 176 247 247 247 447 447 
184 184 394 394 456 495 495 
23 23 23 55 97 97 97 171 171 171 
162 184 184 426 426 
52 52 52 52 52 76 76 184 226 262 262 262 262 364 410 410 
97 97 97 117 117 206 408 436 436 436 462 462 462 
58 58 397 408 437 437 437 
229 309 
68 68 169 169 425 425 425 
218 271 327 327 408 
175 175 175 281 347 
54 182 182 360 413 413 
177 
339 
39 39 284 385 485 485 485 485 
64 206 415 
9 9 9 9 56 56 56 56 191 191 191 
159 205 227 227 257 343 343 343 392 
87 87 408 
279 354 354 465 
280 280 
210 295 358 358 400 
67 67 79 79 192 192 212 212 233 233 364 364 
243 
84 85 85 85 160 160 162 
8 8 224 224 
35 35 35 214 215 215 222 222 341 349 354 354 354 384 384 384 384 398 413 413 418 418 418 429 434 434 434 449 455 455 455 481 494 
31 31 73 94 94 94 263 336 336 486 486 486 
182 182 220 220 220 
182 182 182 182 398 398 413 413 413 494 494 494 
413 413 


83 83 359 359 359 359 
76 162 162 186 465 465 465 465 
42 42 113 
41 112 112 112 112 112 
72 72 153 244 244 358 384 424 424 424 424 424 444 444 503 
413 413 413 
297 297 453 
76 76 96 96 96 96 209 209 270 270 
13 82 165 261 
62 62 62 71 71 369 428 428 
22 22 22 
193 407 413 413 413 420 420 
413 
264 264 
15 15 15 15 413 413 
250 250 250 250 315 315 486 486 
207 207 
51 51 51 51 184 415 415 
46 145 271 271 271 301 381 381 391 408 408 427 427 427 452 
2 
314 

277 277 277 277 305 305 305 392 392 
147 147 236 236 447 447 
52 52 138 138 138 151 184 
76 76 76 106 106 106 106 444 444 444 459 
281 298 506 506 506 
85 265 
314 473 481 481 
8 196 224 254 254 
236 236 283 283 283 383 383 383 383 415 
402 402 
456 
5 5 31 31 76 99 99 151 151 236 236 236 236 260 260 260 271 273 307 307 314 314 314 396 396 462 462 490 502 502 502 508 508 
12 12 184 202 208 208 208 208 208 
2 11 11 236 236 267 
431 496 496 496 
38 72 90 90 90 141 193 193 244 309 309 325 413 413 413 466 503 
61 61 61 321 321 321 321 
91 91 91 91 299 
50 50 50 76 270 270 270 
193 413 413 
182 
118 118 262 292 310 310 469 
416 

181 181 496 496 
247 
330 
87 87 
68 176 176 176 176 176 179 179 
106 190 
196 196 196 
233 233 250 250 250 271 282 282 282 408 408 417 417 421 421 421 421 442 
225 225 225 233 233 271 
168 168 174 174 190 
225 259 259 259 259 458 
101 220 220 220 220 
103 103 146 146 
134 134 
46 64 133 133 139 339 339 395 395 405 408 408 
161 161 403 
75 165 165 351 351 351 351 432 432 432 463 
314 314 314 314 325 
264 264 264 302 413 
86 198 

56 56 56 70 70 236 487 
22 22 82 82 115 115 115 130 134 497 497 
17 17 110 391 400 400 400 400 
266 266 339 390 400 
227 227 305 343 343 
225 441 441 
81 81 289 289 
139 139 139 139 151 151 151 151 271 381 381 
184 184 354 354 
58 58 173 173 173 173 294 
314 317 317 
41 41 41 418 418 
5 50 225 225 225 225 225 309 390 390 390 390 391 
40 40 40 247 247 247 271 
39 39 39 94 94 94 219 352 352 405 428 428 428 428 
382 427 427 
6 
39 73 73 206 206 241 241 241 241 381 402 425 425 
0 
332 
3 3 3 5 5 5 25 25 26 26 26 87 150 150 150 158 158 158 218 248 248 248 271 271 293 294 297 306 339 339 374 374 381 381 437 437 470 470 
70 70 70 70 112 112 112 484 484 484 484 
292 292 
236 236 236 236 
30 271 271 
45 74 74 74 76 76 92 128 128 132 132 132 167 167 174 174 174 175 175 182 182 193 193 220 220 251 251 251 286 299 299 314 314 317 317 317 318 318 326 326 326 332 332 332 333 335 335 358 358 358 362 362 385 439 448 455 494 500 
22 22 55 55 55 55 93 93 93 93 108 142 142 
57 57 116 116 129 129 129 165 177 177 177 177 177 184 184 201 230 230 236 236 283 283 303 338 338 351 432 463 463 
65 242 242 242 365 
149 374 374 
80 80 95 314 314 314 399 399 
225 
98 332 332 441 441 441 
281 374 374 374 374 
230 230 
76 
25 243 325 325 325 325 325 
296 296 296 405 405 
16 16 113 113 113 113 113 291 291 
271 282 339 339 339 403 403 
20 20 123 123 123 159 330 330 402 402 402 402 468 468 
314 
62 62 62 219 219 219 
357 496 
211 236 236 383 383 383 415 460 460 460 
159 159 
314 314 314 
449 449 
22 293 293 293 
150 150 150 180 294 294 294 408 408 
182 182 236 236 
35 35 35 45 161 161 161 413 
186 
1 5 98 98 198 225 225 393 393 420 420 420 
109 250 271 271 271 374 468 468 
5 134 134 
15 182 182 325 325 346 346 346 459 459 459 
41 156 156 156 156 
56 129 129 129 191 191 
236 236 236 288 288 344 344 
128 128 128 413 
314 435 435 
101 101 101 101 101 156 156 268 268 268 462 462 
162 162 162 184 
339 
155 155 327 
4 4 4 124 131 131 202 202 202 219 219 232 232 
17 17 17 111 111 111 125 125 125 136 136 136 136 182 182 182 187 314 314 314 413 
76 184 184 289 353 478 478 478 
160 
259 259 259 259 377 
13 13 13 47 47 346 444 444 444 
211 211 230 236 236 432 432 432 
22 22 22 22 
293 293 293 354 354 450 450 
63 63 63 383 415 415 

271 307 322 322 322 322 
72 72 358 
152 152 152 215 280 280 280 280 
428 428 442 442 
159 159 364 477 511 511 
408 408 
104 195 267 267 267 
213 475 
126 126 257 257 257 349 491 491 
56 56 487 487 
5 5 5 273 273 273 472 
100 100 240 496 
39 159 159 166 166 166 188 469 
245 456 456 456 
193 193 193 
23 127 171 
314 349 349 
159 
30 65 
409 409 409 409 
302 302 302 302 
31 120 315 315 315 336 336 489 
56 56 56 235 235 236 236 236 388 474 474 

31 31 120 120 120 486 
51 184 354 
21 185 473 473 
32 
3 3 3 
35 35 35 35 243 243 243 260 314 317 317 317 413 
289 289 
197 240 265 357 357 357 367 367 431 476 
22 22 389 389 

182 
161 193 193 413 
54 76 
30 222 354 354 354 
234 234 325 358 
5 88 88 
233 233 238 248 248 248 248 248 
347 347 347 
104 104 
5 86 86 192 192 198 354 354 

159 159 159 
159 469 469 
