nodes: 512 edges: 954
64 
3 3 225 225 225 225 441 
91 91 153 153 182 182 183 183 189 189 
1 1 76 76 76 271 408 408 408 493 493 
454 454 
34 48 50 86 86 86 184 198 198 198 225 225 255 255 273 279 354 354 354 400 408 408 408 408 443 475 
404 404 
233 271 
196 196 224 313 350 
271 271 304 


184 355 
47 459 
64 76 117 
182 335 335 444 

455 455 455 
236 
104 

491 
32 32 331 331 389 414 436 
290 
76 144 144 144 
484 
271 271 408 408 
207 346 346 346 
178 178 183 183 

180 412 
184 315 354 354 
22 22 
67 67 
5 
210 309 309 314 314 439 

406 415 
358 358 
62 62 159 159 163 239 267 267 267 302 330 330 330 405 405 477 
236 236 249 249 401 401 401 
99 151 184 184 184 324 354 354 354 399 450 450 
323 323 
362 
86 111 137 
76 413 413 413 439 
64 145 395 
13 76 106 346 459 459 
5 

5 76 76 76 76 400 400 
222 338 338 490 
184 292 292 
225 225 

93 195 236 236 
191 285 304 388 446 446 
415 471 
294 294 
444 444 
104 104 236 
81 81 
39 39 206 241 250 250 250 
415 463 463 
0 14 46 381 381 
416 483 483 
141 
33 33 310 310 
169 179 296 371 
338 344 
184 246 246 388 409 
253 253 330 
325 358 466 
184 184 184 194 194 194 405 405 405 405 
193 193 193 413 
383 383 415 
3 3 3 14 24 45 47 50 50 50 50 109 184 184 184 186 186 196 196 196 199 207 228 228 228 228 229 229 229 292 292 322 328 346 346 346 353 354 354 354 360 413 413 423 456 456 501 509 
379 
216 
310 

61 61 184 184 248 248 389 389 495 495 
121 121 121 143 495 
237 237 321 
85 85 85 
84 84 84 160 312 312 348 377 
5 5 5 44 508 
306 370 
504 504 
358 
358 358 
2 2 360 
182 413 
55 414 
402 402 402 
165 165 165 165 418 
304 328 483 483 
290 
198 198 
41 156 445 
476 476 
140 195 195 212 221 221 267 267 378 450 450 471 
117 117 136 216 
213 379 425 425 425 
19 60 60 
190 
47 229 286 346 346 346 


76 199 250 250 442 442 442 
139 176 288 288 390 
44 182 269 455 
324 324 324 409 409 409 409 
202 246 426 
301 367 
389 389 389 389 
184 
14 102 102 125 136 184 184 236 236 293 293 293 

222 
486 486 
82 82 82 
222 
428 428 428 
219 
117 455 455 
185 185 473 

413 
191 236 236 415 415 415 446 446 

454 
413 
381 381 
354 354 
177 
102 117 455 455 455 
44 241 324 

110 395 
101 220 220 
66 358 413 
414 
82 217 
24 24 24 228 282 282 
46 154 339 
429 


250 
248 408 408 408 437 437 
41 257 345 354 354 395 395 395 
292 
2 2 
145 
413 413 453 
99 445 445 
233 
194 271 
39 39 227 227 231 231 330 428 477 511 
85 312 457 498 
382 
451 451 451 451 
39 
274 
95 95 95 95 383 383 383 415 

183 413 413 
376 
68 296 

290 480 

344 
222 376 413 
298 298 298 407 
110 288 371 
135 415 415 
28 28 
68 371 371 
30 222 
367 
2 2 15 92 111 220 299 317 317 317 363 404 404 413 413 444 444 444 455 455 455 
2 2 28 28 167 
5 12 31 41 41 41 52 70 73 73 73 76 76 76 81 81 116 117 117 213 213 221 236 236 246 258 258 267 279 279 292 292 324 338 345 415 415 426 451 490 
126 126 491 
76 76 245 245 440 


2 2 
105 334 
56 129 267 304 
236 236 310 310 310 421 
74 74 74 286 332 358 362 413 500 
73 73 73 158 
55 101 101 236 249 267 267 282 282 282 471 
8 8 76 76 76 200 303 413 413 413 

5 5 5 98 98 
76 109 207 
196 
232 232 232 236 415 
113 355 454 

267 285 285 
305 
62 
27 76 199 245 
355 355 
270 328 
35 244 244 
432 460 460 
101 233 310 310 
103 184 184 261 261 
314 
314 467 
78 102 
143 
408 
124 274 430 430 430 430 454 
140 140 182 316 316 378 378 413 
101 101 184 
51 119 122 174 180 286 314 413 413 

8 
1 1 1 1 5 5 53 53 348 375 393 400 419 
292 
159 159 257 477 
76 76 76 76 144 
76 76 76 106 
422 422 460 
159 159 
201 201 201 454 
7 157 212 271 271 310 310 374 375 
503 503 503 
487 
18 40 40 55 55 60 117 117 129 129 184 184 192 192 195 201 267 268 268 283 344 351 354 354 354 388 411 411 415 415 432 432 447 460 
83 83 
310 505 505 505 
39 405 
345 
62 137 287 405 

311 311 413 494 
210 210 325 325 358 358 
186 186 207 478 478 478 
70 70 113 184 
266 288 368 
81 81 150 408 408 
40 40 195 
62 62 62 109 109 149 336 374 417 442 442 


71 71 
350 350 
5 5 
260 354 
151 227 305 473 
184 184 409 
377 377 482 
256 354 
213 213 329 
292 364 

334 385 385 
348 496 
247 271 391 
39 39 39 101 101 184 191 195 195 204 236 268 471 
236 236 267 450 450 
111 
209 361 
3 7 9 9 26 26 158 233 233 266 282 282 287 287 297 339 354 354 374 395 427 453 

5 354 472 472 
164 219 

370 
343 343 343 343 
399 
5 184 184 307 496 
467 467 
298 347 347 
144 144 195 195 195 271 271 374 374 427 
236 351 351 

56 204 204 
106 193 222 413 
241 271 271 
110 110 176 247 447 447 
394 394 394 456 491 495 
23 97 171 

52 52 76 76 152 184 184 226 262 318 364 364 
117 117 117 408 408 408 450 462 
58 58 397 397 
309 309 309 309 
68 169 425 425 
271 327 327 
175 175 175 281 
182 314 413 

114 339 
39 
196 415 
9 56 96 191 
205 257 
87 370 412 
279 
467 
35 35 295 295 295 295 400 
67 67 79 192 192 192 212 212 233 233 238 364 364 
243 243 
85 85 160 
8 
35 35 214 215 222 299 319 319 319 354 354 354 384 398 413 413 418 429 429 429 434 449 449 455 455 481 483 483 
31 336 336 336 
220 220 
182 182 182 398 413 494 494 494 
292 
314 314 314 354 354 

83 359 359 359 
76 
42 42 
41 112 112 112 137 184 
72 244 244 424 424 
413 413 
297 297 
76 96 209 
261 
39 39 39 71 159 369 369 
22 22 
193 413 413 

190 264 
15 15 413 
250 315 315 315 

51 51 69 184 
145 271 301 381 381 381 427 427 427 452 



277 277 277 277 392 392 392 
69 173 236 447 
151 184 240 
27 27 27 47 76 76 76 106 106 106 444 444 444 
281 281 506 506 
85 225 265 
410 481 
8 254 254 
236 283 283 383 415 

76 456 
5 5 5 31 31 41 41 41 76 76 76 134 134 151 151 236 236 236 256 260 271 271 273 314 314 314 319 319 462 490 490 502 502 
12 202 208 208 

496 496 496 
38 38 72 89 90 90 141 193 244 244 466 503 503 
321 321 321 
76 91 
270 
43 193 
182 444 
262 292 292 310 310 


114 181 496 
247 
330 330 
87 276 306 431 
68 176 179 179 


233 250 271 282 282 375 421 421 421 421 442 442 442 
225 233 374 
168 174 
85 259 259 458 
101 220 220 
77 103 

64 64 133 133 339 339 339 395 405 408 
161 403 500 500 
75 75 165 165 165 351 432 463 
314 
264 264 413 


56 70 236 
22 81 81 115 115 115 115 
110 
266 
343 343 343 482 
225 441 441 
289 289 289 
46 139 151 151 151 271 381 

294 294 
314 317 
41 278 418 418 
5 50 50 225 309 
40 40 40 
94 94 94 405 405 
382 427 427 
6 6 182 182 
39 39 73 73 73 73 239 241 381 402 402 425 425 509 
37 
175 413 413 
3 3 3 5 5 5 5 26 26 150 150 150 218 248 248 293 293 293 381 
70 112 112 112 112 258 484 484 
349 
236 236 
30 306 
45 45 45 74 76 76 92 128 132 141 155 155 167 167 174 182 182 193 196 196 196 220 222 222 243 286 299 314 314 317 326 326 332 332 335 385 407 407 455 455 500 500 
22 93 142 
37 57 63 75 129 129 129 165 177 177 184 184 201 236 236 303 351 463 
65 
250 
95 314 399 399 
225 
441 
192 374 374 374 374 
230 230 
76 
325 325 
103 103 103 296 296 405 405 
113 184 
271 282 339 339 339 403 403 
123 123 123 159 468 468 
146 314 314 314 
219 219 219 219 
370 496 
211 236 236 383 

314 
449 
22 
150 150 

35 45 
186 
1 393 393 420 
109 109 109 250 250 374 374 374 
5 
15 59 59 182 182 182 346 346 346 363 
99 156 156 
56 56 129 129 
236 288 288 344 

314 314 435 
41 41 101 101 268 268 293 
162 162 162 162 184 
339 464 464 
155 271 
4 4 131 202 219 232 
17 17 17 111 125 125 136 136 136 182 182 182 314 314 413 413 
76 76 289 353 
160 
377 
13 47 47 
211 211 230 236 

293 354 
63 63 383 415 
452 452 

72 358 
215 280 280 308 
428 428 
511 511 

57 101 195 267 
273 273 475 
126 257 491 
487 
5 472 
100 100 
39 159 227 
245 245 245 

171 
314 349 
259 392 
65 65 96 96 314 314 
25 409 409 

120 120 489 
235 474 

486 
51 184 354 354 
21 185 289 473 

3 3 
243 317 317 317 
81 81 82 289 
265 279 357 357 357 367 431 

160 

193 382 382 413 413 
76 
354 354 
234 234 234 358 358 
88 88 
238 238 238 
347 347 

86 
76 405 

159 469 469 
