nodes: 512 edges: 1596
406 
3 3 3 225 225 225 
91 91 111 111 153 153 182 182 189 
1 1 1 76 76 76 76 271 271 408 408 408 408 493 493 493 
454 454 454 
48 48 50 50 86 86 184 198 198 198 225 225 255 255 273 273 273 279 279 354 354 354 400 408 408 408 443 443 475 504 508 
404 404 
233 266 266 266 266 271 271 
224 224 224 313 313 
271 304 304 304 304 
476 476 476 
356 356 356 356 385 
184 184 184 202 202 
459 459 
76 117 117 136 
335 335 335 335 
426 426 426 
455 455 

104 

491 
32 32 108 108 115 331 414 436 436 436 
290 290 
76 144 144 
408 424 484 
271 271 271 271 408 408 408 
76 76 346 346 
153 178 178 183 183 183 
56 56 
180 340 412 483 
105 105 172 172 184 184 184 315 315 354 354 354 486 486 489 489 
22 22 41 41 184 
192 192 254 

210 210 210 309 314 314 314 314 439 494 494 
106 
406 406 415 415 415 452 
358 
62 62 166 166 166 219 219 231 239 267 330 402 402 402 405 405 405 477 477 
192 192 192 236 236 249 249 401 401 
32 32 85 85 85 99 99 99 151 151 160 184 184 184 324 324 324 354 354 399 399 445 450 457 
323 323 323 
362 
137 137 
76 162 162 162 318 413 413 439 
64 145 145 145 145 339 381 381 395 427 
76 76 106 346 346 459 
5 5 239 239 239 379 
236 
5 5 76 76 76 76 361 400 400 
338 338 338 490 
184 184 
225 225 

93 195 195 236 236 236 414 414 
29 29 70 191 191 236 236 236 285 285 285 304 304 388 388 388 446 446 474 474 487 487 

131 294 397 
444 444 
104 104 236 236 236 278 278 278 278 
359 359 359 359 
39 39 206 206 206 206 250 250 250 250 330 330 
102 463 
46 381 381 
193 193 242 362 362 483 
141 141 
281 310 310 310 
169 169 296 
236 236 338 344 
56 184 388 388 388 388 409 409 409 
253 253 253 330 330 
325 325 466 466 
94 94 184 194 194 194 194 315 315 405 405 405 
193 
383 383 
3 3 3 3 14 24 27 27 45 47 47 50 50 50 50 107 107 184 186 186 186 196 199 199 199 199 207 207 207 208 228 228 228 229 229 229 242 270 270 270 292 322 322 328 328 328 346 346 354 360 360 360 413 413 413 423 440 456 456 501 509 509 
196 335 

236 236 236 310 310 
214 214 214 418 418 418 
184 184 184 223 248 248 389 389 394 394 495 495 
115 121 142 329 389 495 
236 236 237 237 237 321 321 
85 85 
41 41 41 84 84 160 160 312 312 312 
5 5 508 
306 306 306 370 408 408 408 
441 
200 

2 2 360 
182 182 182 182 413 
55 414 
73 73 315 402 402 402 
147 147 147 165 418 
304 328 328 328 328 483 483 
290 290 293 293 293 293 293 
198 198 198 198 441 441 
41 41 41 156 354 
197 197 476 
140 195 195 221 221 267 267 267 267 378 450 450 450 471 471 
63 136 136 136 190 216 
146 379 379 425 
19 60 60 138 138 138 184 471 507 507 
31 31 106 106 184 445 
36 47 105 105 190 190 229 286 286 286 346 346 372 
76 76 
22 22 414 
199 250 250 442 442 
139 139 139 139 288 288 401 
2 2 182 182 455 455 455 455 455 
184 184 184 324 324 324 324 409 409 
184 184 184 184 246 246 246 246 246 426 
301 
22 82 389 389 
184 184 184 415 415 
14 14 125 125 125 135 136 184 184 236 236 293 293 293 293 
364 364 
122 122 222 222 222 
486 489 489 489 
82 
119 119 222 222 
428 428 
219 219 219 387 387 387 454 
117 117 117 136 136 455 455 455 
185 185 473 473 473 
480 
413 448 
191 236 236 415 415 446 446 446 
491 
58 454 454 
168 413 
381 381 
354 354 380 380 380 389 443 443 443 443 
117 177 177 
14 102 102 102 117 125 125 455 455 455 
44 44 241 241 
104 104 104 
110 110 110 110 271 271 381 381 395 395 395 
101 324 
66 66 
82 414 414 
217 217 
24 24 228 228 282 282 
46 46 46 46 154 154 154 
103 379 379 
95 95 95 236 344 344 
191 191 
250 417 417 
248 248 248 408 408 437 437 437 437 
41 41 257 257 257 345 354 395 
287 467 467 
2 2 28 
145 145 145 374 
453 453 
99 445 445 445 445 445 
233 233 
194 194 271 271 271 408 408 
188 188 188 188 227 227 305 330 330 428 428 433 469 477 477 511 511 511 
41 85 85 312 
382 500 
45 45 45 291 312 312 312 322 322 451 

236 
95 329 383 
39 39 39 477 477 
413 413 413 
132 376 376 376 376 376 
68 68 296 
247 247 247 247 
290 290 290 
31 31 
397 
222 222 222 376 376 413 
298 413 
371 371 371 
135 135 300 300 415 415 415 415 415 
28 28 183 183 183 
371 371 371 
30 222 
367 367 367 
2 2 92 92 92 92 111 111 220 220 220 299 299 299 316 317 317 317 404 413 413 413 438 438 438 438 444 444 444 444 455 455 455 455 499 
28 28 28 178 178 178 
5 12 12 12 31 31 31 32 41 41 41 52 52 70 73 76 81 81 81 104 105 112 112 112 113 113 113 113 116 116 116 117 117 213 221 221 236 246 246 258 258 267 267 267 279 284 284 289 291 291 292 324 324 338 345 345 345 355 396 396 415 426 426 456 456 456 490 490 
126 126 491 491 
76 76 76 
413 455 
159 159 159 159 
2 
102 106 106 334 334 
56 56 129 148 148 267 267 268 268 285 285 304 304 446 446 
33 33 40 40 40 198 236 236 310 310 310 421 508 508 508 508 
65 65 74 270 270 270 286 286 358 358 358 362 413 413 413 479 500 500 
73 73 73 73 158 158 
55 55 101 101 236 236 249 249 249 249 267 267 267 282 282 282 471 471 471 
76 77 200 290 350 373 373 413 
100 100 496 496 
5 5 5 98 98 98 98 192 386 386 508 508 
76 76 76 76 109 207 
89 196 
232 232 236 236 415 
12 12 355 405 454 454 454 
271 271 271 
267 267 268 268 285 285 285 285 
305 
62 62 62 62 293 405 405 
76 76 76 199 337 337 
76 355 355 355 
215 328 
35 35 35 309 309 
432 432 460 
233 310 375 
184 261 261 472 
80 80 80 215 215 314 
209 214 214 314 467 467 
102 
143 143 

39 39 124 124 124 232 274 430 454 454 
182 182 182 316 316 316 316 378 378 378 378 413 
101 101 184 184 
119 119 119 122 122 174 174 174 180 314 314 413 413 413 
81 
8 8 8 313 313 313 350 350 
1 1 1 5 5 53 53 375 375 375 375 393 400 400 400 419 419 
292 
159 159 257 257 257 305 392 
76 76 76 144 144 245 270 
76 76 76 106 295 295 
236 236 236 275 275 415 422 422 422 422 460 460 
39 
201 201 219 454 
7 157 157 212 271 271 296 296 310 310 374 374 374 375 375 

487 487 487 
40 40 49 55 55 55 56 56 56 60 60 60 69 69 79 79 79 83 83 117 117 129 129 147 164 184 192 192 195 195 201 201 230 230 230 267 267 267 268 268 268 268 275 275 283 283 344 344 344 351 354 354 354 354 356 356 401 411 411 415 432 432 438 447 447 460 487 
83 83 83 
272 272 272 505 
39 48 48 48 
282 496 
137 137 287 405 405 405 405 
65 76 
311 413 424 494 
325 325 358 
228 478 
113 113 113 113 113 184 184 
170 170 170 170 266 288 288 288 401 401 401 
81 81 150 150 150 265 408 408 505 
40 40 195 195 195 195 
62 62 62 62 109 109 149 336 336 374 417 417 417 442 442 
286 413 

71 71 71 
33 350 
5 5 
354 
151 151 151 227 227 227 305 305 305 
184 184 409 409 409 
377 377 377 458 458 458 
354 354 494 
213 213 
292 292 364 

334 334 385 385 385 385 
248 
7 7 7 7 247 391 391 391 
39 101 101 101 101 184 184 184 191 191 195 195 195 204 204 236 236 236 268 356 471 471 
191 191 204 204 236 236 236 236 267 278 450 450 450 
415 415 
76 76 76 193 193 193 228 328 328 328 361 361 361 361 
3 3 7 7 9 26 26 26 26 139 139 158 158 158 203 203 203 233 233 282 282 287 297 339 354 354 354 374 374 375 401 401 408 408 408 427 442 442 442 453 453 465 
238 238 238 
5 5 5 354 354 381 472 472 472 475 475 475 
219 
230 230 236 236 
505 
343 343 
60 60 60 60 268 399 
5 5 184 307 
308 308 308 467 
67 298 298 347 347 356 421 
144 144 195 195 195 240 271 271 374 374 374 374 374 427 
236 236 351 351 351 351 415 415 
184 184 
56 56 56 191 191 204 204 204 204 
106 106 106 193 193 251 413 
152 241 271 
110 110 247 247 247 447 447 
184 394 394 394 456 495 495 495 495 
23 23 97 97 171 171 171 196 
162 184 184 426 426 426 
76 184 226 262 262 318 364 364 364 364 410 410 
97 97 97 97 97 117 117 117 117 206 408 408 436 436 450 
58 408 408 437 437 437 437 
229 229 309 309 309 
68 169 233 233 425 425 425 
271 327 327 327 327 327 408 408 
175 281 281 
182 182 182 314 413 
177 177 
114 
385 485 485 485 485 485 

9 9 9 9 56 56 96 191 191 
159 205 227 257 257 257 343 343 343 343 392 
87 87 87 408 
279 354 354 465 
280 280 280 
35 210 210 295 295 295 358 358 358 358 
67 67 67 79 79 192 192 192 212 233 233 364 364 364 
243 
85 85 85 160 162 162 162 
8 8 224 224 224 
35 35 35 35 214 215 222 222 299 319 319 341 354 354 354 384 384 384 398 398 398 413 413 418 418 429 429 429 434 449 455 455 455 467 467 481 481 481 481 483 483 494 
31 31 73 73 94 336 486 
182 220 220 220 220 
182 182 182 398 398 413 494 494 494 494 494 
45 292 
314 314 354 354 

83 83 359 359 421 
76 76 162 162 465 465 465 465 
42 42 42 
41 41 41 112 112 112 112 140 184 184 
72 72 244 244 358 358 384 424 424 424 444 444 444 444 503 503 
358 358 413 413 413 
297 297 297 297 297 453 
76 76 76 96 96 96 96 209 270 270 270 
82 165 
39 62 62 71 71 159 159 428 428 
22 
407 413 420 420 420 

190 190 264 264 
15 15 15 15 77 
250 250 315 486 486 
207 207 
51 51 51 69 184 
46 271 381 381 391 408 408 408 427 427 427 427 452 452 468 
30 
314 
405 
277 277 305 305 305 305 392 392 
69 147 147 236 236 236 447 
151 184 184 184 
27 27 47 47 76 76 106 106 444 444 444 444 
281 281 421 421 506 

473 
196 224 224 254 
236 283 283 283 283 383 383 383 383 415 
402 
456 456 
5 5 5 31 31 31 41 41 76 99 134 134 151 236 236 236 236 256 260 260 271 271 271 273 273 307 307 314 314 314 319 319 396 396 396 396 450 450 450 462 490 490 502 502 508 508 508 
184 202 208 208 208 
11 11 11 11 236 236 267 281 
431 431 496 
38 193 193 193 244 309 309 309 309 325 325 326 326 413 413 413 466 466 466 503 503 503 
61 61 61 61 321 321 
76 76 76 91 
50 270 270 270 270 
43 65 65 193 413 

118 118 262 292 292 292 292 310 310 310 469 

490 
181 181 181 


87 
176 176 176 179 179 179 
106 
196 196 
154 233 233 233 250 271 271 282 282 282 282 282 375 408 408 417 417 417 421 421 442 442 442 
212 225 225 225 225 233 233 271 374 
168 168 168 168 168 174 174 
259 259 259 458 458 
101 220 220 220 220 
48 103 103 146 146 
134 134 134 
46 46 64 64 133 133 139 139 273 339 339 395 395 405 408 408 408 
161 403 500 500 
75 75 165 351 351 351 351 432 432 432 463 
314 314 314 325 
11 264 264 264 264 302 413 
198 198 
124 124 124 
56 56 56 70 70 70 70 423 487 487 
81 81 82 115 115 134 497 
391 391 391 
266 266 266 339 390 390 390 400 
227 305 343 343 482 
225 441 441 441 441 
81 81 289 289 289 
46 139 139 139 151 381 381 
184 184 354 354 354 354 
58 173 
314 314 314 317 317 
41 41 278 418 418 
5 50 50 225 225 225 391 
40 40 110 236 247 247 247 271 271 
39 39 39 94 94 94 352 405 405 428 428 
382 427 427 
6 6 182 
39 39 39 73 73 73 202 206 206 241 241 241 241 342 381 402 402 425 425 509 
0 37 37 
332 413 413 
3 3 3 3 5 5 5 25 26 26 26 87 87 87 150 150 158 158 248 248 271 271 271 293 293 294 294 297 297 306 339 339 339 374 374 381 381 381 470 470 
70 70 70 112 112 258 258 258 484 484 484 484 
292 292 
236 236 
30 
45 45 76 76 76 92 128 132 167 167 167 174 175 182 182 182 187 193 193 193 196 220 222 222 222 243 251 286 299 314 314 317 326 326 326 332 358 358 358 362 385 407 407 439 439 448 455 
22 55 55 93 108 142 142 
37 37 37 116 116 129 129 177 177 177 177 177 184 201 230 236 269 269 283 283 351 432 432 432 463 

149 149 250 250 250 374 374 374 
80 80 80 95 314 314 399 399 
225 225 
332 332 332 441 
192 281 321 347 347 374 374 
230 230 230 230 
76 388 
25 243 325 325 325 
103 296 296 296 405 405 
16 16 16 113 184 184 291 291 291 
46 271 282 339 339 339 339 403 403 
123 123 159 159 330 330 402 402 468 468 468 
314 314 314 
219 
357 357 496 496 
211 211 236 236 383 383 383 415 415 415 460 460 460 
159 
314 
449 
22 22 22 293 293 
150 150 150 150 294 294 294 294 
182 182 182 182 236 460 
35 45 413 413 
76 
88 98 98 393 393 393 393 420 
109 109 250 250 271 271 271 374 374 374 468 468 
5 5 134 134 134 134 
59 59 182 182 182 182 325 325 325 325 346 346 346 346 459 459 
41 105 156 156 156 156 156 
56 56 129 129 129 191 191 
236 236 288 288 344 
128 413 
314 435 
41 101 101 101 268 268 268 293 354 354 354 462 462 462 
162 
37 339 339 464 464 
155 155 271 271 327 
4 4 4 124 131 131 202 202 202 219 219 232 
17 17 111 111 111 111 111 125 125 125 136 136 136 182 182 182 182 187 314 314 314 413 
76 76 184 184 184 289 353 353 478 
41 
259 259 259 377 377 
13 13 47 444 444 
211 230 230 236 432 432 432 438 

354 450 450 450 
63 383 415 
452 452 
271 307 322 322 322 322 
72 72 358 358 358 
152 152 215 215 280 314 314 
339 428 428 428 442 442 
159 364 477 511 
408 408 
101 101 104 195 195 195 267 267 
213 273 273 273 
126 126 126 349 491 491 
56 56 
5 273 273 273 
10 10 10 100 496 496 496 
39 39 159 159 166 166 469 
245 456 
193 
127 
314 314 314 314 
392 
30 65 96 96 314 314 
25 409 409 409 409 
302 302 302 302 302 
31 31 120 315 336 336 
56 56 235 235 235 236 388 388 

31 31 120 120 120 
51 184 184 354 354 366 
21 130 185 185 473 473 

3 3 3 
35 35 243 260 314 317 317 317 317 317 
81 81 82 289 289 289 289 
197 197 240 357 431 431 476 476 476 
389 

182 
161 193 193 382 382 
76 
354 354 
325 325 358 358 358 
5 
238 248 276 
347 
104 104 
5 86 192 192 192 192 198 198 354 354 354 
76 76 405 

159 159 159 469 
