nodes: 512 edges: 967

225 225 441 
91 91 111 153 153 182 182 183 356 
76 76 218 271 271 408 
454 
50 50 86 86 86 184 184 184 198 225 255 255 273 408 408 408 441 504 
404 
233 266 266 271 
196 224 224 313 
271 


184 202 355 

117 117 267 
150 182 182 335 335 475 
426 426 


104 

31 
32 32 331 497 497 
290 290 480 
76 144 144 
408 484 
271 271 271 408 408 408 
76 76 207 346 
178 
56 56 
180 483 
21 105 172 184 184 354 354 486 486 489 489 
22 22 41 184 
67 

314 314 314 439 439 494 494 494 

406 415 
358 358 
62 159 159 166 219 219 267 267 302 302 330 330 330 402 405 405 477 477 
236 401 
32 85 85 85 99 99 137 151 160 184 184 324 399 445 492 
323 323 323 

86 
76 76 413 413 413 
64 145 339 395 464 
76 
239 

5 5 361 
222 338 338 338 490 
184 184 345 

299 
414 
29 29 191 236 285 285 304 304 388 446 487 
415 415 415 

444 
104 
329 359 359 
39 206 241 250 250 330 330 
415 463 463 
46 
193 362 362 362 416 
141 
33 281 
169 296 371 
236 338 344 
184 246 246 388 388 409 409 
253 253 330 330 
358 358 466 
194 315 405 405 405 
193 193 193 
383 
3 3 24 27 27 45 45 47 78 107 109 184 186 196 196 199 207 208 208 228 228 229 229 242 245 270 270 270 292 322 346 346 346 354 354 361 413 413 413 423 440 440 509 

76 
236 236 310 
214 
184 184 223 248 261 389 495 
121 142 142 143 389 
321 
85 85 
41 41 41 84 84 312 348 
5 5 5 44 508 
108 370 408 408 
167 504 
358 
358 358 
2 2 360 360 
413 
414 414 
402 
147 147 147 165 165 165 165 
328 328 483 483 483 483 
290 290 293 293 
121 198 
41 41 156 156 354 354 
476 476 
140 140 212 221 267 450 450 450 471 
136 136 
146 189 213 
19 60 184 237 
31 106 184 184 216 476 
105 190 190 229 229 346 346 346 346 372 
76 
87 
76 199 250 442 442 442 442 
139 139 176 176 288 401 
2 182 455 455 
324 409 
184 184 184 246 246 426 

389 
206 
14 14 125 125 135 236 293 293 293 

222 
486 486 489 
82 98 

428 
219 219 219 387 454 
117 117 136 455 455 
185 185 473 
480 
413 448 
236 236 415 415 415 446 446 

454 454 
168 168 413 413 

354 380 380 443 443 
117 177 177 177 
102 102 125 455 
41 
184 345 
110 110 381 395 
101 101 220 220 324 
66 358 413 
82 82 414 
82 217 217 
24 24 228 282 
46 339 
103 
95 95 95 236 
191 

15 
41 257 257 257 257 257 354 354 395 
467 467 467 
2 2 
374 
413 
99 99 445 445 
233 276 310 
194 271 408 408 408 
39 39 188 188 188 231 305 305 305 330 428 433 482 510 
41 272 312 498 498 
382 
291 312 312 312 322 451 


95 95 95 95 383 
39 
88 220 220 413 455 
132 132 376 376 376 
68 233 

290 
31 

222 222 335 376 413 413 413 
298 407 
110 110 
135 135 135 300 
28 183 183 
371 371 
30 
367 
2 2 15 15 111 220 220 299 299 317 317 363 404 413 413 413 438 438 444 444 444 455 455 
2 178 178 
5 5 5 12 31 31 32 41 41 52 52 70 76 81 81 104 105 105 113 113 113 138 236 258 258 267 279 284 284 289 291 291 345 396 396 415 415 426 426 451 456 
126 126 491 
76 245 

159 159 159 
103 
106 106 334 
56 148 267 304 304 446 
236 310 310 421 508 
65 74 74 74 270 270 270 286 358 413 479 479 479 500 500 
73 158 
236 249 267 282 471 471 471 
8 76 76 200 200 350 413 413 
265 
5 98 508 
76 109 207 
196 196 
232 
12 454 454 454 
271 
267 268 285 285 285 
305 
62 116 405 
27 76 199 337 478 
76 76 355 355 

244 
432 460 
101 233 233 
103 261 261 261 
80 314 314 
314 
105 
143 143 
3 271 
39 39 124 124 124 232 232 274 274 430 454 
140 140 167 167 182 182 316 316 378 413 413 
101 
51 119 174 174 314 314 376 376 413 413 502 
81 
8 8 313 
1 1 5 393 400 419 441 441 
292 
257 305 392 477 
76 76 144 270 
76 76 106 106 
236 275 460 460 
159 
201 219 219 454 
7 157 169 212 212 271 271 296 296 310 310 374 375 375 
503 503 

40 56 69 79 79 117 129 129 147 184 192 195 230 268 275 275 283 344 354 354 356 356 401 415 415 415 432 438 447 447 447 487 
104 
272 505 
48 

62 405 405 405 
76 416 
494 
210 358 
76 186 478 478 
70 70 113 113 
288 288 368 401 401 
81 408 408 505 505 
195 
62 62 109 336 374 374 374 417 442 
286 

71 71 

5 5 
260 273 273 
151 151 151 151 151 227 305 305 
184 184 409 409 
377 377 458 458 458 
256 354 
81 213 213 213 
271 
315 315 
385 385 
197 496 496 496 
7 7 391 
14 39 39 101 184 191 195 204 268 268 356 471 471 
204 236 267 267 278 450 450 

76 76 76 193 193 193 228 328 328 361 
3 3 7 9 26 26 26 158 203 218 233 233 262 282 282 287 287 339 354 354 374 374 375 395 401 408 412 427 427 442 442 453 453 
160 238 
5 256 256 381 
219 219 
230 236 236 
157 319 370 

268 
184 496 
467 467 
67 421 
144 195 271 271 374 374 427 
236 351 415 415 415 
184 184 
56 56 204 204 204 
193 251 413 413 
271 271 
110 247 247 447 447 
184 394 456 495 
23 23 97 97 171 
162 184 184 426 
76 226 
97 97 117 117 117 408 408 436 436 462 
408 408 437 437 
309 309 309 309 
68 233 233 425 
408 
175 347 
54 182 182 413 413 
177 
339 
39 39 385 485 485 
415 
56 56 191 191 
159 159 159 205 227 257 257 343 343 343 
370 370 
354 354 354 465 
467 
295 295 295 295 358 358 358 
79 157 192 192 233 233 364 364 

85 160 162 162 162 
8 224 
35 35 35 214 214 215 222 222 319 319 341 349 354 398 398 413 413 413 418 429 434 455 481 483 494 
73 263 263 336 336 486 
220 220 
182 182 494 

276 314 314 354 354 

83 359 
76 162 465 465 
42 42 42 
41 112 140 378 
358 384 424 424 424 503 
358 

96 96 270 270 
61 
39 39 39 62 62 71 71 159 369 428 
22 
413 413 420 420 
413 
190 413 
15 15 174 
250 315 315 
207 
51 51 51 69 
46 145 271 301 381 408 408 408 427 452 

314 505 

305 305 305 392 392 
69 236 
52 138 184 
27 76 76 76 106 106 106 106 444 444 
298 506 
85 
314 473 473 
196 
283 383 383 
402 
456 
31 31 76 76 99 99 134 151 151 236 236 260 271 271 307 307 307 314 319 319 396 396 450 490 490 502 508 508 
12 208 208 
2 236 236 267 
431 431 496 
38 38 72 72 89 90 90 141 193 244 309 309 309 325 326 413 413 413 466 
61 61 321 
91 91 
50 76 270 
65 65 65 413 
182 
310 310 467 


181 
247 
330 
87 276 306 306 
68 179 179 
106 

154 233 250 250 250 271 271 282 282 375 408 408 417 421 421 421 442 
233 233 271 374 
168 168 168 174 222 222 
259 259 458 
220 324 

134 134 
139 273 339 
161 403 500 
75 165 351 351 415 463 
325 
264 264 302 413 413 413 

124 
56 70 70 487 
81 82 115 
391 400 400 
266 390 
227 343 343 
225 441 
289 
46 139 151 271 
184 184 354 354 

314 314 
41 418 418 418 
225 390 390 
40 110 236 247 247 271 
39 94 352 405 428 
382 427 
6 182 
39 39 73 73 73 206 241 241 241 402 425 509 
37 
175 413 
3 5 5 5 25 26 26 26 87 87 158 158 158 248 248 271 293 293 294 294 297 339 339 339 374 374 470 
70 70 112 258 258 484 


271 
45 45 45 76 76 76 92 128 132 132 141 155 167 174 174 174 182 182 182 193 196 196 220 220 222 222 286 286 299 299 314 314 314 332 332 333 334 358 358 358 362 385 385 385 407 439 448 455 455 500 
55 93 93 142 
37 57 57 57 63 129 129 129 184 184 236 236 236 283 283 283 303 383 432 463 463 488 
65 242 
250 374 
314 399 399 399 
225 
332 332 441 
192 281 374 374 374 

76 
325 325 325 
296 405 
16 16 113 184 184 291 
271 271 282 339 403 
123 159 330 402 468 
314 
219 
357 357 496 
211 236 415 
159 
314 

293 293 
294 294 
182 182 236 460 
35 35 413 
76 76 
1 5 225 225 393 420 
109 109 109 109 250 271 271 374 468 
134 134 
59 182 182 182 346 346 459 
41 156 156 
56 129 129 191 
236 236 236 288 288 
128 413 
467 
101 101 101 268 268 354 462 462 
162 184 
339 464 
271 271 
4 124 131 131 202 202 202 219 232 
111 111 125 125 136 167 182 182 314 413 413 
184 289 353 

259 259 259 377 
444 
211 230 230 438 

293 450 450 
63 63 383 415 415 
46 452 
307 322 322 
72 358 
152 152 152 280 280 308 364 449 
428 442 
477 
408 
101 195 195 195 267 267 
475 
126 349 349 
487 487 
15 472 
100 100 105 
39 39 227 469 
207 245 245 
193 193 193 
23 127 
314 
159 
30 96 96 96 96 314 
25 409 
302 302 
31 31 120 120 315 489 
56 236 388 474 474 
415 
31 31 120 486 
51 354 354 
185 
41 

35 35 35 243 314 317 
81 289 
265 265 265 279 357 431 
22 22 
160 160 

193 193 382 413 

222 354 
234 234 325 
5 88 
238 248 248 341 
347 

86 192 198 354 354 
76 405 
159 

