nodes: 512 edges: 990
406 
3 3 225 225 225 
91 91 111 153 182 
1 1 76 76 76 271 271 408 408 408 408 408 493 
454 454 
50 198 198 225 255 273 273 273 354 354 354 400 400 408 408 441 475 508 508 

233 266 266 271 
196 313 
271 271 304 
476 
356 
184 355 
47 47 329 459 459 
117 136 267 
182 475 

455 
236 
104 

31 
32 32 32 32 108 115 331 389 414 414 414 461 497 497 

76 144 144 
408 424 484 

207 
178 183 
56 56 
180 483 483 
21 105 105 105 184 315 315 354 354 486 486 489 489 
22 22 22 22 41 41 41 184 
67 192 192 254 
144 
210 210 494 494 
106 

358 
62 159 159 166 219 231 231 267 267 302 330 402 405 405 477 477 
236 
32 32 32 85 85 137 151 151 151 184 324 354 354 399 445 450 450 450 
323 323 

137 
76 76 162 162 162 413 413 
64 64 145 339 339 381 395 
13 13 76 106 459 

236 
5 76 76 361 
222 338 338 490 490 498 
184 292 


93 93 236 236 290 414 
29 29 236 236 285 285 304 388 388 446 446 487 487 
471 

444 
278 
81 359 359 
39 206 206 241 250 250 330 330 
463 463 
46 46 303 381 
193 193 193 416 483 483 

33 281 310 347 
169 179 296 371 371 
236 344 
184 388 388 409 
253 
325 
194 194 315 315 315 405 405 405 405 
193 413 413 
383 383 
3 3 3 24 45 45 47 50 50 78 107 186 207 208 228 229 245 270 292 322 328 353 354 354 360 379 413 413 413 440 456 501 

76 
236 310 
214 214 
61 184 184 184 248 248 248 248 261 389 389 495 
115 142 329 389 389 495 
236 236 236 237 237 
85 85 312 
41 41 84 84 160 160 
211 508 
306 408 
504 504 
358 
326 
2 2 360 
413 413 
55 55 414 414 
315 402 
147 147 165 418 
328 483 
290 293 293 362 
121 121 121 198 198 420 441 
156 156 

195 267 267 378 471 
117 136 190 216 216 

19 138 170 170 184 237 237 507 
31 31 31 106 184 184 190 213 216 
36 47 105 190 190 190 190 229 286 286 286 
76 
22 
250 442 
139 139 139 139 176 176 288 
2 182 182 269 455 
324 409 
184 184 246 426 426 426 

22 82 389 389 
184 184 
14 102 125 135 136 184 293 
364 364 
222 413 413 

98 98 98 
222 

219 
117 455 455 455 
185 
480 

236 415 446 
389 
454 
168 413 413 

443 443 
117 177 177 236 
14 102 117 455 455 455 
41 44 241 
104 345 345 
110 110 110 110 271 271 271 381 381 395 
220 220 220 
413 413 
82 414 
217 
24 24 34 228 282 282 
46 154 154 154 339 
379 379 429 
95 95 236 344 

250 250 250 
248 248 408 437 
41 41 41 257 354 395 395 395 
467 
2 325 
145 145 145 
413 453 
99 99 280 445 445 445 
233 233 276 310 
194 194 271 408 
39 39 188 188 227 231 231 330 330 428 428 433 477 477 511 
85 85 498 
439 439 
45 45 45 312 322 451 451 451 451 

274 
95 329 329 383 415 
39 477 477 477 
220 220 413 
132 376 376 376 
68 296 
104 104 
290 290 290 290 

397 
335 376 376 413 
298 298 407 
110 110 288 371 371 
135 135 300 415 
28 183 
68 
30 
367 367 
2 15 111 111 220 220 299 299 299 316 316 316 317 363 363 413 413 413 438 438 444 444 455 455 499 
28 178 
12 31 32 41 52 70 81 81 81 104 105 105 113 113 116 116 117 213 236 246 267 279 289 289 289 324 338 345 355 396 415 426 451 456 
126 491 
76 245 245 245 
193 413 413 
159 159 477 

102 105 106 106 106 106 334 334 334 334 372 376 
267 267 268 446 
33 33 198 236 236 310 310 310 508 
65 65 65 74 187 270 270 270 413 413 
73 73 158 158 
101 236 267 267 282 
8 290 350 373 422 422 
265 
5 5 98 98 192 
207 207 

232 232 236 236 


267 285 285 285 285 
305 
62 62 405 
27 76 199 199 478 
76 
270 328 
35 35 244 244 244 244 
86 432 460 
233 310 375 
105 184 261 
80 80 215 314 
214 467 467 467 
102 102 105 
143 
271 408 
39 124 274 430 430 454 
140 140 140 167 167 182 182 378 378 378 413 413 

51 119 122 314 314 376 413 413 502 

313 350 
1 1 1 5 375 375 375 375 377 393 400 441 

159 305 
76 144 245 270 
76 106 
236 254 303 415 422 460 
39 39 159 159 
201 201 454 
7 157 157 212 271 271 296 310 310 374 
503 
487 
18 40 49 55 55 56 56 69 79 83 83 83 129 135 147 184 192 192 195 201 201 230 237 267 267 268 283 283 356 356 411 411 415 432 460 
83 83 104 104 236 
310 505 505 

282 476 
62 137 405 405 
416 
311 311 413 413 494 494 
210 210 210 210 325 358 
76 186 186 186 228 
113 184 
401 
81 81 81 81 150 150 265 265 265 408 408 505 505 505 505 

62 62 109 149 149 149 336 336 374 417 417 442 
286 413 413 

71 
33 230 283 
5 
354 354 385 
151 473 473 

377 458 458 

81 213 329 


334 385 
197 248 248 248 348 
7 7 
14 39 39 101 101 184 191 191 195 195 204 236 236 356 471 
191 236 450 
111 
76 193 193 193 209 228 328 361 
3 3 7 9 9 139 139 139 158 218 233 233 282 282 287 287 297 339 339 374 374 374 375 401 401 408 408 408 427 427 442 

5 5 5 354 381 472 
164 219 402 

157 370 
343 
60 
184 307 307 307 307 496 
156 467 
67 298 421 
144 144 195 240 271 271 374 374 374 374 427 
236 236 254 351 351 351 415 415 
302 
56 56 204 204 204 204 
106 106 106 251 413 
271 271 
110 176 447 
184 184 184 495 
55 97 171 171 171 171 196 

52 76 318 364 410 
97 97 117 408 408 436 436 462 
408 437 437 
309 309 
68 169 233 425 425 
271 327 408 408 
175 175 281 
182 182 182 314 360 413 
177 

39 284 385 485 485 485 
64 230 
9 56 
205 227 343 
87 370 370 408 408 412 
279 279 279 279 354 465 465 465 

295 295 358 358 400 
67 79 157 192 192 192 212 233 233 238 364 
243 243 
84 162 
8 224 
214 222 222 299 354 354 354 413 413 413 455 455 467 467 481 481 481 481 483 483 483 489 494 
31 31 73 73 73 94 336 336 
182 182 182 
182 494 494 
292 
354 354 354 

359 359 
76 162 
42 42 
41 112 184 
72 153 244 358 384 424 424 424 
90 413 413 
297 
76 96 209 270 
13 82 165 165 261 
39 62 62 159 159 428 
22 
413 420 420 420 

190 190 190 190 264 413 
174 
250 250 315 315 

51 51 184 
46 46 145 271 271 408 427 427 452 452 



277 305 392 
69 147 447 
138 138 184 
444 444 444 459 
67 421 506 
265 
410 473 
196 224 
283 283 283 383 415 

76 456 
5 5 5 31 31 41 41 76 76 151 256 256 273 307 314 314 314 319 319 319 396 396 462 462 490 502 508 
12 184 
11 236 236 267 
431 496 
38 89 244 309 309 325 413 413 503 503 
61 61 321 321 
76 91 299 
50 270 
97 413 
182 182 444 
118 118 292 310 469 
416 432 

181 181 496 496 


276 306 306 
68 68 176 176 
190 
196 
233 250 271 271 271 282 282 282 282 408 417 417 421 421 442 
212 225 225 225 225 271 
168 168 168 174 174 190 222 
225 259 
101 220 220 220 
76 146 146 

46 64 139 139 273 395 
500 
75 75 165 351 415 432 432 463 
325 
256 264 302 413 413 


56 56 70 70 487 
22 81 81 82 82 115 115 130 
400 400 
400 
343 
225 441 

46 139 151 151 151 381 
184 354 354 
173 

41 418 418 418 418 
5 5 225 309 390 390 391 
247 271 271 
39 94 274 
427 

39 39 73 73 73 73 206 241 241 509 
0 
175 413 
3 3 3 3 3 5 5 25 87 150 158 218 248 248 271 271 271 293 293 294 297 297 306 306 339 374 470 
70 112 484 484 
292 349 
236 236 
306 
45 45 74 74 76 76 76 92 92 119 119 132 132 141 141 155 167 174 182 182 182 187 187 193 193 220 220 222 222 243 243 251 251 286 299 314 314 314 326 326 332 334 358 358 362 385 385 407 439 455 455 494 
22 22 22 55 93 93 142 
129 165 177 184 230 236 283 283 351 383 432 
65 242 365 
250 250 374 374 
95 399 399 399 399 

98 332 332 332 
281 347 374 374 506 
196 196 230 

25 325 325 325 
296 296 
113 113 113 184 
271 271 282 339 339 403 
159 159 330 468 468 
146 
219 219 
357 496 
211 236 365 383 383 415 
159 

449 449 
293 293 
150 294 294 
182 182 
161 161 413 
76 
5 98 225 393 
109 250 271 374 468 
134 134 
59 182 182 346 346 346 363 459 
41 156 156 156 
56 56 129 191 
288 344 

435 435 467 467 467 
41 41 41 268 462 462 
162 162 162 162 184 
339 339 464 464 
155 
4 4 131 219 232 
17 111 125 125 125 136 136 136 182 182 314 314 413 413 
76 184 353 478 

259 259 
13 13 47 346 444 
211 230 236 
22 
293 354 354 450 450 
63 63 383 
452 452 
307 307 307 

152 215 215 215 280 314 314 449 449 449 
428 428 442 
364 511 
408 
57 101 267 
273 475 
257 257 349 491 
487 
5 15 472 
10 240 
39 39 159 159 166 166 166 188 
207 456 

127 
314 314 314 314 

30 30 65 65 96 314 314 314 
25 409 409 
302 302 302 
31 31 489 489 
56 56 235 388 474 

31 31 314 486 486 
51 51 354 
185 473 

3 
35 35 243 243 314 317 317 413 
81 82 289 
279 357 367 367 431 
22 22 
51 160 
182 
382 
76 
222 354 
234 358 358 
88 88 
238 238 248 248 248 248 
347 421 
104 
5 5 86 192 354 
405 

159 469 
