nodes: 512 edges: 1616
406 
3 3 3 225 
91 111 153 153 153 153 153 182 182 183 189 356 
1 1 1 54 76 76 76 271 408 408 493 493 493 
454 454 454 454 454 
34 48 50 86 184 184 198 225 273 279 354 354 400 408 408 408 408 441 443 443 443 475 475 508 508 
404 404 404 
233 233 266 266 271 
196 196 196 224 224 313 350 
271 271 271 304 304 304 304 304 
476 476 
356 356 356 356 356 385 
184 184 184 184 202 202 355 
47 47 459 
117 117 117 136 267 
150 182 182 335 335 335 444 475 
426 426 426 426 
455 455 
420 
104 104 104 
414 428 
31 167 491 
32 108 108 331 331 331 389 389 389 414 436 461 461 
290 480 
144 144 144 
408 408 424 
271 271 271 408 408 
76 76 346 
153 178 183 183 183 
56 56 
180 180 180 412 483 
21 105 105 172 184 184 315 315 354 354 354 486 489 
22 41 41 41 41 184 492 
67 192 192 
5 
210 210 210 210 309 309 309 314 314 314 314 439 439 439 439 439 494 494 
106 106 106 
303 406 415 415 415 415 
358 
62 62 159 159 163 166 166 166 267 267 302 330 405 405 477 
192 192 236 236 236 249 249 401 401 401 401 
32 32 32 32 85 99 99 137 151 151 160 184 184 184 324 354 354 354 399 450 450 450 457 
323 

111 111 137 
76 76 76 162 162 413 439 439 439 
64 64 145 145 145 145 339 339 381 381 395 427 
13 13 76 346 459 459 459 459 
5 239 239 239 239 
236 236 
5 76 76 76 361 361 361 400 400 
222 338 338 490 490 
184 184 292 292 292 345 345 
225 225 225 
3 501 
195 195 414 414 414 
29 29 191 191 236 236 236 304 304 304 304 388 388 388 388 446 446 446 474 474 487 
415 415 471 
173 397 397 397 
444 444 
104 104 236 278 278 278 278 278 
359 359 359 
39 39 206 206 206 241 241 250 250 250 
125 463 463 463 
46 46 303 381 381 381 465 
362 362 416 483 483 483 483 
141 289 
33 310 310 347 347 
169 296 296 296 371 
179 236 344 344 344 
184 246 246 246 388 388 388 388 409 409 
253 253 253 253 
325 325 358 466 
94 184 184 184 184 184 194 194 194 194 315 315 315 405 405 
193 193 193 193 413 413 
383 415 
3 3 3 27 27 45 45 45 47 50 50 50 78 107 109 109 184 184 186 199 199 228 228 228 228 229 242 242 270 270 270 292 292 346 346 346 353 353 353 354 354 354 360 360 361 413 413 413 440 456 456 501 509 
196 196 379 
76 216 
192 236 236 310 310 310 
214 214 214 418 418 
184 184 223 223 223 248 248 248 261 389 389 394 495 495 
121 142 142 143 143 
237 237 237 
85 85 85 
41 84 84 84 160 312 312 
5 
108 306 306 370 370 370 408 408 
504 504 
358 358 
358 
2 360 360 360 360 
182 413 
414 
73 315 315 402 402 402 402 
147 147 147 165 418 418 
328 328 328 483 483 483 483 483 
290 290 293 
121 198 198 420 441 441 
41 41 156 354 
197 197 476 
140 195 195 267 267 320 378 450 450 450 450 471 471 
136 136 136 
146 189 379 379 425 425 
19 19 19 60 60 138 138 184 237 237 471 495 507 507 
31 31 106 106 190 190 213 445 476 
36 36 36 105 105 190 229 229 229 286 286 286 286 346 372 372 
76 
22 22 87 115 414 414 
76 76 250 250 442 442 442 
139 139 176 176 288 288 401 
2 44 44 182 182 269 455 455 455 
184 184 253 324 409 409 409 409 
246 246 246 323 426 
367 
108 389 389 389 
184 184 206 415 
14 14 14 125 125 125 135 136 184 184 236 236 293 293 293 293 293 
364 
122 
486 486 
82 98 
119 222 
428 428 
219 219 387 454 
63 117 117 117 455 455 455 
185 185 473 
480 480 
448 448 
191 415 446 446 446 446 

454 454 
413 413 413 413 

354 354 354 389 443 443 443 443 
117 177 177 177 236 
14 102 102 102 117 
41 44 241 241 241 386 
104 104 184 345 
110 110 271 271 271 381 395 395 395 395 
101 220 220 
66 358 358 413 413 503 
82 82 414 414 
82 82 217 
24 24 24 228 228 282 282 
46 46 46 46 154 154 154 154 339 
103 379 379 379 
95 95 95 344 344 
191 191 191 
250 250 250 417 417 
15 248 248 248 408 408 408 437 437 437 
41 41 257 257 345 354 354 354 395 395 395 395 
287 467 
2 2 2 2 2 28 
145 145 145 145 374 374 
413 453 453 
99 445 445 450 
233 233 233 310 
194 194 271 271 271 408 408 
39 39 188 188 227 231 305 330 330 428 433 433 433 482 510 510 510 511 511 
41 85 272 312 312 498 
382 382 382 439 
45 45 251 312 312 312 322 322 451 451 451 451 451 
39 
274 
95 329 383 383 383 415 
39 39 39 477 
21 
376 376 
68 233 
237 247 
290 290 290 480 
31 
58 397 397 397 
222 335 376 376 
298 298 298 298 407 407 407 
110 110 371 371 371 371 497 
135 135 135 283 300 300 300 415 415 415 415 
28 
69 371 371 
30 30 30 437 
367 
2 2 15 15 92 111 111 299 299 299 317 413 413 438 438 438 438 444 444 444 455 455 455 
2 28 28 28 
5 5 12 12 12 12 31 31 32 41 41 41 52 52 70 73 73 73 73 73 76 76 81 81 104 112 112 116 116 117 117 138 213 213 213 221 236 236 236 246 267 267 284 291 291 292 324 324 345 355 396 396 415 415 426 426 451 451 456 490 490 
126 126 389 491 
76 245 245 440 
193 413 413 
159 159 477 
2 103 
105 105 106 334 334 372 372 
56 56 129 148 148 148 267 267 267 268 268 285 285 304 304 446 446 
33 33 40 40 79 198 236 236 310 310 310 421 508 508 508 508 508 
74 74 74 74 187 270 270 270 270 270 286 358 358 362 362 413 413 479 479 500 
73 73 73 73 158 158 
55 55 101 101 236 236 249 249 249 249 267 267 267 267 282 282 282 
8 8 8 77 77 200 200 224 350 373 373 
100 100 
5 98 98 192 441 508 
76 76 207 
196 196 
232 
12 12 454 454 454 454 
271 271 
267 267 268 285 285 
305 
62 62 62 116 293 303 405 405 
199 478 478 
355 
270 
35 35 35 35 244 309 309 309 
432 432 432 460 
233 233 310 375 
105 184 184 184 261 261 
80 80 80 215 215 215 314 314 
214 214 214 314 467 
78 
143 
271 297 408 
124 124 232 232 274 274 430 430 430 430 430 454 
140 140 316 316 316 316 378 378 378 378 413 
184 
51 122 174 314 314 413 502 
81 81 81 261 
8 8 196 313 313 350 350 
1 5 53 53 53 259 259 259 375 375 375 375 377 400 400 400 419 441 
292 
159 305 305 392 477 
76 76 76 76 144 144 245 245 
76 106 106 106 295 
236 236 275 303 415 415 422 422 422 422 460 460 
159 
201 219 219 
7 7 157 157 157 169 212 212 271 310 310 374 374 374 375 375 375 505 505 
503 503 
487 
40 40 40 49 49 56 56 56 60 69 79 79 117 117 135 184 184 184 192 192 195 195 230 230 237 267 267 267 268 268 268 275 275 283 283 344 351 354 354 354 356 356 356 388 401 411 411 411 411 411 415 415 415 432 432 438 438 447 447 447 447 460 487 487 487 
83 83 83 104 104 170 236 
272 272 272 310 505 505 
48 48 48 48 
345 
62 62 137 137 137 405 405 405 405 405 
76 76 416 416 416 
311 311 413 413 494 
210 325 325 358 358 
186 186 228 228 478 478 478 478 
70 70 70 113 113 113 184 
170 288 288 401 401 
81 81 81 150 150 150 265 265 408 408 505 505 505 
40 40 195 195 195 195 
62 62 62 109 109 149 149 149 336 336 336 374 417 442 
162 413 413 

71 71 71 71 112 
350 

273 273 385 
151 151 305 305 473 473 

225 225 225 377 377 458 458 458 
354 354 494 
81 213 213 223 329 329 
292 292 292 364 
315 315 
334 334 385 385 385 385 
248 248 348 
7 7 271 271 391 391 391 
14 39 39 101 101 184 184 191 191 191 195 195 195 195 204 204 236 236 236 268 356 356 356 471 471 
191 191 204 236 236 236 267 278 450 450 450 450 
111 415 
76 76 76 193 193 193 193 193 209 328 361 361 361 
3 7 9 9 9 26 26 26 139 139 139 158 158 158 203 203 218 233 266 266 282 282 282 287 287 297 297 339 339 354 354 354 374 375 375 401 401 401 408 408 412 412 427 427 442 442 453 465 
160 238 238 238 
5 256 256 354 381 472 
164 219 219 428 
230 236 236 
370 
343 343 
60 60 60 60 60 268 
5 307 307 307 496 
308 308 308 467 467 
298 298 298 347 347 356 421 
144 144 195 195 195 271 271 271 374 374 374 374 374 
177 236 236 351 351 351 
184 302 
191 191 204 204 
106 106 106 106 193 413 
152 271 271 
110 110 247 247 447 447 
66 394 394 394 456 491 495 495 495 495 
23 97 97 171 171 171 
184 184 426 
52 52 52 76 76 184 226 262 262 262 364 410 410 
97 117 117 117 117 117 206 408 408 436 436 436 462 462 
397 408 408 437 437 437 
229 309 
68 68 68 
218 271 271 327 327 327 327 408 408 
175 175 175 175 281 281 281 347 347 
182 182 182 413 413 
177 177 177 

39 284 485 485 485 485 
37 64 206 230 415 
9 9 9 9 9 56 56 56 56 191 191 
159 205 227 227 257 257 343 343 343 392 
87 87 370 370 408 
279 279 279 354 354 465 
280 280 280 467 467 467 
35 35 35 210 210 210 295 358 358 358 
67 67 79 79 79 157 192 192 192 212 233 233 238 364 364 
243 243 
85 85 160 160 162 162 162 
8 224 224 
35 35 35 35 214 214 215 222 222 319 319 319 349 349 354 354 384 384 398 398 413 429 434 449 449 455 455 481 481 481 483 483 494 
31 31 73 73 73 94 94 263 263 336 486 
220 220 220 220 
182 398 413 494 494 494 494 

314 314 314 354 354 354 
101 
323 359 359 
162 162 465 465 465 
42 113 321 
41 112 184 184 
72 72 244 244 358 358 424 424 424 444 444 444 503 503 
358 358 413 413 413 
297 297 297 297 
96 96 96 270 
165 261 261 
39 159 159 369 369 428 
22 22 22 
413 413 
413 
190 190 264 264 413 413 413 
15 15 15 174 413 
250 250 250 315 

51 51 415 
46 46 145 271 271 381 391 408 408 408 427 427 427 427 427 452 468 


405 
277 277 305 305 305 392 392 392 392 
69 69 69 147 147 236 
52 52 138 151 184 240 
27 47 76 76 76 106 444 444 444 444 459 
67 67 281 281 298 298 506 
265 
314 314 410 473 473 473 473 473 481 
8 196 224 224 254 
236 283 283 283 383 383 383 383 
402 402 
76 76 76 365 456 
5 5 31 31 31 41 41 41 76 76 76 99 134 134 134 151 151 151 236 236 236 260 260 271 271 271 273 307 307 314 314 319 319 319 450 462 490 490 502 508 508 508 
12 184 208 
2 11 11 11 11 11 236 236 236 267 267 267 281 
431 431 431 
38 72 89 89 90 141 141 193 193 244 244 309 309 309 325 325 326 326 466 503 
61 61 61 321 321 
76 76 91 91 91 91 
50 50 50 76 270 270 270 
65 65 193 193 413 

118 262 292 310 310 
353 415 

114 181 496 496 496 

330 330 
87 87 87 276 306 306 
68 176 176 176 176 179 179 
106 106 190 190 
196 196 
154 154 233 233 233 250 271 282 282 282 282 282 408 417 421 442 442 442 
212 225 225 225 225 233 233 233 271 271 
168 168 174 174 
225 259 259 458 
101 220 220 220 220 
77 103 103 146 146 146 

46 46 64 64 64 139 273 339 395 395 405 408 
161 161 161 403 500 
75 165 165 165 351 351 351 351 415 432 432 463 
314 314 
11 256 264 264 264 264 
137 
124 
56 56 56 56 70 70 70 70 236 423 
22 22 22 81 81 115 115 115 134 185 497 
391 391 391 400 400 400 
266 266 266 339 390 390 390 400 
227 305 343 343 343 343 482 
441 441 441 
81 289 289 289 
46 139 139 139 139 151 151 151 151 381 381 
184 184 
58 58 58 173 173 173 294 
314 314 317 
41 418 418 418 418 
5 50 50 225 225 225 390 390 390 391 
40 40 40 40 110 236 247 247 271 271 271 
94 94 94 94 352 352 405 428 
382 427 427 
6 6 6 
39 39 73 73 206 206 241 241 241 241 241 342 381 402 425 425 425 425 
0 37 
175 175 175 413 413 
3 3 5 5 5 5 25 25 26 26 87 87 150 150 150 158 158 218 248 248 271 271 293 293 294 294 297 297 306 339 339 339 374 381 437 470 
70 70 112 112 112 112 484 
292 292 349 
236 236 236 236 236 
30 271 271 
45 74 74 76 76 76 92 132 132 132 132 141 141 155 182 182 187 187 193 193 220 222 243 243 251 251 286 299 299 314 317 326 326 326 332 332 333 334 334 334 335 362 407 407 439 455 455 494 500 
20 22 55 55 55 93 108 108 142 142 
37 37 37 37 57 57 75 116 129 165 177 177 177 177 184 184 230 230 236 236 236 269 303 338 365 383 432 432 432 463 463 
65 242 242 242 
149 149 250 374 
80 80 95 95 399 399 399 399 
225 
18 98 441 
192 281 374 
230 230 230 230 
388 
25 325 325 325 
103 103 405 405 405 405 
16 16 16 16 113 184 184 291 
46 271 271 339 339 339 339 339 403 403 
20 123 123 159 274 330 402 468 468 
314 
219 219 219 219 219 
357 357 357 496 496 
211 211 211 236 236 383 383 415 415 415 460 460 
159 159 159 
314 
449 449 
22 293 293 293 
150 150 150 180 294 294 294 408 
182 182 182 182 236 236 460 
35 35 35 35 35 45 45 45 161 413 
76 186 
5 98 98 198 225 393 393 393 420 
109 109 109 250 271 271 374 374 374 468 
5 5 5 134 134 134 134 
15 59 59 182 182 182 325 325 325 346 346 346 346 459 459 459 
105 156 156 
56 56 56 129 129 129 129 191 191 
236 236 236 236 288 288 
128 128 
314 314 435 435 
41 41 41 101 101 101 101 156 268 268 268 268 354 462 
162 162 162 162 162 184 184 
339 464 
155 155 271 
4 4 4 4 4 124 131 131 202 202 202 202 219 
17 17 111 111 111 125 125 125 182 182 182 314 314 413 413 
76 76 184 289 353 478 478 478 478 478 
41 
259 259 259 377 
13 47 47 47 47 346 444 444 444 
211 230 230 236 432 432 438 
22 22 497 
293 293 354 450 
63 63 63 383 415 415 
452 
64 271 307 322 322 322 
72 358 
152 215 280 280 308 308 308 
339 428 428 442 
511 511 
408 
57 101 101 104 267 267 
273 
126 257 257 349 349 349 349 349 491 491 491 
56 56 487 
5 5 15 
10 10 100 105 496 496 
39 166 188 227 
207 207 245 245 245 245 456 456 456 456 456 
193 193 
23 127 127 171 
314 314 314 349 
159 392 
30 65 65 65 65 96 96 96 96 96 314 314 
409 
302 302 302 302 
31 120 120 315 489 
56 235 236 236 236 474 

31 486 
51 51 184 184 354 354 
21 185 289 473 473 473 
32 
3 3 3 
35 35 243 260 314 317 317 317 317 413 
81 81 104 289 289 289 289 
279 367 367 367 431 431 476 476 
176 389 461 
160 

193 382 413 
54 76 
222 354 
141 234 234 325 325 358 
88 88 
233 233 238 238 248 248 248 
347 
104 104 
5 5 192 192 192 192 192 198 354 354 354 
76 
159 159 159 
159 159 469 469 
