nodes: 512 edges: 1615

3 3 3 225 225 225 225 441 
91 91 91 153 153 182 182 189 189 189 
1 1 1 54 76 76 218 271 271 271 408 408 408 408 493 493 
454 454 454 
34 48 48 50 50 86 86 86 86 86 184 184 184 198 225 255 255 255 273 273 273 279 354 354 354 400 408 408 441 441 443 475 504 508 508 508 
404 404 404 
233 233 266 266 271 271 271 
99 196 224 350 
271 271 271 304 304 304 
476 476 476 
356 
184 184 184 184 184 202 202 355 355 
47 47 47 459 459 459 
64 117 136 
335 335 335 444 475 
426 426 426 
86 390 390 455 455 455 
420 

414 428 
31 31 
32 32 32 108 108 331 331 331 389 389 389 461 461 461 497 497 
290 
144 144 478 
408 
271 271 271 271 408 408 
76 207 346 346 346 
153 183 183 
56 56 56 
180 180 483 483 
21 21 105 105 105 184 184 354 354 
22 22 22 41 41 41 492 
192 254 
5 144 
309 314 314 314 314 494 494 
106 106 106 
406 415 415 415 
358 358 358 
62 159 159 159 166 166 231 231 231 239 267 267 302 330 330 402 402 405 405 
192 192 192 236 236 249 249 401 401 401 401 
32 32 32 137 151 151 160 184 184 324 354 354 354 399 445 445 445 450 450 492 
323 323 

86 111 111 111 111 
76 76 162 162 162 162 318 413 413 413 439 
64 64 145 145 381 381 381 395 395 427 464 
13 13 13 76 76 106 459 459 459 459 
5 5 239 239 239 
236 
5 5 76 76 361 361 361 361 400 400 
222 338 338 338 490 490 
184 184 292 292 292 292 345 
225 225 
3 299 501 
93 93 236 414 414 
29 29 29 70 191 236 285 304 304 304 304 388 388 388 388 388 446 446 487 487 487 
415 
173 294 294 294 397 397 
444 
278 278 
359 359 
39 206 241 250 250 250 330 330 430 
125 463 463 463 463 
14 46 46 303 381 381 
193 193 242 362 416 416 483 483 483 
141 141 
281 281 281 310 
169 179 179 296 371 
236 236 338 344 344 
56 184 184 246 246 388 388 
253 253 253 253 
325 325 358 466 466 
184 184 184 184 184 194 194 194 194 315 405 405 405 
193 193 413 
383 383 383 415 
3 3 27 45 45 47 47 50 50 78 107 109 109 109 184 184 184 186 186 186 196 196 196 199 199 207 207 208 228 228 228 229 229 245 245 270 270 270 292 322 328 328 346 353 353 354 360 361 413 413 423 423 440 456 456 501 509 
196 
76 
236 310 
214 214 214 214 
184 184 223 223 223 248 248 248 261 389 394 394 495 
115 121 121 121 143 143 329 329 329 389 389 389 
236 236 237 237 237 
85 85 312 
84 84 160 160 312 
5 5 5 5 5 17 44 211 508 
306 370 408 
504 
200 
358 
2 2 2 360 360 360 
182 182 413 413 413 
55 55 414 414 414 
315 402 402 
165 165 165 418 
328 328 483 
290 290 290 
121 121 121 198 198 198 441 
8 156 156 354 354 
197 197 265 476 476 
221 221 221 267 267 378 450 471 471 
117 117 136 136 136 136 216 216 
146 189 379 
138 170 170 237 471 507 507 507 
31 31 31 106 106 184 184 445 
36 36 36 47 105 105 190 229 229 229 286 286 286 346 346 346 346 346 372 372 
76 
22 22 115 115 414 
76 76 76 199 250 250 442 
139 139 139 176 288 288 390 
44 44 44 44 182 182 269 455 455 455 455 
184 324 324 324 409 409 409 
184 246 246 426 426 426 426 
367 367 367 
82 108 108 389 
184 415 415 
14 102 102 125 125 135 135 136 136 236 293 293 293 293 
364 
122 122 413 413 
486 486 486 489 489 
82 82 82 98 98 98 
119 119 222 222 
428 428 428 
219 219 387 387 
63 117 117 136 136 455 455 455 
473 473 473 
480 480 480 
413 413 448 448 448 
191 236 415 415 415 446 446 446 

454 454 
168 168 413 413 413 
381 
354 354 354 380 443 443 443 443 443 
117 117 177 177 236 
14 102 102 102 102 117 117 125 125 455 455 455 
41 241 241 324 
104 184 345 345 345 345 345 
110 110 110 271 271 271 381 381 395 395 395 395 395 
220 220 220 220 
66 66 413 
414 414 
82 82 217 217 217 
24 24 34 228 282 282 282 
46 46 154 154 154 154 339 339 
103 379 
236 344 
191 191 191 
250 250 371 417 417 
248 248 248 408 408 437 437 
41 41 354 395 395 395 395 
292 
2 2 28 
145 145 145 145 374 374 
413 453 453 453 
99 99 445 445 445 450 
233 233 233 
271 271 408 408 
39 39 39 188 188 188 188 188 227 231 231 305 330 330 428 433 469 510 511 
41 85 85 272 272 272 312 312 498 
382 382 382 382 439 439 500 
45 45 45 45 312 322 451 451 


95 95 95 329 383 383 
39 39 477 477 
220 220 413 413 413 455 
132 132 376 376 376 
68 296 
104 104 
290 290 290 290 

58 397 
222 222 335 335 376 413 413 
298 298 298 298 407 407 407 
110 371 371 
135 135 283 283 415 415 
183 183 
68 68 371 371 371 
30 30 437 
367 367 
2 2 92 92 111 111 220 220 299 299 299 299 317 317 317 317 363 363 413 413 413 438 438 438 438 444 444 444 455 455 455 499 
28 28 178 178 
5 5 5 12 12 12 12 12 31 31 41 41 52 52 70 70 73 73 73 73 73 76 76 76 81 81 105 105 112 113 116 138 213 213 213 221 221 221 236 236 246 246 258 258 267 279 279 289 291 292 324 324 338 338 345 355 355 396 415 415 415 426 451 451 456 456 456 490 490 
491 
76 76 76 245 245 245 322 440 440 
413 413 455 
159 159 159 159 159 477 
2 2 2 103 
106 334 372 372 
56 129 148 148 148 267 267 267 268 285 285 304 446 
33 40 40 40 236 310 310 310 508 508 508 
65 65 74 74 270 270 270 270 358 358 413 413 479 479 500 500 500 
73 73 73 73 
236 236 249 249 267 267 282 282 282 282 282 471 
8 76 76 76 77 224 290 290 350 350 350 373 373 422 422 422 
100 100 496 496 
5 98 98 98 441 
76 76 109 207 207 
89 
232 232 232 236 236 
12 12 355 405 454 
271 271 
267 267 268 285 285 285 285 
305 
62 293 405 405 
27 76 76 199 199 337 478 
76 355 355 355 

244 244 244 309 
86 432 432 432 460 460 
233 233 310 310 375 
184 184 184 261 261 261 
80 80 80 80 215 
214 314 467 467 
102 102 
143 143 143 
3 297 
124 124 232 232 232 430 430 454 454 
140 140 140 140 167 167 182 182 316 316 378 378 378 
101 101 101 184 184 184 
51 122 122 174 174 376 413 502 
81 81 81 261 
8 196 
1 1 1 1 5 53 53 259 375 375 375 377 393 400 400 400 400 400 419 441 441 441 
292 
159 257 257 305 305 305 392 392 
76 76 76 144 270 
76 76 106 106 106 295 295 390 
236 254 275 275 303 415 415 460 460 460 
39 39 39 159 159 
201 201 201 219 219 219 454 
7 7 157 157 157 212 212 271 271 296 310 310 374 374 375 375 505 


40 40 49 55 56 69 69 79 83 83 117 129 135 147 184 184 192 195 195 201 201 230 237 267 268 268 268 275 283 283 344 344 354 354 356 356 401 411 411 411 415 415 432 432 432 438 447 460 487 487 487 
83 83 83 104 236 
272 310 505 505 505 
39 48 48 48 405 
476 476 496 496 
62 137 137 405 405 405 405 
65 416 416 416 416 
311 413 424 494 
210 210 210 325 325 325 358 
76 76 186 186 186 478 478 478 
70 70 113 113 184 184 
288 288 288 288 401 
81 81 81 150 150 150 265 265 408 408 505 505 505 
40 40 195 195 
62 62 62 109 109 149 149 336 336 336 374 374 374 417 417 
286 

71 71 71 71 
33 230 283 350 
5 5 5 
273 385 
227 227 305 305 473 
184 184 409 409 409 
225 377 377 377 377 458 458 458 482 
354 354 354 354 494 
81 213 213 213 223 
292 
315 
334 385 385 
100 248 248 
7 7 271 271 391 391 391 
39 39 101 101 184 191 191 191 195 195 204 204 236 268 356 
191 204 236 236 236 267 278 450 450 
111 415 415 
76 76 76 193 193 193 193 228 328 328 328 328 361 
3 3 3 7 7 7 9 9 9 26 26 26 26 139 139 139 158 158 203 203 233 233 266 266 282 282 297 297 339 339 354 354 374 374 375 375 401 401 408 408 412 412 427 442 442 453 
160 160 160 238 
5 5 5 256 354 354 472 472 475 
402 402 
230 230 236 

343 343 343 415 
60 60 268 
5 184 184 307 307 307 307 
308 308 467 467 467 
67 67 67 298 356 421 
144 144 144 195 195 195 195 195 271 271 374 374 374 374 427 
177 177 236 236 254 351 351 351 415 415 415 

56 191 191 204 204 204 204 
106 106 106 251 413 413 413 

110 110 247 247 247 247 447 447 447 447 
184 394 394 394 456 495 
23 97 97 97 171 171 171 171 196 196 
184 426 
52 52 52 52 76 152 184 226 262 318 364 364 364 410 410 
117 117 117 117 206 408 408 408 450 462 462 462 
58 58 58 397 408 437 437 
229 229 309 309 309 
68 169 233 
218 271 271 327 327 327 327 327 408 408 408 
175 175 175 175 281 347 347 
54 182 182 182 182 413 413 413 


39 385 485 485 485 485 
64 230 
9 9 9 56 56 56 56 191 
159 205 227 227 227 257 257 343 343 343 343 392 
87 370 408 408 408 
279 279 279 279 354 465 465 
280 280 467 
35 210 295 295 295 358 358 400 
67 79 192 192 192 212 212 233 233 238 
243 
84 85 160 160 162 

35 35 35 35 215 319 319 319 354 354 354 384 413 413 418 418 418 434 434 455 455 467 481 481 481 483 483 489 494 
73 94 263 336 486 486 
220 220 
182 182 182 182 398 398 413 
45 292 413 413 
314 314 314 354 354 354 

323 323 359 359 359 
76 162 186 465 
42 42 321 321 359 
41 112 112 112 137 184 184 378 
72 72 244 244 244 424 424 424 424 444 444 503 
358 358 413 413 
297 297 297 297 297 453 
76 76 96 96 270 270 270 270 
82 82 82 165 
39 39 62 62 159 159 369 369 428 
22 22 22 
413 420 
413 413 
190 264 413 
15 15 15 174 174 
250 250 250 315 486 
207 
51 51 51 69 184 184 415 415 
145 145 271 271 381 381 381 391 408 408 408 427 427 452 452 468 


405 
277 277 277 305 305 305 305 392 392 392 
69 69 147 236 236 447 
52 138 138 138 138 138 184 
27 27 27 76 106 106 106 106 106 444 444 459 
298 298 506 506 

473 473 473 
8 196 196 196 254 
283 283 283 383 415 
402 402 402 
76 76 456 456 
5 5 5 31 31 41 41 41 76 99 99 134 134 134 151 236 236 260 260 260 260 271 271 273 273 307 314 314 314 319 319 319 396 396 396 450 450 462 462 462 490 490 502 508 
12 12 184 184 202 208 208 208 
11 236 236 267 281 
431 431 431 496 496 
38 38 38 72 90 193 193 244 309 309 326 326 413 413 466 503 503 
61 61 321 321 321 323 
76 91 91 91 
50 50 50 50 76 270 
65 413 413 
182 182 444 
118 292 292 292 469 
415 

114 114 114 181 181 496 496 496 

330 330 
87 306 
68 149 176 176 179 179 179 
106 106 190 190 
196 196 
154 154 233 233 250 250 250 271 271 282 282 282 282 375 408 421 421 421 442 442 
212 225 225 225 233 233 271 271 374 
168 168 168 174 222 
225 259 259 259 259 458 
101 220 220 220 324 
103 146 
134 
46 46 46 64 64 133 139 139 339 339 339 395 395 395 405 408 408 
161 161 161 161 500 500 
75 75 75 165 165 351 415 432 432 463 463 
314 
256 264 264 302 413 

124 124 
56 56 56 56 56 70 70 487 
22 22 22 81 82 82 82 115 497 
17 17 110 229 391 400 400 400 400 
266 266 266 339 390 400 
227 227 305 343 343 343 
225 441 441 441 441 
81 81 289 289 289 
46 46 139 139 139 139 139 151 151 151 151 381 381 381 
184 354 354 354 
58 58 173 294 
317 317 
41 418 418 418 418 
5 50 50 225 225 225 225 225 309 390 390 390 390 391 
40 40 40 40 236 247 271 271 
39 39 94 94 274 274 352 352 352 405 428 
427 
6 6 6 
39 39 73 73 73 202 206 206 239 241 241 241 241 342 381 402 425 425 425 425 425 509 
37 
175 175 175 413 
3 3 3 3 5 5 25 26 26 87 150 150 158 158 248 248 271 271 293 293 293 294 297 297 297 306 306 306 339 339 339 374 381 381 437 470 470 470 
112 112 112 258 258 258 484 484 484 484 
292 292 
236 236 236 
271 271 
45 45 45 74 76 76 92 92 92 119 119 128 128 132 132 132 141 155 167 167 167 174 174 182 182 182 187 187 193 193 222 243 286 286 286 299 299 299 314 314 317 318 318 326 326 332 333 333 334 358 358 362 362 385 407 439 448 455 455 494 
20 55 55 93 93 93 108 142 142 
37 37 37 57 75 116 116 129 129 129 177 177 184 184 184 230 230 236 236 269 269 277 283 283 283 338 338 351 365 383 432 432 463 488 
65 65 242 242 242 242 
149 149 250 250 
95 314 314 314 399 399 399 399 
225 
18 332 441 
281 374 374 374 
196 196 196 
76 76 
243 325 325 325 325 
405 405 405 405 405 
16 16 16 113 113 113 113 184 291 
46 271 282 339 339 403 
20 123 123 123 159 330 402 468 468 468 468 

62 219 219 
357 357 357 496 496 
211 211 211 236 236 236 383 383 415 415 460 460 
159 
314 314 
449 

150 150 180 294 294 408 
182 182 182 182 236 460 
45 161 161 413 
76 186 186 
1 5 5 98 198 225 225 225 393 393 393 393 420 
109 271 271 374 374 468 468 
5 134 134 134 134 134 
15 59 182 182 182 325 325 346 346 363 459 459 
41 41 41 105 156 156 156 
56 56 129 129 129 191 
236 288 288 288 288 344 
128 128 128 413 
435 467 467 467 
41 41 101 156 268 268 293 354 354 462 462 
162 162 184 184 
339 339 464 
155 155 155 271 327 
4 4 4 131 131 202 219 219 232 
17 17 17 111 111 111 111 125 125 125 136 136 136 167 182 182 182 187 314 314 413 413 
76 76 184 184 184 289 353 353 478 478 478 

259 259 259 377 
13 13 13 47 47 47 47 346 444 444 
211 211 230 230 230 236 432 432 438 
22 22 22 
293 293 293 354 354 354 450 450 
63 63 63 63 383 383 415 
46 452 
307 307 322 
72 72 358 
215 215 280 280 280 308 314 449 449 449 
339 428 428 428 428 442 442 
159 364 477 511 
408 408 408 
101 101 104 195 
273 273 475 
126 126 126 257 349 349 349 491 491 491 
487 487 
5 15 273 472 
10 10 10 100 100 240 240 496 496 496 
166 166 188 469 
24 207 245 245 245 456 456 456 
193 193 
127 127 127 
314 314 314 
259 
30 30 65 65 65 96 314 314 
409 409 409 409 
302 302 302 302 
120 120 120 315 315 336 489 489 
56 56 56 236 236 236 388 474 474 
415 
120 120 314 486 486 
51 51 184 184 354 354 
185 473 473 473 
32 41 
3 3 
35 35 243 260 314 413 
81 289 
197 197 240 240 357 357 367 367 367 431 431 476 476 476 
22 22 389 
160 
182 
161 193 193 193 382 382 
54 76 
222 354 
325 358 358 
5 88 
233 238 238 238 248 248 248 
347 347 
104 104 104 
5 5 5 86 192 192 192 354 
76 405 
159 
159 469 
