nodes: 512 edges: 1583
64 406 
3 3 3 3 225 
91 111 153 153 182 182 189 
1 1 1 1 76 76 76 76 271 271 408 408 408 408 408 493 493 
454 454 454 454 
34 50 86 86 86 184 184 198 198 225 225 273 273 279 279 354 354 400 408 408 408 408 441 443 443 475 475 504 
404 404 
233 266 266 266 266 266 271 
224 224 313 313 350 350 350 
271 271 271 304 304 304 
476 
385 
184 184 184 202 355 
47 
64 76 117 136 267 
335 335 
426 426 426 
390 390 390 455 455 
236 
104 
428 428 
491 
32 32 32 108 331 331 331 389 389 414 414 436 436 497 497 
290 480 
76 144 144 144 144 363 
408 408 424 484 
271 271 271 408 408 408 
76 76 346 346 346 
178 178 178 183 183 
56 56 56 
180 340 412 483 
105 105 105 184 184 354 354 354 
22 22 22 41 41 184 
67 67 192 
5 
210 210 210 210 309 314 314 314 439 439 494 494 494 494 
409 
406 415 415 452 
358 358 
62 62 163 219 267 267 267 302 302 302 402 402 402 402 405 405 
192 236 236 249 401 
32 32 85 85 85 85 99 99 137 151 151 160 184 184 324 324 354 354 354 399 399 399 450 450 450 457 492 
323 323 323 323 

111 111 111 111 111 137 
76 76 76 413 413 439 439 
64 145 145 145 339 381 381 381 395 427 
13 76 76 346 459 459 459 
239 239 239 239 
236 
5 76 76 76 361 361 361 400 400 
338 338 490 
184 184 292 292 292 345 345 
225 225 
501 
93 195 195 236 236 414 414 
29 29 29 70 191 191 236 236 285 285 285 304 304 304 388 388 388 446 446 474 474 487 
471 

444 444 
236 236 278 278 278 278 
329 359 359 359 
39 39 206 206 206 241 241 241 250 250 250 250 430 
463 463 463 
0 14 46 381 
193 193 193 242 362 416 483 483 
141 
33 33 281 281 310 310 
169 169 169 296 371 
236 236 344 
56 184 184 246 246 246 388 388 388 388 409 409 409 
253 253 253 253 253 330 
325 466 466 466 
94 94 184 184 184 184 194 194 194 315 315 405 405 405 
193 193 193 193 413 413 
383 383 
3 3 3 3 14 24 27 27 45 45 45 47 47 50 50 50 107 184 184 184 196 196 196 199 207 207 208 229 229 229 245 245 270 270 270 270 292 322 322 328 328 346 346 354 360 379 413 413 440 456 456 
335 
216 
192 236 310 310 
214 214 214 418 418 
184 184 223 248 248 248 248 389 394 394 495 495 
121 121 121 121 143 495 
236 237 237 237 237 321 321 321 
85 85 202 312 312 
41 41 41 41 84 84 312 312 348 
5 5 5 211 508 
108 306 306 408 408 408 
167 504 
358 
358 
2 360 360 360 
182 182 182 413 413 
55 414 414 414 414 
73 73 315 315 402 402 
147 418 418 418 
304 328 328 328 328 483 483 
290 290 290 293 
121 198 441 441 
41 41 156 156 354 445 
197 197 
140 195 221 221 221 267 267 378 450 450 450 450 471 471 
136 190 216 216 
146 146 379 379 
19 138 170 184 237 471 507 
31 31 31 106 106 184 184 213 476 
105 105 190 229 229 229 229 286 286 346 
76 
22 87 115 414 
199 250 250 250 442 442 442 
176 176 288 401 401 
2 44 44 44 44 44 182 269 455 455 455 
184 324 324 324 409 409 409 
184 184 184 202 246 246 246 426 426 
367 367 
108 389 
184 415 
14 125 125 135 135 136 184 184 236 236 293 293 
364 
122 122 122 222 222 222 413 
486 486 486 
82 82 82 82 98 
119 119 119 222 222 
428 428 428 428 
219 219 387 
117 117 455 455 455 455 
185 185 473 473 473 473 473 
480 480 
448 448 448 
236 236 236 415 415 446 446 
389 
454 454 
151 413 413 
381 381 
354 354 354 389 443 443 443 443 
117 117 177 177 
14 102 117 455 455 455 455 
41 44 241 241 241 
104 184 345 345 
271 271 271 271 395 395 
101 220 220 
66 413 
414 414 414 414 
82 217 217 217 
24 24 24 24 228 228 228 
46 46 46 154 154 288 339 339 
103 103 379 379 429 
95 344 344 344 
191 191 
250 250 417 417 
248 248 408 437 437 437 437 
41 41 132 354 354 395 395 395 395 
287 292 467 467 467 
2 2 325 
145 145 374 374 
413 413 413 453 453 
99 99 445 445 450 450 
233 233 276 276 
194 194 271 271 408 408 
188 188 231 231 305 305 330 428 433 433 433 469 482 510 510 510 511 511 511 
41 272 272 498 498 
382 382 382 382 
251 291 451 451 451 
39 
236 274 
383 383 
477 
88 
376 376 376 
68 68 68 233 296 
104 247 247 
290 290 290 480 

344 344 344 397 397 
222 376 413 
298 298 298 298 407 
110 110 371 371 371 
135 135 283 415 415 
28 28 28 183 183 183 
371 371 371 
30 222 
367 367 
2 2 92 92 92 111 220 220 299 299 299 299 299 317 363 413 413 438 444 444 444 455 455 455 455 
28 28 178 178 178 
5 5 12 12 12 31 31 32 41 41 52 52 70 70 73 73 73 73 76 76 76 81 81 104 105 105 112 113 113 113 116 117 117 138 213 221 236 236 246 246 258 258 267 267 279 279 279 284 284 284 289 289 292 324 324 345 345 345 355 355 355 396 396 415 426 426 456 456 
126 126 491 
245 245 440 
193 
159 159 477 
2 
102 106 334 334 372 
56 56 148 148 267 267 285 285 304 304 304 
33 40 79 198 236 310 508 508 508 
65 65 65 74 74 74 74 187 270 270 286 286 358 358 362 362 413 413 500 
73 73 73 158 158 
55 55 101 236 236 249 249 249 267 267 267 282 282 471 471 
76 76 76 200 200 200 373 373 373 413 413 413 
100 100 496 496 
5 5 98 192 508 508 
76 109 207 
196 196 196 
232 232 232 232 236 415 
12 84 113 405 454 454 454 454 
271 271 
267 267 268 268 285 285 285 
305 
62 62 62 293 405 405 405 
76 76 199 337 337 
76 
215 328 
35 35 35 35 244 244 244 244 309 309 
86 432 432 432 460 
233 233 310 
105 184 261 261 472 
80 80 80 215 215 
209 214 214 314 
78 102 102 
143 143 143 
271 408 
39 124 124 232 232 232 454 454 
140 140 182 182 316 316 316 316 316 378 378 
101 101 101 184 
119 119 119 122 122 174 180 286 314 376 376 376 413 413 413 
81 261 
8 8 313 313 313 350 
1 5 5 53 53 375 375 375 393 393 400 419 441 441 
292 
257 257 305 392 477 477 
144 144 144 270 
76 76 76 106 106 106 106 295 295 295 
236 236 236 303 415 415 415 422 422 422 422 460 460 
159 159 
201 201 201 201 219 219 219 454 
7 157 157 169 212 212 271 296 296 310 374 374 374 375 375 375 505 
503 
487 
18 40 40 49 55 55 56 56 60 60 69 69 79 83 117 117 129 129 129 164 184 184 192 195 195 201 230 230 230 237 267 267 267 268 268 268 268 275 275 283 283 344 344 351 354 354 354 354 356 388 401 411 411 415 415 415 432 432 432 438 447 447 460 487 487 
83 83 83 83 104 236 
272 272 272 505 
48 48 48 48 
476 476 496 
62 62 62 137 137 137 405 405 405 405 
65 416 416 416 416 
311 311 413 424 494 494 
210 210 210 210 325 358 
76 76 186 186 478 478 
70 70 70 113 113 113 184 184 
170 170 266 288 288 288 288 401 401 401 
81 81 81 81 150 150 408 408 408 505 505 505 505 
40 195 195 195 
62 62 62 62 109 109 109 149 149 336 336 336 336 336 374 374 417 417 442 442 
162 
344 
71 71 71 71 71 
350 350 350 350 350 

260 354 385 
227 227 305 473 473 473 
184 184 409 409 
377 377 377 377 458 458 458 
256 354 354 354 494 
213 213 223 329 329 
292 292 292 
315 
334 334 385 385 385 385 
348 
7 7 7 7 7 247 271 271 391 391 391 391 
14 39 39 39 101 101 184 184 191 191 195 195 195 204 204 236 236 236 268 268 356 356 356 
204 204 236 236 236 236 267 267 450 450 
111 415 
76 76 76 76 193 193 228 328 328 361 361 
3 3 7 9 9 9 26 26 26 139 139 139 139 158 158 203 203 218 233 266 266 282 282 287 287 287 297 339 339 339 354 354 354 374 374 375 395 401 401 408 408 408 412 412 427 427 442 442 453 453 
160 160 238 238 238 
5 5 354 354 381 472 475 475 
164 
236 236 
157 157 370 
343 343 
60 60 60 60 399 
5 5 184 184 184 307 307 
308 308 467 467 467 467 467 
67 67 356 421 421 
195 195 271 271 374 374 374 374 427 427 
177 236 236 351 351 351 351 351 415 415 
184 184 184 
56 56 56 191 191 204 204 204 
106 106 193 193 222 413 413 
152 271 271 271 
110 145 247 247 247 247 390 447 447 447 447 
184 184 394 394 394 456 495 495 495 
23 97 97 97 171 171 171 
162 426 426 
52 52 52 76 152 184 226 262 262 262 364 364 364 
97 117 117 206 408 408 408 436 436 450 462 462 462 
397 397 408 408 437 437 437 437 437 
229 229 229 309 309 
68 169 233 233 425 
271 327 408 408 
175 175 175 175 347 
182 182 182 182 182 314 413 413 413 


39 39 39 485 485 
230 
9 9 9 56 56 56 96 191 191 191 
159 159 205 227 257 343 343 343 343 343 392 
87 87 408 408 412 
279 279 354 465 493 
280 280 467 467 
35 210 210 295 295 358 358 358 400 
67 67 79 79 192 212 233 364 
243 243 
84 84 85 85 
8 8 224 224 224 
35 35 35 215 222 299 319 354 354 384 398 398 413 418 429 455 455 455 481 481 494 
73 73 94 94 263 336 336 486 486 
220 220 220 220 220 
182 398 413 413 413 494 494 494 

314 354 354 354 

83 83 83 323 323 359 359 
76 76 465 465 
42 42 42 42 321 321 
41 41 112 112 112 184 184 378 
72 153 244 358 358 358 384 424 424 444 444 444 
358 413 413 413 
297 453 
76 76 96 96 96 96 209 270 270 
61 261 261 
71 159 369 428 
22 22 22 
420 420 420 
413 413 
190 190 264 264 
15 15 77 413 
250 250 250 250 250 315 315 486 
207 207 
51 51 415 
46 145 145 271 271 271 381 381 408 408 408 427 427 427 452 452 
30 

405 
277 277 305 305 305 305 305 392 392 392 392 
69 147 147 147 173 173 173 236 236 252 447 
52 52 138 138 184 184 184 
27 27 27 47 76 76 106 444 444 444 444 444 
298 421 506 506 
85 265 

8 8 8 224 254 254 254 254 254 
236 283 283 283 283 283 383 383 383 383 
402 
365 
5 5 31 31 31 41 41 41 76 99 134 134 134 151 151 236 236 236 236 256 260 260 260 271 271 271 273 273 307 314 314 319 319 319 396 396 450 462 490 502 502 508 508 508 
12 184 184 184 
236 267 267 267 281 
431 431 496 496 
38 38 89 90 193 193 244 309 309 309 325 325 325 326 413 413 413 
61 61 61 321 321 
76 91 91 91 
50 50 50 270 270 
65 193 193 413 413 
24 182 444 
118 292 292 292 310 
353 415 415 416 
490 
114 114 181 181 496 496 

330 
276 431 
68 176 176 176 179 179 179 
190 
196 196 196 
154 154 233 233 233 250 250 271 271 282 282 282 282 375 408 408 408 417 417 421 442 442 
225 225 225 233 233 233 271 374 
168 168 168 174 222 222 222 
259 259 259 259 
101 220 220 324 
76 103 103 146 146 

46 46 46 64 133 133 273 339 339 395 405 408 
161 161 161 161 500 500 500 500 
75 75 165 165 351 351 351 351 415 432 432 463 
314 325 
11 256 264 264 264 264 

124 
56 56 56 70 70 70 70 236 487 
22 22 81 115 130 134 497 497 497 
17 17 17 288 391 400 400 400 400 400 
266 266 266 266 390 400 
227 305 343 343 343 343 
225 225 441 441 441 441 
81 81 289 289 289 
46 139 139 151 151 151 151 271 381 
184 184 354 354 
173 173 294 294 
314 314 317 
41 41 41 278 418 418 418 
5 50 50 225 309 390 390 390 390 390 391 
40 110 110 236 247 247 247 271 271 
39 39 39 39 94 94 352 405 405 
427 
6 6 
39 39 73 73 73 202 206 206 206 241 241 241 241 342 381 402 402 425 425 509 
0 37 
175 413 413 
3 3 3 3 3 5 5 5 5 25 25 26 26 26 87 87 87 150 158 158 218 248 248 248 271 271 271 293 293 293 294 294 297 297 306 306 339 339 339 374 374 374 381 437 437 470 470 
36 70 70 70 112 112 112 258 258 484 484 484 

236 236 
30 271 271 306 
45 45 74 74 76 76 92 92 119 132 132 141 155 155 155 174 182 182 193 193 196 196 196 222 222 222 243 286 286 299 299 299 314 317 317 317 326 326 326 333 333 335 358 358 358 362 362 407 407 439 439 455 455 494 
22 22 55 55 93 93 93 93 108 142 142 142 142 
37 37 116 129 129 177 177 184 201 230 230 230 236 236 236 269 283 283 338 365 365 383 432 432 463 488 
65 242 242 242 242 365 
149 149 250 250 374 374 
80 80 95 95 95 314 399 399 399 
225 
332 332 332 441 441 
281 281 347 374 506 
230 230 230 230 

25 243 325 325 
296 405 405 
16 16 16 113 113 184 184 291 291 
46 271 271 282 282 339 339 339 403 
20 20 123 123 123 123 159 330 468 
146 314 
62 
357 357 370 496 496 
211 211 211 236 236 236 383 383 415 415 460 
159 159 159 

449 
22 22 293 293 
150 150 150 150 294 294 294 294 294 408 408 
182 236 
35 35 45 45 413 413 
76 186 
5 98 98 225 225 393 393 393 393 420 420 
109 109 109 250 250 271 271 374 374 468 
5 5 134 134 134 134 
59 59 182 182 182 325 325 325 346 346 346 346 346 363 459 
99 156 156 
56 56 129 129 
236 236 288 288 288 288 344 
128 128 128 
435 467 467 
41 41 41 101 101 101 101 156 156 268 268 293 354 
162 162 162 
37 339 339 464 464 
155 155 271 271 327 
4 4 4 4 131 131 202 202 202 202 219 219 232 
17 17 111 111 111 125 125 125 125 136 136 136 136 182 182 182 182 314 314 314 413 413 
76 76 184 184 289 478 
41 
259 259 259 
47 47 47 444 
211 230 230 236 432 
497 
293 293 293 354 
63 63 63 383 415 
452 452 
307 322 322 
72 72 72 
152 152 152 280 280 280 280 280 308 308 449 449 
428 442 
159 477 511 
408 408 
57 101 101 104 195 195 
213 273 475 
126 126 126 126 126 257 257 257 491 491 
56 56 487 487 
5 5 273 273 472 
10 105 240 240 496 
166 188 227 227 469 
245 245 456 

23 127 127 171 
314 314 
159 
30 65 65 96 96 
25 409 409 409 
302 302 
120 120 120 315 315 336 489 489 
56 235 236 236 388 474 474 
415 
486 486 
51 354 366 
21 185 473 473 
41 
3 3 307 
35 35 35 35 243 243 260 314 317 317 317 413 
81 81 82 289 289 289 
197 197 240 357 357 367 367 431 431 476 
22 22 389 389 389 461 
160 160 

193 382 382 382 382 
54 
354 354 
234 
5 88 
233 238 248 248 248 248 
347 347 421 
104 
86 192 192 192 198 198 354 354 354 
405 
159 159 159 
159 159 159 469 
