nodes: 512 edges: 1580

3 3 225 225 225 225 225 441 
91 91 111 153 182 183 189 189 356 
1 1 54 76 271 271 271 408 408 493 
454 454 454 454 
34 48 50 50 50 86 86 86 184 184 198 225 225 255 255 255 273 273 279 279 354 354 354 400 400 408 408 441 443 443 475 475 504 508 508 508 
404 404 
233 266 266 266 266 271 271 
196 224 313 313 313 350 
271 304 304 304 304 304 417 
476 476 
356 
202 355 355 
47 47 47 47 329 459 459 
64 76 117 117 117 
182 182 335 335 335 444 475 
426 426 426 
86 390 455 
420 
104 
428 

108 108 331 331 389 414 436 461 461 497 497 
290 480 
76 144 144 144 363 
408 424 
271 271 271 408 408 
76 76 207 346 346 
153 178 178 183 183 
56 
180 412 483 483 502 
105 172 172 172 184 184 315 354 486 486 489 
41 184 184 
67 192 192 
5 
210 210 210 210 210 309 309 314 314 314 439 439 439 494 494 
106 106 
406 415 415 452 
358 358 
62 62 62 159 159 163 163 166 267 267 302 302 330 330 402 402 402 402 405 405 405 477 
192 236 236 236 249 401 401 
32 85 85 85 85 99 99 151 151 151 160 160 160 184 324 324 354 354 354 399 399 445 445 450 450 450 457 492 
323 323 323 323 
362 
111 137 
76 76 162 318 413 413 413 
64 64 145 145 339 339 381 381 395 427 
13 13 13 13 106 459 
5 239 239 239 239 239 
236 
5 5 5 76 76 76 76 76 400 400 
222 490 490 
184 184 184 292 
225 
3 299 299 340 501 
195 195 195 236 414 414 414 
29 70 191 236 236 236 285 285 285 285 304 304 304 304 388 388 388 446 446 474 474 474 487 487 487 
415 
173 294 294 397 397 
444 
104 236 278 278 
81 81 359 359 
39 39 39 206 206 241 250 250 330 430 430 430 
463 463 463 
14 46 46 381 381 381 465 
193 193 483 483 
141 141 
33 281 310 310 310 347 347 
169 169 169 296 371 
236 338 344 344 
56 184 246 388 388 409 409 409 
253 330 
358 466 466 
94 94 184 184 184 194 194 194 194 315 315 405 405 405 
193 193 193 193 413 413 
383 383 415 
3 14 24 27 27 45 45 50 50 50 50 50 78 78 109 109 109 184 186 196 199 199 207 207 208 208 228 229 229 229 242 245 270 292 322 322 322 328 328 328 346 346 354 360 361 379 413 413 423 423 440 440 456 456 456 509 

76 76 
236 236 310 310 310 310 310 
214 
61 61 184 184 223 223 248 248 261 261 261 389 394 495 495 495 
121 121 121 142 143 143 329 389 389 
236 236 237 321 321 321 321 
85 312 
41 41 41 41 84 160 160 312 312 
5 5 5 17 386 508 
408 408 408 
441 504 504 

358 
2 2 360 360 360 360 360 
182 
414 414 414 414 
73 73 315 315 402 402 402 
147 147 147 165 165 
328 328 328 328 483 483 
290 290 
198 420 441 441 
41 41 156 445 
197 476 
212 221 267 267 378 450 450 450 450 450 471 471 471 
117 136 136 136 216 
146 146 189 379 425 425 
19 60 170 170 237 471 
31 106 106 184 190 213 216 445 
36 36 47 105 105 190 190 190 229 229 229 229 229 286 286 286 346 346 346 

22 22 115 115 
76 76 76 199 199 250 442 
139 139 139 139 176 176 288 288 401 401 
2 44 182 182 182 269 455 
324 409 
246 246 426 426 426 

108 108 389 389 389 
184 415 
14 14 14 102 125 136 184 236 236 236 293 293 293 
364 
122 122 122 222 413 413 
486 489 489 
82 82 82 
119 119 119 
428 
219 219 387 387 387 
117 136 455 455 
185 185 185 473 473 473 
480 480 
413 448 
236 415 446 446 446 
389 389 
454 454 454 
168 413 413 413 
381 
354 354 354 380 380 389 443 443 
177 177 177 177 
102 102 102 117 125 455 
44 241 241 241 324 
184 345 345 345 
110 110 110 110 271 271 271 395 395 
220 220 220 220 324 
66 66 358 413 503 
82 414 
82 82 217 217 
24 24 24 228 228 282 
46 46 154 154 339 339 
103 103 
95 95 95 236 344 
191 
250 250 417 
408 408 437 437 437 437 
41 41 41 257 257 257 345 354 354 354 395 395 395 
287 467 467 467 
2 28 325 
145 145 374 374 
413 413 413 453 
99 445 445 445 445 
233 233 276 276 
194 194 271 271 
39 39 188 188 188 428 433 433 433 477 510 511 
41 41 41 85 85 272 312 312 457 498 498 
382 
45 251 312 312 312 312 322 451 451 451 
39 39 
236 274 
95 95 329 329 383 415 
39 
220 220 413 413 413 
132 376 376 
68 68 68 233 296 296 
104 104 237 247 247 247 
290 290 290 480 
31 31 31 
58 397 397 397 
335 335 335 376 
298 298 407 407 
110 110 371 371 
135 135 135 135 415 
28 28 183 183 
371 371 371 
30 222 437 
367 
2 15 15 92 111 111 111 220 220 299 299 299 316 316 317 317 363 404 413 413 438 444 444 444 455 455 499 499 
2 28 28 178 178 
5 5 31 31 32 32 41 52 52 52 70 73 73 73 76 81 81 105 116 117 138 213 221 236 246 258 267 267 267 279 279 284 289 292 324 324 338 338 338 345 345 355 355 396 396 396 415 415 451 456 490 
126 126 126 491 
76 245 245 322 440 440 440 

159 159 159 477 477 
2 2 103 
105 106 106 106 334 334 372 
56 148 267 267 268 446 446 
33 33 40 236 236 310 310 310 310 421 508 508 508 
65 65 74 74 74 74 270 286 286 332 358 358 413 413 479 479 
73 73 73 73 158 158 430 
55 55 55 236 249 249 249 267 267 267 282 282 471 471 
8 76 200 200 290 290 373 413 413 422 422 
100 496 
5 98 386 508 
76 76 109 109 207 207 
196 196 
232 232 236 236 415 
12 355 355 405 454 
271 271 
267 267 267 268 268 285 285 285 285 

62 62 303 405 
27 76 76 199 199 337 478 478 
76 76 355 355 355 355 
328 
35 35 35 35 35 244 244 244 244 
432 432 
101 310 310 375 
105 184 261 261 
80 215 215 314 
214 214 314 314 467 467 
102 105 
143 143 
297 408 
124 124 232 274 430 
140 140 140 140 167 167 182 182 316 316 378 413 413 
101 184 
51 119 180 286 314 314 376 413 502 
81 81 261 
8 313 313 350 
1 1 1 1 1 5 5 53 259 259 375 375 377 400 400 400 419 419 441 441 
292 
257 257 305 305 392 477 477 
76 144 144 245 
76 76 76 106 106 106 106 106 295 
236 236 275 275 415 415 415 422 422 460 460 460 

201 201 219 
7 157 157 169 271 271 271 296 296 310 374 374 374 505 
503 503 
487 487 487 
40 40 40 49 55 56 56 56 60 69 79 79 83 83 117 117 117 129 147 164 184 192 192 195 201 201 230 230 237 267 267 268 268 268 268 275 275 275 344 344 354 354 356 388 411 411 411 415 415 415 432 432 432 438 447 460 487 487 
83 104 170 236 
272 272 505 505 
48 48 48 48 48 405 
476 476 476 496 496 
62 137 137 137 287 405 405 
76 416 416 
311 311 413 424 494 
210 210 210 210 325 358 
76 186 186 228 478 478 
70 113 113 184 
170 170 170 266 288 288 401 401 
81 81 265 265 408 408 505 505 
40 195 195 195 
62 62 109 149 149 336 336 336 336 374 417 442 
162 286 286 286 413 
344 
71 
283 350 350 
5 5 5 
260 
151 151 151 227 227 305 305 473 
184 409 
225 225 338 377 377 458 458 458 458 458 482 
256 354 354 494 
81 81 81 213 213 223 329 329 
271 292 292 

334 334 334 385 385 385 385 
248 248 348 
7 7 7 7 247 271 391 
39 39 101 101 184 184 184 191 191 195 195 195 204 204 204 236 236 268 268 268 356 471 471 
191 204 204 236 236 236 236 267 267 267 
111 
76 193 328 328 361 361 361 361 
3 3 3 7 7 9 26 26 26 139 139 139 158 158 203 203 233 233 233 262 266 282 282 287 287 287 297 297 339 339 339 354 354 354 374 374 374 375 395 401 401 408 408 408 412 412 412 427 427 442 442 453 453 465 
160 238 238 
5 5 354 354 381 472 475 
164 219 402 428 
230 230 236 236 236 
157 157 
343 343 
60 60 
5 5 184 184 307 307 307 307 
308 308 308 467 467 467 467 
67 347 347 356 421 
144 195 195 271 271 374 427 427 
254 351 351 415 
184 
56 56 56 56 204 204 204 204 
106 106 106 193 193 222 251 251 251 413 
152 241 271 271 271 
110 110 247 247 447 447 
184 394 394 394 456 495 495 495 495 
23 97 97 171 171 171 196 196 
426 
52 76 184 226 262 262 364 364 364 364 410 410 
117 117 117 408 408 436 436 450 462 462 462 
58 58 408 408 408 437 437 437 437 437 
229 309 309 309 
68 169 169 233 233 425 
218 271 271 327 327 327 327 327 408 
175 175 347 
54 54 182 182 182 314 360 

339 339 
39 39 485 485 485 
206 415 
9 9 9 9 9 56 56 56 56 
227 227 257 257 343 343 343 392 392 
370 412 
279 279 279 279 354 465 465 465 
280 280 280 467 467 
35 35 295 295 295 358 358 400 
67 67 67 79 79 79 79 79 192 192 192 192 212 212 233 364 364 
243 243 
84 85 85 160 160 162 162 162 162 
8 8 8 224 224 
35 35 35 214 215 215 222 222 299 319 319 319 341 349 349 354 354 354 384 384 384 398 398 413 413 418 418 429 434 434 455 455 455 467 467 481 481 481 483 483 483 483 483 489 
31 73 73 94 94 486 
182 182 220 220 
182 182 398 398 413 494 494 494 
45 413 
314 314 314 354 

83 83 83 83 323 323 323 359 359 421 
76 76 76 162 186 465 465 465 465 465 
42 42 42 42 321 321 321 
41 41 112 137 140 184 184 378 
153 244 358 358 358 384 424 424 424 424 444 444 444 503 
413 413 
297 297 297 297 297 
76 76 76 96 96 96 96 209 270 270 
13 82 165 165 261 261 
39 39 62 71 369 428 428 
22 22 
193 413 420 420 420 
413 
190 190 264 264 264 413 
15 15 15 174 174 174 413 
250 250 250 250 
207 
69 184 184 184 259 415 
46 46 145 145 271 271 271 301 301 381 381 408 408 427 427 427 427 427 452 452 452 
54 
314 505 
405 
277 277 305 305 305 392 392 392 392 
69 69 147 236 236 252 447 
138 138 138 151 184 184 
27 27 76 76 106 106 106 444 444 444 459 
67 67 281 281 298 421 506 
265 
314 314 473 473 473 481 481 
8 224 254 254 
283 283 383 383 383 383 383 415 
402 
456 
5 5 5 31 41 41 41 76 134 134 134 151 151 151 236 236 260 260 271 271 271 273 273 307 314 314 314 319 396 396 396 450 462 490 502 502 508 508 
12 12 184 184 202 202 208 208 208 208 
2 11 236 267 281 
431 431 496 496 496 
38 38 72 90 141 193 193 244 309 309 325 325 325 413 413 503 
61 61 321 321 
76 91 91 91 91 91 299 
76 270 270 270 270 
43 
24 182 444 
118 292 292 292 292 310 310 
415 432 

181 496 496 

330 
306 
68 176 176 179 179 179 
190 
196 
154 154 233 233 233 250 271 271 271 282 375 408 408 417 421 421 442 442 
212 225 225 271 374 
168 168 174 222 445 
225 259 259 458 458 
101 220 324 
76 103 
134 134 
46 46 64 64 64 133 273 339 339 395 405 408 408 
161 403 500 500 500 
75 75 165 351 351 351 351 351 415 432 
314 314 314 325 
264 264 264 264 413 
86 198 
124 124 124 
56 56 56 70 70 236 487 487 
22 81 82 82 115 115 115 130 130 134 497 
17 391 391 400 
266 390 390 400 
227 305 305 343 343 343 343 
441 
81 289 289 289 
46 139 139 151 151 151 271 381 
184 184 184 354 354 354 
58 58 173 173 173 
314 314 317 317 
41 41 418 418 418 
5 5 50 50 225 225 225 309 390 391 
40 40 110 110 247 247 271 271 
39 39 39 39 94 94 94 274 352 428 428 428 
382 427 427 427 
6 6 182 
39 39 39 73 73 73 202 206 239 241 241 342 381 
37 
175 175 413 
3 3 5 5 25 26 26 87 87 87 150 150 218 248 248 271 271 271 293 293 294 294 294 297 339 339 374 374 381 381 437 437 470 470 470 
70 70 70 112 258 484 484 484 484 
292 292 
236 236 236 
30 271 271 271 306 
45 45 45 74 74 76 76 119 119 128 132 132 132 141 155 155 155 167 167 167 182 182 193 193 196 196 220 220 222 243 251 286 314 314 317 318 326 326 332 333 334 335 358 358 385 407 439 439 448 455 455 455 494 500 500 
22 55 55 55 93 93 93 93 142 
37 37 57 75 116 129 165 177 184 184 201 230 230 230 236 236 236 283 303 338 351 365 383 463 488 
242 242 
9 149 250 374 
314 314 399 399 399 
225 225 
18 98 332 332 332 441 
192 281 321 347 374 374 
196 196 230 230 
76 76 
25 243 325 325 325 325 
103 103 296 
16 16 16 113 113 113 291 
46 271 271 282 282 339 339 339 339 339 403 403 403 
20 123 159 274 330 330 402 402 402 468 468 468 468 
314 
62 62 62 194 219 
357 357 496 496 496 
211 211 236 236 236 365 383 460 
159 159 159 
314 314 
449 
22 293 293 
150 150 150 150 180 294 294 294 294 294 408 408 
182 236 460 
35 35 35 413 413 
76 76 186 186 186 
1 5 88 98 98 225 225 393 420 
109 250 271 271 374 374 468 468 
5 5 134 134 
15 59 182 182 182 325 325 325 346 346 346 363 459 459 459 
41 41 99 105 156 156 156 156 376 
56 56 129 129 129 191 191 
236 288 288 344 
128 413 
435 467 
41 41 41 101 101 101 101 101 293 354 462 462 
162 162 162 184 
37 339 339 339 464 464 464 
155 271 271 
4 4 4 4 131 131 131 202 
17 111 125 125 136 182 182 314 314 314 413 413 413 
76 76 76 184 289 353 478 478 478 
41 160 
259 259 259 259 259 377 377 
13 13 47 346 444 444 444 
230 230 230 236 432 438 
22 22 
293 293 293 354 450 450 
63 63 63 415 
452 452 452 
64 271 307 307 307 322 322 322 322 322 
72 72 
152 152 152 215 215 280 280 280 280 308 308 314 314 449 
428 428 428 428 442 442 
511 511 511 
408 408 408 
101 101 101 104 195 195 267 267 
273 
126 126 126 257 349 349 349 
56 56 56 487 487 
5 5 15 273 
10 10 100 240 240 240 496 496 
39 159 188 188 227 227 
207 207 245 245 456 456 456 
193 193 
23 127 127 171 
314 314 314 349 349 
259 
30 30 65 65 96 96 314 314 314 314 314 
409 409 409 409 
302 302 302 
31 31 120 315 489 
56 56 56 235 235 235 236 236 388 388 474 474 
415 
31 120 120 314 486 
51 51 184 354 
185 
41 
3 
35 35 243 260 317 317 317 413 
81 81 81 289 289 289 289 
197 240 240 357 357 357 367 367 431 431 431 476 476 
22 22 389 
160 160 
182 182 
382 382 382 413 413 
54 
30 222 354 354 
141 234 234 325 358 
5 88 88 
233 238 238 248 248 341 
347 

5 5 5 86 192 192 192 198 354 354 
76 
159 
159 469 469 469 
