nodes: 512 edges: 963
64 
3 3 3 225 225 225 
111 153 153 153 182 182 183 183 
1 1 1 76 76 76 76 271 271 271 408 408 408 408 493 

34 50 50 86 86 184 184 198 255 279 354 354 354 400 408 408 408 504 504 508 
404 
233 266 
196 196 224 
271 271 304 
476 
356 
355 
47 329 
76 
182 335 444 
426 426 
390 390 455 


428 428 
491 
32 32 108 108 108 436 436 461 461 497 
290 290 
76 
408 484 
271 271 408 
207 
178 178 183 
56 
180 340 412 502 
184 184 184 315 315 354 489 
22 22 41 41 184 
67 67 67 
5 
210 210 210 309 314 439 439 494 494 494 
106 106 
406 415 
358 
62 62 159 159 163 219 231 231 267 267 302 330 330 402 402 405 
192 236 
32 32 85 85 99 99 151 151 160 160 184 184 184 354 354 399 445 450 492 
323 

111 111 137 
76 76 76 162 413 
64 64 145 145 145 381 381 381 
13 76 76 346 459 459 

236 
5 5 76 76 76 400 400 400 

292 292 
225 
299 299 299 
93 195 236 414 
29 191 236 236 285 285 304 388 388 446 
415 
173 294 294 294 397 
444 
236 278 
81 359 
39 39 206 241 250 330 330 430 
102 
0 46 46 381 381 
193 193 242 416 483 483 
141 
33 33 33 281 
169 179 179 296 371 
236 344 
184 388 409 
253 253 
358 466 
94 184 184 184 184 194 194 405 405 
193 193 193 413 
383 
3 3 3 3 14 24 45 45 45 47 47 50 50 50 78 109 184 184 196 196 199 199 199 199 207 208 228 229 229 229 270 270 328 353 354 354 413 413 413 423 509 

76 
236 236 
214 214 
61 184 184 223 248 389 389 394 394 
121 121 143 143 389 389 
237 237 
85 85 312 
41 41 84 84 312 312 312 
5 5 211 386 386 
108 306 306 306 370 370 370 408 

358 

360 360 

55 414 
73 402 402 402 
147 418 
328 483 
290 293 293 
121 198 420 441 
41 41 354 
197 265 
140 195 267 267 378 450 450 450 450 471 471 
63 117 216 
146 379 425 
170 170 495 507 
184 213 445 476 
36 36 190 190 229 229 229 229 229 286 286 346 

22 22 22 87 414 
76 250 250 250 442 442 442 
139 176 176 401 
2 44 44 182 182 182 269 455 455 455 
184 324 324 409 
184 246 

389 

102 125 125 135 136 136 184 184 236 236 
364 
122 122 222 
486 486 486 
82 82 98 
119 119 222 
428 428 
219 219 219 219 387 454 
117 117 136 455 
473 473 
480 480 
413 413 448 
191 236 236 446 
389 389 
454 
151 413 
381 
380 443 443 
117 177 236 
117 117 125 455 455 455 455 
44 241 
345 345 345 
110 271 271 395 395 
101 220 220 
66 413 
414 
82 82 
228 
46 46 46 154 
103 379 
95 
191 191 
417 
248 248 408 
41 41 132 257 257 345 354 354 395 395 

2 2 2 
145 
453 453 
445 450 
233 276 310 
194 271 408 408 
39 39 188 231 231 231 305 305 433 510 511 511 511 
41 41 457 
382 382 439 
45 251 322 451 
39 
274 
329 
477 
183 220 413 
376 376 376 
68 
104 104 237 247 
290 

58 
222 335 335 376 
298 413 
110 110 371 
135 300 415 415 
28 28 183 
68 68 371 371 371 371 
30 222 222 

2 2 15 111 111 111 299 299 316 317 363 404 413 413 413 438 438 438 438 444 455 455 455 499 
2 2 28 167 178 
5 5 31 31 31 32 41 41 41 70 73 73 73 73 76 76 81 81 105 112 113 117 117 236 236 267 267 279 279 284 284 289 289 338 345 415 415 451 456 456 
491 
322 440 
413 
159 477 

106 106 334 372 
56 129 148 148 267 268 285 285 304 304 446 
40 310 310 421 508 508 508 
65 65 74 74 74 270 286 286 358 362 413 479 500 
73 73 158 
55 101 236 236 249 267 282 282 
8 8 76 76 200 290 350 373 413 422 422 
100 
5 98 
76 76 76 76 207 
196 
232 232 
355 454 
271 271 
267 285 285 
305 
62 303 405 
27 76 199 
76 355 
328 
35 35 35 
86 460 
233 310 
105 261 472 
80 80 215 314 
214 467 
102 

408 
39 124 124 124 124 274 274 402 430 430 430 
140 140 167 378 378 413 413 413 

119 122 174 180 180 413 413 
81 
8 350 
1 1 1 53 375 375 393 400 419 
292 
257 305 
76 144 
76 76 76 106 106 106 106 106 
236 236 415 422 422 460 
39 39 159 159 159 
201 201 454 454 
7 157 212 271 271 310 374 505 
503 503 
487 
40 49 55 56 56 60 69 79 79 117 117 129 129 135 184 184 195 195 230 230 267 267 275 275 283 354 354 354 356 401 415 415 432 438 447 447 487 
83 83 170 
272 310 
405 405 
282 
62 137 405 405 
65 416 416 
413 494 

478 478 478 
113 
170 288 288 401 
81 150 150 265 265 408 
195 
62 109 109 109 336 336 374 442 442 
162 286 

71 71 
350 350 
5 
273 273 
151 151 227 

377 

213 329 
292 292 364 
315 315 
385 
100 248 248 496 
7 391 391 
39 39 101 101 184 184 191 195 204 236 236 268 268 356 356 471 
191 267 267 278 
111 415 415 
76 76 193 328 361 361 
3 3 3 9 9 26 26 139 139 158 203 203 233 233 282 287 287 287 297 354 354 374 395 401 408 408 412 442 442 
238 
256 256 354 354 475 
164 219 219 402 428 
236 236 
157 319 
343 343 
60 268 399 
5 184 184 307 307 
308 
67 298 347 421 
195 195 240 271 374 374 374 427 
236 415 
184 184 
56 56 191 191 204 204 
106 106 193 193 251 413 413 413 
271 271 271 
247 247 447 447 
184 184 394 394 456 495 495 
23 23 97 171 196 

52 52 226 262 262 364 364 410 
97 97 408 408 436 436 450 
58 58 58 397 
309 309 
68 425 425 
271 327 327 
175 281 347 
54 54 54 182 182 314 413 
177 
339 
39 485 
206 
9 56 191 191 
159 159 205 227 392 
87 87 87 370 408 
279 279 354 354 493 
280 467 
35 295 295 358 
157 192 192 212 233 238 364 364 

84 85 85 85 

35 214 299 319 319 319 349 354 354 354 384 384 413 413 413 418 418 429 429 455 455 455 467 481 483 483 
31 31 263 263 486 486 
182 
182 398 

276 314 314 314 354 354 354 

323 323 
162 186 
42 321 321 
112 112 
358 424 444 503 503 
358 
297 297 
76 96 209 270 
13 165 261 
39 39 62 62 369 428 428 

420 420 420 
413 413 
190 413 413 
15 174 174 413 413 413 
250 250 

184 
301 408 408 427 
30 
505 

277 277 
69 447 
138 138 138 151 184 
47 106 444 459 
281 298 

314 
196 224 254 254 
383 415 
402 
76 456 456 456 
5 5 5 31 41 41 76 76 99 151 151 236 236 236 271 271 273 273 307 307 314 314 314 319 319 319 396 450 462 490 502 502 502 508 
12 202 208 
11 236 267 267 
431 496 
38 72 89 193 309 325 326 413 413 503 503 503 
61 
91 91 
270 270 
193 
182 
118 262 292 292 310 310 
432 
490 
496 

330 
87 87 87 306 
68 176 179 179 179 179 
190 
196 
233 250 271 282 282 282 375 408 421 
225 225 374 
168 168 168 174 
259 
101 220 220 
103 146 
134 
46 46 46 64 64 133 405 408 
161 161 
75 351 415 432 432 
314 314 
264 
86 86 
124 
56 56 70 423 
81 81 82 82 115 130 130 497 
17 17 391 400 400 400 
266 266 390 400 
305 482 
225 441 
81 81 289 289 
139 139 151 151 271 
354 
58 294 
317 
41 278 418 
5 50 50 50 225 390 390 390 391 
110 236 247 271 
39 39 94 94 94 219 274 352 405 428 

6 182 
39 73 73 206 239 239 241 241 381 402 
37 
413 413 413 
3 3 3 3 5 5 5 25 26 87 150 158 158 218 248 271 271 293 293 306 339 339 374 381 437 
70 112 
292 

30 271 
45 74 76 76 76 128 128 132 141 167 175 182 182 182 187 193 196 220 220 220 222 222 243 286 286 286 299 314 314 314 333 333 334 334 335 335 335 358 358 407 407 407 448 455 
55 93 108 142 
37 57 177 177 184 184 230 236 236 269 269 283 351 383 488 
65 242 242 
149 
95 314 314 399 
225 
98 332 332 332 441 
192 281 374 506 
196 196 230 230 
76 388 
325 
103 296 296 
16 16 
282 339 
20 20 123 123 274 330 330 402 468 468 
314 314 
62 219 219 219 
357 496 
236 365 383 383 
159 

449 449 
22 22 293 293 
408 
182 182 182 182 236 
35 35 161 
186 
98 393 420 
109 109 109 250 250 271 271 
134 134 
15 59 182 325 346 459 459 
41 105 156 
56 129 191 
236 236 288 288 344 
128 413 
435 435 
41 101 101 101 101 156 293 354 462 462 
162 184 
464 
155 155 
124 131 202 232 232 
17 111 111 111 125 136 136 136 136 182 182 182 314 314 314 413 
184 184 289 353 353 353 478 478 
160 

47 47 346 444 444 
211 230 
22 22 
354 450 450 

452 

72 
215 308 314 
428 428 
477 

101 101 267 
213 475 
126 126 491 491 
487 
273 472 
10 105 496 496 
166 188 469 
245 245 245 456 456 
193 
127 127 
314 
392 
65 65 96 314 314 
25 
302 
120 120 120 315 315 489 489 
235 236 474 
415 
31 486 486 
354 366 
21 185 473 473 
41 
3 307 
35 35 35 243 
104 289 289 
265 357 367 431 476 476 
22 389 

182 
193 

30 354 354 354 
234 234 325 325 358 358 358 
5 5 
233 341 
421 
104 
5 192 192 192 354 
76 
159 
159 159 159 
