nodes: 512 edges: 1606
64 
3 3 225 
91 91 111 182 182 183 183 183 
1 1 54 76 76 76 218 271 271 408 408 493 493 
454 454 454 
48 50 50 86 86 184 184 184 198 225 225 225 255 273 354 354 354 400 400 408 441 443 475 475 508 
404 404 
233 266 266 266 271 271 
196 313 313 313 
271 271 304 304 304 304 304 
476 476 476 
356 356 356 
184 184 202 355 355 
47 47 47 47 459 
64 267 
150 335 335 335 335 444 475 
426 426 426 
86 390 455 455 455 
420 
104 104 
428 
31 
32 32 32 108 108 108 115 331 389 414 436 461 461 497 497 
290 290 290 480 
76 76 144 144 478 
408 408 424 484 
271 271 271 271 408 408 408 
76 76 346 
153 178 183 183 183 

180 180 180 340 483 483 
21 105 105 105 105 172 184 184 184 354 354 486 489 
22 22 22 41 184 492 
67 192 192 

210 210 309 314 314 314 314 314 439 494 494 
106 
406 415 415 415 
358 358 
159 159 163 166 166 219 219 231 231 239 267 267 402 402 402 405 405 477 477 
192 236 236 249 401 
32 85 99 151 151 184 184 324 324 354 354 354 399 399 445 450 450 457 
323 323 
362 
111 111 137 137 
162 162 162 162 318 439 439 439 
64 64 145 145 339 381 381 381 381 395 395 
13 13 13 13 76 76 106 346 346 459 
5 239 239 239 239 379 
236 236 
5 5 76 361 361 361 400 400 
338 338 338 338 490 490 490 
184 292 345 345 
225 
3 299 299 
93 93 195 236 414 414 414 
191 285 304 304 304 388 388 388 446 446 474 487 487 
471 
173 294 294 397 
444 444 444 
278 278 278 
81 81 359 359 
206 206 206 241 241 241 250 330 430 430 
102 415 
0 14 46 46 381 381 
193 193 362 362 362 416 416 483 483 483 
141 
33 281 281 310 310 310 310 
169 296 296 371 371 
179 236 344 344 344 
184 184 246 246 388 388 409 409 
253 253 330 330 330 
466 466 
94 184 184 194 194 194 315 315 315 
193 193 193 193 413 413 413 

3 3 3 24 24 27 27 47 47 50 78 107 107 109 109 184 186 196 196 199 207 207 208 208 208 228 228 229 229 229 242 242 245 245 270 270 292 328 328 346 346 346 354 354 354 361 361 413 413 423 423 440 440 440 456 456 456 501 509 
196 196 196 335 
76 
192 236 310 310 310 310 310 
214 214 214 214 
61 61 223 223 223 223 248 261 389 394 495 
115 121 142 142 143 143 329 389 389 
236 237 237 
85 312 
41 84 312 312 377 
5 5 17 508 508 
306 306 306 370 370 408 
441 504 504 504 
358 
326 358 
2 2 360 360 
182 182 413 413 
55 55 414 414 414 
73 315 315 402 402 
147 165 165 165 418 418 
304 328 328 483 483 483 483 
290 293 
121 198 198 441 441 441 
41 156 156 156 354 354 
197 476 476 476 
140 195 221 221 221 267 267 378 378 378 450 450 450 471 
63 117 136 136 136 216 
189 379 425 425 
19 19 138 138 170 170 170 237 237 237 471 507 
31 31 31 31 106 106 184 184 190 190 213 216 445 
36 47 105 105 190 190 190 229 229 286 286 286 286 346 346 346 346 346 372 372 
76 76 
22 22 22 115 115 
76 76 199 250 250 250 442 442 442 
139 139 139 176 176 288 390 401 
2 44 44 182 182 182 455 
184 324 324 324 409 409 409 409 409 
184 184 202 246 246 426 
301 367 367 
22 82 108 108 389 389 389 
184 184 184 
102 125 135 184 184 184 236 236 236 293 293 293 293 
364 
222 222 222 413 413 
486 489 
82 98 
222 
428 
387 387 
117 136 455 455 
185 185 185 473 473 
480 480 480 
413 448 448 448 
191 236 446 446 446 
389 
454 454 
168 168 168 413 
381 
354 354 354 380 380 443 443 443 443 443 
117 177 177 236 
102 102 102 125 455 455 455 
44 44 241 
104 104 345 345 345 
110 110 110 271 271 271 395 395 395 395 
101 220 220 220 220 324 
66 358 358 413 
82 82 414 
82 82 217 217 
24 24 228 228 228 228 
46 46 154 154 154 288 339 
379 379 
95 344 
191 
250 250 250 417 
15 248 408 408 437 437 437 437 437 
41 41 257 345 354 354 395 395 
292 467 467 467 
28 
145 145 145 374 374 
453 453 453 453 
99 99 99 445 445 450 
233 233 276 310 
194 271 271 408 408 
39 39 188 188 188 231 231 231 305 305 428 428 433 433 477 477 510 511 511 
272 272 272 312 457 498 498 
382 382 439 439 439 
45 45 45 45 312 312 312 312 322 322 322 451 451 451 
39 
274 
95 95 95 329 329 383 383 383 383 383 
39 39 477 477 
220 220 413 
132 132 132 376 376 
68 
104 104 104 247 247 247 
290 290 290 290 480 
31 
58 344 344 344 397 397 397 397 
222 335 376 376 413 
298 407 407 
110 110 371 371 371 
135 135 283 283 300 415 415 415 415 
28 183 183 
69 371 371 
30 30 30 437 
367 
2 2 92 92 111 111 111 220 220 299 299 299 316 316 317 363 438 438 438 438 444 455 455 455 499 
2 2 2 28 28 28 178 178 
5 5 5 12 12 31 31 31 32 41 41 52 70 70 73 73 76 105 105 112 113 113 116 116 116 117 117 117 213 221 221 236 236 236 246 246 258 267 267 284 284 291 291 292 324 338 338 338 345 345 355 355 396 396 396 415 415 426 451 456 456 490 
126 126 126 389 491 
76 245 322 440 
193 413 
159 159 159 477 
103 
105 105 106 106 106 334 334 372 
56 129 148 267 285 285 304 304 446 446 
33 33 40 79 198 236 508 508 
65 65 74 74 74 74 187 270 270 270 270 358 362 362 413 413 413 479 500 500 
73 73 73 158 430 
55 101 236 236 249 249 249 267 267 267 282 282 282 282 471 
8 76 76 77 77 77 200 350 350 373 413 
100 
5 98 98 192 386 441 508 
76 109 207 
196 
232 232 
12 113 355 454 454 
271 271 
267 267 268 285 285 285 285 

62 62 62 
76 76 199 337 337 
76 76 76 355 355 
270 328 
35 35 244 244 244 309 309 
432 432 432 432 460 
233 233 233 310 375 
105 184 261 261 261 472 
80 80 80 80 215 215 314 314 
214 214 
102 105 
143 143 
3 271 297 408 
39 39 232 232 274 274 430 454 454 454 
140 140 140 140 167 167 182 182 316 316 378 378 378 413 413 
101 101 101 184 184 
119 119 119 122 174 314 376 413 
81 81 81 81 
313 313 350 350 
1 5 5 5 53 259 348 375 375 393 393 400 441 441 441 

305 305 392 392 477 477 
76 76 144 144 144 144 245 
76 76 76 106 106 295 295 390 
236 275 275 303 415 422 422 460 460 460 
39 39 159 159 159 
201 201 219 219 454 454 454 
7 157 157 212 212 212 271 271 296 296 310 374 374 375 
503 503 503 
487 
40 40 49 49 55 69 79 83 117 117 117 129 135 184 184 184 192 195 195 230 237 267 267 267 268 268 268 275 275 283 351 354 354 354 354 411 411 411 415 415 415 432 432 438 438 447 447 447 447 447 460 460 487 
83 83 104 104 104 236 
272 272 272 505 505 
39 48 48 48 48 
476 476 496 496 496 
62 62 62 137 405 405 
76 76 416 416 
413 413 413 424 424 494 494 494 
210 210 210 325 325 325 358 358 358 
76 76 186 228 478 478 
70 70 113 113 184 184 
170 170 170 266 288 288 288 368 401 401 
81 150 265 265 408 505 
40 195 195 195 
62 109 109 109 149 149 149 336 374 374 417 417 417 442 
413 413 

71 71 
283 283 283 350 350 350 
5 
273 354 
151 305 305 473 473 
184 409 409 
225 377 377 377 458 458 482 
354 354 354 
81 213 213 213 329 
292 292 292 364 364 
315 315 
334 334 385 
248 248 348 496 
7 7 7 247 271 391 391 391 391 
14 39 39 101 101 184 184 191 195 195 195 204 204 236 236 236 268 268 356 471 471 471 
204 236 236 236 267 267 450 450 450 

76 76 193 193 193 193 209 328 328 328 361 361 361 
3 3 7 7 9 9 26 26 26 26 139 139 139 158 158 203 203 218 233 233 266 282 282 297 297 339 339 354 354 374 374 375 401 408 408 412 412 412 427 427 427 442 442 442 453 453 465 
160 160 160 238 238 238 
5 256 354 381 472 475 
164 219 219 402 
230 230 236 236 
157 370 505 
343 343 343 
60 60 60 
307 307 307 307 496 496 
308 467 467 467 467 
67 67 298 298 347 356 421 
195 195 195 195 271 271 374 374 374 374 427 427 
177 177 236 254 254 254 351 351 415 
184 184 
56 191 191 204 204 204 204 
106 106 106 106 

110 145 247 247 247 447 447 447 
394 394 394 394 456 495 495 495 495 495 
23 23 23 97 171 171 171 171 
184 184 
52 76 152 184 262 262 262 364 364 410 410 
97 117 117 117 117 408 408 408 436 436 436 436 450 462 
58 58 397 408 408 437 437 437 437 
229 229 309 309 
68 68 233 233 425 425 
218 271 271 408 
175 281 281 347 347 
54 54 182 182 182 413 
177 
114 
485 485 485 485 485 
230 
9 9 9 9 9 56 56 56 96 191 191 
159 159 227 227 257 257 343 343 343 392 392 
87 87 87 370 370 408 408 412 
279 279 279 279 354 
280 467 467 
35 210 210 295 295 358 400 
67 67 67 67 79 79 79 79 79 157 212 233 364 364 364 

84 85 85 160 162 162 162 162 
8 8 8 224 224 
35 35 35 35 35 214 214 222 319 319 349 354 354 354 384 398 413 429 434 434 449 449 455 467 481 481 481 483 483 483 
73 73 73 94 94 263 263 336 486 
182 182 220 220 
182 398 398 398 413 413 494 494 494 494 
45 
314 314 354 354 354 

323 323 359 359 359 359 421 
162 162 162 186 465 465 465 
42 42 321 321 
41 41 112 112 112 140 184 378 
244 244 244 358 384 424 424 424 444 444 444 444 503 503 
90 358 358 413 413 413 413 

76 76 96 96 209 270 270 270 
82 165 165 261 
62 71 71 71 369 
22 
407 420 420 

190 190 264 264 413 
15 15 15 15 77 174 413 413 
250 315 
207 207 
51 51 51 51 184 184 184 415 415 415 
46 145 271 271 381 381 381 408 408 408 427 427 427 
30 


277 277 277 305 305 305 392 392 392 
69 69 69 147 173 173 173 447 447 
52 52 138 138 138 151 184 184 
27 47 47 76 76 76 106 106 106 106 106 444 444 444 444 459 
281 298 298 421 506 506 506 
225 265 
314 410 473 473 473 473 473 481 
196 196 224 224 254 254 254 
236 283 283 383 383 383 383 
402 402 
365 456 
5 5 5 31 31 41 41 41 76 76 76 99 99 134 134 134 151 151 236 236 236 236 256 260 260 260 271 271 273 307 314 314 314 319 319 319 396 396 396 450 450 462 490 490 502 502 508 508 
12 12 184 184 202 208 208 
11 11 11 267 281 
496 496 
38 38 89 90 141 141 193 244 244 244 309 325 326 326 413 413 413 466 503 
61 61 321 321 321 321 
91 91 
50 50 50 76 76 270 270 270 
43 65 65 65 193 193 413 413 413 
182 444 
118 262 262 292 292 310 310 310 
353 416 
490 
114 114 181 496 496 496 
247 
330 
87 87 276 306 306 
68 68 176 176 176 179 179 
106 106 190 
196 
154 154 233 233 250 250 271 271 282 282 282 282 375 408 408 417 417 417 421 421 442 442 
212 225 225 233 271 374 
168 168 174 174 222 445 
85 259 259 259 
101 101 101 220 220 220 324 
48 103 146 146 
134 134 
46 46 46 46 64 64 133 273 339 339 339 395 395 395 405 408 
161 161 403 500 
165 165 165 165 165 351 351 351 351 415 463 
314 325 
264 
198 
124 124 
56 56 56 70 70 
22 81 82 82 115 115 115 130 185 497 497 
17 110 229 400 400 
266 266 266 266 400 
227 227 305 305 343 343 343 
225 225 441 441 441 
81 289 289 289 289 
46 46 139 139 139 139 151 151 381 381 381 
184 184 184 354 354 354 
58 173 173 173 173 294 
314 317 317 317 
41 41 
5 5 50 50 225 309 390 390 391 
40 110 247 247 271 
39 39 39 94 94 274 352 352 405 405 428 428 428 
382 427 
6 6 
39 39 241 241 381 402 402 425 425 425 509 
37 
175 175 332 413 
3 3 5 25 25 26 26 26 87 150 150 158 158 218 248 271 271 293 293 293 294 294 297 306 306 339 339 339 374 374 381 437 437 470 
70 70 112 112 112 112 112 258 258 484 484 484 
292 292 349 
236 236 236 
271 271 271 306 
74 74 74 76 76 92 92 119 119 128 132 141 167 174 187 193 193 193 196 220 220 222 243 243 243 251 251 299 314 317 317 326 326 326 326 334 335 335 358 358 358 362 362 362 407 448 455 494 500 500 500 
22 55 55 55 93 93 93 142 
37 37 37 63 177 177 177 177 184 184 230 236 236 236 283 338 338 338 383 432 432 
65 65 242 242 365 423 
149 250 250 250 374 374 374 
95 95 

18 332 332 441 
281 321 347 374 374 506 
230 230 
76 76 416 
25 243 243 325 325 325 
103 103 296 296 405 405 405 
16 16 16 113 184 
271 271 271 282 282 339 339 339 403 
20 123 159 159 402 402 402 468 468 468 468 
314 
62 62 194 219 
496 496 496 
211 211 211 211 236 236 415 415 460 460 
159 159 
314 314 
449 449 
22 293 293 293 293 
150 150 150 150 150 180 294 294 294 294 408 408 
182 182 182 182 236 236 
35 45 45 45 161 161 161 
76 76 76 186 
5 88 98 98 98 198 225 225 225 393 393 393 420 
109 109 109 250 271 271 271 374 374 468 
5 134 134 134 134 134 
15 59 59 59 182 325 325 325 325 346 346 346 346 363 459 459 
41 105 156 156 376 
56 56 129 129 129 191 191 
236 236 236 236 236 288 288 288 344 344 
128 128 128 413 
314 314 435 435 467 
41 41 101 101 101 156 268 268 268 293 354 354 462 
162 162 162 184 
464 464 464 
155 155 155 155 271 271 
4 4 4 131 131 202 202 219 219 219 232 232 232 
17 17 17 111 125 125 136 136 136 182 182 182 314 413 
76 76 76 184 184 289 353 478 
41 160 
259 259 
13 47 346 444 444 
211 230 230 230 236 236 432 432 
22 22 497 
293 354 450 
383 
452 452 452 
271 322 322 322 
72 72 358 
152 152 152 280 280 280 280 308 308 314 449 
428 428 428 428 442 
477 511 511 511 
408 
57 101 104 195 267 267 267 
213 273 
126 126 257 257 349 349 349 349 349 491 491 
56 487 487 487 
5 5 15 273 
10 10 10 100 100 100 240 240 496 496 496 
39 39 159 159 166 166 188 227 227 469 
24 245 245 456 
193 
23 127 127 127 171 
314 314 314 349 
259 
30 30 65 65 65 96 96 96 96 314 314 314 
25 409 409 409 
302 302 302 302 302 
31 120 315 489 489 489 
56 56 235 236 474 474 474 

31 120 486 486 486 
51 51 51 184 354 354 366 
185 473 473 
32 
3 3 
35 35 243 243 243 317 317 317 317 413 
81 289 289 289 289 289 
240 240 240 265 279 279 357 357 367 367 367 431 431 431 476 476 476 
22 22 389 389 461 
160 160 
182 
193 193 382 413 413 413 
76 
354 354 
234 234 234 325 325 358 
88 88 88 
238 238 248 276 
347 347 347 421 
104 
5 86 86 192 192 198 354 354 
76 405 
159 
159 159 469 469 469 
