nodes: 512 edges: 1581
64 
3 3 3 225 225 225 225 441 
91 111 153 153 183 189 189 356 
1 1 1 54 76 76 76 76 218 271 271 271 408 408 408 493 493 
454 454 454 
48 48 50 86 86 86 184 184 198 225 225 273 273 273 279 354 354 400 408 408 441 441 443 443 443 475 475 508 508 508 
404 404 
233 233 266 266 266 271 271 
224 313 313 350 350 
271 271 271 304 304 304 417 
476 
356 385 
184 184 184 355 
47 47 329 459 459 
76 117 
150 182 182 335 335 335 
426 426 426 426 
390 455 
420 
104 104 
428 
31 
32 32 32 108 108 108 108 331 331 389 389 414 436 436 461 461 461 461 497 
290 290 
76 144 144 144 144 144 363 478 
408 
271 271 271 271 408 408 408 
76 76 207 346 346 346 
153 178 183 183 
56 
180 412 483 483 
21 105 105 172 184 184 184 315 
22 22 22 41 41 41 184 184 
67 67 254 
144 
210 210 210 314 314 314 314 439 439 439 494 494 
106 106 
303 406 406 415 415 452 
358 358 
62 62 159 159 163 163 239 267 267 267 330 330 330 405 477 477 
236 236 249 249 401 401 401 
32 32 32 99 151 151 160 184 184 324 354 354 354 399 445 445 450 450 450 
323 323 323 
362 
86 111 111 111 
76 76 162 162 162 318 413 413 439 
64 145 339 339 381 381 381 381 427 464 
13 13 76 76 76 106 346 346 459 459 
5 5 239 239 
236 236 
5 76 76 76 361 361 400 400 
338 338 490 498 
184 292 292 292 
225 
3 299 501 
93 195 195 195 236 236 236 414 414 
29 70 191 191 236 236 236 285 304 304 304 388 388 388 388 446 446 446 474 487 

131 294 
444 444 
104 104 236 278 278 
329 359 
39 39 206 241 250 250 250 250 
463 
0 46 381 381 
362 416 416 483 
141 141 289 
33 33 281 347 
179 371 
179 338 344 
56 184 246 388 388 388 409 
253 253 253 253 
325 325 466 
94 184 184 194 194 194 194 194 315 405 405 405 
193 193 193 413 413 
383 
3 3 3 3 14 24 27 27 45 45 47 47 47 50 50 50 107 107 109 109 184 184 186 186 186 199 199 199 199 207 207 228 228 228 229 242 245 270 270 270 292 292 322 322 328 328 346 346 353 354 354 360 361 413 423 423 440 440 440 456 456 456 509 509 
196 196 196 379 
216 
236 310 310 310 
214 214 214 418 
184 223 223 223 248 248 248 248 261 261 389 394 394 495 495 495 
143 389 389 495 
237 237 237 237 321 
85 312 
84 160 160 312 312 348 
5 5 5 44 386 508 
306 370 
504 504 
358 
358 358 
2 360 360 
182 182 182 413 
55 414 414 414 414 
73 315 402 402 
147 147 165 174 418 
304 328 328 328 328 483 483 
290 290 293 362 
121 121 121 198 198 441 
41 156 354 
197 197 476 476 476 
140 140 195 195 221 267 267 267 267 320 378 450 450 450 450 450 471 471 471 
117 
146 146 379 379 379 
19 19 60 60 138 138 138 471 495 507 507 507 
31 31 106 106 184 184 190 445 
36 36 47 105 105 190 190 229 229 229 286 286 286 346 346 346 346 372 
76 76 
22 22 22 22 115 115 414 
76 76 199 199 250 250 250 442 442 442 442 442 
139 139 139 139 288 390 401 
2 44 44 44 182 182 182 455 455 455 
184 324 324 324 409 409 409 
184 184 246 246 246 426 426 426 
367 367 
108 108 389 389 
184 184 415 415 
14 102 125 125 135 136 184 236 236 236 293 293 293 

122 122 
486 489 489 489 
98 98 98 
119 119 222 
428 428 428 
219 219 454 
117 117 136 455 455 455 455 455 
473 473 473 473 
480 480 480 
448 448 
191 236 415 415 415 446 446 446 446 
389 389 
58 454 
168 168 413 
381 
354 354 389 443 443 443 
117 
117 125 455 455 
241 241 324 
104 104 104 345 345 
110 110 110 110 271 271 395 395 
101 101 220 220 220 
66 66 358 358 413 
414 414 414 
82 217 217 
24 24 24 24 24 34 228 228 282 282 282 
46 288 339 
103 103 379 379 
95 95 236 344 344 344 
191 191 
250 371 417 417 417 
15 248 437 437 437 
41 41 257 257 257 257 345 354 395 395 395 

2 2 28 
374 374 374 
413 413 453 453 
99 445 445 445 450 
233 233 276 310 
194 194 271 271 271 408 408 
39 39 188 188 188 188 305 330 330 433 477 482 510 511 
41 85 85 312 312 457 
382 382 382 500 
45 45 45 291 312 451 451 
39 39 
236 274 
95 329 329 329 383 383 383 415 
477 477 
220 413 
132 132 376 376 376 
233 233 296 296 
247 
290 480 
31 
344 397 397 397 
95 222 222 376 413 
298 298 298 298 407 407 407 
371 371 371 371 
283 283 415 415 415 415 415 
28 183 183 183 
68 69 371 371 371 
30 437 
367 367 
15 15 92 92 92 111 111 111 220 220 299 316 316 317 317 317 363 413 413 438 438 438 438 438 444 444 455 455 455 
2 28 28 178 178 178 
5 5 12 12 12 31 31 31 32 32 41 41 52 70 73 73 76 76 81 105 105 112 113 113 116 116 117 213 221 236 236 258 258 267 267 279 284 284 284 289 289 291 292 292 338 338 345 396 396 396 415 415 426 451 451 456 456 490 490 
491 491 
76 76 76 245 440 
455 
159 159 159 159 477 
2 2 
105 106 106 334 334 334 334 372 372 
56 56 129 148 148 267 267 267 268 285 285 285 304 
236 236 310 310 310 310 508 508 508 
74 74 74 270 270 286 286 286 358 358 362 413 413 413 479 479 500 
73 73 73 73 73 158 158 
55 55 55 101 101 236 249 249 267 267 267 267 282 282 282 282 282 471 471 
77 77 77 200 200 413 
100 100 265 496 
5 98 98 386 441 508 
76 76 76 76 109 109 
196 196 
232 232 232 232 415 
355 454 
271 271 
267 267 268 268 285 285 285 285 285 

62 
27 76 76 337 337 
355 355 355 355 355 
270 
35 35 35 244 244 309 309 309 
432 432 432 432 460 460 
233 310 375 
184 261 261 261 472 
80 80 80 215 215 215 
214 214 214 467 467 
78 
143 143 
3 271 
124 124 274 430 430 430 430 454 
140 140 140 167 182 182 316 316 316 316 378 378 378 378 378 413 
101 184 
122 174 174 314 314 376 413 413 502 
81 81 81 
8 313 313 
1 1 1 1 5 5 53 259 259 259 375 375 375 375 377 377 393 400 400 400 419 441 441 

257 305 305 305 392 477 
76 76 76 144 144 270 
76 106 106 106 
236 275 275 275 303 303 415 422 422 422 460 

201 201 201 201 454 454 
7 7 157 157 169 169 212 271 271 296 296 310 374 374 375 375 375 505 505 
503 503 503 
487 
40 40 49 49 55 55 55 56 56 56 60 79 117 117 117 129 147 164 184 184 192 192 195 230 237 237 267 267 267 268 268 268 268 268 275 275 283 283 344 351 354 354 388 401 411 411 411 415 415 432 447 447 447 447 460 460 487 
83 83 83 83 236 236 
272 272 505 505 505 
39 48 48 405 405 
345 476 496 
62 137 137 287 405 405 405 405 
76 416 
311 311 413 413 424 424 494 
210 210 325 325 358 
76 186 478 478 478 478 
70 113 113 113 
170 288 288 368 401 401 
81 81 81 81 150 408 408 505 505 
40 40 195 195 
62 62 62 62 109 109 109 149 336 374 374 417 442 442 
286 286 413 413 

71 71 71 71 
33 350 350 350 

273 273 273 354 
151 151 151 151 227 305 305 473 
184 184 409 
225 225 225 377 377 377 458 458 458 
354 354 354 354 
81 81 213 213 213 329 329 
271 292 292 292 292 292 364 364 

334 385 385 385 385 
197 348 496 
7 7 7 271 391 391 391 
39 39 39 101 101 101 101 184 184 191 191 191 195 195 195 195 204 204 236 236 236 268 356 471 471 471 
191 204 204 236 236 236 236 236 267 450 450 450 450 450 

76 76 76 193 193 209 228 328 361 
3 3 3 7 7 9 9 9 26 26 26 26 139 139 158 158 158 203 203 218 233 233 262 266 282 282 287 287 297 297 297 339 339 354 354 374 374 375 375 395 401 408 408 408 412 412 427 427 427 442 442 453 453 
238 238 
5 5 5 256 256 256 354 381 472 475 
164 219 402 
230 230 230 236 236 
157 370 
283 
60 60 399 
5 184 307 307 307 
308 467 
67 347 
144 144 144 195 195 195 195 195 271 271 374 374 374 427 
177 177 236 236 277 351 351 415 415 
184 184 184 
56 191 191 191 204 204 204 204 204 
106 106 106 193 193 193 251 251 413 
241 271 271 
110 145 247 247 390 447 447 447 
66 184 184 394 394 394 394 394 456 495 495 495 495 
23 23 97 97 171 
162 184 426 426 
52 52 52 76 76 184 184 262 262 262 262 262 364 364 410 410 
97 117 117 117 408 408 436 436 436 450 462 462 462 
58 397 437 437 437 
309 309 309 309 309 
169 169 233 233 425 
271 271 271 327 327 327 327 408 
175 175 175 175 347 347 
54 182 314 

339 339 
485 485 485 485 
37 230 230 
9 9 9 56 56 56 96 191 
159 227 227 227 257 257 343 343 392 392 
87 408 408 408 412 
279 279 279 354 354 465 493 
280 467 467 
210 210 210 295 295 295 295 295 358 358 358 
79 79 79 157 192 192 192 192 212 233 364 364 
243 243 
84 85 85 160 160 162 
8 8 224 224 
35 35 35 35 222 222 299 319 319 319 349 349 354 354 384 384 398 413 413 413 418 429 434 434 449 455 455 455 481 481 483 
31 73 94 336 486 486 
182 182 220 220 220 220 
182 182 182 398 398 413 494 494 494 
45 413 
314 314 314 354 354 354 
101 
83 323 323 359 359 359 
76 76 465 465 
42 42 42 321 321 359 
41 112 112 112 137 
72 72 244 244 358 358 384 424 424 424 424 424 444 444 503 503 
358 413 413 413 
297 297 297 297 453 
76 76 96 96 96 96 270 
13 61 165 165 165 261 261 
39 39 39 159 159 369 428 
22 22 
413 420 435 

190 190 190 190 264 413 
15 15 15 413 413 413 
250 315 
207 207 
51 51 69 184 184 415 
46 46 145 271 271 301 301 381 381 381 391 408 408 427 427 427 427 427 452 


405 
305 305 392 392 392 
69 147 147 147 173 236 
138 138 151 184 240 
27 27 27 47 47 76 76 106 106 106 106 444 444 459 459 
67 281 298 298 421 506 506 
85 265 
314 314 410 
8 8 254 254 254 
236 283 283 383 383 415 

76 365 456 
5 5 41 41 41 76 76 99 134 134 151 236 236 256 260 260 260 260 271 271 273 307 307 314 314 319 319 319 396 396 396 450 450 450 462 462 490 502 502 508 
12 202 208 208 208 208 208 
2 11 267 
431 431 431 496 496 
38 38 89 90 90 141 141 193 193 244 309 309 309 325 325 326 413 466 503 503 503 
61 321 321 321 323 
76 91 91 
50 50 76 270 
43 65 97 193 413 413 413 
24 182 444 
262 262 292 292 310 310 
353 415 

114 114 181 181 496 496 
247 
330 
87 276 
68 149 176 176 176 176 179 179 179 
106 190 190 

154 154 154 233 233 250 250 271 271 282 282 282 408 417 421 421 421 421 442 442 
212 225 225 225 225 233 233 233 271 271 
168 168 168 174 222 
225 225 259 259 259 
101 220 220 220 220 220 
77 103 103 103 146 146 

46 46 46 46 64 64 133 273 339 339 339 395 395 395 405 408 408 408 
161 161 161 500 500 
75 165 165 165 351 351 415 432 432 463 463 
314 314 325 
11 264 264 264 264 
86 198 

56 56 56 56 70 70 70 236 
22 22 81 82 82 115 115 130 130 134 497 497 
17 110 288 391 391 391 400 400 400 
266 266 266 339 390 390 390 400 
227 305 305 343 343 343 
225 441 441 441 
81 81 289 289 289 289 289 
139 139 151 151 151 271 381 381 381 
184 184 184 354 354 354 
173 173 173 294 
314 317 317 
41 278 418 418 418 418 418 
5 50 50 225 225 225 390 390 390 391 
40 40 40 110 236 247 247 271 
94 94 274 405 428 
427 
6 6 
39 73 73 73 239 239 241 241 241 241 342 381 402 425 509 
37 37 
175 175 175 
3 3 3 5 5 25 26 26 26 158 158 248 248 271 271 271 293 293 297 306 306 306 339 339 374 381 381 381 470 470 470 
70 112 112 112 258 484 484 484 484 
292 292 349 
236 236 236 
30 271 271 306 
45 45 74 74 76 92 132 141 155 155 167 174 182 182 193 193 193 196 220 222 222 243 243 251 251 286 314 314 314 317 318 326 326 326 332 334 335 335 335 358 362 362 362 439 439 455 455 500 
22 55 55 93 93 93 93 108 142 142 142 
37 37 116 116 129 129 129 165 177 177 177 177 177 184 184 201 230 236 236 283 283 338 351 365 383 432 488 
65 65 242 423 
9 149 149 149 250 374 
80 95 314 399 399 399 399 399 
225 
18 332 441 441 
347 374 374 374 374 
230 230 230 
76 76 416 
243 243 325 325 325 325 325 
296 405 
16 16 16 16 113 113 113 184 291 291 
46 271 271 271 282 339 339 339 339 339 403 
20 123 123 123 330 402 468 468 468 468 
314 
219 219 219 219 
357 357 357 
211 211 211 211 236 383 383 415 460 
159 
314 314 
332 449 
22 22 293 293 293 
150 150 150 180 294 294 294 
182 182 182 182 182 460 
35 35 35 45 413 413 
76 76 76 186 
1 5 5 98 198 225 225 393 393 393 420 420 
109 109 109 109 109 250 250 271 271 374 374 468 
5 5 5 134 134 134 
59 59 182 182 325 325 346 346 363 459 459 459 459 
41 41 105 156 156 156 
56 56 56 129 129 129 129 
236 236 236 236 288 288 288 
128 128 
314 435 467 
41 41 41 101 101 101 101 101 156 268 268 268 268 268 293 354 354 354 462 
162 162 184 184 
37 339 464 
155 155 271 271 327 
4 4 4 124 131 202 219 232 232 
17 111 111 111 125 125 125 125 125 136 136 182 182 182 187 314 314 314 413 413 
76 76 76 184 184 289 353 
160 
259 259 259 
13 13 47 47 346 346 444 444 444 444 
211 211 230 236 236 432 438 
22 22 22 22 497 
293 293 293 354 354 450 
63 383 383 
46 452 
307 322 322 
72 358 
215 215 280 308 308 449 
428 428 428 428 442 
511 511 
408 408 408 
101 101 101 104 195 195 267 267 267 
213 273 475 475 
126 126 126 126 257 491 491 
56 487 
5 5 273 472 472 
10 100 100 100 240 496 496 
39 39 159 166 166 188 227 
24 245 245 245 245 
193 193 
127 127 127 171 
314 314 
159 
30 30 65 96 96 314 
409 409 409 409 
302 302 302 302 
120 315 315 489 489 
56 235 236 474 
415 
120 120 120 486 486 
51 184 184 354 
185 185 473 473 

3 3 307 
35 35 243 317 317 317 
81 81 81 82 104 289 289 289 289 
197 240 265 357 357 367 367 476 476 
22 389 389 461 
51 

161 193 382 382 413 
54 
222 354 354 
234 234 234 325 325 358 358 358 
88 88 
233 233 238 238 238 248 248 
347 347 
104 104 104 
5 5 5 86 192 192 192 198 354 
76 76 405 
159 
159 469 469 
