nodes: 512 edges: 1596
406 
3 3 225 225 441 
91 91 111 153 153 153 153 182 182 182 189 
1 1 54 76 76 271 271 408 408 408 493 493 493 
454 
34 50 50 50 86 86 86 86 184 184 225 225 255 255 273 273 400 400 408 408 408 408 441 443 443 475 475 508 508 
404 404 
233 266 271 271 271 
196 196 196 224 224 224 313 313 350 
271 271 304 304 417 
476 
356 356 385 
184 184 184 202 202 
47 459 
64 76 117 117 136 267 
182 182 182 335 335 335 335 444 475 
426 
390 
420 
104 
428 
31 
115 331 331 389 389 414 436 461 461 461 497 497 
290 290 
76 144 144 144 144 478 
408 408 
271 271 271 271 408 
207 346 
178 178 178 183 183 183 
56 56 
180 180 180 340 412 483 483 502 
21 105 105 184 184 315 315 315 354 354 486 486 489 489 489 
41 41 41 184 184 492 
67 192 254 
5 
210 314 314 314 314 314 494 494 494 494 
106 106 409 
406 406 406 415 415 415 452 
358 358 358 
62 62 62 159 159 159 163 163 166 219 219 231 231 267 267 330 330 402 405 405 405 477 
192 192 236 401 401 
32 32 32 85 85 85 99 99 151 151 151 324 354 354 399 399 445 450 450 450 492 
323 323 
362 
111 111 111 137 
76 162 162 162 318 413 413 439 439 
64 64 145 145 145 145 339 381 381 381 395 427 
13 76 76 106 346 459 459 
239 239 379 
236 
5 5 5 76 76 76 76 76 361 361 361 400 400 
222 338 338 490 490 
184 184 292 292 
225 225 225 
3 299 299 340 501 
414 
29 29 236 236 236 285 285 304 304 304 388 388 388 388 388 446 446 446 474 487 487 
415 415 471 
397 397 
444 
104 104 236 236 278 278 278 
81 359 359 359 359 359 
39 39 39 206 241 241 241 250 250 250 430 430 430 
415 
14 46 46 303 381 465 
193 193 362 416 483 483 

33 281 281 310 310 310 347 
169 169 371 
236 236 344 344 
184 184 246 246 388 388 409 
253 253 330 330 
325 358 466 466 466 
94 94 94 184 184 184 184 194 194 315 315 405 405 
193 193 193 193 413 
383 383 383 
3 3 14 24 45 47 47 50 50 50 50 50 78 109 184 184 184 186 186 199 199 208 208 228 228 229 229 229 242 245 245 270 270 270 270 292 292 292 322 328 346 346 353 353 353 354 354 354 360 361 413 423 440 456 501 
196 196 
76 216 
192 236 236 310 310 310 310 
214 214 214 418 
61 184 184 223 223 248 248 248 248 495 495 
115 142 143 143 389 
236 236 237 237 237 321 
85 85 85 85 312 
41 41 41 84 84 84 84 312 312 
5 5 5 5 211 508 508 
370 370 370 408 408 408 
504 
358 
358 358 358 
2 2 360 360 360 
182 182 182 413 
414 414 
73 73 73 315 402 
147 147 147 165 418 418 
304 328 328 328 328 483 
290 
198 198 198 198 198 420 441 441 
41 41 156 156 156 354 354 
197 197 197 265 
195 212 221 221 221 221 267 267 267 320 378 450 450 450 450 471 471 471 
136 216 
146 146 379 379 425 
19 60 60 138 170 170 170 471 507 507 
31 31 106 184 190 190 213 216 445 
36 36 47 105 190 190 190 229 229 229 229 286 286 346 

115 115 414 414 
76 199 250 250 442 442 442 442 442 
139 139 176 176 288 288 401 401 
2 44 44 44 182 182 269 455 
184 184 184 324 324 324 409 
184 184 246 246 246 426 426 
367 
22 82 108 108 389 
184 184 184 206 415 415 
14 14 125 136 136 184 184 184 236 293 293 
364 364 
122 122 222 222 413 
486 486 489 

119 119 222 
428 428 
219 219 
117 136 136 455 455 455 
473 473 
480 480 480 
413 413 448 448 
191 236 415 415 446 446 446 
389 
454 454 
151 168 168 413 413 
381 381 
443 443 
177 177 177 177 236 
14 102 117 117 125 125 455 455 455 455 
44 241 241 241 324 
104 184 345 345 
110 110 271 271 271 381 395 395 395 
220 220 220 324 
358 413 503 
82 414 
82 82 217 217 
24 24 24 24 228 228 228 228 282 282 282 
46 46 46 46 154 154 154 154 339 
103 103 
95 95 95 344 344 

250 250 371 417 417 417 
248 248 408 408 437 437 437 
41 41 41 132 257 345 354 354 354 395 395 395 395 395 
467 467 467 
2 2 2 2 325 325 
145 145 145 145 374 
413 453 453 453 453 
99 99 99 445 450 
233 233 233 276 310 
194 194 271 271 271 408 408 
39 39 39 188 188 231 330 330 428 428 428 469 477 477 510 511 511 
272 312 312 312 457 
382 
45 45 45 291 312 322 451 
39 39 
274 
95 329 383 383 415 
39 477 
220 
132 132 376 376 
68 68 233 296 296 
104 104 104 247 247 247 
290 290 

397 397 397 
222 222 335 335 335 376 413 
298 298 298 298 298 407 407 
110 110 288 371 371 371 371 
135 135 135 135 283 300 415 415 
28 28 28 183 
371 
30 30 30 222 222 

2 2 2 15 15 15 92 92 92 111 111 220 299 299 299 299 316 317 363 363 404 413 413 438 438 444 444 444 444 455 455 455 455 455 499 
28 28 28 178 
5 5 12 12 12 31 31 32 32 52 52 70 70 73 73 73 73 76 76 76 81 81 105 112 112 112 113 113 116 116 116 117 117 117 138 213 221 221 236 236 236 246 246 258 267 279 284 284 289 291 292 345 396 396 415 415 415 426 426 490 490 490 
491 
76 76 245 245 322 440 
413 
159 159 477 
2 
105 105 106 106 106 334 334 334 372 376 
129 267 267 267 268 304 304 446 446 
33 40 40 79 198 236 236 310 310 310 508 508 508 
65 65 74 74 74 74 270 270 270 270 286 286 286 358 358 358 362 362 413 479 500 500 
73 73 158 158 430 
101 236 236 249 267 267 267 282 282 282 282 282 471 471 
8 8 8 77 77 200 200 200 290 350 373 373 373 422 
100 100 100 496 496 496 
98 98 98 98 98 192 386 386 
76 76 109 207 
196 196 196 
232 232 232 236 236 
12 12 355 454 
271 
267 267 267 268 268 285 285 285 285 
305 
62 116 303 405 405 405 
27 199 337 337 
76 76 355 355 355 355 
215 328 
35 244 244 309 
86 432 432 432 460 
101 233 233 310 310 
105 184 261 
80 80 80 215 314 314 
209 214 467 
78 102 105 
143 143 
297 
39 39 124 124 274 402 402 430 430 454 
140 140 140 167 182 316 316 316 378 378 413 
101 101 101 101 184 184 
51 119 119 122 174 174 180 180 314 314 314 376 376 413 413 502 
81 81 
8 8 8 313 313 313 
1 1 5 5 53 53 53 375 375 375 375 377 393 400 400 400 441 
292 292 
257 257 305 305 392 392 392 
76 76 144 144 144 144 270 
76 76 76 106 106 106 106 295 
236 275 275 303 303 415 415 422 460 460 
39 39 159 
201 201 201 454 
7 157 157 157 169 212 212 271 296 296 310 374 375 375 375 505 505 
503 503 503 
487 487 
40 49 56 56 56 60 60 69 69 79 79 83 83 117 129 135 184 184 184 192 192 195 195 201 201 230 237 237 267 267 267 268 275 275 283 344 344 351 351 354 354 354 354 354 411 411 415 415 432 432 432 438 438 447 447 447 447 460 460 487 487 487 
83 83 83 236 236 
272 505 505 505 505 
48 48 405 
476 496 496 
62 62 62 137 137 137 405 405 405 405 
76 416 416 416 416 
311 311 311 413 413 424 424 424 
210 210 325 358 
76 76 186 186 478 478 478 
70 70 113 113 113 184 184 
170 170 170 266 288 288 288 401 401 401 
81 81 81 81 150 150 408 408 408 505 
195 
62 62 62 109 109 149 149 336 336 374 374 417 417 442 442 442 
286 413 413 

71 71 
33 283 
5 5 
260 273 354 385 
151 227 227 473 473 
184 409 409 
377 377 377 377 377 458 458 
256 354 354 354 354 354 494 
213 
271 292 292 292 292 292 364 

334 385 385 
100 496 
7 247 271 391 391 391 391 
14 39 39 101 101 101 184 191 191 191 195 195 195 204 204 204 236 236 236 268 356 471 471 
191 204 204 236 267 450 450 450 450 
111 415 415 
76 76 76 76 193 193 193 193 228 328 328 361 361 361 361 
3 3 7 7 7 9 9 26 26 26 26 139 139 139 158 158 158 203 233 262 266 282 282 287 297 297 339 339 354 354 374 374 374 375 375 395 401 401 408 412 427 427 427 442 442 442 453 465 
160 238 
5 5 256 354 354 381 472 472 472 
164 219 402 
230 230 236 236 
157 
343 343 343 
60 60 60 
184 307 307 307 
308 308 308 467 467 467 467 467 
67 67 298 347 356 421 
144 144 144 195 195 195 195 195 271 271 374 374 374 427 
177 236 254 351 351 351 415 
184 184 
56 56 204 204 204 204 
106 106 193 193 193 251 413 413 413 
271 
110 110 176 247 247 247 447 447 447 
184 394 394 394 495 
23 23 97 171 171 196 
162 184 
52 52 76 76 76 184 226 226 262 262 262 262 262 318 364 364 410 410 
117 117 408 450 462 462 462 
397 408 408 437 437 437 
229 309 309 309 
169 169 233 233 425 
218 271 271 327 327 327 
175 175 175 175 175 281 347 
54 54 182 182 182 182 360 413 413 413 
177 
339 339 
385 485 485 485 485 485 
64 206 230 230 415 
9 9 56 56 56 96 191 191 
205 227 227 343 343 343 392 
370 370 408 
279 279 279 354 354 465 493 
280 280 280 
210 295 295 295 358 400 
67 67 67 79 79 79 79 157 192 192 192 212 212 233 364 
243 243 243 
84 85 85 160 160 160 162 
8 8 224 224 224 
35 35 35 35 35 214 214 222 222 222 319 319 349 354 354 354 384 384 384 398 413 413 418 429 429 434 434 449 449 455 455 455 481 481 481 483 489 494 
31 31 31 73 73 94 486 486 
182 220 220 220 
182 398 413 494 494 
45 292 413 
314 314 354 354 
101 
83 359 
76 162 186 465 465 
42 42 
41 112 112 112 137 140 
72 153 153 244 358 358 358 424 424 424 444 444 444 
358 358 413 413 
297 297 297 
76 96 96 96 96 209 270 270 
165 
39 39 71 71 159 159 369 369 369 
22 22 
413 413 413 420 
413 
190 190 190 264 413 
15 15 15 15 174 174 174 413 
250 250 486 
207 207 
51 51 415 
46 145 271 271 301 301 381 391 408 408 408 427 427 427 452 452 468 
30 54 


277 277 277 305 305 305 392 392 
69 69 147 147 236 236 
138 138 151 184 
27 47 76 76 106 444 444 444 459 
67 281 298 421 506 506 506 

314 473 
8 196 
236 236 283 283 283 383 
402 
76 76 76 456 
31 31 41 41 76 76 76 99 99 151 151 151 236 236 236 236 236 256 260 260 260 260 260 271 271 273 273 307 307 314 314 314 319 319 396 396 396 396 450 462 462 490 490 490 502 502 508 508 508 
202 208 208 208 208 
11 11 267 281 
431 431 431 496 496 
38 38 38 72 89 90 90 90 141 193 193 193 244 309 325 325 325 326 326 413 466 503 503 503 
61 61 61 61 61 321 
76 91 91 91 299 
50 50 50 76 270 270 270 270 
43 65 193 193 413 413 
182 182 
118 118 262 292 292 310 467 
416 
490 
114 496 496 496 

330 330 330 
87 87 87 306 306 
68 149 176 176 176 176 179 
190 
196 196 196 
154 233 250 250 271 271 271 282 282 282 408 408 408 417 421 421 442 442 442 
225 225 225 225 233 233 233 271 271 
168 168 174 190 222 222 
225 259 259 259 259 259 458 458 
101 220 220 
48 103 103 

46 46 46 64 133 133 139 273 339 395 405 408 408 
161 500 
75 75 75 165 165 351 415 432 432 
314 314 314 
11 256 264 264 302 413 
198 198 

56 56 56 56 56 70 70 487 
22 22 82 115 130 497 
17 391 391 391 400 
266 266 266 266 339 390 390 390 400 
227 227 227 305 343 343 482 
225 441 441 
289 289 289 
46 139 139 139 151 151 151 151 151 271 381 
184 184 354 354 354 354 
58 58 173 173 173 294 
314 317 
41 41 418 418 418 
5 5 50 50 225 225 225 309 390 391 
40 40 110 110 247 247 247 271 271 
39 94 219 219 274 352 405 428 428 428 
427 427 
6 6 182 
39 39 39 73 73 206 206 206 239 241 241 241 241 381 402 425 
0 37 37 37 
175 175 
3 3 3 5 5 5 5 25 25 26 87 87 87 150 150 158 158 248 248 248 271 293 294 294 306 339 339 339 374 374 374 381 381 437 
36 70 112 258 258 484 484 
292 292 
236 236 
30 271 
45 45 74 76 92 119 128 128 132 132 141 155 174 182 182 187 193 220 222 222 243 243 251 251 286 286 286 299 299 299 314 314 317 318 326 326 332 332 332 333 334 335 358 362 362 385 439 448 448 455 455 494 500 
22 55 93 93 108 108 142 
37 37 37 57 57 63 116 116 129 129 165 177 177 184 184 184 230 230 236 236 269 269 283 303 338 383 432 432 432 463 488 
65 242 242 242 242 365 
9 149 149 149 250 250 374 
80 95 95 314 399 399 399 

18 98 332 
281 347 374 374 
196 230 
76 
243 243 243 325 325 325 
103 296 405 
16 113 113 184 184 
46 271 271 271 282 339 339 339 403 403 
20 123 123 159 159 159 402 402 402 468 468 468 
314 314 
62 62 62 194 219 219 
357 357 357 496 496 496 
211 211 211 236 236 236 383 383 415 415 415 460 460 

314 314 
449 449 
22 
150 150 150 294 294 294 408 
182 182 236 236 460 
45 45 413 
76 186 
1 5 98 98 225 393 393 
109 109 109 109 109 250 250 250 271 271 271 374 374 374 468 468 468 
5 5 134 134 
15 59 182 182 182 182 325 325 325 346 346 346 459 459 
41 105 156 
56 56 56 129 129 129 191 191 
236 236 236 236 288 288 288 
128 128 413 413 
314 314 435 435 
41 41 41 101 101 101 101 156 268 268 268 268 293 354 462 462 
162 
37 339 339 464 
155 155 155 155 271 
4 131 131 202 219 232 
111 125 125 125 136 136 136 136 182 182 182 182 182 314 314 314 413 413 
76 353 478 478 478 
160 
259 259 377 377 
13 47 47 346 444 444 
211 230 230 236 236 432 432 438 
22 22 22 497 
293 293 293 354 354 450 450 
415 
452 
64 271 307 322 322 
72 72 72 358 
152 152 152 215 280 280 280 280 280 364 
339 428 428 428 442 442 442 
159 511 

57 101 101 101 104 195 195 267 267 
273 273 273 475 
126 126 257 257 349 491 491 
56 487 487 487 
5 5 15 472 
10 240 496 496 496 
39 159 159 166 188 
24 245 245 245 456 456 456 
193 
127 127 127 
314 314 314 
392 
30 30 65 65 96 314 
409 409 
302 302 302 302 302 
31 31 120 120 315 315 336 489 
56 56 235 235 236 236 236 388 474 474 474 
415 
31 31 31 120 314 486 
51 51 184 184 184 354 354 354 366 
185 473 473 
32 41 
3 3 3 307 
35 35 35 35 260 314 317 317 413 
81 81 289 
197 197 197 240 240 265 357 357 367 367 367 431 431 431 476 476 476 
22 22 389 461 

182 
193 193 382 413 
54 76 
30 222 354 354 
141 234 234 234 358 358 358 
88 
233 233 238 238 238 238 248 
347 347 347 
104 104 
5 5 86 86 192 192 192 354 354 354 

159 
159 159 469 
