nodes: 512 edges: 954

3 441 
91 91 91 111 111 153 153 182 183 183 189 
1 76 76 76 76 271 408 408 408 
454 454 
48 48 86 86 86 184 198 198 225 225 255 354 354 400 408 408 408 408 441 443 508 508 
404 
233 266 266 271 
224 224 313 350 
304 304 417 

356 356 356 
184 184 184 355 
47 459 459 
136 
150 182 

390 390 390 455 
420 
104 
428 428 
167 
32 32 32 32 108 108 331 389 389 414 461 

76 144 144 

271 
76 76 207 346 
178 178 178 183 183 

180 180 483 502 
105 105 105 184 315 354 354 489 
22 22 22 22 492 

144 
210 314 439 439 494 
106 
415 
358 358 
159 219 219 219 231 267 302 302 302 330 402 405 477 477 
192 236 249 249 
99 151 151 160 160 184 184 184 324 354 354 399 450 450 


137 
76 76 76 162 162 413 413 413 439 
64 145 145 381 381 381 464 
13 76 459 459 459 
5 5 239 239 239 

76 76 

292 292 
225 
299 299 
195 195 236 236 
70 191 236 285 304 304 388 474 487 487 
415 
294 397 
444 
236 278 
359 359 359 
206 206 241 250 
125 
46 303 381 
193 193 193 242 362 416 483 483 

281 310 310 310 
296 371 
179 236 344 344 
56 184 184 246 388 409 
330 
358 466 466 
94 184 194 315 405 405 405 
193 

3 3 3 3 24 27 27 45 45 45 47 50 50 107 109 184 184 184 196 199 199 207 208 228 228 229 229 229 229 270 270 292 322 328 328 346 346 354 354 354 360 361 361 413 413 413 509 


310 310 
214 214 214 214 
184 184 184 223 248 248 261 389 394 495 495 
329 495 
236 236 237 237 237 237 321 
85 
84 
5 5 5 386 508 
370 
441 
200 358 
326 358 358 
2 2 2 360 360 
182 413 
414 
73 315 
147 147 147 174 
304 483 483 483 
293 293 
121 121 198 420 441 
41 354 
197 476 
267 267 320 
117 136 
213 425 
19 138 138 170 170 495 
31 31 31 190 
36 229 229 229 286 286 286 346 372 
76 
22 22 414 
76 
139 139 
2 2 182 455 455 
409 
426 426 

389 389 389 
184 206 415 
102 136 184 184 236 236 293 

222 413 
489 
98 98 

428 
387 454 
63 
473 473 473 
480 480 

191 236 446 446 
389 
454 454 454 
168 413 
381 
380 
177 177 
14 102 117 455 455 
44 
104 104 345 
110 110 381 
220 220 324 
358 358 413 413 
414 414 414 
170 217 
24 24 34 228 
46 46 154 339 
379 379 
95 95 95 236 344 344 

250 417 
15 437 
41 41 257 345 354 395 395 395 395 
292 467 
2 2 325 
145 
413 453 
445 

194 271 271 408 408 
39 188 188 227 227 231 433 433 433 469 477 477 510 510 511 
41 41 272 498 
382 382 382 439 
45 45 451 451 451 451 

274 
383 383 383 415 
477 
21 220 220 413 
132 376 376 
233 233 296 296 296 
104 104 143 237 247 247 247 
290 290 290 

397 
95 222 335 376 413 
298 298 413 413 

135 135 300 
28 28 28 183 
69 371 371 371 
30 30 
367 
2 15 92 111 220 220 299 316 317 404 413 444 444 455 455 455 455 455 
2 2 28 28 178 
5 12 12 12 31 41 41 41 70 70 73 76 76 76 81 81 81 116 117 117 213 213 221 236 236 236 246 267 267 279 279 279 292 324 338 345 396 415 426 426 451 456 456 490 490 490 
491 
322 440 
193 
159 159 
2 
105 334 334 376 
56 129 267 267 267 304 304 304 446 
40 198 236 310 508 508 
65 65 65 74 187 270 286 286 332 358 362 362 413 500 
73 158 
55 55 236 249 249 267 267 282 282 471 
76 200 290 350 373 413 413 422 
100 265 496 
5 5 98 192 508 
76 76 
89 196 
236 236 415 
355 454 
271 
267 267 268 268 285 
305 
62 62 116 303 405 405 405 
27 76 245 337 337 478 
76 355 355 
328 328 
35 244 

233 310 
103 184 184 261 261 472 
80 80 80 80 215 
214 467 

143 
408 
39 39 39 232 232 402 430 430 430 
140 140 167 167 182 182 378 378 378 378 413 
184 
119 174 286 314 314 413 413 413 502 
81 
8 8 313 
5 5 53 375 375 375 377 400 400 441 
292 
159 159 
76 76 144 270 
76 76 76 76 106 106 106 295 
236 254 275 415 415 422 422 460 460 
39 159 
219 219 
7 169 169 212 271 271 296 310 310 374 375 375 505 

487 
40 55 55 56 60 69 83 83 117 117 129 147 184 184 184 192 195 201 201 230 267 267 268 275 275 283 344 354 354 354 356 401 411 415 415 415 438 447 460 
83 83 83 83 170 
272 505 
48 48 48 

62 287 
65 416 
424 494 
210 
207 478 478 
70 184 
170 170 170 266 288 288 401 
81 81 408 408 
40 40 195 195 
62 149 336 417 442 



230 283 350 
5 
260 273 
151 473 473 

338 377 458 458 
256 
81 213 213 329 
292 292 


197 
7 7 247 391 
39 101 101 184 184 191 191 191 195 195 204 204 236 236 268 268 356 356 
204 204 236 267 267 450 450 450 
415 415 
76 76 193 228 328 361 
3 7 26 158 158 203 233 233 287 339 339 354 354 374 375 395 401 408 412 427 427 427 442 442 453 465 
160 238 
256 354 472 
164 402 
230 236 236 

343 343 
60 
184 184 184 307 
467 467 467 
67 298 
195 195 374 374 
236 254 415 

56 204 
106 106 106 193 193 222 413 
241 271 
247 247 390 447 447 447 
394 394 456 491 495 
171 171 171 196 
426 426 
52 52 76 152 184 226 262 262 364 364 410 
97 97 117 408 408 436 
58 397 437 437 
229 309 
68 169 169 169 233 425 
327 327 408 
175 175 281 347 
54 54 182 314 413 
177 

39 39 39 485 485 485 485 
64 206 
9 9 56 56 96 191 191 191 
205 343 343 392 

279 354 465 

295 358 358 400 
67 67 67 79 79 192 212 233 233 364 


8 224 
35 222 222 299 319 354 354 354 413 413 413 418 418 429 434 434 455 455 455 467 481 483 
31 73 94 336 486 
182 
182 398 413 494 
413 
314 354 354 
101 
83 323 359 359 359 
76 186 465 
321 
41 140 184 
153 358 358 384 424 424 444 444 444 
90 358 413 
297 297 
76 76 209 209 270 
82 261 
39 71 
22 
193 407 413 413 
413 
190 190 413 
174 413 
250 315 486 
207 207 
184 259 
145 271 271 391 408 468 



277 277 305 305 392 
69 69 147 147 236 
138 151 184 
27 76 76 106 444 459 
298 421 421 506 

473 473 481 
8 196 254 
383 415 

365 
5 5 31 31 41 41 76 76 76 99 151 236 236 236 271 271 273 307 314 314 314 319 319 396 396 396 450 462 508 
12 202 208 208 
11 11 11 236 267 267 
431 496 
38 38 72 89 90 90 141 141 193 309 309 325 325 326 413 466 503 
61 61 61 321 321 321 
76 91 91 
76 76 270 
65 193 193 413 

292 292 310 
353 416 

181 496 


87 
68 179 179 179 
106 
196 
233 271 282 282 375 408 408 417 
225 225 225 233 233 271 374 
168 168 174 190 445 
225 259 458 
220 220 220 220 
146 146 
134 
46 46 46 64 133 139 405 408 
161 161 161 403 500 
165 165 165 351 415 
325 
413 413 
86 
124 
56 70 423 487 
22 22 81 115 115 115 130 
17 17 17 288 400 400 
266 339 400 
305 343 482 

81 289 289 
151 151 151 151 271 
184 354 354 354 
58 173 294 
317 
41 418 
5 225 225 309 390 390 391 
236 247 271 
39 219 274 405 428 
382 
6 182 
39 73 73 73 206 206 206 381 402 425 425 509 

332 
3 3 3 5 5 5 5 158 158 218 248 248 271 293 293 297 339 374 374 381 437 437 470 
70 112 484 
292 
236 
271 
45 45 45 76 76 76 92 119 132 141 141 155 167 174 175 175 182 193 196 196 220 222 222 222 286 299 314 314 314 317 318 326 332 332 333 334 335 358 362 385 385 439 455 455 455 494 
22 93 108 142 142 142 
37 57 116 165 184 201 230 230 236 236 236 269 269 283 351 383 432 
65 242 365 423 
9 149 250 374 
314 314 399 

18 98 441 
347 347 
196 230 230 
388 416 
243 325 325 
103 296 405 405 
113 113 184 184 291 291 
271 271 271 
20 20 123 402 468 468 
314 
219 219 219 
357 496 
415 
159 159 159 
314 314 

293 
150 294 294 408 408 
236 
35 35 45 161 413 
186 
1 5 88 98 225 420 
250 271 271 468 468 
5 
59 182 182 325 325 325 346 459 459 459 
156 376 
129 129 191 
236 288 288 288 

467 467 
41 41 268 268 268 354 
162 162 162 162 184 
464 464 
155 271 
4 4 124 131 131 131 202 
17 111 111 136 136 182 182 182 182 182 314 314 314 413 413 413 
184 184 289 

259 259 377 
13 13 47 47 47 346 444 444 444 
230 230 236 
22 497 
354 

46 452 452 
271 307 322 
72 72 358 
152 215 280 280 280 314 449 449 
339 428 428 442 442 
159 
408 
195 
213 273 
126 126 126 257 257 349 349 
56 487 487 

100 
39 39 159 159 166 
207 245 245 

127 127 
314 349 
392 
30 65 65 96 96 96 314 
409 
302 302 302 302 
315 336 489 489 
56 56 235 388 474 474 

31 120 486 486 
184 184 184 
185 289 
32 

35 243 317 413 
81 81 82 104 289 
197 357 367 431 
461 
160 

193 382 

30 222 
358 

233 238 
347 

5 5 86 192 192 198 354 
76 405 
159 159 
159 
