nodes: 512 edges: 954
64 
3 3 225 225 
91 153 153 182 182 182 340 356 
1 1 271 408 408 
454 454 
34 50 50 86 86 184 198 198 225 225 354 408 408 408 408 441 443 443 443 475 504 508 

233 266 266 266 
224 224 313 350 
271 304 304 
476 
356 356 385 
184 
47 47 
117 117 136 
182 182 
426 426 
455 

104 
428 
31 31 31 167 
32 32 32 331 436 436 461 461 

76 144 144 144 

271 408 
76 
183 
56 
180 180 483 483 
21 21 21 105 105 105 172 172 184 184 315 489 
22 22 22 184 184 
254 
5 
210 314 314 314 314 439 439 439 494 
106 106 
415 

62 62 62 159 166 166 267 302 330 330 402 402 405 405 
192 
85 85 99 151 151 151 184 184 354 450 450 
323 

111 
76 76 76 162 162 162 162 413 
64 145 145 145 339 395 427 
13 13 76 76 106 459 


5 5 76 76 361 400 400 
490 490 
184 292 

299 299 
93 236 414 414 414 
29 191 236 304 388 388 446 474 487 
415 415 
131 294 397 

104 104 
329 
39 39 39 206 241 250 250 330 330 
415 463 
0 46 
193 362 362 
141 289 
281 281 281 310 347 
296 296 
179 236 338 344 344 
184 388 409 
253 253 330 330 
325 466 
184 184 405 405 
193 
383 383 
24 27 45 45 45 47 47 50 50 78 109 184 184 196 196 199 199 207 228 229 229 229 245 270 270 270 322 346 346 346 354 360 360 379 413 413 413 440 456 501 509 

76 
236 
418 
184 184 184 223 248 248 389 389 394 495 
121 121 143 143 329 329 329 
236 237 237 
85 
41 41 84 312 
5 5 
306 306 370 370 408 
441 504 
200 358 
358 358 
2 360 
182 182 182 182 
55 414 414 414 
315 
147 147 147 165 174 
304 328 328 483 483 
290 293 
198 198 198 441 441 
41 354 
197 197 476 
140 195 221 267 267 267 267 471 
136 
146 379 
19 60 60 170 170 170 184 495 507 507 507 
31 31 31 106 184 184 
36 36 47 105 190 190 190 229 229 229 346 

115 
76 250 250 250 442 
139 176 390 401 
44 182 182 455 
253 
184 184 246 426 426 
367 367 
108 
184 184 415 
14 14 125 125 135 136 184 184 184 236 293 293 
364 364 
122 

82 82 
119 
428 
219 219 387 
117 117 136 455 455 455 455 
185 473 
480 480 
413 448 
236 236 415 415 446 446 

58 454 454 
168 168 413 
381 
380 389 443 443 
117 177 177 
14 102 117 125 455 
241 
184 
110 271 271 395 395 
101 
66 358 
414 
82 82 217 
24 24 24 228 
46 46 46 154 154 
103 
95 95 95 
191 191 
371 417 417 
248 437 437 437 
41 41 41 257 257 345 354 354 354 395 395 
467 
2 2 325 325 
145 145 374 
413 453 453 
445 445 445 
233 276 310 
271 271 408 
39 188 227 305 428 482 510 
272 272 272 457 498 

45 45 45 45 312 322 322 322 451 451 


95 
39 39 
21 220 220 220 413 
132 132 376 376 376 
233 233 
104 104 104 247 
290 290 480 
31 31 
344 397 
95 222 376 413 
298 
110 288 
135 135 283 300 300 
183 183 
69 
30 30 222 437 
367 367 
2 2 2 15 15 92 92 92 92 111 111 299 317 317 404 404 413 413 413 438 438 438 444 444 455 455 455 455 499 
28 178 178 
5 12 31 31 32 32 41 41 52 70 73 73 76 76 81 81 81 104 105 105 113 113 116 116 117 117 117 138 236 258 279 289 292 338 338 396 415 415 415 426 456 490 
126 491 
245 245 245 440 

159 477 

106 106 106 334 372 
56 148 148 268 304 304 446 
40 236 236 236 508 
65 74 270 270 286 332 358 358 362 413 479 

101 236 249 267 282 471 
76 76 290 290 350 350 373 373 373 413 413 422 
100 100 496 
5 5 98 98 98 441 
76 76 
89 
232 236 415 
355 355 

268 285 

62 405 
76 245 478 478 
355 

35 244 244 309 309 

310 310 375 
261 
215 215 314 
214 214 314 

143 

124 124 232 232 430 454 
167 167 167 316 413 413 
101 
174 180 314 314 376 413 413 
81 
8 8 313 350 350 
1 1 5 5 259 259 348 375 375 377 400 441 

159 257 257 305 392 
76 144 245 
76 76 76 106 106 106 295 390 
275 415 422 460 

201 219 219 454 
7 157 169 169 271 296 310 375 505 
503 

55 56 69 79 83 117 129 129 184 192 192 192 195 201 237 267 267 267 268 268 283 283 344 344 354 354 356 415 438 438 447 447 460 
83 83 236 
505 
405 
345 476 476 496 496 
62 137 405 
416 416 
311 413 494 
210 210 
76 186 186 186 207 228 478 
113 
170 
81 81 150 265 265 408 505 505 505 
195 
62 62 109 109 109 336 336 374 417 442 
286 286 

71 71 112 
33 350 

354 385 
151 151 227 227 
184 409 
225 225 377 377 377 377 458 458 
354 354 494 
213 
292 364 
315 
385 
248 248 496 
7 7 7 
39 101 101 101 101 195 236 236 236 268 356 471 471 
191 204 236 236 267 450 450 

76 76 76 193 193 328 
3 9 26 139 139 158 158 233 282 282 287 297 354 374 375 395 401 408 408 412 427 465 
160 160 160 
381 475 
402 428 
230 
157 
343 343 
399 
184 307 
308 308 467 
67 67 67 298 298 347 356 421 421 
195 271 271 374 374 427 427 
177 236 236 351 351 

204 
193 251 251 
271 
176 447 
66 184 394 491 
97 171 171 196 196 
426 
52 184 262 364 364 410 
97 117 117 408 408 436 462 
58 408 437 
229 309 
68 68 233 425 
271 327 
175 281 281 347 
54 54 182 314 413 413 
177 177 
339 
39 485 

9 9 56 96 191 191 
159 227 343 343 
87 87 408 412 
279 465 493 
280 280 
210 210 295 358 
67 157 212 212 233 364 
243 
85 162 
8 224 
35 35 35 35 214 215 222 222 299 319 341 349 349 354 354 354 384 384 398 413 413 413 418 429 434 449 449 455 455 467 467 467 483 483 483 494 
31 94 263 336 336 
220 
182 182 398 398 398 413 413 494 

314 354 

359 
76 162 162 162 
42 

72 153 153 358 358 384 424 424 424 444 
358 358 
297 
96 96 270 
61 82 82 82 
39 39 62 62 71 71 369 
22 
193 420 435 

190 
413 413 413 
250 250 315 315 486 486 

69 184 184 415 
46 301 381 408 408 427 427 427 452 468 
2 
314 505 

277 277 305 305 392 
69 69 173 236 236 447 
151 240 
76 76 76 106 444 
67 281 298 421 
225 
314 314 473 473 481 
8 196 196 224 224 254 
283 283 383 

456 456 456 
5 41 76 99 151 151 151 236 236 256 260 260 271 314 314 314 319 396 396 450 462 462 462 502 
202 202 208 
2 11 11 236 267 281 
496 
89 90 90 141 193 193 309 325 325 326 326 413 413 466 466 
321 
76 76 91 
50 
65 65 193 413 413 

118 118 262 292 292 310 
415 416 432 

114 114 181 181 496 

330 
87 87 431 
149 
190 
196 196 196 
154 250 271 282 282 442 442 
212 225 225 233 271 
168 168 168 174 222 
225 259 259 259 259 458 

76 103 
134 
133 273 339 395 395 408 
500 500 500 
75 75 351 415 415 
314 314 325 
11 256 264 413 

124 
56 56 70 
81 81 134 497 
110 229 391 391 400 400 
390 390 400 
227 343 

81 289 
46 139 139 151 151 271 381 381 
184 354 354 
58 173 
314 317 317 317 
278 418 
50 50 225 390 390 391 
110 271 
39 39 274 405 428 428 
427 427 
182 182 
39 39 73 73 206 239 241 402 425 425 

413 
3 3 5 5 5 5 26 87 158 248 271 271 293 293 294 306 339 339 381 437 437 
70 258 484 484 
292 

271 306 
45 76 76 76 128 132 155 167 174 182 182 182 193 196 196 220 220 222 222 243 299 299 314 314 314 317 317 335 335 335 358 358 362 362 385 407 455 455 455 494 494 500 
55 55 55 93 93 93 142 
37 57 57 63 116 129 129 184 184 184 201 230 236 338 365 383 383 432 432 
242 242 365 423 
149 149 250 
80 314 399 

332 441 441 
281 281 347 
196 230 
416 
325 325 325 
296 405 405 
16 16 113 113 184 291 
46 271 282 282 339 339 339 403 403 
20 123 159 274 402 402 468 468 
314 
219 
370 
365 415 415 460 460 

314 
332 
22 22 293 
150 150 150 180 294 408 408 
182 182 182 236 236 460 
35 35 35 
76 186 
5 88 98 98 198 225 420 420 
109 250 374 374 
5 5 5 134 134 
182 182 325 346 459 459 459 
156 156 156 
56 129 129 191 
236 236 288 344 
128 
314 314 
41 41 268 268 354 462 
162 162 
339 
155 155 
4 4 131 131 219 232 
17 111 125 125 125 125 136 182 182 182 182 314 314 413 413 413 
76 184 353 353 353 478 478 478 
160 
259 259 377 
47 444 444 444 
230 236 432 432 438 
22 22 
293 354 354 354 450 
63 

271 307 
72 358 358 
152 280 314 314 314 
339 428 428 
477 511 

101 195 267 267 

126 349 349 491 
56 487 487 
5 273 
10 100 240 240 
188 469 
207 207 245 456 456 456 
193 
127 127 171 
349 
159 
30 30 96 96 314 314 314 
409 409 
302 
336 336 
56 474 474 

31 
51 51 184 
185 289 473 

307 
35 243 260 314 317 413 413 
81 104 
197 240 240 265 357 367 
389 
160 
182 
382 382 382 413 
76 
354 
234 
5 88 
233 238 248 248 248 341 

104 104 104 
5 192 
76 
159 
469 
