nodes: 512 edges: 961
64 406 
3 3 225 
91 111 153 153 182 182 189 189 
1 1 76 76 76 76 76 271 408 408 408 493 493 493 
454 
34 50 86 184 184 198 198 225 255 279 279 354 400 408 408 408 441 475 

233 266 266 271 
196 224 
271 304 
476 
356 356 385 
184 184 202 355 
47 47 47 
64 
182 335 335 444 

390 455 
420 
104 104 

31 167 
32 32 32 108 108 331 389 497 

76 
408 408 484 
271 271 408 
76 76 207 346 346 

56 
340 483 483 502 
21 105 105 105 172 172 184 354 486 489 
22 22 22 41 41 184 
67 192 
5 
210 210 314 439 439 494 
409 
406 
358 
62 62 159 159 219 219 231 239 267 405 405 477 
192 236 236 249 401 401 
32 32 99 151 151 184 184 324 354 354 354 399 399 445 445 450 457 
323 

86 111 111 111 137 
76 76 162 413 439 439 
381 395 
13 13 13 76 
239 379 
236 
5 76 76 76 361 400 
490 490 
184 292 292 

299 340 501 
93 290 414 
29 236 304 388 474 487 



236 
359 
39 39 206 206 206 241 250 330 330 430 430 
463 
0 14 381 465 
362 362 362 416 483 
141 
33 310 310 
296 371 
344 
184 184 246 388 388 409 409 409 
253 253 330 330 
325 358 466 466 
184 184 194 194 194 405 405 405 405 
193 193 193 

3 3 3 3 3 24 27 27 45 45 47 50 50 50 78 107 184 184 186 196 196 196 208 228 229 229 245 270 292 292 322 328 346 354 413 413 413 423 440 440 456 
196 
76 
192 310 310 
214 418 
184 184 223 248 248 261 389 
115 121 121 143 329 329 329 389 
236 236 237 237 321 321 
312 
160 312 312 348 377 
5 44 508 508 508 
108 306 

358 413 
326 358 
2 

55 414 414 414 
315 315 402 402 402 
165 165 165 165 174 418 
304 328 483 
293 293 
121 198 198 441 
41 156 445 
197 476 476 
195 195 267 267 320 450 450 471 471 
136 136 136 
379 
19 19 170 170 237 
31 31 31 106 106 184 184 190 190 476 
105 105 190 190 190 229 229 229 286 286 286 346 346 346 346 
76 
22 22 87 115 115 414 
442 
139 139 176 288 
2 44 44 44 182 455 
184 324 324 409 409 
184 246 323 426 

82 108 108 389 389 
184 415 415 
125 184 236 236 236 293 293 293 
364 
122 222 
486 486 
82 82 98 
119 222 
428 428 428 
219 219 387 454 
117 136 455 455 455 455 
185 473 
480 
413 
191 446 446 446 
389 491 

168 413 413 

354 389 443 443 
177 177 
102 102 102 125 455 455 
44 
345 
110 110 381 395 
220 
66 413 
414 414 
82 170 217 217 
228 228 


344 
191 
417 
248 408 437 437 
41 41 257 257 354 395 
287 467 467 467 
2 2 325 325 
374 
413 413 453 453 
99 445 445 445 
233 276 276 276 310 
194 194 271 
39 39 188 188 227 231 231 305 330 428 433 469 477 477 510 511 
85 312 498 
382 382 500 
45 251 322 


95 95 95 95 383 383 

21 183 220 413 413 455 
132 376 376 376 
233 233 
104 104 143 247 
290 
31 31 
397 397 
95 222 335 376 413 413 
298 407 
110 371 371 371 
135 135 300 

371 371 
222 

2 2 15 111 220 220 299 316 317 317 317 404 404 413 413 413 438 438 444 444 455 455 455 499 
167 
5 5 12 12 31 32 41 41 52 70 70 73 73 76 76 81 81 105 105 112 113 116 117 213 213 236 236 258 258 267 267 284 284 289 291 292 292 338 345 345 355 396 396 415 415 451 456 490 
126 491 
76 245 245 322 440 
193 
159 159 477 
2 2 
105 105 106 106 106 334 334 334 
129 148 268 285 304 304 304 446 
33 40 79 198 236 310 310 508 508 
74 74 74 187 270 270 358 362 413 479 500 
73 73 73 158 158 
101 101 236 249 267 267 282 282 282 471 
8 76 76 76 77 350 413 422 422 
100 265 496 496 
5 5 98 98 192 


232 232 236 415 415 
12 405 

267 285 285 
305 
62 62 62 405 
27 337 
76 

35 35 244 309 
432 
310 375 
184 184 
80 
314 467 467 

143 143 
297 408 
39 39 124 124 232 430 454 
140 167 182 182 378 378 413 

119 122 174 180 286 314 314 314 413 413 
81 261 
8 313 350 
1 5 375 377 400 400 441 

159 477 
76 144 144 
76 76 106 106 106 
236 275 415 
39 159 159 
201 201 219 454 454 
7 157 169 169 271 310 374 374 374 505 
503 

40 40 49 56 60 83 83 117 117 117 184 184 192 195 201 230 237 267 283 283 354 354 354 356 411 411 411 415 415 432 438 487 487 487 
83 83 104 236 
272 
39 48 
476 496 496 
62 287 405 
416 
494 
210 325 
76 186 186 
70 113 
170 
81 81 150 408 408 505 
40 195 
62 336 374 417 417 417 442 
162 286 286 413 413 

71 71 
350 
5 
273 385 
151 151 305 305 473 473 
184 184 409 
458 

81 223 
292 
315 
385 
197 348 
7 7 271 391 
39 101 101 184 184 195 195 204 236 268 356 471 471 471 
191 267 278 450 

76 193 193 328 
3 7 9 26 26 158 233 266 297 339 339 339 354 374 401 408 408 453 
238 
256 354 354 472 475 475 
428 
230 
157 157 157 319 
415 
268 
5 5 307 496 
467 
298 347 421 
195 195 195 374 374 427 
236 236 351 351 351 351 
184 184 
191 204 204 
106 106 106 222 251 251 413 413 
152 241 
110 447 447 
184 394 456 495 495 495 
55 171 
184 426 
52 52 76 76 184 184 262 318 364 364 
97 97 117 117 117 436 462 
397 408 408 
309 309 
68 
218 271 327 327 
175 281 347 
54 182 
177 

485 

9 56 96 191 191 191 
159 205 257 257 343 392 
87 408 412 
279 354 

210 295 295 358 358 
67 67 79 79 157 192 192 212 233 364 

84 85 85 160 
224 
35 215 222 222 222 319 319 319 341 354 354 384 384 413 413 413 418 429 449 455 455 481 483 
94 94 263 336 336 486 
182 
182 182 182 398 413 413 413 494 494 494 
292 413 
276 314 314 314 354 
101 
83 83 359 359 359 
76 162 186 
42 113 359 
41 112 112 
72 153 153 244 358 358 503 
90 358 413 413 
297 297 
76 96 270 
82 82 82 
62 62 71 71 159 
22 
413 420 
413 
190 190 190 413 413 
15 15 174 413 413 
250 315 315 486 
207 
184 415 
271 271 271 381 381 408 408 427 427 452 468 
30 54 
314 

305 392 
69 147 447 447 
138 184 184 
27 27 76 106 106 106 106 444 444 444 459 
281 298 421 421 
85 265 

196 224 254 
283 283 283 283 383 383 
402 

5 31 41 41 41 76 134 151 236 236 236 271 273 273 307 314 314 319 396 396 396 396 450 462 490 502 508 
12 184 
11 11 236 267 
431 496 496 
38 72 89 90 193 309 309 325 325 326 413 413 413 
61 321 321 321 323 

50 
65 65 65 193 413 

118 292 292 310 

490 
496 


431 
68 176 176 176 179 179 


154 233 233 233 250 271 282 282 408 408 417 421 
212 225 
168 168 168 174 
85 225 
220 220 
48 103 

46 64 139 339 339 405 408 408 
161 161 
165 165 351 351 415 432 463 
314 314 
11 256 264 413 

124 
56 70 70 487 
22 81 82 115 115 130 134 497 
17 400 400 400 
266 400 
305 343 
441 441 
289 
46 139 151 
184 184 354 354 354 354 
173 173 294 
317 
41 41 
5 50 225 225 390 390 390 391 
40 40 271 
94 94 94 352 428 

182 182 
39 39 73 73 73 73 202 206 241 381 425 425 509 
0 37 
175 413 
3 3 3 5 5 5 25 25 26 150 218 248 248 271 271 294 294 306 339 339 374 374 381 381 437 
36 70 70 70 112 112 258 

236 236 236 
306 
45 76 76 76 89 128 132 132 141 155 155 167 167 174 174 182 182 182 193 196 220 222 222 251 251 286 286 314 314 314 317 317 317 318 326 326 332 333 334 334 335 335 358 358 358 362 385 407 439 455 455 494 
55 93 93 93 108 142 142 
116 116 184 184 201 201 230 236 236 277 338 383 432 432 463 
65 242 
149 250 250 250 374 
80 95 314 

18 332 441 441 
281 347 347 374 
196 196 
76 

405 405 
113 291 
282 339 339 
123 123 123 159 274 402 468 
314 
62 62 219 
357 370 496 496 
211 236 383 415 415 460 460 
159 

449 
293 
150 150 408 
182 182 236 460 
35 35 45 45 413 
76 76 186 
5 98 225 393 393 420 420 
109 250 
134 134 
15 182 182 346 346 346 459 459 
41 41 99 156 156 156 
129 129 129 191 
288 288 344 344 

314 435 467 
41 101 101 268 354 462 
184 
339 
155 155 271 
4 124 219 232 232 
17 111 125 125 125 125 136 136 167 182 182 182 314 314 413 413 
76 184 289 478 478 
41 
259 
346 444 444 
432 432 438 

293 354 450 
63 383 415 

64 
72 72 
152 152 152 215 215 280 449 
339 428 
159 511 

101 101 195 267 267 267 
273 475 
126 257 257 491 491 491 
56 487 
5 273 273 472 
10 100 100 105 240 496 
39 159 159 188 227 
456 456 
193 
127 
314 

30 30 65 96 314 
25 
302 
31 120 120 315 336 489 
56 236 236 236 388 474 

31 486 
51 51 184 354 366 
130 185 473 473 473 

3 3 3 
35 243 317 317 317 413 
289 289 289 
197 197 240 240 279 357 357 367 431 431 476 
22 389 
160 
182 
161 193 
54 
30 354 
234 325 

233 248 


86 86 86 192 192 354 
405 
159 
159 469 
