nodes: 512 edges: 1585
406 
3 3 225 225 225 225 
91 91 153 153 153 183 183 183 189 
1 1 76 76 76 218 271 271 271 408 408 408 408 493 493 
454 454 454 
34 34 48 50 50 86 86 86 86 184 184 225 225 225 255 255 273 273 279 279 279 354 354 400 408 408 408 408 441 443 443 443 475 475 508 
404 
233 233 266 266 266 271 
196 224 224 313 350 350 
271 271 304 304 
476 476 
356 
184 184 202 355 
47 47 47 459 
64 76 117 117 117 136 
335 335 335 335 
426 426 
390 390 455 


428 428 
31 31 
32 32 32 32 331 331 389 389 389 436 461 461 497 
290 480 
76 144 144 144 144 478 
408 408 
271 271 271 408 
76 76 
153 178 183 183 
56 
180 502 
21 21 105 105 105 172 184 184 315 315 354 354 486 486 489 489 
22 22 22 22 41 184 
67 67 
5 5 144 
210 210 210 309 309 314 314 314 439 439 439 494 494 
409 
406 452 
358 358 
62 62 159 159 159 166 166 219 219 219 231 239 267 267 402 402 402 405 405 405 477 
192 192 236 236 249 249 401 401 401 401 
32 99 160 184 324 324 324 354 354 445 445 445 450 450 450 457 457 
323 323 323 

86 111 111 111 137 
76 76 162 162 162 413 413 439 
64 64 145 145 145 145 145 339 381 381 381 395 395 
13 13 13 76 76 76 346 459 459 459 459 
5 239 239 239 
236 236 
5 5 76 76 76 76 361 361 361 361 400 
338 338 
184 292 
225 
299 299 
195 236 414 414 414 414 414 
29 191 191 236 285 285 304 388 388 388 474 474 474 487 487 487 

131 173 294 294 397 397 
444 
104 236 278 
329 359 359 359 359 
39 39 206 241 241 250 250 330 330 330 430 430 430 
125 463 463 463 
14 46 46 303 381 465 
242 362 416 483 

33 33 310 
169 169 169 179 179 296 296 296 
344 
184 184 246 246 388 388 409 409 
253 330 330 330 
325 325 358 358 466 
94 184 184 184 194 194 194 315 315 405 405 405 405 405 
193 193 
383 415 
3 3 3 14 24 27 27 45 45 47 47 47 50 50 50 50 78 78 107 107 109 109 184 184 184 196 199 199 207 207 208 228 228 228 228 229 229 229 245 245 245 270 270 270 270 292 322 328 328 346 346 353 353 354 354 360 361 413 413 413 423 423 423 440 440 456 501 509 
196 379 
76 76 
192 236 310 310 
214 214 214 214 
184 184 184 223 223 223 223 248 248 248 248 248 389 389 389 495 495 
121 121 121 142 142 329 329 
236 236 237 237 237 237 321 321 321 321 321 
85 202 312 
84 160 160 312 312 377 
5 5 5 5 44 211 508 508 
306 306 370 370 
504 
200 
326 358 
2 2 360 360 360 360 
182 413 
414 414 414 
73 315 402 402 
147 147 147 165 418 
304 328 328 328 328 328 483 483 
290 
121 121 441 441 
41 156 156 354 354 354 
197 197 197 476 476 476 
195 212 221 221 221 221 267 267 378 450 450 450 450 450 471 
117 136 190 216 216 
146 146 213 379 
60 138 170 170 170 237 
31 31 31 106 106 106 184 184 213 445 
105 105 105 190 190 190 229 229 286 286 286 286 346 346 346 346 
76 76 
414 414 
76 76 199 250 250 250 442 442 
139 139 139 176 288 288 288 401 
44 44 44 182 182 182 455 455 455 
184 184 184 324 409 409 409 409 
184 184 184 246 246 246 426 426 
367 367 
389 389 389 389 
184 184 206 415 415 415 
14 14 14 102 125 135 136 136 184 236 293 293 293 293 
364 364 
122 222 413 413 
486 489 
82 82 82 98 98 
119 222 
428 428 
387 454 
63 117 136 455 455 
185 185 
480 480 
448 448 
236 415 415 446 446 446 446 
491 
58 454 
168 413 
381 381 
354 354 380 443 443 
117 177 177 177 
14 102 117 117 125 455 455 455 455 
44 241 241 324 
104 184 345 345 345 345 
110 110 110 271 271 381 395 395 
220 220 
413 413 
82 82 414 414 
217 217 
24 24 24 24 34 228 228 228 228 228 282 282 
46 46 46 46 46 154 154 154 154 154 339 339 
103 103 379 
95 95 95 236 
191 191 
250 250 417 417 
248 248 408 437 
257 257 354 354 395 395 
467 467 467 467 
2 2 2 28 
145 145 145 145 145 374 
453 453 
99 99 445 445 450 
276 
194 271 271 271 408 408 408 
39 39 39 188 188 188 227 227 227 231 231 231 305 305 305 330 330 433 433 469 477 477 510 510 511 511 511 
41 85 85 272 272 312 498 
382 382 439 500 
45 45 45 312 312 451 451 451 451 451 

236 274 
95 329 329 383 383 383 383 415 
39 39 477 
413 413 
132 376 376 376 
68 68 68 296 
104 104 104 237 247 247 247 
290 290 290 
31 
58 344 397 
222 335 413 413 413 
298 298 298 298 298 
110 371 
135 135 135 283 300 415 415 415 
28 183 183 
68 68 371 371 
30 222 
367 
92 111 111 111 220 220 220 299 299 299 299 317 317 413 413 438 438 444 444 455 455 455 455 
2 2 2 28 28 178 178 
5 5 12 12 31 31 32 41 52 70 70 73 73 73 76 76 76 81 81 81 105 105 112 112 112 113 113 113 116 116 117 138 221 221 236 236 236 246 246 246 258 258 267 267 267 279 284 284 291 292 292 338 338 345 355 396 415 415 456 456 456 490 490 
126 126 491 
440 440 

159 159 159 477 
2 
102 106 106 106 334 334 372 376 
56 56 148 148 267 267 285 285 304 304 304 446 
40 40 79 236 236 236 310 310 310 310 421 508 508 508 
74 74 270 270 270 270 270 286 286 358 358 362 413 413 479 479 479 
73 73 73 158 430 
55 101 236 236 236 249 249 249 249 267 267 267 282 282 282 282 471 471 471 
8 76 77 224 350 350 413 413 
100 100 100 
386 441 508 508 
76 76 109 207 207 207 
89 
232 232 232 236 415 
12 84 355 355 454 454 
271 
267 267 267 268 268 285 285 285 

62 116 293 303 405 
76 76 199 199 199 245 337 
76 355 355 355 
215 
35 35 35 244 244 244 309 
86 432 432 460 
101 233 233 233 375 
103 105 261 261 261 
80 80 80 80 215 314 314 314 
209 214 314 467 
102 102 
143 143 
3 271 297 408 
39 39 39 232 232 232 274 402 402 402 430 430 454 
140 140 182 182 182 316 316 378 378 413 
101 101 101 101 184 184 
119 122 174 180 286 314 314 413 413 413 
81 81 81 81 261 
8 8 196 313 350 
1 1 1 1 5 5 5 53 348 375 375 400 400 400 400 419 419 

159 159 159 257 257 257 305 305 392 477 
76 76 76 76 144 144 144 144 144 
76 76 76 106 106 295 390 
236 275 275 303 303 415 415 422 422 460 460 460 
39 159 159 159 
201 201 201 219 219 219 
7 7 212 212 212 271 271 296 296 310 310 374 374 374 375 505 

487 487 
40 40 49 49 55 56 60 79 83 83 117 129 147 164 184 184 184 192 192 192 195 195 195 201 230 237 237 267 267 268 268 268 275 275 275 283 283 283 351 351 354 354 356 356 356 388 401 411 411 411 411 415 415 432 438 438 447 447 447 460 487 
83 83 83 83 104 170 236 236 
505 505 505 
39 48 48 48 405 405 
476 476 496 496 
62 62 137 137 405 405 405 
65 416 416 416 
311 311 413 424 424 
210 210 210 325 358 358 
76 76 76 207 478 478 478 
70 70 113 113 113 184 184 184 
170 170 170 266 288 288 401 
81 81 81 81 81 150 150 265 408 408 408 505 
40 40 195 195 195 195 
62 62 109 109 109 149 149 336 336 336 336 374 417 417 417 442 442 
286 
344 
71 
283 350 350 350 350 
5 5 
273 385 
151 151 227 227 227 473 473 
184 184 409 409 
377 377 377 377 458 
354 354 
213 213 213 223 
271 292 292 364 
315 
334 334 385 
248 496 496 496 
7 7 7 247 271 391 391 391 391 
39 39 101 101 184 184 184 191 191 195 195 195 204 204 204 236 236 268 268 356 
204 204 236 236 236 267 267 278 450 450 450 
415 415 
76 76 76 76 193 193 193 193 193 328 328 328 361 361 
3 3 3 7 9 9 26 26 26 139 139 158 158 158 203 218 233 233 262 266 282 282 287 287 297 297 339 374 374 374 375 395 401 401 408 408 412 412 412 427 442 442 442 453 465 
160 160 505 
5 5 256 354 381 472 475 475 475 
164 219 402 428 
230 230 236 236 236 
157 370 
283 343 343 415 
60 268 399 
5 5 5 184 307 307 307 
467 467 467 467 
298 298 347 347 356 421 
144 144 195 195 195 195 271 271 374 374 374 427 427 
177 236 236 236 254 277 351 351 351 351 415 415 
184 184 
56 56 191 191 204 204 204 
106 106 106 106 193 193 222 251 413 413 
271 271 
110 110 110 247 247 447 447 447 
394 394 495 495 495 
23 97 171 171 171 
184 426 426 
52 76 184 184 262 262 318 364 364 364 364 410 410 
117 117 117 117 206 408 462 462 462 
58 58 397 397 397 408 408 408 437 437 437 
229 309 309 309 309 309 
68 68 68 169 233 233 425 
218 271 271 327 327 327 327 408 408 
175 175 175 175 175 281 281 
54 54 182 182 182 182 314 413 413 
177 
339 
485 485 485 485 485 
64 206 230 230 415 415 
9 9 56 96 191 191 191 
159 159 159 227 227 343 343 343 343 392 392 
87 87 370 370 370 408 
279 279 279 354 354 465 493 

35 35 210 295 295 295 295 295 358 358 358 358 
67 79 79 192 192 192 192 233 233 364 364 364 364 
243 243 
84 85 85 160 162 162 
8 224 
35 35 35 214 214 214 215 222 222 299 319 319 319 349 354 354 384 384 384 398 398 413 413 413 418 418 429 455 455 455 467 481 483 483 489 494 
31 31 73 73 94 263 336 
220 220 
182 182 398 413 413 494 494 494 
292 
314 314 314 354 

83 83 83 83 83 323 323 323 359 
76 465 465 465 465 
42 42 42 321 321 321 359 
41 41 41 112 137 
72 72 244 358 358 384 424 444 444 444 503 503 
90 358 358 413 413 413 413 413 
297 297 297 297 453 
76 76 96 96 96 96 96 270 270 270 
61 82 82 165 165 
62 62 62 71 71 71 159 159 369 369 428 428 
22 22 
420 420 420 

190 190 264 264 
15 15 15 15 174 413 
250 250 250 250 315 
207 
51 51 184 184 
46 145 145 271 301 381 381 391 408 427 427 427 427 452 452 468 

505 
405 
277 277 305 305 305 305 392 392 392 392 
69 173 252 447 
138 138 138 138 184 
47 76 76 106 106 106 106 444 444 444 444 459 
281 281 421 506 
225 
314 473 473 473 
8 8 196 196 224 254 254 254 254 
236 236 283 283 283 283 383 

76 76 456 456 
5 5 31 31 41 41 76 76 99 99 99 134 134 151 151 236 236 260 260 273 307 307 314 314 319 396 450 450 450 462 490 508 508 
12 184 202 202 208 208 208 
11 236 236 236 267 281 
431 431 496 496 
38 38 72 72 90 193 193 244 244 309 309 309 309 325 325 326 326 413 413 413 466 466 503 
61 61 61 61 321 323 
76 91 91 91 91 
50 50 50 50 76 270 270 
65 193 

118 118 262 292 292 292 292 310 310 310 310 


114 114 181 496 

330 330 
87 87 276 306 306 306 
176 179 179 
190 

154 233 233 233 250 271 271 271 282 282 282 375 408 417 417 417 421 421 421 442 442 442 
212 225 225 233 271 374 
168 168 168 190 
85 259 259 259 259 
101 220 220 
77 103 146 
134 
46 46 46 64 133 133 139 273 339 339 395 395 405 408 
161 161 500 500 500 500 
75 165 165 165 165 351 415 432 463 
314 314 314 325 
256 264 
198 
124 
56 56 56 70 70 236 423 487 487 
22 22 22 81 81 81 115 115 115 115 497 
17 17 229 391 400 400 400 
266 266 266 266 339 390 
227 305 305 343 343 343 343 482 
441 441 441 441 441 
289 289 
46 46 139 139 151 151 271 381 381 
184 354 
58 58 173 294 294 294 
314 314 317 
278 418 418 
5 50 225 225 225 225 390 390 390 
40 40 40 40 110 236 247 271 271 
39 39 39 94 94 219 219 219 274 405 405 
427 427 427 
6 
39 39 39 73 73 73 73 73 206 239 239 241 241 241 342 381 402 402 425 425 509 
0 37 

3 3 3 3 5 5 5 5 25 25 26 150 158 158 158 218 248 248 248 271 271 293 294 294 294 297 297 306 339 374 381 437 437 470 
36 70 70 112 112 112 112 258 258 484 484 
292 292 
236 236 236 236 
271 271 271 
45 45 76 76 76 92 119 119 132 141 141 167 167 174 174 174 182 182 193 193 196 196 220 222 222 222 243 286 286 299 299 314 314 314 317 317 326 326 326 326 326 335 358 358 358 439 448 455 455 494 
55 55 55 55 55 93 93 93 108 108 142 142 
75 116 116 116 129 129 165 177 177 177 184 184 201 230 230 236 236 269 269 277 283 283 303 303 383 432 432 463 463 488 
65 242 242 242 
149 149 250 250 250 374 374 374 
95 314 314 399 399 
225 225 
332 332 332 441 441 
192 281 347 374 374 374 506 
230 230 
76 76 76 388 
243 243 325 
296 405 405 
16 16 113 113 291 291 
271 282 282 339 339 339 339 403 403 403 
20 20 123 123 274 330 330 468 
314 
62 62 62 194 219 219 
357 357 496 
211 211 236 383 415 415 460 460 
159 159 

449 
22 
150 294 294 294 408 408 
182 182 236 236 
35 35 35 45 161 413 
76 76 186 186 
5 98 98 198 393 393 393 393 393 420 420 
109 109 250 250 271 271 271 374 374 374 468 468 
5 5 5 134 134 
59 182 182 325 325 325 346 346 346 346 459 459 
41 41 41 105 156 156 
129 129 129 129 191 
236 236 236 288 288 288 344 
128 128 413 
435 467 
41 41 41 101 101 101 101 101 156 268 268 268 354 354 354 462 462 
162 162 162 162 162 
37 339 339 
155 155 271 327 
4 4 4 124 131 202 202 219 
17 111 111 111 125 125 136 136 136 136 182 182 182 182 314 314 314 413 413 
76 184 184 184 353 353 478 
41 41 
259 
13 47 47 47 47 346 444 444 
211 230 230 230 236 432 432 
22 22 
293 293 293 354 450 450 
63 63 63 383 415 415 

64 271 307 322 322 322 322 
72 358 358 
152 152 152 152 215 280 280 280 280 314 449 
339 428 442 442 
159 477 511 
408 
101 195 195 195 
273 475 
257 257 349 349 349 491 491 491 
56 56 56 487 487 
5 5 273 273 273 472 
10 10 100 100 100 240 240 496 496 
39 159 159 166 188 227 469 
24 245 245 245 456 
193 193 193 
23 127 127 
314 
392 
65 96 96 314 314 
409 409 
302 302 302 302 302 
31 31 120 489 489 489 
56 56 56 235 235 236 388 388 474 474 
415 
31 31 120 314 486 486 486 
184 184 354 
130 185 473 473 473 

3 3 307 
35 35 314 317 317 317 413 
81 81 289 289 289 
240 240 265 265 265 357 357 367 431 476 476 
22 389 
160 

161 382 382 382 382 
76 
30 
325 325 358 
88 
233 238 238 238 248 272 341 
347 421 

5 86 86 192 192 192 198 198 354 354 
76 405 
159 159 
159 159 159 469 
