nodes: 512 edges: 978
406 
3 3 225 441 
91 153 182 182 183 183 
1 1 76 76 76 218 271 271 408 408 408 
454 
48 86 86 184 184 198 198 225 225 255 255 273 273 273 279 354 354 408 408 443 475 504 508 508 
404 
233 
196 196 313 350 350 
304 417 

356 
184 202 202 
47 47 47 329 
117 267 
182 335 335 444 475 
426 


104 
428 428 

32 32 32 331 389 389 414 436 461 461 497 

76 144 144 144 144 478 
408 424 484 
271 408 

178 178 
56 
180 
172 172 184 315 315 
22 22 22 184 
67 

210 309 314 314 314 314 439 439 494 494 

415 415 
358 
62 159 159 166 219 267 267 402 477 
192 249 401 401 401 
85 85 99 137 151 151 184 184 324 354 354 354 450 450 
323 323 

111 137 
76 76 76 162 413 439 439 
64 339 381 395 427 
13 13 13 76 76 106 459 459 
5 239 

76 76 
222 338 490 490 
184 345 
225 
340 
195 195 236 414 414 
29 70 236 236 304 304 446 446 474 474 474 487 
415 
173 294 294 
444 
104 278 
81 329 
39 206 241 241 250 250 250 330 430 430 
102 463 463 
46 381 381 465 
193 242 416 416 483 
141 
33 281 
169 179 179 296 
344 
56 184 184 246 246 246 388 388 388 409 
330 330 
325 358 
94 184 184 184 194 194 315 405 405 
193 193 193 413 
383 383 
3 3 3 24 45 45 45 47 47 50 50 107 109 109 184 184 184 186 196 196 199 208 208 229 229 242 242 270 292 322 322 328 328 346 354 354 354 379 413 413 413 456 


310 310 310 
214 418 
61 184 184 223 223 248 248 261 261 389 495 
115 142 143 389 
236 237 
85 85 312 
41 41 84 84 312 348 
5 5 386 
108 306 408 408 
504 

358 
2 360 360 
413 
414 414 
73 315 
147 147 165 165 418 
304 328 328 328 328 483 
290 293 293 362 
198 198 198 198 420 420 
41 354 
197 
195 195 221 221 267 267 450 450 471 
63 136 136 136 216 
379 425 425 
19 60 138 170 237 507 
106 184 184 190 
47 105 190 190 190 229 229 229 229 286 286 346 
76 
87 
76 76 250 442 442 442 
139 288 288 288 401 
44 
184 184 184 324 409 409 409 
184 184 246 246 246 426 
367 
82 389 389 
184 415 415 
14 125 125 136 184 184 236 293 
364 
122 122 
486 

119 119 
428 428 
219 387 
117 117 136 136 455 455 
185 185 
480 480 
448 
191 236 236 446 
389 389 
454 454 
168 413 413 413 

354 380 380 389 443 
177 177 
102 102 102 117 125 125 455 455 
41 44 241 324 
104 345 345 
110 271 271 395 
220 
66 
82 
82 
24 24 24 24 
154 
379 
95 95 
191 191 
250 371 417 
408 
41 41 257 345 354 354 354 395 395 395 
287 467 
2 
145 374 374 
413 453 
280 445 445 450 
276 
271 408 408 
39 39 188 188 227 231 231 305 477 510 
312 498 498 
382 500 
45 251 291 451 451 

236 
95 95 383 383 
39 477 477 477 
220 413 413 
132 376 376 376 
68 296 
104 237 247 247 
290 290 480 
31 31 
58 397 397 
222 222 335 376 413 
298 407 407 407 

135 135 283 415 
28 28 183 
68 68 
30 222 

2 2 15 220 220 220 299 316 317 317 413 413 438 444 444 455 455 499 
2 2 178 
5 5 12 31 32 41 41 52 70 70 73 73 73 76 76 76 81 81 105 105 112 112 112 113 113 116 117 117 213 236 246 258 258 267 267 267 279 284 284 291 292 324 338 451 451 456 456 490 
126 126 
76 440 440 
413 455 
159 159 477 

105 106 106 106 376 
129 148 148 267 285 285 446 
40 236 310 508 508 508 508 
65 74 74 74 270 270 270 286 286 332 358 362 479 479 
73 73 
55 55 101 101 236 236 267 267 282 282 282 471 
8 8 76 76 200 224 350 413 422 422 422 
100 265 496 
5 5 98 98 98 98 
76 207 
196 
232 
12 12 355 355 355 405 454 
271 
267 285 285 285 

62 
199 
76 76 355 
270 
35 244 
432 432 432 432 
233 310 310 310 
184 261 261 261 
80 215 
214 314 467 
102 

3 
39 124 232 274 274 402 402 430 430 
140 167 182 182 182 378 413 
101 101 
51 174 174 180 314 314 314 376 413 413 
81 81 261 
196 313 350 
1 5 5 53 375 375 375 375 393 400 400 419 419 441 

159 257 477 
245 270 
76 76 106 106 106 106 
236 303 415 460 460 
159 159 
201 219 
7 212 271 296 310 374 375 505 
503 503 
487 
55 56 56 83 117 129 129 164 184 192 195 195 230 237 237 267 267 268 268 283 283 283 344 351 354 354 354 356 388 411 411 415 415 438 447 447 460 
83 104 170 236 236 
272 272 505 
48 405 405 405 
345 476 
62 62 137 405 405 
65 76 76 416 416 
494 
210 
228 478 478 
70 70 70 113 113 113 184 
170 170 266 288 288 401 
81 81 265 408 408 505 505 505 
40 
62 62 62 109 149 336 374 417 
162 286 286 286 413 


350 350 
5 5 
385 
151 227 473 
184 184 409 
377 458 458 

81 81 213 213 213 223 329 
292 292 292 292 

334 334 385 
197 248 496 
247 271 391 391 
14 39 39 101 101 184 184 184 191 195 195 204 236 236 268 356 
236 236 267 278 
415 
76 193 193 193 209 228 
3 3 26 139 139 158 203 233 266 287 339 374 401 401 408 427 465 
238 238 
5 5 5 354 354 381 475 
219 219 402 

157 

60 268 
5 184 
156 467 467 
67 
195 195 195 374 427 
177 236 236 236 351 351 415 
184 184 302 
191 191 204 204 204 
106 106 193 193 251 251 251 413 413 
152 271 
110 110 110 247 247 447 
394 394 394 495 495 495 
97 171 171 
162 184 426 
76 184 262 262 262 262 410 410 410 
97 97 117 408 408 436 436 450 462 
58 58 397 408 437 437 
309 309 
68 169 233 
327 327 327 327 408 
175 
182 314 360 413 413 

339 
284 
230 415 
9 56 56 96 
159 343 
87 370 370 
354 354 465 
467 467 
35 295 295 358 358 
79 79 79 192 212 212 212 233 364 

84 85 160 
8 224 
35 35 35 35 215 222 222 222 299 341 354 354 354 384 398 413 413 434 434 455 455 455 467 481 481 494 
31 31 73 94 486 
182 
182 182 398 413 494 494 



359 359 
76 76 
42 42 359 
41 112 137 184 
72 358 358 384 424 503 503 
358 358 413 413 413 413 
297 297 297 297 
76 76 96 96 96 96 
13 61 261 
62 71 71 369 369 369 428 
22 
193 413 413 413 
413 
264 264 
15 15 174 
250 486 

51 184 415 415 415 
46 271 301 381 408 
54 
314 

305 392 
69 236 447 
52 138 138 151 240 
76 106 444 

85 
473 473 
8 8 196 224 254 254 
236 283 283 383 383 383 415 

456 456 
5 5 41 41 41 76 76 76 99 134 151 151 151 236 236 236 273 273 307 307 314 314 314 396 450 462 490 502 502 
202 202 202 208 
11 236 267 
496 
38 72 90 193 309 309 325 325 326 326 413 466 503 
321 321 323 
91 91 299 

97 193 413 
444 
118 310 469 


114 

330 330 330 
306 306 
149 


154 154 233 250 271 282 408 442 442 442 
225 225 225 225 233 
168 168 168 174 190 222 
259 
220 
76 103 146 
134 134 
46 64 64 273 339 395 405 
161 500 
75 75 165 165 351 351 351 415 432 432 432 463 
314 325 
256 264 
86 
124 
70 70 70 236 
22 22 81 82 115 115 130 130 134 497 497 
400 400 
266 266 
343 
225 441 441 441 
289 289 289 
46 139 151 151 151 381 
354 
173 173 294 
314 317 
418 418 418 
225 225 390 390 
40 40 40 110 247 271 271 
39 219 219 274 428 
427 
6 
73 73 202 239 239 239 241 241 381 425 509 
0 
175 175 175 
3 3 3 5 5 25 26 87 87 150 158 158 248 248 271 293 293 294 297 339 374 437 
70 112 112 112 258 484 
292 292 292 
236 236 

45 74 76 76 76 92 132 132 132 155 167 167 174 182 182 187 196 220 222 222 251 286 286 299 299 314 314 317 326 326 326 326 332 332 332 333 358 362 439 439 500 
22 55 55 93 93 
37 37 57 116 116 177 230 236 236 269 283 303 338 338 338 351 383 463 
65 65 242 242 
9 149 250 
80 95 399 399 399 
225 225 
98 98 441 441 

196 196 196 

25 325 
103 103 405 
16 113 291 
46 271 282 403 
20 20 123 123 330 402 

62 62 219 219 
496 
211 211 211 211 383 383 383 460 

314 314 
449 
22 293 293 
294 294 408 
182 236 460 
35 35 45 45 413 413 
186 186 
1 225 393 393 393 420 420 
109 109 109 374 374 374 468 
5 134 
15 59 182 182 346 363 459 459 
156 156 
56 56 129 191 
236 236 288 344 
128 
435 467 
41 41 101 101 156 293 354 
162 162 184 184 
464 464 464 
155 
4 131 131 202 
125 125 136 136 182 182 187 314 314 314 
76 184 184 353 353 478 

259 259 
47 47 444 444 
230 230 236 432 438 
22 22 497 
293 354 
63 63 383 415 
452 452 452 
64 271 307 
358 
152 215 280 280 308 308 314 449 
442 
364 477 

101 195 
475 
257 349 349 491 491 
56 56 56 487 
5 15 273 472 
240 496 
39 159 166 166 166 188 227 469 
24 245 245 456 
193 193 
127 127 171 
314 314 

65 96 
25 409 

120 315 336 489 
56 235 474 

486 
51 51 184 354 
473 473 


35 35 243 314 317 317 
81 289 289 289 
197 265 357 431 476 
22 389 389 461 
160 160 
182 
161 382 413 

354 354 
234 234 325 325 358 
5 88 
233 238 248 248 248 

104 
5 5 192 192 192 192 
405 
159 

