nodes: 512 edges: 981
64 
3 225 225 
91 153 182 182 182 183 
1 76 76 218 271 408 
454 
34 48 50 86 86 184 198 225 225 225 255 279 279 400 408 408 441 504 508 508 
404 
271 
196 224 313 313 350 350 
304 304 
476 
385 
184 184 202 
329 
117 117 
335 335 335 
426 
390 455 


428 
31 31 
32 108 115 389 389 389 436 461 497 

144 144 144 
408 408 408 484 
271 408 408 
76 207 346 
183 183 
56 
180 180 502 
21 21 105 105 105 184 184 354 489 489 
22 184 
67 
5 144 
210 309 309 314 314 494 494 494 


358 
62 159 163 219 267 267 302 330 405 405 
192 236 401 401 
99 151 151 160 184 324 324 324 354 450 457 
323 323 
362 
86 111 111 
162 162 413 413 
64 145 145 339 381 395 427 464 
76 76 346 
5 239 239 
236 
5 76 76 361 400 400 400 
338 490 
292 

340 
93 195 195 236 236 290 414 
29 70 191 304 304 304 388 446 474 474 

173 294 294 
444 
236 278 278 
359 359 359 
39 206 206 241 250 250 250 430 
463 
0 46 381 381 
193 193 242 362 483 
141 141 289 
33 
169 169 296 371 
179 344 
56 388 388 409 409 
253 253 253 
325 
184 184 194 194 194 315 405 405 


3 3 27 47 47 50 50 109 109 184 184 186 196 196 199 199 207 208 229 229 242 242 328 346 354 360 361 379 413 413 456 


236 236 310 310 
214 214 
184 184 223 223 248 248 394 495 
142 143 143 389 
236 237 321 
85 312 
84 160 
5 5 44 386 508 
306 306 370 408 
504 
200 358 358 
358 
2 
182 
55 
315 402 402 
147 147 147 165 165 418 
328 483 483 
290 
121 198 441 
41 156 354 
197 476 476 
140 195 221 221 267 
117 136 190 
189 213 379 
170 471 507 
31 31 31 106 
105 229 229 229 229 346 346 372 

22 115 414 
76 76 250 250 250 442 442 
139 288 401 
44 44 182 182 455 455 455 

184 184 246 426 426 
301 367 
22 108 389 
184 206 
14 14 102 125 136 136 293 293 293 

122 
486 
98 
119 222 
428 
219 387 387 387 
117 136 455 
473 473 
480 
448 
236 415 446 446 

454 
151 168 
381 
354 354 389 

102 117 117 125 455 455 455 
241 241 241 
345 
110 271 271 381 381 
101 220 
66 66 358 358 
82 414 
82 82 
24 24 24 34 228 282 
46 46 154 288 339 339 
429 
95 95 95 344 
191 
417 417 
248 437 437 
41 41 132 257 345 395 395 
287 467 467 467 
2 
145 374 
413 413 453 
99 280 445 445 450 450 
233 276 
194 408 
39 227 227 231 305 330 330 433 510 
41 85 272 312 498 498 498 
382 382 382 439 
45 45 312 322 322 451 451 
39 
236 
95 95 383 383 
477 477 
220 413 413 455 
132 376 376 
68 68 296 
104 247 
290 290 290 480 

58 
222 376 376 413 413 
298 298 298 407 
288 371 
415 
183 183 
69 371 371 371 
30 30 222 
367 
2 2 2 92 111 111 220 220 299 299 299 317 404 413 413 438 438 438 438 444 455 455 499 
2 28 28 178 178 
5 12 12 31 31 32 41 73 73 76 76 81 81 113 113 116 213 213 213 221 221 236 236 236 246 258 258 267 279 279 284 292 324 338 345 415 415 456 456 

76 245 440 


103 
102 334 334 376 
56 148 267 267 268 285 304 304 
40 198 236 310 508 
65 65 270 358 413 413 479 479 500 
73 73 73 158 
55 55 101 236 236 249 267 282 471 
8 76 76 290 290 303 350 350 373 413 413 422 
100 496 
5 98 192 508 
76 76 207 
89 
236 415 
12 355 355 405 454 
271 271 
268 285 285 

62 62 116 293 
27 76 199 245 337 
76 
328 328 
35 244 244 244 309 
432 

103 184 184 184 
80 80 215 314 314 314 
214 314 


3 
39 124 430 430 454 454 
140 167 182 182 316 378 378 378 
101 101 184 184 
122 174 180 286 314 314 314 376 376 413 502 
81 81 
8 313 
1 1 5 5 5 375 377 393 400 400 419 
292 
159 159 257 392 477 
144 245 245 
76 76 106 106 106 106 
236 236 275 275 415 460 
159 
454 454 
157 271 296 374 374 375 375 505 
503 
487 487 
40 49 55 55 60 79 79 83 129 164 184 184 184 192 195 195 201 230 230 237 283 283 344 351 354 401 411 415 415 415 432 432 438 438 447 460 460 487 487 
83 236 
272 272 272 
48 48 
476 476 
62 137 137 137 287 405 405 405 405 
65 76 76 416 
311 413 
210 210 210 325 
186 207 228 228 478 478 478 
113 184 
170 
81 81 150 265 265 265 265 408 505 505 
195 
62 62 62 109 109 109 336 336 336 374 374 417 442 


71 71 71 
283 350 
5 
273 
151 227 305 
184 184 409 
338 377 377 458 458 482 
354 494 
329 
271 292 292 
315 
334 385 385 385 
248 248 248 248 
271 391 
39 39 101 184 191 191 195 268 268 356 471 471 
191 204 267 267 278 450 450 

193 328 328 361 361 361 
3 7 26 139 139 203 203 233 262 266 282 287 287 297 339 354 374 401 408 408 408 412 427 427 442 442 
160 238 238 238 
256 354 354 475 
402 
230 230 
157 505 
343 
60 60 268 399 
5 5 184 184 
156 308 308 467 467 

144 195 271 374 374 374 374 427 
236 236 254 351 351 415 
184 
191 204 204 
222 413 
152 241 271 271 
110 145 176 447 
66 394 394 394 456 495 495 
55 97 171 171 171 196 196 

52 184 226 262 262 364 410 410 
117 117 117 206 408 408 450 462 
58 58 397 397 397 437 437 

68 169 233 425 
271 327 327 327 408 
175 175 175 
182 182 182 

114 339 339 
39 385 485 485 485 
196 
9 9 56 56 56 191 191 
159 257 343 343 343 392 
87 87 370 408 
493 
280 280 
35 35 210 358 358 
79 79 192 364 364 364 
243 
84 160 162 
8 8 224 
35 35 214 214 214 215 222 222 222 319 319 354 354 354 398 413 413 418 418 418 429 434 455 467 481 483 483 483 
73 94 263 486 
220 
182 494 

314 314 

83 323 359 359 
162 162 465 465 
42 42 321 359 
41 41 41 184 378 
72 244 358 444 444 
358 413 413 
297 297 297 
76 96 209 209 270 270 
13 261 
39 159 159 369 428 

407 413 413 420 420 
413 413 
190 190 264 
15 15 15 
250 250 250 486 486 
207 
51 184 259 415 
46 145 145 271 301 301 381 408 408 408 427 427 452 452 
54 

405 
277 305 305 305 392 392 
69 147 236 447 
138 151 184 
27 47 76 106 106 444 444 459 459 


473 473 473 
8 8 196 196 254 
236 283 283 383 383 383 
402 
456 456 
31 41 76 99 134 134 236 260 271 273 273 314 314 314 396 450 462 502 502 502 508 
202 202 
267 
431 431 496 496 496 
38 89 89 90 141 141 193 309 309 325 326 413 413 466 466 503 
61 61 61 321 321 323 
76 
50 76 270 270 270 
43 65 413 413 

292 310 310 310 467 
415 416 

114 181 

330 
87 306 
68 176 179 179 179 
106 
196 
154 233 233 250 250 271 282 282 282 282 408 417 417 421 
225 233 233 
168 168 174 174 190 222 222 
225 259 259 
220 220 220 324 
76 103 

46 64 64 133 139 139 339 395 405 408 408 
161 161 161 403 500 
165 165 351 351 351 415 463 463 

11 264 264 264 302 413 
86 
124 124 124 
56 70 70 
22 22 22 82 115 134 497 497 
17 391 391 391 400 400 
266 390 390 390 
227 305 343 343 
225 441 
81 289 289 289 
46 151 151 381 
354 
294 294 294 
314 
278 418 
5 50 50 50 225 225 390 390 
40 40 110 236 271 
94 94 274 352 405 428 
382 
6 182 
39 39 73 73 202 241 241 241 241 342 381 402 509 

175 332 
3 5 5 25 25 25 26 26 87 158 248 271 271 271 293 293 297 306 339 339 339 374 381 381 437 437 470 470 
70 70 258 484 484 484 
292 292 
236 
271 
45 45 76 76 155 155 167 167 174 174 182 182 193 193 196 196 222 243 286 314 314 326 326 332 332 333 333 358 358 362 362 385 439 439 439 455 455 500 500 
55 108 142 
129 177 184 184 201 230 236 236 236 283 338 365 383 432 488 
242 365 
149 149 250 374 374 
95 314 314 314 399 
225 
332 332 441 
374 
196 


296 
16 113 113 
46 271 271 282 339 339 
20 123 330 402 
146 314 
62 219 219 
357 357 
211 236 236 415 
159 
314 
449 449 
22 
150 150 294 294 408 408 
182 182 182 182 236 236 460 
161 413 413 413 
186 
5 98 393 420 
109 109 250 271 271 468 468 

59 182 325 325 346 346 459 459 
156 156 
56 129 129 
236 288 344 
128 
435 435 467 
41 156 156 268 268 293 354 462 462 
162 162 
339 339 464 
155 
4 131 202 219 219 232 232 
17 111 111 111 125 136 136 136 167 182 182 314 413 413 
76 184 184 289 353 353 478 478 
41 
259 259 
346 346 444 444 
230 236 236 438 
22 497 
293 354 450 450 
63 383 383 
46 452 
322 322 
358 358 
152 152 152 280 280 314 364 449 
442 442 
511 511 
408 408 
104 195 267 267 
475 
126 126 349 349 349 491 491 
56 56 487 487 
273 472 
10 100 100 240 240 496 
166 166 227 
245 245 245 456 456 
193 193 
127 171 
314 
259 
65 96 96 314 314 314 
25 409 409 409 
302 302 302 
120 315 336 336 489 
235 235 236 236 474 474 
415 
31 31 486 
51 
473 473 

307 
35 35 35 260 317 
81 289 289 
197 357 357 357 476 
22 389 389 461 
160 160 160 
182 
193 382 413 413 

30 222 354 354 354 
234 358 
5 88 
233 248 248 276 

104 
5 5 86 192 198 354 
405 
159 
469 469 
