nodes: 512 edges: 1575
64 406 
3 3 3 3 225 225 225 441 
91 91 111 111 111 153 153 182 183 183 183 189 340 356 
1 1 1 1 54 76 76 271 271 408 493 
454 454 454 
34 34 48 48 50 86 86 184 184 184 225 225 255 255 255 279 279 354 354 400 400 408 408 408 441 441 443 504 508 
404 
233 233 266 266 266 271 271 
196 224 224 313 313 350 
304 304 304 
476 
356 385 
184 184 202 202 355 355 
47 47 47 329 459 
136 267 
150 182 182 335 335 335 335 444 
426 426 
455 
236 
104 104 104 
414 428 
31 31 491 
32 32 108 108 115 331 389 389 436 497 497 
290 290 290 480 
76 76 144 144 
408 424 484 
271 271 408 408 408 
76 76 207 346 
178 178 183 183 
56 56 56 
180 180 412 483 483 
21 21 105 105 172 172 172 184 354 354 354 489 
22 22 41 41 41 41 41 184 
67 192 192 254 
5 5 144 
210 210 309 309 314 439 439 439 494 494 494 494 

415 415 
358 
62 62 159 159 219 302 302 402 402 405 405 477 
192 236 249 401 401 401 
32 32 32 32 32 85 99 99 99 151 160 184 324 324 324 354 354 399 445 450 450 492 492 
323 323 
362 
86 111 111 111 111 137 
76 162 162 
64 64 64 145 381 381 395 395 
13 13 13 76 76 106 346 459 
5 5 239 239 239 379 

5 76 76 361 361 400 400 
338 338 490 
184 292 292 292 345 
225 
3 299 501 
93 195 236 414 414 414 
29 29 29 70 191 236 236 236 285 285 285 304 304 304 304 388 446 474 474 487 487 
415 415 471 
173 397 
444 444 444 
104 104 236 236 
81 81 359 359 359 
39 39 206 241 250 250 250 430 430 
125 415 463 463 
0 46 46 46 303 
193 193 362 362 362 416 483 483 483 

33 281 281 310 310 310 310 347 347 347 
169 179 296 296 296 371 371 
179 236 236 236 338 344 344 
56 246 388 388 388 388 409 409 
253 253 330 
325 358 358 466 466 
94 94 184 184 194 194 315 405 405 
193 193 193 193 413 413 
383 383 415 
3 3 24 24 27 27 45 47 47 50 50 78 109 109 184 184 199 199 208 228 228 229 229 242 242 270 270 270 270 292 322 346 354 354 360 360 361 361 379 413 423 423 440 440 456 456 509 509 509 
196 196 335 
76 
236 236 310 
214 214 214 418 418 
61 61 184 184 223 223 223 248 248 261 389 389 394 394 394 495 
121 121 121 121 142 143 143 389 389 389 495 
236 237 237 237 237 321 321 
85 312 
41 84 312 312 312 348 
5 5 44 211 508 
108 306 370 370 408 408 
167 441 504 504 
200 358 358 
326 358 358 
2 2 360 360 
182 182 182 
55 414 414 414 414 414 
73 73 402 402 
147 147 147 165 418 
304 328 328 483 483 483 
290 290 290 293 293 293 293 362 
121 121 198 198 198 420 420 441 441 441 441 
41 41 41 156 354 
197 476 476 
195 221 221 267 267 267 378 378 450 450 471 471 
117 136 216 
146 379 379 
19 19 19 60 60 138 170 170 184 237 237 495 507 507 
31 31 106 106 184 184 216 476 
47 105 105 190 190 190 229 229 229 286 286 346 346 346 346 372 

22 22 87 115 115 414 414 
76 76 199 199 250 250 
139 139 139 139 176 288 288 288 401 
2 2 2 44 44 44 44 182 269 455 
184 324 324 409 409 
184 184 184 246 246 323 426 

22 108 108 389 389 
184 184 184 206 
102 125 135 293 293 293 293 
364 
122 122 122 222 413 
486 489 489 
82 82 82 82 98 98 
119 119 119 222 222 222 
428 428 
219 219 219 454 
63 117 136 136 455 455 
185 185 473 473 473 473 
480 
448 448 
191 236 236 415 415 446 
389 
454 454 454 
151 168 413 413 
381 381 
354 380 380 380 389 443 443 
117 177 
14 102 125 125 455 455 455 455 455 
44 241 241 241 386 
104 345 345 
110 110 110 110 271 381 395 395 395 395 
220 220 324 
358 413 413 503 
82 414 414 
82 82 
24 24 34 228 282 282 282 
46 154 154 
103 379 
95 95 95 236 344 344 
191 191 
250 250 417 417 
15 248 248 248 408 437 
41 132 257 257 345 354 354 395 395 395 
292 467 
2 2 325 325 
145 145 374 
413 413 453 453 
99 445 445 445 445 450 450 
233 276 276 
194 271 271 271 408 408 
39 39 188 188 227 227 231 231 428 477 477 510 511 
41 312 312 312 498 
382 382 439 500 
45 45 312 312 312 312 312 451 451 

236 
95 383 383 383 415 
477 477 
88 183 
132 376 376 376 
68 233 233 296 
104 104 247 247 247 

31 31 31 
58 344 344 397 
222 222 413 
407 413 
110 371 371 371 
135 283 283 300 415 415 
28 28 183 183 
68 69 371 371 
30 30 222 437 
367 367 367 
2 15 15 92 92 92 111 220 220 299 299 299 299 316 317 317 363 363 404 413 413 438 438 444 444 455 455 455 499 
2 2 2 28 28 167 178 178 
5 5 5 12 12 31 32 41 52 73 73 76 76 81 81 104 105 105 112 113 113 113 116 116 116 236 236 246 258 258 267 279 284 289 291 291 292 324 338 338 338 345 355 355 396 415 415 426 426 451 451 456 456 490 490 
126 126 389 
245 245 440 440 
413 
159 159 477 
2 
106 106 106 334 334 334 334 372 372 376 
56 129 148 148 268 285 285 285 304 304 
33 33 40 236 236 310 310 310 310 421 508 508 508 508 
65 65 74 74 74 74 270 270 358 358 362 362 413 413 479 479 479 500 500 
73 73 158 
55 101 236 236 236 249 249 267 267 282 282 282 471 
8 77 77 200 200 290 290 303 350 373 373 413 422 
100 496 
98 98 98 386 441 508 508 
76 76 109 109 207 
89 196 196 
232 236 415 415 
12 12 355 355 355 454 454 454 
271 
267 267 285 285 285 285 
305 
62 116 293 405 405 
27 199 245 337 337 478 478 
76 355 355 
270 328 328 
35 35 244 
86 432 
310 375 
261 261 261 472 
80 80 80 215 215 314 314 
214 214 314 314 
102 105 

271 408 
39 124 124 124 232 232 232 274 274 402 402 430 430 430 430 430 454 454 
140 140 182 182 316 378 413 
101 101 
119 122 122 122 174 174 180 314 413 413 
81 81 81 261 
8 8 313 350 
1 1 1 5 5 53 259 259 259 348 375 375 375 375 393 400 400 419 441 
292 292 
159 159 392 392 392 477 477 
76 76 144 270 
76 76 106 106 106 295 295 
236 236 254 275 275 275 303 415 422 460 460 460 460 460 
159 159 
201 219 219 219 454 454 454 
7 7 157 169 169 271 296 310 374 374 374 375 375 505 505 
503 503 503 

18 40 55 56 56 56 60 60 69 69 69 79 79 83 129 129 147 164 184 184 192 192 195 195 195 201 230 230 237 267 267 268 268 268 275 275 283 283 344 344 351 354 354 354 354 356 388 401 411 411 411 415 432 432 438 447 460 487 487 
83 83 83 83 104 104 236 
272 272 310 505 
48 48 48 405 405 
282 345 476 496 496 
62 137 137 137 287 405 405 
76 76 416 416 416 416 
311 311 413 424 424 424 494 494 
210 325 358 358 
186 186 207 478 478 
70 113 113 184 
170 170 170 288 288 288 401 401 401 
81 81 150 150 150 265 265 265 265 408 505 
40 195 195 
62 62 62 109 109 149 149 336 336 336 336 374 417 417 
286 286 413 
344 
71 71 
33 230 283 283 283 350 350 
5 5 5 
273 354 385 
151 151 305 305 305 473 473 473 473 473 
184 184 409 409 
225 225 225 377 377 458 482 
354 354 354 494 
81 213 213 213 223 329 
271 292 292 364 

385 385 
248 248 248 248 348 496 
7 7 7 271 391 391 
14 101 101 101 184 195 195 204 204 236 236 356 356 356 471 
191 236 236 236 450 450 450 450 
111 415 
76 76 76 76 193 193 209 228 328 361 361 361 361 
3 3 7 7 26 26 139 158 158 158 203 218 233 262 266 282 287 287 297 339 339 354 374 374 375 375 401 401 412 427 442 453 453 465 
238 238 
256 354 381 472 472 472 475 475 475 
219 219 402 402 428 
230 230 230 236 236 
157 157 370 
343 343 415 415 
399 
5 5 184 307 307 307 307 496 496 
308 467 467 467 
67 67 298 356 
144 144 144 195 195 195 240 271 374 374 374 427 427 
177 177 236 236 254 254 254 415 415 415 
184 
56 56 56 191 191 191 204 204 204 204 
106 106 251 251 413 413 
241 271 271 
110 110 110 247 247 247 447 447 447 
184 394 394 394 456 491 495 495 
23 23 23 97 97 97 196 196 
184 184 426 
52 52 52 76 152 184 226 226 262 262 318 364 364 364 364 364 410 410 
97 97 97 97 117 117 117 117 206 408 436 436 436 462 462 
397 408 408 437 437 
229 229 309 309 
68 68 68 169 233 425 425 425 
271 327 327 408 
281 347 
54 182 182 182 182 314 413 
177 
339 339 339 
39 39 485 485 485 
64 196 230 415 
9 9 9 56 56 56 56 96 191 191 
205 257 257 257 392 
87 370 370 408 408 412 
279 279 279 279 354 465 493 
280 467 
35 35 295 295 400 
67 67 67 67 79 192 192 192 192 212 233 238 364 364 364 364 
243 243 
84 85 85 85 160 160 160 162 162 162 162 162 
8 8 224 
35 214 214 215 215 222 299 319 349 349 354 354 384 384 384 398 398 398 418 418 418 434 434 455 455 467 467 467 481 481 483 483 483 483 494 
73 336 336 486 486 
182 220 
182 182 398 398 413 494 494 
292 
314 354 

83 83 323 323 359 359 359 359 
76 465 465 465 465 465 
42 42 113 321 321 
41 41 41 112 112 140 184 
72 153 153 244 358 424 424 503 503 
90 358 413 413 413 
297 297 
96 96 209 209 270 
13 261 
71 369 369 428 
22 
407 413 413 413 413 420 420 435 
413 
190 190 190 190 413 413 
15 15 15 15 77 413 
250 250 250 250 315 315 486 486 486 
207 207 
51 51 69 184 184 184 415 415 
271 271 301 301 301 381 408 427 452 452 452 468 
2 

405 
277 277 392 392 392 
69 69 147 147 173 173 236 236 252 447 447 
52 138 138 151 184 240 
27 47 76 106 106 106 106 444 444 444 459 459 
67 67 67 298 421 421 506 
85 225 265 
314 314 473 473 481 481 
8 196 224 254 254 
236 383 383 383 383 415 

456 
5 5 31 31 31 41 41 76 76 99 134 151 151 236 236 236 236 256 260 260 260 271 273 307 314 314 319 396 450 450 462 490 490 502 502 508 508 508 
12 12 184 184 202 202 202 208 208 
2 11 236 267 267 267 281 
431 496 496 
38 72 72 89 89 90 90 141 193 193 244 244 325 326 466 466 503 503 503 
61 61 61 321 321 321 321 
76 76 91 91 
50 50 76 76 270 270 270 270 
43 65 65 65 97 193 193 413 
182 182 444 
118 262 292 292 292 292 292 310 310 310 310 467 
415 416 432 
490 
181 181 181 496 496 496 

330 330 
87 87 276 306 306 431 
68 68 176 176 176 179 179 
106 190 190 
196 196 
154 233 233 233 250 271 271 282 282 282 375 408 417 421 421 421 442 442 442 
212 225 225 225 225 233 233 271 271 374 
168 168 168 190 445 
259 259 
101 101 220 
48 76 103 103 146 
134 134 134 
46 46 133 133 139 273 339 395 395 405 
161 161 500 500 500 
75 75 165 165 165 351 351 351 351 415 432 432 463 
314 314 314 
11 256 264 264 413 413 413 
137 198 

56 70 70 70 70 236 487 
22 22 81 81 82 82 82 115 115 130 134 185 497 497 
400 400 
266 266 400 
227 227 227 305 343 343 343 482 
225 441 441 441 
81 81 81 289 289 289 
46 46 139 139 139 139 151 151 151 381 381 
184 354 
58 173 294 
314 314 314 317 317 
41 278 418 418 
5 5 50 50 225 225 309 390 390 391 
40 40 40 110 236 247 247 247 271 271 
39 39 94 94 219 219 274 274 405 405 428 
427 427 
6 182 
39 39 73 73 206 206 239 239 241 241 342 381 402 402 425 425 425 
0 
175 332 413 413 
3 5 5 5 25 26 26 26 87 87 150 158 158 218 248 293 294 294 297 306 306 339 374 437 437 470 470 470 
70 70 112 112 258 258 484 484 484 
292 292 
236 236 236 
30 271 306 
74 74 76 119 132 132 141 141 155 155 174 175 182 182 187 193 193 196 220 222 222 243 251 286 286 299 317 326 326 326 332 332 332 332 333 334 334 335 362 385 385 385 407 407 439 448 448 448 455 455 494 494 500 500 
20 55 55 55 93 93 93 93 93 108 108 142 142 
37 37 57 57 63 75 129 129 165 177 177 184 184 201 201 230 236 269 277 277 283 283 283 303 338 338 351 365 383 432 463 488 
65 242 242 242 242 365 423 
149 149 250 250 374 
80 80 95 314 314 314 399 399 
225 
98 98 332 332 441 441 
192 347 347 374 374 374 
196 230 
76 76 416 
25 243 243 243 325 325 
296 296 296 405 405 405 
16 16 113 184 184 291 
271 282 282 339 403 403 
20 123 123 159 274 330 402 468 468 

62 62 219 219 219 219 219 
357 370 496 
211 236 236 365 383 383 415 460 460 

314 314 
332 449 449 
22 293 293 293 
150 180 294 294 408 408 
182 182 236 
35 35 35 161 413 
76 76 186 186 
1 5 5 88 98 98 98 98 198 225 393 393 393 420 420 
271 374 374 374 468 
5 134 134 
15 59 59 59 182 182 346 346 346 363 
41 156 156 156 156 376 
56 129 
236 288 288 288 344 344 
128 128 413 413 413 
435 435 467 
41 41 101 101 156 156 268 268 268 268 354 354 462 
162 162 184 184 
339 339 339 464 464 464 
155 155 271 271 
4 4 4 124 131 131 131 202 202 202 219 219 232 232 232 
17 111 125 125 136 136 136 136 136 182 182 182 314 314 413 413 
76 76 184 184 289 353 

259 
13 47 346 346 
230 230 230 230 230 236 432 432 

293 293 354 450 
63 63 383 415 
452 452 452 
271 307 322 322 322 322 322 
72 72 358 358 
152 280 280 280 308 314 314 314 364 449 
339 428 428 442 
477 511 511 
408 408 408 
57 101 101 195 267 
213 273 273 273 475 475 
126 126 126 126 257 257 257 257 257 349 349 491 491 
56 56 487 
273 273 273 472 472 
10 100 100 105 240 496 
39 159 159 166 166 188 227 227 469 
207 207 245 245 
193 193 193 
23 127 
314 314 349 349 
259 392 
30 30 65 65 65 96 96 96 314 314 314 314 
25 409 409 409 
302 302 302 
120 315 315 336 336 336 489 489 
56 56 236 236 388 474 
415 
31 120 120 486 486 
51 184 184 354 354 366 
21 289 473 473 
41 41 
3 307 
35 35 35 35 243 243 260 314 317 317 413 413 
81 82 104 289 289 
197 240 240 265 279 279 357 357 367 367 367 431 476 
22 22 389 389 
160 
182 
161 193 193 382 382 382 413 413 
54 
354 354 
141 234 234 234 325 325 358 358 358 
5 88 88 
233 233 238 248 
347 
104 104 
5 86 192 192 192 192 198 198 354 354 354 
76 76 76 
159 
159 469 469 
