nodes: 512 edges: 1597

3 3 3 3 225 
91 91 111 111 153 153 182 182 189 340 356 
1 1 1 1 54 76 76 76 76 218 271 408 408 408 493 
454 454 454 
34 34 48 48 48 50 50 86 86 86 184 184 198 198 225 225 255 273 273 273 279 354 354 400 408 408 408 408 441 443 475 504 504 504 508 508 508 
404 
233 233 233 266 266 271 271 271 
99 313 350 
304 304 304 304 417 

356 385 
184 184 184 184 202 
47 47 459 
64 76 117 117 117 267 
182 182 335 444 
426 426 
86 390 
236 420 

428 428 
31 491 
32 32 108 331 331 389 389 461 461 
290 480 
76 144 144 363 
408 408 424 
271 271 271 271 408 408 
76 76 207 346 346 
178 183 
56 56 56 
340 412 483 483 483 502 
21 105 105 105 105 105 172 172 184 184 315 354 354 486 489 
22 22 41 41 41 184 184 
192 254 
5 5 
210 210 309 314 314 314 439 439 494 494 494 494 

303 415 452 
358 358 
62 62 62 159 159 163 163 166 166 219 231 231 267 267 267 302 302 330 330 402 402 402 405 405 405 477 
192 236 249 249 249 401 401 401 401 
32 32 32 85 99 99 137 184 324 324 324 354 354 445 450 450 450 457 
323 323 323 323 
362 
86 111 137 137 
76 76 162 162 162 413 439 
145 145 145 145 339 339 381 381 395 427 
13 13 76 76 459 
5 5 5 239 
236 236 236 
5 5 76 76 76 361 361 361 361 400 400 400 
222 338 338 490 498 
184 292 292 345 345 
225 225 225 
3 340 
195 414 
29 29 29 191 236 236 285 285 304 304 388 388 446 446 474 474 487 487 
415 
173 397 397 

104 104 236 236 278 278 278 278 
329 359 359 359 359 
39 39 39 206 206 206 206 241 241 241 250 250 330 330 430 430 430 
463 463 463 463 
14 381 381 465 
362 416 416 483 483 483 
141 141 
281 310 310 310 347 
169 169 179 296 296 296 371 
236 236 236 344 
184 388 388 388 409 409 409 
253 253 253 253 253 
325 358 358 466 466 
94 94 184 194 194 194 194 315 405 405 
193 193 193 413 
383 383 383 
3 3 3 3 14 24 27 27 45 45 47 47 50 50 50 107 109 109 184 186 186 186 196 199 199 199 207 208 208 208 228 229 229 229 229 242 242 242 245 245 270 270 270 270 292 292 292 322 328 346 346 353 353 354 360 360 361 413 413 423 440 456 456 456 501 509 509 

216 
192 236 310 310 310 310 310 
214 214 
184 184 223 248 248 248 248 261 389 389 394 495 
121 142 142 142 389 
236 236 236 237 237 237 321 321 321 
85 202 
41 84 160 312 
5 5 5 17 44 386 508 508 508 
306 370 370 370 408 408 
441 504 504 
358 

2 2 360 360 360 
413 
414 414 
73 73 315 402 
147 147 147 
304 328 328 328 483 483 
290 290 293 293 
121 198 198 198 198 420 420 441 441 441 441 
8 41 41 156 354 354 445 
197 197 197 476 476 
140 195 221 221 221 221 267 267 267 378 378 378 450 450 450 
136 136 136 
189 379 379 425 425 
60 60 138 170 170 237 
31 31 31 31 31 106 184 190 445 
105 190 190 190 190 229 229 286 286 286 346 346 372 
76 
22 414 414 
76 76 250 250 250 442 442 
139 139 139 176 176 288 390 401 
2 2 44 182 182 455 455 455 455 
184 184 184 324 324 324 409 409 409 409 
184 184 202 246 246 426 

389 389 
184 415 415 
14 14 14 125 125 125 135 136 136 184 184 184 236 236 236 293 293 293 293 
364 364 364 
122 122 222 222 413 
486 486 489 489 
82 98 
119 119 222 222 
428 428 
219 454 
117 117 117 136 455 455 
185 185 473 473 
480 
448 448 448 
236 236 236 415 415 446 446 446 446 


151 168 168 413 413 

354 354 380 380 389 443 443 443 
117 177 177 236 
102 102 102 117 117 125 455 455 455 
41 44 44 241 241 241 324 386 
104 345 345 345 
110 110 110 271 271 271 381 381 395 
101 220 220 220 220 
66 66 413 
82 82 82 414 414 
217 217 
24 24 282 282 282 
46 46 46 46 154 154 288 
379 379 379 
95 95 95 344 344 344 344 
191 
250 371 417 
248 408 408 437 437 437 
132 257 257 257 345 354 354 395 395 395 395 395 
292 467 467 
2 2 
145 145 374 374 
453 453 453 
99 445 445 445 445 450 450 
233 233 276 276 276 
194 194 271 271 408 408 
39 39 188 188 188 188 227 231 231 330 428 469 477 477 477 510 510 511 
85 312 312 312 457 
382 382 
45 45 45 312 312 312 322 451 
39 39 
274 
329 383 383 
39 39 477 477 
220 220 220 413 455 
132 132 376 376 
68 68 233 296 296 296 
104 104 247 247 
290 290 290 290 290 480 
31 31 
58 344 344 397 397 
222 335 376 413 413 
298 298 407 407 407 
110 110 371 371 371 
135 135 283 300 415 415 
28 183 
68 371 371 371 371 
437 
367 367 367 
2 2 15 15 111 111 220 220 299 299 299 299 299 316 316 316 317 317 317 413 413 438 444 444 455 455 455 499 499 
28 178 
5 5 12 12 12 12 31 31 32 32 41 52 70 73 76 81 81 105 112 112 112 113 113 116 117 117 117 213 213 213 221 236 236 246 246 258 279 279 284 284 289 291 291 292 292 345 345 396 415 415 451 456 456 456 490 490 
126 126 491 
76 76 76 245 245 322 440 440 440 
193 413 413 455 
159 159 159 159 477 477 
2 103 
105 106 106 106 106 334 334 334 372 372 
56 148 267 267 285 285 285 304 304 446 446 
33 40 79 198 236 236 310 310 310 421 508 508 508 508 
74 74 74 187 270 270 270 270 286 286 358 358 362 413 413 500 500 
73 73 73 73 158 158 
55 101 236 236 249 249 249 249 267 267 282 282 282 282 471 
76 224 290 303 350 413 413 413 
100 100 100 265 496 496 
5 5 98 98 98 98 192 386 441 508 508 
76 76 76 207 

232 232 232 236 236 415 
12 84 113 355 454 454 
271 271 
268 268 285 285 285 285 285 
305 
62 62 62 62 303 405 405 
27 76 199 245 337 
76 76 76 355 355 355 355 355 
270 328 
35 35 244 244 244 309 
432 432 432 460 460 
233 233 233 310 310 
184 184 184 261 261 261 261 
80 80 
314 314 314 467 
78 
143 143 
3 271 408 
39 124 232 274 274 402 430 430 430 430 454 454 
140 140 140 140 167 167 167 182 182 316 316 316 316 378 378 378 
101 101 101 101 184 
51 119 119 122 122 174 314 314 413 413 413 
81 261 
196 313 313 313 
1 5 5 53 53 53 259 375 375 375 375 400 400 400 400 441 
292 
159 257 257 477 
76 245 
76 76 76 76 106 106 295 
275 275 275 303 303 415 415 415 460 460 460 
39 39 159 159 
201 201 201 219 454 
7 7 7 157 157 169 212 212 212 271 271 271 296 296 374 374 374 505 505 
503 503 503 
487 487 
18 40 49 49 49 56 56 60 60 69 69 69 79 83 83 83 117 117 117 129 129 129 135 184 184 192 192 195 195 201 201 237 267 267 267 268 268 268 268 268 275 344 351 351 354 354 354 354 356 356 411 411 411 411 415 415 415 432 432 438 447 447 460 487 
83 83 83 104 236 
272 272 272 505 505 
48 405 
282 476 476 496 
62 62 62 137 137 137 405 405 
76 76 76 416 416 416 
311 424 424 
210 210 210 325 358 358 
76 76 186 186 207 228 478 478 
113 113 184 184 
170 170 266 288 401 
81 81 81 81 150 408 408 505 505 505 
40 40 40 195 195 195 195 
62 62 109 109 109 149 336 336 336 336 374 417 417 417 442 
413 

71 71 71 71 71 
33 283 350 350 350 
5 
260 273 273 354 354 
151 151 151 227 227 473 473 473 473 473 
184 
225 377 377 377 458 458 
256 354 354 494 
81 213 213 213 213 223 329 329 329 
271 292 292 292 292 
315 
385 385 385 385 
197 348 496 496 
7 7 247 391 
14 39 39 39 101 101 101 191 191 195 195 236 236 236 471 471 471 
204 204 236 236 236 236 236 278 450 450 
415 
76 76 76 76 193 193 193 193 209 328 361 361 361 361 
3 7 7 7 26 26 26 26 139 139 139 158 158 203 203 218 233 233 233 262 282 282 287 297 339 339 339 354 374 374 375 395 401 401 408 412 427 427 427 442 442 442 453 
238 238 238 
5 5 5 256 256 354 354 354 475 475 475 
164 219 219 
230 230 230 236 
157 157 157 370 
343 343 343 343 415 415 
60 60 60 60 268 
5 184 184 307 307 307 307 496 
308 467 467 467 467 
67 298 347 356 421 
144 144 144 195 195 195 195 240 271 271 374 374 374 374 427 427 427 
177 254 351 415 415 
184 184 
56 56 191 191 191 204 204 204 204 204 
106 106 106 193 193 413 
271 
110 145 247 390 447 
184 394 394 456 495 495 495 
23 97 97 171 171 171 171 171 196 
184 184 
52 52 76 76 76 152 184 184 226 262 262 262 262 318 364 364 364 364 410 
97 97 117 117 117 117 408 436 436 436 450 462 462 462 
397 408 408 437 437 
229 309 309 
68 68 68 169 169 169 233 233 
271 327 327 408 408 408 
175 175 281 
182 182 182 182 182 360 413 413 
177 
339 339 
39 39 485 485 485 
37 196 206 230 230 415 
9 9 9 9 56 56 96 191 191 
205 343 343 343 392 392 
87 370 412 
279 279 279 279 354 354 465 493 
280 467 467 
35 210 295 295 358 358 358 400 
67 67 67 79 79 79 79 79 192 192 192 212 212 364 364 
243 
85 160 160 160 162 162 162 
8 224 224 224 
35 35 35 215 215 215 222 222 319 319 319 341 349 349 354 354 398 413 413 413 418 429 434 455 455 455 467 481 481 481 483 483 483 494 
31 73 94 263 336 
182 182 182 220 220 220 220 
182 182 182 398 398 413 413 413 494 494 
292 
314 314 314 354 354 

83 83 83 359 359 
76 162 186 465 465 465 465 
42 42 42 42 359 
41 41 41 112 112 112 137 
72 244 358 358 424 424 424 424 444 444 444 503 
358 358 413 413 
297 297 453 
76 96 96 96 209 270 
61 165 261 261 261 
39 39 62 62 159 428 428 
22 22 
420 420 435 
413 
190 190 190 413 413 413 
15 174 413 
250 250 250 250 315 
207 
51 51 
46 46 271 271 271 301 301 381 381 391 408 408 427 427 427 452 452 468 
2 30 54 
314 

277 277 277 277 305 305 305 392 392 
69 147 147 147 147 173 173 236 
52 52 138 138 138 151 184 184 
27 27 76 76 106 106 444 444 444 444 
67 281 506 
265 
314 314 473 473 473 
8 196 254 254 254 
236 236 283 383 383 383 383 415 
402 
76 76 456 456 
5 5 31 31 41 41 76 99 99 134 134 151 151 236 236 236 236 256 256 260 260 271 273 273 273 307 307 314 314 319 319 396 396 396 396 450 450 462 502 502 508 508 508 
202 208 208 208 208 208 
2 11 236 236 281 
431 496 496 496 496 
38 38 72 72 89 193 193 244 244 309 309 309 325 325 326 326 413 466 466 503 503 
61 61 61 61 321 321 323 
76 76 91 91 91 299 
50 50 50 50 76 270 270 270 270 
43 65 193 413 
24 
118 118 118 292 292 292 292 310 310 469 
432 
490 
181 181 181 


87 87 87 276 306 
68 149 176 176 176 179 179 179 179 
106 190 190 

154 154 233 233 233 250 271 271 282 282 282 282 375 408 421 421 421 442 442 
225 225 225 225 271 374 
168 168 174 
259 259 259 
101 101 101 220 220 220 
103 103 146 146 146 
134 134 
46 46 64 64 139 139 339 339 395 395 408 408 
161 161 500 500 
75 75 75 165 165 351 351 351 351 415 432 432 

11 264 264 264 264 413 
86 137 198 

56 56 70 70 70 423 487 
22 22 81 81 82 115 115 134 497 
17 110 288 391 391 391 400 400 
266 339 390 390 390 400 
305 305 343 343 482 
441 441 
81 289 289 
46 139 151 151 151 151 151 271 381 381 
184 354 354 354 354 
58 58 173 173 294 
314 317 317 
418 418 
5 50 50 50 225 225 225 225 309 390 390 391 
40 40 40 40 110 247 271 271 
39 39 39 94 219 352 405 428 428 428 428 
427 427 427 
6 
39 39 39 73 73 206 206 239 241 241 402 425 425 509 

175 175 175 413 413 
3 3 3 5 5 5 5 25 25 26 26 87 87 150 150 158 158 218 248 248 271 293 294 294 297 297 297 339 339 374 381 381 437 470 470 470 
70 70 70 112 112 112 112 484 484 
292 
236 236 236 236 
30 271 306 
45 74 76 76 92 119 132 132 141 167 174 174 182 182 187 187 193 193 196 196 196 222 222 222 251 286 299 299 314 314 314 317 317 317 326 326 333 334 334 334 335 358 362 385 407 407 439 439 455 455 494 
55 93 93 108 108 142 142 
37 57 116 116 129 129 177 177 184 184 201 230 230 230 236 236 236 269 277 277 283 283 303 351 383 432 432 463 
65 65 242 242 242 
9 149 250 250 250 
314 399 399 

18 98 98 332 332 
192 281 374 374 374 506 

76 388 
25 243 243 325 325 325 325 
103 103 405 405 
16 16 113 
46 271 271 271 282 282 282 339 339 339 403 403 403 
20 20 123 123 159 330 330 402 402 402 402 468 
314 
62 62 62 219 219 219 219 
357 496 496 
211 211 211 236 236 365 383 383 415 415 460 

314 
332 449 449 
293 293 293 
150 150 150 180 294 294 408 
182 236 
35 35 45 413 413 
76 186 186 186 
5 88 98 98 98 98 198 225 393 393 
109 109 250 271 271 271 374 374 468 468 
5 134 134 134 
15 182 182 325 325 325 346 346 346 346 459 459 
41 99 105 156 156 156 156 
56 56 129 129 129 129 191 191 
236 236 288 
128 128 128 
435 435 467 
41 41 41 101 101 101 156 156 268 268 293 354 354 
162 184 
37 339 339 464 464 
155 155 155 271 327 
4 4 4 124 202 202 219 219 232 
111 111 111 111 125 125 136 136 136 167 182 182 182 187 314 314 314 413 413 
76 76 76 184 184 184 289 353 353 478 478 
41 160 
259 259 
13 47 444 444 
211 211 230 230 230 236 432 
22 22 497 
293 293 293 354 
63 63 63 63 415 
452 452 
64 307 322 322 322 322 
72 72 358 358 
152 152 215 280 280 280 280 308 308 314 449 
339 428 442 442 
159 364 477 511 511 
408 408 408 
195 267 267 267 

126 126 257 257 257 257 257 349 349 349 491 491 491 491 
56 56 487 487 487 
5 273 273 273 
100 100 240 240 496 496 496 
39 159 159 159 166 166 188 188 227 469 
245 245 456 456 

23 127 171 
314 314 314 
392 
30 30 30 65 65 65 96 96 314 314 314 
409 409 
302 302 302 
31 120 120 489 489 
56 56 235 235 236 388 474 474 474 

31 120 120 486 486 
51 184 184 366 
21 185 473 473 473 473 

3 307 
35 35 35 35 260 314 317 317 413 
81 289 289 289 
197 197 240 265 265 279 357 357 357 357 431 431 476 476 476 
389 461 
51 
182 182 
193 193 382 382 
76 
30 354 354 
234 234 234 325 358 358 
5 5 5 88 88 
233 233 238 238 248 248 248 
347 421 

5 5 5 86 86 86 192 192 192 192 198 198 354 354 354 
76 76 405 
159 159 
159 469 469 
