nodes: 512 edges: 988

3 3 3 3 3 225 441 441 
91 91 111 153 153 183 189 356 
1 1 1 1 1 76 76 76 76 271 271 408 408 493 493 

48 50 184 198 225 225 273 279 354 400 408 408 441 441 443 475 504 504 508 508 
404 404 
266 266 
99 196 196 196 224 313 
271 304 304 304 


184 184 184 202 355 

136 
182 335 335 475 
426 426 426 
455 
236 420 
104 
428 

32 32 331 331 414 436 497 

144 
424 
271 271 271 408 408 
76 76 346 346 346 
178 183 

180 180 340 412 483 483 
105 105 172 172 184 184 315 315 354 
22 22 41 184 
67 67 254 

210 309 309 314 314 314 314 439 494 
106 

358 358 
62 159 159 163 219 219 231 231 239 267 267 267 302 302 330 330 402 402 405 405 405 
192 401 401 
32 85 85 99 99 151 151 160 184 184 354 354 399 445 445 450 457 
323 323 

111 
76 76 162 162 413 413 413 
64 145 145 381 381 
76 76 346 
5 239 379 
236 
5 76 400 
222 338 338 338 338 
184 292 345 345 

299 299 
195 414 
191 236 285 285 304 304 388 446 474 487 487 487 

131 294 397 

104 236 278 278 278 
81 329 359 359 
39 250 250 330 430 
102 415 463 463 
46 381 
193 193 193 242 416 483 
141 
33 33 281 281 347 347 
179 371 
344 
184 184 246 388 388 
253 330 
325 325 325 466 
94 184 184 184 194 194 194 405 405 
193 413 413 
383 415 
3 3 3 3 27 27 45 45 47 47 50 78 107 109 184 184 196 196 196 199 207 208 228 229 229 245 270 270 322 328 346 346 354 354 354 413 413 423 

76 216 

214 214 214 
61 184 184 248 248 248 495 
115 143 143 495 
321 321 
85 202 312 
41 41 84 377 
508 

441 
200 358 358 
358 
2 2 360 
182 182 182 182 
414 414 414 
73 402 402 402 
174 418 
328 483 483 
290 
121 121 121 198 420 441 
8 41 41 156 354 354 
197 
140 221 267 267 378 450 450 471 471 
63 136 136 190 216 216 
146 379 
19 60 138 170 237 495 507 
31 31 184 184 213 476 
36 190 190 190 190 229 286 286 346 346 346 
76 
115 
76 442 
139 176 288 288 390 401 
2 44 182 455 455 
184 324 409 
246 246 246 426 426 
367 
82 108 389 389 
184 415 
125 125 136 184 236 293 293 

122 

98 98 98 
119 222 
428 428 
219 219 454 
117 117 
473 


236 415 415 

58 454 454 
413 

354 354 389 
177 177 
14 102 102 117 455 
241 241 386 
104 345 
110 271 271 381 381 395 395 395 
101 220 220 220 
66 358 
414 
82 82 217 
24 228 228 228 282 282 
46 46 154 339 
103 379 

191 191 
417 
408 408 437 
41 41 257 257 354 395 395 

2 2 325 
145 
453 453 
99 445 445 450 
233 
194 194 271 408 
39 39 188 231 330 428 433 
41 272 457 498 498 
382 439 
45 45 312 312 322 322 451 
39 
274 
383 383 415 
477 477 
183 220 413 455 
376 376 

104 
290 480 
31 31 
397 
95 222 222 335 413 
413 
110 288 
135 135 300 415 415 
28 183 
68 371 371 
30 30 222 
367 367 
15 92 92 92 92 111 220 299 299 317 317 317 404 413 413 438 438 444 444 444 455 455 455 499 
2 28 167 178 
5 12 12 12 31 31 32 41 41 52 70 70 73 73 73 76 76 81 81 105 105 112 116 117 221 221 236 258 267 267 279 284 289 289 291 292 324 345 355 396 396 415 415 451 490 
389 491 
245 440 
413 455 
159 477 
2 
102 106 106 106 106 372 
56 148 148 267 268 268 446 
40 508 
65 65 65 74 270 270 332 358 358 362 413 413 479 
73 73 73 158 158 
55 236 267 282 282 
8 8 8 76 76 76 290 373 413 413 413 
100 
5 98 508 
76 
89 
236 415 
12 84 454 
271 
285 285 


76 245 
76 355 355 355 
215 
35 
432 460 
233 233 310 
105 472 
80 80 80 
209 314 467 467 
78 102 102 
143 
271 
39 39 124 124 274 402 430 454 454 454 
140 140 140 167 182 316 378 413 
101 184 184 
51 122 174 174 180 314 314 314 376 376 413 413 502 
261 
8 
1 5 5 259 259 375 375 377 393 400 419 441 
292 292 
257 257 257 305 392 392 477 
76 144 144 144 
76 76 106 295 295 
236 236 275 275 415 415 422 460 460 460 
39 39 159 

157 212 212 271 310 374 374 374 375 

487 
18 49 56 60 117 129 184 195 201 230 230 267 267 268 268 275 283 283 344 344 351 354 354 356 356 411 415 415 432 432 447 487 
104 
272 272 505 505 
39 48 
476 476 496 496 
137 137 405 405 
65 416 416 
311 413 413 424 
358 
76 186 207 
70 113 113 113 
288 288 401 
81 81 81 408 505 505 

62 62 336 374 374 417 417 442 
286 

71 
33 

273 
151 151 227 227 227 305 305 473 473 473 473 
184 
225 225 377 377 
354 354 
223 329 
271 292 

334 385 

7 7 271 391 
39 39 39 101 101 184 184 191 195 236 236 268 
191 191 236 236 267 450 450 
415 
76 76 193 193 361 361 
3 3 9 26 26 26 139 139 158 203 218 233 262 266 282 339 354 354 374 375 395 408 427 442 453 465 
160 238 238 
5 256 354 381 
164 219 402 
230 230 236 

343 343 343 
60 60 60 399 
5 184 307 496 
308 308 467 
67 67 298 298 347 
144 144 195 195 271 374 427 
236 236 351 351 415 415 
184 302 
56 56 204 204 
106 106 251 413 413 

110 110 176 247 247 447 447 
184 184 394 394 495 
97 171 196 
184 426 
52 184 226 226 262 318 364 
117 117 408 408 436 436 436 450 
58 408 408 437 437 437 
229 229 309 309 309 
425 
327 408 
281 281 347 347 
54 54 182 182 314 360 413 413 413 
177 

39 39 284 485 

9 9 9 56 56 
227 257 257 343 392 
370 412 
279 
280 280 
35 35 295 295 295 358 358 
212 233 364 364 
243 
84 162 162 
8 
35 35 35 35 215 222 222 222 299 319 319 354 354 354 384 398 413 413 413 418 429 455 455 455 467 483 483 483 489 494 
31 31 
220 
182 182 182 398 413 413 494 494 
292 
314 314 354 354 

83 83 
76 162 162 465 465 465 
42 42 
112 184 
72 72 72 153 358 424 424 444 503 503 
358 413 
297 453 
76 96 
61 261 
39 39 62 71 159 428 
22 22 
193 413 413 413 420 435 
413 413 
264 413 
15 15 174 413 
250 486 

51 51 51 51 415 415 
145 271 381 381 381 391 408 408 427 427 452 468 
30 


277 277 277 305 392 
69 236 236 447 
52 52 138 184 
27 27 27 47 76 76 106 106 106 444 444 459 
67 67 281 298 298 506 506 

410 473 473 481 481 

236 283 283 383 415 

456 
5 31 41 41 76 76 76 99 99 134 134 151 236 236 260 260 271 271 273 314 314 314 319 319 396 396 396 396 502 502 502 508 508 
12 184 208 208 208 
2 236 236 
431 496 496 
38 38 89 89 90 141 193 193 244 309 309 325 326 413 413 
61 61 
91 299 
270 270 
193 413 

292 310 310 
415 415 

114 181 181 496 


306 
68 179 179 
190 
196 
233 233 233 250 250 271 282 408 417 421 442 442 
225 225 233 271 
168 168 222 222 
85 225 259 259 458 
101 220 
48 103 146 

46 46 64 139 139 273 339 339 339 395 405 408 408 
161 500 500 500 
75 165 165 351 432 
314 
264 
137 

56 70 70 487 
115 115 134 185 
110 391 391 391 
266 339 390 390 390 400 
227 227 305 343 482 
225 441 441 
289 289 
139 139 139 151 151 271 381 
184 184 354 354 354 354 
58 173 
314 317 
41 278 418 
5 50 225 391 
40 40 110 247 
39 39 94 94 94 219 274 405 
427 427 
6 6 182 
39 39 39 73 73 241 241 381 402 425 425 425 

413 
3 3 5 5 26 26 150 150 158 248 271 293 293 294 294 297 339 339 374 381 381 
112 484 
349 
236 
30 306 
45 45 45 74 74 76 76 132 167 174 175 182 182 187 193 193 196 196 196 220 222 222 243 243 286 286 299 299 299 314 314 314 317 317 326 332 332 332 333 333 334 335 358 358 362 407 439 439 455 455 455 494 500 
22 55 93 93 93 142 
63 75 116 129 129 165 177 177 184 184 201 230 230 236 236 269 283 283 338 338 351 365 365 432 432 
65 242 242 423 
149 250 250 374 
95 314 399 
225 
18 98 332 441 
374 
230 
76 416 
25 243 325 325 
296 405 405 405 
16 16 16 113 113 291 
271 282 339 339 403 403 
20 123 123 159 330 468 468 
314 
62 219 
357 
211 236 236 383 415 415 
159 

332 449 
22 293 293 293 
150 294 294 294 
182 182 
35 161 413 413 
186 
1 1 5 5 88 98 225 393 393 420 
109 250 271 374 374 
5 
182 182 182 325 346 346 459 459 
41 41 156 156 
56 191 
236 288 288 344 

435 
41 101 101 156 268 268 293 462 
162 184 
339 464 
155 155 271 327 
124 131 131 202 219 219 219 
17 111 111 136 167 182 182 182 187 314 314 314 413 413 413 
353 478 
41 160 
377 
346 444 444 
211 230 230 230 
497 
450 
63 63 
452 
271 322 322 322 
72 
215 215 280 314 
339 428 428 


101 101 
213 475 
126 257 257 257 257 349 349 491 
56 487 487 
5 15 472 
105 240 240 
166 166 188 227 
456 
193 
171 
349 349 
392 
30 30 65 96 96 314 314 314 
409 
302 
336 
56 56 56 235 236 388 474 474 

314 
184 
185 473 

3 3 
35 314 317 317 413 
81 82 104 289 
240 240 279 357 357 367 
22 461 
160 160 
182 
382 382 382 413 

222 354 354 354 
325 325 
5 5 
238 238 248 248 
347 347 
104 
5 5 86 192 198 354 354 



