nodes: 512 edges: 971

3 3 3 225 441 441 
91 111 153 182 356 
1 1 1 76 76 271 408 408 
454 
34 86 86 184 184 198 225 225 273 354 408 408 443 475 475 504 504 508 

233 266 266 271 
196 196 224 313 313 350 
271 304 304 417 

356 356 356 
202 202 202 
47 329 459 459 
117 117 
335 335 
426 



428 

32 32 32 108 331 389 389 414 461 461 497 497 
480 
144 144 
408 
271 271 271 408 408 
76 76 346 346 
178 183 
56 56 
180 180 502 
105 172 184 184 315 486 
22 22 22 41 184 184 
67 192 192 
5 
210 210 210 309 314 314 439 439 439 

303 406 415 452 

62 62 159 219 219 231 239 267 267 267 302 302 402 
192 401 401 
32 85 99 99 137 151 151 160 184 184 184 354 354 399 450 
323 
362 
111 
76 76 76 162 413 413 439 
64 145 145 395 395 
13 76 459 
239 239 239 
236 
76 400 400 
222 490 

225 
299 299 501 
93 414 414 
29 29 191 236 236 304 388 474 487 
415 
131 173 397 397 
444 444 
236 236 
359 359 
39 39 206 206 241 250 250 330 430 
102 415 463 
46 
193 193 362 483 483 483 
141 
33 310 310 
169 
236 236 344 
184 409 409 409 

358 
94 184 184 194 405 405 
193 193 
415 
3 3 27 27 45 45 45 47 50 107 109 184 186 196 196 228 229 229 242 270 270 292 322 346 346 354 361 361 413 413 413 423 456 501 
196 196 379 

236 236 
214 418 418 
184 248 248 248 389 394 495 
121 143 143 329 329 389 
321 
85 312 
41 84 160 312 
5 5 211 508 
306 306 408 
441 504 
358 
358 
2 360 
182 182 182 182 
55 
73 402 
147 147 147 165 165 

293 
198 198 441 
41 41 445 
197 197 476 476 
195 221 221 221 221 267 378 450 
63 136 136 136 
146 189 213 
471 
31 106 106 184 184 213 216 
105 105 190 190 190 229 229 286 346 346 346 
76 
22 115 414 
76 250 442 
139 139 139 176 176 401 
2 44 182 182 269 
184 184 324 324 409 
184 184 246 246 426 
367 
108 389 389 389 389 
184 415 
14 14 125 135 184 293 
364 
122 413 
489 489 
82 
119 
428 
219 
117 136 455 
185 473 473 
480 

446 446 446 

58 454 
168 413 413 

354 380 389 443 443 
117 177 177 
102 102 102 125 455 455 455 455 
41 
184 
110 110 110 271 395 395 
220 
66 358 503 
414 
82 82 
24 24 228 228 282 282 
46 46 154 
103 379 
95 95 95 
191 
250 371 
248 408 408 437 437 
41 41 257 257 354 395 
287 
2 325 
145 374 
413 413 453 
445 445 445 450 

271 271 408 
39 188 231 305 428 433 433 477 477 510 511 511 
41 85 312 312 498 
439 
45 251 312 312 322 451 451 

274 
95 95 329 
477 
220 220 220 413 455 
132 376 376 
68 
247 
290 290 480 
31 
58 344 
222 335 376 413 413 
413 
110 110 288 
135 135 283 300 415 
28 

30 30 437 
367 
2 92 92 92 92 111 111 220 220 299 299 317 363 404 413 413 413 438 438 438 444 455 455 499 
28 
5 5 31 31 32 32 41 41 41 70 73 73 76 81 105 105 112 112 113 113 116 117 138 213 213 236 236 246 267 289 291 292 324 338 355 415 415 415 426 451 490 490 490 
126 491 
76 245 245 440 440 
413 
159 
103 
106 106 106 334 334 
56 148 446 446 
33 33 40 236 310 421 508 
65 65 74 74 270 270 286 286 332 358 358 362 413 500 500 
73 430 
101 236 236 267 282 282 282 
8 8 76 76 77 77 200 200 290 303 413 413 413 422 422 
100 100 
5 98 98 386 386 
207 
196 196 
232 236 236 415 415 415 
12 12 12 355 355 355 405 454 454 
271 271 
268 268 285 285 
305 
62 62 405 
199 337 
355 
270 
35 35 35 244 244 309 
86 432 432 
233 310 375 
103 105 184 184 
80 215 215 
214 214 
105 


39 39 124 274 402 402 430 454 
140 167 167 167 182 182 316 316 378 378 378 413 
101 101 101 101 
51 174 286 314 413 502 
261 
8 313 313 
1 5 5 53 259 259 375 375 377 400 400 441 441 
292 
257 305 392 477 477 
76 144 144 
76 76 106 106 
236 275 275 303 303 422 460 460 
39 159 
201 454 454 
7 212 271 271 296 310 374 374 375 
503 

49 56 56 60 60 69 69 79 79 184 184 192 195 195 201 201 230 237 267 267 267 268 268 268 275 283 283 351 354 354 356 356 411 411 415 415 438 447 447 460 487 487 
236 
505 
39 48 48 48 405 
476 496 
62 405 
76 
311 413 494 
210 210 325 325 
186 186 478 
113 113 184 
170 288 288 368 
81 81 81 150 408 408 505 505 505 505 

62 62 109 149 336 336 374 417 417 
162 


283 350 350 

273 354 385 
151 151 227 305 305 473 
409 
225 225 377 458 458 458 458 482 
354 494 
223 329 329 
271 292 292 292 292 364 
315 
385 385 385 385 
496 
7 7 391 391 
39 39 39 101 184 195 236 236 236 268 268 356 
204 204 236 236 236 267 267 450 
111 
76 76 193 193 209 328 328 361 
3 7 9 26 26 26 139 158 158 203 203 233 233 262 339 339 354 354 354 401 408 412 412 412 442 453 

5 256 354 381 472 472 475 
164 219 428 
230 230 236 


399 
307 307 307 
467 467 467 
298 347 421 421 
144 144 195 195 195 374 374 
177 236 236 254 351 351 

204 204 
106 193 193 222 413 
152 
176 247 247 447 447 
184 495 495 
171 171 196 
184 
76 184 226 262 262 262 262 364 410 
97 117 408 450 462 462 
397 397 397 408 437 437 
309 309 309 
233 425 
327 327 327 408 
281 347 347 
54 54 182 182 314 360 413 413 
177 
339 
39 39 485 
37 196 230 230 
9 9 56 
159 205 227 257 257 343 343 392 392 
87 87 370 370 408 408 412 
279 279 279 465 
467 
35 210 295 295 295 358 358 358 
67 67 192 212 233 364 
243 
84 85 160 160 162 162 
8 8 224 224 
35 35 222 299 319 349 349 354 354 354 384 384 413 413 413 418 429 429 429 449 455 455 481 483 
31 263 
220 220 
182 413 494 494 494 
413 
314 354 

83 323 323 359 359 
76 162 
42 321 321 359 
112 112 184 
153 244 244 358 384 424 424 424 444 503 
358 358 413 
297 297 297 
270 270 
13 82 82 165 261 261 
62 
22 
193 407 420 435 
413 413 
190 190 
15 15 174 413 
250 250 486 486 
207 
184 
271 271 301 408 427 452 452 



305 305 392 
69 173 

27 27 76 76 106 106 106 444 459 
281 298 298 

314 314 481 
8 254 254 
236 283 283 383 383 383 415 
402 
365 456 
5 41 41 76 134 151 236 236 256 260 271 271 271 273 314 314 314 319 396 502 508 
184 202 202 202 208 
2 11 11 11 236 236 267 
431 431 496 
72 89 90 141 193 193 309 309 309 325 326 326 413 413 503 
61 61 321 321 323 
91 299 
76 76 270 
43 65 193 413 413 
182 444 
118 262 292 310 467 
353 416 432 

114 181 
247 

306 306 
149 


154 233 233 250 282 282 375 408 417 421 421 
212 225 225 233 374 
168 168 174 445 
225 259 
101 220 220 220 
77 146 
134 
273 405 408 
403 500 500 
351 351 351 415 432 432 
314 314 325 
256 264 264 264 264 413 
198 198 

56 487 
22 22 81 82 115 115 115 115 134 497 497 
391 391 400 
266 266 390 390 
227 305 305 343 

81 
46 46 139 139 151 
354 
58 58 294 294 294 

41 278 418 418 
50 50 225 225 390 
40 40 110 271 
39 94 219 219 352 405 428 428 428 
382 427 427 
182 
73 73 202 206 239 241 381 402 
37 
332 413 
3 3 5 5 25 26 26 87 150 150 158 248 248 271 293 294 297 306 306 339 374 381 437 
70 70 70 112 258 
292 
236 236 
271 271 271 306 
45 45 76 76 76 119 132 132 155 155 167 174 174 175 182 182 182 187 193 196 196 196 220 222 243 286 299 299 314 314 314 317 318 326 333 333 335 358 358 362 362 385 407 455 494 500 
22 55 55 108 142 
37 57 63 75 116 177 184 184 184 201 201 201 236 236 351 383 432 488 
365 
9 250 250 374 
80 80 314 399 399 

332 
192 281 281 374 374 
196 196 230 
76 
325 325 325 
296 
16 113 184 
339 403 403 
20 123 159 274 402 402 402 468 468 
314 314 314 
62 194 219 
357 357 
211 211 365 383 383 415 460 460 
159 159 

332 449 

150 150 180 294 294 408 
182 182 182 236 
35 35 35 45 161 
186 186 
1 1 88 98 225 225 
109 271 
5 134 134 
59 59 182 325 346 363 459 
99 156 156 156 376 
129 129 129 191 191 
236 236 288 288 

314 435 467 467 
41 101 156 268 293 462 
162 162 184 
37 339 339 
155 271 
4 131 202 202 219 232 232 
125 136 136 136 136 167 182 182 314 314 413 
76 353 478 478 

259 259 259 259 
13 13 47 346 444 
230 230 236 432 432 
22 22 
293 293 450 
63 

307 

280 280 280 308 364 449 449 
428 428 
477 511 

104 
273 273 475 
126 126 257 491 
56 487 
5 5 273 472 
100 100 240 
159 159 166 227 227 469 
245 456 456 

23 127 171 
314 349 
259 
65 65 65 314 

302 
31 336 336 489 
56 236 236 388 474 
415 
120 120 486 
51 184 184 184 
185 473 


243 260 317 317 317 413 
81 289 289 
240 265 357 
22 22 389 389 
160 
182 
193 193 382 382 413 
54 76 
30 222 354 
141 234 325 358 
5 5 88 
238 248 248 248 248 


5 86 192 354 

159 
159 159 469 
