nodes: 512 edges: 983

3 225 225 441 441 
91 111 111 153 
1 76 76 76 76 271 408 408 493 493 493 

34 48 50 86 86 184 225 225 225 273 273 279 354 354 400 408 408 441 441 504 508 508 
404 
266 271 

271 271 304 


184 202 202 
47 
136 
150 182 335 335 444 444 475 
426 
86 455 

104 104 
414 
31 
32 32 32 108 331 331 389 414 414 414 436 461 
290 
76 144 144 144 144 
424 
271 408 
76 76 346 346 

56 
180 412 483 
21 105 184 184 315 354 489 
22 22 22 41 
192 
5 144 
210 314 314 314 314 494 494 
106 106 
406 415 
358 
62 62 159 159 166 231 267 267 302 402 402 402 405 405 
192 236 249 401 
32 85 99 99 99 151 151 184 184 184 354 399 399 445 450 492 


86 137 
76 162 318 413 439 439 
64 381 395 427 464 
13 76 106 459 459 
5 
236 236 
5 76 76 400 
338 490 498 
184 292 292 345 
225 
299 
195 236 236 414 
29 236 388 388 388 446 474 487 

397 397 

236 236 
329 359 359 359 
39 39 206 241 241 241 250 330 
463 
46 381 381 
362 483 483 

281 310 347 

344 
184 246 388 388 409 
253 253 253 330 330 
358 466 
194 315 315 315 405 405 
193 193 193 
383 383 383 
3 3 3 3 24 27 27 45 47 50 50 107 107 109 184 184 186 228 228 228 229 229 270 270 292 346 346 353 354 354 354 361 361 413 413 413 509 
196 
216 
236 236 236 310 310 310 
214 418 418 
184 184 223 223 223 248 248 261 261 
115 121 121 142 329 389 
236 237 237 
85 85 85 
41 84 84 84 160 160 312 312 312 
5 5 17 44 386 508 
306 306 370 

358 

2 360 
182 413 
414 
315 
418 418 
328 
293 
121 198 441 441 
41 41 41 156 354 445 
197 
195 221 267 378 450 450 450 450 471 
136 136 136 190 
146 146 146 379 379 425 
19 19 138 237 237 471 
31 106 106 184 190 445 
36 36 47 105 105 190 190 190 229 229 229 286 346 346 372 372 
76 76 
22 115 
76 199 250 250 442 
139 176 176 
2 2 182 182 455 455 455 
324 324 409 
184 246 426 
367 
82 108 389 
184 415 415 
125 135 136 184 236 236 293 293 

122 222 413 
486 486 
82 82 98 
119 222 222 
428 
219 219 219 387 
117 455 
185 473 473 
480 480 
413 448 448 
236 415 415 415 446 446 446 
491 
454 
151 
381 
354 380 389 443 
117 177 
14 102 102 102 117 
44 
104 345 345 
110 271 
220 220 
358 413 503 
82 414 414 

24 24 24 24 34 228 228 282 
154 288 339 339 
103 103 103 429 

191 
417 417 417 
15 248 408 408 437 
41 41 132 257 257 345 395 
467 467 467 
2 
145 374 
413 453 
99 445 445 445 450 450 
233 233 233 
194 194 271 408 408 
39 39 188 231 330 330 330 428 477 477 
85 85 
382 382 439 500 
45 312 451 451 451 451 

274 
329 383 383 383 383 
39 477 


233 233 
247 


397 397 
222 335 376 376 413 413 
298 
110 110 371 371 
135 283 300 415 415 415 

371 371 
30 222 222 222 

15 92 111 111 220 299 299 299 316 317 317 404 413 413 413 438 438 444 444 444 455 455 499 

5 12 31 31 41 41 41 52 70 76 76 81 81 105 113 116 117 213 267 267 267 279 279 284 291 324 324 338 345 396 426 451 456 456 456 490 
126 389 491 
76 322 

159 477 

102 105 106 106 106 334 334 334 334 372 376 
148 285 446 
33 40 236 236 310 310 421 
74 74 74 270 270 270 332 358 
73 158 158 
55 101 236 236 236 249 249 249 267 282 282 471 471 
77 200 200 200 290 413 413 422 
100 496 
98 386 
109 207 
196 196 196 
232 232 415 
12 12 454 
271 271 
267 268 285 

62 
199 337 478 
355 355 
328 328 
35 
432 432 460 
233 310 310 
184 472 
80 215 
214 
78 

271 
124 124 124 232 274 402 402 402 430 
140 140 182 316 316 316 413 413 
101 
119 122 122 174 180 180 180 314 314 413 413 413 
81 81 81 

1 1 5 5 5 53 259 259 375 400 419 419 419 441 
292 
305 392 
76 76 76 144 144 
76 76 106 106 106 295 390 
236 275 303 303 415 415 422 460 460 
39 159 
201 201 219 
157 157 157 169 169 212 271 310 310 374 375 505 
503 

40 49 49 55 55 56 60 60 79 79 79 83 117 117 129 192 192 195 195 195 230 237 268 268 268 275 283 344 344 354 354 354 388 411 415 415 432 432 432 447 460 487 487 
83 83 104 104 236 
272 272 
405 
496 
62 62 62 405 405 
416 416 416 
311 413 424 
358 
478 
70 113 
170 288 288 401 
81 81 150 265 505 
40 195 195 195 
62 109 109 336 417 442 
413 413 

71 71 71 
350 350 350 


151 151 305 473 
409 
225 225 338 458 
354 354 354 354 494 
81 81 
292 292 292 364 

334 385 
248 
7 271 271 391 
39 39 101 184 184 184 195 204 356 471 
204 236 236 236 450 450 450 450 

76 76 193 193 193 328 328 361 
3 7 9 9 26 139 158 203 203 218 233 266 266 282 339 354 354 354 374 374 395 401 408 412 412 412 427 453 
238 238 505 
5 5 472 
164 219 
230 236 

415 

5 184 184 307 307 307 307 496 496 
308 467 
67 298 
144 195 195 271 374 
177 236 351 351 351 415 
184 302 
191 204 
106 413 413 

145 247 247 447 
394 495 495 495 
23 196 
184 426 426 
52 52 76 226 262 262 262 318 364 364 364 
97 117 117 408 
397 408 437 437 
229 309 309 

327 408 408 
175 281 
54 182 182 182 314 413 413 
177 
339 339 
39 284 485 
230 230 415 
9 
227 257 343 392 
87 87 408 
279 279 279 279 465 465 
280 
295 295 
67 79 79 79 192 192 212 212 233 233 364 364 
243 
85 85 85 162 

35 35 35 35 222 222 299 319 319 349 349 354 354 354 384 398 413 413 413 418 429 429 434 449 449 455 455 455 467 467 481 483 483 489 
31 73 73 73 94 336 336 486 486 486 
182 220 220 220 
182 182 413 
45 292 
314 314 354 

323 323 323 
186 
321 321 321 
112 112 184 184 
384 424 424 424 424 424 444 
358 413 
297 453 
96 209 209 270 270 
61 82 165 
62 71 71 159 159 159 369 369 
22 22 
193 413 413 413 435 
413 
190 190 190 190 264 413 
15 15 174 413 
250 315 315 
207 
51 184 259 415 
145 145 271 301 301 381 408 427 427 



305 392 392 
69 236 236 
52 138 138 151 184 
27 27 76 76 106 106 444 444 444 459 
67 421 

314 314 473 473 481 
254 254 254 
283 283 283 383 383 
402 
76 
5 5 31 41 76 76 76 99 134 236 236 236 260 260 260 260 271 271 271 314 314 314 319 396 396 462 462 462 490 
208 208 
267 
431 
38 72 89 141 193 244 326 413 413 413 466 503 
61 61 61 
91 
76 76 270 
65 413 

262 292 292 292 310 310 469 


114 496 

330 330 
87 431 
176 176 179 179 
106 106 190 

154 233 271 271 282 408 408 417 417 421 421 421 421 442 442 
225 233 
174 174 190 
458 
101 
103 103 
134 
46 64 64 133 339 395 395 405 408 408 
161 161 500 500 
75 75 75 165 165 165 165 351 351 415 463 
314 325 
264 413 
86 198 
124 
56 56 56 70 70 236 
22 82 115 134 185 497 497 
229 391 391 400 400 
266 390 390 400 
227 305 343 343 
441 
289 
46 151 271 381 381 
184 354 354 
58 58 173 173 294 
314 
41 41 418 418 
5 50 225 390 390 391 
40 247 271 
39 39 39 219 219 219 352 428 428 

6 182 
39 39 73 73 239 241 241 381 425 425 425 
37 
413 
3 3 5 5 26 150 150 158 158 271 293 294 297 297 306 339 374 374 381 381 437 470 
70 112 258 484 

236 
30 271 271 271 
45 76 76 76 92 119 128 141 155 174 174 182 182 182 196 196 220 220 222 222 222 243 251 251 286 286 299 299 314 314 314 317 326 332 332 332 333 334 335 358 358 358 362 385 407 439 455 455 494 494 
20 22 22 22 55 93 142 142 
37 116 116 129 129 129 177 177 177 201 230 230 236 236 277 283 303 338 383 432 463 
242 242 242 
149 149 149 250 374 374 
80 80 95 95 314 399 399 
225 225 225 

192 347 374 374 374 374 506 
196 230 

25 243 325 325 325 325 325 
103 405 405 405 
16 113 184 291 291 
46 271 339 339 
123 159 402 402 468 468 468 
146 314 314 
219 
357 370 
211 211 236 236 236 415 

314 
332 449 449 
22 
150 294 294 408 
182 182 
45 45 161 413 

1 1 5 5 98 98 225 393 
109 250 374 374 468 
134 
15 15 182 182 182 325 346 346 346 459 459 
41 99 105 156 156 156 
56 129 129 129 191 
236 288 
128 128 
314 314 435 435 
41 101 101 101 101 156 156 268 268 268 268 462 
162 162 162 162 184 

155 271 327 
131 202 
17 111 111 111 125 182 182 314 314 314 413 413 
184 184 184 478 478 

259 377 
47 47 346 444 444 
211 230 230 236 
22 497 
354 354 354 450 
63 383 415 
46 
307 307 
72 358 
152 152 152 280 314 314 
428 428 428 442 
364 
408 
101 104 195 195 267 
213 273 475 
126 126 257 349 349 491 
56 487 487 
15 472 
496 496 
159 159 166 188 
207 245 456 456 

127 127 
314 349 

30 65 65 314 314 
409 
302 
120 120 315 315 315 
56 236 236 474 474 

31 314 
51 184 354 
130 185 473 
41 
3 3 3 
35 35 260 413 413 
289 289 289 
197 240 279 279 367 476 476 
389 389 461 
51 
182 
161 382 382 


141 234 358 
5 
233 248 272 
421 

5 5 86 
76 


