nodes: 768 edges: 2383
217 448 
635 635 635 
65 65 117 150 150 150 282 317 
633 
208 247 357 357 
17 47 59 59 59 79 118 118 144 163 163 174 174 213 221 221 221 239 272 307 348 348 348 367 370 387 387 395 405 405 411 411 411 411 412 412 412 441 441 441 448 451 466 466 484 484 488 488 504 537 567 586 594 594 623 635 635 635 663 663 719 739 739 759 
174 174 
550 741 
99 343 343 343 599 599 599 599 599 
25 25 124 124 124 126 582 764 
81 121 121 252 257 257 257 265 265 274 274 276 285 285 285 285 312 312 312 529 599 599 705 705 718 739 739 
494 
16 16 16 242 265 265 265 
159 159 159 261 261 261 261 261 272 272 272 409 409 
241 493 739 739 748 748 
296 
12 12 12 32 32 35 40 40 40 40 40 78 173 198 258 258 258 259 278 278 296 321 321 321 333 333 376 376 376 394 400 407 407 442 473 473 485 485 547 548 548 553 553 600 601 602 611 626 626 633 633 633 702 709 709 713 713 713 739 741 741 741 
5 77 77 77 77 466 466 
34 79 79 79 550 550 741 
416 416 602 665 665 
352 352 
128 128 439 485 485 612 626 
67 515 515 515 521 521 
481 481 501 584 722 722 722 
312 312 739 739 
9 9 107 354 354 354 614 
148 203 203 203 266 342 342 385 428 428 462 472 472 540 568 568 568 570 712 712 712 
765 765 765 
203 203 290 301 356 356 356 
556 
203 203 203 290 290 338 609 609 670 670 681 

16 16 516 

18 741 
16 66 73 73 156 278 278 297 432 432 432 436 670 670 741 741 
102 352 352 395 395 655 655 655 
43 43 43 87 87 87 87 87 110 110 534 534 
294 294 
261 355 415 618 
16 16 16 16 16 118 118 118 118 216 348 348 348 348 351 351 
342 342 472 472 755 755 755 755 755 
48 48 306 421 
37 37 37 110 110 110 110 316 316 
246 246 
253 729 729 729 
459 459 545 545 545 545 
5 171 221 221 221 221 271 307 307 307 387 387 387 560 560 560 767 
42 42 306 588 588 
564 564 601 601 601 613 
160 160 160 160 312 312 711 
393 393 393 517 
583 583 
126 126 126 188 188 188 188 
310 600 
75 182 182 182 182 375 375 392 392 
64 156 223 223 223 223 223 239 242 354 376 503 503 
569 699 699 699 
482 482 577 577 577 577 
5 5 5 365 365 582 
156 552 552 

517 599 599 628 628 
156 156 292 292 
56 106 106 106 156 156 223 223 255 255 499 499 518 518 518 637 
2 2 117 249 249 427 427 551 
35 83 395 
22 213 232 232 397 397 397 397 446 521 521 
108 108 629 629 629 629 739 739 
156 156 156 720 
140 140 140 273 273 273 301 307 307 533 716 716 723 723 723 
164 393 
257 
35 35 297 297 605 605 605 741 741 741 
84 84 299 299 
55 502 502 502 
100 100 402 
17 17 17 17 352 352 705 
16 473 
5 18 18 18 239 239 239 340 448 448 448 451 597 597 
241 350 350 350 468 468 606 622 689 689 739 739 
10 170 170 195 195 206 257 300 300 300 310 310 310 310 312 312 343 343 422 433 436 436 443 599 599 729 
237 688 
66 117 117 342 500 500 680 680 680 
74 74 
601 601 

37 37 37 37 37 284 284 314 
342 575 
207 207 207 207 633 723 
185 400 400 400 400 688 688 739 739 
380 380 380 569 569 569 
414 589 589 589 
279 279 294 312 312 312 312 345 
203 212 253 253 253 447 447 447 679 
283 283 283 283 
322 627 627 
342 
308 308 308 308 308 516 516 516 516 
8 
76 76 704 704 704 

36 703 
130 130 300 300 300 300 300 342 342 704 704 704 
193 299 299 299 
529 721 
64 64 64 156 156 499 
25 
68 68 203 444 668 723 723 723 739 739 739 764 764 764 764 764 

37 37 43 43 43 43 
203 203 429 429 429 
170 170 170 170 411 411 411 411 
257 701 701 701 
428 428 675 675 
620 620 620 620 
213 431 
2 65 83 83 192 342 628 628 656 656 656 674 674 674 677 677 
5 5 40 40 40 40 216 216 348 441 441 441 441 
120 120 120 267 267 424 424 
119 119 119 267 267 
10 10 581 
194 194 
215 215 354 469 
9 9 9 582 582 
490 490 496 496 
9 53 53 53 175 
664 664 664 
21 21 459 459 459 614 626 
330 330 330 399 399 467 467 672 672 672 
103 103 208 282 342 
637 
699 

158 619 619 619 619 
507 507 
274 475 475 475 475 475 739 739 739 739 
190 217 217 748 748 748 
635 635 635 635 
391 739 
70 70 70 244 251 387 387 387 525 
241 241 293 293 293 455 455 590 
202 
222 401 401 401 401 
5 163 163 372 484 484 484 529 529 529 
383 383 383 523 
207 207 
654 
26 462 
186 186 186 186 186 342 667 667 
2 2 2 214 
548 548 548 739 
258 258 258 258 
317 317 
350 350 699 699 699 699 
388 388 388 
35 56 60 63 63 64 64 69 69 69 106 106 255 280 460 460 460 463 590 594 594 
197 203 203 203 520 578 578 578 720 
134 616 616 725 
13 13 13 304 304 304 318 354 354 354 362 362 362 409 409 409 461 
50 50 50 50 342 487 494 494 494 494 
556 556 
561 561 
5 5 144 144 213 213 252 506 506 719 719 719 719 
71 393 393 393 
294 
484 
247 720 
243 399 
320 428 566 
81 81 112 112 112 112 342 456 478 
47 418 496 496 560 560 560 560 560 
286 345 540 540 540 
16 385 504 504 504 504 504 
5 5 6 6 
126 254 667 739 
504 504 595 595 
342 342 739 
341 
408 408 408 743 743 743 
739 739 739 
275 694 694 694 
55 55 55 55 
343 343 343 
253 253 253 253 398 398 464 679 
90 388 739 739 
149 149 149 149 149 547 547 
292 292 292 455 678 678 678 678 678 756 756 
53 53 53 53 663 663 
667 
137 336 336 336 402 402 402 657 657 657 739 748 
247 
117 750 750 750 
104 
122 122 210 
81 81 312 312 312 
203 332 653 653 653 666 666 666 666 
157 
16 601 602 664 
203 648 648 
524 717 717 
667 
142 
26 26 26 28 28 30 30 30 94 108 111 111 157 157 157 196 199 253 253 262 290 301 328 337 341 341 341 342 342 342 374 386 393 399 399 423 444 444 444 486 540 540 540 541 541 544 609 631 644 644 648 648 666 666 666 666 666 673 680 680 680 715 715 726 726 
542 542 542 
279 312 312 
81 599 599 661 661 
89 89 89 89 146 146 633 633 633 655 655 742 765 765 765 
4 130 247 247 357 
246 342 500 
194 531 531 531 
270 270 270 335 335 335 
94 712 
5 67 116 163 163 222 305 305 305 373 446 446 471 471 498 504 504 504 593 595 595 620 646 646 656 719 728 728 728 
150 741 
123 123 
40 118 118 
0 137 137 290 290 290 
262 262 652 
227 227 227 559 559 559 559 596 596 
756 756 756 
5 5 5 47 47 47 47 387 387 
143 213 359 359 359 
56 56 56 56 56 64 64 255 255 641 
295 295 342 342 342 438 683 683 750 750 758 
273 273 275 396 474 474 542 593 593 593 
428 428 428 540 675 675 675 675 
219 219 219 559 559 596 596 596 
555 555 555 555 555 
269 269 284 
570 
264 
67 67 
664 710 710 
373 373 699 699 699 699 

241 241 241 241 241 274 274 445 
82 739 
389 389 389 389 
5 56 79 79 79 408 580 594 594 713 757 757 
446 620 655 
14 80 141 141 236 236 236 236 236 243 243 243 312 312 455 606 606 
12 56 503 713 
168 241 241 241 428 428 428 508 694 
140 463 463 463 463 463 
447 564 601 
44 44 209 415 415 415 415 714 714 714 
4 167 191 208 208 341 341 
420 420 420 708 708 749 749 749 749 749 
65 65 485 551 637 
424 424 
140 506 506 
10 163 604 604 692 705 705 705 
45 94 94 94 184 184 184 184 203 203 377 377 
175 282 282 489 639 639 639 667 667 667 
64 64 156 223 223 
679 679 
10 10 10 72 81 113 381 381 443 443 443 529 649 649 649 687 687 687 701 701 
16 16 16 152 152 152 152 739 739 739 
16 
364 397 397 
13 13 13 13 13 39 333 333 415 633 655 655 655 
203 218 218 648 648 
578 
231 328 328 
10 10 12 12 12 688 739 
26 356 356 356 356 462 462 462 520 525 684 684 712 712 712 
119 119 120 120 366 366 725 725 
692 
229 229 372 372 548 
211 211 211 286 286 335 335 
47 535 
5 13 13 13 
70 70 70 225 225 659 659 
10 10 136 236 236 389 755 
181 225 593 593 
10 285 285 285 285 450 718 
346 346 346 346 632 632 
16 16 35 35 287 287 287 321 404 428 434 434 434 476 476 522 556 556 556 633 
93 93 205 312 312 423 
156 590 590 766 766 
509 
2 130 254 254 344 344 344 344 
95 95 95 95 399 
87 87 229 
10 10 10 10 276 276 276 276 
172 270 270 335 335 341 341 464 464 
278 278 278 432 432 432 432 432 
354 354 354 639 639 667 667 
467 
28 30 30 203 217 217 217 374 374 374 648 648 
716 716 
63 63 187 187 187 366 470 739 739 
141 141 141 455 455 455 455 
38 38 93 165 298 309 309 309 584 584 636 636 636 691 691 691 
224 224 731 
15 16 326 326 347 347 347 376 376 424 424 473 473 475 487 487 505 505 682 682 682 
35 73 73 
294 319 610 636 642 671 686 686 692 692 707 707 707 707 707 739 739 739 
74 74 104 104 104 498 498 
81 81 81 103 103 103 103 103 310 310 310 464 464 
28 70 203 356 356 356 356 715 715 723 723 
355 355 355 355 355 
652 652 652 
159 159 159 409 409 
213 213 213 354 354 
42 48 323 
5 47 47 47 70 70 604 736 736 736 
98 98 98 98 98 516 516 
294 294 294 418 418 418 418 511 511 
54 81 81 81 81 300 300 300 571 571 571 
385 385 568 568 568 568 579 579 
10 10 10 24 24 50 50 81 81 93 93 93 93 195 195 195 205 205 241 241 279 279 342 342 342 402 430 430 522 522 536 536 668 711 711 739 739 739 

87 575 575 575 
679 679 
43 43 585 585 761 761 761 761 761 
2 153 153 734 734 
159 360 360 527 527 527 
298 671 671 
169 654 654 
16 16 16 278 378 378 378 378 378 548 548 626 626 
96 332 577 603 603 603 603 
306 658 
549 549 549 549 708 756 756 
733 
296 296 507 507 553 553 553 553 
611 611 611 611 676 699 
203 264 264 
708 
129 129 129 495 601 613 

196 322 
16 16 261 261 364 364 547 547 547 573 573 573 626 626 633 633 633 633 658 658 713 713 713 
760 760 760 760 
211 211 211 270 270 286 286 
190 190 190 633 633 
203 342 415 415 456 456 
30 672 672 672 
534 733 
79 448 448 448 
178 203 203 203 247 247 286 286 464 464 483 544 544 544 683 683 683 684 706 720 726 752 
26 26 41 41 83 88 97 103 103 117 130 149 160 170 177 177 203 203 203 209 224 224 224 312 312 312 337 399 399 399 428 539 643 652 653 653 667 667 667 731 731 731 739 762 
8 8 8 81 81 183 183 183 433 433 761 761 
282 282 282 282 
93 172 667 691 
277 277 277 277 630 630 630 630 
296 296 296 
5 5 5 40 40 40 40 118 
497 695 695 695 695 
80 80 80 154 154 758 
40 40 368 
20 20 36 36 77 77 395 395 
646 646 646 
25 25 25 56 123 159 159 159 288 288 288 305 305 360 360 360 469 469 469 527 527 527 710 
39 302 302 302 302 302 
28 28 28 266 266 266 266 301 301 301 301 362 712 
4 4 208 
424 424 621 
222 222 222 
318 318 354 354 354 
380 638 
159 159 159 356 604 
406 406 498 498 576 576 576 
260 333 333 
59 59 
267 267 292 470 470 510 510 510 739 739 
5 719 719 742 742 
351 
554 648 648 648 
5 
382 382 382 382 690 
144 269 269 
213 234 234 595 595 
203 290 290 290 
55 55 
16 16 16 56 296 296 682 
253 253 425 425 554 554 617 617 617 648 648 697 730 730 
321 321 321 321 321 744 
388 388 388 739 
91 91 91 361 569 569 
257 257 
371 371 371 371 565 565 565 632 739 739 
145 145 145 
728 728 728 
26 173 311 311 579 579 
203 
5 5 47 47 47 140 140 140 221 221 550 550 767 767 767 
155 155 155 185 379 379 379 480 480 739 739 739 
238 238 238 238 274 
549 
139 739 748 748 748 
55 55 
51 51 51 71 164 164 164 203 625 625 634 
16 429 
5 36 36 66 352 352 412 412 412 412 484 663 663 663 682 
225 
67 67 67 67 260 260 
184 184 667 667 667 
129 129 168 203 203 283 342 342 342 681 726 726 
16 90 90 90 90 699 734 734 
143 143 143 143 
76 190 190 190 312 657 657 657 739 739 
758 758 758 
278 432 432 434 434 522 522 
5 5 533 533 
363 363 
16 16 601 
179 179 179 239 574 574 644 
13 13 159 159 159 304 304 
546 546 546 
5 5 5 5 112 112 112 112 455 
5 5 5 395 395 395 395 
558 558 558 739 739 
92 633 
39 246 246 246 246 261 337 337 
19 19 665 665 665 665 
635 
171 309 309 309 309 511 
693 
248 248 248 633 708 708 
42 549 549 
81 571 607 607 
203 279 
119 119 250 250 296 296 358 358 473 479 479 479 479 621 621 621 
377 377 648 648 

65 65 551 551 551 551 551 
26 26 114 114 169 226 226 226 243 243 243 278 342 478 508 566 566 566 675 754 
111 111 111 394 553 553 553 
312 312 499 499 711 711 
116 
35 35 35 287 287 287 287 287 404 404 
81 343 343 
278 278 278 404 404 
729 729 
35 81 81 
689 739 
224 758 
21 
662 662 733 733 
5 5 5 118 118 118 118 
16 626 626 626 747 
81 257 257 257 537 537 
108 203 203 203 631 631 643 643 704 
236 642 642 642 743 755 
67 213 213 240 
94 94 94 245 
0 5 79 79 79 340 340 340 
511 526 753 
276 741 741 741 
5 79 
589 633 
720 
626 626 
141 141 187 241 293 293 293 293 411 
170 337 337 
583 583 583 

46 46 128 128 128 612 
156 156 156 488 488 488 488 
159 595 595 621 
26 148 266 266 266 686 686 686 
156 244 244 244 244 244 
184 286 286 300 300 341 341 679 

5 5 17 17 
129 129 289 
80 80 606 
123 354 354 354 
292 366 366 
213 213 646 646 
26 26 41 41 
16 16 78 296 296 424 479 726 
225 225 
136 136 136 136 136 296 565 565 565 565 
278 278 633 633 

170 428 
424 424 424 424 473 
388 388 490 
23 23 501 501 
58 58 
341 706 706 706 752 752 752 
5 5 144 144 144 166 395 605 605 
16 16 21 21 249 724 
203 562 562 562 562 562 
160 296 296 
5 5 460 460 460 460 
254 639 639 
125 125 480 496 496 
572 

14 739 739 
11 160 160 160 160 719 719 
330 693 695 697 
125 125 171 171 490 490 536 536 536 536 
349 664 664 664 664 
213 299 299 363 363 
64 64 106 430 430 
83 83 209 
23 481 481 
75 75 75 667 
56 56 242 
5 173 173 173 173 173 176 176 213 213 213 595 595 
296 296 507 
163 163 251 251 
135 135 326 326 505 
243 428 566 566 566 566 
281 
366 366 366 725 725 751 
309 309 418 449 557 557 

716 716 
596 596 725 725 725 
22 22 22 
32 98 98 98 98 308 308 615 
51 62 528 528 528 528 599 599 599 740 740 740 740 
64 64 64 
705 705 
157 266 605 605 605 720 720 
22 22 67 67 
278 312 312 404 404 
145 587 587 587 587 
200 696 696 
140 266 703 703 716 
449 662 733 
318 318 318 354 354 354 
517 517 517 517 
10 105 144 144 144 257 649 701 705 705 705 
576 737 737 737 763 
210 210 210 
632 739 739 739 
70 405 405 
37 37 339 632 
271 
312 312 496 496 496 496 
5 443 443 719 719 719 719 
547 547 547 
342 
26 172 172 172 203 203 203 226 541 541 541 
203 203 540 540 540 
204 204 204 225 593 738 
544 714 714 
203 341 341 341 543 
46 46 46 46 612 612 614 643 643 
410 410 410 643 643 643 643 
16 186 186 333 333 333 538 538 538 563 563 573 573 573 702 
16 16 151 151 151 269 321 321 739 739 739 
324 324 324 324 390 421 421 
7 18 18 387 387 707 741 741 760 760 760 
65 249 427 427 427 427 427 637 761 
60 60 
16 16 326 326 326 326 429 429 429 
369 377 377 617 617 
228 228 228 228 228 733 733 
29 161 161 278 278 278 741 741 741 
511 511 650 650 
413 413 413 
219 219 219 219 227 227 596 596 
47 47 47 171 171 171 171 171 
162 162 569 569 569 611 
486 486 486 486 486 599 611 661 661 661 
547 547 669 669 
49 49 245 
382 382 382 475 475 475 475 763 763 
169 428 428 428 508 508 508 508 
5 598 598 598 598 598 
26 26 26 311 311 311 311 
57 91 91 91 380 380 561 561 561 
26 230 659 659 659 
310 310 310 422 607 607 
491 
333 333 333 547 547 547 
408 408 745 745 745 
88 314 314 314 
363 363 363 530 
58 58 58 58 322 603 603 
157 157 157 263 
311 311 385 385 722 
239 757 
121 698 698 698 725 725 
9 59 124 124 764 764 764 
52 52 457 457 457 667 667 667 739 
23 294 294 636 636 
316 316 640 640 761 761 
5 
523 523 523 523 658 658 
48 48 
92 92 92 452 
141 156 280 280 
601 
681 681 681 681 681 
213 225 225 225 275 275 542 738 
5 5 156 156 239 239 
176 176 213 213 373 373 461 461 504 504 
219 219 227 227 227 514 514 559 559 
79 79 
567 567 567 567 567 624 
8 8 8 8 8 10 10 62 62 81 81 206 206 517 517 517 562 661 
16 54 
16 49 49 49 85 85 198 245 330 407 591 647 660 660 660 695 695 730 747 
16 19 198 
322 322 322 322 577 577 
252 252 307 362 664 
73 73 73 484 484 520 520 520 
80 241 241 468 
422 422 571 571 

30 30 203 
298 686 686 701 701 701 
16 327 327 327 327 561 562 
21 459 545 545 
49 330 
25 128 545 
516 
158 158 
377 377 377 554 554 648 
39 
134 134 134 134 694 
115 115 115 115 213 240 
358 424 424 424 461 
80 739 739 
5 654 
598 
393 393 
16 16 21 128 321 321 333 333 442 442 442 454 454 
96 96 
62 62 117 117 
68 68 68 68 642 
346 346 346 346 
203 444 444 
277 277 382 532 534 
3 16 16 16 89 207 207 207 261 278 333 333 333 333 336 336 414 420 452 476 476 708 708 708 
393 
1 1 1 5 5 5 138 138 138 138 417 700 700 700 759 759 759 
294 294 294 298 584 584 
64 131 249 551 
361 
254 254 254 288 288 489 489 667 667 
585 585 
223 705 
298 445 445 445 629 739 739 
342 444 444 545 545 546 546 546 546 667 732 
203 203 408 

213 213 353 353 353 471 471 
601 730 754 
199 199 203 203 262 262 290 290 369 369 369 377 377 425 425 617 
257 257 257 529 701 701 
557 557 
654 654 654 716 716 716 
218 303 303 303 342 
196 196 196 342 342 
147 320 320 623 651 651 651 
36 36 36 207 207 240 261 261 261 
117 117 117 213 677 677 677 677 
190 190 190 402 402 402 
323 333 333 587 587 674 674 674 674 690 690 
273 273 570 570 570 
601 601 601 730 
206 206 562 562 562 599 
440 440 526 733 
5 5 188 188 395 395 395 680 680 
127 127 127 198 233 497 497 497 497 604 
19 19 416 416 416 416 
196 196 196 196 203 203 203 203 203 
149 149 175 189 201 254 254 254 288 288 342 342 342 345 398 398 398 502 583 583 583 639 639 643 739 762 
108 312 693 723 739 739 739 739 
563 563 
30 30 35 35 681 681 744 744 744 744 
298 319 319 
129 129 129 338 338 338 
203 
117 117 117 658 658 658 658 
114 114 226 226 226 226 428 
327 
117 117 656 656 656 656 750 750 750 
187 187 187 187 187 733 
94 184 256 256 315 315 464 
83 83 83 203 203 203 663 663 
30 399 592 592 592 592 592 670 670 
296 296 296 376 395 719 
224 224 341 341 341 
266 266 341 
748 748 
298 298 462 462 462 610 610 
257 257 257 
82 90 90 265 
80 80 437 739 739 
371 658 658 
294 294 294 345 
252 268 298 298 739 739 739 
419 495 668 695 
181 181 181 243 619 745 
349 349 349 349 495 601 601 693 
524 524 717 739 
377 495 
581 581 581 
57 57 57 132 154 154 154 154 234 234 234 234 327 400 
635 635 635 
113 113 113 257 257 529 610 610 610 649 649 758 758 758 758 
16 547 
102 525 525 
100 100 100 103 103 103 444 
10 10 77 252 252 252 519 519 529 529 529 641 
341 483 483 483 
298 298 298 298 298 550 
248 248 324 329 420 420 633 633 633 733 733 733 749 749 753 756 756 
16 16 
233 233 354 
50 312 312 430 430 
26 26 26 212 266 266 266 356 
16 16 16 239 242 333 333 333 
246 246 246 543 543 739 739 
203 203 301 301 
70 70 291 291 513 513 525 651 651 651 
200 200 696 
10 276 
5 163 163 163 163 213 367 367 494 494 537 537 537 537 682 742 742 
69 157 167 341 453 520 520 
105 727 727 
23 23 23 579 
70 70 70 89 108 108 108 301 301 668 
485 
158 267 267 510 510 514 514 514 581 581 
203 203 341 399 399 473 
721 721 
213 213 213 384 384 384 
45 45 45 81 435 435 
377 377 601 647 660 
295 342 342 342 
643 
325 339 440 440 526 555 555 662 678 708 708 708 749 749 749 753 753 756 756 756 
317 317 400 400 

307 307 307 
530 530 530 739 763 763 763 763 763 
542 593 
5 5 10 10 14 14 16 24 24 68 68 80 80 90 90 108 108 108 136 136 136 136 139 151 175 177 180 180 180 185 185 190 237 258 258 258 265 292 292 298 298 298 312 312 312 342 366 366 379 382 382 388 388 388 391 402 402 413 413 437 493 493 532 532 532 548 548 548 583 622 622 642 642 667 668 668 668 668 689 689 692 692 692 696 714 714 737 745 745 748 751 751 
517 517 517 517 
7 16 16 16 18 34 35 35 73 73 73 214 450 450 450 550 550 556 556 556 
207 367 367 719 719 
179 179 179 445 
378 670 670 670 670 
574 574 574 694 739 739 

442 601 
14 14 137 137 137 190 391 391 391 685 685 739 
248 248 248 248 248 708 708 733 733 733 
192 192 192 224 224 677 677 677 
510 739 739 
341 483 483 483 
449 708 733 733 756 
428 647 
41 41 41 41 41 274 445 
187 187 220 220 220 324 324 708 708 733 733 733 753 
239 239 580 
224 350 403 403 403 438 701 701 701 701 
5 635 635 635 
334 334 334 334 550 550 550 
316 316 316 316 316 343 343 551 585 585 
342 667 
530 565 565 737 737 737 737 737 
9 108 108 108 108 108 582 582 582 
27 27 27 207 207 207 
280 280 
47 387 387 387 
