nodes: 768 edges: 2375

635 635 635 635 
65 65 117 117 117 150 150 282 282 282 317 
334 364 
167 208 247 247 247 341 357 
47 47 55 59 79 115 118 144 163 163 171 171 174 194 194 210 213 213 221 239 239 272 307 307 307 348 370 387 387 387 395 395 405 405 405 411 411 411 412 412 412 412 441 441 451 451 466 466 484 484 488 504 504 504 506 506 537 567 586 586 594 594 623 635 654 654 663 663 663 663 700 719 719 739 739 739 759 759 759 767 
174 174 174 
550 741 741 741 
99 599 
25 25 25 25 124 124 124 126 126 764 764 
81 252 252 257 257 257 265 274 274 276 276 285 285 285 285 312 312 529 529 599 599 599 705 705 718 739 739 739 
496 
265 376 
159 159 159 261 261 261 409 409 409 
448 493 493 493 739 748 748 748 
296 296 296 296 
35 35 35 40 40 173 214 258 259 259 259 278 278 296 321 321 333 333 333 376 378 378 394 407 429 454 473 485 505 547 548 548 548 553 553 553 569 600 600 600 601 601 601 611 624 624 626 626 626 633 633 633 702 702 713 724 739 739 741 
77 77 77 77 77 466 466 
34 34 79 79 550 550 550 
416 602 665 665 665 

128 128 128 439 485 485 612 626 
67 232 383 515 515 515 515 515 521 521 
481 481 501 722 722 722 722 
312 739 739 739 
9 9 9 9 354 354 354 614 
41 41 148 203 203 266 266 428 428 462 472 472 472 472 540 568 570 570 712 712 712 712 
648 765 765 765 765 765 
203 301 301 301 356 356 
35 35 
203 203 338 338 609 609 670 670 670 745 
533 533 
516 616 
261 
18 18 741 
16 16 16 29 29 66 73 73 73 156 278 278 278 297 436 556 556 645 645 645 670 741 741 
317 352 395 655 655 655 655 
43 43 87 87 87 87 110 534 
294 294 294 294 298 
261 261 355 355 415 
16 16 101 118 118 118 216 348 348 
26 26 246 342 342 472 472 755 
306 306 421 421 
37 37 110 110 316 585 585 761 
246 337 337 
253 729 729 
459 459 545 545 
5 5 171 221 221 221 271 271 307 307 307 307 387 387 560 560 
588 588 658 
564 564 564 613 613 613 
160 160 160 160 312 312 711 711 711 
203 393 393 517 517 517 666 
583 583 583 
126 188 188 188 
600 
5 75 144 182 182 375 375 
64 64 64 156 223 242 354 503 
569 699 699 699 
203 482 482 482 482 577 577 577 
5 365 
552 552 
410 
517 517 599 628 
156 292 
56 56 56 106 106 106 156 156 223 223 255 499 499 499 518 518 518 518 
2 2 117 117 117 249 551 
35 83 395 395 395 402 
22 120 145 159 159 213 213 213 232 354 397 521 760 
108 108 629 629 629 629 739 739 
156 720 
140 140 140 140 273 273 273 273 273 301 307 307 533 533 716 723 723 723 723 723 
164 393 
257 
35 35 35 297 297 297 297 491 605 680 741 741 741 
84 299 299 
55 502 502 
100 100 402 402 
17 17 17 17 17 
473 473 
5 18 18 340 340 340 448 448 
241 241 241 350 468 468 468 622 622 622 689 689 689 689 739 739 739 
10 170 195 195 206 257 300 300 300 300 302 302 310 310 312 343 422 422 433 433 436 443 571 599 599 729 
237 237 237 
66 117 117 117 228 228 342 342 500 680 680 
74 
127 
239 
37 37 37 37 229 284 284 314 
342 
207 207 633 723 
400 400 400 400 688 688 688 688 739 739 
380 380 380 569 569 
414 
279 294 312 312 345 
212 253 253 447 447 447 447 
129 283 283 399 399 726 726 726 
667 
342 342 342 
308 308 308 366 516 516 
8 466 
76 76 704 
40 

130 300 300 342 342 342 704 704 
299 299 299 
529 529 529 693 
64 64 64 156 156 499 
544 
68 68 123 203 203 203 203 312 312 668 723 723 739 739 764 
203 
37 43 43 504 
157 203 429 429 
170 170 411 411 716 
257 257 257 701 
342 342 428 428 675 675 675 
5 620 620 620 635 

2 2 2 65 65 65 83 83 83 192 192 224 342 342 628 656 656 656 656 674 674 674 677 677 683 683 
5 40 40 40 216 348 348 441 441 
120 120 120 120 267 
67 119 119 119 119 267 267 

194 194 382 
108 215 215 354 354 354 354 469 
9 9 9 
490 490 496 
9 9 53 
85 664 664 
21 21 21 459 459 614 614 
95 203 203 203 330 399 467 467 672 672 672 
103 208 282 342 342 
637 637 
261 633 

158 158 616 619 619 619 
326 505 
274 418 418 418 418 475 475 475 475 739 739 
190 190 190 217 217 217 746 748 748 
635 635 635 635 708 
739 
70 70 70 70 244 251 387 387 525 525 
241 241 293 293 293 455 
202 735 
401 401 401 
5 55 163 163 163 372 484 484 529 529 
67 383 383 383 383 523 523 
207 207 765 

26 462 
186 186 186 186 342 667 667 
2 2 214 573 
548 739 
258 339 346 
317 317 317 
699 699 699 699 699 
388 388 388 
35 56 63 64 64 69 106 106 255 594 
111 203 230 453 520 578 720 
134 134 616 616 616 725 
13 13 13 67 67 304 304 318 354 354 362 362 409 409 461 710 710 710 
50 50 50 50 342 342 494 494 494 494 539 
278 556 
561 561 
5 5 144 144 144 213 213 252 506 506 506 
71 353 393 393 


4 341 556 720 
243 399 
566 566 
81 112 112 456 456 456 456 478 478 478 729 729 729 
5 5 47 418 418 418 560 560 560 
294 345 540 540 540 540 
16 504 504 504 764 
5 6 6 6 
254 254 667 667 667 739 
595 
224 342 739 739 
208 208 
408 408 743 743 743 
739 739 739 
210 210 275 275 275 694 694 
55 55 
343 343 
398 398 398 398 398 679 
388 388 739 739 
149 149 149 149 547 
204 292 292 292 292 455 678 678 678 678 756 756 
53 53 53 395 663 663 
667 
137 137 137 336 336 402 402 402 450 649 739 739 

117 117 750 
336 658 674 
5 5 122 122 210 210 210 
81 81 312 312 
203 653 666 666 666 
543 543 
416 416 601 601 602 602 602 664 
203 648 648 
524 524 524 696 717 
667 667 
142 720 741 
26 26 28 30 30 51 58 108 108 108 108 109 111 129 129 129 157 196 199 253 264 301 301 337 337 341 341 342 342 374 374 377 377 386 399 423 444 444 444 444 467 467 467 486 486 486 540 541 541 609 625 631 644 648 648 648 666 666 666 673 680 680 680 680 715 715 723 723 723 726 726 726 
187 542 542 
312 312 
81 599 661 661 
89 89 146 146 655 655 765 765 765 
4 130 178 178 247 
246 342 714 
5 181 181 194 194 194 651 
270 270 270 335 335 
94 253 253 712 
5 5 67 67 67 163 163 222 222 225 225 273 273 299 305 305 305 305 373 446 504 504 504 593 593 595 595 646 656 719 719 
16 150 741 741 
123 123 
40 118 
137 137 137 
262 262 
559 559 559 559 559 596 
756 
5 47 47 47 387 387 387 
213 213 359 359 359 
56 64 64 255 255 
117 177 342 342 438 438 683 683 683 750 750 750 758 
213 213 273 273 275 275 396 396 396 542 
428 428 428 675 
366 366 596 596 596 596 
83 83 555 
87 269 269 269 
157 570 570 
264 
22 67 383 
710 
373 699 

241 241 241 
82 82 82 739 739 
389 389 389 389 
5 5 86 408 408 408 594 713 757 757 
446 655 
80 80 80 141 141 236 236 236 243 243 243 312 315 342 455 455 468 468 606 606 694 745 745 745 
56 503 503 
168 241 241 241 428 428 428 694 694 694 694 
140 463 463 
564 
41 44 209 415 415 415 714 714 714 714 714 
4 4 4 208 341 
420 708 708 749 749 749 
65 467 485 551 637 637 637 637 
424 424 
140 506 506 
10 10 163 458 705 705 705 
45 94 94 203 212 212 377 377 
175 175 282 282 282 282 639 
64 156 223 223 
679 679 679 
10 10 10 72 81 113 113 113 381 381 381 381 443 443 443 443 529 529 649 649 687 687 687 701 701 
16 152 739 
16 16 16 
397 
13 13 13 33 39 39 132 333 333 355 355 355 415 415 633 633 655 
218 218 563 

203 231 328 328 
10 12 688 688 739 739 739 
26 26 356 356 462 462 462 520 525 684 684 684 712 712 
119 120 120 366 725 725 
692 
229 229 229 372 372 548 548 
211 211 211 286 286 286 286 335 
47 47 535 
5 451 
70 70 70 70 70 213 213 225 225 334 659 
10 10 136 389 739 739 
181 181 181 225 225 593 593 
10 10 285 285 718 718 
346 346 346 
16 16 35 35 35 161 287 428 428 428 428 428 432 432 434 434 434 476 476 522 522 556 556 633 740 740 
93 312 312 423 
590 766 766 
633 633 633 
2 2 2 130 254 254 254 254 344 344 344 
95 95 
87 87 
10 10 10 10 276 276 718 
270 270 270 270 335 335 464 
278 432 432 
354 354 639 639 639 639 667 667 
548 548 
374 374 374 648 648 
716 
63 187 187 187 187 470 470 470 593 739 739 
141 141 141 455 455 455 
38 38 38 38 93 172 298 584 584 636 691 691 691 
731 
15 15 15 15 16 326 347 347 347 347 376 376 424 473 475 475 487 505 505 505 682 
35 73 73 73 73 
38 294 319 610 610 610 636 636 636 671 686 686 692 692 707 707 707 739 739 739 
74 74 104 104 104 213 363 498 498 
81 81 81 81 103 103 310 310 310 310 422 464 464 
28 28 28 70 203 203 356 356 356 715 715 715 
81 81 355 355 355 
652 
159 159 409 409 
213 213 213 213 354 354 354 354 
42 42 323 323 
5 5 5 47 47 47 47 70 70 560 560 560 604 736 
98 98 98 516 516 
418 511 511 511 511 691 
81 81 300 300 300 300 571 571 571 571 607 607 607 
385 385 385 568 568 579 
10 10 24 50 50 81 93 93 108 108 195 195 205 205 241 279 279 342 342 402 430 430 430 430 522 522 536 536 711 711 739 739 
420 
87 409 409 575 575 
241 679 679 
43 343 585 761 761 761 
2 36 153 153 153 734 734 734 734 
159 360 
298 671 671 671 671 673 707 
654 654 654 654 
16 16 378 381 447 492 548 548 626 626 
577 603 603 603 
306 306 421 421 
549 708 756 756 

135 296 507 507 507 553 553 
611 611 611 699 699 741 741 
264 264 
708 708 
129 495 601 613 730 
428 

16 16 16 261 261 547 573 573 626 626 626 633 633 633 633 658 658 713 713 713 
3 273 760 760 760 
211 211 270 286 286 513 513 513 513 
190 190 193 589 589 633 
44 44 203 203 342 342 415 415 415 456 456 
30 30 672 672 
152 534 733 733 
79 79 79 448 448 
4 167 203 203 247 464 464 464 578 683 683 684 720 726 
41 41 83 83 88 97 97 97 103 103 103 114 114 117 117 130 130 149 160 160 177 203 203 209 224 224 241 312 312 337 337 399 399 399 428 428 539 539 643 643 643 653 653 653 667 667 704 731 731 739 739 739 754 754 762 762 
81 183 183 316 761 761 
282 282 282 
93 172 667 
152 277 277 277 630 
296 296 296 296 
5 40 40 118 118 441 568 
497 497 695 
80 622 
368 
36 395 395 472 
164 646 646 646 646 646 
25 25 25 56 67 123 123 123 123 159 159 288 288 305 305 305 305 360 360 469 469 527 710 710 
39 39 261 261 261 302 302 302 567 
28 28 266 266 301 301 301 712 712 
4 
621 621 
222 222 222 461 461 461 719 719 
318 354 354 439 
380 
159 159 604 604 
299 406 406 498 498 
3 
59 
98 227 227 267 470 470 725 739 739 
719 719 742 742 
351 
648 648 
5 
382 382 658 658 
144 269 269 548 
213 234 595 
203 203 290 290 290 
55 55 
12 16 296 296 
203 203 253 253 425 425 554 554 617 617 648 648 648 697 697 697 697 730 
16 16 321 744 744 
388 388 739 
91 91 91 361 569 569 569 
257 257 257 257 321 
122 371 371 565 565 739 739 
22 145 145 145 145 232 
728 728 
311 311 311 579 579 
203 
5 5 5 47 47 140 140 221 221 221 716 767 
155 155 155 185 185 379 379 480 480 480 480 696 739 739 
238 238 238 238 274 

574 739 739 748 748 748 748 
400 
51 51 71 164 164 625 634 
16 
5 5 36 66 66 66 188 352 352 412 484 
225 225 225 
67 260 550 
184 184 184 184 184 667 667 667 
95 95 129 168 203 342 342 342 487 681 681 726 
90 90 90 90 392 734 734 
143 143 143 
66 76 76 190 190 190 312 657 657 739 739 
715 758 
432 434 434 
5 5 5 533 533 533 635 
363 363 498 
16 500 
179 179 239 239 239 574 574 
13 13 13 159 159 304 304 314 314 575 575 
61 546 
5 5 5 112 112 455 
5 5 5 5 395 
558 558 558 632 632 739 739 739 
92 
39 246 246 246 261 261 337 337 337 
19 198 198 665 665 

136 136 136 136 171 171 171 309 511 
693 693 693 
248 313 708 
42 42 323 323 549 549 
81 81 300 571 571 607 607 607 
203 279 585 
250 250 296 473 473 473 621 621 
377 377 648 
498 498 
551 551 551 551 
26 26 114 114 226 226 226 243 243 243 278 278 278 278 278 331 342 342 478 508 566 566 675 
16 111 111 553 553 
312 312 312 312 499 711 

278 278 287 287 404 740 
81 81 
278 278 278 404 404 
729 729 729 
35 81 478 
689 739 739 739 
224 224 
21 360 
511 662 662 
5 5 118 118 348 
601 626 626 747 747 
81 257 257 257 257 537 537 537 
203 203 203 203 631 631 631 631 
642 642 743 743 743 743 743 755 
213 240 
94 94 94 94 321 601 601 
14 79 79 340 340 
753 
190 741 741 
5 5 272 537 
589 633 
157 
16 626 626 626 
141 187 241 241 293 293 293 411 
170 170 170 170 337 337 
583 
252 
46 46 128 128 545 612 612 
488 488 488 488 
159 359 359 359 595 595 595 621 710 710 
26 148 266 266 266 686 686 686 
244 244 
286 300 300 341 341 341 599 679 

5 5 17 17 99 
129 129 203 203 203 249 
80 80 80 241 241 606 
123 354 354 
292 292 292 366 366 
646 646 646 646 
26 26 26 26 41 41 352 
16 78 78 296 424 424 424 
761 
136 136 136 136 296 296 663 
278 278 633 
692 
170 170 170 428 436 
534 
388 388 388 388 
23 23 501 
58 58 58 58 
706 706 706 706 752 752 
5 5 144 144 395 605 605 
16 21 21 249 
203 203 203 562 562 562 562 
296 399 
5 460 460 460 460 
639 
125 125 496 
73 572 
321 
14 14 14 739 739 
160 160 160 160 719 719 
330 693 693 693 695 697 697 697 
11 125 490 536 536 
349 349 664 664 664 
299 299 363 363 406 426 426 
64 64 64 106 430 
83 407 579 
23 481 722 722 
75 75 667 667 667 
56 242 242 
5 5 5 110 173 173 173 213 213 213 595 595 595 656 
16 135 296 296 296 507 
5 5 163 163 163 251 251 567 
326 326 326 505 695 695 697 
428 566 566 566 566 566 

725 725 725 
309 309 309 309 418 440 

335 335 335 335 703 716 716 716 
596 596 725 725 
22 22 22 22 22 
32 98 98 308 308 638 711 711 
51 51 51 62 62 528 528 528 528 599 599 740 740 740 740 
64 64 64 64 
705 705 
157 266 568 605 605 605 720 720 
22 22 67 
278 278 312 312 
145 145 587 587 587 587 587 
200 200 200 696 696 
140 140 266 703 703 716 716 
662 733 733 
354 
517 517 517 517 669 671 
10 10 105 105 105 144 144 257 257 649 649 705 705 705 727 727 
576 737 737 737 737 

632 739 739 739 
31 31 70 70 405 405 405 
37 339 479 632 
271 
312 312 496 496 
5 443 443 443 451 719 719 719 719 
547 547 547 547 547 563 563 701 
160 342 342 
26 172 172 172 172 203 541 541 541 680 
203 203 540 540 540 
204 204 225 593 593 738 738 
197 197 
107 
46 46 459 612 612 614 614 614 614 
410 
16 186 333 538 538 538 538 538 563 563 573 573 702 702 
16 16 16 151 269 269 289 289 321 321 372 739 
324 421 421 
7 18 18 18 397 707 741 760 760 
65 249 427 427 427 427 
60 60 
16 16 16 326 326 429 429 
377 377 617 617 617 697 
228 648 648 733 733 
35 35 161 167 278 278 741 741 741 
650 650 
413 413 413 632 632 
219 219 219 219 219 596 596 596 
47 47 171 171 171 307 307 307 
162 162 569 611 
486 486 486 486 611 611 611 611 661 
262 538 538 547 547 669 669 
49 49 49 245 746 
382 382 763 
169 169 428 428 508 508 508 508 508 
5 355 506 598 598 
26 311 311 348 520 
16 57 91 91 380 380 380 561 
26 26 230 230 659 659 659 659 676 676 676 676 
81 310 310 310 310 422 422 607 607 607 
491 
150 333 333 547 547 644 
391 408 408 745 
314 314 409 409 
530 
58 58 58 322 603 603 
157 341 
311 385 385 500 
757 
698 725 725 
739 739 739 764 764 
52 52 52 457 667 739 739 739 
294 294 636 636 
43 43 316 423 640 640 761 761 
5 5 
523 523 523 523 523 
48 48 
336 336 452 633 633 
280 755 
601 601 
681 681 681 
213 213 275 275 292 542 542 
5 5 156 239 
176 213 213 373 461 461 461 504 504 504 699 699 
219 227 227 227 227 514 514 559 559 559 

567 567 624 624 
8 10 10 10 62 81 81 206 464 517 517 661 661 
16 16 16 54 
16 16 16 198 198 330 442 447 447 591 591 647 660 660 695 695 747 
19 198 198 198 
322 322 322 577 577 
307 362 362 664 
73 484 484 520 520 520 
241 241 468 
310 310 310 422 422 422 571 571 571 

30 30 203 
298 298 298 686 701 701 701 701 
16 327 327 327 561 562 562 562 562 
21 459 459 545 545 
49 49 49 330 
25 128 128 545 545 545 545 708 

32 134 158 158 158 
377 377 554 554 554 648 648 

134 134 134 
115 115 115 750 
358 358 424 424 461 
80 80 80 350 739 739 
5 654 
16 16 598 598 
203 393 
16 16 16 21 321 321 333 333 333 442 442 454 454 454 

62 117 
68 68 68 68 
346 
203 444 444 444 444 
413 413 532 534 558 558 
16 16 16 89 132 261 261 278 281 281 281 333 333 333 333 336 452 476 589 589 655 655 708 
393 
1 1 1 1 5 115 138 138 138 138 405 700 700 759 759 759 
294 298 298 298 584 584 
131 131 249 249 249 249 
516 
254 288 288 288 288 489 667 
585 585 
705 
445 445 739 
342 342 342 732 732 
203 573 
35 35 35 741 741 741 
213 353 353 353 353 353 471 471 471 471 
601 730 
27 199 199 203 203 203 290 290 369 369 377 377 377 425 555 555 617 617 
190 257 257 529 529 701 701 701 701 701 
557 557 
210 654 716 
303 
196 342 342 342 
5 5 320 320 320 320 623 651 
36 36 36 36 207 207 240 261 633 633 
117 117 117 117 213 504 677 677 677 
402 402 
48 193 333 333 371 371 674 674 674 690 690 
273 570 570 570 570 
601 601 730 730 
206 206 562 599 599 
440 440 526 733 
5 5 5 5 188 188 475 680 680 680 
127 127 198 497 497 497 604 695 695 
19 19 19 416 416 
51 196 196 196 203 203 203 
96 149 149 175 175 175 189 201 201 288 288 342 342 345 398 398 398 502 502 502 583 639 739 739 762 
108 693 739 739 739 739 739 
528 563 563 
30 30 30 35 681 681 681 681 744 744 744 744 
298 319 319 319 319 528 
129 129 129 338 338 706 
203 319 
117 117 117 193 658 658 658 
114 114 114 226 428 
570 570 570 570 
117 117 656 656 656 750 750 
187 187 187 187 733 733 739 
184 256 256 256 315 315 464 
73 83 83 203 203 203 203 540 663 663 663 
399 399 592 592 592 670 670 670 670 
296 719 
117 117 224 224 224 341 341 
266 266 266 341 
748 
298 298 462 462 462 610 
257 257 257 737 737 739 739 
90 90 90 90 265 265 
80 80 80 80 437 
658 658 
294 294 294 309 
268 298 298 477 739 
105 419 419 419 495 495 495 668 695 
181 181 241 243 243 243 243 745 745 745 745 
349 495 507 507 601 601 664 664 693 
200 388 524 524 717 739 
377 377 377 377 495 495 495 507 554 
581 725 
57 57 57 154 154 154 154 154 234 327 327 595 595 
5 635 635 
113 257 257 538 610 610 610 610 649 649 649 649 649 758 758 758 758 
16 16 547 547 
513 525 525 716 
100 103 103 342 
10 10 252 252 252 519 519 529 529 529 641 
483 483 483 483 672 
298 298 298 319 550 
138 248 248 324 329 329 420 614 633 733 749 749 753 753 753 756 756 

159 159 159 233 354 354 461 461 
50 50 50 312 312 430 516 516 
26 26 26 26 212 266 266 356 356 
16 239 333 333 333 
209 246 246 246 246 246 739 739 
203 203 301 301 301 403 
70 112 291 387 513 513 513 525 525 651 703 
200 696 
10 276 276 285 
5 5 213 213 359 359 367 367 494 494 537 537 537 537 682 742 742 
69 157 167 202 341 520 520 
727 727 
23 23 23 23 501 501 
70 70 70 70 70 89 108 108 203 203 203 
16 
158 267 267 366 510 510 510 514 514 581 581 698 
95 95 95 203 203 203 341 399 
529 529 721 721 
384 384 
45 45 81 170 170 170 435 435 435 
330 377 647 660 660 
295 342 342 
643 643 
339 339 526 526 555 555 662 678 678 708 749 753 753 753 753 753 756 756 
317 317 317 317 400 400 
142 
307 
530 530 530 530 687 687 739 739 763 763 763 
542 542 
5 5 5 10 10 10 14 16 16 24 24 24 68 68 80 80 80 90 90 108 108 136 136 139 151 175 177 177 180 180 180 185 185 190 190 237 237 258 265 265 265 274 274 292 292 298 298 298 312 312 342 342 342 366 366 379 382 382 388 388 391 391 402 402 413 413 413 437 437 437 493 493 532 532 532 548 582 582 582 583 583 583 622 622 642 667 667 668 668 668 668 668 678 687 687 692 696 714 714 737 737 745 745 745 748 748 751 751 751 
278 278 432 517 517 517 517 
7 7 7 16 34 35 35 73 73 73 202 214 214 327 327 450 450 550 556 556 556 645 645 645 
367 367 719 719 
179 179 179 445 445 445 445 445 
378 378 670 670 670 670 
30 241 241 241 574 694 694 694 694 739 739 739 
137 564 
442 442 601 
14 14 14 137 137 391 391 391 391 685 739 739 
248 248 248 708 708 733 
192 224 224 224 620 677 677 
739 739 739 
483 483 
449 708 708 708 733 733 733 733 733 756 756 756 756 
342 342 
41 445 590 
187 187 220 324 324 708 708 733 733 753 753 753 753 
239 239 580 
224 403 701 701 701 701 
5 5 5 635 635 635 
67 334 334 334 550 550 
43 316 316 316 343 343 474 585 585 
342 342 667 
565 737 737 737 
9 9 108 173 582 582 
27 27 27 27 27 146 207 207 207 
280 280 
5 387 
