nodes: 768 edges: 1452

635 
65 282 317 317 
364 
167 247 247 247 341 357 
17 55 59 59 79 115 115 118 118 144 147 147 163 171 171 171 194 213 213 213 239 307 307 387 387 395 405 411 412 441 441 441 448 448 451 466 484 488 488 504 504 506 586 594 594 635 663 719 739 759 759 767 
174 
550 741 741 741 
599 599 599 599 
25 25 25 124 126 582 764 
81 257 265 265 274 276 276 276 285 285 312 389 529 599 705 705 
359 494 
16 
238 409 
241 493 748 
296 
12 32 32 35 40 78 173 258 259 259 278 278 296 333 376 394 400 407 429 429 473 505 505 547 547 548 548 548 561 561 569 600 600 601 601 601 611 611 611 626 626 633 702 702 739 739 741 741 
5 
34 34 79 550 
665 

485 614 626 626 
67 515 
218 218 481 501 584 722 
739 
9 9 9 354 614 614 614 
41 41 203 203 266 266 342 342 428 472 540 540 568 570 570 570 570 712 712 
765 765 765 
290 301 356 
35 35 556 
203 203 290 322 338 338 338 670 670 681 

16 16 
261 
18 18 
16 29 29 73 156 278 278 278 432 556 645 645 741 
352 395 655 
43 87 87 110 

261 355 415 415 618 
16 118 348 348 348 351 351 
26 26 246 472 472 755 755 
48 48 306 306 
37 110 110 316 316 316 316 479 479 733 761 
246 246 337 
253 729 

171 171 221 221 271 307 307 307 560 
42 42 658 
564 564 
160 160 160 312 
393 517 517 630 
583 583 
126 

5 75 75 182 182 375 392 
64 223 223 239 242 242 354 376 
162 569 569 699 
482 482 577 
5 5 365 365 


517 599 628 
156 156 
56 106 156 499 499 518 518 
2 117 117 249 249 427 551 551 551 
83 395 395 
22 120 159 159 213 213 213 232 354 354 446 446 521 
108 739 
156 156 341 720 
140 140 273 273 273 273 301 307 307 533 716 716 716 723 723 723 
164 
257 257 
35 297 297 605 741 741 741 
84 299 299 
55 55 502 
100 100 

16 473 
5 18 340 
350 468 468 689 689 739 
10 170 206 257 257 300 302 302 310 312 343 433 435 599 599 729 
237 237 
66 117 117 117 342 342 
74 
127 601 

37 37 229 229 284 284 


400 739 


294 312 312 345 


322 627 

308 308 308 308 516 516 

76 76 


130 300 342 342 342 704 
299 

64 156 

68 203 312 444 764 
203 
37 43 43 

170 170 716 

428 428 
5 5 
213 
65 65 83 83 83 192 224 518 656 656 674 677 677 677 683 
5 5 40 441 441 
120 424 424 
67 119 267 
581 
194 
354 354 354 469 
9 582 621 
458 
9 53 
85 664 664 664 
626 
203 203 203 330 330 399 467 672 
103 208 
637 
699 

158 616 619 
505 507 507 
274 418 475 739 739 739 739 
217 748 
635 635 
391 
70 70 251 525 
293 293 293 293 455 

222 401 401 
5 529 
383 523 523 
207 
5 5 654 

667 
429 573 573 
739 739 
258 258 
317 317 317 
350 350 622 699 699 699 
388 388 
35 63 63 64 69 69 106 255 280 463 590 590 594 594 594 766 
197 203 203 520 578 720 720 
134 616 616 
67 67 304 354 354 362 362 362 461 461 710 710 
50 50 50 342 487 494 
278 556 
57 561 
5 213 252 353 506 506 506 506 506 719 719 
71 
294 294 
484 484 
4 556 
243 399 
428 566 
81 112 112 342 456 478 478 729 
5 5 5 47 47 206 418 418 418 418 418 560 560 560 
286 294 345 540 540 
16 504 504 504 504 
6 
254 254 739 
504 
342 739 
208 208 208 
408 408 743 

275 
55 55 

253 253 398 464 679 
388 
603 
292 292 678 678 678 756 756 
663 
621 667 
336 336 336 450 450 657 739 748 748 748 
247 
117 750 750 
674 
5 122 210 210 

332 653 653 666 666 666 
157 543 
601 
203 648 648 648 
524 524 524 
225 

26 26 30 30 108 109 129 129 129 157 157 199 218 253 253 262 290 322 337 337 341 341 341 342 342 377 377 377 393 393 399 444 444 467 467 467 541 544 609 625 631 644 644 648 648 648 666 666 673 673 715 715 723 726 
542 542 

81 171 599 599 599 661 
146 633 633 633 655 655 655 765 
130 178 178 178 247 512 
714 
194 194 651 

253 253 
5 5 5 67 67 67 116 163 225 225 273 273 305 305 504 504 593 593 595 635 656 656 719 719 728 
741 741 


137 
23 23 203 
227 227 227 596 
756 756 756 
47 47 387 387 387 
143 359 359 719 
56 56 255 
117 295 683 683 683 750 750 758 
201 213 213 275 474 474 542 
428 675 675 
219 219 219 366 559 
417 555 555 555 
87 87 269 269 

264 
67 
710 740 
699 699 

241 241 274 274 
82 82 
13 
5 56 408 408 580 590 590 594 713 757 
363 
14 236 236 243 243 315 315 342 468 468 606 606 694 694 
56 56 713 
168 241 241 428 694 694 
463 463 463 

41 44 44 415 714 714 
4 4 4 191 208 
708 749 
65 65 485 551 637 637 685 

140 506 
163 604 604 604 
45 184 184 203 203 212 212 377 377 
175 175 282 639 667 667 
156 223 
679 
10 72 72 81 81 381 443 529 529 687 687 687 
16 152 152 739 
16 16 

33 39 333 355 415 633 633 
203 
578 
231 328 
10 10 739 
26 26 356 356 684 712 
120 725 

229 229 372 548 
286 
47 
451 
70 70 70 70 213 213 659 760 
10 136 236 236 739 739 
181 225 
10 10 10 285 285 
346 346 632 
16 16 35 35 35 161 287 404 428 428 432 432 434 476 476 633 633 633 740 740 
312 423 
156 766 766 
633 633 
2 254 344 344 501 

87 87 
10 10 276 276 
172 270 335 341 464 
278 432 432 
354 354 354 639 667 
548 
28 30 203 374 374 
716 716 
187 187 366 470 470 593 739 739 
141 141 141 141 455 455 455 
93 165 165 172 298 584 636 636 691 
224 
15 16 347 347 376 424 424 424 473 475 475 475 487 682 
73 73 
294 319 610 686 692 692 707 707 
74 74 104 363 498 
81 103 310 310 422 464 464 
28 70 356 356 715 715 723 
81 81 

159 409 522 
213 213 354 
42 42 323 
5 5 47 47 47 70 70 560 560 604 716 
98 98 98 98 516 
511 511 691 
81 300 300 571 607 607 
385 568 579 
10 50 81 93 93 108 279 342 402 430 430 522 522 739 

409 575 575 575 575 
241 241 679 
43 43 43 43 343 585 
2 2 153 153 153 734 
527 527 
298 671 671 707 
508 
378 492 548 626 626 
30 96 203 603 
306 421 421 658 
549 708 756 

507 553 553 
611 611 699 699 699 741 
264 

129 129 495 601 613 
428 428 
196 
16 261 364 626 626 633 633 633 658 658 658 713 713 
760 
286 513 513 
190 190 190 589 589 633 633 633 
44 203 203 342 415 415 456 552 
30 30 30 

79 
4 69 203 203 203 286 483 683 683 683 683 684 720 
26 26 83 83 103 103 103 160 170 177 203 203 241 312 337 399 399 428 539 643 653 667 704 704 731 754 754 762 
81 316 433 585 761 761 
282 282 
93 172 691 
277 277 
296 296 
40 40 40 

80 154 154 622 622 
40 40 368 
36 395 472 
163 646 646 
25 56 67 67 123 123 123 159 159 288 288 288 305 360 469 469 527 
39 261 
28 266 266 301 301 712 
4 
424 621 
11 222 222 719 719 
354 

159 159 159 604 604 604 
240 299 498 530 530 530 576 576 
3 333 
59 59 
227 292 470 470 510 557 596 622 725 739 739 
719 
351 


382 658 690 
269 
595 
290 290 
55 
16 56 296 
203 203 203 253 253 425 554 554 617 648 648 697 
321 
739 
569 
257 
371 565 565 632 739 
145 
728 728 
311 579 

5 5 221 221 221 550 767 767 
155 155 185 696 739 
10 
549 
139 748 
55 400 
51 203 203 625 
16 429 
5 36 66 66 352 412 484 


184 580 667 
129 168 203 342 342 681 
16 90 392 699 
143 143 
312 657 739 739 
758 758 
278 432 432 434 434 434 434 
5 533 

16 601 601 
179 179 239 239 574 574 
13 304 314 575 575 575 

5 455 455 
5 395 
739 
633 
39 39 246 261 337 337 
665 
228 
136 171 171 171 171 171 
693 
633 633 
323 323 549 
300 571 607 
279 
119 119 296 296 296 358 473 473 621 
377 648 
494 
65 551 551 
26 114 114 169 226 243 278 278 331 331 342 508 508 754 
16 16 150 394 553 553 
312 312 711 

35 278 278 287 287 404 404 
81 343 
278 404 404 404 404 
81 729 729 729 



458 
482 662 733 733 
5 5 5 118 118 
626 626 626 747 747 
257 537 537 
108 203 203 631 
743 
67 67 
601 
5 5 
511 526 733 753 753 
190 190 741 741 
5 272 537 537 
589 589 

626 
141 293 293 293 411 411 626 
170 337 
583 
125 439 
612 

159 159 595 621 
686 686 
156 244 244 244 
184 286 300 300 679 679 

5 
129 203 203 203 
80 80 241 241 606 
123 354 354 
292 292 366 366 

26 41 41 352 
16 78 296 424 424 479 726 
225 225 
136 296 296 296 565 663 
278 278 633 
692 
170 170 
43 43 473 

23 501 501 
58 58 440 
341 706 706 
5 166 166 395 605 605 
21 249 
562 562 
160 296 
5 5 


572 
321 
14 
11 160 426 
330 693 695 695 697 
536 536 536 
664 695 
299 363 
64 64 

23 282 481 481 
75 667 

5 5 173 173 173 173 176 213 213 595 595 656 
16 16 135 507 
5 163 163 163 163 163 251 567 
135 135 326 505 695 697 
320 428 428 566 566 566 

366 
309 309 449 
208 
335 335 703 716 716 
725 725 
22 
98 98 308 615 638 
51 51 62 528 740 
64 64 117 

157 568 605 
67 
304 312 312 580 
145 145 587 587 587 
200 200 200 696 
140 703 716 
449 733 733 
318 318 354 
517 
10 144 257 257 705 
363 363 363 576 576 737 737 737 763 

632 
70 405 


496 496 496 
443 443 451 451 662 719 719 
547 547 563 
342 
26 26 172 172 541 541 680 
203 540 540 
204 204 225 
197 544 714 714 714 714 
203 543 
614 614 643 643 
643 643 
16 16 538 538 702 
16 16 16 269 289 321 
324 390 421 
7 18 387 741 760 760 
65 65 65 249 427 427 637 
337 
326 326 429 429 
377 377 617 617 697 
228 228 228 733 
29 35 161 167 741 741 741 741 
366 650 
632 632 
227 596 
47 171 171 171 307 307 
16 16 162 611 
486 486 611 
538 669 
49 49 
382 382 475 763 
169 508 508 508 
506 598 
26 311 520 
16 57 57 380 
26 26 26 26 659 659 676 676 676 
310 422 607 
491 678 
150 150 
408 408 745 
314 314 314 314 409 409 409 
363 363 530 530 
58 603 
157 263 
311 385 
239 398 522 757 
121 698 698 
9 124 764 764 
52 52 457 
23 294 636 
316 343 640 761 
5 
523 523 523 658 

336 336 452 452 
156 156 239 239 755 

681 
213 213 292 
5 5 156 156 156 239 
213 373 461 504 504 699 
219 366 559 725 

567 624 
8 8 8 8 10 62 81 81 206 206 206 661 
16 16 
16 16 16 85 198 330 407 407 447 660 660 660 695 695 

186 322 577 
252 252 252 307 362 362 362 
73 484 484 520 709 
241 241 468 
310 310 422 571 
649 649 
203 
298 701 
16 16 16 327 327 561 562 
459 
330 
21 25 25 25 545 545 
516 
134 158 158 
377 554 554 648 648 648 
39 
134 694 694 
750 
124 189 358 424 461 
154 350 350 366 

598 
203 393 
16 16 21 21 128 321 321 333 333 442 442 442 454 455 
96 
62 

51 
203 444 
277 382 532 558 558 
16 207 207 207 261 261 278 278 278 281 281 333 333 333 336 336 336 414 420 420 476 655 708 

1 5 138 138 213 
294 294 584 
131 249 249 551 
516 
254 288 
585 

739 739 
342 545 545 546 546 
203 203 
35 35 741 
353 353 
730 730 
199 199 199 203 203 203 377 377 425 617 617 617 
608 608 701 
557 
210 654 716 716 

196 196 342 
147 651 
36 207 207 207 633 
117 117 213 213 504 677 677 
190 402 
48 323 333 333 333 371 587 674 674 690 690 690 
273 570 570 
601 601 601 
206 599 
440 537 733 733 
5 188 475 680 680 680 
127 127 127 497 695 
19 416 
196 196 196 203 203 
149 189 254 254 288 342 398 502 739 739 762 762 762 
723 739 
563 
30 30 681 
319 319 
129 
203 203 
117 193 658 658 
226 226 
570 570 570 
117 117 117 656 656 750 750 750 750 
187 187 187 572 733 733 
184 256 315 464 464 
540 663 663 663 
30 399 592 670 
296 
117 224 224 224 341 341 341 341 
266 341 
249 748 
298 462 462 
257 257 257 692 737 739 

80 80 739 
371 658 658 658 
294 309 345 
298 298 477 687 
419 495 
241 241 243 243 619 619 745 
495 495 497 507 601 601 664 
388 524 739 
377 495 507 554 
581 581 725 
57 132 154 154 154 234 234 327 327 327 400 595 

610 649 
16 16 547 
513 525 
103 342 342 
10 10 529 
483 483 
298 298 319 
248 324 633 733 733 749 749 753 
605 
159 159 233 
430 
26 26 266 356 
239 242 333 333 
209 246 246 543 543 543 543 739 739 739 
203 203 301 301 
70 70 70 112 291 291 307 513 513 525 651 651 


5 163 163 213 213 222 359 359 367 537 537 
69 157 157 341 
727 
23 
70 70 70 203 301 668 

267 366 514 514 596 698 
203 473 
721 
213 384 384 
45 81 170 435 435 435 
647 647 
342 

43 440 440 449 526 526 555 662 662 678 678 708 708 749 749 753 756 756 
317 


530 530 530 687 763 

5 16 16 24 68 80 90 136 136 136 136 151 151 175 177 190 258 265 274 274 292 292 312 366 366 379 382 388 402 402 413 642 642 667 667 668 687 689 696 714 714 714 745 748 751 
233 278 278 517 
7 7 7 16 16 35 73 73 73 214 214 327 450 450 550 556 556 556 556 645 

179 445 

574 694 739 

442 442 
14 137 190 190 190 391 685 739 
248 708 708 733 733 
192 192 224 224 620 677 677 677 677 
739 

449 449 708 733 756 756 756 
342 342 428 
41 41 590 
187 187 220 220 220 324 733 733 753 753 753 
239 580 
224 403 403 
5 5 
273 334 550 550 
43 343 343 585 
342 667 667 667 
530 565 737 
9 108 582 582 
27 27 27 207 
156 280 280 
5 387 387 
