nodes: 768 edges: 2370
448 
635 635 
65 117 150 282 282 317 427 
334 364 
167 208 247 341 341 
17 17 47 47 47 55 59 59 79 115 118 118 118 144 147 147 163 163 163 171 194 194 194 210 213 213 213 221 221 221 239 239 272 307 348 367 370 370 370 387 387 395 395 405 405 411 411 412 412 441 441 448 448 448 451 451 451 484 484 488 488 488 504 506 537 567 586 623 623 635 654 700 700 700 719 719 739 739 739 759 767 767 
174 174 174 
550 550 741 
99 
25 25 25 25 124 126 126 126 126 582 582 764 
81 252 257 257 257 265 265 265 274 274 274 276 276 276 276 285 285 312 312 312 529 599 705 718 739 739 739 

16 16 242 265 265 265 376 
159 159 261 261 261 261 272 272 409 
241 241 493 493 739 748 748 748 748 
296 296 
12 12 32 32 35 40 40 57 78 78 173 173 173 198 198 214 214 214 258 259 259 259 259 259 278 278 278 296 296 296 321 321 333 333 376 378 378 394 394 400 400 407 407 407 407 429 429 442 442 473 473 473 485 505 505 547 547 548 548 553 553 561 569 569 601 601 601 602 611 611 626 626 626 633 633 702 702 709 709 713 713 713 713 713 724 724 739 739 739 741 741 
5 5 77 77 77 77 77 
34 34 34 79 340 550 550 741 741 
416 665 665 
352 
128 439 485 485 612 614 626 626 626 
232 383 515 515 515 521 
481 481 481 501 722 722 722 
312 739 
9 9 9 9 107 354 354 614 614 614 
203 266 266 342 342 385 428 428 462 472 540 570 712 712 712 
648 765 765 765 
203 203 301 356 356 
35 251 556 
203 290 338 338 609 609 670 670 670 681 681 
533 
16 16 516 

18 18 18 741 741 741 
16 29 66 73 156 278 278 297 432 432 436 556 645 645 645 670 741 741 
102 102 102 352 352 352 395 395 395 655 
43 87 87 87 87 534 534 
294 294 298 
261 355 618 618 618 
16 16 118 118 348 348 348 351 351 
342 342 342 472 472 755 755 755 755 
48 48 306 306 306 421 421 
37 110 110 110 110 316 479 479 479 479 585 733 

253 729 729 729 729 
545 545 
5 5 5 171 171 221 221 221 271 271 307 307 387 767 
42 42 306 588 588 
564 564 564 564 564 613 
160 160 160 312 312 
203 393 517 517 666 
583 
126 126 126 188 188 188 188 
310 600 
5 75 75 75 144 144 144 182 182 182 
64 64 64 156 156 223 223 239 354 503 503 
16 699 699 
482 482 482 577 
5 5 365 582 
129 156 552 552 552 
410 
517 628 628 628 
156 156 156 292 
56 56 56 106 106 223 223 499 499 518 518 
2 117 117 249 427 427 427 551 
35 83 395 395 395 395 395 
120 159 159 213 213 232 260 354 354 397 397 397 521 
108 485 513 629 629 
156 341 720 
140 140 140 273 273 307 307 533 533 533 716 716 723 723 723 723 
164 
151 257 
35 297 297 297 297 297 605 741 741 
84 84 299 299 
55 55 55 667 667 
100 100 100 402 402 
17 17 17 17 17 370 
16 16 473 473 
5 18 239 239 239 340 340 448 
241 241 241 350 350 468 468 468 606 622 622 622 689 689 739 739 739 
10 170 206 206 257 257 257 300 300 300 300 302 310 312 312 343 343 343 422 422 422 433 435 435 435 436 571 599 599 729 729 
237 237 688 
66 228 342 500 680 680 
74 74 
601 601 

37 37 37 37 229 229 229 284 284 
342 575 
207 207 207 207 633 633 
185 400 400 400 688 688 739 
380 380 
589 
294 312 312 312 312 
203 212 253 447 447 447 679 
129 129 129 283 283 399 399 399 
627 627 667 
342 342 342 
308 308 308 366 366 366 
8 
76 76 76 

36 36 36 
130 130 130 300 300 300 342 704 

693 721 721 
64 64 156 156 156 
25 544 544 
68 123 203 203 203 203 312 444 592 723 723 739 739 739 764 764 764 764 764 
203 203 
43 43 43 43 504 
157 203 429 
170 411 411 411 411 411 
257 701 701 
342 342 428 
5 620 620 620 620 620 
431 431 431 
2 65 65 224 224 342 518 656 656 656 674 677 677 683 683 
5 5 5 40 40 216 348 441 
120 120 120 120 120 267 267 267 424 
67 119 119 119 119 119 267 267 267 267 
581 
194 194 194 194 382 
108 215 215 354 354 354 354 354 469 
9 582 621 
490 496 496 
9 9 9 9 53 53 53 
664 664 664 
21 459 459 459 459 626 
60 95 95 95 203 203 203 330 330 330 399 467 467 467 
103 103 103 208 208 208 282 282 282 282 342 342 
637 637 637 
699 
312 
619 
505 507 
274 418 418 418 418 475 475 475 739 739 
190 190 217 217 748 
635 635 635 635 708 708 
391 739 739 
70 70 70 244 387 387 525 
241 293 293 293 455 
735 
222 401 401 401 401 401 
5 55 55 55 163 163 484 529 529 529 
383 383 383 
765 
5 5 654 654 654 

186 186 186 186 342 342 667 
2 429 573 573 573 573 
72 548 548 548 548 739 739 
258 258 339 
317 
622 699 699 699 
388 388 388 
35 56 56 60 63 63 63 69 106 106 106 255 280 460 463 590 594 594 594 594 
111 203 203 230 453 520 520 520 578 578 578 720 720 
725 725 725 
13 13 67 67 304 304 304 354 362 409 710 710 
50 50 50 342 494 494 494 539 731 
278 278 556 556 
561 
5 5 5 144 144 213 213 213 252 353 506 506 506 506 719 719 719 719 
71 353 
294 
484 484 
4 556 720 
243 399 
320 428 
81 112 456 456 478 478 478 
5 47 47 418 418 560 
294 540 540 
16 16 16 504 504 504 764 
6 6 6 
254 254 667 667 

224 342 342 739 739 739 
208 
408 408 743 743 743 

275 275 275 275 694 694 694 694 
55 55 55 
343 
253 253 253 253 398 398 398 
90 388 388 739 739 
149 149 149 149 
292 292 292 292 292 678 678 678 756 
53 53 53 53 395 663 663 
667 667 
137 137 336 336 402 402 402 450 450 450 649 657 739 739 739 748 748 748 
247 247 

336 336 336 674 674 674 
5 5 5 122 122 122 122 
312 312 
332 666 666 666 
341 543 543 
16 16 416 416 601 602 602 664 664 664 
203 203 648 648 648 
524 532 696 717 717 
225 667 
741 
26 28 28 30 51 94 108 108 108 108 109 109 111 129 129 129 157 157 199 199 253 262 264 328 328 328 337 337 337 341 341 341 342 342 342 377 377 386 386 386 393 393 399 399 399 423 423 444 444 444 467 486 541 541 541 544 544 577 577 609 625 630 630 631 644 644 644 648 648 648 666 666 673 673 673 680 715 723 723 723 726 726 
542 542 542 
279 312 312 
81 81 599 599 661 
89 89 89 89 633 633 655 655 765 765 
4 130 130 130 178 247 247 512 
246 342 342 
5 531 531 
270 270 270 270 335 335 335 
94 253 253 712 
5 5 5 67 67 163 163 163 222 225 225 225 273 273 299 305 373 504 504 595 595 620 620 620 656 719 719 
16 16 16 741 741 
123 123 
118 
137 137 290 290 290 
262 
227 559 559 596 596 
756 756 756 756 
5 5 5 47 47 47 387 387 
143 213 359 359 359 719 
56 56 64 64 255 255 729 
117 117 177 295 295 295 342 438 438 438 683 683 683 758 758 
201 213 213 213 273 273 275 275 396 474 542 542 542 593 593 593 
428 428 540 675 675 
219 366 366 559 596 
83 555 555 555 555 555 
87 87 87 269 269 284 284 
157 570 570 
264 
22 67 
664 710 710 740 
373 699 699 699 
305 
241 241 241 241 274 274 274 
82 82 739 
389 389 
5 5 56 79 79 79 408 408 580 580 590 713 713 
655 
14 14 80 80 80 141 236 236 236 236 243 243 243 312 312 312 315 315 342 606 606 606 694 694 
12 503 503 713 713 
168 241 241 241 428 428 694 694 694 
140 463 463 

209 415 415 415 415 714 714 714 
4 191 191 208 208 341 
420 420 749 749 
65 637 637 

29 506 506 
10 163 604 604 604 604 705 705 
45 94 184 184 184 184 203 212 212 377 
175 175 282 282 282 489 639 639 667 667 
156 223 223 
679 679 679 
10 10 10 72 81 81 81 113 381 381 381 443 443 529 649 649 649 687 687 701 
16 152 152 739 739 739 
16 16 16 16 16 
67 364 
13 13 13 13 39 333 333 333 355 415 415 633 633 633 655 
203 218 563 603 648 

203 231 328 328 
10 10 10 12 12 12 688 688 739 739 
26 26 356 356 356 462 462 520 684 684 712 712 
119 119 119 120 120 120 120 366 
692 
229 229 372 372 548 
211 211 211 211 286 286 335 335 
47 47 535 535 
5 13 13 451 
70 70 213 213 225 225 334 659 
10 10 10 136 236 236 236 389 739 739 739 755 755 
181 181 181 181 225 225 593 593 
10 10 10 10 285 285 718 
346 346 346 346 632 
16 16 16 35 35 161 161 404 428 428 434 434 434 434 476 477 522 522 522 556 556 556 633 740 
205 312 423 
156 590 766 766 766 
509 633 633 
2 2 130 130 130 130 254 254 254 344 344 344 344 501 
95 95 399 
87 87 229 229 548 
10 10 276 276 
270 270 335 341 341 464 

354 354 639 667 
467 548 548 548 
30 217 217 217 374 

63 187 187 187 187 187 366 366 397 470 470 739 739 
141 141 141 455 455 
38 38 93 165 172 298 309 309 309 636 636 636 691 691 
224 224 224 731 
15 15 16 16 16 326 326 326 347 347 347 376 376 376 424 424 424 473 475 475 487 487 505 505 505 682 682 682 
35 73 73 73 73 73 
38 294 319 319 610 636 636 636 642 671 686 692 707 739 739 
74 74 213 363 
81 81 81 81 103 103 103 310 310 422 464 464 464 
28 356 356 356 356 715 715 723 
81 355 355 
652 652 
159 159 159 409 409 522 
213 235 354 354 
42 42 42 48 
5 47 47 70 70 560 560 560 604 716 736 736 
98 98 98 
294 294 294 418 418 511 511 511 511 691 691 
54 81 300 300 333 
385 568 568 579 579 579 
10 10 10 24 50 50 81 81 93 93 93 93 108 133 195 195 205 205 241 241 241 279 342 342 402 430 430 522 536 536 536 668 711 711 739 739 

575 
241 241 679 679 679 
43 343 343 761 761 761 
2 153 
360 527 527 
298 298 671 671 671 673 707 
169 508 508 654 654 654 654 654 
16 16 378 378 381 492 548 626 626 
603 603 
421 658 658 
549 549 549 549 

296 296 296 507 507 507 507 507 553 553 553 
611 611 676 699 741 
203 203 203 264 264 
708 708 
129 129 129 495 601 601 
428 430 
196 
16 16 261 261 261 310 364 547 547 573 626 626 626 633 633 633 633 658 713 713 713 
3 273 760 760 
211 211 211 270 270 286 513 
190 190 193 193 193 633 633 
203 203 203 342 342 415 415 415 456 
30 30 672 672 
152 534 733 733 
18 79 79 448 448 
4 4 69 197 203 203 203 247 286 286 464 544 683 683 684 706 706 720 726 752 
26 26 41 41 41 83 88 97 97 97 103 114 114 117 130 130 149 149 160 177 177 203 203 203 209 209 224 241 312 312 337 337 399 428 428 428 539 539 643 643 652 653 653 667 667 704 704 731 731 739 739 739 754 762 
81 81 81 183 316 316 585 761 761 761 
282 282 282 282 538 

277 277 277 277 630 630 630 630 
296 296 296 
5 40 40 40 118 
497 497 
80 80 622 622 622 
40 40 368 368 
20 36 36 36 395 472 
163 164 646 646 646 
25 25 56 67 67 123 123 123 123 123 159 288 288 305 305 469 527 527 710 
39 261 302 302 567 
28 28 266 266 266 301 301 301 301 362 712 

424 621 621 
222 222 222 461 461 719 719 719 
318 439 
380 
159 356 604 
299 406 406 498 530 
3 260 333 
59 
98 98 98 227 227 267 292 292 470 470 470 510 510 596 596 725 739 739 
5 719 719 719 742 742 
351 351 
554 648 
5 5 5 77 743 
382 382 382 658 690 
269 269 548 548 
213 234 595 
290 

12 16 296 296 296 417 
203 203 253 425 554 617 617 617 648 730 730 730 
16 16 321 321 506 744 
388 739 739 
91 91 361 
257 257 257 321 
122 371 371 371 565 565 565 565 565 632 739 739 739 
22 145 145 145 
728 
26 311 
203 203 203 
5 5 47 140 140 221 221 550 550 716 716 767 767 
155 155 155 185 185 379 480 480 696 696 739 739 
238 238 274 

139 574 739 739 748 748 748 
400 
51 203 203 625 625 
16 16 429 
5 5 36 36 36 66 66 66 66 66 188 352 412 412 663 682 
225 
67 67 67 292 550 
184 184 184 667 667 667 667 
95 95 95 129 168 203 203 203 283 342 487 681 681 681 
16 16 90 90 90 392 734 734 
143 143 143 143 143 
76 76 190 190 190 312 657 739 739 
715 
278 432 432 434 434 522 
5 5 533 533 635 
363 363 498 
16 16 16 16 601 601 647 
179 179 239 239 574 
13 159 304 304 575 575 
61 546 
5 5 112 112 112 112 112 
5 5 395 395 
558 558 632 739 
633 
246 246 246 246 261 261 337 337 337 
19 198 198 665 
376 
136 136 136 136 171 171 309 309 511 511 

248 248 633 633 633 708 708 
42 42 323 
81 81 81 300 571 607 607 607 
203 203 279 
119 296 296 296 358 473 479 621 621 
377 648 
498 
2 65 65 65 551 
26 26 114 169 226 226 243 243 278 278 331 342 342 342 478 478 508 508 675 754 
16 16 111 150 394 
312 312 331 499 499 711 711 711 
116 116 116 
35 35 404 404 740 740 
81 
278 278 278 278 404 404 
81 81 81 729 729 729 
35 81 
689 739 739 739 
224 224 224 758 758 
21 360 
482 662 662 733 733 
5 5 118 
16 16 626 626 747 747 747 
257 257 537 537 
108 203 203 203 631 631 643 
642 642 743 743 743 

94 94 94 
0 5 5 5 79 340 340 
733 733 
190 190 190 741 741 741 741 741 
5 5 5 272 
589 633 
157 520 
626 626 
141 293 293 
170 170 337 465 
583 583 

128 128 128 128 545 
156 488 488 
359 359 595 595 595 621 621 621 710 
26 266 266 
156 244 244 
286 300 300 300 341 599 679 679 679 
456 

129 129 129 203 289 
80 80 80 606 
123 354 
292 292 366 366 366 
646 
26 41 41 352 
16 16 16 78 78 296 424 479 726 
225 761 
136 136 136 296 296 565 565 663 
278 633 633 633 
278 692 
170 170 170 428 428 
43 43 43 43 424 473 
388 388 490 532 532 
23 23 23 501 501 
58 58 58 440 
706 706 706 752 
5 5 144 166 166 605 
16 21 21 68 724 724 
203 562 
296 296 399 
5 5 5 460 460 
254 639 639 639 
125 480 

321 
14 14 739 739 
160 160 160 719 719 719 
330 693 693 693 695 697 697 697 
125 125 536 536 536 
349 349 664 664 695 
363 406 426 
64 64 430 430 
83 579 
23 282 481 481 722 
667 667 667 
56 56 242 242 
5 110 173 173 173 213 213 595 595 656 
16 16 135 296 296 296 
5 163 163 163 163 251 251 378 567 
135 326 326 326 326 326 664 664 664 695 695 695 697 697 
320 320 428 428 566 566 566 
281 
366 366 725 751 
309 309 309 309 418 418 692 
208 
68 335 703 703 716 716 716 
725 725 725 725 
22 22 22 
32 615 638 711 
51 51 62 528 528 528 740 740 740 740 
64 64 117 
705 705 
157 157 157 266 453 605 605 
22 67 
278 278 278 304 312 404 
587 587 587 
200 696 696 717 
140 703 703 703 703 
662 733 
318 318 354 354 
517 517 517 669 671 
10 144 144 144 257 649 701 705 705 727 
363 576 737 737 763 
210 210 
200 480 480 632 717 717 739 739 
31 70 70 70 405 405 
37 37 339 
271 271 
312 312 312 496 496 496 
5 443 443 662 719 719 719 719 719 
344 547 701 
160 342 342 
26 172 172 226 541 541 
203 203 203 540 540 
204 204 204 225 225 225 593 738 738 738 
197 197 544 714 714 714 714 
107 107 203 203 341 543 
46 46 459 612 612 612 614 614 614 643 
410 
16 16 333 333 538 573 573 573 702 702 
16 16 151 151 151 151 269 284 289 289 289 321 372 372 739 
324 324 324 324 
7 7 18 18 387 387 397 741 760 760 
65 427 761 
60 60 60 
16 16 326 326 326 
369 377 617 617 617 617 
228 228 228 228 228 648 648 733 733 733 733 
29 35 161 161 167 278 278 278 741 741 741 
650 
413 413 632 
219 219 227 596 596 
171 307 307 307 
16 162 569 569 569 611 
486 599 611 611 611 661 
262 669 669 
49 49 49 49 49 
382 382 382 382 382 475 475 763 763 763 
508 508 508 
5 355 506 598 598 598 
311 311 
16 16 561 561 561 
26 230 230 659 659 659 659 664 676 676 676 676 
81 422 607 

150 150 150 150 333 547 547 547 644 
391 408 745 
88 314 409 409 
530 
58 203 203 603 
157 157 157 
311 311 311 500 
239 239 
121 698 698 
9 9 59 124 739 764 764 
52 457 457 739 739 739 
636 
43 343 640 640 761 761 
5 
523 523 523 
48 48 
92 452 
156 239 280 755 

108 681 681 
225 225 225 275 275 542 
156 156 156 156 
213 213 373 461 461 461 504 504 699 
219 219 227 366 366 559 559 

567 567 567 
10 81 81 206 206 464 562 661 
54 
16 16 16 85 85 198 330 330 407 407 647 660 695 695 695 730 747 
16 198 198 
262 322 322 577 
252 252 252 252 307 362 664 
73 484 520 520 709 
80 241 241 241 468 
422 422 422 571 

30 30 203 
298 686 701 701 
16 16 327 327 561 562 562 562 
21 545 545 545 
49 
21 25 25 25 545 545 545 708 
516 

377 377 377 554 554 554 554 648 
39 39 39 
134 
115 115 115 115 115 213 213 213 750 
124 358 358 424 424 461 461 461 
80 80 80 154 350 350 350 739 739 
5 5 

203 393 393 
16 16 16 21 21 21 128 321 321 333 333 333 442 442 454 454 
96 96 
62 62 62 
68 68 642 
203 203 346 346 346 346 
203 444 444 
277 382 413 532 558 
16 16 89 89 207 207 261 261 261 278 281 281 333 333 333 333 336 336 414 420 420 420 452 476 476 476 655 655 655 708 708 708 

1 1 5 138 138 138 138 405 700 700 700 700 759 759 759 
294 294 294 298 298 298 584 
131 131 131 249 249 
516 
254 254 288 489 489 489 667 667 
585 585 
705 705 705 
298 445 445 629 739 739 
342 342 444 545 667 732 
203 203 203 573 
35 35 35 741 
353 353 353 471 
407 601 
27 199 199 199 203 203 203 262 369 377 425 555 555 617 
190 257 257 257 529 701 701 701 
557 
654 716 716 716 716 
303 303 342 
342 342 
5 147 147 147 320 320 320 320 320 651 
36 207 207 240 261 633 633 633 
117 117 117 213 504 677 677 677 677 
190 402 
323 323 333 371 674 674 674 690 
273 570 570 570 570 
601 730 730 
206 562 599 
440 440 526 537 733 
188 188 395 475 680 680 680 680 
127 127 127 198 198 198 233 497 497 507 507 507 570 604 695 695 
19 19 416 
51 196 196 196 203 203 
75 75 96 149 175 175 189 189 201 254 254 288 342 342 398 398 398 398 502 502 502 639 639 643 739 739 739 762 762 
312 693 739 739 739 739 739 
528 563 563 
30 30 30 35 681 681 744 744 744 
298 319 319 319 528 
338 338 706 
203 203 203 319 
117 193 193 193 658 658 658 
226 226 428 
327 570 570 570 570 
117 117 656 656 656 656 750 750 
187 187 187 733 733 733 739 
94 256 256 256 315 315 315 464 464 464 
83 83 203 663 663 663 663 
30 30 399 399 399 592 592 670 670 
296 296 296 395 719 
117 117 224 224 224 341 341 
266 266 341 
748 748 
298 610 
257 257 692 737 737 737 739 
82 90 90 265 265 
80 80 437 739 
371 658 
294 294 309 309 
268 298 477 511 687 739 739 
105 495 495 495 668 
181 181 181 181 241 241 243 243 243 745 745 745 
495 497 507 507 507 601 601 601 664 664 
200 388 388 524 524 717 717 739 
495 495 495 507 507 
581 581 725 
57 57 132 154 154 154 234 234 234 327 595 
5 5 5 635 635 635 635 
113 113 257 529 538 610 610 649 649 649 758 758 758 
16 16 547 547 
513 513 525 525 525 525 716 716 
103 342 342 
10 252 252 519 519 529 529 641 641 641 
341 341 483 483 483 672 
298 319 
138 138 329 329 420 420 614 633 633 633 733 733 749 749 753 753 756 
16 16 605 
159 159 233 233 354 461 
312 312 430 430 430 516 
26 26 26 212 266 266 356 
16 16 16 16 16 239 239 242 242 333 333 333 
246 246 246 543 543 543 543 739 739 739 739 
203 301 301 403 
70 70 307 387 387 513 513 513 651 651 651 651 703 703 
200 200 524 532 532 696 696 
10 276 
5 5 163 163 163 163 213 213 222 359 359 359 367 367 367 494 494 494 537 537 537 537 537 682 742 742 742 742 
69 157 157 167 341 
105 105 727 727 
23 23 23 501 
70 70 70 70 108 108 203 203 203 301 
16 16 485 485 
158 158 158 366 510 514 514 514 514 698 
203 203 341 473 
529 721 721 
384 
45 45 45 45 81 81 223 435 435 435 
377 377 377 601 660 660 
160 295 342 342 
643 
43 339 339 440 440 449 449 526 555 555 555 555 662 678 678 678 708 708 749 753 753 753 756 
400 400 
142 
307 307 
530 530 687 687 687 739 739 739 763 763 
542 542 542 
5 5 5 10 10 10 14 16 16 16 24 80 80 80 90 108 108 108 136 136 139 139 151 151 177 177 177 185 185 190 190 190 237 258 258 258 265 265 274 274 274 292 292 298 298 312 312 342 342 342 366 366 379 379 382 382 382 388 388 391 391 402 402 413 437 437 437 493 493 532 532 548 582 583 583 583 622 622 642 642 667 667 667 668 668 668 668 668 678 687 689 692 692 696 714 714 714 714 737 737 737 745 748 748 751 751 
233 278 432 432 517 517 517 517 
7 16 16 18 18 34 34 34 35 35 73 73 202 214 214 327 450 450 450 450 450 550 556 556 556 645 
367 367 719 719 719 719 
179 179 179 370 445 445 445 
378 670 670 670 
574 694 694 694 739 

442 442 442 601 
14 14 14 14 137 190 190 190 391 391 391 685 685 739 739 
248 248 708 708 733 
620 677 677 
510 739 739 
341 483 
708 708 733 733 733 756 756 756 756 
342 428 
41 41 41 41 274 274 590 
187 220 220 220 220 708 733 753 753 753 753 

224 224 438 438 701 701 701 
5 635 635 635 
334 334 550 550 
316 316 316 343 343 343 474 551 585 585 
342 667 667 
530 565 565 565 737 737 
9 108 108 108 108 108 173 582 582 
27 27 27 146 207 207 
280 280 280 
5 5 47 387 387 
