nodes: 768 edges: 2364
448 
635 635 635 635 
117 117 150 150 150 282 282 317 
334 364 633 633 
167 208 208 341 357 357 
17 47 47 55 55 59 115 115 118 118 118 144 144 144 147 163 163 171 171 174 174 194 194 210 210 213 213 213 221 239 272 307 307 348 348 367 367 370 387 387 387 395 395 395 405 411 411 411 411 412 412 412 412 441 441 448 451 466 466 466 484 484 488 504 506 537 586 586 586 594 594 635 635 654 654 663 663 663 700 719 719 739 739 759 
174 174 174 
550 741 741 
599 599 
25 25 124 124 124 126 126 582 582 582 764 
81 81 121 252 252 252 257 257 257 265 265 265 274 274 276 276 276 276 285 285 285 312 312 529 529 705 705 718 739 

16 16 242 265 265 265 376 376 
159 159 261 261 261 272 272 272 409 409 
241 448 493 739 748 748 748 748 
296 296 
12 12 32 32 35 35 40 40 40 57 78 173 173 198 198 214 214 258 258 259 259 259 259 278 278 296 296 321 333 333 333 376 378 394 407 407 407 407 442 442 473 485 485 547 547 553 553 561 561 600 600 601 601 601 611 624 626 633 633 709 713 713 713 713 724 724 739 741 
5 77 77 77 77 
34 34 79 340 550 550 550 741 741 
416 416 665 
352 
128 485 485 485 612 612 612 626 626 626 
67 232 232 383 515 515 515 515 521 521 521 
218 218 481 501 501 722 722 722 722 
739 739 
9 9 354 614 614 
41 148 203 203 266 342 342 385 385 428 428 462 472 540 568 568 568 570 570 712 
30 765 765 765 
203 301 356 356 
556 
27 203 203 203 290 290 338 338 338 338 609 609 670 670 670 681 681 

16 16 516 516 

18 18 741 741 
16 16 66 73 73 278 278 297 297 432 556 645 645 670 741 
102 102 102 317 352 395 395 395 655 655 
43 87 
294 298 
261 261 355 415 618 
16 16 16 118 348 351 351 
26 342 472 755 755 755 
48 306 306 421 
37 110 316 316 316 316 479 479 479 479 733 
246 246 337 
253 
459 545 545 545 545 
5 5 171 171 221 221 221 221 271 307 307 307 387 387 560 560 767 767 767 
42 306 588 588 658 
564 564 564 601 613 746 
160 160 160 312 312 312 711 711 
203 203 393 517 517 517 666 
583 583 
126 126 188 
310 600 
5 5 75 75 75 75 144 144 144 182 375 375 392 392 
64 223 223 242 503 
16 258 569 569 699 699 699 699 699 
482 482 482 482 482 577 577 577 577 
5 365 365 582 
106 106 156 552 552 552 

517 628 628 
156 292 292 
56 106 156 156 255 255 499 499 518 518 518 518 
117 249 249 249 249 427 427 551 551 
35 83 395 395 395 
22 120 120 120 159 213 213 213 232 232 260 260 354 354 397 446 446 760 
108 108 485 629 629 629 739 
640 720 
140 140 140 273 307 307 307 716 716 723 723 723 
164 393 393 
151 
35 35 297 297 297 491 605 605 605 741 
84 299 
55 55 55 55 502 
100 402 402 
17 17 17 17 352 352 370 705 
16 473 473 473 
18 239 340 340 340 597 597 
241 468 468 622 689 689 739 
10 10 170 195 206 257 300 300 300 300 302 302 310 312 312 343 343 343 422 422 433 435 435 436 436 599 729 729 
237 237 237 237 688 
66 117 117 228 228 342 500 680 680 
74 
601 601 

37 229 314 
342 342 
207 207 
185 400 400 688 688 688 739 739 739 
361 380 569 569 

294 312 312 
203 212 253 253 253 447 447 447 447 679 679 
283 399 726 
627 627 667 667 
342 342 
308 308 366 366 516 516 
466 
76 704 704 704 

36 36 36 
130 130 130 300 300 342 342 704 704 
299 299 299 
693 721 
60 60 64 499 
544 
68 68 203 203 203 203 203 312 592 668 764 764 
203 203 
43 733 
157 157 203 203 429 429 429 
170 170 411 411 411 411 
257 257 701 701 
342 342 428 675 
5 5 620 635 
213 431 431 431 
2 2 65 83 83 192 192 224 224 224 342 342 628 656 656 656 674 674 674 677 
5 5 5 40 216 348 441 441 
120 120 267 267 424 
67 67 67 119 119 267 267 
10 
194 194 194 
215 215 354 354 537 
9 9 9 582 582 
458 490 496 
9 9 53 53 175 
664 664 
21 459 473 626 626 
203 203 203 266 330 330 330 399 399 467 467 467 467 467 672 672 
103 103 103 208 208 208 208 208 282 282 282 282 342 
637 
699 699 
312 
158 158 616 619 619 619 655 
507 
274 274 418 418 418 418 418 475 475 475 739 739 739 739 
190 217 217 217 217 746 748 
635 635 708 
739 
70 70 70 251 387 387 525 
241 241 241 293 293 455 590 

401 401 
5 5 5 55 55 55 163 163 372 484 484 529 529 
383 383 383 383 523 
765 765 
5 654 654 
26 
186 186 186 342 667 667 
2 2 2 214 214 573 573 573 
72 548 548 548 548 739 739 
258 258 258 
317 317 317 
350 350 350 622 699 699 699 699 699 
388 388 
60 63 64 64 460 590 594 594 594 
111 111 203 520 520 720 720 
134 134 616 616 725 
13 13 67 304 304 354 354 362 362 362 409 409 409 461 461 710 710 
50 50 50 342 494 494 
278 278 556 
561 561 561 
5 5 144 144 213 252 506 719 719 719 
71 393 393 
294 294 294 
484 
4 
243 
320 566 566 
81 112 112 342 401 456 456 456 456 478 729 
5 5 47 47 206 418 418 496 560 560 560 560 
294 294 367 540 
16 16 385 504 504 
5 5 6 6 6 
126 254 667 667 
504 595 
342 739 739 739 

408 408 743 
739 739 
210 275 275 694 694 
55 
343 
253 253 253 398 398 398 398 679 679 
90 388 388 739 
149 149 149 547 603 
292 455 678 678 756 756 756 
53 395 663 663 663 
621 667 
137 336 336 336 402 402 450 450 649 657 657 657 748 748 
247 
117 117 750 
336 658 674 674 
5 5 122 122 122 
81 312 
203 653 653 653 653 653 666 666 
341 543 543 
16 16 416 528 601 601 602 602 664 
203 648 648 648 
524 524 532 717 
225 667 
720 741 
26 26 28 30 30 30 51 51 94 108 108 108 108 108 109 109 111 111 129 129 129 157 196 199 253 253 290 290 301 301 322 337 337 337 341 341 342 374 374 377 377 386 386 399 399 423 423 444 444 467 486 540 540 540 541 541 541 541 544 544 609 625 630 631 644 644 644 644 648 666 666 666 666 673 680 715 715 723 723 723 726 726 
542 542 
312 
81 171 661 661 661 
89 89 633 765 765 765 765 
4 4 130 130 130 130 130 247 512 
246 342 342 342 714 
5 5 181 531 
270 270 270 335 
94 253 
5 5 5 67 67 67 116 163 222 225 273 273 305 305 446 498 504 593 595 620 635 646 646 656 719 719 728 728 
16 16 150 150 741 741 
123 123 
118 
137 137 137 137 290 290 
23 23 262 262 262 
227 227 227 559 559 559 596 596 
756 756 
5 47 47 47 47 
213 359 359 719 
56 56 239 255 729 
117 117 117 295 295 342 342 342 438 683 683 683 750 758 758 758 
201 213 273 275 275 275 396 396 396 474 474 474 474 542 593 593 593 
428 540 675 
219 219 219 559 596 596 
83 83 417 555 555 555 
87 269 269 269 

264 264 
22 22 67 67 
710 710 710 740 

305 
241 241 241 241 241 274 274 274 445 
82 82 82 82 
389 389 
5 79 223 408 580 580 590 590 594 594 594 713 713 757 757 757 
446 620 
14 80 141 141 141 236 236 236 236 236 243 243 243 312 312 315 315 342 455 455 455 468 606 694 694 694 745 745 745 
12 56 503 503 713 
168 241 241 241 428 428 508 694 694 694 
463 463 463 
564 601 601 
44 44 209 337 415 714 714 714 714 714 
191 208 341 
420 749 749 749 
65 65 65 65 467 637 637 637 637 685 
424 
140 506 506 
10 10 10 163 458 692 705 
45 94 94 94 184 184 184 203 203 212 377 
175 282 282 282 282 639 
64 64 223 
679 679 
10 10 10 81 113 113 381 443 443 443 529 529 687 687 687 
16 16 57 152 152 152 739 739 
16 16 16 16 
67 67 397 
13 13 13 39 39 333 333 333 415 415 415 633 633 655 655 655 
218 218 218 648 

231 231 328 328 328 
10 10 10 12 12 12 688 688 739 
26 129 462 462 462 525 609 712 712 712 
119 119 120 120 366 366 725 725 
692 
229 229 229 372 372 372 548 548 
211 211 211 286 286 286 335 335 
47 535 535 
5 13 13 13 
70 213 213 225 334 334 659 760 
10 10 136 136 236 236 236 389 739 739 739 755 
181 181 225 225 225 593 593 593 593 593 
10 10 10 10 285 285 718 718 718 
346 346 
16 16 35 35 161 161 287 321 404 428 428 434 476 476 477 477 477 556 556 633 740 740 
312 312 312 423 
590 590 766 766 
633 
2 2 130 130 130 130 254 254 254 254 344 344 344 344 
95 399 

10 10 10 276 276 
270 270 270 335 335 335 341 
278 432 432 432 432 
354 354 354 354 354 639 667 
467 548 548 
30 30 203 203 217 217 374 374 648 648 
716 721 
63 63 187 366 366 366 470 470 593 739 739 
141 141 455 455 455 
38 93 165 165 165 172 172 298 309 309 584 584 636 691 691 691 691 
224 224 731 731 
15 15 16 16 326 347 376 376 424 475 487 487 505 505 505 682 
35 35 73 73 73 
38 294 319 319 610 610 636 636 642 642 707 707 707 739 739 739 
74 104 104 104 498 498 
81 81 81 81 103 103 310 310 310 422 422 464 464 464 464 
28 203 203 356 356 356 715 723 
81 81 355 
652 652 
159 159 409 522 
213 213 235 354 354 354 354 
42 42 48 
5 5 47 47 47 70 70 70 604 604 716 716 736 736 
98 98 516 
294 294 418 418 418 511 511 511 511 691 
54 81 300 300 300 333 571 571 571 571 607 
385 568 568 568 579 579 
10 10 50 50 50 81 81 93 93 108 133 195 205 241 241 279 279 279 342 342 402 430 430 522 522 536 668 711 739 
420 
87 575 575 575 
241 241 679 679 
43 43 43 43 343 343 761 761 761 
2 36 153 153 153 734 734 
360 360 360 527 527 
298 298 671 671 
169 508 508 654 654 
16 278 378 378 378 378 548 626 626 626 626 
203 332 577 603 
421 658 
549 549 708 708 
733 
296 553 553 553 
611 611 676 741 741 
264 264 264 
708 708 708 
129 129 129 601 601 730 
428 
322 
16 16 16 261 261 261 310 364 364 547 547 573 626 626 633 633 633 633 658 713 713 713 
3 273 273 760 760 760 
211 270 270 286 286 286 513 
190 190 190 193 589 633 
44 203 203 203 246 342 415 415 415 415 415 456 456 456 
30 30 30 30 672 672 672 
534 
18 79 79 79 448 
4 197 203 203 247 286 464 464 464 483 544 683 683 683 683 706 706 720 
26 26 41 83 88 88 97 97 103 103 114 114 117 117 130 149 160 170 177 203 209 209 209 224 224 224 241 312 312 337 399 399 428 643 643 643 652 653 667 704 731 731 731 739 739 754 754 754 762 762 
81 81 81 183 316 316 433 433 761 761 761 
282 282 282 282 

277 277 630 630 630 
296 
5 5 40 118 441 
497 695 695 
154 154 154 622 622 
40 40 368 601 
20 36 77 77 395 395 472 472 
646 646 
25 67 67 123 123 159 159 288 288 288 288 288 305 305 305 305 469 710 710 710 
39 302 567 
28 28 301 301 301 712 
4 4 
424 424 424 621 621 
222 222 461 461 461 719 719 719 719 719 
318 318 318 439 
91 
159 159 159 604 604 604 604 604 
406 498 530 530 530 695 
3 333 333 
59 59 
98 98 267 267 292 292 292 470 470 510 596 596 596 622 725 739 739 739 
5 5 172 719 742 
351 
554 648 
5 77 
382 382 658 658 690 
144 269 269 269 548 548 
595 595 
203 203 290 290 
55 55 
12 12 16 296 296 682 
203 203 253 425 554 554 617 617 648 697 697 730 730 730 730 
16 321 321 321 321 744 744 
388 388 739 
91 569 569 
257 
371 371 565 565 565 565 632 632 739 739 
22 145 145 145 145 

26 26 173 311 579 
203 203 
5 5 5 47 47 140 140 550 550 716 767 767 
155 155 185 185 379 379 480 480 480 696 696 696 739 
238 238 274 
549 
574 739 739 748 748 748 748 
55 55 
51 71 71 164 164 625 
16 429 429 429 
5 5 5 36 36 36 66 66 66 188 352 352 412 412 412 663 682 682 
225 225 225 
67 260 550 
184 184 184 184 667 
95 129 129 203 203 283 342 342 487 681 681 726 
90 90 699 734 
143 143 170 
76 76 190 190 312 657 739 739 
715 758 
278 432 434 434 434 434 522 522 
5 533 533 635 
363 498 
16 16 16 16 500 601 
179 179 239 574 574 
13 13 159 159 159 304 575 
546 546 
5 5 5 5 112 112 112 112 455 
5 5 5 5 395 395 395 
558 558 558 632 739 739 
633 
39 246 261 261 261 337 337 337 337 337 
19 19 198 665 665 665 
228 
136 136 136 136 136 171 171 309 309 309 
693 
248 313 633 633 633 708 708 
42 323 
81 81 300 300 607 607 607 
203 203 279 
119 250 296 358 358 358 473 473 473 479 479 479 621 621 
377 648 
498 498 498 
65 65 551 551 551 
26 26 114 226 243 243 278 278 331 342 478 478 508 508 566 754 
111 111 111 394 394 394 553 
312 312 499 499 499 711 711 711 
116 116 116 
35 287 287 287 287 404 740 740 
81 343 343 
278 404 404 404 404 
81 81 729 729 
81 81 
739 739 739 
224 758 758 
360 458 
482 511 662 733 733 
5 5 118 118 348 
16 16 626 626 
257 257 257 537 537 537 537 
203 203 631 631 704 704 
236 642 642 642 743 743 743 
67 67 213 240 
94 94 94 94 
0 5 14 340 
733 733 753 
190 190 741 741 741 741 
5 537 
589 589 633 633 
720 
626 
141 187 241 241 241 293 293 293 411 626 
170 170 170 170 337 337 337 
583 
125 252 439 
46 128 612 
156 488 488 488 
159 159 359 359 359 595 621 621 621 710 710 
26 266 266 266 686 686 686 
244 244 244 
300 300 300 300 341 341 341 599 679 679 

5 5 5 99 
129 129 129 129 129 203 249 289 
80 80 241 606 
354 677 
292 292 366 366 
646 646 646 646 
26 41 352 352 
16 78 78 78 128 424 424 424 479 492 726 
225 225 225 225 761 
136 136 136 296 565 565 565 565 565 
278 278 633 633 
278 278 278 692 
170 428 428 
43 43 43 43 424 424 424 473 534 
388 388 388 532 
23 501 
58 58 58 58 58 440 
341 706 706 752 
5 5 144 144 166 605 
16 16 21 21 21 68 724 
203 562 562 562 
296 296 399 
5 460 460 460 
639 639 
125 496 
73 572 
473 
14 739 739 
160 160 719 
693 693 695 697 
125 171 490 536 
349 664 664 695 
213 299 299 363 406 426 426 426 
64 64 106 430 430 430 
83 407 
23 23 481 
75 667 667 
56 242 242 
5 173 173 176 213 595 595 656 
296 296 296 
5 163 251 251 
135 664 664 695 695 697 
243 320 320 428 428 566 566 

366 725 751 
309 309 309 309 440 557 557 557 692 
208 
335 703 703 716 716 716 
596 596 596 725 725 
22 22 22 22 
32 32 98 98 308 615 638 638 638 711 
51 51 51 62 599 599 599 740 740 740 
64 64 64 64 
705 705 705 
157 157 568 605 605 720 720 720 
22 22 22 
304 312 312 404 404 
145 587 587 587 
200 200 
140 266 703 703 703 716 
733 733 
318 318 
198 669 
10 10 144 144 257 257 649 649 701 701 727 
363 363 363 576 737 763 763 
210 
200 480 739 739 
405 405 
339 479 
271 271 
312 496 
5 123 443 443 443 443 451 662 719 719 719 
547 547 547 547 

26 172 203 203 203 226 541 
203 203 203 203 540 
204 204 225 593 593 738 738 
197 197 544 544 714 714 714 
107 203 203 341 543 543 
46 46 46 46 612 614 614 614 643 643 
410 410 643 643 
16 16 186 333 333 538 538 538 538 563 563 702 
151 151 151 151 269 269 289 289 321 372 372 739 739 739 
324 324 390 
7 18 18 18 387 387 397 741 
65 65 427 427 427 637 761 
60 60 60 
16 16 326 326 326 429 571 
369 377 377 617 617 617 710 
228 228 228 648 648 733 733 733 
29 35 161 278 278 741 741 741 741 
511 511 511 
413 413 413 632 
219 219 219 227 596 596 596 
47 47 171 171 171 171 
16 16 162 162 162 569 611 611 611 
486 486 486 599 599 611 611 611 611 
547 547 669 669 
49 49 49 245 
382 382 382 382 475 475 475 475 475 763 763 
169 169 428 508 508 
355 598 598 598 598 
26 26 26 311 311 311 520 
57 57 91 91 380 380 561 
26 26 659 659 659 676 676 676 
310 310 310 310 553 607 607 
491 
150 150 150 333 
391 408 408 745 745 745 
314 314 314 409 
530 
58 58 58 58 322 603 

311 311 385 722 
239 239 
698 698 698 698 698 725 
9 9 9 59 124 124 739 764 
52 52 457 667 739 
294 294 636 636 636 
640 640 761 761 
5 5 5 
523 523 523 658 
48 48 
336 452 452 
141 156 239 239 280 280 755 
601 
108 681 681 
213 225 225 225 275 275 275 275 275 292 542 542 738 
5 5 156 156 156 239 239 239 
176 213 373 373 461 504 504 
219 219 227 227 366 366 366 514 514 514 559 559 559 
79 79 
567 567 567 567 624 624 
8 8 81 464 517 517 517 562 562 661 661 661 
16 16 54 
16 16 16 49 85 85 198 198 245 245 330 330 351 407 591 647 660 695 695 695 747 747 
198 198 
186 322 577 
307 307 362 362 362 362 362 
73 73 73 484 520 520 
241 468 
310 422 422 422 571 571 
649 649 
30 30 203 266 
298 298 686 701 701 
16 327 327 561 561 561 562 562 562 562 
21 21 21 459 545 
49 
25 25 545 545 545 708 
516 
134 158 158 
377 377 554 554 554 648 648 
39 
134 134 134 694 
115 213 240 
189 358 358 424 424 461 461 461 
80 154 350 350 366 739 739 

16 598 598 
203 393 
16 21 21 21 128 128 321 321 321 321 333 333 442 442 454 455 
96 96 
62 62 117 
68 68 68 642 
203 346 346 346 
203 444 444 
382 382 413 558 
3 3 16 16 207 261 261 278 281 333 333 333 333 336 414 420 420 420 452 452 476 476 655 655 708 708 708 

1 1 1 1 5 5 115 138 138 213 405 700 700 
294 298 298 584 584 584 
131 249 249 249 249 551 
516 516 516 
254 288 489 489 667 667 667 
69 585 585 
705 
298 298 445 445 445 629 739 
342 342 342 545 545 546 546 667 667 667 
203 203 203 203 
35 35 741 
213 213 353 353 471 471 471 471 
601 730 
199 199 199 203 262 290 290 369 377 425 555 555 617 617 
190 529 529 608 608 701 701 

654 654 716 716 716 
303 303 342 
196 196 196 196 196 342 
5 5 147 147 320 320 651 651 
36 36 134 261 261 261 633 633 
117 117 117 213 504 677 677 
190 190 190 402 
48 193 323 333 371 371 587 674 674 674 690 
273 570 570 570 
601 730 730 730 
206 206 206 599 599 599 
440 537 
5 5 5 188 188 188 395 680 680 680 759 
127 127 198 497 497 507 507 695 695 
19 416 416 416 
51 196 196 203 203 203 203 
96 96 149 149 175 175 189 201 288 342 398 502 502 583 639 639 639 643 643 643 739 762 
108 312 723 739 739 739 
528 563 563 
30 30 30 35 681 681 744 744 744 744 
319 319 
129 129 338 338 338 
203 
117 117 117 193 193 658 658 658 
114 226 
327 570 570 570 
117 469 656 656 750 750 750 750 
187 187 733 733 733 739 
94 94 184 184 256 256 315 315 464 464 
83 83 203 663 663 663 
30 30 399 399 592 592 670 670 
296 376 395 395 
224 224 224 341 341 341 341 

249 
462 462 462 610 
257 257 257 737 737 739 739 739 
82 90 90 90 265 265 
80 80 739 
371 658 
294 294 294 294 309 
252 268 477 511 739 739 739 
105 419 495 495 695 
181 181 241 241 241 243 243 243 619 745 745 
349 349 363 495 497 507 507 601 601 601 664 664 693 
388 388 388 717 739 
377 377 495 507 
581 581 581 581 581 725 725 
57 57 57 57 57 132 132 154 154 154 154 154 400 
5 635 635 
113 113 529 529 610 610 649 649 
547 
513 513 525 525 525 716 
100 100 100 103 103 342 444 444 
10 10 77 252 519 519 519 641 
341 341 483 483 
298 298 298 
138 324 324 329 329 329 420 420 614 633 633 633 733 733 753 756 
16 
159 159 233 233 233 354 354 354 461 461 554 
50 50 312 430 430 430 516 
26 266 266 266 356 
16 16 16 16 239 239 242 333 333 333 
209 246 246 246 246 246 543 543 543 739 739 739 739 
203 203 301 403 
70 70 291 307 307 387 513 513 513 525 651 651 651 703 
200 696 
10 276 276 276 
5 5 163 163 163 213 213 222 359 359 359 359 359 367 494 537 537 537 742 742 742 742 742 
69 157 157 202 341 453 520 520 520 
105 291 727 727 727 727 
23 23 23 23 579 
70 70 70 203 203 203 301 668 
16 16 485 
158 267 267 366 510 514 514 581 698 698 
95 203 203 399 473 
529 721 721 721 721 
213 213 
81 81 170 223 435 435 
330 377 377 377 377 647 660 660 660 
295 295 342 342 342 

43 110 325 440 440 449 449 526 526 555 555 555 678 678 678 708 708 749 753 753 753 
317 317 400 

307 307 
530 687 687 763 763 763 
542 542 593 
5 5 10 14 16 24 24 68 80 90 90 90 136 136 136 136 139 151 151 177 177 177 180 180 185 258 258 265 274 274 274 292 292 298 298 298 312 342 342 366 366 366 379 382 382 388 391 391 402 402 413 413 437 437 437 493 493 532 532 548 548 548 582 583 622 622 642 667 668 668 668 678 687 687 687 689 692 692 692 696 714 714 714 714 745 745 748 
233 278 278 432 432 517 517 517 
7 7 16 18 18 34 34 35 73 202 214 214 327 327 450 450 450 450 550 556 556 556 556 645 
367 719 719 719 719 719 
179 445 445 445 
378 378 670 670 670 670 
241 241 241 574 574 574 694 694 739 739 
49 137 
601 601 
14 14 14 14 137 190 190 391 391 391 391 739 
248 248 248 733 
192 224 677 677 677 677 
510 
483 
449 708 733 733 733 756 756 
342 342 342 428 
41 41 41 274 590 
187 187 187 220 220 708 753 753 
239 239 239 
224 224 224 403 438 438 
5 663 
67 273 334 334 334 
316 316 316 343 343 343 474 551 585 585 
342 342 667 
530 530 565 565 737 737 737 
9 108 108 582 
27 27 27 146 146 207 207 207 207 
280 280 
47 47 47 387 387 
