nodes: 768 edges: 2374
217 
635 
117 117 117 150 150 150 282 317 
334 633 
167 208 208 247 263 341 357 
47 47 47 79 115 118 118 118 144 144 144 147 147 163 171 171 171 210 210 213 213 221 239 272 307 348 367 367 367 370 370 387 387 395 395 395 411 411 411 412 412 441 441 448 451 484 484 488 488 504 504 504 506 537 567 567 567 586 586 623 635 654 654 663 663 663 700 719 739 739 759 759 767 
174 174 174 174 
550 550 741 741 741 741 741 
99 343 343 599 599 
25 25 25 126 126 582 764 
81 81 121 121 252 252 257 257 265 265 274 274 274 276 276 285 285 285 312 312 389 529 529 529 599 705 705 705 

16 16 16 265 265 265 376 376 
159 159 159 261 261 261 272 
241 241 493 739 739 748 748 748 
296 
12 12 12 32 32 32 32 35 35 35 40 40 40 40 40 78 78 78 173 214 258 258 259 259 259 259 278 278 278 296 296 296 321 333 333 333 376 376 378 378 394 400 407 407 407 407 429 473 505 505 553 553 553 600 624 624 626 626 633 702 702 702 709 713 713 713 713 739 739 741 741 
77 466 466 
34 34 34 79 550 550 550 741 741 
416 665 
352 352 
128 128 439 439 485 485 612 612 612 626 
232 383 515 515 515 521 521 521 
218 501 501 501 584 722 722 
312 312 312 739 
9 9 9 107 354 354 354 
41 203 203 203 266 266 342 342 342 428 428 462 462 472 540 540 570 570 712 712 712 
648 765 
203 301 356 356 356 
556 556 556 
203 203 203 290 338 338 609 670 670 670 681 681 
533 533 
16 16 16 16 516 516 516 
261 
18 18 18 741 741 
16 16 16 66 73 73 156 278 278 278 297 432 436 556 645 645 645 670 741 741 741 
102 102 102 352 395 655 655 655 
43 43 43 43 87 87 87 110 
294 298 
261 355 415 618 
16 16 16 16 16 118 216 216 348 348 348 348 351 351 351 
26 342 472 472 472 755 
48 306 306 306 421 
37 37 37 37 110 316 316 479 
246 246 246 337 337 
253 253 729 729 729 729 
545 545 
5 5 5 171 221 221 271 307 307 387 387 387 387 560 560 767 
42 306 588 588 588 
564 564 601 746 
160 160 160 312 312 711 711 
393 393 517 666 
583 
126 188 188 188 
600 600 600 
75 75 75 144 182 182 182 182 182 375 392 
64 156 156 223 223 223 223 223 242 242 376 
162 569 569 699 699 
203 482 482 482 482 577 577 
365 365 
106 106 129 156 552 552 552 552 
410 
517 599 628 628 628 
156 156 156 292 292 
56 106 106 106 156 156 223 255 499 499 499 518 518 518 518 
249 249 249 427 427 427 551 551 
35 395 
159 213 213 232 232 260 397 446 
108 108 629 629 629 739 
156 156 156 720 720 
140 140 273 273 301 307 307 307 533 533 533 533 723 723 
164 393 
257 257 257 
35 35 297 297 297 605 605 605 741 
84 84 299 299 
55 55 55 
100 100 402 402 
17 352 352 
16 16 16 255 473 473 
5 18 239 340 448 451 597 
350 350 468 468 606 689 689 689 689 739 739 739 
10 10 170 170 170 195 195 195 206 206 206 257 257 257 300 300 302 302 302 302 310 312 422 433 433 435 435 436 443 443 599 599 729 729 
237 237 237 688 
117 117 117 228 228 342 342 342 680 680 
74 74 
601 601 

37 37 37 229 229 284 284 284 314 
342 575 
207 207 
400 400 400 400 688 688 688 688 688 739 
361 380 380 380 380 569 569 
414 589 
279 312 312 312 312 345 
203 212 447 679 679 679 
129 129 129 283 283 283 399 399 726 
627 627 667 
342 
308 516 516 
8 
76 76 704 704 

36 36 36 703 
130 300 300 300 342 342 704 704 704 
193 299 
529 529 529 
60 60 64 64 64 499 
25 544 544 
68 68 203 203 203 312 312 312 668 723 723 739 739 764 764 
203 203 
37 43 
203 429 429 429 429 
170 170 411 
257 257 701 
342 342 342 428 428 675 675 
5 620 620 635 
431 
2 2 2 83 83 83 224 342 342 342 628 628 656 656 656 656 674 674 674 674 683 683 
5 5 5 40 216 348 348 441 441 441 
120 120 120 120 267 267 267 267 
119 119 119 119 267 267 267 267 267 
10 10 
194 194 382 
215 215 354 354 469 469 469 
582 621 
458 490 490 496 
9 9 53 175 
664 664 664 
21 21 459 459 459 473 626 
60 95 95 95 203 330 330 399 399 399 467 
103 282 
637 637 637 
261 633 699 699 699 
312 
619 619 619 619 
326 505 505 507 507 507 
274 274 418 418 418 418 475 739 739 739 739 
190 217 217 
635 635 635 708 708 
739 739 
70 70 244 244 251 387 387 525 
293 293 293 
202 
222 401 401 401 401 401 
5 5 5 55 163 163 372 484 529 529 
383 383 523 
207 207 765 765 
5 5 

186 186 342 342 667 
2 2 2 214 214 573 573 573 573 
739 
258 258 258 346 452 
317 317 
350 350 350 350 622 699 699 

35 56 56 60 63 63 63 64 64 69 69 69 255 280 460 590 590 590 594 594 594 766 766 766 
197 203 230 453 520 720 720 
616 616 725 725 
13 13 13 67 304 304 362 362 362 409 409 409 461 461 710 
50 50 50 487 494 494 539 
278 278 556 
57 561 561 
5 144 144 213 506 506 719 719 
71 393 
294 
484 484 
4 247 341 556 
243 
428 
81 81 81 112 112 456 456 456 456 478 478 729 729 729 
5 5 5 47 206 418 418 418 418 496 496 560 560 560 
286 345 367 540 540 
16 504 764 
6 6 6 6 
126 739 
504 595 
224 342 342 739 
208 208 208 
408 408 743 743 743 
739 739 
210 210 210 694 694 694 694 
55 55 55 55 55 
343 
253 253 253 398 398 398 398 
388 388 
149 149 603 
292 292 292 292 678 678 678 678 
53 53 53 
667 667 
137 336 336 402 402 402 450 450 657 657 739 739 748 
247 247 
750 750 750 
104 336 674 674 674 
122 122 210 210 
81 81 81 312 312 
203 332 653 653 
157 341 543 543 
416 416 528 601 602 602 664 
203 648 648 648 
524 524 696 717 
667 667 667 
142 741 
26 26 26 28 30 30 30 58 94 108 108 108 109 109 111 129 157 196 199 218 253 253 262 262 262 264 264 301 337 341 341 342 342 374 377 377 386 386 386 399 423 444 467 486 540 540 540 541 541 541 541 544 609 625 631 644 644 644 644 648 648 648 666 673 680 680 680 680 680 715 715 715 723 723 723 726 
542 542 
279 312 
81 81 81 171 599 599 661 661 661 
89 89 146 146 633 633 655 655 765 
4 4 178 178 178 247 357 

5 5 181 181 181 194 194 531 531 531 
270 270 270 270 335 335 
94 253 253 253 712 
5 5 67 67 163 222 222 222 273 299 305 305 373 373 471 504 504 504 595 595 620 635 719 719 
16 150 150 741 741 
123 123 
40 40 118 
0 137 137 290 290 290 
23 203 262 262 341 
227 227 559 559 559 559 596 
756 756 756 756 
5 47 47 387 
143 213 213 213 359 359 359 359 719 719 
56 56 56 56 56 64 255 255 
117 177 295 342 438 438 683 683 683 750 750 
275 275 396 396 474 474 542 542 542 593 593 593 
428 428 428 540 675 675 
219 219 559 596 596 596 596 596 
83 83 555 555 555 555 
87 87 269 284 
157 570 
264 
22 67 67 383 
740 
699 699 699 
305 
241 241 274 274 274 
82 82 82 739 
389 389 389 389 
5 79 580 594 594 594 713 757 757 
363 
14 14 236 236 243 243 312 312 315 315 342 455 455 468 468 606 606 694 694 694 694 745 745 
56 56 503 503 713 
168 241 241 428 508 508 508 694 694 694 
140 140 463 463 463 463 
564 601 601 
44 44 44 415 415 714 714 714 
4 167 191 191 208 341 
420 708 708 749 749 749 749 749 
65 65 65 485 551 637 637 
424 
140 506 
10 10 604 604 604 692 
45 45 184 184 184 203 203 212 212 212 377 377 
282 282 282 282 489 
64 78 156 223 223 
679 679 679 679 679 
10 10 72 72 72 81 81 81 113 113 381 381 381 443 529 649 687 687 687 687 687 
16 16 152 152 152 739 739 
16 16 16 16 
67 364 397 397 
13 13 13 33 39 132 333 333 355 415 415 633 633 633 655 655 
203 203 203 218 218 563 648 648 
4 
203 203 231 328 328 328 
10 10 12 12 12 688 739 739 
26 26 356 356 462 462 462 520 525 684 684 712 712 712 
119 119 119 119 120 120 120 120 120 

229 372 548 548 
211 211 211 211 286 335 335 335 
47 535 
5 13 451 
70 70 213 334 659 659 659 760 
10 10 10 136 136 236 236 236 389 389 739 739 739 755 
225 225 593 
10 10 285 285 285 718 718 
346 632 632 
16 16 16 35 35 35 161 161 287 287 321 428 428 428 432 434 434 434 476 476 477 477 522 522 556 556 556 556 556 633 740 
93 205 312 312 312 423 
156 766 766 766 
509 
2 130 254 254 254 254 344 344 501 
95 95 95 
87 87 87 229 
10 10 10 276 276 276 
172 270 335 341 341 464 
278 278 432 432 432 
354 639 639 639 639 639 
548 548 
30 217 217 217 374 374 374 374 648 
716 721 
63 63 187 187 187 187 366 366 470 470 739 739 
141 141 141 455 455 
38 165 309 584 584 584 636 691 691 
224 731 731 731 
15 16 16 16 326 326 347 347 347 347 347 376 473 473 473 475 475 487 505 682 682 682 682 
35 73 73 73 
38 610 636 692 707 707 707 739 739 739 
74 74 104 213 363 498 498 
81 81 103 103 103 310 310 310 310 464 464 
28 70 203 356 356 356 715 715 723 723 
81 81 81 81 355 355 355 
652 652 
159 159 409 409 522 
213 213 235 354 354 354 
42 42 42 48 323 323 
5 47 47 70 70 70 560 560 560 716 736 
98 
294 418 418 418 511 511 511 691 
81 300 300 300 300 571 571 571 571 607 607 
385 568 568 568 579 579 
10 10 24 24 24 50 50 81 93 93 93 93 108 108 108 133 195 195 205 241 241 279 279 279 342 342 342 402 402 430 430 430 430 522 522 522 536 536 668 711 739 739 739 
420 
87 409 575 575 575 575 575 
241 241 679 679 
43 43 343 343 761 761 761 
2 153 153 734 734 
527 527 527 
671 671 673 707 
654 654 
16 278 378 378 378 492 548 626 626 
577 577 603 603 603 
306 306 421 658 
549 549 549 549 708 756 

135 296 296 507 507 
611 611 611 699 699 741 
264 264 264 
708 708 
129 129 495 601 
428 430 
196 
16 16 16 261 261 547 547 573 573 573 626 626 633 633 633 658 658 713 713 713 
3 273 760 760 760 
211 211 270 270 270 286 513 513 513 
190 190 193 633 633 633 
44 44 203 342 415 415 415 456 456 456 
30 30 672 672 672 672 
733 
79 448 448 
4 167 197 203 203 218 247 286 286 464 544 544 544 578 578 683 683 684 720 720 752 
26 26 26 41 83 83 83 88 97 103 103 114 114 114 117 117 117 149 149 177 177 203 203 224 241 312 312 312 337 399 399 428 428 539 539 643 652 667 667 667 731 739 739 762 
8 8 183 316 316 433 585 585 761 
282 282 538 
93 172 691 
152 277 630 630 630 
296 296 296 296 296 
5 40 40 40 40 118 118 441 441 
497 695 695 
80 80 154 154 154 154 622 622 622 758 
40 40 40 368 368 368 
20 20 36 77 77 395 472 472 

25 25 25 123 123 288 305 305 305 360 469 469 469 527 710 
39 261 302 302 302 
28 28 28 266 266 301 301 301 712 
4 208 
424 621 621 
222 222 222 222 461 719 719 719 719 719 
354 
91 380 638 
159 159 159 604 604 
240 299 406 498 498 530 530 576 
260 
59 59 
292 292 470 470 739 739 739 
5 5 5 172 719 719 742 742 
351 351 351 
648 
5 5 
382 382 382 382 382 658 658 690 690 
144 269 
213 213 595 595 595 
203 290 290 290 290 
55 
12 12 16 16 56 296 
203 203 253 253 425 425 554 554 617 617 648 648 697 730 730 730 
16 16 321 321 321 506 744 744 744 
388 388 388 739 739 
91 91 91 91 361 569 
257 257 257 
122 371 371 371 371 371 565 565 565 565 565 739 739 739 
22 145 145 232 
728 728 
311 579 579 579 
203 203 203 
5 5 47 47 47 47 140 140 221 550 716 716 767 767 767 767 
185 185 379 379 379 480 480 480 696 696 739 
10 238 238 238 238 274 274 
601 
739 739 748 748 748 
55 
51 51 71 164 625 634 
16 429 429 
5 5 5 36 66 352 412 412 484 682 682 
225 225 
67 260 260 
184 184 184 184 580 667 
95 95 129 129 129 203 342 342 487 681 681 
16 90 90 90 90 699 734 734 
143 143 143 143 143 
76 76 190 190 190 312 312 739 
715 758 758 
432 432 434 434 522 522 
533 533 533 635 
363 498 498 
16 16 16 16 
179 179 574 574 
159 159 159 304 304 314 575 
61 546 546 
5 5 5 112 455 455 
5 5 395 395 
558 632 739 739 
92 
39 246 246 261 261 337 337 337 
19 198 198 665 665 665 665 665 
635 
136 136 136 136 171 171 171 171 309 309 309 
693 693 
248 313 708 708 
42 323 549 
81 571 571 571 607 607 
203 279 585 
250 358 473 473 621 621 621 
377 377 648 
498 498 
65 65 65 551 551 551 551 
26 26 114 114 169 226 226 226 243 278 278 278 331 342 342 478 478 566 675 754 
16 111 111 111 111 394 394 
312 312 312 312 331 711 711 
116 
35 278 287 287 287 404 404 740 740 
81 81 343 
278 278 278 404 404 
81 81 729 729 
35 81 
739 739 
224 224 758 758 
21 21 
511 662 662 733 
5 5 118 118 118 348 348 
747 747 747 
81 81 257 537 537 537 
203 631 631 631 643 704 704 
642 642 642 
67 
94 
5 79 340 340 
526 733 753 753 753 
190 190 741 741 741 
5 79 272 537 
152 589 589 589 
157 520 
626 
241 241 293 293 411 411 
170 170 170 170 337 337 337 465 
583 
125 
128 128 128 
156 488 488 
159 159 359 595 595 595 621 710 
26 26 266 266 266 686 686 686 
244 244 244 244 
286 300 300 341 599 679 
456 
17 17 
129 203 
80 80 241 241 606 
123 123 123 354 354 354 677 
292 292 366 366 
213 646 646 
26 41 41 41 352 352 
16 78 78 128 296 296 296 424 424 492 726 
225 225 761 
136 296 296 565 565 565 565 663 
278 278 633 
278 278 692 
170 170 428 428 
43 
388 388 388 490 532 
501 
58 58 58 58 
706 706 752 
5 5 144 166 166 395 605 605 
21 21 249 724 
203 562 562 562 
160 296 399 
5 5 460 460 
254 
125 125 480 496 
572 
321 473 
14 739 739 
160 160 719 
330 697 
125 171 171 490 536 536 536 
349 664 664 695 695 
299 299 363 363 406 406 426 426 763 
64 64 64 106 

23 23 23 282 481 722 
667 
242 242 
5 5 5 173 176 213 213 213 595 595 595 656 
16 16 135 135 296 
5 163 163 251 378 
135 135 135 326 326 664 664 664 695 697 697 
243 243 243 566 566 
281 
725 725 751 
309 309 309 440 557 

335 335 335 703 703 
596 725 725 725 
22 22 22 
32 32 32 98 98 615 615 615 638 711 711 
51 62 528 528 528 740 740 740 740 
64 64 64 64 
705 705 
157 266 453 605 605 720 720 
22 22 22 
278 278 304 312 312 312 404 404 
145 587 587 587 
200 200 
140 266 703 716 
449 662 733 733 733 
318 318 318 354 
198 517 517 517 669 669 
10 10 10 105 105 105 144 144 257 649 701 705 727 
363 363 576 576 737 763 763 
210 210 210 
480 717 739 739 739 
31 31 70 70 70 70 405 405 405 

271 
312 312 496 496 496 
5 443 443 443 451 662 719 719 719 719 
344 547 547 547 547 563 
160 342 342 
26 26 172 172 203 203 203 226 541 541 680 
203 203 203 203 540 540 
204 204 225 225 225 593 738 738 
197 197 544 544 544 714 714 714 
107 107 203 341 341 341 543 543 543 
46 46 612 612 614 643 
410 410 643 643 
333 333 538 538 538 538 563 563 573 702 702 702 
269 269 289 289 321 739 739 
324 324 324 324 421 
7 7 18 18 18 387 707 741 741 741 760 760 760 
65 65 249 427 427 427 427 
60 60 60 60 
16 16 16 
377 377 617 617 697 
228 228 228 228 648 733 733 
29 29 29 35 161 167 278 278 278 278 278 741 741 741 
511 650 650 
413 632 632 
219 219 219 219 227 596 596 
47 47 171 171 171 307 307 307 
162 162 569 611 611 
486 486 486 599 611 611 611 661 661 
262 538 547 547 669 
49 49 245 
382 382 382 382 382 475 475 475 475 763 
428 508 508 
5 5 5 598 598 598 
311 311 311 
57 57 91 91 380 561 
26 26 230 659 659 659 676 676 676 676 676 
310 310 310 310 422 422 422 607 607 607 
491 678 
150 150 150 150 333 333 333 547 644 
408 408 745 
88 314 314 314 314 314 409 
363 530 530 
58 58 322 322 603 603 603 
341 341 
311 311 385 385 385 
239 398 757 
698 698 698 725 725 
9 124 739 739 739 764 
52 457 667 667 739 
23 294 294 294 636 636 
343 343 423 640 640 640 640 761 761 761 
5 5 
523 523 523 
48 48 48 
92 452 452 452 
156 156 156 
601 
681 
225 225 225 275 542 738 
156 156 156 239 239 239 
176 213 213 373 373 373 461 461 461 504 504 504 699 699 
219 227 227 227 227 227 514 559 559 
79 
567 567 567 624 624 624 
8 8 10 62 81 81 206 206 464 562 661 661 
16 54 54 54 
49 85 85 198 245 245 330 390 591 647 647 660 660 695 695 747 747 
198 198 
186 322 322 322 577 577 577 
252 252 252 362 362 
73 73 73 484 484 520 520 
80 241 241 468 
310 310 422 422 571 571 571 
649 
30 203 
298 686 701 701 701 
327 327 327 561 561 562 562 562 
21 21 21 545 545 

545 
516 516 516 
158 158 
377 377 554 554 648 
39 
134 134 134 134 
115 115 213 
124 358 358 424 424 424 461 
154 350 350 350 739 739 739 
5 
16 16 598 598 598 
203 393 
16 16 21 128 321 321 333 333 454 
96 96 
62 62 62 117 117 
68 68 68 
346 346 346 
203 444 444 444 
277 277 413 558 558 
3 16 132 207 207 261 261 261 278 333 333 333 336 336 336 476 655 708 
393 
1 5 115 138 138 138 213 405 417 700 700 700 759 
294 298 584 584 
131 131 131 249 249 
361 516 
288 288 288 288 288 645 667 
585 585 585 585 

445 445 445 739 739 
342 444 545 546 546 667 667 732 732 
203 203 203 203 573 
35 35 35 639 741 
471 471 
601 601 730 730 730 
27 199 199 199 203 203 203 262 262 290 369 377 377 425 555 617 
257 529 608 701 701 701 
557 557 
716 716 716 
303 303 342 
196 196 
5 5 320 320 
36 36 36 207 207 261 261 633 
117 117 117 117 504 
190 190 
323 333 333 371 371 674 674 674 690 
273 273 273 570 570 570 
601 601 730 730 
206 206 206 562 562 599 599 
440 440 526 537 
5 5 5 475 680 680 680 680 680 
127 127 127 198 497 497 507 507 507 695 
19 416 416 416 416 416 
51 203 
96 149 189 189 201 201 201 342 342 342 398 502 583 583 639 643 643 739 739 
108 312 723 739 739 739 
528 528 563 
30 30 30 35 681 681 681 681 744 744 744 744 
319 319 
338 338 338 338 
203 319 
117 117 117 117 193 193 193 658 658 658 
114 114 226 226 428 
570 570 570 570 570 
469 750 750 750 750 750 
187 187 187 187 572 739 
94 94 94 256 256 256 256 256 315 315 464 
83 83 203 203 203 203 203 540 663 663 663 663 663 
30 30 399 399 592 670 670 670 670 
296 296 296 296 395 395 719 
117 117 224 224 224 341 341 
266 266 341 
748 
462 462 462 610 
257 257 257 257 257 692 737 737 739 739 739 
82 90 90 90 90 90 265 
80 80 80 80 739 739 
371 371 658 
294 294 309 345 
252 298 477 687 739 
419 419 
181 181 181 181 241 241 241 241 243 243 243 745 745 745 
349 349 497 497 507 601 601 664 
200 388 388 717 717 717 739 
377 495 507 507 554 
581 581 581 725 
57 57 132 132 132 154 154 234 234 234 327 327 400 595 595 
5 635 635 635 
113 529 610 610 610 649 649 649 758 758 758 
16 16 16 547 547 547 
102 513 513 525 
100 100 103 103 103 444 444 
10 10 10 519 519 529 
483 483 
298 298 298 319 550 
138 138 248 248 324 329 329 420 420 633 733 733 749 753 753 756 756 
16 
159 354 461 
50 50 312 430 430 516 516 
26 26 26 212 266 266 266 356 
16 16 16 16 239 242 333 333 333 
246 246 246 543 543 543 739 739 739 739 739 
203 203 203 301 301 403 
291 307 387 387 525 651 651 651 
200 532 696 696 696 
276 276 
5 163 163 213 213 222 222 359 359 359 359 359 367 367 494 537 537 537 537 682 742 742 742 742 
69 69 157 157 341 341 520 520 
291 727 727 727 727 727 
23 23 501 
70 70 108 108 203 203 203 301 301 668 
485 
158 158 510 510 514 514 514 581 581 698 
95 203 473 
529 721 721 721 721 721 
384 384 
45 45 45 45 81 81 170 170 170 435 435 
377 377 377 647 647 647 660 660 
295 295 295 342 
643 643 
339 440 449 526 526 526 555 555 708 708 749 749 753 756 
317 317 400 400 

307 
530 687 687 739 763 
542 542 593 
5 5 14 14 16 16 24 68 80 80 80 90 108 108 136 136 136 136 139 139 151 175 177 180 180 190 190 237 258 258 265 265 274 274 274 292 292 298 298 298 312 312 312 342 342 366 366 366 379 379 382 382 382 388 391 391 402 413 413 437 437 493 493 532 532 532 548 548 582 582 582 583 622 622 622 642 642 667 667 668 668 668 678 687 687 687 689 689 692 696 714 714 714 714 714 737 745 745 745 748 748 751 751 
233 278 432 432 517 517 517 517 
7 7 7 7 7 16 16 18 18 34 34 35 35 35 73 202 214 214 327 450 450 450 550 550 550 556 556 556 645 
367 367 719 719 719 719 
179 179 179 
378 378 378 670 670 670 670 
241 241 574 694 694 694 739 739 739 
49 
442 442 442 601 601 
14 14 14 190 391 391 391 685 739 739 
248 248 248 248 248 708 733 733 
192 192 192 224 224 677 677 677 677 677 
510 739 739 
341 483 
449 449 449 708 708 733 756 756 756 
428 
41 274 
220 220 220 220 324 708 708 733 753 753 753 
239 239 580 
350 403 403 438 438 701 701 701 
5 5 635 
273 334 334 334 550 550 550 
316 316 316 343 474 585 585 585 
342 
498 530 530 565 737 
9 108 108 173 582 
27 146 146 207 
156 156 156 280 280 280 
5 47 387 387 387 387 
