nodes: 768 edges: 2355

635 
65 65 65 117 150 150 150 282 282 

208 208 247 247 341 341 341 357 357 357 
17 47 55 59 59 115 115 118 144 144 147 163 163 163 171 174 174 194 194 210 210 213 213 221 221 239 239 272 272 307 307 344 348 367 367 387 387 387 395 395 405 405 405 405 411 411 411 412 412 412 441 441 441 441 448 451 451 466 466 466 484 484 484 488 504 506 506 567 586 586 594 635 635 635 654 654 663 663 663 700 719 719 739 739 767 767 
174 174 
550 550 741 741 
343 
25 25 25 25 124 126 126 126 582 582 764 764 
81 81 121 121 252 252 257 257 265 265 274 274 276 276 276 285 285 312 389 529 529 599 599 599 705 739 
359 496 
16 16 242 265 265 265 
159 159 159 261 261 261 261 272 272 272 409 409 
241 241 241 493 493 739 748 748 748 
296 296 
12 12 32 32 32 32 35 57 57 78 78 173 198 198 198 214 258 258 259 259 259 278 278 278 296 296 321 321 333 333 376 376 394 407 407 442 442 442 473 473 485 485 485 505 505 547 547 548 548 553 553 569 600 601 601 602 611 624 624 626 626 626 633 633 633 702 702 713 713 713 713 713 739 739 741 741 
5 77 466 
79 340 550 550 
416 416 665 
352 352 
128 485 485 612 612 612 626 
232 232 383 515 515 515 515 515 521 521 
218 218 481 501 501 501 722 722 722 722 
312 312 739 739 739 
9 9 9 9 107 354 354 
41 148 148 203 342 342 385 385 428 462 472 472 472 472 540 568 570 
765 765 765 
203 301 356 356 
35 556 556 
203 203 203 290 290 290 338 609 670 670 
533 533 533 
16 16 16 16 516 


16 29 73 73 156 278 278 278 432 432 432 556 645 645 670 670 741 741 
102 317 395 655 655 
43 43 43 87 87 110 110 534 534 
294 294 
261 355 618 618 
101 118 118 118 118 216 216 348 351 351 351 
26 342 342 472 472 472 472 472 755 755 755 755 
48 48 306 306 421 
37 37 37 110 110 110 316 316 316 316 479 479 479 585 585 733 761 
246 246 
253 729 729 729 
459 545 545 545 
5 171 221 221 221 221 271 307 307 307 387 387 387 387 560 560 767 
42 42 306 588 588 
564 564 564 601 613 
160 160 160 312 312 312 711 711 
393 393 393 517 666 666 
583 
188 188 188 188 
600 
5 75 144 144 375 392 
64 64 64 156 223 223 223 239 242 242 354 376 503 503 503 
16 16 258 569 569 699 699 699 
482 482 482 482 577 577 577 577 577 
5 5 365 
106 106 106 156 552 552 552 552 

628 628 628 
156 292 292 
56 56 56 106 106 156 223 223 255 255 518 518 518 
2 2 2 117 249 249 551 
395 395 395 402 
120 159 213 213 213 260 260 354 354 354 397 397 397 446 446 
108 513 629 629 739 
156 156 156 341 720 720 
140 140 140 140 273 273 273 273 301 307 307 307 716 723 723 723 723 
164 
257 257 257 
35 35 297 297 297 605 741 
84 84 299 
55 667 667 
100 402 402 402 
17 352 
16 16 255 473 473 
18 239 340 448 448 451 597 597 
241 241 350 350 468 468 468 606 606 622 622 689 689 739 739 739 
10 10 170 195 195 195 257 257 257 300 300 302 302 302 310 312 312 343 343 343 433 435 436 443 443 599 599 729 729 
237 237 237 688 
117 117 342 342 342 500 680 680 
74 74 
601 
239 
37 37 229 229 284 314 
342 342 342 
207 207 633 
185 400 400 400 400 688 688 739 
380 380 569 

312 312 
203 253 253 253 447 447 
129 283 283 283 283 399 399 399 726 726 726 
627 667 667 
342 
308 308 308 308 366 366 366 516 

76 704 
40 
36 
130 300 300 300 300 300 704 
193 299 
529 721 721 721 
60 60 60 64 64 156 156 
25 544 544 
68 123 203 203 203 203 312 312 444 592 668 723 723 739 739 739 764 764 764 

37 37 43 43 43 504 
429 
170 170 170 170 411 411 
257 257 701 701 
428 
5 5 620 620 620 
431 
2 65 83 83 192 224 224 224 342 342 342 518 628 656 656 656 674 674 674 674 677 677 677 683 683 
5 40 40 40 40 216 348 441 
120 120 267 267 267 267 424 424 
67 119 119 267 267 267 
10 10 
194 194 194 
108 215 215 354 469 537 
9 582 582 
490 496 496 496 
9 9 9 
664 664 
21 459 459 614 
95 203 203 266 330 399 399 399 467 467 467 672 672 
103 208 208 282 282 282 282 342 342 

699 699 

158 616 619 619 619 619 
326 507 
274 274 418 418 418 418 475 475 475 475 739 739 739 739 
190 217 217 217 748 748 
635 708 708 708 
739 739 
70 70 70 70 251 387 387 387 525 
293 293 590 
202 
401 401 401 
5 5 55 55 163 484 484 529 529 529 529 
383 383 383 523 523 
207 765 
5 654 654 654 
26 26 462 
186 186 186 342 342 342 667 
2 2 2 214 573 573 573 573 
548 548 739 
258 258 258 258 258 452 
317 317 
350 350 350 699 699 699 
388 388 
35 56 60 63 64 69 69 69 106 106 255 460 460 590 594 594 594 594 766 
203 203 520 578 
134 616 616 616 725 725 
13 13 13 67 304 304 318 354 354 354 362 362 461 461 710 710 
50 50 50 342 342 487 494 494 494 494 
278 556 556 556 556 
561 
5 5 5 144 213 213 213 506 506 506 506 506 719 719 
71 393 
294 294 
484 484 484 484 484 
247 341 341 556 
243 399 428 
320 566 566 
81 112 112 112 112 342 456 456 478 478 729 
5 47 206 496 560 560 560 560 
294 345 367 540 540 540 
16 385 504 504 504 504 
5 5 6 6 
667 667 739 
504 504 595 595 
224 342 739 739 739 
208 208 208 
408 743 743 743 743 
739 739 
210 210 275 275 694 694 694 694 694 

343 
253 398 679 
90 388 739 739 
149 149 149 547 
292 292 292 455 678 678 678 678 756 756 756 
53 53 53 53 663 
667 667 
137 336 336 402 402 402 450 649 657 657 657 739 739 748 748 748 
247 247 
117 750 
104 336 336 336 658 674 674 
5 5 122 122 122 210 
81 81 81 
653 666 666 
543 
16 16 16 601 601 601 664 664 664 
203 203 648 648 648 
524 524 696 696 696 717 

142 720 741 
26 28 30 30 30 94 108 108 108 108 129 129 157 157 199 199 253 253 262 262 264 290 290 301 301 328 328 337 341 341 341 342 374 374 377 377 393 399 444 444 444 486 486 540 540 540 541 544 609 609 625 625 630 631 648 648 648 648 666 666 673 680 680 680 715 715 723 723 723 
542 542 542 
312 312 
171 599 661 661 
89 89 146 633 655 742 765 765 
4 4 130 130 178 178 178 247 
246 342 342 714 
5 5 181 181 194 531 531 651 
270 335 335 335 
253 712 
5 5 67 67 67 163 163 163 222 222 225 273 273 299 299 299 305 305 373 498 504 593 595 595 595 620 656 719 
16 150 
123 123 
40 40 118 
137 137 137 290 
23 23 262 652 
227 559 559 559 559 
756 756 
5 5 47 47 47 47 387 387 
213 213 359 359 
56 56 56 64 64 255 255 641 
117 117 117 177 295 295 295 295 295 342 342 438 438 683 683 683 683 750 
213 273 273 275 275 396 396 474 542 593 
428 675 675 675 675 
219 366 559 596 
555 555 555 555 
87 87 269 269 269 269 269 284 284 
570 570 
264 
22 22 383 
710 
373 373 373 699 

241 241 274 274 
82 82 82 739 
389 389 389 389 
5 5 56 79 86 408 408 408 580 580 590 594 594 594 713 713 757 757 757 

14 14 14 80 80 236 236 243 243 243 243 312 312 315 342 455 455 468 606 694 694 694 745 745 
12 56 56 503 713 
168 241 241 241 241 428 428 694 694 694 694 
463 463 463 463 
564 601 
44 44 209 337 415 415 415 714 714 
4 4 167 191 191 208 
708 708 749 749 749 
65 65 551 637 637 637 685 
424 424 424 
140 506 506 
10 10 604 705 
45 94 94 94 184 203 203 212 377 377 
282 282 282 489 639 639 667 
64 64 78 156 223 223 
679 679 679 
10 10 72 72 72 81 81 81 113 113 381 381 443 443 443 529 529 649 687 687 687 687 701 
16 16 57 152 152 152 152 152 739 739 739 
16 16 16 
67 67 364 397 
13 13 13 13 39 333 333 333 355 415 415 633 633 633 655 655 
203 203 218 648 648 
578 
203 231 
10 10 12 12 12 688 688 688 739 739 739 
129 356 462 684 684 684 712 
119 119 119 119 120 120 120 366 366 
692 
229 229 229 229 229 372 372 548 548 548 
211 335 
47 535 535 
5 5 13 13 13 451 
70 70 70 70 213 213 225 225 334 334 
10 10 136 136 236 236 739 
181 181 225 225 593 593 
10 10 10 285 285 285 718 718 
346 346 632 
16 16 16 35 35 35 161 287 428 428 428 428 432 432 434 434 476 476 477 522 522 556 556 556 556 556 633 633 633 740 740 
312 
590 766 
509 633 
2 2 130 130 130 130 254 254 254 344 344 344 
95 95 95 95 399 
87 229 229 548 548 
10 10 276 276 276 
335 335 
278 
354 354 639 639 
548 
30 30 30 203 203 217 374 648 648 
716 716 
63 63 187 187 187 366 366 397 470 593 739 739 739 
141 141 455 455 455 
38 38 165 165 172 298 309 584 691 691 
224 224 224 224 224 731 731 
15 15 16 16 347 347 376 376 424 424 473 487 487 505 682 682 
73 73 73 
294 319 610 671 686 686 692 692 707 707 707 739 739 
74 104 213 213 213 363 498 
81 81 103 103 103 103 103 310 310 422 422 464 464 464 464 
28 70 203 203 356 356 715 723 
81 81 81 355 
652 652 
159 159 409 409 522 
213 213 354 
42 42 48 323 
5 5 47 47 47 70 70 70 560 560 560 604 604 604 716 716 
98 98 98 98 
294 418 418 418 511 511 511 691 
81 300 300 571 571 571 571 607 
385 385 568 579 579 579 
10 24 24 50 50 50 81 81 93 93 108 108 205 205 241 241 279 342 342 402 402 430 430 430 430 430 522 522 522 536 536 668 711 711 739 739 
420 
87 409 575 
241 679 679 679 
43 43 43 43 761 761 
36 153 153 734 734 
159 527 527 527 527 
298 707 
169 508 654 654 
16 16 378 378 626 626 626 
577 603 603 603 603 
306 421 421 
549 708 756 756 

135 507 553 553 553 
611 611 699 699 699 741 741 
203 203 

129 601 613 730 
428 430 

16 16 261 261 261 547 547 547 633 633 633 633 658 713 713 713 713 
273 273 760 760 760 
211 211 211 270 286 286 513 513 
190 190 193 193 193 589 589 589 633 633 
203 246 342 415 415 415 456 456 552 
30 672 672 
733 733 
18 79 448 448 
4 4 4 69 167 167 203 203 203 464 464 464 483 483 544 544 683 683 683 684 706 706 706 706 720 720 726 752 752 
26 26 41 41 83 83 83 88 88 88 97 117 117 117 130 130 149 149 149 160 160 170 177 203 209 209 224 224 241 312 312 337 399 399 428 428 428 539 643 653 653 667 667 704 704 731 731 731 739 739 739 762 762 
8 81 81 81 183 433 433 433 585 
5 282 282 282 
172 
277 277 630 
296 296 
5 40 118 441 441 
497 497 695 695 695 
80 80 154 154 154 622 622 
40 40 40 368 368 601 
20 20 77 395 
646 646 646 
25 25 56 67 67 67 123 159 159 159 288 288 305 360 469 527 710 710 
39 261 302 
28 28 266 301 301 362 712 
4 4 4 
621 621 
11 222 222 461 461 461 719 719 719 
354 

159 159 356 604 
299 406 498 498 530 530 530 576 576 
260 
59 
98 98 98 227 267 267 292 292 470 470 470 510 510 510 622 725 725 739 739 739 
5 5 172 
351 351 
648 
743 
382 382 382 658 
269 269 548 
213 234 234 234 595 
203 203 290 
55 
16 16 56 296 296 682 
203 203 253 253 425 425 554 554 617 617 648 648 
321 321 744 
388 388 739 739 739 
91 91 569 
257 257 
371 371 371 565 565 565 565 565 632 632 632 739 739 
22 145 145 145 232 
728 
26 26 173 311 311 

5 5 5 47 47 47 47 140 140 140 221 221 550 767 767 
155 155 185 379 379 480 480 480 480 696 696 739 739 
10 238 238 238 238 
695 
574 739 739 748 748 748 
55 400 
51 51 51 164 203 625 634 
16 429 
5 5 36 66 66 66 352 412 412 412 484 663 663 
225 225 
67 67 67 260 292 
184 667 667 
95 95 95 129 129 129 168 203 283 342 342 487 726 726 
90 90 90 90 392 699 734 734 734 
143 143 143 
66 76 76 76 190 190 190 312 312 657 657 739 739 
758 758 
432 432 432 434 434 434 434 
5 5 5 5 533 
363 498 
16 16 500 601 601 
179 239 239 239 574 574 574 574 574 644 
13 13 304 304 314 575 
546 546 
5 5 5 112 112 
5 5 5 395 395 395 
558 558 558 558 632 739 739 739 
633 
246 246 246 261 261 337 337 337 
19 19 665 665 
700 
136 136 136 136 309 309 309 511 511 
693 693 693 
313 633 
42 323 323 
300 300 571 571 
585 
119 119 250 250 250 296 296 473 479 479 621 621 
377 377 648 648 

551 551 
26 114 168 226 243 243 278 278 278 278 331 342 342 342 478 478 675 754 
111 394 
312 312 312 312 312 331 499 499 711 711 
116 
35 35 35 278 278 404 404 404 740 740 
81 343 343 343 
278 278 404 404 404 404 
81 729 729 
81 478 
739 739 
224 224 

482 511 662 662 
5 5 5 5 118 348 348 
16 16 16 626 747 747 
81 81 257 257 257 537 537 537 
108 203 203 203 631 631 631 643 704 704 
642 642 743 743 743 
67 67 
94 94 601 
5 79 79 340 340 
733 753 
190 741 741 741 741 741 
5 5 79 272 537 
152 589 589 633 633 756 
520 720 
626 
187 241 241 293 293 293 
170 170 337 337 
583 583 

46 128 128 545 612 
156 156 488 488 
159 159 359 359 359 595 595 621 621 710 710 710 
26 148 266 686 686 
244 244 244 244 
300 300 300 300 341 341 341 599 

5 5 5 17 
129 129 129 
80 80 80 241 606 
123 354 
292 366 366 366 
646 646 646 646 
26 26 26 26 41 41 41 41 41 
16 16 78 78 296 424 479 
225 761 761 
136 136 136 136 565 565 565 565 
278 278 633 
278 
170 170 428 428 436 
43 43 43 424 424 473 534 
388 388 388 388 532 532 
23 501 501 
58 58 58 58 440 
341 341 706 706 752 752 752 
5 5 5 144 144 166 166 166 166 166 395 605 605 
16 16 16 21 21 724 
203 203 562 562 
160 296 296 399 
5 460 460 
254 639 639 
125 
572 

14 14 739 739 739 
160 160 160 160 
693 693 695 697 
11 125 125 125 171 536 536 536 536 
349 349 664 664 695 695 
213 299 363 363 406 763 
430 430 
83 407 579 
23 23 23 481 481 722 722 
667 
56 56 56 242 
5 110 173 173 173 173 176 176 213 595 595 656 
16 16 296 
5 5 163 163 163 163 163 251 251 
135 326 664 695 697 697 697 
320 566 566 566 566 566 
281 
366 366 366 725 751 
309 309 309 418 418 440 557 557 557 

68 335 335 703 
596 596 596 725 725 725 
22 22 22 22 22 
32 98 615 615 638 
51 528 599 740 740 
64 64 64 117 
705 705 
157 453 568 605 605 720 720 
22 22 
278 278 304 312 312 312 
145 145 587 587 587 
200 200 717 
140 703 703 703 703 703 716 
733 733 733 
318 318 318 318 354 
517 669 
10 10 105 144 144 144 144 257 257 701 705 
363 363 363 576 576 737 737 737 737 763 763 
210 210 
480 480 717 739 739 
31 31 31 405 
37 37 479 632 
271 271 
312 312 496 496 496 496 
123 443 443 443 451 719 719 719 
547 547 563 563 
342 
26 172 172 172 203 203 203 541 541 
203 540 540 
204 204 204 225 593 593 738 
197 544 714 714 714 714 
107 107 203 341 341 543 
46 46 46 459 614 614 614 614 
410 410 
16 16 186 333 333 333 538 538 573 573 
16 16 151 151 269 269 269 284 284 289 372 739 
324 
7 7 18 18 387 741 741 760 
65 249 427 427 637 
60 60 60 60 337 
16 16 326 326 326 
377 377 617 617 697 
228 228 228 228 733 733 
29 29 35 161 161 161 161 167 278 278 278 278 278 741 741 
511 511 511 
413 413 413 413 632 632 
219 219 219 219 227 596 596 596 596 
47 47 171 171 171 171 307 307 307 
162 
486 486 599 599 611 611 611 611 661 
538 538 669 669 669 
49 49 49 245 
382 382 382 382 382 475 475 475 475 763 763 
169 169 508 508 508 508 508 
5 598 598 598 598 
26 311 520 
16 57 57 91 380 
26 230 230 659 659 664 676 676 
310 310 310 310 422 422 607 607 607 607 
491 
150 150 150 150 547 547 
391 408 408 408 408 408 745 
314 409 
363 363 530 530 
58 58 58 58 58 322 603 603 
157 263 
311 311 311 500 
239 239 
698 698 698 698 
9 9 124 124 739 739 739 764 764 
52 457 457 667 667 739 
294 636 636 
43 43 343 423 640 640 761 
5 5 
523 523 523 
48 48 
336 336 336 452 452 633 
141 156 239 280 755 
601 601 
108 681 681 681 681 
213 225 275 275 292 542 542 738 
5 156 156 156 156 239 239 239 
176 176 213 213 213 373 461 461 504 504 699 699 699 
227 514 514 514 559 559 559 559 725 725 
79 79 
567 567 567 567 624 
10 10 10 81 81 206 464 517 562 562 
16 54 
16 16 49 85 198 198 198 245 330 351 407 407 447 591 591 747 
16 
322 322 322 322 577 577 
252 307 307 307 362 
73 484 484 520 520 709 
80 80 241 468 
310 571 571 571 571 

30 203 203 
298 686 686 701 701 
16 327 327 562 562 562 562 
21 21 21 459 
49 330 
128 545 545 545 545 
516 516 
134 158 158 158 
377 377 554 554 648 648 
39 39 
134 134 134 134 694 
115 115 115 213 
358 358 424 424 461 461 
80 80 350 350 366 739 739 

16 16 598 
203 203 393 
16 16 16 21 321 321 321 442 454 
96 
62 62 62 117 
68 68 
203 346 
203 444 444 444 
277 382 382 382 413 534 558 558 
16 16 16 89 207 261 261 261 278 278 278 281 333 333 333 333 336 336 414 420 452 452 476 589 655 655 708 708 
393 
1 5 5 5 138 700 759 759 
584 584 
249 249 249 551 
516 
254 254 288 288 489 489 645 667 667 667 
585 585 
223 705 
445 445 739 739 739 
342 444 667 667 732 732 732 
408 
35 35 639 741 
353 353 353 471 471 471 471 
730 730 
199 199 199 203 203 203 203 262 262 290 290 369 377 377 425 425 617 617 
190 257 701 701 701 

210 654 654 654 716 716 716 716 
218 303 303 
196 342 342 
5 5 147 147 147 320 320 651 651 651 
36 36 207 261 261 633 633 
117 117 117 213 504 677 677 
190 190 190 402 402 
193 333 371 690 
570 570 

206 206 562 
440 440 
5 5 5 188 395 395 680 680 680 759 
127 127 198 198 198 497 497 507 570 695 695 
19 416 416 
51 51 196 196 203 203 
75 75 96 96 149 175 175 189 189 254 342 342 398 398 502 583 583 639 639 639 643 643 739 739 739 762 762 762 
108 312 693 739 739 739 
528 563 563 563 
30 30 35 35 681 681 681 681 744 744 744 
298 
129 129 338 338 706 
203 
117 117 117 117 193 193 
226 226 226 226 428 
570 570 
117 117 117 656 656 750 750 750 750 
187 187 187 187 733 739 
184 256 256 256 315 315 315 
83 83 203 203 203 663 663 663 
592 592 592 592 670 670 670 670 
296 296 376 
117 117 224 224 224 224 341 341 341 
266 266 266 341 
249 
298 298 462 462 610 610 
257 257 257 257 692 739 739 739 
82 90 90 265 265 265 
80 80 739 739 
658 
294 294 309 
268 298 298 687 
419 419 419 495 495 668 
181 181 181 181 181 241 241 241 243 243 243 243 619 745 745 745 
349 349 349 390 495 497 497 507 664 664 
200 200 200 388 388 717 717 717 739 739 
495 507 507 507 554 
581 581 581 581 725 
57 57 57 132 132 154 154 154 234 327 327 327 400 595 595 595 
5 417 635 
113 113 257 529 610 610 649 649 649 758 758 
16 16 
513 525 525 525 525 525 
100 103 342 342 444 444 
10 252 519 519 529 641 
341 341 341 341 483 483 672 
298 298 298 319 
138 138 138 248 248 324 633 633 733 733 753 756 
605 
159 159 233 354 354 461 461 461 
50 50 312 312 430 430 
212 266 356 
16 16 16 16 16 239 239 242 333 333 333 333 
209 246 246 543 543 543 543 739 739 739 739 
203 203 301 
70 291 291 307 307 525 651 651 651 651 
200 524 532 696 696 696 
276 276 
5 5 163 163 213 359 359 359 537 537 537 742 742 742 
69 69 202 341 341 453 520 520 
105 105 105 727 727 727 727 
23 23 23 23 501 501 
70 70 70 70 108 108 203 203 203 301 
485 
158 158 366 366 510 514 514 514 596 596 698 
95 95 95 341 399 399 
721 721 721 721 
384 
45 45 45 81 81 170 435 435 
330 647 647 
295 295 342 342 342 
643 643 643 
43 339 339 449 526 526 526 555 555 678 708 708 749 749 753 753 753 753 756 756 
317 317 400 400 400 


530 530 530 530 739 739 763 763 763 763 
542 593 
5 5 10 14 16 16 24 24 24 68 80 80 80 90 108 108 108 136 136 136 136 139 139 151 175 177 177 177 180 180 185 185 190 190 237 258 258 258 265 265 265 274 292 292 292 298 298 312 312 342 342 342 366 366 366 379 379 379 382 382 388 388 391 391 402 402 413 413 413 437 437 493 493 493 532 532 548 582 582 582 583 622 622 642 642 642 667 667 667 668 668 668 678 687 687 687 689 689 696 696 714 714 714 714 737 737 745 745 745 748 748 751 751 
278 278 432 432 517 517 
7 7 16 16 35 35 73 202 327 327 450 450 450 450 450 550 550 556 556 645 
207 719 719 719 
179 179 179 179 370 445 445 445 
378 670 670 670 
241 241 574 694 694 694 739 739 739 

442 442 601 
14 14 14 137 137 190 190 190 391 391 391 739 739 
248 248 248 733 733 
192 224 677 677 677 677 
510 739 739 
341 341 483 483 483 
449 708 733 733 733 733 756 
428 
41 41 41 41 590 
187 187 187 220 220 324 324 452 708 733 733 753 
239 239 239 
403 403 701 701 
635 635 663 
334 334 334 550 
43 316 316 474 474 585 
342 342 667 667 667 
498 530 530 565 565 737 737 737 737 
9 9 108 108 108 582 582 
27 27 27 146 207 207 
156 280 
5 5 47 387 387 
