nodes: 768 edges: 1455

635 635 
65 117 150 282 317 317 
633 
167 208 247 341 
47 47 55 55 59 115 118 118 118 144 147 171 174 194 194 194 210 210 213 221 221 239 307 307 348 367 370 395 405 405 411 412 412 441 441 488 504 504 506 594 594 635 635 663 663 700 719 719 739 759 759 759 767 
174 
550 741 
343 599 
25 25 126 582 764 764 
81 121 252 257 265 276 285 312 312 389 739 
496 
16 16 242 265 265 265 376 376 
159 261 261 272 409 409 
241 493 739 748 

12 12 32 35 35 40 40 40 40 57 78 173 198 198 198 278 278 296 296 296 321 333 376 376 378 407 429 429 429 473 485 505 547 547 553 569 600 601 601 601 602 611 611 626 633 633 702 709 713 713 724 739 741 741 

34 79 340 
416 602 

439 485 485 612 612 
383 515 515 521 
218 584 
739 739 
9 9 354 614 614 
41 148 203 203 266 266 342 428 428 462 472 472 540 540 568 568 570 570 570 570 712 712 
30 648 765 
203 301 301 
35 556 
27 203 203 290 290 290 322 338 338 670 670 681 

16 516 

18 
16 16 29 156 278 278 556 645 670 741 741 741 
352 352 395 655 655 
43 43 43 449 
298 
261 261 355 415 618 618 
16 16 16 16 118 118 216 
26 246 472 472 472 472 755 755 
48 421 
37 37 37 110 110 110 316 316 316 479 479 585 585 
337 337 337 

545 
5 5 221 221 271 307 307 387 767 
42 306 588 658 658 
564 613 613 
160 312 711 711 
203 393 666 

126 126 188 
600 
5 5 75 75 144 182 182 182 392 392 
64 156 223 223 239 376 503 
16 162 258 569 699 699 
482 482 577 577 577 
5 365 582 
106 129 552 

517 517 599 628 628 
156 156 292 
56 106 156 223 223 255 255 499 518 518 518 518 
2 117 249 249 427 
83 395 395 
120 120 120 159 213 213 232 232 354 354 397 521 521 
108 485 629 739 
156 720 
273 301 307 307 716 716 723 723 723 

151 257 257 
297 605 680 741 
84 299 
55 55 
402 
352 370 
16 255 
18 239 340 340 597 
241 350 606 606 689 689 739 
10 206 206 257 257 300 300 302 302 302 310 312 343 343 343 422 433 433 435 436 599 729 729 
237 237 237 688 
66 117 117 342 342 500 680 
74 


229 
342 
207 633 
400 688 688 739 
361 380 380 
589 
294 312 345 
203 203 
129 283 399 399 
627 667 

366 516 

704 


130 130 300 300 300 342 
299 
693 
60 64 156 499 
544 
68 312 312 312 723 739 739 764 764 764 
203 
43 43 43 
157 157 429 
170 170 411 
257 701 
428 675 
5 620 635 635 
431 
2 65 83 83 224 342 342 656 674 674 677 683 683 
5 5 5 40 40 216 441 
120 267 
67 67 67 119 267 267 267 
10 581 
194 
354 354 354 469 469 537 
582 
490 
9 53 53 
664 
459 626 
60 95 203 203 330 330 330 467 672 
103 103 208 282 342 

633 699 699 

616 619 619 
505 507 507 
375 475 475 475 739 739 
190 217 217 217 746 748 748 
635 635 708 708 

244 525 
590 
202 735 
222 401 
5 55 372 529 
383 383 
207 
5 654 
26 
186 186 667 
2 214 429 573 
72 548 
339 

699 
388 
35 56 63 63 64 69 106 463 590 590 594 594 594 766 
111 111 203 203 203 520 520 720 
616 725 725 
13 67 304 304 304 354 362 409 409 710 
50 342 342 487 494 494 494 
556 
57 
213 213 213 252 506 719 719 719 719 
393 393 
294 294 
484 484 
4 720 

566 
112 112 342 401 456 456 478 478 729 
5 418 496 560 
367 540 
16 504 504 504 504 
5 6 
667 

342 
208 208 
743 
739 
210 275 275 275 694 694 694 
55 55 55 

253 253 398 398 679 
388 
149 149 
292 292 292 678 678 678 756 756 
53 663 

137 336 336 450 649 739 748 748 
247 
750 750 750 750 
336 658 
5 5 5 122 210 210 240 
312 
203 653 666 666 
341 543 543 
16 16 16 416 664 
203 203 648 
524 696 
225 667 
142 
26 26 28 30 30 51 94 94 109 129 129 157 157 157 196 199 199 253 253 264 322 337 337 337 341 341 342 377 377 399 423 423 444 467 486 486 540 541 577 625 630 631 644 644 648 648 666 666 680 723 723 726 
542 

81 81 599 599 661 
89 146 633 633 765 
4 130 178 178 247 
246 
5 5 181 194 194 
270 270 270 270 335 

5 67 67 163 163 163 222 222 225 273 273 305 373 373 471 498 504 593 595 595 620 635 656 719 719 
150 741 

40 118 
137 137 137 290 290 
23 262 341 
227 559 
756 
5 5 47 47 387 
143 213 213 359 359 359 359 
56 56 64 64 
117 438 438 683 683 683 683 750 758 
201 213 273 275 396 542 593 593 
540 
219 366 596 
417 
87 269 284 284 


67 67 
664 
699 

241 241 274 
82 82 82 739 739 
389 
5 56 79 408 580 590 590 713 713 757 757 
194 363 655 
14 80 236 236 243 243 315 455 606 606 694 694 
12 
241 241 508 508 694 
140 463 

41 209 337 714 714 
4 191 208 341 
708 749 
65 65 467 551 637 637 


10 163 458 604 
184 184 203 203 
282 489 639 
64 64 78 
679 679 
10 72 72 81 81 113 381 443 649 687 701 701 
57 

397 
13 13 39 39 333 333 333 355 415 415 633 633 633 655 655 
218 

203 328 328 
10 12 12 12 739 
26 26 356 684 684 
119 120 120 120 366 366 

229 548 
211 211 211 211 286 286 286 
47 535 
13 
70 213 213 225 659 
236 755 755 
181 181 181 225 593 
10 285 285 450 
346 346 346 346 632 
16 16 35 35 287 321 404 428 428 428 432 434 476 556 633 633 633 740 740 740 
312 312 423 
590 590 766 

2 130 254 344 
95 
229 229 548 
10 276 276 
270 270 270 341 464 464 
278 432 432 432 
354 354 639 
548 548 
30 30 30 217 217 374 374 648 

63 187 187 187 366 397 470 739 
455 
93 165 165 691 

16 16 16 326 347 376 424 424 473 475 487 505 505 505 682 682 
73 
38 610 636 636 642 707 707 
74 104 
81 81 103 103 103 310 310 310 310 422 464 464 
28 28 70 356 715 
81 81 81 355 355 355 

159 159 159 409 409 522 
213 354 354 354 
48 
5 5 47 47 70 70 604 716 
516 
511 511 691 
81 300 300 300 300 333 
385 568 579 579 579 
10 10 50 81 93 108 108 108 195 279 279 342 342 430 430 430 522 522 522 536 711 739 

575 575 575 
241 679 679 
43 43 43 343 343 585 761 
2 2 734 
360 527 
671 671 
508 508 654 
16 278 492 
30 203 577 603 
658 658 
549 708 

296 553 
611 699 699 741 
264 264 
708 
129 129 129 601 613 
428 

16 261 261 261 310 573 626 633 633 658 
760 760 
211 513 
190 190 193 589 633 
44 44 44 203 203 203 246 342 342 415 415 415 456 
30 30 672 
152 733 
18 79 79 
4 197 203 203 218 247 286 464 483 544 683 684 706 706 720 726 752 
26 83 83 88 103 117 117 130 160 160 170 177 203 312 312 337 337 643 653 653 704 
8 81 81 81 316 316 
282 538 
93 691 
277 277 277 277 630 630 
296 
5 441 568 
695 
80 622 622 
601 
36 36 77 472 472 

25 67 67 123 123 123 159 288 288 305 305 305 360 360 469 469 527 527 527 
39 261 302 302 302 567 
266 301 712 712 

424 621 
222 222 222 222 461 461 719 719 
318 354 354 
91 380 638 
159 
240 530 530 530 

59 
98 227 267 267 292 470 725 
5 172 


5 77 743 
658 658 690 
144 
213 213 595 595 595 
290 290 
136 
12 12 16 16 56 296 
203 203 554 648 648 730 
16 

91 91 361 
257 
565 565 632 632 739 
22 145 145 
728 
311 579 579 

47 221 550 716 767 767 767 767 
155 185 480 480 480 480 
10 238 
601 
748 748 748 
55 55 400 
51 164 164 625 634 
429 429 
5 36 66 66 412 412 663 682 
225 
67 260 292 550 
184 184 
95 95 203 681 726 
90 392 
143 170 
76 657 
758 
278 434 522 
5 5 533 
498 
16 
239 644 
13 13 159 159 304 304 575 
546 546 
5 112 455 
5 5 395 395 
739 739 

39 261 261 337 337 337 
19 198 665 665 665 665 
228 635 
171 511 
693 
633 633 
42 
81 300 
203 203 279 585 
296 296 358 473 473 479 479 621 
648 
498 
65 551 551 
26 26 114 278 278 278 331 478 508 566 754 
16 16 16 111 150 394 394 553 
312 312 312 499 499 
116 
278 287 287 287 
81 81 
278 404 
81 729 729 
81 
514 739 739 
224 224 
21 
511 662 733 
5 5 118 348 
626 747 747 
257 537 537 
203 631 631 643 643 704 
743 743 

601 

37 511 526 753 
190 276 741 741 741 
537 
589 756 
720 

241 293 411 626 
170 170 337 
583 583 
252 
128 

359 359 595 595 595 621 621 710 
26 686 686 
156 244 
286 286 300 300 341 599 679 679 


129 203 249 
606 
123 123 354 354 
292 366 
213 646 
26 26 41 41 41 41 352 352 
16 296 424 424 492 726 

136 136 136 296 565 663 
278 633 633 
692 
170 170 428 
43 43 424 424 534 
388 388 388 388 532 532 
501 501 
58 58 
341 706 752 
166 166 605 
16 21 21 68 724 724 724 
203 203 562 562 
160 296 
5 
254 
125 496 

321 473 
14 739 739 
160 160 160 719 
697 
11 171 490 536 
664 664 695 
213 406 426 
64 106 430 430 
83 
481 481 722 

56 
5 5 173 173 173 173 213 595 595 
16 135 296 296 296 
5 163 567 
135 135 664 664 695 
243 243 320 320 428 566 566 

725 
309 309 418 440 449 557 557 

335 703 703 716 
437 725 
22 22 
32 98 308 
62 62 528 599 599 740 
64 64 64 64 
705 705 
157 157 605 
22 67 67 
304 312 312 312 404 580 
587 
200 696 696 696 
140 703 703 716 716 
449 662 
318 354 354 354 
517 669 671 
144 701 701 727 
363 363 363 576 576 737 763 

480 480 717 
405 
479 
271 
312 496 
123 443 443 451 662 
344 547 547 547 547 

26 26 172 203 226 
203 
204 225 738 738 
197 197 544 714 714 
107 341 543 
46 612 614 614 614 643 
410 410 643 643 643 
16 16 538 538 538 538 573 702 
151 269 284 289 289 739 
324 
7 387 397 741 760 760 760 
249 427 427 
60 
16 326 429 571 
377 617 617 697 
648 733 
29 35 161 278 
511 511 

219 
171 
569 611 
486 486 599 611 611 611 611 

49 
382 382 475 
169 428 508 508 
355 506 598 
26 26 311 348 
16 57 561 
26 26 26 26 659 659 676 
553 607 607 607 607 

150 333 547 
745 
314 314 314 409 
530 530 
58 58 58 203 322 

311 311 311 385 385 
239 522 
121 
9 59 124 739 
457 457 667 667 
23 
43 43 316 423 761 761 

523 658 
48 
92 336 452 
141 156 156 239 239 280 280 
601 601 

213 225 225 275 
5 5 156 156 156 
213 213 373 373 373 461 461 461 504 504 
227 725 
79 
567 624 624 624 
8 62 81 206 206 464 517 517 562 661 661 
16 54 
16 16 16 330 351 390 447 591 591 647 660 660 695 730 747 747 
16 19 
322 
252 307 
73 484 520 709 
80 80 241 241 468 
571 571 571 571 
649 

298 686 701 
16 16 327 561 562 562 562 562 
21 21 545 
49 49 330 
25 25 545 545 545 

134 158 
554 554 648 
39 39 
134 134 694 
115 213 750 
358 424 461 461 
350 350 739 

598 598 598 
203 393 
16 128 333 442 455 
96 
62 62 
68 642 
203 346 346 
203 444 444 
277 382 382 
3 16 16 89 132 207 207 261 261 261 278 278 278 333 333 336 420 420 476 476 655 708 708 
393 
1 1 5 5 115 115 138 138 213 417 700 700 759 
298 298 
249 249 
361 
254 288 645 

705 
298 629 739 
342 444 444 545 546 546 546 732 
203 203 408 
35 639 
471 
601 730 730 
27 199 203 203 290 377 377 425 555 617 
190 257 608 

654 

196 342 342 
147 320 651 
36 36 240 261 261 633 
117 213 677 
402 
48 48 193 323 323 333 371 371 587 674 690 690 
273 570 570 
601 601 
206 599 599 
440 526 537 
5 5 188 395 475 680 680 680 
127 198 233 497 497 507 507 695 
416 416 416 416 
51 196 196 203 203 
96 149 175 201 583 583 739 
693 739 739 739 739 
528 
30 30 35 681 681 744 744 
319 319 528 
129 338 706 

117 117 658 
114 
570 
117 656 750 
187 187 187 733 733 733 
184 256 256 315 315 464 464 
73 83 203 663 663 663 
30 399 670 670 
296 296 395 
117 117 224 224 224 224 341 
266 266 341 
748 
462 462 610 
257 737 739 
82 90 90 
80 80 
371 658 658 722 
294 309 345 
477 739 739 
105 419 668 
181 181 181 241 241 243 619 745 745 
349 497 507 601 664 
200 524 524 524 
495 554 
725 
57 57 132 132 154 234 327 327 
5 635 635 
113 257 257 529 529 610 758 758 
16 547 
513 513 525 525 
100 342 444 
519 519 641 
341 341 483 672 
298 298 
138 138 248 324 329 633 633 733 733 753 753 756 
16 605 
159 461 
50 50 312 
26 26 356 356 
16 16 239 239 
246 246 543 543 
301 
70 70 307 387 513 525 525 
532 

5 5 163 163 163 163 213 213 359 359 494 742 
69 157 167 341 453 
727 
501 690 
70 70 70 108 203 203 
16 485 485 485 
158 158 366 510 514 596 698 
203 341 399 473 
529 721 
384 
81 81 170 435 435 
377 601 647 647 

643 
339 440 555 678 678 678 708 708 753 756 756 756 
317 
142 

530 687 739 739 763 
542 542 
5 10 14 16 24 24 68 80 90 108 108 136 136 180 190 237 237 265 292 312 382 413 413 437 437 493 493 548 582 622 642 667 668 668 668 668 687 692 692 737 737 745 745 748 751 
278 278 278 517 
7 16 16 35 35 35 73 214 327 450 450 450 550 
719 
179 370 445 445 
670 670 
574 694 694 739 739 
137 
442 442 601 601 
14 137 137 190 190 391 391 391 685 739 
248 
192 192 192 192 224 620 677 
739 
341 483 
449 708 708 733 756 
428 
41 41 274 274 
187 187 220 452 708 733 733 733 753 
239 239 
224 403 701 701 
5 5 5 635 
334 334 550 550 550 
316 585 585 

530 737 
9 9 108 108 108 
27 207 
156 280 
5 47 387 387 387 387 
