nodes: 768 edges: 2372

635 635 635 635 
65 65 65 117 117 150 282 427 
364 
208 208 208 247 247 263 357 357 
17 17 47 47 55 59 59 79 115 144 144 144 163 171 171 174 194 210 213 213 221 221 239 272 272 272 307 307 344 348 348 348 367 370 387 395 405 405 405 405 411 411 411 411 412 412 412 441 441 441 448 448 448 451 451 451 466 504 504 506 506 567 567 594 594 623 623 635 654 654 663 700 700 719 719 739 759 759 759 767 
174 174 174 174 
550 741 
99 343 343 599 599 599 599 
25 25 25 25 124 124 126 582 764 
81 81 81 121 252 257 257 265 274 276 276 285 312 529 529 529 599 599 705 705 739 739 
494 
16 16 265 265 265 376 
159 159 261 261 272 272 272 409 
241 241 448 493 739 739 739 748 748 748 
296 296 296 
12 12 32 32 32 35 35 40 57 78 173 214 258 258 258 259 259 259 278 296 296 296 321 333 333 376 394 394 400 400 407 429 429 442 442 454 473 473 485 547 548 553 553 553 561 600 600 601 611 626 633 633 709 709 713 713 713 724 724 739 741 741 741 
5 5 77 77 77 77 466 
34 79 79 340 550 550 741 
416 602 665 
352 352 
128 128 128 612 612 612 614 
67 515 515 515 515 515 521 
481 481 501 501 722 722 722 722 
312 312 739 739 739 
9 9 9 9 107 614 
41 148 148 203 203 203 266 342 342 342 428 472 472 472 472 540 568 568 712 712 
648 765 765 
203 301 301 356 356 
35 35 251 556 556 
203 290 290 290 322 338 338 609 670 670 681 745 

16 16 16 

18 741 741 
16 16 29 29 66 73 156 278 278 278 297 432 432 645 645 670 670 670 741 741 
102 102 352 352 352 395 395 655 655 
43 43 87 87 87 87 534 534 
294 294 298 
261 261 355 355 415 618 
16 101 118 118 118 216 348 348 351 
26 246 342 472 472 472 472 
48 48 48 306 421 421 421 
37 37 110 110 110 110 316 316 316 479 585 733 
246 246 337 337 
253 729 729 729 
459 545 545 545 545 
5 5 171 221 221 221 221 221 271 271 307 307 307 387 387 387 560 767 767 767 
42 42 42 306 588 588 588 
564 564 564 564 613 613 613 746 
160 312 312 312 711 
203 393 393 393 517 517 517 517 666 

126 126 188 188 188 188 
600 600 
5 75 144 144 182 182 375 
64 64 156 223 223 242 242 354 503 
16 162 569 569 699 
482 577 577 577 
5 5 365 365 582 
106 552 552 552 
410 
517 517 628 628 628 628 
156 156 156 292 
56 56 106 106 106 156 156 156 223 255 499 499 499 518 518 518 
2 2 2 249 249 249 249 427 551 551 
35 395 395 402 
22 159 159 213 213 213 232 260 354 354 397 397 446 446 521 
108 108 629 629 739 
156 720 
140 140 140 273 273 273 301 307 307 533 533 716 723 723 723 
164 

35 297 297 297 605 605 680 741 
84 84 299 299 
55 502 502 667 
100 100 100 402 402 
17 17 17 17 352 370 705 
16 473 473 473 
5 18 18 448 448 448 597 
241 241 350 468 606 622 622 689 689 689 739 739 
10 10 10 170 170 195 195 206 206 257 257 300 300 300 300 300 302 302 302 310 310 312 312 312 343 343 422 433 433 433 435 443 443 599 599 729 729 729 
237 237 237 237 688 688 
117 117 342 342 500 500 680 680 
74 74 
127 601 601 
239 
37 37 37 37 284 284 314 
342 342 
207 207 207 
400 400 400 688 688 688 739 739 
361 380 380 380 380 
414 589 589 
279 279 312 312 312 312 312 
203 203 203 253 447 447 447 447 679 
129 283 283 283 399 726 726 726 
322 627 627 
342 342 
308 308 308 516 516 516 
8 466 
76 76 76 
40 
36 36 703 
130 130 130 300 300 342 342 342 704 704 704 
299 299 
721 
60 64 64 64 
25 544 
68 68 203 203 203 203 312 312 312 668 723 723 723 739 739 739 764 764 764 

43 43 43 43 504 733 
203 429 429 429 429 
170 170 170 411 411 411 
257 701 
342 342 428 
5 620 635 
213 431 431 431 
2 2 83 83 192 224 342 342 342 518 628 656 656 656 656 656 674 674 674 674 677 677 677 683 
40 40 40 216 216 216 348 
120 120 120 120 120 267 267 267 424 
119 119 119 119 119 267 267 267 
10 581 
194 194 194 194 382 
215 215 354 354 469 469 469 537 
9 9 582 582 582 621 
490 496 496 
9 53 53 175 
85 664 
21 21 21 459 614 
95 203 203 330 399 467 467 467 467 672 672 
103 103 103 208 282 282 282 342 342 
637 
261 699 699 699 699 699 
312 
158 616 616 619 619 619 655 
507 507 507 
274 418 418 418 475 475 739 739 739 739 
190 190 190 217 217 748 
635 635 635 635 635 708 

70 70 70 244 387 387 
293 455 455 
735 
401 401 401 401 401 
5 5 5 55 55 163 372 484 529 529 529 529 529 
383 383 383 383 523 523 523 
207 207 765 
654 654 654 
26 26 
186 186 186 186 342 667 667 
2 429 573 573 573 573 
548 548 548 548 739 
258 258 339 346 
317 317 
350 350 350 622 699 699 
388 388 388 388 
35 56 63 63 63 64 64 64 69 280 460 590 
203 230 520 578 578 578 720 720 
134 616 616 616 725 725 
13 13 67 67 304 318 354 354 362 362 362 409 461 461 461 710 710 
50 342 342 494 539 731 
556 556 556 
57 561 561 561 
5 144 213 213 213 353 353 506 506 506 719 719 719 
71 393 393 
294 294 
484 484 484 484 
341 556 
243 

81 81 112 112 112 342 401 456 456 456 478 478 478 729 729 
5 5 47 206 418 560 
286 294 345 540 540 540 540 540 
16 504 504 764 
5 6 6 6 6 
126 254 254 667 667 
595 595 
224 342 342 739 739 
208 
743 743 743 743 
739 739 
210 210 275 275 275 275 275 
55 55 
343 
253 253 253 398 398 679 679 
739 
149 149 149 149 547 
292 292 292 455 678 756 
53 53 53 53 395 663 663 
621 667 
137 137 137 336 336 336 450 657 657 657 739 739 748 748 
247 
117 750 750 
336 336 336 658 674 674 
5 122 122 122 122 210 
81 81 312 312 
332 653 653 653 653 653 666 666 666 
543 
601 601 602 602 664 
203 203 
524 524 

720 
26 26 26 28 30 51 94 94 94 108 108 108 108 111 129 129 157 199 199 218 253 253 262 262 264 301 337 337 341 341 342 377 377 393 393 399 399 444 444 467 467 486 486 540 541 541 541 544 544 609 644 644 644 648 648 648 648 673 680 680 680 715 723 723 723 726 726 726 
542 542 542 
312 312 
81 81 171 599 599 661 
89 89 89 146 146 655 655 742 765 765 
4 4 4 130 178 512 
246 342 342 
5 181 181 194 531 531 531 651 
270 335 
253 
5 5 67 67 67 116 163 163 163 225 225 273 273 273 305 305 305 305 305 446 471 471 498 504 504 593 595 620 620 635 646 646 719 
16 741 741 741 
123 123 
40 118 118 118 
137 137 
203 262 262 
227 227 559 559 559 596 596 
756 756 
5 5 47 47 47 47 47 387 387 387 
359 359 359 
56 56 64 239 255 
117 177 295 295 295 342 342 342 683 683 683 750 750 758 
213 213 273 275 275 396 396 474 474 542 542 
428 540 675 
219 219 559 559 596 596 596 
555 555 555 555 
269 269 284 
157 570 570 
264 264 
67 
710 740 
373 373 699 699 699 

241 274 274 
82 82 82 82 739 
306 389 389 389 389 389 
5 86 223 408 580 580 580 713 757 757 757 757 
655 
14 14 80 80 236 243 243 312 312 312 315 315 455 606 694 694 745 745 
56 56 503 503 713 713 713 713 
168 241 241 428 694 694 
140 463 463 463 463 
447 601 
41 44 44 209 415 415 415 415 714 714 714 
4 4 191 341 
420 708 749 749 
65 65 65 65 467 637 637 637 637 
424 424 
29 506 
10 458 604 604 692 
45 94 184 184 184 203 203 212 
175 175 282 282 489 489 639 639 639 667 
64 223 
679 
10 10 81 81 113 381 381 381 443 443 443 443 529 529 649 687 687 687 687 701 701 
16 16 16 152 152 739 739 
16 16 16 
67 364 397 397 
13 13 39 39 132 333 355 415 633 633 655 
203 203 218 218 563 648 648 648 
4 
203 231 231 328 
10 12 12 12 688 688 739 739 
26 356 356 356 356 462 609 684 684 684 712 712 
119 119 119 120 120 120 366 366 
692 
229 229 372 548 
211 286 286 
47 47 
5 5 5 13 13 13 451 
70 70 70 213 213 213 225 659 
10 136 236 236 739 739 755 
181 181 181 181 181 225 225 593 593 
10 10 285 285 285 450 
346 346 346 346 632 632 
16 35 35 35 287 287 287 321 404 428 428 428 428 432 432 434 434 434 434 434 476 476 477 477 477 522 522 556 556 556 556 633 633 633 740 740 740 
93 93 312 312 423 
156 766 766 766 
633 
2 130 130 130 254 254 344 344 344 344 344 
95 95 95 399 
87 87 229 548 
10 276 276 276 718 
172 270 270 341 464 
278 278 278 432 432 432 432 
354 354 354 354 639 639 667 
548 
30 30 30 374 374 648 
716 716 716 
63 187 187 187 366 366 366 470 470 470 739 739 
141 455 455 
38 38 165 165 172 298 636 636 691 691 691 691 691 
224 224 224 731 731 
15 15 15 16 16 16 347 347 376 376 424 473 475 475 487 505 505 682 682 682 
35 73 73 73 
38 294 319 636 636 642 686 686 692 692 692 707 707 707 707 739 739 739 739 
74 74 104 104 363 
81 81 81 81 81 103 103 422 422 464 464 
28 28 70 203 356 715 715 723 
81 81 81 355 355 355 
652 
159 409 522 
213 213 213 213 213 354 354 354 354 354 
42 48 238 323 
5 5 47 47 47 70 70 604 716 716 736 
98 98 98 516 
418 511 511 511 511 
81 81 571 571 607 
568 579 579 579 
10 24 24 50 50 50 81 81 81 93 93 93 93 93 108 108 108 133 195 195 205 205 241 241 241 279 279 342 342 402 430 430 430 522 522 522 536 536 711 711 739 739 

87 575 575 575 575 
241 241 679 679 679 679 
43 43 43 343 585 585 761 761 761 761 
153 153 734 734 734 734 
159 360 527 527 527 
298 671 671 
508 654 
16 278 378 378 548 548 626 626 
30 96 332 577 577 603 
306 421 421 
549 708 708 
733 
507 553 553 
611 611 611 611 611 699 699 699 741 741 
264 
708 708 
129 601 
428 428 430 
196 322 
16 16 261 547 573 573 626 626 626 633 633 633 658 658 713 
760 760 
211 513 513 
190 190 190 193 193 193 589 633 633 
44 44 203 203 342 415 415 456 456 456 456 
30 30 672 672 
152 534 733 733 733 
18 448 
167 203 203 247 286 464 464 483 544 544 578 578 683 683 683 684 684 706 706 706 720 752 752 
26 26 26 41 83 83 88 88 97 97 103 103 103 114 114 117 117 117 130 130 149 160 160 170 177 177 203 209 209 224 224 224 312 312 337 399 428 428 653 667 667 704 731 731 739 754 762 
8 8 81 81 183 316 433 585 585 761 761 
5 282 282 282 282 282 538 
172 667 
152 277 277 277 277 630 
296 296 
5 5 5 40 40 118 370 441 
497 695 695 
80 154 154 154 758 
40 368 601 
20 20 36 36 36 77 395 395 472 472 
163 163 646 646 646 646 646 
56 67 67 123 123 159 159 288 288 288 288 305 305 305 305 305 360 360 527 527 710 
39 39 261 302 302 302 
28 28 266 266 266 266 301 
4 4 
424 424 621 621 621 
222 222 222 461 719 719 
318 354 354 
91 380 
159 159 159 604 604 
299 406 406 406 498 498 530 530 576 576 
3 260 
59 59 
267 267 292 292 292 470 510 510 510 596 725 739 
5 719 
351 
554 
5 77 348 
382 382 382 382 658 658 690 
144 269 548 548 
234 234 595 595 
290 290 
55 
12 16 296 296 417 682 
203 203 425 425 425 554 554 554 617 617 617 648 697 697 730 730 730 730 
321 321 506 744 
388 739 739 
91 91 91 91 361 569 
257 257 257 
122 371 371 371 371 565 565 565 739 739 
145 145 145 145 
728 
579 

5 47 47 47 140 140 221 221 221 550 550 550 767 767 767 
155 155 155 155 379 480 696 739 739 
238 238 238 238 238 

574 574 739 739 748 748 748 

51 51 51 164 164 203 203 634 
16 16 
5 36 36 66 66 188 352 352 484 663 663 663 682 
225 225 
67 67 260 260 
184 184 667 667 
95 129 203 203 283 342 681 681 681 681 
16 16 90 90 90 734 734 734 734 
143 143 143 143 143 170 
66 76 76 312 657 739 739 
715 758 
278 432 434 434 522 522 
5 5 5 5 533 533 533 635 635 
363 363 363 498 
16 601 601 647 
239 574 574 644 
13 159 304 575 
61 546 
5 5 5 5 112 112 112 455 
5 5 5 
558 632 739 739 
92 633 633 
39 246 246 246 246 261 337 337 
19 665 665 665 
376 700 
136 136 136 171 309 
693 693 
248 633 708 708 708 
42 42 42 323 323 549 549 
81 300 300 571 607 607 607 607 
279 585 
119 250 250 296 358 358 473 473 479 479 479 479 621 621 
377 377 377 648 
494 498 
2 65 551 
26 114 226 243 278 278 278 278 331 331 342 342 478 508 754 
16 16 111 111 111 111 150 553 
312 312 312 331 711 711 
116 116 116 
35 35 278 278 287 287 287 287 404 740 740 740 
81 81 81 343 
278 278 278 278 278 404 404 
81 729 729 729 

514 739 739 


482 511 662 
5 5 5 348 
16 16 601 626 626 747 
81 81 257 257 257 257 537 537 537 537 
203 203 631 631 631 643 
642 642 743 743 743 743 
67 67 213 
94 94 94 94 245 
5 5 5 14 79 79 79 340 
511 733 733 753 
190 276 741 741 741 
5 5 5 272 537 537 
589 
520 720 
16 626 626 
141 141 187 241 293 293 411 626 
170 170 170 337 337 337 337 465 
583 583 
252 
46 128 545 612 612 
156 488 488 
159 159 159 359 595 595 595 595 621 621 621 710 710 710 
266 686 686 686 
244 244 244 244 
286 300 300 341 341 599 679 679 679 679 
456 
5 17 99 
129 129 129 129 203 203 249 
80 
123 123 123 
292 292 292 366 
213 213 646 646 646 
26 26 26 26 41 41 41 41 352 352 
16 16 78 78 78 296 424 424 479 492 726 
225 225 
136 136 296 296 565 565 
278 278 633 633 
278 278 278 692 
170 170 170 428 
43 424 424 424 424 473 
388 532 532 
23 23 501 
58 440 
341 706 706 706 752 
144 166 166 166 166 395 605 605 
16 724 724 
203 203 562 562 
296 
460 460 
254 254 639 639 
125 496 496 
572 
473 
14 739 739 
11 160 426 719 719 
693 695 697 
125 125 490 490 536 536 536 
349 664 664 664 695 
213 363 363 406 426 
64 64 64 
83 83 
23 23 481 722 
75 75 
56 242 242 
5 5 110 173 173 213 213 595 595 656 
296 296 
5 5 163 163 163 251 378 567 
135 135 135 326 664 695 695 
320 428 566 566 566 566 566 

366 366 366 725 725 
309 309 309 309 440 449 557 557 557 557 557 
208 
335 335 703 703 716 716 
437 596 596 725 725 725 
22 22 22 22 22 
98 98 98 308 615 615 638 638 638 711 
51 51 51 51 62 62 528 599 599 740 740 740 
64 64 64 117 
705 
157 453 605 605 720 720 
22 67 
278 278 304 312 312 312 404 404 
145 145 145 587 587 587 
200 200 696 
703 703 703 716 
733 
318 318 318 354 354 
517 669 
10 10 10 144 144 144 144 144 257 257 649 649 701 701 705 
363 363 737 737 737 763 
210 210 210 
480 480 717 739 
70 70 405 405 405 
37 37 339 632 733 

312 312 496 496 496 
123 443 443 443 443 451 451 719 719 
344 547 547 547 563 701 
160 
26 172 172 172 172 172 203 226 541 541 541 
203 203 203 540 540 540 
204 204 204 225 225 593 738 738 
197 544 714 714 714 714 
107 203 203 341 341 543 
46 46 46 46 459 612 614 614 643 
410 643 
16 186 333 538 538 538 563 573 702 702 702 
16 151 151 151 151 269 284 289 321 321 372 372 739 739 739 
324 421 421 
7 18 18 387 387 387 707 741 741 741 760 
65 65 427 637 
60 60 60 
16 16 16 326 326 429 571 
369 377 377 377 617 617 697 
228 228 228 228 648 733 
29 29 161 161 161 167 278 278 278 278 741 741 741 
511 511 511 511 511 650 
413 632 632 
219 219 219 227 227 596 
47 171 
16 162 162 162 569 611 611 
486 486 599 599 611 611 611 661 661 661 
262 538 547 669 669 
49 49 49 49 746 
382 382 382 475 475 763 763 
508 508 508 508 508 
5 5 506 598 598 598 598 
26 26 311 
57 57 380 561 
230 230 659 664 676 676 
310 310 422 553 
491 
150 150 150 150 333 333 547 644 
391 391 408 408 745 745 
314 314 314 314 409 
363 363 
58 58 58 322 322 603 603 603 
157 157 157 341 341 
311 311 311 385 722 
239 239 239 
121 698 698 698 725 
9 59 124 124 124 739 739 739 764 
457 457 667 667 739 739 
636 636 
43 316 316 343 343 423 640 640 640 640 761 

523 523 523 
48 48 48 
92 92 336 452 633 
156 
601 601 
681 
213 275 275 542 
5 5 
176 176 213 373 373 461 461 461 461 504 504 699 699 
219 219 227 227 227 366 514 514 559 725 725 
79 
567 567 567 567 624 624 624 
8 8 8 8 10 10 81 81 206 206 464 517 517 562 562 
16 16 54 54 
16 85 85 198 198 245 330 351 407 407 442 591 591 660 695 730 
19 198 198 
322 577 577 577 
252 252 307 362 362 664 
73 73 484 484 520 520 709 
80 241 
310 422 422 422 422 

30 203 266 
686 686 701 701 701 
16 327 327 327 327 327 561 561 562 562 562 
21 21 21 459 459 545 
49 49 49 
21 25 128 545 545 
516 516 
134 134 158 158 158 
377 377 377 554 554 
39 
134 134 134 694 
115 213 213 750 
124 189 358 358 358 424 424 461 461 461 
80 80 154 739 739 739 
5 5 654 
598 598 598 

16 321 321 333 333 333 442 442 454 454 455 
96 96 
62 62 62 62 117 
68 68 
346 
444 444 444 
277 277 413 534 558 558 
16 16 261 261 278 278 278 281 333 333 333 336 336 414 414 420 476 476 589 655 655 708 708 
393 
1 1 1 1 5 115 138 138 138 138 138 213 405 405 700 759 759 759 
294 294 298 298 584 584 
131 249 249 249 249 551 
516 516 516 
254 254 254 288 288 489 489 667 667 
585 585 585 585 
705 705 705 
298 445 445 739 
444 545 546 667 732 732 
203 203 203 408 573 
35 35 741 741 
213 213 353 353 353 353 353 471 471 471 
407 
27 203 203 203 203 262 262 262 290 377 425 555 
257 529 529 701 701 
557 
210 
303 
196 196 196 196 196 342 
5 5 147 147 147 320 623 
36 36 134 207 207 240 261 633 633 
117 117 117 117 117 504 677 677 
190 190 190 402 
193 333 333 371 371 674 674 690 690 
273 570 
601 730 
206 562 562 562 
440 
5 188 188 395 395 395 680 680 759 
127 198 497 497 497 507 570 604 695 695 695 
19 416 416 416 
51 196 196 196 
75 149 149 175 175 189 254 288 342 342 345 398 398 583 583 639 639 643 739 739 762 
108 739 739 739 
528 563 563 
30 30 35 35 35 681 681 744 744 744 
319 319 
129 129 338 338 706 
203 
117 117 117 117 193 193 658 658 
226 
570 570 
117 117 117 656 656 750 750 750 
187 733 739 
94 184 184 256 315 315 315 315 464 464 464 464 
73 83 83 203 203 203 663 663 
30 399 399 399 399 592 670 670 
296 296 296 376 395 719 
117 224 224 224 341 341 341 
266 266 266 341 341 
748 748 748 
298 298 462 462 462 610 610 
257 257 257 257 737 737 739 
82 82 90 90 90 265 265 
80 80 80 
371 658 658 
294 294 294 294 294 
252 268 298 298 298 477 739 
419 419 495 695 
241 241 243 243 619 745 745 745 
349 349 495 497 507 507 601 664 664 664 693 
388 524 717 739 
377 377 495 554 
581 581 581 725 
57 132 132 132 132 132 154 154 234 234 234 327 327 327 595 595 
5 5 417 635 
113 257 257 529 529 538 610 610 610 649 649 758 758 758 758 
547 547 547 
102 513 513 525 525 525 716 
103 103 103 342 
10 10 77 519 529 641 641 641 
341 341 341 483 483 483 672 
298 298 298 298 550 
138 248 324 324 329 329 420 420 420 633 633 733 733 749 749 749 753 756 
16 16 605 
159 159 233 354 461 461 461 
50 312 312 430 430 516 
26 26 266 266 
16 16 16 239 242 242 242 242 333 
246 246 246 543 543 543 543 739 739 739 739 739 
203 301 301 403 
70 291 291 291 307 307 513 513 525 703 
532 696 
285 
5 5 163 163 163 213 359 359 367 494 494 537 537 682 742 742 742 742 
69 157 157 202 341 453 520 520 
105 727 727 727 727 
23 23 23 23 501 579 
70 70 70 108 108 108 203 203 203 301 
16 16 485 485 
158 158 366 510 510 514 514 514 581 596 596 698 
95 95 95 203 203 203 473 
721 721 721 721 
384 
45 45 45 81 81 81 170 170 435 435 435 
377 377 377 377 601 660 
160 295 295 342 342 
643 643 
43 110 325 339 339 339 449 449 526 534 555 678 708 708 749 753 753 753 756 756 
317 317 317 317 400 400 400 400 
142 
307 
530 530 530 687 687 739 739 763 763 
542 542 
5 10 10 14 14 14 16 24 24 24 68 80 80 90 90 108 108 108 136 136 136 136 151 177 177 180 180 185 190 190 237 258 258 265 265 274 274 292 292 298 298 298 298 312 312 342 366 379 379 382 382 388 388 391 391 402 402 413 413 437 437 493 493 532 548 548 548 582 582 582 583 583 622 622 622 642 667 667 668 668 668 678 687 692 696 714 714 714 714 714 737 737 745 745 745 748 751 751 
233 278 278 278 432 432 432 517 517 517 
7 16 16 16 18 34 34 35 35 73 214 214 214 327 327 450 450 450 550 550 550 556 556 556 645 645 
207 719 719 719 719 
179 179 179 179 445 445 445 445 
378 670 670 670 
30 241 241 574 574 694 694 694 739 739 739 
49 564 
442 
14 14 14 137 190 190 391 391 391 685 685 685 739 
248 248 708 708 708 733 
192 192 224 224 620 677 677 677 
739 739 
341 341 483 
449 708 733 733 733 756 756 756 
342 428 
274 
187 220 220 708 733 733 753 753 753 
239 239 239 239 
224 350 403 701 701 701 701 
5 5 5 635 635 635 663 
334 334 550 
316 316 316 316 343 343 585 
342 667 
530 565 565 737 737 
9 108 108 108 173 582 
27 27 146 207 207 
280 280 280 
5 47 47 47 387 387 387 
