nodes: 768 edges: 1417

635 635 
65 65 65 150 150 317 

247 341 357 462 
47 55 55 59 115 115 144 144 147 163 171 171 210 213 213 213 221 221 239 239 272 272 307 348 348 367 367 367 370 387 387 387 395 405 405 411 411 412 441 448 484 504 504 504 594 594 635 654 654 700 719 719 739 739 739 759 759 767 
174 174 174 
741 
343 343 599 
25 25 25 124 124 582 582 582 
81 81 81 121 257 257 274 276 276 276 285 529 529 599 705 739 
496 
16 265 
159 159 261 261 261 272 409 409 
241 448 748 748 748 748 
296 
12 32 32 35 35 57 57 78 173 198 198 214 214 258 278 278 278 296 296 321 333 378 394 407 429 429 429 473 485 485 547 547 548 553 561 569 569 600 601 601 601 611 611 611 626 633 633 633 713 713 713 724 739 741 741 
77 77 77 
34 34 79 550 550 
416 665 
352 
128 485 485 485 612 612 614 626 
67 232 515 515 521 521 
481 501 501 584 722 722 
312 312 312 739 
9 9 9 107 354 614 614 614 614 
41 203 203 266 342 385 428 428 428 462 472 540 568 568 570 570 712 712 
30 765 
290 301 301 356 
251 556 
27 203 203 338 681 
533 
16 16 516 

18 18 741 
16 16 66 73 156 278 278 278 432 432 645 670 741 
317 352 395 655 655 
43 43 87 87 449 534 
294 
355 
348 348 
26 342 472 472 
306 306 421 421 
37 37 316 316 
246 

545 
5 221 221 307 387 387 387 560 767 767 
306 658 
564 746 
160 312 
393 393 517 517 630 
583 
126 188 

5 5 75 144 182 375 392 392 
64 156 223 239 239 503 503 
16 16 258 
482 482 577 577 577 
5 365 
156 552 
410 
517 
156 156 292 
56 106 106 106 106 156 156 156 255 499 499 499 499 
2 2 2 551 
35 395 
22 159 159 213 213 213 232 354 397 397 397 446 446 
108 485 629 
156 341 
140 273 273 307 533 533 533 723 723 723 

257 
35 741 741 
84 299 
55 502 667 

17 17 17 352 
16 473 473 
18 340 451 597 597 
241 350 468 689 689 739 
10 10 10 170 170 195 206 257 257 300 300 302 302 310 343 343 343 422 433 435 571 599 729 
688 
342 680 680 
74 

239 
37 37 229 284 284 284 
342 
207 207 207 207 723 
400 400 688 739 
380 

312 
203 212 253 679 
283 283 399 726 
322 667 
342 342 
308 308 



703 
300 342 

529 
64 64 64 64 
25 544 544 544 
68 123 203 203 312 668 723 723 764 764 764 
203 

203 429 
170 170 411 411 716 
701 
342 342 428 675 
5 5 620 635 635 
431 
224 342 342 342 518 628 656 656 656 656 674 683 
441 
424 
267 267 
10 
194 194 382 
108 215 354 354 469 
9 9 
134 490 
53 

21 459 473 626 
203 266 330 330 399 399 467 467 467 467 672 672 
208 282 282 342 342 342 
637 637 
699 699 

125 619 619 
507 
274 418 475 475 475 739 739 
217 217 746 748 
708 

70 
293 293 590 

222 401 401 
5 5 55 529 529 
383 523 523 
207 207 765 
5 654 654 703 
462 
186 667 
2 2 429 573 573 
548 548 
258 339 
317 317 
350 350 622 622 699 

35 56 60 63 63 64 64 64 69 255 590 766 
203 203 520 520 520 578 720 

13 13 67 67 304 304 354 409 409 409 461 
50 342 494 494 494 539 
278 

5 252 506 506 719 719 719 



247 247 
243 
428 566 
81 81 112 112 401 456 
5 5 418 418 496 560 
294 294 540 540 
16 504 504 
6 6 6 
254 254 667 
504 
224 
208 341 
408 408 743 
739 739 
210 210 275 694 
55 
343 
398 398 398 

149 547 547 547 603 
292 292 292 292 455 678 678 
53 395 663 663 
621 667 667 
336 336 336 336 402 450 450 649 657 

750 750 
336 336 674 
122 122 
81 
653 666 
341 543 543 
16 16 601 601 664 
203 203 648 648 
717 
225 
741 
26 26 30 30 94 108 108 109 111 129 157 157 199 199 262 264 290 301 301 322 337 337 341 341 342 342 374 377 377 377 393 444 444 444 467 486 486 540 540 544 630 644 644 648 648 680 680 680 715 723 726 
542 

81 599 
89 89 89 89 146 146 765 765 765 
130 178 247 
500 
5 181 181 531 
270 270 335 
94 253 712 
5 5 5 67 67 67 225 273 273 299 299 305 305 498 504 504 504 593 593 595 620 620 635 656 719 719 728 728 
16 16 741 
123 

137 137 
262 341 
559 
756 
5 5 47 47 387 
143 359 719 
56 255 
117 177 342 438 683 683 683 683 
201 213 275 275 474 593 
428 
366 559 596 
555 555 
87 269 284 284 


22 67 
740 
373 373 

241 274 274 445 

306 389 
5 5 56 56 86 590 594 594 594 713 713 
655 
14 80 236 243 312 342 455 468 606 694 694 694 745 
503 503 
168 241 428 

447 564 
44 415 714 714 714 714 
4 167 167 208 341 
708 
637 637 
424 424 
29 506 
163 604 604 
94 212 377 377 377 
175 175 282 639 
64 156 223 
679 679 
10 10 72 81 81 381 443 687 687 
16 57 152 739 


13 13 13 333 333 415 633 633 633 655 655 
203 218 

203 
12 739 
26 129 356 462 462 525 684 684 712 712 712 
120 120 366 366 725 

229 372 
211 211 286 286 335 335 
535 535 
5 5 13 451 
70 70 213 213 334 
10 136 236 236 389 739 
181 225 225 593 
10 10 10 285 285 718 
346 346 632 632 
16 16 16 35 35 35 161 404 428 428 428 432 434 476 522 522 556 556 633 633 633 740 
312 
766 
509 
130 130 254 344 
95 95 
87 87 87 229 229 
10 276 276 
270 270 335 341 
432 
354 354 639 667 

28 203 374 648 
721 
63 187 187 187 187 366 397 593 
141 141 455 580 
38 172 172 691 691 
731 731 
15 16 16 376 376 424 424 473 475 682 682 

636 686 692 692 707 739 739 739 
74 213 213 363 498 498 
81 81 103 310 310 310 464 464 464 464 464 
28 28 203 203 356 356 
81 81 355 355 355 
652 
159 159 409 
213 213 354 354 354 
42 42 48 238 323 
5 47 70 560 716 716 736 736 
98 98 
418 418 418 511 511 511 691 
81 300 300 300 333 571 607 
579 
24 24 24 50 93 108 241 279 522 522 522 536 536 711 739 


679 
43 43 585 761 761 761 
2 36 153 153 734 
360 527 
671 671 707 
654 
16 378 378 548 548 626 626 
96 203 
306 421 421 658 
549 708 

507 553 
699 699 699 741 


129 129 601 
428 

16 261 261 310 547 547 573 626 633 633 633 658 658 713 713 
273 760 760 
211 270 270 286 513 
190 190 190 190 193 193 633 
203 203 342 342 415 415 415 456 
30 672 
152 733 
79 448 
4 69 178 197 203 203 218 247 286 464 464 464 578 578 683 683 683 726 
26 41 83 88 97 97 103 114 114 117 117 117 130 130 130 160 203 203 224 241 337 337 399 399 428 539 653 667 667 739 
8 8 81 81 81 183 433 585 585 761 
282 538 

277 277 

5 5 40 40 568 
497 
80 154 154 622 
368 368 368 601 601 
20 36 77 395 472 
646 646 646 
25 67 123 123 159 288 288 305 305 305 360 469 527 710 
39 302 302 302 
28 266 301 301 362 712 712 
4 
424 621 
222 461 461 719 719 719 
318 354 

356 604 604 
299 406 406 498 498 576 695 

59 
227 267 267 292 470 470 557 596 725 
5 5 5 719 
351 351 351 
648 
5 743 
382 
269 
234 234 595 595 595 
203 290 
55 
296 296 
203 203 203 253 253 253 617 617 730 730 
16 321 321 744 744 

91 
257 
122 371 565 565 565 739 
145 

26 

5 5 5 47 47 47 221 550 550 767 
480 696 739 
238 274 

574 748 
55 55 
51 51 203 
16 429 429 
5 36 66 188 352 412 412 412 484 663 

67 67 67 292 
184 184 184 667 667 
95 129 129 342 342 681 726 
90 90 699 
143 143 170 
190 657 739 
758 758 
278 432 432 432 434 434 522 
5 5 533 533 635 635 
363 363 498 
16 601 
179 179 574 
13 13 159 159 159 304 
61 546 
5 5 112 112 455 
5 395 395 395 
558 632 632 739 739 739 

246 261 337 337 337 
19 665 

136 171 171 309 309 309 
693 
633 708 
42 42 323 323 
81 571 607 

119 250 250 296 296 358 479 479 479 
648 
494 498 498 
551 551 
26 26 26 114 169 226 243 278 278 278 331 342 478 508 566 754 754 
16 16 16 111 150 394 394 553 
499 711 
116 
35 35 278 287 404 404 404 740 740 740 
81 343 
278 404 404 
81 729 729 729 

739 
224 758 
458 
662 662 
5 118 
626 747 
257 537 
203 203 203 631 631 
236 642 743 743 755 
67 67 
245 
5 14 340 
37 526 753 753 
190 190 741 741 
79 272 
589 


187 241 293 411 
170 337 
583 
439 
128 545 
488 488 
159 359 359 
4 26 148 266 266 

300 300 300 300 300 341 341 341 679 679 


129 129 129 129 203 
80 241 606 
123 354 
366 366 
646 
26 41 41 352 
16 78 78 128 296 479 
225 761 761 
136 136 136 296 565 565 
278 

428 
424 424 424 473 
388 
23 501 
58 58 
706 706 706 752 
5 395 
16 16 21 21 21 68 
203 203 

460 460 
639 
125 



160 160 160 426 719 
693 693 695 697 
11 171 536 536 
349 695 
213 299 299 363 363 406 426 426 
64 64 64 64 430 
209 579 
23 23 481 722 
75 
56 56 242 242 
5 5 5 173 173 176 213 213 213 595 656 

163 163 251 
135 326 695 695 697 
428 566 
281 
725 751 
309 309 309 557 

335 703 

22 22 
32 
51 51 62 528 599 740 740 
117 
705 
157 157 157 605 
22 22 
278 278 312 312 312 404 
145 145 587 

266 703 716 
449 
318 354 
517 
10 10 105 144 144 701 
576 737 737 763 
210 
739 
31 70 70 70 405 405 
37 632 733 
271 271 
312 312 496 496 
443 719 719 
344 547 563 
160 342 
26 172 172 203 203 541 541 680 
540 540 
204 738 
197 197 544 544 714 714 
107 107 107 203 543 543 
46 459 612 643 643 643 
410 643 643 
16 16 186 186 186 333 333 538 563 
16 151 151 321 321 739 739 
324 
18 18 387 387 741 741 760 760 
65 427 427 
60 
16 326 429 571 
617 
228 228 733 733 
29 278 278 741 741 
366 511 
413 632 
219 227 596 
47 171 307 
16 569 611 
599 611 611 661 
538 547 
49 245 
382 382 382 475 475 763 
169 428 508 

26 26 348 
16 16 561 
26 26 659 659 
81 310 422 553 607 
678 
150 150 333 
391 408 745 

363 530 
58 58 58 603 
157 341 341 
311 500 
293 757 
698 698 725 725 
9 9 9 739 
52 457 667 667 
23 636 
316 343 343 640 640 761 

523 658 658 

452 633 
141 156 239 
601 601 
681 
213 213 225 275 292 738 
5 5 239 239 239 
213 373 373 373 504 699 699 
227 366 559 
79 79 
624 
8 10 81 206 517 562 661 
16 
16 16 16 198 198 330 351 351 407 591 591 647 695 695 730 

186 577 
252 252 362 362 664 
520 709 
241 468 
310 422 571 
649 

701 
16 16 16 561 562 562 
21 21 545 

21 25 25 25 25 


377 377 554 648 648 

134 134 
115 213 213 750 
189 358 
154 154 350 739 739 

598 

16 21 128 321 321 333 442 

117 
68 
51 203 
444 444 
277 277 413 413 534 558 
16 16 16 261 261 261 278 278 278 333 333 333 336 420 589 655 655 708 708 708 

1 1 5 115 115 213 405 405 700 
298 584 
131 131 249 249 

254 288 489 667 667 
585 585 
705 
445 
545 545 545 546 546 667 732 
203 203 
35 
353 353 353 471 
601 730 754 
199 199 203 203 290 369 425 617 617 
190 608 701 

654 654 716 716 
303 
196 342 
5 5 147 147 320 651 651 
36 36 240 261 261 633 633 
117 117 117 117 213 504 677 
190 402 
48 323 333 333 587 587 674 674 
570 570 
730 
562 599 
440 440 
188 188 395 680 759 
198 604 695 695 
19 416 
196 
75 96 149 175 189 189 288 342 342 398 398 583 583 639 639 643 739 
108 723 739 739 

35 744 744 744 
319 319 
129 129 338 

117 193 658 658 
114 

656 750 750 
187 187 572 
94 256 256 315 464 464 
83 83 203 203 203 540 663 
30 399 592 
296 296 
117 224 224 224 224 341 341 341 
266 266 

298 
257 257 739 739 739 
82 90 
80 80 739 

294 294 309 
298 298 739 
419 495 495 
181 241 241 241 
363 495 497 507 507 601 601 664 664 
388 739 
495 507 
581 581 725 
132 132 154 327 327 327 400 595 595 
5 635 
113 529 610 649 758 

102 147 513 525 

10 519 641 
483 483 483 
298 319 
138 248 324 420 633 633 633 733 733 749 749 753 753 753 
605 
354 
312 430 
26 26 212 266 266 266 356 356 
16 16 16 239 239 333 333 
246 246 246 246 543 543 
203 
112 307 307 525 651 651 
200 
276 
5 5 163 163 163 213 213 222 359 359 359 367 494 537 537 742 742 
157 
291 727 727 
23 23 501 
70 70 70 89 108 108 203 668 
16 
267 366 510 581 581 698 
95 203 341 399 
721 721 
213 213 
81 435 435 435 
377 377 601 647 660 
295 295 
643 
339 534 555 555 708 708 753 753 753 
317 

307 307 
530 530 763 
542 593 
5 5 5 10 16 24 80 90 136 136 180 180 258 265 274 298 298 298 312 342 382 388 402 413 413 413 437 532 548 548 582 622 622 667 668 668 687 687 687 689 692 696 745 751 
233 278 432 432 432 517 517 
7 16 16 34 35 73 73 202 214 327 450 450 550 550 556 556 
719 719 
179 370 445 445 
378 378 670 670 670 
241 574 739 
49 137 
442 
14 14 14 14 137 391 
708 708 
192 192 620 677 677 
510 739 
483 
449 449 708 708 708 733 733 733 
428 428 647 
445 
220 
580 
403 403 438 701 
5 5 663 
334 334 550 550 
316 316 316 343 474 474 585 

530 565 737 
108 108 108 
27 146 207 207 207 
156 280 
5 47 47 387 
