nodes: 768 edges: 2390
448 
635 635 635 635 635 
65 65 65 117 117 282 282 282 317 317 427 
364 
208 247 341 341 357 357 
17 55 59 59 79 79 115 144 147 163 163 163 171 171 213 213 239 239 239 272 307 307 307 344 367 367 370 370 395 395 395 405 405 405 411 411 411 411 412 412 412 441 441 448 451 451 451 466 488 488 504 504 504 506 506 567 586 594 594 635 635 654 663 663 663 719 739 739 759 767 767 
174 174 174 
550 550 741 741 
99 343 599 599 
25 126 582 764 764 764 
81 81 252 252 257 257 265 265 274 276 276 276 276 285 285 285 285 285 312 312 389 529 529 599 599 705 705 718 739 739 
359 494 496 
16 16 265 265 265 265 376 376 
159 261 261 272 272 272 
241 241 493 739 748 748 
296 296 296 
12 12 32 35 35 35 78 78 173 173 198 198 214 258 259 259 278 278 296 296 321 321 333 333 376 376 394 407 407 473 473 485 505 553 569 600 600 601 602 611 611 626 626 626 633 633 709 709 713 713 713 713 724 739 
5 77 77 466 466 
34 79 79 79 340 550 550 550 741 
416 665 665 
352 
128 439 439 485 485 612 626 
67 232 515 515 515 515 521 521 
481 501 501 501 722 722 
312 312 312 739 739 739 
9 354 614 614 614 
41 41 148 148 203 203 203 266 342 385 428 462 472 472 540 540 540 568 570 570 570 712 712 712 712 
765 765 765 
203 203 301 356 356 356 356 
35 556 556 
203 203 290 338 338 338 609 670 670 681 681 
533 
16 516 516 516 

18 
16 16 16 29 66 73 278 278 297 297 432 436 645 670 670 670 741 741 741 
102 102 102 395 395 655 655 655 655 655 
43 43 87 87 87 87 
294 294 294 298 
261 261 415 618 618 618 
101 118 118 118 118 216 348 348 348 351 351 
26 26 246 342 472 472 472 472 472 755 755 755 755 
48 306 306 306 421 
37 37 110 316 316 316 316 479 479 479 585 761 
246 337 
253 729 729 729 
545 545 
171 221 221 221 221 271 307 307 307 387 387 387 387 560 560 767 767 767 
42 588 658 
564 564 564 613 
160 160 160 312 312 711 711 
203 393 393 517 517 517 517 
583 583 
126 126 126 126 188 188 188 188 
310 
5 75 75 75 75 144 182 182 375 
64 64 64 223 223 242 503 
699 699 699 
203 482 482 482 577 577 577 577 
5 5 365 
106 552 552 552 

517 628 628 
156 156 156 156 156 
56 56 56 106 106 106 156 156 223 223 255 255 499 499 499 
2 2 2 117 249 427 427 427 551 
35 83 395 402 
22 159 159 159 213 213 213 232 260 354 397 397 446 446 446 521 760 
108 108 513 629 629 629 629 739 739 
156 640 720 720 
140 140 140 273 301 307 533 533 716 723 723 723 723 723 

151 257 257 
35 297 297 297 297 491 605 605 680 741 741 
84 84 299 
55 55 55 55 502 
100 100 100 402 
17 17 352 352 705 
16 16 473 473 
5 5 18 18 18 239 239 340 448 448 448 
241 241 350 468 468 468 468 606 606 622 622 689 689 689 739 739 
10 10 170 170 195 206 206 206 257 257 300 300 300 302 302 310 310 310 310 312 312 343 422 422 435 443 443 599 599 599 729 729 
237 237 237 688 688 688 
66 117 228 342 342 
74 74 
601 601 

37 37 37 37 229 229 284 

207 723 
400 400 688 688 688 739 739 739 
380 380 569 569 569 

279 279 312 312 312 345 
203 212 212 253 253 447 447 447 447 447 679 
283 283 283 283 399 399 726 726 
322 627 
342 
308 308 308 516 516 
8 
76 76 76 704 704 
40 
36 36 36 703 
130 300 300 300 300 342 704 
193 
529 529 721 721 
60 64 64 64 156 156 

68 68 203 203 203 203 312 312 444 592 723 739 739 764 764 

43 733 733 
429 429 429 429 429 
170 411 411 716 
701 
342 342 428 428 
5 620 620 635 635 
213 213 431 
2 2 65 83 192 192 224 224 342 342 518 628 628 656 656 656 674 677 677 683 
40 40 40 40 216 441 441 
120 120 120 267 267 267 
119 119 119 267 
581 
194 194 194 194 194 
215 215 354 354 354 
582 
458 490 496 496 
9 53 53 53 53 175 
664 664 664 
21 459 459 626 
203 266 330 330 330 399 399 467 467 672 672 
103 208 208 208 282 282 342 
637 637 637 
261 699 
312 
616 619 619 619 619 
505 507 507 
274 418 418 418 418 475 475 475 475 739 739 739 
190 190 217 217 217 746 
635 635 635 708 
391 739 
70 70 70 244 244 251 387 525 525 525 
241 293 293 590 
202 735 
222 222 222 401 401 401 401 
5 55 484 484 529 529 
383 383 383 523 523 523 
207 
5 654 654 654 703 
26 26 462 
186 342 342 342 667 
214 573 573 573 573 
72 548 548 548 
258 258 258 339 346 452 

350 350 350 350 350 622 699 699 
388 388 388 
63 63 63 63 63 64 64 69 106 106 280 460 590 590 594 766 
197 203 203 520 520 578 720 
616 616 725 725 
13 67 67 67 304 318 354 354 354 362 362 362 409 461 461 461 710 
50 50 50 494 539 
556 556 
561 
5 5 5 213 213 353 506 506 506 719 719 719 
393 
294 294 
484 484 484 484 
247 341 556 
243 243 428 
566 
81 81 112 456 456 456 456 478 729 
5 5 47 206 418 418 418 418 496 560 560 560 
540 540 
16 16 385 504 504 504 
6 6 6 
126 254 254 667 667 739 
504 504 504 595 
224 342 739 739 739 
208 208 208 341 
408 408 743 743 743 

210 275 275 275 694 694 694 
55 55 
343 343 
253 253 253 253 398 398 398 398 398 464 
739 
149 547 547 547 603 
292 678 
53 53 53 53 663 
667 
137 137 336 336 402 402 402 450 450 649 657 657 739 748 748 748 
247 
117 117 750 750 750 
104 336 336 336 658 674 
122 122 122 122 122 210 210 240 
81 312 312 
203 203 203 653 653 653 666 666 666 
157 341 543 
16 16 416 416 528 601 602 602 664 664 
203 203 
524 524 524 696 717 717 

142 741 741 
26 26 26 28 28 30 30 51 58 94 108 108 108 108 129 157 157 196 196 196 199 199 218 218 253 253 264 264 290 301 301 322 322 337 337 341 342 377 377 386 386 386 393 393 399 423 423 444 444 444 467 486 486 540 540 540 541 541 544 544 577 609 625 625 631 631 644 644 666 666 666 673 680 680 715 715 723 723 723 726 726 726 
542 542 
279 312 
81 81 81 171 599 599 661 661 661 
89 146 633 655 655 765 765 765 
4 130 130 130 178 178 178 247 357 512 
246 342 342 500 
181 194 194 531 531 
270 270 270 335 335 335 
94 94 712 
5 5 67 67 67 116 116 163 163 222 222 225 225 273 273 299 299 305 305 305 305 305 446 446 504 593 593 595 635 646 656 719 719 
16 150 741 
123 123 
40 118 
137 137 137 290 290 290 
203 203 262 652 
227 227 227 559 559 559 596 
756 756 756 756 
47 47 47 47 387 387 
143 143 143 213 213 359 359 359 359 
56 56 64 64 239 255 
117 117 177 295 295 295 295 342 342 342 438 683 750 750 
213 213 273 273 273 396 396 542 542 593 593 
428 540 675 675 
219 219 219 366 366 596 596 596 596 
83 555 
87 87 269 269 269 284 
570 
264 264 
22 67 383 
710 710 710 
373 699 
305 
241 241 241 274 274 274 
82 82 82 739 739 
389 389 389 389 
5 5 5 79 79 223 580 580 580 590 594 713 713 757 
194 446 655 
14 14 80 80 141 236 236 236 243 243 243 243 312 312 312 315 315 315 342 455 468 606 694 694 694 745 
56 713 713 713 
168 168 241 241 241 241 428 428 428 508 508 694 694 694 694 
140 140 463 463 463 
564 601 
41 44 209 415 415 415 714 714 714 
4 167 191 208 341 341 
420 708 708 749 749 
65 429 467 485 685 
424 
140 506 
10 10 604 705 705 
45 94 94 184 184 184 184 203 203 377 
175 175 282 489 639 639 667 667 
64 64 223 
679 679 679 679 679 
10 10 72 72 81 81 381 381 381 381 381 443 443 443 443 443 529 529 529 649 687 687 701 
16 152 152 152 739 
16 16 
67 397 
13 13 39 39 132 333 333 333 355 355 415 633 633 655 655 
218 648 648 

203 203 231 231 328 
10 10 12 12 12 12 688 688 739 739 
26 129 356 356 462 462 525 684 684 684 684 712 712 
119 119 119 120 725 
692 
229 229 229 548 548 548 
211 211 211 286 335 
47 535 535 535 
5 13 13 13 451 
70 213 213 225 225 225 334 659 
10 136 236 236 236 389 739 739 755 755 
181 181 181 593 593 593 593 593 
10 10 10 10 285 285 450 718 718 718 
346 346 
16 16 35 35 287 321 404 428 428 428 428 434 434 476 477 477 522 522 556 556 556 633 
93 93 205 312 
156 766 

2 2 2 130 130 254 344 501 
95 95 95 95 399 
87 229 
10 10 10 10 10 276 276 
270 335 341 341 
278 432 432 
354 354 354 639 639 667 
548 548 
30 203 217 217 217 374 374 374 374 648 648 648 
716 721 
187 366 366 470 470 470 739 739 
141 141 455 455 
38 38 38 165 165 298 298 298 584 584 636 636 691 
224 224 224 224 731 
15 15 15 16 16 326 326 326 347 347 347 376 376 424 424 473 473 475 475 487 682 682 682 
35 35 73 73 73 73 
38 294 294 294 319 610 610 636 636 642 642 686 692 707 707 739 739 739 739 
74 213 213 363 363 
81 81 81 103 103 103 103 310 310 310 422 464 464 464 464 
28 70 203 203 356 356 356 356 715 723 
81 81 355 355 
652 652 
159 409 409 522 
213 213 213 213 213 235 354 354 354 
42 42 42 323 323 
5 5 5 47 47 47 70 560 560 604 604 604 716 716 736 736 736 
98 98 98 516 516 
418 418 418 418 418 511 511 511 511 
54 81 81 81 81 300 300 300 571 571 607 
385 385 568 568 568 579 579 
10 10 24 24 24 50 50 81 81 93 93 93 108 108 133 195 195 205 241 241 241 279 342 342 402 402 430 430 522 522 522 536 668 711 711 711 739 739 739 
420 
409 575 575 575 575 
241 241 241 679 679 
43 43 43 43 343 343 585 585 761 761 761 761 
2 2 734 
159 360 360 527 527 
298 671 707 707 
508 654 654 654 654 
16 16 278 378 378 378 378 381 492 548 626 626 626 626 
96 203 203 332 577 603 
306 306 421 658 658 
549 549 

296 296 296 507 507 507 507 553 553 553 
611 611 611 611 676 699 699 699 741 741 741 
264 
708 708 
129 129 129 601 613 
428 428 430 
322 
16 16 261 261 261 364 364 547 547 626 633 633 658 713 713 713 713 
273 760 760 760 
211 211 211 270 286 513 513 513 
190 190 193 193 193 
44 203 203 342 342 415 415 415 456 456 456 
30 30 30 672 672 672 
152 534 
18 79 448 
4 4 167 178 197 203 247 247 286 286 410 464 483 544 544 684 706 706 706 720 720 720 726 752 
26 41 83 83 97 103 114 114 117 117 130 149 149 149 177 203 209 209 224 224 224 241 312 312 337 337 399 399 428 539 643 652 653 653 653 667 667 667 704 731 731 739 739 739 754 754 754 762 762 
8 81 183 183 316 316 433 585 585 761 761 
5 282 
93 667 
152 277 277 630 
296 296 296 
40 40 40 370 441 568 
497 497 695 695 
80 154 154 154 154 154 622 758 
40 40 368 368 601 
20 77 77 395 395 472 
163 646 646 646 646 
25 67 123 123 123 159 159 159 288 288 288 305 305 305 360 527 710 710 
261 261 302 302 
28 28 28 28 266 266 301 301 301 301 
4 4 208 
424 621 621 
11 222 222 222 222 461 719 719 719 719 
318 318 354 
380 
159 159 159 604 604 604 604 
299 299 406 406 498 530 530 576 576 695 
3 333 333 
59 
227 227 292 292 470 510 596 739 739 
5 5 719 742 742 
351 351 
648 
5 5 348 
382 382 382 658 690 690 690 
548 548 
234 595 
290 290 290 290 
55 
12 12 16 16 296 296 
203 203 253 554 554 617 617 617 697 730 
321 321 321 321 506 744 744 
739 739 739 
91 91 361 569 569 
257 257 257 257 257 321 
371 371 371 565 565 565 632 632 632 739 
145 145 145 232 
728 728 
26 173 311 311 579 579 579 
203 203 203 
47 47 47 47 140 221 221 716 716 767 767 767 
155 155 155 480 739 
10 238 238 238 238 274 
549 
139 739 748 748 748 748 
400 
51 51 164 203 203 625 625 625 634 
16 429 
5 5 5 36 36 66 352 352 412 412 412 412 484 663 682 682 
225 225 
67 67 260 
184 184 184 184 184 667 667 667 
95 95 129 129 203 283 342 342 681 681 681 681 
90 90 392 699 734 734 
143 143 143 143 
66 76 190 190 190 312 312 657 
715 
278 432 434 434 434 522 522 
5 5 5 533 533 
363 363 498 498 498 
16 16 500 
179 179 574 574 574 574 
159 304 304 314 575 575 
341 546 546 
5 5 5 5 112 112 455 455 
5 5 5 395 395 395 395 
558 558 558 632 632 739 739 739 
633 
39 246 246 246 261 337 337 337 
19 198 198 665 665 665 
700 
136 136 136 136 171 171 171 171 309 309 309 309 309 511 511 
693 
248 313 708 
42 323 549 549 
81 81 300 571 607 607 607 607 
203 203 
250 296 296 358 473 473 479 479 
648 
498 498 
2 65 65 65 551 551 
26 114 114 168 226 243 243 243 278 278 278 278 331 331 342 478 478 508 508 566 566 566 754 754 
111 111 111 111 111 249 394 
312 312 331 711 711 
116 
35 287 287 404 740 
343 
278 278 404 404 404 
81 729 729 729 729 729 
35 478 
739 739 
224 
21 21 458 
662 662 733 733 
5 5 118 118 348 
747 747 
81 81 257 257 257 257 257 537 537 537 537 
108 203 203 203 631 631 631 643 704 
642 743 743 755 
67 67 67 213 213 240 
94 94 94 94 94 
0 5 79 79 79 340 
733 753 753 
190 190 276 741 
5 5 5 272 537 
152 589 633 633 
520 
626 626 
241 293 293 411 411 626 
170 170 170 170 337 337 337 465 
583 
125 439 
128 128 545 612 
156 488 
159 159 159 359 595 595 595 595 621 621 621 710 
26 148 266 266 686 686 
244 244 244 
184 300 300 300 300 341 679 679 679 
456 
5 17 17 
129 129 203 249 
80 80 80 80 241 
677 
292 292 292 366 
646 
26 26 41 41 41 41 41 352 
16 16 78 78 296 296 424 424 726 
761 
136 136 136 136 296 296 565 565 565 565 663 
278 633 633 
278 278 
170 428 428 436 
43 43 43 424 424 534 
388 532 532 
23 501 501 501 
58 58 58 
341 706 706 752 752 
144 144 166 166 166 166 395 605 605 
16 21 21 249 724 724 
203 203 562 562 562 
296 
5 5 460 
254 639 639 
125 496 
73 
321 
14 739 739 
11 160 
697 697 697 
11 125 125 171 490 536 536 536 
349 349 664 695 
363 406 406 406 426 426 
64 64 64 
209 407 
23 23 23 282 481 481 481 722 
75 667 
56 
5 5 5 173 173 173 176 176 176 213 595 595 595 
16 135 
5 5 163 163 163 251 378 567 
135 135 326 326 326 326 664 695 697 697 697 697 
243 243 320 428 428 566 566 

366 751 
309 309 309 309 418 418 557 557 
208 
68 335 335 335 703 703 
596 596 725 725 725 
22 22 22 22 
32 32 32 98 98 308 308 638 711 711 711 
51 51 51 51 62 528 528 528 599 740 
117 

157 157 453 720 720 
22 22 67 
278 278 304 312 312 312 404 404 
145 145 145 587 587 587 587 
200 200 200 696 717 
140 140 140 266 703 716 716 
733 
318 318 354 
198 517 517 517 
10 10 105 105 144 144 257 257 257 701 701 705 727 727 727 
363 363 576 576 
210 210 
480 480 739 739 
31 70 70 405 405 
339 479 
271 271 271 
312 496 496 496 
443 443 443 443 451 662 719 719 719 719 
547 547 547 563 
160 342 
26 26 26 172 172 203 203 203 226 541 541 
203 203 540 540 
204 204 225 225 593 738 738 738 
197 544 714 714 
203 203 341 341 543 
46 46 459 612 612 614 614 614 614 
410 410 643 643 643 
186 186 186 333 333 538 538 538 702 
151 151 151 269 269 269 289 289 321 372 372 739 
324 324 390 421 421 
7 7 18 18 18 741 741 760 760 760 760 760 
65 427 427 761 
60 60 60 
16 326 326 326 
377 377 617 617 697 
228 648 648 733 733 
29 29 161 161 167 278 278 278 741 741 741 741 
511 511 650 650 
413 413 413 632 
219 219 219 596 596 596 
47 47 171 171 171 307 307 
162 569 569 611 611 
486 486 486 611 611 611 611 661 661 
538 
49 49 49 245 746 
382 382 382 475 475 475 475 763 
169 428 428 428 508 508 
5 506 598 598 
26 311 311 311 348 
16 91 91 91 380 380 561 561 
26 26 26 230 659 664 676 676 676 
310 310 422 607 607 
678 
150 150 150 150 
408 408 408 408 745 745 
314 314 314 314 409 409 
363 363 530 530 
58 58 58 58 203 322 603 603 603 
157 
311 311 385 385 385 
239 239 239 757 
121 698 698 725 
9 124 739 739 739 764 764 
52 52 457 667 667 739 739 739 
294 294 
43 316 316 343 343 640 640 640 640 640 
5 
523 523 523 523 
48 
452 633 
141 156 156 239 
601 
108 681 681 681 681 
213 213 225 225 275 275 275 275 275 542 
5 5 156 239 
176 213 373 461 461 461 461 504 504 504 699 699 
219 227 227 227 227 366 514 514 559 559 559 725 

567 567 624 624 
8 8 10 10 81 81 81 206 206 517 661 661 661 
16 16 
16 85 85 198 245 330 351 591 647 660 747 747 
16 198 198 
186 322 577 577 577 
252 307 307 307 362 362 362 362 664 
73 73 484 484 
80 80 241 
310 422 422 422 422 571 571 
649 
30 203 
298 298 686 686 701 701 701 701 701 
16 16 327 327 327 327 561 561 562 562 562 562 
21 459 545 545 
49 330 
25 25 25 545 545 545 545 

134 158 158 
377 377 377 554 554 
39 39 39 
134 134 134 134 694 
115 115 
358 358 461 461 461 
80 80 154 350 739 739 
654 
598 598 
203 203 393 393 393 
16 16 16 21 128 321 321 321 321 333 454 454 455 
96 
62 62 117 117 
68 68 68 68 
346 
203 203 444 444 444 
382 382 382 413 413 558 
16 16 207 261 261 278 333 333 414 452 452 476 476 589 655 708 
393 
1 1 1 1 1 5 5 115 115 138 138 138 213 700 700 759 759 
294 294 298 298 
131 131 131 
516 
254 254 288 288 489 489 667 
69 585 585 585 585 585 
705 
298 298 445 739 739 739 
342 444 546 546 546 667 667 732 732 
203 203 
35 741 741 
213 353 353 353 353 471 
601 730 
262 262 290 290 290 369 425 555 555 
190 257 608 701 701 
557 557 
654 654 654 716 716 716 716 
218 303 303 342 
196 196 196 342 342 342 
5 147 147 147 320 320 320 320 623 651 651 651 
36 36 36 36 36 207 207 240 261 261 633 
117 117 117 213 677 
190 190 402 
48 193 323 323 333 371 674 674 690 690 690 
273 570 
601 730 730 730 
206 206 206 562 562 599 599 599 
440 440 537 733 733 
5 5 5 188 395 475 680 680 680 680 
127 127 127 198 198 497 507 570 604 
19 19 416 416 416 
196 196 196 203 203 203 
149 175 175 189 254 254 288 342 342 342 345 398 398 398 502 583 583 639 643 643 739 739 762 762 
312 723 739 739 

30 30 35 35 35 681 681 681 681 744 744 744 
319 
129 129 338 338 338 
203 
117 193 658 658 
226 226 
327 570 570 570 
117 117 469 656 750 750 
187 572 739 
94 256 256 256 256 256 315 315 464 464 464 
73 203 203 663 663 663 663 
30 30 399 399 399 399 592 592 592 592 670 670 670 670 
296 296 296 395 395 
117 224 
266 266 266 266 341 
249 748 748 
298 462 462 610 610 
257 257 692 737 737 739 
82 82 82 90 90 90 265 265 
80 80 80 
371 371 371 658 658 658 
294 
268 298 687 739 739 
419 695 
181 181 181 241 241 241 243 243 243 243 619 745 745 745 745 
349 349 363 497 507 693 
200 524 717 717 739 739 
377 495 495 495 507 507 507 507 554 
581 581 
57 57 57 132 154 154 234 327 327 327 400 595 595 
417 635 635 
113 257 529 529 610 610 610 610 610 649 649 758 758 
547 
102 147 513 513 525 
100 100 103 342 444 
10 10 77 252 252 529 641 
341 341 341 483 483 
298 298 319 319 
138 248 248 329 329 420 633 733 733 733 749 749 753 753 753 756 756 756 
16 16 
159 233 233 233 354 354 461 
50 50 312 312 312 430 430 516 516 516 
26 26 26 26 212 266 266 
16 16 16 16 239 239 242 242 242 333 333 333 333 
246 246 246 543 543 739 739 739 739 
203 203 301 403 
70 112 291 307 307 387 387 525 525 651 651 651 651 
200 200 524 696 696 
10 276 276 276 
5 163 163 163 213 213 359 359 359 359 367 537 537 537 537 742 742 
69 69 157 341 341 341 520 520 
105 105 291 727 727 
23 23 501 
70 70 70 70 70 89 108 203 203 203 301 668 
16 485 485 
158 158 267 514 514 514 581 596 
95 95 203 203 203 341 473 
529 529 529 721 721 
384 384 
45 45 45 81 81 170 435 435 435 435 435 
377 647 660 660 660 
295 342 342 
643 643 
110 110 440 440 449 526 555 555 662 662 708 708 708 749 749 749 753 753 753 753 756 756 
317 400 400 
142 
307 307 307 
687 687 739 739 763 763 763 763 763 
542 542 542 
5 5 10 10 14 16 24 24 24 68 68 80 80 90 90 90 108 108 136 136 136 139 175 177 177 177 185 190 237 237 258 265 265 274 274 292 292 298 298 298 298 312 312 312 342 342 342 366 366 379 379 379 382 388 391 413 413 413 437 437 493 493 532 532 548 582 582 582 583 583 583 622 622 642 642 642 667 667 668 668 678 687 692 692 696 696 714 714 714 714 737 737 745 745 745 745 748 751 751 751 
432 517 
7 7 18 35 35 35 73 73 202 202 214 327 327 327 450 550 550 556 556 556 556 645 645 
367 367 719 719 
179 179 179 445 445 
378 378 670 670 670 
241 574 574 694 694 694 694 739 739 739 739 
137 564 
442 442 601 601 
14 14 190 190 190 391 391 391 391 685 685 739 
248 248 708 708 733 733 733 
192 192 192 224 224 677 677 
510 739 739 739 
341 483 483 
449 449 708 708 708 733 733 733 733 756 756 756 756 
342 342 342 428 428 
41 41 41 41 274 274 445 
220 220 220 220 708 708 708 733 733 753 753 753 753 
239 580 
350 701 701 
5 635 635 
67 334 334 334 550 550 550 550 550 
43 316 316 316 316 343 343 474 551 
342 342 667 667 
565 737 737 737 737 737 
9 9 9 108 108 582 582 
27 27 27 207 207 207 
156 280 
5 5 47 47 47 387 387 387 
