nodes: 768 edges: 2381

635 635 
65 65 117 117 150 150 150 282 282 317 317 317 
334 633 
208 247 247 247 263 341 341 357 357 357 
17 55 79 115 115 115 118 144 147 147 163 163 163 171 171 194 210 210 213 213 213 221 221 239 272 272 272 344 348 348 367 370 387 395 395 405 405 405 411 411 411 411 412 412 412 412 441 448 448 451 466 504 504 537 586 586 586 594 594 623 635 635 663 663 663 700 700 700 719 719 719 739 759 759 767 
174 174 174 
550 550 550 741 741 
99 343 343 343 599 599 599 599 
25 25 124 124 126 126 582 582 582 764 764 
81 81 81 121 121 252 257 265 265 274 274 274 276 276 285 312 529 529 599 599 705 739 

242 265 265 376 
159 261 261 261 261 272 272 
241 448 493 739 739 739 748 748 
296 296 296 296 
32 35 40 40 78 78 173 173 198 198 214 214 214 258 259 278 278 296 321 321 333 333 376 378 394 400 407 407 407 407 442 442 442 454 473 473 505 505 505 548 548 553 561 561 569 602 611 624 624 626 633 633 633 702 702 709 713 713 713 713 724 724 724 739 739 
5 77 77 77 77 466 466 
34 34 79 550 550 741 741 
416 416 665 665 665 
352 
128 128 128 439 439 485 612 612 612 
67 232 383 515 515 515 515 521 521 521 
218 218 481 481 481 501 501 722 722 722 
312 312 312 739 
9 9 107 354 
148 203 203 203 266 342 342 472 472 472 540 568 568 570 712 712 712 
30 765 
203 203 356 356 
35 556 556 
27 203 203 203 290 338 338 670 670 745 
533 533 
16 516 

18 18 741 741 
16 29 73 156 278 278 278 297 432 432 436 645 645 645 670 741 
352 395 655 655 655 655 
110 449 534 
294 
355 355 355 415 618 618 618 
16 16 118 118 118 118 216 216 348 348 348 348 351 351 351 
342 342 472 472 472 755 
48 306 306 306 421 
110 110 316 316 479 479 479 479 585 585 
246 246 246 337 
253 253 253 729 729 729 
459 545 545 
221 221 221 271 271 271 307 307 307 387 560 767 767 767 767 
42 306 588 658 
564 564 564 564 564 613 613 746 
160 160 160 312 312 711 
393 393 393 517 517 517 
583 583 
126 188 188 188 
600 600 
5 75 75 75 144 144 182 182 182 182 375 392 392 
64 64 223 223 223 223 239 242 242 354 503 
569 699 699 
482 482 577 577 577 577 
365 365 365 582 
106 106 106 129 552 552 552 
410 
517 517 599 628 628 628 
156 156 156 156 292 
56 56 106 106 156 255 255 499 499 499 518 518 518 518 
2 2 117 117 249 249 249 427 427 551 
395 395 395 402 
22 120 120 159 159 213 232 260 354 446 446 
108 513 629 629 629 629 629 739 739 739 
156 156 156 156 341 720 720 
140 140 273 307 307 307 533 533 533 716 716 716 723 723 
164 393 

35 297 297 297 605 605 680 741 741 741 
84 84 299 
55 55 55 502 667 667 
402 402 
17 17 17 17 370 
16 16 473 473 473 
5 18 239 239 239 340 451 597 597 
241 350 350 350 468 468 606 606 622 622 622 689 689 739 739 739 
10 10 10 170 195 195 195 206 206 257 257 257 300 310 310 310 312 312 343 343 343 422 433 433 435 436 571 599 729 729 
237 237 688 688 688 
117 228 342 500 680 680 680 
74 74 
127 601 

229 229 284 
342 342 
207 207 207 207 633 723 
185 400 400 400 688 688 688 688 739 739 
361 380 380 380 569 569 569 

279 312 312 312 312 345 
203 203 253 253 447 447 679 679 679 
283 283 283 399 726 726 
627 667 
342 342 
308 308 308 308 308 516 516 
8 466 
704 


130 130 130 300 300 300 300 342 342 704 
299 299 
529 693 721 721 721 
60 60 60 64 64 156 156 
25 544 544 
68 123 203 203 203 312 312 444 592 668 723 739 739 739 764 764 764 764 
203 203 
37 43 43 
157 203 203 203 429 429 429 
170 170 411 411 411 411 
257 257 701 701 
342 428 428 
5 5 5 620 620 620 635 635 
213 213 431 431 431 
2 2 65 65 83 192 224 342 518 628 656 674 677 683 
5 40 40 40 40 216 216 441 441 441 
120 120 267 267 267 424 424 
67 67 119 119 267 267 
10 10 581 
194 194 194 194 
108 215 215 354 354 469 469 
9 9 582 
134 490 490 496 
9 9 53 
85 664 664 664 664 
21 21 21 459 459 459 614 626 
60 203 203 203 266 330 330 330 399 467 467 467 467 672 672 
103 103 103 208 208 282 282 342 342 342 
637 
699 699 699 

125 616 616 619 619 619 619 
505 507 507 507 
274 274 375 418 418 418 418 418 475 739 739 739 
190 190 217 217 217 217 748 748 
635 708 
739 739 
70 70 244 244 251 387 525 
293 293 293 293 

401 401 401 
5 55 55 529 529 529 529 529 
383 383 383 383 
207 
5 5 654 654 654 703 
26 462 
186 186 186 342 667 667 
2 2 2 214 214 573 573 573 573 573 
548 548 548 739 739 
258 339 
317 317 
350 350 350 622 622 699 

35 63 63 63 63 64 69 69 69 69 106 106 460 460 590 590 594 594 594 594 766 
111 197 203 203 453 520 520 578 578 720 
616 616 725 725 
13 67 67 304 304 318 354 354 362 362 362 362 461 710 710 
50 50 50 342 494 494 494 731 
278 556 556 
561 561 
5 5 5 213 213 353 353 353 506 719 719 719 
71 353 393 
294 
484 484 484 
247 
243 243 399 428 
428 566 
81 112 112 342 401 456 478 478 478 478 729 729 
5 5 418 418 496 560 560 560 
294 345 367 540 
16 16 504 504 504 
6 6 6 
254 667 667 739 
504 504 504 595 595 
342 342 739 739 
208 208 341 
408 743 743 
739 739 739 
210 210 210 210 275 275 275 275 694 694 
55 55 55 55 
343 343 
253 398 398 464 679 
90 388 739 739 
149 149 149 547 547 
204 292 292 455 678 678 678 
53 53 53 395 663 
621 667 
137 137 336 336 336 336 336 402 402 450 450 657 657 657 739 739 739 748 748 
247 
117 750 
336 336 336 674 674 
5 122 122 122 122 240 
81 81 81 312 312 312 
203 203 332 653 653 653 653 666 666 
157 543 
16 16 416 602 602 602 664 664 
203 203 203 648 648 
524 524 532 696 717 717 
225 667 

26 26 26 28 28 30 30 30 94 94 108 108 108 109 109 111 111 111 129 129 129 157 157 196 196 199 199 199 262 264 290 301 301 328 337 337 341 341 342 342 342 374 374 377 393 399 423 423 444 444 444 444 467 467 486 486 540 540 541 541 541 544 630 630 644 644 644 648 648 648 648 666 680 680 715 715 715 723 723 
187 542 542 
279 312 312 
81 81 599 599 661 661 
89 89 89 89 146 633 655 765 
4 130 130 178 178 247 247 
246 246 342 
5 5 181 181 181 181 531 
270 270 270 270 270 335 335 
253 
5 5 5 67 116 116 163 163 222 222 225 225 273 273 299 305 305 305 373 446 446 471 498 498 504 504 593 593 595 595 620 635 646 656 719 719 
16 16 16 150 150 741 741 
123 123 
40 40 118 118 
137 137 137 137 290 290 290 
23 23 652 
227 227 227 559 559 559 559 559 596 
756 756 
5 5 47 47 47 387 387 387 
213 213 359 359 359 359 719 719 
56 56 56 56 641 
117 295 295 295 438 683 683 683 758 758 
201 213 213 273 275 275 474 474 474 542 542 593 593 
428 428 675 675 
219 219 219 596 596 
83 555 555 555 
87 87 269 284 284 284 

264 
22 67 383 
710 710 710 
373 373 699 699 699 699 699 
305 
241 241 241 274 274 
82 82 739 739 739 
389 389 389 
5 56 79 79 79 580 580 594 594 594 713 757 757 757 757 
194 363 446 620 
14 80 236 236 236 243 312 312 455 455 468 606 694 694 745 745 
12 56 56 713 713 713 
168 168 241 428 508 508 694 694 694 
140 140 463 463 463 463 
564 601 
44 44 44 209 209 337 415 415 714 714 
4 4 4 167 191 208 208 
420 749 749 
65 65 65 637 637 685 
424 
140 506 506 
10 458 604 604 604 692 705 
45 45 45 94 94 184 212 
175 282 282 489 639 
64 64 
679 679 
10 81 81 81 113 113 381 381 381 381 381 443 443 443 443 529 529 649 649 687 687 687 687 701 
16 152 739 739 
16 
67 397 397 
13 13 13 13 333 355 415 415 633 655 
203 648 648 
4 
203 231 328 
10 10 12 12 688 688 739 739 739 
26 129 356 356 356 356 462 462 520 609 684 684 684 684 712 712 
119 119 119 120 120 

229 372 372 
211 211 211 211 211 286 286 286 286 
47 47 47 535 535 
5 5 5 13 13 
70 213 213 225 334 334 659 659 659 
10 10 10 136 136 236 236 755 755 
181 181 181 181 225 225 593 
10 10 285 285 285 718 718 
346 346 346 
16 16 35 35 35 161 321 404 428 428 428 432 434 434 476 477 522 556 556 556 633 633 
93 205 312 312 312 
590 766 766 766 
633 
2 2 130 130 254 254 344 344 344 344 501 
95 95 95 399 
87 229 229 229 
10 276 276 276 718 
270 270 270 270 464 464 

354 354 639 667 667 
467 548 548 548 
30 203 217 217 217 374 374 374 648 
716 716 716 
63 187 187 366 397 593 739 
141 141 141 141 455 580 
38 165 172 298 298 309 584 584 636 636 636 691 
224 224 224 
15 15 15 15 16 326 326 347 347 347 376 376 424 424 475 487 682 682 
35 73 73 73 
294 294 319 319 610 610 642 692 692 692 739 739 739 
74 104 104 213 363 498 
81 103 103 103 103 310 310 310 464 464 
203 203 356 356 356 356 715 723 
355 
652 652 
159 159 409 
213 213 213 235 354 354 354 
42 42 42 48 323 323 
47 47 47 70 70 70 560 736 736 
98 98 98 98 98 516 516 
294 418 418 418 418 418 511 511 511 511 511 691 691 
81 81 81 300 300 300 571 571 571 
385 385 385 568 568 568 579 579 
10 24 24 24 50 50 81 81 93 93 93 93 108 108 195 195 195 205 205 241 241 279 279 279 342 402 402 430 430 430 522 522 522 522 536 536 536 711 711 711 739 739 
420 
575 575 
679 679 679 679 
43 43 343 343 761 761 
2 2 2 153 153 734 734 734 734 
159 360 360 527 527 527 
298 298 671 673 707 
508 508 654 654 654 
16 16 278 378 381 447 626 626 626 626 
577 577 603 603 603 603 
306 306 421 658 658 
549 549 549 549 708 756 

296 296 507 507 507 
611 611 611 611 699 699 
203 264 
708 708 708 
129 129 129 495 601 613 730 
428 
196 
16 16 261 364 547 547 573 573 573 626 626 633 633 633 713 713 
3 273 273 760 760 760 
211 211 513 513 513 
190 190 190 190 190 193 193 193 589 633 633 
44 203 203 246 
30 30 672 672 
152 534 733 
79 448 448 
4 4 69 178 203 203 464 544 544 578 683 683 706 
26 26 41 41 83 88 88 97 97 103 103 114 117 130 130 130 149 160 170 177 177 203 203 203 209 312 399 653 653 653 667 667 667 704 704 704 731 731 731 739 739 754 754 754 762 762 
8 8 8 81 81 81 183 183 316 316 433 585 761 
5 282 282 282 282 538 
93 172 691 
277 277 277 630 
296 296 296 
5 5 40 40 40 40 441 
497 695 
80 80 80 154 154 154 622 622 
40 40 40 368 368 601 
20 36 395 472 472 
163 163 163 164 646 646 646 
25 56 67 123 123 159 159 288 288 305 305 305 360 360 469 710 710 
39 39 39 261 302 567 
28 28 266 266 266 266 301 301 301 301 362 712 
4 4 4 
424 424 621 621 
222 222 222 222 461 461 719 719 719 719 
318 318 354 354 
91 380 
159 159 159 159 356 604 604 
240 299 406 406 530 530 
333 
59 59 59 
292 470 470 470 725 725 739 739 739 
5 172 719 742 742 
351 351 
648 648 
5 77 743 
658 658 658 690 
269 269 548 548 
213 234 234 595 595 
203 203 290 290 290 
55 136 
12 16 296 296 682 
203 425 425 554 554 554 617 617 648 648 730 730 730 
16 321 506 744 
388 388 388 739 739 
91 91 91 361 569 569 569 
257 257 257 257 257 321 
565 565 565 565 632 739 
22 145 145 145 145 232 
728 728 728 
311 311 311 579 

5 47 140 221 221 221 550 550 550 716 767 
185 379 379 379 480 480 480 480 696 739 
238 238 238 
695 
574 574 739 748 748 748 
55 55 
51 51 51 71 164 203 625 625 634 
16 429 429 
5 5 36 66 66 66 188 352 412 412 412 663 663 682 

260 260 292 
184 184 667 667 667 
95 129 168 203 283 342 681 681 681 726 726 
16 90 90 90 734 734 
143 143 143 170 
66 76 76 190 190 312 312 739 739 
758 758 
278 432 432 434 434 434 434 522 522 
5 5 5 533 533 533 533 635 635 
363 363 498 498 498 
16 16 16 16 601 647 
179 574 
304 575 575 575 
61 546 546 
5 5 5 5 112 112 112 112 455 455 
5 5 5 5 395 395 395 
558 739 
633 633 
39 246 246 261 261 
19 19 198 665 

136 136 136 136 136 171 171 309 309 309 309 309 511 511 
693 
248 313 633 
42 323 
81 571 571 607 607 607 607 
203 203 585 
119 119 250 296 296 358 358 473 621 621 621 
377 377 648 
498 498 498 
65 65 551 551 551 551 551 
114 114 168 169 226 226 243 278 278 278 331 508 
111 111 111 394 394 553 553 
312 312 312 499 499 711 711 711 
116 116 116 
35 35 278 404 404 740 
81 81 343 
278 278 404 404 404 404 
81 729 
35 81 478 
514 689 739 739 
224 758 758 758 
21 21 
482 662 733 
5 118 118 118 348 
16 16 16 601 626 626 747 747 
257 257 257 257 537 537 537 537 
108 203 203 203 203 643 643 704 
642 642 642 642 743 743 743 
67 67 213 213 240 
94 94 321 601 601 
5 5 14 340 340 
37 526 733 753 753 
190 190 741 741 741 741 
5 79 
633 633 633 756 
157 520 720 
16 626 
187 241 241 293 411 411 626 
170 465 
583 
252 
46 128 128 128 612 612 
156 156 488 488 
159 359 359 595 595 621 710 
148 266 266 686 686 
244 244 244 244 
184 286 286 300 300 341 679 679 679 679 
456 
5 17 17 99 
129 129 129 129 203 203 289 
80 80 241 
123 123 354 
366 366 366 
213 646 646 
26 26 26 41 41 41 352 352 
16 16 78 78 78 424 479 726 
225 225 225 761 761 
136 296 565 565 565 565 565 
278 633 
278 
170 170 170 170 436 
43 43 43 43 473 
388 388 388 388 490 532 532 532 
23 23 23 501 501 
58 58 440 
706 706 706 752 752 752 
166 166 166 605 605 605 
21 724 724 724 
203 203 562 562 562 
296 
460 460 
254 639 639 
125 125 480 496 496 496 
572 

14 739 739 
160 160 160 719 719 
330 693 693 697 697 697 
125 171 490 490 490 536 536 536 536 
349 664 695 695 
213 213 299 406 406 406 426 426 426 
64 64 64 430 430 
83 579 
23 23 282 481 481 
75 
56 
5 5 173 173 173 176 176 176 213 213 595 656 
16 16 16 135 507 
163 251 251 378 
135 135 135 326 326 326 505 695 695 
243 243 320 320 428 566 566 566 

751 
309 309 309 309 309 418 418 557 557 557 557 

68 335 335 335 703 716 716 
437 725 725 725 
22 22 22 22 
32 98 98 308 308 615 615 638 
51 51 51 62 62 528 528 528 528 528 599 740 
64 64 64 64 117 
705 705 
157 157 266 453 605 605 
22 22 22 
278 312 312 312 312 404 404 580 
587 
200 200 696 696 717 
140 703 703 703 703 
449 733 
318 318 318 
517 517 517 517 517 
10 10 105 144 144 144 144 144 257 257 649 701 705 705 727 
363 363 576 576 737 737 737 763 763 
210 
200 480 480 480 717 739 739 739 
31 31 70 70 70 405 405 405 405 
37 339 632 733 
271 271 
312 312 312 496 496 496 496 
5 443 443 443 443 719 719 719 719 
344 547 547 547 547 563 

26 172 203 203 541 680 
203 203 203 540 
204 204 225 225 738 738 738 
197 544 544 714 714 
107 107 203 341 341 543 543 
46 46 612 612 614 614 614 643 643 
410 410 643 643 
186 186 333 333 538 538 538 538 563 563 573 573 573 702 702 
16 16 151 151 151 289 289 289 372 372 739 739 
324 324 324 324 
7 7 7 18 18 387 387 387 741 760 760 760 760 
65 427 427 427 427 427 637 761 
60 60 60 
16 429 429 
377 377 377 617 617 697 
228 228 228 648 733 733 
29 29 161 161 278 278 278 741 741 741 
511 511 511 511 650 
413 632 632 
219 219 219 219 219 596 596 596 596 
47 171 171 171 307 
16 16 162 162 611 611 
486 486 486 599 611 611 611 611 611 
538 547 547 669 669 669 
49 49 49 49 49 245 
382 382 382 382 475 475 475 475 475 763 
169 508 508 508 
355 598 598 598 
26 26 311 311 311 
16 57 91 91 91 380 380 380 
26 659 659 659 664 676 676 
81 310 310 310 422 422 607 607 607 
491 678 
150 150 150 150 150 333 333 333 547 547 547 644 
391 391 408 745 745 745 
314 314 409 409 409 
530 530 
58 58 58 58 322 322 603 603 603 
157 157 341 
311 311 385 500 722 
239 239 293 522 757 
121 698 698 698 698 
9 9 9 59 124 739 739 764 764 
52 52 457 667 667 
294 294 636 636 
43 43 343 423 761 
5 5 5 
523 658 658 
48 
336 633 633 
156 156 280 755 
601 
108 681 
213 213 225 225 275 292 738 
5 5 156 156 156 156 239 239 239 
176 176 213 213 373 373 461 461 504 699 699 
219 227 227 559 559 559 559 
79 79 
567 567 567 624 624 
8 8 8 8 10 10 62 81 206 206 517 562 661 
54 54 
85 245 330 351 407 442 447 447 591 747 747 
16 198 198 198 
322 322 322 322 577 577 577 
252 252 252 362 362 
73 73 484 484 484 520 520 
80 80 241 
422 422 422 422 571 571 571 
649 649 
266 
298 298 686 686 701 701 
16 327 327 327 327 561 561 562 562 562 562 562 
21 21 21 459 459 545 545 
49 49 330 
128 545 545 545 
516 516 
134 134 158 158 
377 377 554 554 648 648 648 
39 39 39 
134 134 134 134 
115 115 115 213 240 750 
189 358 358 424 424 424 461 
80 80 80 154 154 350 350 739 
5 654 
16 16 598 598 
393 393 
16 128 321 321 321 321 333 333 442 442 454 455 
96 
62 62 62 117 
68 68 68 68 68 
203 203 346 

382 534 558 558 
3 16 16 16 89 207 261 278 278 281 333 333 333 336 336 414 414 420 452 452 452 476 589 589 655 655 708 
393 
1 1 5 5 115 115 138 213 405 405 700 700 700 759 759 759 
294 294 294 584 584 
131 249 249 551 
516 
254 288 489 489 645 667 

223 705 
298 445 445 445 445 739 
444 444 545 545 546 546 667 732 
203 203 203 573 
35 35 35 639 741 741 
213 353 353 353 471 471 
407 730 754 
199 199 203 203 203 203 262 262 290 369 369 377 377 425 555 617 617 617 
257 257 529 608 608 701 
557 
654 654 716 
218 303 303 
196 196 196 196 342 342 342 
147 147 147 320 320 320 623 651 651 
36 36 36 36 207 261 633 633 
117 213 504 677 677 
190 190 190 
48 323 323 371 371 371 587 587 690 690 690 
273 273 273 570 570 570 
730 
206 206 599 
440 733 
5 5 5 188 395 395 680 680 759 
127 127 127 127 198 198 497 570 695 
19 19 19 416 
196 196 203 
75 75 96 149 149 175 175 189 201 288 288 342 342 342 398 398 398 583 583 639 643 739 739 762 
108 739 739 739 739 
563 563 563 
30 30 35 681 681 744 744 744 744 
319 
129 129 338 338 
319 
117 193 193 
226 226 
570 570 
117 656 656 750 750 750 750 750 
187 187 187 572 733 
94 94 94 184 256 256 315 315 315 315 464 464 464 464 
73 83 83 83 203 203 540 663 663 
399 399 399 592 670 670 
296 296 376 395 
117 224 224 224 341 341 
266 266 266 266 
249 
462 462 610 610 
257 257 257 257 737 737 739 739 
82 82 82 90 90 90 90 265 265 
80 80 437 739 
371 658 658 658 
294 309 309 345 
252 298 298 298 739 739 
105 419 495 495 
181 181 241 241 243 243 243 
349 390 497 497 507 507 664 
200 388 524 524 717 717 717 739 739 739 
495 495 495 554 
581 581 581 581 
57 57 132 132 132 154 234 234 234 234 234 327 327 595 595 
5 5 5 635 635 635 
113 113 257 529 610 610 649 758 758 758 
16 16 547 547 
147 513 525 525 525 525 716 
100 103 342 342 342 444 
10 252 519 519 529 529 641 
341 483 483 483 
319 
138 324 329 329 329 633 733 749 
16 
159 159 233 233 233 354 354 461 
50 312 312 312 430 430 430 
26 26 26 266 266 356 
16 16 16 16 239 242 242 242 333 333 
246 246 543 543 739 739 739 
203 203 203 301 
70 70 70 291 291 291 387 513 513 651 703 
200 200 524 532 696 696 696 
276 276 285 
5 5 5 163 163 163 213 213 222 222 359 359 359 359 367 494 494 537 537 537 537 742 742 742 
69 69 157 453 
105 105 105 727 727 727 727 
23 23 23 579 
70 70 89 108 203 203 301 
16 16 16 485 485 485 
158 158 366 366 514 514 514 
95 95 399 399 473 
529 721 721 721 721 
384 384 384 
45 45 45 81 81 170 170 435 
330 377 377 377 647 660 
160 342 342 342 
643 
339 440 449 526 534 555 555 662 678 708 753 753 756 
317 317 317 317 400 400 

307 307 
530 530 530 687 687 763 763 763 763 
542 542 542 593 
5 10 14 14 14 16 16 24 68 68 68 80 80 80 90 90 108 108 108 136 136 136 139 139 151 151 175 177 177 180 180 180 185 185 190 190 190 237 237 237 258 258 265 265 265 292 298 298 298 312 312 342 342 366 366 366 379 379 382 388 391 402 402 413 437 437 493 493 532 532 532 548 548 582 582 622 642 667 667 668 668 668 668 687 687 689 692 692 696 696 696 714 714 714 745 745 748 751 
432 517 
7 7 18 18 34 34 35 73 73 73 214 214 450 450 450 450 550 556 556 556 645 645 
367 367 719 719 719 
179 179 370 445 445 445 
378 670 670 670 670 
30 241 241 574 574 574 739 739 
49 
442 442 601 601 
14 14 137 137 190 190 391 391 391 739 
248 248 708 
192 620 677 677 677 677 677 
510 739 
483 483 483 
449 449 733 733 756 756 756 
342 342 342 647 
41 274 274 590 
220 220 324 452 733 753 753 753 
239 239 239 239 580 
224 224 403 403 438 438 438 701 701 701 
5 5 635 635 635 663 
334 334 334 550 550 550 550 
316 316 343 474 474 551 585 
342 342 667 
530 530 565 737 737 737 737 
9 9 108 108 108 108 582 582 
27 207 
156 280 280 280 
5 47 47 47 47 387 
