nodes: 768 edges: 1414
448 
635 635 
117 150 150 317 
364 633 
208 208 247 357 462 
17 47 79 115 118 144 144 163 171 174 194 210 210 213 213 213 221 239 239 239 272 272 307 307 344 348 367 370 387 387 395 395 405 411 412 441 448 466 484 504 504 504 537 635 635 654 654 663 700 719 719 719 759 767 
174 
550 741 741 
99 599 
25 25 25 124 
81 81 252 252 265 265 285 529 529 529 599 599 599 739 
494 
16 265 
159 159 238 272 272 272 409 409 
241 448 493 493 739 748 
296 
12 40 40 40 57 198 198 198 258 278 296 296 321 333 333 378 400 407 442 473 485 505 553 553 553 601 601 602 611 611 626 633 633 633 702 713 713 713 713 741 741 
5 466 
34 79 79 79 340 550 550 741 741 
665 
352 352 
439 439 485 485 612 
67 383 515 515 515 
218 481 
312 
9 9 9 107 354 354 354 614 
41 203 266 428 428 462 472 472 472 540 570 570 
765 765 765 
203 356 
35 35 556 
203 203 290 338 681 

516 

18 
29 29 66 156 278 278 297 556 556 645 645 670 670 741 
102 352 655 
43 43 87 87 87 110 534 
294 294 298 298 
355 355 
16 16 16 118 118 118 216 351 
26 755 
48 48 306 
37 37 316 316 
246 337 

459 
5 171 307 307 387 387 767 
42 42 588 

160 160 312 711 
393 517 517 

126 188 188 
310 600 600 
75 144 144 375 392 
64 64 156 239 239 242 376 503 
16 258 569 699 699 
203 
365 582 
106 106 156 552 

517 517 628 628 
156 156 156 292 292 292 
56 56 106 106 223 255 
117 249 427 427 
35 83 395 395 402 
22 159 213 213 213 232 260 354 354 354 397 446 446 521 760 
108 108 485 513 
156 156 
140 273 273 307 533 533 716 723 723 

151 
605 605 
84 
55 502 667 
100 402 
370 705 
255 
5 18 18 18 239 340 340 451 597 
468 468 622 
10 10 170 195 257 257 300 302 302 302 310 343 343 422 433 443 599 599 729 
237 
66 117 117 228 342 342 500 500 680 
74 
601 
239 
37 37 37 284 

633 723 
400 400 400 688 688 739 739 
380 380 

279 279 345 
203 203 212 253 447 679 
129 399 
627 667 
342 
308 366 366 516 
8 
76 704 

36 703 
130 300 704 704 
299 299 

60 60 64 64 156 499 
25 
68 68 123 203 203 312 723 739 739 

37 733 
203 203 429 
170 411 411 411 
257 701 701 
342 
5 620 
213 213 431 
2 65 83 83 224 342 342 342 518 656 656 656 656 674 674 677 
5 40 40 40 216 
120 120 
119 119 

194 
108 354 469 
9 582 621 
490 496 
53 
664 
459 459 459 614 626 
95 203 203 266 330 330 330 399 399 
103 208 208 208 282 342 342 342 
637 637 
699 

619 619 619 655 
326 505 505 507 
274 739 739 739 
217 746 748 
635 635 708 

70 387 387 525 525 525 
241 293 590 
735 

5 5 55 55 163 484 529 529 

207 765 
654 

186 342 342 667 
2 2 214 573 573 
72 548 548 

317 
350 350 350 699 
388 388 
35 56 60 63 63 63 69 69 106 460 460 590 594 766 
203 520 578 720 
616 725 
13 13 67 354 409 409 461 
50 50 342 487 494 494 
556 556 
561 561 
5 144 213 213 213 353 719 719 
393 
294 294 
484 484 484 484 
341 
243 
428 566 
81 112 342 401 456 729 
5 47 418 418 560 
286 294 367 540 

5 6 
667 
504 595 595 
224 342 
208 
408 408 743 743 
739 
210 275 694 694 694 694 


253 253 253 253 398 398 398 398 679 679 
388 388 
149 547 547 
204 292 455 678 678 756 756 
53 53 
621 
402 450 649 657 739 739 
247 247 

336 336 336 658 
5 122 
81 
203 653 666 666 666 666 

16 16 16 416 601 601 602 602 
648 648 
524 717 717 
667 
720 741 
26 28 30 30 58 94 94 108 108 111 111 129 129 157 196 253 253 262 301 301 328 337 337 341 341 342 342 374 377 377 377 386 399 399 423 423 444 444 444 444 467 486 540 544 577 609 625 630 630 631 644 648 648 648 648 666 673 680 715 715 715 723 723 726 
187 
279 

146 765 
4 4 130 130 130 178 247 247 
342 342 
5 5 181 531 531 651 
270 270 
94 
5 5 5 67 67 67 116 116 163 163 163 222 222 225 273 273 305 305 373 471 498 504 504 593 593 595 595 595 620 635 646 656 719 728 
150 741 

40 118 
137 290 
23 262 341 
559 559 596 
756 
5 387 
213 213 359 359 359 719 
64 239 
117 177 295 342 342 342 683 683 683 
213 273 474 474 542 
428 540 
366 559 596 596 
83 555 555 
284 284 
570 
264 264 
67 

699 699 699 
305 
241 274 445 
82 739 
13 306 389 389 
5 5 5 56 56 79 86 223 408 580 580 590 590 713 757 
446 
14 141 236 315 315 455 455 468 606 745 745 
56 503 713 
168 428 508 694 

601 
44 337 415 415 415 714 
4 191 191 208 208 341 341 
420 749 749 
65 467 551 637 

506 
10 10 604 604 604 705 
94 184 184 184 184 203 203 377 377 
282 489 489 639 
64 78 
679 679 
81 81 113 381 443 529 529 687 
16 57 739 739 

67 364 
333 333 355 355 415 633 655 
203 218 648 

231 231 328 
10 10 12 688 
26 129 356 684 684 712 712 
366 
692 
372 372 
211 211 286 335 
535 535 
5 5 13 13 13 451 
70 70 213 213 225 659 
136 236 739 739 755 755 
181 593 593 593 
450 
346 346 632 632 
16 35 35 428 428 434 476 477 522 522 556 556 556 633 633 740 
93 93 205 


130 254 344 
399 
87 229 229 548 
10 
172 270 341 341 464 

354 354 354 639 639 639 639 667 
548 548 
30 217 374 374 374 648 
721 
63 63 63 187 366 366 593 
141 
38 38 165 165 172 298 298 309 636 691 
224 731 731 
15 16 16 347 347 347 376 424 424 424 473 475 487 487 682 
35 
38 38 294 294 610 686 686 692 739 739 
104 104 498 
81 103 310 
203 203 356 715 
81 81 81 355 355 
652 
409 409 522 
213 213 235 354 354 
42 238 
5 5 47 47 70 560 716 
98 
294 418 418 511 511 691 
54 81 300 571 571 607 607 
385 385 579 
24 50 108 342 402 430 430 430 522 
420 
409 
241 241 
43 43 585 761 761 761 
2 153 734 734 
360 527 
671 671 673 
508 654 654 654 
16 381 548 626 626 626 
603 
658 
549 549 756 

135 507 507 507 553 553 
611 611 611 699 741 
203 264 
708 
129 129 129 601 601 


16 16 261 261 573 573 626 633 633 633 658 658 713 
760 
270 513 513 
193 193 193 589 589 633 
44 203 203 246 342 456 456 
30 672 672 
534 
18 79 79 448 448 
167 203 203 218 247 247 286 286 464 544 683 683 683 706 720 720 752 
83 83 97 114 117 117 117 130 130 130 149 149 160 170 177 203 203 209 209 224 224 224 312 337 428 428 643 643 653 667 704 704 731 739 754 762 762 
81 81 
5 282 
93 691 
277 277 630 630 
296 296 296 
5 370 441 
695 695 
154 154 154 
40 368 601 
20 20 36 395 395 
163 646 
25 25 25 67 67 67 123 159 288 288 288 305 305 469 527 
39 39 261 261 302 302 567 
28 266 301 712 
4 

222 222 222 461 461 719 719 719 
318 

604 604 
498 530 
3 260 
59 
98 98 227 267 292 292 725 725 
5 172 719 719 
351 
648 648 
5 77 348 
382 658 690 
269 269 
213 595 595 
203 290 290 290 
55 
56 296 
203 203 203 253 253 554 730 
16 744 744 
388 388 739 
91 91 569 
257 321 
371 632 632 739 
22 
728 
311 311 
203 
5 5 47 47 140 140 221 550 550 550 716 767 767 
155 155 185 185 379 379 696 739 
238 238 
601 
574 
55 
51 164 625 

5 5 66 66 352 352 412 663 682 682 

67 
184 184 184 184 667 667 
95 129 129 203 203 283 487 681 681 726 
16 90 90 90 734 
170 
66 76 190 312 739 
758 
434 522 522 
5 533 533 
498 498 
16 601 
179 179 239 574 574 574 
13 13 159 159 304 304 314 575 
546 546 
5 112 112 112 
5 395 
632 739 739 

246 246 246 261 
198 665 
700 
171 171 309 309 511 
693 
248 313 708 
549 549 
81 571 607 607 
203 203 
296 296 296 479 479 621 

498 
65 65 
26 26 169 226 243 278 278 342 342 478 566 
111 
312 312 312 499 711 
116 
740 
81 
278 404 
729 
478 


21 21 458 
482 662 
5 348 
16 747 
81 257 537 
203 203 203 203 631 631 643 
236 642 642 743 
67 67 240 
94 601 
0 5 14 340 340 
526 753 
190 276 741 741 
79 272 
589 633 
520 720 
626 
187 241 241 
170 337 337 465 

439 
46 128 128 128 545 612 
156 156 
159 359 359 595 710 710 
4 26 

286 341 679 
456 
5 17 
203 249 
80 80 241 
123 354 

213 
26 26 26 
16 296 
225 225 
296 565 565 663 
278 
278 
428 436 
424 424 
490 532 532 
23 
440 
706 
5 144 166 166 166 166 605 605 
16 21 21 68 
203 562 
160 296 296 399 

254 254 
125 480 496 496 
572 

14 14 
11 160 160 719 719 
693 693 695 697 
125 490 490 
664 664 664 
213 299 363 406 406 426 763 
106 430 
83 83 

75 
56 242 
5 5 5 176 213 213 595 
16 135 135 
251 567 
135 326 326 326 664 695 697 697 697 
243 320 

725 
309 309 418 557 

68 335 335 716 716 
725 
22 22 22 
32 98 638 
51 51 62 62 599 599 599 740 740 
117 
705 705 
157 453 568 605 605 605 
67 
278 278 304 312 404 404 580 
587 
200 696 717 
140 140 140 
449 
318 354 
669 671 
10 10 10 144 144 257 257 701 705 727 
363 576 576 737 
210 210 
480 480 
70 70 405 405 
37 339 733 
271 271 

5 443 662 719 719 


26 172 203 226 680 

225 593 738 
714 
203 341 
459 614 614 643 
410 410 643 
186 186 563 563 573 702 
151 151 284 289 289 321 739 739 
324 324 421 421 
7 18 18 387 387 387 741 741 760 
249 
60 
16 16 16 326 326 
377 617 697 
228 228 
29 35 35 161 161 278 278 278 741 741 
511 650 
632 632 
219 219 227 596 
171 307 
162 162 569 
486 599 611 
547 547 669 669 

475 475 763 
169 428 
355 506 
520 
57 380 561 
26 26 230 659 676 
310 310 422 607 607 
491 
150 150 333 333 547 
391 408 408 408 745 
409 
530 530 
203 603 
157 
311 
239 239 522 757 
698 698 698 
59 124 764 
667 

316 640 640 761 761 

523 658 
48 
336 336 452 633 
141 156 239 239 
601 
681 681 681 
213 213 275 275 275 292 542 
156 
176 176 213 213 213 373 373 461 504 699 699 
219 227 227 559 725 
79 

8 10 10 10 81 81 517 517 517 562 
54 54 
16 16 85 198 198 245 330 330 351 390 407 447 591 660 695 695 747 
16 198 198 
322 577 
252 252 252 362 362 664 
73 73 484 484 520 520 520 709 
241 
310 310 422 422 571 571 
649 
203 
298 686 701 701 
16 16 327 327 327 562 
21 459 

25 128 545 545 708 

158 
554 648 

134 134 134 694 
115 213 750 
124 189 424 
80 


203 393 
16 128 321 321 321 333 454 
96 
62 62 

203 203 346 346 
203 444 444 
277 277 382 382 413 558 558 
3 16 16 16 89 261 278 278 333 333 333 336 452 589 655 655 708 708 708 

1 1 5 5 138 138 213 700 759 
294 
131 131 249 
516 
254 288 288 288 288 667 667 667 
585 585 
705 
445 445 
342 342 444 545 546 
203 
35 35 741 
213 353 
730 
199 199 203 203 203 203 262 290 369 369 617 
190 608 701 701 
557 
210 716 716 
303 
196 342 
5 5 147 320 320 320 
36 134 261 633 633 
117 117 117 117 213 677 677 
190 
193 323 333 333 371 587 674 
273 570 
601 730 

440 537 
5 395 475 
127 497 497 497 507 604 695 
19 416 
196 196 196 196 203 
75 96 149 175 201 288 342 398 398 583 639 639 639 739 739 
739 739 739 
528 563 563 
35 35 681 681 681 744 744 
319 319 528 
338 338 706 
203 319 
117 117 658 

570 
117 656 656 750 
187 187 733 733 
94 184 184 256 256 464 
83 203 540 
30 399 399 592 592 592 670 670 670 
296 395 395 719 
224 224 224 341 341 341 
266 266 

298 298 610 
257 737 737 739 
90 90 265 

371 
294 309 345 
268 298 739 
419 495 495 
181 181 181 181 243 619 745 745 
349 349 495 507 601 601 664 
388 524 717 739 
495 507 507 507 554 
581 581 581 
57 57 132 154 234 234 234 327 595 595 
5 417 635 
113 113 529 610 610 649 649 
16 547 
102 716 
100 103 103 342 342 
77 252 519 519 529 641 
341 483 672 

138 329 420 614 633 633 633 733 753 756 
605 
461 461 
50 430 
266 266 356 
16 16 16 16 239 242 333 
246 543 
203 203 203 301 
70 307 387 513 513 651 651 703 
200 200 524 696 

5 5 5 163 163 213 222 359 359 359 367 367 494 494 537 537 682 742 742 742 
157 202 341 341 453 
291 727 

70 70 89 108 203 203 

158 366 366 510 514 596 
203 399 
529 721 
213 384 
81 170 435 
377 647 660 
295 295 342 

110 534 678 678 708 749 753 753 753 756 756 
317 317 400 
142 

530 687 687 739 739 739 763 
542 
10 14 90 90 108 108 136 136 136 180 190 190 237 258 258 274 274 298 298 342 379 382 388 402 413 413 548 548 667 667 668 668 668 687 692 696 737 737 737 745 748 751 751 
278 432 517 517 
7 7 16 16 18 18 35 202 214 327 450 450 550 550 556 556 645 
719 719 719 
179 179 445 
378 378 670 670 
241 241 574 694 694 739 
137 
442 601 
14 137 739 
248 248 733 
620 677 
739 739 
341 
449 708 733 733 733 
342 
41 274 274 
187 187 220 324 708 733 733 
239 580 
403 
5 635 
67 334 550 
316 316 316 585 585 
342 342 
498 565 737 
582 
27 27 27 146 207 
156 
5 47 387 387 
