nodes: 768 edges: 2379

635 635 635 
117 117 150 150 150 282 317 
633 
208 208 247 247 263 341 
17 47 47 55 55 59 115 118 118 118 147 147 163 163 171 210 213 213 213 221 221 239 239 272 307 307 344 348 348 367 370 370 387 387 395 395 405 405 405 411 411 411 412 412 441 441 441 441 448 448 448 451 466 504 504 506 506 537 567 567 586 586 586 594 594 623 623 654 663 663 663 700 719 719 739 739 759 
174 174 
550 550 741 
343 599 599 
25 25 25 124 124 126 126 126 582 582 582 764 764 764 
81 121 257 257 265 265 265 274 274 274 276 276 276 276 285 285 285 312 312 389 529 529 529 599 599 705 705 739 739 
359 494 
16 16 16 242 265 265 265 376 
159 261 261 261 272 272 272 409 409 
241 241 241 448 493 739 748 748 748 
296 296 
12 12 12 32 32 35 35 40 40 40 57 78 78 78 173 198 214 214 258 258 259 259 259 259 296 321 321 321 333 333 333 378 400 407 407 429 429 442 442 473 505 547 548 548 548 553 553 569 600 600 601 601 611 611 611 624 626 626 626 633 633 702 702 709 709 713 713 713 724 739 739 739 741 741 
5 466 466 466 
34 34 79 79 340 550 550 741 741 
416 416 602 665 665 
352 352 352 
128 128 612 614 626 626 
232 232 383 515 515 521 521 521 
218 218 218 481 481 722 722 722 
312 312 312 739 739 
9 9 9 107 354 614 614 614 
41 41 148 148 203 266 266 342 428 462 472 472 472 472 540 570 570 570 712 
30 765 765 
203 301 301 356 356 356 
35 556 556 556 
27 203 203 203 290 322 609 670 670 670 670 670 681 745 
533 533 
16 16 516 

18 18 741 
16 16 29 73 156 278 278 297 432 432 436 556 556 645 645 670 741 741 
102 352 352 395 655 655 655 
43 43 87 110 534 534 
294 294 294 
261 355 355 355 415 415 618 
16 16 16 101 118 118 216 216 216 348 348 348 351 351 351 351 
26 26 246 342 342 342 472 755 755 755 755 755 
48 306 306 306 421 421 421 
37 37 110 110 316 316 316 479 479 479 585 761 
246 246 337 337 337 
253 253 729 729 
545 545 545 545 
5 5 171 221 221 221 307 307 387 387 387 560 767 767 767 
42 588 658 674 
564 564 564 601 601 613 613 613 
160 160 160 312 312 711 711 711 
203 393 393 517 517 630 
583 583 
126 188 188 188 
310 600 600 
5 5 75 75 144 182 182 182 375 375 392 392 
64 64 156 223 223 223 223 239 242 242 503 503 
16 699 699 699 
203 482 577 
5 582 
106 106 106 552 

599 599 599 628 628 628 628 
156 156 156 292 292 
56 56 106 106 106 156 156 223 223 255 499 499 499 518 518 518 
117 117 117 249 249 427 551 
395 395 395 395 402 
120 159 159 159 213 213 232 232 354 354 397 397 446 446 521 521 
108 108 513 629 629 739 739 739 
156 156 640 720 720 720 
140 140 140 273 273 273 307 533 533 533 716 716 716 723 723 723 723 723 
164 
151 257 257 
35 297 297 297 491 605 605 605 605 605 680 741 
84 84 84 
55 55 502 502 502 667 
100 402 402 
352 370 
16 16 16 255 473 473 
18 18 239 340 340 340 448 448 451 597 
241 241 350 468 468 606 606 622 689 689 689 739 739 
10 170 195 195 206 257 300 300 300 302 302 343 343 343 422 422 422 433 433 433 436 436 443 599 599 599 729 
237 237 237 688 688 
117 228 342 342 342 500 500 500 680 680 680 
74 74 74 
127 601 601 

37 229 284 284 314 

207 207 207 
400 400 400 688 688 
380 569 
414 589 
279 279 279 294 312 312 
203 203 212 253 447 447 447 447 679 679 
129 283 283 399 399 726 726 
322 627 667 
342 342 
308 308 308 308 308 366 516 

76 704 
40 
36 
130 300 300 300 342 704 
299 299 
721 
60 60 60 64 64 64 156 499 
25 
68 68 203 203 203 312 312 312 723 723 723 739 739 764 764 
203 203 203 
37 43 43 504 733 733 
157 157 157 203 429 429 429 
170 170 411 411 411 411 716 
257 257 
342 342 428 428 
5 620 620 620 635 
213 213 431 
2 2 65 65 65 83 224 342 342 342 518 656 674 674 674 677 677 677 683 683 
5 5 5 40 40 348 441 
120 120 120 267 267 
67 119 119 119 267 
10 581 
194 194 194 
215 354 354 469 469 469 
9 9 582 582 621 
490 490 496 496 496 
9 9 9 53 
85 664 664 
21 21 459 459 459 473 
95 203 203 266 330 330 399 467 467 467 
103 208 282 282 342 342 
637 637 
633 699 699 699 
312 
158 616 616 619 619 619 
326 505 505 507 507 507 
274 375 418 418 418 475 739 739 739 739 
190 190 217 748 
635 635 635 708 708 
391 
70 70 70 244 244 244 387 525 525 
241 293 455 455 590 
202 
222 401 
55 163 163 529 529 529 529 
383 383 523 523 
207 765 
5 5 654 
26 26 
186 342 342 667 667 
2 2 2 214 429 573 573 573 
72 548 548 548 739 739 
258 
317 317 317 
350 350 350 622 699 699 
388 388 388 
35 56 63 63 63 64 64 69 69 106 255 460 460 460 463 590 590 594 
111 111 111 197 520 520 578 720 
134 616 725 725 
13 67 67 67 304 304 318 354 354 354 362 362 409 409 461 461 710 710 710 
50 50 50 342 494 494 494 731 
556 556 556 
561 561 561 
5 5 144 144 213 213 353 506 506 506 719 
71 
294 294 
484 484 
341 
243 243 399 428 
428 
81 112 112 342 401 456 456 478 478 
5 47 418 496 560 560 560 560 
294 367 540 540 540 
16 504 504 504 764 
6 6 
254 
504 504 595 
224 342 342 739 739 739 
208 
408 408 408 743 743 
739 739 739 
210 210 275 275 275 694 
55 55 55 
343 
253 398 398 398 679 679 
388 388 739 
149 603 
204 292 292 292 292 455 678 678 678 756 
53 53 53 
667 
137 137 336 336 336 402 450 450 657 657 739 748 748 
247 247 
750 750 750 750 750 
336 658 674 674 674 
122 122 122 210 
81 81 312 312 312 
203 332 653 653 653 653 653 666 
157 543 
16 528 601 602 664 
203 203 648 648 
524 524 532 717 

142 
26 28 30 30 30 51 58 94 94 108 108 108 109 109 109 111 129 129 196 199 199 253 253 253 262 264 290 301 328 337 337 337 341 341 342 374 377 377 386 386 393 399 423 444 444 444 444 486 540 541 541 544 544 544 577 609 630 631 644 644 644 644 644 648 648 648 666 666 666 673 680 680 680 715 715 715 723 723 
187 542 
312 312 
81 599 599 599 661 
89 89 89 146 633 655 765 
4 4 130 178 247 357 512 
246 246 342 342 500 714 
5 181 181 194 531 
270 270 270 335 335 335 
94 253 712 
5 5 5 67 67 116 116 163 163 222 225 273 299 305 305 305 305 373 471 498 504 504 504 595 595 635 656 656 719 
16 16 150 741 
123 
40 40 40 
137 290 
23 23 23 262 262 262 341 
227 227 227 559 
756 756 756 756 756 
5 5 47 47 47 387 387 387 
143 213 359 359 
56 56 56 56 64 64 255 729 
117 177 295 295 342 342 438 438 438 683 683 683 750 750 758 758 758 
213 273 273 273 275 275 396 396 396 474 542 542 593 593 
428 675 
219 219 219 366 559 
83 555 555 555 
87 269 269 
570 
264 
22 22 67 67 383 
664 740 
373 373 699 699 699 

241 241 274 274 445 
82 82 82 739 739 
306 389 389 
5 5 56 79 408 408 580 580 580 590 590 594 594 713 757 

14 14 14 80 80 141 236 236 243 243 243 243 312 312 312 342 455 455 468 468 606 606 606 694 694 694 745 
12 56 56 503 713 713 713 
168 168 241 241 241 241 428 508 508 694 694 
140 140 140 463 463 

41 44 44 209 209 337 415 415 415 415 714 
4 4 191 191 208 
420 749 749 
65 65 467 485 551 637 637 637 637 685 

506 506 
604 604 604 705 705 705 
45 45 94 184 203 203 203 212 
175 282 282 282 282 489 639 639 639 667 667 667 
64 78 156 223 
679 
10 10 72 72 81 113 113 381 381 381 381 443 529 649 649 649 687 687 687 687 687 701 701 
16 16 152 739 
16 16 16 16 
364 397 397 
13 13 13 39 333 333 355 355 415 415 415 633 633 655 655 
203 218 218 218 563 
4 
203 231 328 328 
10 10 10 12 12 12 688 688 739 739 
26 26 129 356 356 525 684 684 712 712 712 
119 119 120 366 366 366 
692 
229 229 548 548 
211 211 211 286 286 286 286 335 
535 535 535 
5 13 13 13 
70 70 70 213 225 225 225 334 659 659 
10 10 10 136 236 236 389 389 739 739 755 755 
181 181 181 225 225 593 593 593 593 
10 10 10 10 285 285 285 285 285 450 718 718 
346 632 
35 35 287 404 428 428 428 428 434 476 476 477 522 522 556 556 556 633 633 740 
93 93 93 312 312 423 
590 590 766 766 766 

2 130 130 254 254 254 254 344 344 
95 95 
87 87 548 548 
10 10 10 276 276 276 276 276 718 
270 270 270 270 464 
278 432 432 432 432 
354 354 354 639 639 667 667 
467 548 548 
30 203 217 374 374 374 648 648 
721 
63 63 187 187 187 187 366 366 470 470 739 
141 455 455 455 580 
38 38 38 93 165 165 172 298 298 309 309 584 584 636 691 691 
224 224 731 731 
15 15 16 326 347 376 473 473 475 475 505 682 682 
35 73 73 73 
294 294 610 610 686 692 692 707 707 707 707 707 739 739 739 
104 104 213 363 
81 81 81 103 103 103 310 422 464 464 464 464 464 
28 28 203 356 356 715 715 
81 81 355 355 355 355 
652 652 
159 159 409 522 
213 213 213 213 354 
42 42 42 238 323 
5 5 47 47 70 560 560 560 604 604 716 736 736 
98 98 98 98 98 516 516 
294 294 418 511 511 511 691 
54 300 571 571 571 607 607 607 
385 385 385 568 568 568 568 568 579 579 
10 10 24 24 24 50 50 93 93 108 108 108 133 195 195 195 205 205 241 241 241 279 279 402 430 430 522 522 522 522 536 668 711 739 

87 575 575 575 
679 679 
43 43 43 343 585 761 761 761 761 
2 153 153 153 734 734 734 
159 360 360 527 527 527 
671 671 673 
654 
16 16 16 378 378 378 378 378 548 626 626 
30 96 577 
306 421 658 658 
549 549 708 
733 
135 296 507 507 507 553 553 553 
611 611 676 699 699 741 741 
203 264 264 
708 
129 129 495 730 
428 428 
196 
16 16 16 261 261 364 364 547 573 573 633 633 633 633 658 658 713 713 
273 760 
211 211 211 270 513 513 513 
190 190 190 193 589 589 633 
44 44 44 203 203 203 246 342 415 415 415 456 456 456 552 
672 
733 733 
18 79 79 79 
4 167 203 203 218 410 464 464 544 544 578 683 683 683 683 684 706 706 706 726 
26 41 41 41 83 83 83 97 97 103 114 114 117 117 117 130 130 149 149 160 170 177 177 203 209 209 224 224 241 337 399 399 399 428 539 539 643 653 653 667 704 704 731 739 739 754 762 762 
8 81 81 81 183 316 433 585 585 585 761 
5 282 282 538 
691 
277 630 630 
296 
5 5 40 40 40 118 370 441 
497 695 695 
80 154 154 154 622 622 
40 40 40 40 601 
20 20 20 36 36 77 395 395 395 
163 646 646 646 
25 67 67 123 123 159 159 159 288 288 288 305 469 710 710 
39 39 39 261 261 302 302 302 302 567 
28 28 28 266 266 301 301 712 712 
208 

11 222 222 461 719 719 
318 318 

159 159 604 
299 406 406 498 498 498 530 576 576 576 
260 333 333 

98 227 267 267 267 292 292 470 596 596 596 622 739 739 
5 172 719 719 

648 648 
5 5 77 348 
382 382 382 690 690 
548 548 
213 234 234 595 595 595 
203 290 290 290 
55 55 136 
12 296 682 
203 203 425 425 554 554 617 617 697 697 730 730 730 730 
16 321 321 321 321 321 744 
388 388 739 
91 569 
257 257 257 257 
371 371 371 565 565 565 739 739 
22 145 145 232 
728 
311 311 311 579 579 
203 203 
5 5 47 47 47 140 221 221 221 550 550 550 550 550 716 767 767 767 767 767 
155 155 155 185 185 379 379 480 480 696 739 739 
10 238 238 274 274 
601 
139 574 739 748 748 748 748 748 
55 55 
51 51 203 625 
429 
5 5 36 66 66 66 66 352 352 352 412 412 412 484 663 682 682 
225 225 225 
67 67 260 260 
184 184 184 667 667 667 667 
95 95 129 168 203 342 342 342 487 681 681 726 
16 90 90 90 734 734 
143 170 
66 76 76 190 312 657 657 739 739 739 
715 758 
278 432 432 434 434 522 
5 5 5 533 533 533 635 635 
363 363 498 498 498 
16 16 601 647 
179 179 179 239 239 574 574 574 574 574 
13 13 159 159 304 
341 546 546 
5 5 5 112 112 112 112 455 455 
5 5 395 395 395 
558 558 632 632 739 739 
92 633 633 633 
39 39 246 246 246 246 261 261 261 337 337 337 
19 19 665 665 665 665 665 
700 
136 136 136 171 309 511 
693 693 693 
248 633 708 708 
42 42 42 323 549 
81 81 81 300 571 571 607 
203 279 
473 473 473 479 479 621 
377 377 648 
498 498 498 
65 551 551 551 551 
26 114 114 168 169 226 243 278 278 278 278 331 331 342 478 478 508 508 675 754 754 
16 16 111 111 111 150 394 553 
312 312 499 711 711 711 
116 
35 35 287 287 287 287 404 404 740 
81 81 81 343 
278 404 404 
729 
35 81 81 478 
514 689 739 
224 224 224 758 
458 
482 662 662 662 733 733 
5 5 5 5 118 348 
16 16 747 
81 257 537 537 537 
203 203 203 203 631 631 631 643 643 
236 642 642 743 743 743 743 755 
67 67 
94 94 94 94 601 
5 5 5 14 79 79 
733 
190 190 276 741 741 741 
5 79 537 
589 589 633 


141 141 187 241 241 293 293 293 411 411 
170 170 337 337 337 465 

439 
128 128 128 545 612 
156 156 156 488 488 
159 159 359 595 621 621 621 710 
26 686 686 686 686 
156 244 244 
286 300 300 300 300 300 341 341 599 679 679 
456 
5 17 17 17 
129 129 129 249 289 
80 80 241 241 606 
123 123 123 354 
292 292 366 
213 646 646 
26 26 26 26 41 
16 78 78 128 296 296 424 424 424 492 726 
225 761 
136 296 296 565 565 565 663 
278 278 633 633 
278 
170 170 428 428 436 
43 43 43 424 424 
388 388 532 532 
23 23 501 
58 440 
706 706 706 752 752 
166 166 395 605 
249 
203 562 562 562 
399 
460 460 
254 639 639 
125 125 496 496 
73 
473 
14 739 739 739 
11 160 160 160 719 719 
330 693 693 697 697 697 
125 125 125 171 490 490 536 536 536 536 
349 664 695 695 
213 363 363 363 406 406 406 426 426 426 
64 64 64 106 430 
83 83 83 209 579 
481 722 
75 75 75 
56 56 242 
5 5 110 173 173 173 176 176 213 213 213 595 595 
16 135 135 296 
5 5 163 163 163 251 251 
135 135 135 326 326 326 664 695 697 697 
243 243 428 428 566 

725 751 
309 309 309 418 557 
208 
68 335 335 335 703 716 716 
437 725 725 
22 22 
32 98 308 308 615 615 615 
51 51 528 528 528 599 599 740 740 740 
64 64 64 117 
705 
157 157 605 605 720 
22 22 22 67 67 
278 278 304 312 312 312 312 404 580 
145 145 587 587 
200 200 
140 140 266 703 703 703 716 716 
662 
318 318 318 
198 517 517 517 669 
10 10 10 144 144 144 144 257 649 701 701 701 727 
363 576 576 737 737 737 763 
210 
200 480 480 632 739 
31 31 70 70 70 405 405 405 
37 37 
271 271 271 
312 496 496 496 496 
5 443 443 443 451 719 719 
344 547 547 547 
342 342 
26 172 172 172 203 541 541 
203 203 540 540 
204 225 225 593 
197 544 714 714 714 
203 203 203 341 341 543 
46 46 46 46 459 612 614 614 614 614 614 
410 410 643 
16 333 538 538 538 563 702 
16 16 16 151 151 151 269 269 284 284 289 289 321 372 372 739 739 739 
324 324 421 
7 7 18 18 387 387 387 387 387 741 760 760 760 
65 249 427 427 427 427 637 
60 337 
16 16 326 326 326 429 
377 377 617 617 617 617 697 710 
228 228 228 648 733 733 
29 29 29 35 35 161 161 161 278 278 278 741 741 741 741 
511 650 650 
413 413 632 632 632 
219 227 596 596 596 596 
47 171 171 171 171 307 307 307 
162 162 162 569 569 569 
486 486 486 599 599 611 611 611 611 661 661 661 
262 547 669 669 
49 49 49 
382 382 382 475 475 475 763 763 
508 
5 5 355 598 598 598 
311 311 311 311 311 
16 91 380 561 561 561 
26 26 26 230 659 659 664 676 676 676 
310 310 310 422 422 607 607 

150 150 150 333 333 644 
391 408 408 408 408 408 745 745 745 
314 314 314 
363 363 363 530 530 
58 203 322 603 
157 341 
311 311 385 385 500 
239 239 239 293 522 757 
121 698 725 725 
9 9 9 59 124 124 739 764 
52 52 667 667 739 739 
294 294 
43 316 343 343 343 640 640 761 
5 5 5 
523 523 658 658 
48 
92 336 336 452 452 633 
141 156 156 239 239 280 280 
601 601 601 

225 225 275 275 275 275 542 738 
5 5 156 239 239 
176 213 213 373 373 373 461 504 504 
366 366 366 559 559 559 559 
79 
567 567 567 624 
8 8 10 10 62 62 62 81 81 81 206 206 206 464 517 517 562 562 
16 16 54 54 
16 16 49 49 85 85 198 351 390 407 447 591 591 591 647 647 660 660 695 747 747 747 747 
19 198 
186 577 
252 252 252 307 307 362 664 
73 73 73 73 73 484 520 520 709 
80 80 241 241 241 468 
310 310 310 422 571 571 
649 
30 203 
298 298 686 686 701 701 
16 16 16 327 327 562 562 562 562 
21 459 545 
49 49 49 
21 25 25 25 545 545 545 545 545 
516 516 516 
134 134 158 
377 377 554 554 554 554 648 
39 
134 134 134 
115 115 115 
124 424 461 461 461 
80 154 350 350 366 739 
5 5 
16 598 
393 
16 16 16 21 21 321 321 
96 
62 62 62 62 
68 68 
51 203 346 346 
203 444 444 444 
277 413 413 532 558 558 558 
3 16 16 132 207 261 261 278 278 333 333 333 333 336 414 414 414 420 452 476 476 589 655 708 708 

1 1 1 115 138 138 138 213 405 405 700 700 700 759 
294 
131 131 249 249 249 249 551 

254 254 254 288 288 489 489 645 667 667 
69 585 585 
705 
445 445 739 739 739 
342 444 444 546 
203 203 203 203 203 573 
35 35 639 741 741 
353 353 353 471 471 
407 601 601 730 730 754 
199 199 203 203 203 290 290 369 369 425 555 617 
257 257 257 529 608 701 
557 557 
654 654 716 716 716 
303 303 
196 196 196 196 196 342 342 
5 147 320 651 651 
36 36 36 207 261 261 633 
117 213 213 677 
190 190 402 402 
48 193 323 323 333 333 587 587 674 674 674 690 
273 273 570 570 
601 601 730 730 730 
206 562 562 562 
440 440 440 526 733 
5 5 5 395 475 680 680 680 680 
127 127 198 233 497 507 570 604 695 695 
19 19 416 416 416 416 416 
196 203 203 203 
75 96 149 149 189 254 254 254 288 288 342 398 398 398 398 583 583 639 639 739 739 739 762 762 
312 723 739 739 739 739 
528 563 563 
30 30 30 30 30 35 681 681 744 744 744 
319 319 
338 
203 319 
48 117 117 117 193 193 193 658 658 658 
226 428 
327 570 570 570 
117 117 117 656 750 750 750 750 
187 187 187 733 733 733 739 
94 94 184 184 256 315 315 464 464 
73 83 83 83 203 203 203 663 663 663 663 
30 399 399 670 670 
296 296 376 395 395 719 
117 117 224 224 224 341 341 341 341 
266 266 341 
249 748 748 
298 462 462 462 462 610 610 
257 257 257 257 257 692 737 737 737 739 739 739 
82 82 90 90 265 265 
80 80 80 437 739 
371 371 658 
294 294 309 345 
268 298 298 687 739 739 
419 419 419 495 495 695 
181 241 241 241 243 243 745 745 745 
349 349 497 497 507 601 664 664 693 
388 717 
377 377 495 495 495 507 507 554 
581 725 725 
57 57 57 132 132 132 154 154 234 234 234 327 327 
5 417 635 635 635 
257 257 529 529 529 610 610 649 758 758 
16 16 547 
513 525 525 525 716 
100 103 342 342 
10 10 252 252 252 519 641 
341 341 341 483 483 483 
298 298 298 298 298 
138 138 324 329 420 420 633 633 733 733 749 749 753 753 756 
16 16 605 
159 159 159 354 354 461 554 
50 50 50 312 430 430 430 
26 212 266 266 266 356 356 
16 16 16 239 242 242 242 333 333 
209 246 543 543 543 739 739 739 739 739 
203 203 203 301 301 403 
70 70 70 112 307 387 513 513 525 525 651 651 651 703 
200 696 
276 276 285 
5 5 163 213 359 359 367 367 494 494 537 537 682 742 742 742 742 
69 69 69 157 520 
105 291 727 727 727 
23 23 23 501 
70 70 70 70 70 108 108 108 203 203 668 
16 
158 158 510 514 514 581 581 698 698 
95 95 341 399 473 
529 721 721 721 
384 
45 45 81 223 435 
330 377 377 377 377 647 647 660 660 660 
160 295 295 342 

110 110 325 339 339 440 440 449 555 555 662 678 678 678 708 708 749 749 749 753 753 756 
317 317 317 400 400 

307 307 
530 530 530 687 687 687 739 763 763 763 763 
593 
5 5 10 10 14 16 16 16 24 24 68 68 68 80 80 108 108 136 136 136 136 151 151 177 177 177 180 180 180 185 190 237 237 258 265 265 274 274 292 298 298 298 312 342 342 366 366 379 382 382 388 388 391 402 402 402 413 413 437 493 493 493 532 548 548 548 582 583 583 622 642 642 642 667 667 667 668 668 668 668 678 687 687 687 689 692 692 714 714 714 714 714 737 745 748 748 751 
233 278 432 517 517 517 
7 16 16 18 18 34 35 35 73 214 327 327 450 450 450 550 556 556 556 556 645 645 
719 719 719 719 
179 179 445 445 445 445 
378 670 670 670 
30 241 574 574 574 694 694 694 739 

442 601 601 601 601 
14 14 14 137 190 190 391 391 391 391 391 685 685 739 739 
248 248 708 708 733 733 733 
192 192 192 192 192 224 224 677 677 677 677 
510 739 
483 483 
708 708 733 733 756 756 756 
342 428 428 647 
41 41 41 41 41 274 274 445 
187 220 220 220 220 220 708 733 753 753 753 
239 580 
224 224 224 403 438 701 701 
5 635 
334 550 550 550 
43 316 316 316 316 343 474 585 
342 342 667 667 
530 565 565 737 737 737 737 
9 9 9 108 108 173 582 
27 27 146 207 
280 280 280 
47 47 47 387 387 387 387 387 
