nodes: 768 edges: 2366
217 
635 635 635 
117 150 150 150 150 282 282 
334 633 
208 208 208 247 341 341 462 
17 17 47 47 55 55 55 59 59 79 79 115 115 115 115 118 118 144 147 147 147 163 163 163 171 174 174 194 210 210 213 213 221 239 239 272 307 307 348 348 367 367 370 370 370 387 387 395 395 405 405 405 405 411 411 412 412 412 412 441 448 448 448 451 451 466 466 484 488 488 488 504 504 504 506 506 537 567 567 567 586 586 586 594 635 654 654 654 663 663 663 663 700 719 719 739 739 759 
174 174 174 174 
550 550 741 741 741 
99 343 599 
25 25 25 25 124 124 126 126 764 
81 81 121 252 257 257 257 265 265 265 274 274 276 276 285 285 312 312 312 389 529 599 599 599 705 705 705 739 739 739 

16 265 265 265 
159 159 238 261 261 272 272 272 272 
241 241 493 493 493 739 748 
296 296 
12 32 32 32 32 35 40 40 57 173 198 198 214 214 258 258 259 259 278 278 296 321 321 333 333 333 376 376 378 394 407 407 429 429 442 442 442 454 473 473 485 485 505 505 547 547 548 548 553 553 561 561 569 569 601 601 601 602 624 626 626 626 633 633 702 709 709 713 713 713 713 724 739 739 741 741 
5 5 77 77 466 
34 34 79 79 79 340 550 741 741 
602 665 665 665 
352 
128 355 485 485 485 612 612 626 626 
383 515 521 
218 481 481 501 501 722 722 722 
312 312 739 739 
9 9 9 9 107 354 354 354 354 614 614 614 614 
41 203 203 203 266 342 428 462 540 570 
30 765 765 765 
203 356 

27 203 203 203 290 290 290 338 338 609 609 670 670 670 745 
533 
16 16 16 16 516 

18 18 741 
16 66 73 73 278 297 645 645 670 741 741 741 
102 102 352 352 395 655 655 
43 43 43 87 87 87 110 449 
294 294 294 
355 415 415 415 
16 16 101 118 118 118 118 216 348 351 
26 342 342 472 472 755 755 
48 48 306 421 
37 37 37 110 110 110 479 479 585 733 761 
246 246 337 337 
729 729 
459 545 545 545 
5 5 171 221 221 221 307 387 387 560 560 560 767 767 
42 42 588 
564 564 601 613 613 613 
160 160 312 312 711 711 711 
393 393 393 517 666 666 
583 583 
188 188 188 188 
600 600 600 
5 5 5 144 144 144 182 182 375 392 
64 156 223 223 354 503 503 503 
16 569 699 699 
203 203 482 482 577 577 577 
5 5 582 
106 106 129 156 156 156 552 552 

599 599 628 628 
156 292 
56 106 223 223 255 499 518 518 518 
427 427 551 
35 395 395 395 
120 159 213 213 213 260 354 354 397 397 397 446 446 446 521 760 
108 108 108 485 629 629 629 739 
156 720 
140 140 140 273 273 273 273 307 307 716 716 716 723 723 723 723 723 
164 393 393 
151 257 
35 35 297 297 605 605 605 680 741 741 
84 299 299 
502 667 667 667 
100 100 100 100 100 402 
17 17 370 705 
255 
5 5 18 18 18 239 340 340 340 448 448 
350 350 468 468 468 468 606 622 622 689 689 689 689 689 739 739 739 
10 10 170 195 206 206 257 257 257 300 300 300 300 300 302 302 302 310 312 312 343 422 422 422 433 433 433 435 435 443 599 599 729 729 
237 688 688 
117 117 228 228 228 342 342 342 500 500 500 680 680 
74 
601 

37 37 37 284 284 
342 342 342 
207 633 633 723 
400 400 400 400 688 688 688 739 
361 380 380 380 569 569 569 
589 589 
312 312 345 
203 253 447 447 447 
129 129 129 283 283 283 283 399 399 726 
667 
342 342 
308 308 308 366 366 366 516 516 516 516 
8 466 
76 76 76 76 76 704 
40 
36 36 703 
300 300 300 342 342 704 704 
299 299 
721 721 
60 60 64 156 156 156 499 
25 544 544 
68 68 68 203 203 444 723 723 723 739 764 764 

37 43 43 43 733 
157 157 203 203 429 429 429 429 
170 170 170 170 411 411 411 716 
701 
342 342 428 428 675 675 
5 5 5 5 620 620 620 635 
213 431 431 431 
2 83 83 192 224 224 342 342 342 518 656 674 674 677 683 
5 5 40 40 40 40 216 348 
120 120 120 267 267 
67 119 119 119 267 267 
10 
194 194 194 194 
215 215 354 354 354 469 537 
9 9 582 582 582 
134 458 490 490 496 496 
9 9 175 
664 664 664 
21 459 459 459 
60 95 95 95 203 203 330 330 330 399 399 467 467 467 467 672 
208 208 282 342 342 
637 637 
261 699 699 699 699 699 
312 
125 158 616 619 619 619 619 619 655 
505 507 507 
274 375 418 418 475 475 475 475 739 739 739 739 
190 190 217 217 217 748 
635 635 635 708 708 708 
739 739 
70 70 70 387 525 525 
241 293 455 
202 735 
401 401 401 
5 55 55 55 163 484 484 529 529 529 
383 383 383 383 523 
207 765 
5 5 5 703 

186 186 342 342 342 
2 2 2 2 214 214 429 573 573 573 
72 548 548 548 548 739 739 
258 258 258 339 452 
317 317 
350 622 699 699 
388 388 388 388 388 
56 60 60 60 63 69 106 106 106 280 460 463 590 590 594 594 594 594 766 
111 111 203 203 453 520 
134 616 616 
13 13 67 304 304 354 354 362 362 461 461 710 710 
50 50 494 494 494 494 539 731 
278 556 556 556 556 
561 
5 5 5 144 213 213 252 353 353 506 506 506 719 719 719 
71 393 393 
294 
484 484 484 
247 247 556 
243 399 
320 428 
81 112 112 112 112 456 478 478 478 729 729 
5 47 418 418 496 560 560 
286 294 367 540 
16 504 504 504 
5 5 6 6 6 6 
126 254 254 739 
595 
224 342 342 739 739 
208 341 
408 408 408 743 
739 
210 210 210 275 694 694 
55 55 

253 253 253 253 398 398 398 398 464 
388 388 739 739 
149 149 547 603 
292 292 292 292 292 455 678 678 756 756 
53 53 53 53 
621 667 667 
137 137 336 336 402 402 402 450 450 450 739 739 748 748 
247 247 247 
117 750 750 
336 336 336 658 674 674 
5 122 122 122 122 210 240 
81 312 312 
203 332 653 653 653 653 666 666 666 
543 543 
16 16 416 416 601 601 602 664 
203 648 648 
524 524 532 696 
225 667 
142 720 741 741 
26 26 26 28 30 30 30 58 58 94 108 108 111 111 129 129 157 157 196 199 253 253 253 262 301 328 328 337 337 341 341 341 342 342 374 374 377 377 377 423 423 444 444 444 444 467 467 540 540 541 541 544 544 577 609 609 609 631 631 648 648 648 648 666 680 680 680 680 680 715 723 723 726 
542 

81 81 599 661 661 
89 146 633 765 
4 4 4 130 130 178 357 
342 342 714 
5 5 181 181 181 194 531 
270 270 270 270 335 335 
253 253 712 
5 5 67 67 67 116 163 163 222 225 225 273 273 305 305 305 446 446 504 504 504 593 593 595 595 620 620 646 719 719 728 728 
16 16 150 150 
123 123 
40 118 
0 137 137 137 290 290 
23 652 
559 596 596 
756 756 756 756 
5 47 47 47 387 
213 359 359 
56 56 64 64 255 255 729 
117 117 177 295 295 295 295 342 342 683 683 683 750 758 758 
201 213 213 273 273 396 474 542 542 593 593 
428 428 675 675 
366 559 596 596 596 596 
83 83 83 417 555 
269 284 
570 570 


664 
373 699 699 699 699 

241 241 241 274 274 
82 739 739 
13 389 389 389 
5 5 79 408 408 580 590 590 594 713 713 713 757 
194 620 655 
14 14 141 236 236 236 243 243 243 312 312 315 455 455 455 468 468 606 694 694 745 745 
503 713 713 
168 241 241 241 428 508 694 
463 463 
564 
44 44 415 714 714 
4 167 167 191 191 191 341 341 
420 708 749 749 749 749 749 
467 551 637 637 637 637 637 


10 163 604 604 604 705 
94 184 184 184 184 203 203 203 212 212 377 
175 175 282 639 639 667 667 667 
64 78 223 223 
679 679 
10 10 10 72 81 81 81 381 381 381 381 443 443 443 529 529 529 649 649 687 687 687 687 701 701 
16 16 152 152 152 739 
16 16 
67 364 397 397 397 
13 13 132 333 355 355 415 415 633 633 655 
203 603 

328 328 328 
10 10 10 12 12 12 
26 356 356 356 356 462 525 684 684 684 712 
119 119 120 120 366 725 
692 
229 372 548 
211 211 211 211 286 286 335 
535 535 
5 13 13 13 13 
70 70 70 70 213 213 225 225 334 
10 10 136 236 236 389 739 755 755 
181 593 593 
10 10 450 718 718 718 
346 
16 16 35 161 321 428 428 432 432 434 476 476 477 522 522 522 556 556 556 556 633 633 633 740 740 
312 423 
156 590 590 590 766 766 
633 633 633 
2 2 130 254 344 344 344 344 
95 95 95 95 399 
87 87 229 548 
10 10 
172 270 270 335 341 464 
432 
354 354 354 639 639 639 639 667 667 
467 548 548 
30 30 30 217 217 374 374 374 374 374 648 
721 
63 187 187 187 187 187 366 366 366 470 470 593 739 739 
141 455 455 455 455 580 
38 38 38 165 172 298 584 584 636 691 691 
224 224 224 224 
15 15 16 326 347 347 347 376 376 424 424 473 473 475 487 487 487 505 505 682 682 
35 73 73 
294 319 319 610 636 636 636 642 671 686 686 692 707 707 707 739 739 
74 74 104 104 363 498 
81 81 81 81 81 103 103 103 310 310 310 310 310 422 422 464 464 464 464 
203 356 356 356 715 
81 81 81 355 355 355 355 
652 652 
159 159 409 409 522 
213 213 213 354 354 354 354 
42 323 323 
5 5 47 70 70 560 604 604 604 
98 98 98 516 516 
418 418 418 418 511 511 691 
81 300 300 300 300 300 571 571 571 571 571 607 607 
385 568 568 568 579 
10 10 10 24 24 50 50 81 81 93 93 133 195 195 241 241 279 342 342 402 430 430 430 522 522 522 522 711 711 

575 575 575 575 
241 679 679 679 679 
343 343 585 761 
153 153 734 734 734 
360 360 527 527 527 
298 298 671 707 
169 654 654 654 
16 16 278 378 378 378 381 548 548 548 626 626 
577 603 603 603 603 
306 306 421 421 421 
708 
733 
296 507 507 553 553 553 553 
611 611 611 611 611 699 741 
203 203 264 264 264 

129 129 129 495 601 601 613 730 

196 
16 16 16 261 547 547 573 573 626 626 633 633 633 633 633 658 658 713 713 713 
3 273 760 
211 211 270 286 513 513 
190 190 193 193 193 589 589 633 633 
44 44 203 203 342 415 415 415 415 456 456 456 552 
30 30 672 672 672 672 
152 
18 79 79 79 
4 4 178 203 203 203 247 247 286 464 464 483 483 544 683 683 683 684 720 752 752 
26 41 41 83 83 83 88 88 88 97 97 103 103 114 114 117 117 117 130 130 149 149 149 177 177 203 203 209 209 224 224 312 312 337 399 399 428 643 643 643 653 653 653 667 667 731 739 739 754 762 762 
8 81 316 316 433 433 433 585 761 761 761 
282 282 282 282 
93 667 691 691 
277 630 630 
296 296 296 
5 5 40 118 

80 80 154 622 622 758 
40 368 368 368 601 
20 36 36 395 472 472 
163 163 646 
25 25 25 25 56 67 67 123 123 123 159 159 288 288 288 305 305 305 305 469 710 710 710 
21 39 261 261 302 302 302 302 567 
28 266 266 266 266 301 301 301 712 
208 
424 424 621 
222 222 461 
318 318 
91 380 638 
159 159 604 604 604 
299 530 530 530 
260 

98 98 98 227 267 292 292 292 470 510 596 725 725 739 739 
5 5 172 719 719 
351 351 351 
648 
5 5 5 77 743 
382 382 382 690 
269 548 548 
234 595 595 595 
203 203 290 290 290 290 290 
55 136 
16 16 296 296 682 
203 203 203 253 425 554 554 617 617 648 648 648 697 697 730 730 730 
16 321 321 321 
388 388 388 739 739 739 
91 91 91 361 569 
257 257 257 257 321 
371 371 371 565 565 565 565 739 
22 145 145 145 145 
728 728 
311 579 579 579 

5 5 47 47 140 221 550 550 550 550 716 716 767 
155 155 155 155 155 185 185 379 379 379 480 480 480 696 739 739 
10 238 238 238 274 
549 
574 574 574 739 739 748 748 748 748 
55 
51 51 51 71 71 164 164 625 625 625 
16 
5 5 36 66 66 66 352 412 412 412 412 484 663 663 682 682 
225 
67 67 67 260 260 260 550 
184 184 184 184 667 667 667 667 
95 95 129 129 168 283 342 342 487 681 681 681 726 726 
90 90 90 90 
143 143 143 
76 190 190 190 312 739 739 739 
715 
432 432 432 434 434 434 434 522 522 522 
5 5 5 5 533 533 533 635 
498 498 498 
16 16 601 
179 179 179 239 239 574 644 
304 304 575 575 
546 
5 5 112 112 112 455 
5 5 5 5 395 395 395 395 
739 739 

39 39 39 246 261 261 337 337 337 337 
198 198 665 665 665 665 
228 635 700 
136 136 171 171 309 309 309 309 511 
693 
248 633 708 
42 323 323 323 549 
81 81 81 300 300 571 607 607 607 
203 203 279 
296 296 358 358 473 473 473 621 621 
377 648 
498 498 
65 65 551 551 551 551 
26 114 114 169 226 226 243 278 278 342 478 478 675 754 
16 16 111 111 111 111 150 553 
312 312 312 499 711 711 711 
116 116 116 
278 278 287 404 404 404 740 
81 81 81 343 343 343 
278 404 404 404 404 
81 81 729 729 729 
478 
514 689 739 739 739 


511 662 662 733 733 733 
5 
16 16 16 601 626 626 747 
81 257 257 257 537 537 
108 203 203 203 203 631 631 631 643 704 
642 642 642 642 642 743 
67 67 67 213 213 
94 94 94 601 601 
5 5 5 79 79 
37 526 733 753 753 753 
190 190 190 276 741 741 741 741 
5 5 537 
152 589 589 633 633 756 
157 
16 626 626 
141 187 241 241 241 293 293 293 293 411 626 
170 337 337 337 
583 583 
125 
46 128 128 128 545 612 612 
156 488 
159 159 359 595 621 621 621 621 710 710 
4 26 266 686 
156 244 244 
184 286 300 300 300 300 341 341 679 679 

5 5 17 99 
129 129 129 129 203 203 249 289 
80 80 80 80 241 241 
123 354 
292 292 366 
646 646 646 646 
41 41 352 352 
16 16 296 296 424 424 424 492 
225 
136 136 136 136 296 565 565 565 663 
278 278 633 
278 692 
170 170 170 428 428 436 
43 43 
388 388 388 490 532 532 
23 23 501 
58 58 
341 341 706 706 752 752 
5 144 144 166 166 166 395 605 605 
16 16 21 21 21 68 
562 562 562 562 
296 296 296 399 
5 5 5 460 
639 639 
125 125 480 496 
572 
473 
14 14 14 739 739 
160 160 160 160 719 
330 695 697 
125 125 171 490 536 536 536 536 
664 664 664 695 695 
299 406 406 406 426 426 
64 106 430 
83 83 83 
23 23 481 
75 667 667 
56 56 56 242 
5 5 5 173 173 173 213 213 213 595 595 595 
16 16 135 296 296 507 
5 5 163 163 163 567 
135 135 326 326 505 664 695 695 697 697 697 
243 566 566 566 

366 725 725 725 751 
309 309 418 440 557 557 557 557 557 692 

335 335 
437 596 596 
22 
32 98 98 98 98 308 308 615 615 638 711 
51 528 528 528 528 740 740 
64 64 64 117 

157 605 605 605 720 720 
22 67 
278 278 278 304 312 312 312 312 404 404 404 
145 587 587 587 587 
200 200 696 
140 140 266 703 703 716 
449 662 733 
318 318 318 
517 517 517 517 669 
10 144 144 144 257 257 257 649 649 701 701 701 705 705 727 727 
363 363 363 576 576 576 737 737 737 
210 
200 480 480 632 739 739 739 
31 405 405 405 
632 733 
271 271 
496 496 496 496 
5 123 443 443 451 719 719 
547 563 563 
160 
26 172 203 203 
203 203 
204 225 225 593 593 593 738 
197 197 544 544 714 714 714 
107 107 203 203 341 543 543 
46 46 46 459 612 643 
410 643 
16 16 186 333 333 538 563 573 573 702 702 
16 16 151 151 151 151 269 284 289 289 321 321 321 372 372 739 
390 421 
7 7 18 387 387 387 387 397 707 741 760 760 760 
65 249 427 427 427 427 637 637 
60 60 337 
16 16 326 326 326 326 429 571 
377 377 617 617 617 697 697 710 
228 648 733 733 
161 161 161 161 167 278 278 278 278 741 741 
511 511 511 511 511 650 650 
632 632 
219 227 596 596 
47 47 47 171 171 307 
16 16 162 611 611 
486 486 486 486 599 599 599 611 
538 538 547 
49 49 245 746 
382 382 382 382 475 475 475 763 763 
508 508 508 
5 5 5 355 506 598 
311 311 311 
16 16 57 91 91 91 380 
26 230 230 659 659 659 676 676 676 
310 310 310 310 310 422 553 607 607 607 
491 
150 150 150 333 333 547 547 
391 391 391 408 745 745 
314 314 314 314 409 409 
530 530 530 
58 58 58 203 322 603 

311 385 385 385 722 
239 293 
698 698 698 
59 124 124 124 739 739 764 764 764 
52 52 457 457 667 667 739 739 739 
294 294 
43 316 343 640 640 640 761 761 
5 5 5 
523 523 523 523 658 658 658 
48 
92 92 336 336 452 452 
156 156 239 239 280 280 280 

681 
213 213 225 225 275 275 292 542 542 542 738 
5 156 156 156 156 239 
176 213 213 373 373 373 461 504 504 504 699 
219 219 227 227 227 227 366 514 514 559 559 

567 624 
8 10 10 10 62 62 81 81 206 562 562 562 
54 54 54 
16 16 16 49 85 198 198 330 330 351 407 442 447 447 660 695 695 730 730 747 747 747 
16 19 198 
186 262 322 322 322 322 577 
252 252 252 307 307 307 362 362 362 
73 73 73 484 484 520 520 520 709 
80 241 
310 310 422 422 422 571 571 571 

30 30 203 203 203 
298 686 686 701 701 
327 327 327 327 327 561 561 562 
21 21 459 459 545 
49 49 49 330 
25 25 25 25 
516 516 
134 158 158 
377 377 554 554 554 

134 134 134 134 134 
115 115 115 213 213 240 
189 358 424 424 461 461 461 461 
80 80 154 350 350 739 739 
654 
16 598 
393 393 393 
16 16 16 21 21 321 321 333 333 442 442 454 454 455 

62 62 
68 68 68 642 
346 346 
203 203 444 444 444 
532 534 558 558 
3 16 16 89 89 207 261 261 278 278 278 281 281 281 333 333 333 333 333 336 336 420 452 452 476 655 655 708 708 708 

1 1 1 5 115 138 138 138 405 417 700 700 700 700 759 
294 298 298 298 
131 131 249 249 249 249 249 551 551 
361 516 
254 254 288 288 288 288 489 489 667 
585 585 585 
705 705 
298 445 445 445 445 445 629 739 
342 342 342 444 545 546 667 667 667 732 
408 
35 35 741 741 741 
213 353 471 471 471 471 
730 754 
199 199 203 203 203 203 290 369 377 377 377 425 555 
257 257 529 529 701 701 701 701 701 
557 557 
654 654 654 716 716 
218 303 303 
196 196 196 196 342 342 342 
5 5 5 320 320 320 623 651 651 651 
36 36 134 240 261 633 633 
117 677 677 677 

193 333 333 587 587 587 674 674 690 
570 570 570 
601 730 730 730 
206 206 
440 440 526 733 
5 5 5 5 395 395 475 680 680 680 
127 127 127 198 233 497 497 497 507 695 695 
19 19 19 416 416 416 416 
51 51 196 196 196 203 
75 75 75 96 189 189 201 254 254 254 288 288 342 342 345 398 398 398 398 502 502 583 583 639 643 643 643 739 739 762 762 762 
739 739 739 739 739 
528 
30 30 30 35 681 681 681 681 681 744 744 
298 319 
129 338 338 338 338 

117 117 193 193 658 658 
114 114 226 226 428 
570 570 570 
117 656 656 656 750 750 750 750 750 
187 187 733 733 739 
256 256 315 315 315 315 464 464 
73 83 83 203 203 203 203 203 663 663 663 
399 399 399 592 670 670 670 670 670 
296 296 376 395 395 
117 224 224 224 341 341 341 
266 266 266 341 
748 748 748 
298 298 462 610 610 
257 257 257 257 692 737 739 739 
82 82 90 90 90 
80 80 80 80 80 437 739 
371 658 
294 294 309 345 345 
268 298 477 511 687 739 739 
419 
181 181 241 241 243 745 
495 497 497 507 507 601 601 664 664 
200 388 524 717 717 739 739 
377 377 495 507 507 507 554 554 
581 581 581 
57 57 132 132 132 132 132 154 154 234 234 234 234 327 595 
5 417 635 635 635 635 
113 257 257 529 529 529 610 610 649 649 649 649 649 758 758 
16 547 547 
102 147 525 525 716 
100 103 103 444 
10 10 10 77 252 529 529 641 641 
483 483 
298 298 298 319 550 
138 138 138 248 324 420 633 633 633 733 733 749 756 756 
16 16 605 
159 159 354 354 354 461 461 554 
50 50 50 312 312 430 430 430 516 
212 266 356 
16 16 16 16 239 239 239 242 242 333 333 333 
209 246 246 543 543 543 739 
203 301 403 
70 70 70 112 387 387 525 651 651 703 
696 696 
276 276 276 
5 5 163 163 163 213 213 367 367 494 537 537 742 742 742 742 
69 202 341 520 520 
105 105 291 727 727 
23 23 23 579 
70 70 70 70 70 89 108 108 108 203 203 
16 
267 366 366 510 510 510 
95 203 399 399 
529 529 721 721 
213 213 384 384 
45 45 81 81 170 170 223 435 435 435 
330 377 377 377 601 601 647 660 660 660 
160 342 
643 
43 110 325 440 440 440 449 526 534 555 555 662 678 678 708 708 749 753 753 753 756 756 
317 317 317 
142 

530 530 530 687 739 739 763 763 
542 593 
5 5 10 10 10 14 16 16 24 24 68 80 80 80 90 108 136 136 136 136 139 139 151 151 175 177 177 180 185 185 190 190 237 237 258 274 292 292 298 298 342 342 366 366 379 379 379 382 388 388 391 391 402 402 402 413 413 437 437 437 493 493 532 532 532 548 582 582 583 583 583 622 622 642 667 667 668 668 668 668 668 678 687 687 689 692 692 696 696 714 737 737 745 745 745 748 748 751 751 751 
278 278 432 517 517 
7 7 7 16 16 18 18 34 35 35 35 73 73 202 202 327 450 450 450 450 550 556 556 645 645 645 
719 719 719 719 
179 370 445 
670 670 
30 241 241 574 574 694 739 739 739 
564 
442 601 601 601 
14 137 190 190 391 391 391 391 685 685 685 739 739 
248 248 248 248 248 708 733 
192 192 224 677 677 677 677 677 
510 739 739 739 
341 341 483 483 
449 449 449 733 733 733 756 
342 428 647 
41 41 274 274 
187 187 220 220 220 220 452 708 708 733 733 753 
239 
224 224 350 701 701 
5 635 
67 334 550 550 550 
43 316 343 343 343 585 585 
342 342 667 667 667 
565 565 737 737 
9 108 108 582 582 582 
27 27 27 146 207 
156 280 280 
47 47 387 
