nodes: 768 edges: 2362

635 635 635 635 
150 150 150 150 150 282 282 
334 633 
167 208 208 208 208 247 247 263 341 357 
47 47 59 79 79 115 115 144 147 163 163 171 171 174 194 194 210 210 213 213 213 221 221 239 272 307 307 344 348 348 367 367 367 370 370 370 387 387 387 395 405 405 405 405 411 411 411 412 412 412 412 441 441 448 448 451 451 466 484 488 504 506 506 567 586 586 586 635 635 635 654 663 663 663 663 700 739 739 759 759 767 767 
174 
741 741 
343 343 599 599 599 
25 25 25 25 126 764 
81 81 121 121 252 252 252 257 257 265 274 274 276 276 285 285 312 529 529 599 599 599 705 739 
496 
16 16 242 265 265 265 376 376 
159 159 261 261 261 261 261 272 272 272 272 272 
241 241 448 739 739 748 748 
296 296 296 
12 12 32 32 35 35 35 40 40 40 57 78 78 173 173 198 214 214 258 258 259 278 278 296 296 296 321 321 333 378 378 400 407 407 407 429 442 442 442 473 473 485 505 505 547 548 553 561 561 600 600 601 611 626 626 633 633 709 713 713 713 713 724 724 739 741 741 741 
77 77 77 77 466 
34 79 79 79 340 550 741 
416 416 602 
352 352 
128 128 355 485 485 485 485 612 612 612 614 626 626 
67 67 232 232 515 515 521 521 
218 218 481 501 501 501 722 722 722 722 722 
312 312 739 
9 9 9 9 107 354 354 614 614 614 
148 203 203 266 342 385 428 428 428 462 462 462 472 472 540 568 568 712 712 712 
648 765 765 765 765 765 
203 203 290 301 356 356 
35 35 35 251 556 556 
203 290 290 322 338 338 609 609 609 670 670 681 745 
533 
16 16 516 

18 741 741 
16 16 16 29 29 29 66 73 156 278 278 297 297 432 432 556 556 645 670 670 741 741 
102 352 352 395 395 655 655 655 
43 43 43 43 43 87 87 534 
294 294 
261 415 618 618 
16 16 16 118 118 216 348 348 348 348 351 351 351 351 
246 342 342 472 472 472 755 755 755 
48 48 306 421 
37 37 37 37 37 110 110 316 316 479 479 585 
246 246 246 337 337 
253 729 729 
459 
5 5 221 221 221 307 307 307 387 387 387 560 560 560 767 767 767 
42 42 588 588 588 
564 564 564 564 601 601 613 613 746 
160 160 160 312 312 312 711 
203 393 393 393 517 517 666 
583 
126 126 126 126 188 188 
600 600 600 
75 75 75 75 182 182 182 182 375 375 392 392 
64 64 64 156 223 223 223 242 242 354 503 503 
16 162 569 699 699 699 
482 482 482 577 577 577 
5 365 
156 552 552 552 
410 
517 517 599 599 628 628 628 
156 156 156 156 292 292 292 
56 56 56 106 106 255 255 499 518 518 518 518 
117 117 249 249 551 551 551 
35 395 395 395 395 402 
22 22 120 145 159 213 232 232 260 354 354 397 397 446 521 760 
108 108 629 629 629 739 739 739 
156 341 640 720 720 
140 140 140 140 273 273 273 273 307 307 533 533 716 716 716 723 723 723 
393 
151 257 257 257 
35 297 297 297 297 605 680 741 
84 84 84 299 
55 55 55 55 502 
100 100 100 100 402 
17 17 17 17 370 
16 16 255 473 473 
5 5 18 18 18 340 340 448 448 597 597 
350 468 468 606 622 689 739 739 739 
10 10 170 170 195 195 206 206 257 257 257 300 300 300 300 302 302 302 302 310 310 310 310 343 422 422 422 433 433 435 443 443 571 599 729 
237 237 237 688 688 
117 117 228 500 680 
74 74 74 
601 601 

37 37 229 284 
342 342 342 575 
207 633 633 633 
400 688 688 688 739 739 
380 380 380 569 
589 589 589 
279 279 279 312 312 345 
203 212 253 447 447 679 679 679 
129 129 129 283 399 399 399 
627 627 667 
342 
308 366 366 516 516 

76 76 76 76 704 

36 
130 130 300 300 300 300 342 342 704 704 704 
299 299 
693 721 721 
64 64 156 156 499 
25 
68 68 123 203 203 203 203 312 312 592 668 723 739 764 
203 203 203 
43 43 504 733 
157 203 203 429 429 429 
170 170 411 411 
257 257 701 701 
342 342 428 428 
5 5 620 
213 213 431 431 431 
65 65 83 83 192 224 224 342 342 628 628 656 656 656 656 674 674 677 677 683 
40 40 216 216 441 441 
120 120 120 267 267 267 424 
67 119 119 119 
10 10 
194 
108 215 215 215 354 354 354 469 469 537 
582 621 
134 490 490 490 496 
9 53 53 53 53 
664 664 664 
21 21 459 459 459 473 626 626 
95 95 95 203 203 203 330 399 399 467 467 672 
103 103 208 282 282 342 
637 637 
699 699 
312 
125 619 619 655 
505 507 
274 418 418 475 475 739 739 739 
190 190 217 217 748 
635 708 
391 739 
70 70 70 70 244 244 387 525 
241 293 590 
202 
222 222 401 401 401 
5 163 163 484 529 529 529 
67 383 383 383 383 523 523 
207 207 765 
5 654 
26 
186 342 342 
2 2 2 2 2 214 214 214 573 573 
72 548 548 548 548 548 739 
258 258 
317 317 317 
350 350 622 699 699 699 
388 388 
35 56 60 63 63 63 63 69 106 106 255 280 460 460 463 463 463 590 590 594 594 594 766 766 
111 203 203 520 520 578 720 720 720 
616 616 
13 13 67 318 354 362 362 409 461 461 710 710 
50 50 50 487 494 494 494 494 494 539 731 
278 278 556 556 556 556 
57 561 
5 5 144 144 213 213 213 252 506 506 719 719 719 
353 
294 
484 484 484 
4 341 556 
243 399 428 
566 
81 81 112 112 456 456 456 478 729 729 729 
5 5 206 418 418 
294 540 540 540 
16 16 504 504 504 764 
5 6 
667 667 667 
504 504 595 595 
224 342 342 739 
208 208 
408 408 408 743 743 743 
739 739 
210 210 210 275 275 694 694 
55 55 55 55 
343 343 
253 398 398 398 398 398 464 
739 739 
149 547 
292 292 292 455 678 678 678 678 756 
53 53 663 663 663 
667 667 
137 137 336 336 402 450 450 649 657 657 739 739 739 748 748 
247 247 
117 750 750 750 750 750 
336 336 336 658 674 674 
5 5 122 210 210 210 240 
81 81 312 312 312 
332 653 666 666 666 
543 543 
16 416 416 601 601 664 664 
203 203 648 648 
524 524 524 696 696 696 717 

142 720 741 
26 26 28 28 30 51 94 108 108 108 108 109 109 109 111 111 129 129 129 157 157 199 199 218 253 253 262 262 264 290 301 322 337 341 341 342 374 377 377 386 399 399 399 423 423 423 444 444 444 486 486 541 541 544 577 625 630 631 644 648 648 666 666 666 666 673 673 680 680 715 715 723 723 726 726 726 
542 542 542 
279 312 312 312 
81 81 171 599 599 661 661 661 
89 146 146 633 765 765 765 765 765 
4 4 4 4 130 178 178 247 247 
246 342 342 342 500 
5 5 181 181 181 194 194 194 651 
270 270 270 270 270 335 335 335 
94 253 712 
5 5 5 67 116 116 163 163 163 222 225 273 273 299 305 305 305 446 446 471 471 504 504 593 593 595 595 620 656 656 719 
16 16 150 150 150 741 
123 123 123 
40 118 118 
137 137 290 
23 23 203 262 341 
227 559 596 596 
756 756 756 756 
5 5 47 47 47 387 387 
143 143 213 359 359 359 719 
56 56 56 255 641 
117 117 177 295 295 342 342 438 683 683 683 750 758 
213 273 275 275 396 474 474 542 542 593 593 
428 428 675 
219 366 559 
83 417 555 555 555 
87 269 269 269 284 
570 
264 
22 22 67 67 
740 
373 373 373 699 699 
305 
241 241 241 274 445 
82 82 82 739 739 
389 389 389 
5 408 408 408 580 580 590 590 590 594 713 757 
194 363 
14 14 141 236 236 236 243 243 243 312 315 315 455 455 468 606 606 694 694 694 745 745 
12 56 56 503 503 503 
168 241 241 241 428 428 428 694 694 694 
140 140 463 
564 601 
41 44 44 44 209 415 714 
4 4 191 191 208 208 341 
420 420 708 708 749 749 
65 65 551 637 637 637 685 
424 424 
29 506 
10 10 10 163 458 604 604 705 
45 94 184 203 203 212 377 
282 282 282 489 489 639 639 639 667 
64 64 78 156 223 
679 
10 10 72 72 72 81 81 81 113 113 381 381 381 381 443 443 443 529 529 649 649 687 687 687 687 687 701 
16 16 152 152 
16 
67 397 397 
13 13 13 13 13 39 333 333 355 415 633 633 655 
203 203 218 603 648 648 648 
4 
203 231 328 
10 12 12 12 739 739 739 
26 356 356 356 684 684 712 712 
119 119 119 366 725 725 
692 
229 229 229 372 372 
211 211 211 211 211 286 286 335 335 

5 13 13 13 13 13 
70 70 70 70 213 213 225 334 334 659 659 
10 10 136 236 389 389 739 755 755 
181 181 225 225 593 593 593 
10 10 285 285 285 450 
346 346 346 
16 16 35 35 161 161 287 287 321 404 428 428 428 432 434 476 522 556 556 556 633 633 633 740 
93 93 93 205 312 312 423 
156 590 766 766 
509 633 
2 2 130 130 254 254 254 344 344 344 344 
95 399 
87 229 548 
10 10 276 276 276 
270 270 
278 278 432 
354 354 354 354 639 639 667 667 
467 548 
28 30 30 203 217 374 374 648 648 
716 721 
63 63 63 187 187 187 366 366 470 470 593 739 739 
141 455 455 455 
38 38 165 172 298 309 309 636 691 691 691 
224 224 731 
15 15 15 16 16 16 326 347 347 376 424 473 475 475 487 487 487 505 505 505 682 682 682 
35 35 73 73 73 73 
294 319 319 610 610 636 642 671 686 692 707 707 707 707 739 739 
74 104 104 213 498 498 498 
81 81 81 81 103 103 103 103 310 310 310 422 422 422 464 464 
28 203 356 715 715 
81 81 81 81 355 355 355 
652 652 652 
409 409 522 
213 213 213 235 354 354 354 354 
42 323 323 
5 5 47 47 47 70 70 560 560 560 604 604 716 736 
98 516 
294 294 418 418 418 418 418 511 511 
81 81 81 81 300 300 300 571 571 571 607 607 
385 385 568 568 568 568 579 
10 24 24 50 50 50 93 93 108 108 133 195 195 195 205 205 205 241 279 279 342 342 402 430 430 536 668 711 711 711 739 739 739 

409 575 575 
241 241 679 679 679 
43 43 343 343 585 761 761 
153 153 153 734 734 734 734 
159 360 527 527 527 527 
298 298 671 671 671 707 
508 508 654 654 
16 16 278 378 378 447 492 626 626 
30 203 332 603 603 
306 306 
549 549 708 708 756 

296 507 507 553 553 553 
611 611 611 611 676 699 699 699 699 741 741 
264 
708 
129 601 613 730 
430 
196 322 
16 261 261 364 364 547 626 626 626 633 658 658 713 713 713 713 
3 273 273 760 760 
211 211 211 270 270 513 513 513 
190 190 193 193 193 633 633 
44 44 203 342 342 415 415 456 456 456 
30 30 672 672 672 672 
534 534 733 733 
18 79 79 448 448 
4 69 167 203 203 218 247 464 464 483 483 544 544 578 578 578 683 684 720 752 
26 41 41 88 88 88 97 103 103 114 114 117 117 130 149 149 177 177 203 209 209 209 224 224 312 312 337 337 399 399 399 428 539 643 643 643 653 667 667 704 704 731 731 731 739 739 754 754 754 762 762 
8 8 81 183 183 316 316 433 433 761 761 
5 282 282 282 282 538 
93 667 
277 277 277 
296 296 
5 5 40 40 40 40 441 
497 497 695 695 695 695 
80 154 154 622 
40 40 40 40 601 
20 20 36 36 395 
164 646 646 646 
25 25 56 67 67 123 123 123 159 288 288 288 288 305 305 305 305 360 469 469 527 527 710 710 710 
21 261 302 302 302 567 
28 28 266 266 266 301 362 712 
4 
424 424 621 621 621 
222 222 222 461 719 719 
318 354 
638 
159 159 356 604 604 604 
240 406 498 498 530 530 
333 333 
59 
98 98 227 267 292 292 510 510 596 725 739 739 
5 5 5 719 742 742 

554 
5 5 5 77 743 
382 658 658 
269 269 548 548 548 
234 234 234 595 595 
203 290 290 
55 55 
12 12 296 417 
203 203 253 425 648 648 697 697 730 730 730 730 
16 16 321 321 744 744 744 
739 
91 91 91 569 569 
257 257 257 257 
371 565 565 565 565 632 632 739 739 
145 145 145 145 
728 
26 311 311 579 579 579 
203 
5 5 5 47 47 47 140 221 221 550 716 767 767 767 
155 155 480 480 480 696 739 739 
238 238 238 274 274 

139 574 739 739 748 748 
55 55 400 
51 51 51 71 625 625 625 634 
429 
5 36 36 66 66 66 66 352 412 412 663 682 
225 
67 67 260 260 
184 184 184 184 184 580 667 667 667 667 
95 95 95 129 129 168 203 203 203 283 342 342 342 487 681 681 726 
16 90 392 734 734 734 734 734 
143 143 143 
66 76 190 312 657 739 739 
758 
278 432 434 522 522 
5 5 5 5 533 533 533 533 635 
363 
16 16 16 
179 179 179 239 239 239 574 574 644 
159 304 304 314 575 575 
61 546 
5 5 5 112 112 455 
5 5 5 5 395 395 
558 558 739 739 
633 
39 246 261 337 337 
19 19 198 198 665 665 
228 376 635 
136 136 171 171 309 309 309 309 309 511 
693 693 693 
248 248 708 708 
42 549 549 
81 81 81 300 300 300 571 571 607 607 607 
203 203 203 279 585 
119 250 250 296 358 358 473 479 479 479 479 621 621 
377 648 648 648 
498 498 
551 551 551 
26 26 26 114 114 168 226 226 243 243 243 278 278 278 342 478 566 754 754 754 
16 111 111 111 394 553 553 553 
312 312 331 499 711 711 
116 116 116 
35 35 278 287 404 740 740 740 
81 81 343 343 
278 404 
81 729 729 729 729 

514 689 739 
224 758 
458 
662 662 662 733 
5 5 118 118 348 
16 16 16 626 626 747 747 
81 81 257 257 257 537 537 537 
203 203 203 631 631 631 643 704 704 
236 642 642 642 743 
67 213 213 
94 94 321 601 
5 5 14 79 79 340 340 
511 
190 190 276 
5 5 537 
633 
520 

187 241 241 293 293 293 411 
170 170 170 337 337 337 
583 583 
252 439 
46 128 128 128 545 612 
156 156 488 488 488 
159 159 359 595 595 595 621 621 710 710 
26 26 26 686 686 
156 156 156 244 
184 300 300 341 341 679 

5 17 
129 129 289 
80 80 241 
123 123 354 354 
292 292 
213 213 646 646 646 
26 26 41 41 41 
16 16 78 78 128 296 424 
225 225 761 
136 136 296 296 565 565 565 663 
278 633 

170 428 
43 43 424 424 424 424 534 
388 388 388 532 532 
23 501 
58 58 58 
341 341 706 706 706 752 
5 144 166 166 166 605 605 
16 21 21 21 21 724 724 
203 203 562 562 
160 296 296 296 399 
5 460 460 460 
254 254 639 
125 125 125 496 496 496 

321 
739 739 
160 160 160 160 160 719 719 
693 
11 125 490 490 490 536 
349 349 664 695 
299 299 299 363 363 426 426 
64 106 430 
83 209 
23 23 23 481 722 722 
75 
56 56 242 242 242 
5 110 173 173 173 176 176 213 213 595 656 
16 16 135 296 296 296 
5 5 163 163 251 567 
135 326 326 664 695 697 697 
320 320 566 566 
281 
366 366 
309 309 418 449 557 557 692 

335 335 335 703 703 
437 596 596 725 725 
22 22 
32 98 98 308 615 638 
51 51 62 62 528 528 599 740 740 
64 64 64 64 
705 
157 157 453 568 605 605 605 605 720 720 720 
22 22 67 
278 304 404 404 
145 145 587 587 
200 200 200 717 
140 703 703 716 
662 
318 318 318 318 354 354 
517 517 669 
10 10 144 144 144 257 257 701 701 705 705 727 727 
363 363 576 737 763 763 

480 480 717 717 739 739 
31 70 70 405 405 405 405 
37 339 339 479 

312 496 
123 443 443 443 451 662 719 719 
344 547 563 701 
160 342 
26 172 172 172 541 541 680 
203 203 540 540 
204 204 204 225 225 593 738 
197 197 544 544 544 714 714 
203 341 341 543 543 543 
459 612 612 612 614 643 643 
410 
16 186 333 538 573 702 
16 151 151 151 151 151 284 289 372 372 372 739 739 739 
324 324 421 421 
18 387 741 760 760 760 
65 65 65 249 427 427 427 637 637 
60 60 60 
16 326 326 326 429 429 429 
369 617 617 617 617 617 
228 228 228 648 733 733 733 
29 29 35 35 161 161 161 161 167 278 278 278 741 741 741 741 
511 511 650 
413 413 632 632 
219 227 596 596 
47 47 47 307 307 307 
16 16 162 569 
486 486 599 599 599 611 661 661 
538 669 669 669 
49 49 49 49 245 746 
382 382 382 382 475 475 475 763 
169 428 508 508 
5 355 506 598 598 598 
26 26 311 311 311 311 520 
57 91 380 380 561 
230 659 659 659 664 676 676 
81 310 310 310 422 422 607 607 607 

150 150 547 
391 408 408 745 745 
88 314 314 409 409 
530 
58 58 58 203 603 
157 341 341 341 
311 385 385 385 
239 239 398 757 
698 698 698 698 725 
124 739 739 739 764 
52 457 457 667 739 
636 
43 316 423 640 640 761 761 
5 5 5 
523 523 
48 48 48 
92 92 92 633 
141 156 156 239 239 239 280 755 
601 601 601 
108 681 681 681 
213 213 225 225 275 275 275 292 542 
156 156 156 239 
176 176 213 213 373 373 461 461 461 504 699 
219 219 366 514 514 559 559 725 
79 79 
567 567 567 624 
8 8 8 10 10 10 62 62 81 206 206 517 562 562 562 661 661 
16 16 54 54 54 
16 49 49 85 85 198 198 245 330 351 447 591 591 591 660 730 730 747 
19 
262 322 322 577 
252 252 307 307 362 362 362 
73 484 484 520 520 520 520 709 
80 241 241 
310 310 422 422 422 571 571 571 
649 
30 30 30 
298 298 686 701 
16 327 327 327 327 562 
21 21 21 459 545 545 545 
49 49 330 
21 25 25 25 545 
516 
158 158 
554 554 554 554 554 
39 39 
134 134 
115 213 750 
124 358 358 358 424 424 461 461 
80 154 350 739 739 

598 
203 393 393 393 
16 16 21 21 128 128 321 321 333 333 333 442 442 
96 96 
62 62 62 117 117 
68 68 68 642 
203 
203 444 444 444 
382 382 558 558 
3 16 16 89 89 89 207 261 261 278 278 278 281 333 336 336 414 452 476 589 655 655 708 708 
393 
1 1 1 1 5 5 5 138 405 417 700 759 
294 298 584 
131 131 249 249 249 551 551 
361 516 
254 254 254 288 288 489 645 667 667 
69 585 585 
223 705 705 705 
298 445 445 445 629 739 739 739 
342 342 342 444 545 545 667 667 
203 408 
35 639 741 
353 353 353 471 471 471 
730 730 
27 199 199 203 203 262 262 262 290 290 377 377 425 425 425 555 
190 257 257 608 701 701 701 701 
557 
210 654 654 654 716 716 716 716 
303 303 303 
196 342 
5 147 320 320 651 651 651 
36 36 36 134 261 633 633 
117 117 117 117 213 213 504 677 677 677 
190 190 402 
193 333 333 371 371 674 674 674 690 690 
273 273 570 570 570 
601 730 730 
206 206 206 562 562 599 599 
440 440 440 526 537 733 
5 5 5 5 188 188 188 395 475 680 680 680 680 
127 127 127 198 198 497 507 570 695 695 
416 416 
51 196 196 196 203 203 203 203 
96 175 175 175 189 189 254 288 288 342 342 345 398 398 398 398 583 639 639 643 643 739 762 
108 312 739 739 
528 563 563 563 
30 30 35 35 681 681 744 
298 319 319 319 
129 338 338 338 338 
203 203 
117 117 193 193 658 658 658 
226 
327 570 570 
117 117 656 656 656 750 750 
187 187 187 187 733 733 733 739 
94 94 94 256 315 315 315 464 
73 83 203 203 540 663 663 663 663 
30 399 399 592 592 592 670 670 
296 296 296 395 
117 224 224 224 341 
266 266 341 
249 748 
298 462 462 610 
257 257 257 257 257 737 737 739 739 
82 82 90 90 90 
80 437 739 
658 658 
294 294 294 
268 298 511 739 
105 419 419 419 495 695 
181 181 241 241 241 243 243 243 745 745 
349 349 349 349 497 507 664 664 693 
200 200 200 388 739 739 
377 377 507 507 
581 581 581 581 725 
57 57 57 132 132 154 154 154 234 234 327 327 327 327 595 
5 635 
113 113 257 529 529 538 610 649 649 649 649 758 
547 
513 513 525 525 716 716 
100 103 103 103 342 342 444 444 
10 252 519 529 529 641 641 641 
483 483 483 
298 298 298 298 319 
138 248 248 324 324 329 420 420 633 633 733 733 749 749 749 753 753 753 756 756 
16 605 
159 159 354 354 354 461 461 
50 312 312 312 430 430 
26 26 26 212 266 266 356 
16 16 16 16 239 333 333 333 333 
246 543 543 739 739 739 
203 203 301 301 
70 70 70 291 307 387 525 651 651 651 651 703 703 
200 524 532 532 

163 163 163 213 222 359 359 367 494 494 537 537 742 742 742 
69 69 157 157 157 202 341 520 520 520 
105 105 291 727 
23 23 23 23 23 501 501 
70 70 70 108 203 203 
16 16 485 485 
267 267 366 514 514 581 596 698 
203 203 203 399 
529 529 721 
384 
45 45 81 170 170 170 435 435 435 435 
330 377 377 377 377 601 601 647 647 660 660 
160 295 342 342 342 

110 339 339 440 555 555 555 662 678 678 678 708 708 749 753 753 753 753 753 
317 317 317 317 400 400 400 400 400 

307 
530 687 687 739 739 739 763 763 
542 
5 5 10 14 14 16 24 68 68 68 80 80 80 90 90 108 136 136 136 139 151 177 180 180 185 185 190 190 190 237 237 265 265 265 274 292 292 298 298 312 312 312 342 342 366 366 379 382 382 388 388 391 391 402 402 413 413 437 493 493 532 532 548 548 548 582 582 582 583 622 622 642 642 642 667 668 668 678 687 687 689 692 696 696 714 714 714 737 737 737 745 745 748 748 751 751 751 
233 278 432 432 432 517 517 
7 7 16 16 16 18 34 34 35 35 73 202 214 327 327 550 556 556 556 556 645 
367 367 719 719 719 
179 179 179 370 445 
378 378 378 670 
30 241 241 574 574 694 694 739 739 
49 564 
442 442 601 
14 14 137 190 190 391 391 685 739 739 
248 248 708 708 708 733 
192 192 192 192 192 224 620 677 677 
739 739 739 
341 483 
708 708 708 733 733 733 733 733 
342 342 342 428 428 428 
41 41 41 274 274 590 
187 220 220 220 220 324 708 708 
239 580 
224 403 438 701 
5 5 635 
67 334 334 550 550 550 
316 316 343 343 474 585 585 
342 342 667 
530 530 565 737 737 
9 108 173 582 
27 27 27 27 27 146 207 207 207 207 207 
156 156 280 280 
5 5 47 47 47 387 387 387 
