nodes: 768 edges: 1459

635 
65 117 117 150 150 150 282 317 317 427 
633 
208 208 247 247 341 357 
17 47 47 55 55 55 79 115 115 115 118 147 163 171 174 194 194 210 213 213 221 239 239 272 272 307 307 348 348 367 395 405 405 411 411 411 411 448 451 451 466 484 484 488 488 488 504 504 537 567 586 586 594 594 635 635 663 663 719 739 739 767 
174 174 174 174 
741 741 
99 343 343 599 
25 25 124 126 126 582 764 764 
81 121 121 252 257 257 257 274 285 312 599 705 739 739 

16 265 376 376 
159 261 261 272 409 
241 493 739 748 748 
296 296 
12 32 32 35 35 78 173 173 198 198 214 259 259 278 296 321 333 333 376 376 376 394 400 407 407 429 429 473 473 485 505 553 561 600 601 624 624 626 626 626 633 633 633 702 713 724 741 741 
5 77 
79 340 741 741 


128 439 485 612 612 626 
67 232 515 
481 722 722 

9 9 354 614 614 
41 41 203 203 342 342 385 385 385 462 540 568 570 712 
765 
203 203 290 356 
556 
203 203 290 609 609 670 670 745 
533 
16 16 616 
261 

16 16 73 156 278 278 670 670 741 
352 395 655 
43 110 

261 355 618 
101 118 216 348 348 351 
26 26 246 755 755 755 
48 421 
37 110 316 316 479 761 
246 337 337 
253 729 
459 545 
5 5 171 221 221 307 307 387 387 
42 674 
564 564 564 564 613 613 746 
160 160 160 
393 393 393 517 517 
583 583 
126 126 188 188 
600 
5 5 5 75 144 144 182 182 392 
64 64 64 156 223 223 239 376 

203 577 577 
582 
106 156 156 552 552 552 
410 
628 628 
156 156 292 
56 56 56 106 106 156 156 255 255 499 499 499 518 518 518 
2 249 427 
83 395 395 395 
22 120 159 213 213 213 232 260 397 
108 629 629 629 739 739 
156 341 
140 140 140 273 273 273 307 307 533 533 716 716 716 723 723 723 

151 257 
35 297 297 605 741 
84 
55 502 667 
100 
17 352 
16 255 
5 18 239 340 340 448 
241 350 468 468 468 606 689 689 739 739 
10 195 206 300 300 302 302 310 343 343 422 435 435 435 443 443 571 729 
237 237 688 
66 117 500 680 680 680 
74 
127 

284 284 
342 
207 207 
400 400 688 688 739 739 
380 569 569 
589 
279 312 
203 212 447 679 
129 283 726 
322 627 

308 308 308 308 516 516 516 
8 466 
76 704 
40 

130 300 300 300 342 704 704 
299 
529 693 
60 64 64 156 
544 544 
68 123 203 203 203 592 764 

37 43 733 
429 
170 170 411 411 

342 342 
5 5 5 620 
213 431 
2 2 83 192 192 224 224 342 342 628 656 674 674 674 677 683 683 
5 40 216 348 441 
120 120 120 267 267 267 424 
67 119 119 119 267 267 267 
10 10 581 
194 
108 215 354 354 354 354 469 537 
9 582 621 
490 490 
9 9 53 53 
85 
21 459 473 614 626 626 
95 203 266 330 330 330 399 399 467 467 467 672 
103 208 208 208 282 
637 
699 

158 158 616 619 619 619 
507 
418 475 475 475 
190 190 217 217 748 
635 708 

70 70 70 244 251 387 387 
241 293 293 
735 
401 401 
55 55 163 372 484 529 529 529 
383 523 
207 765 
5 654 654 
462 
186 186 186 
2 2 2 214 214 214 429 573 573 
72 739 
258 258 258 
317 
350 350 622 699 
388 
35 56 60 60 63 63 64 64 69 106 280 460 590 594 594 594 594 
203 203 230 453 520 520 578 720 
134 134 725 
13 67 304 304 354 354 362 362 409 409 
50 50 50 342 494 494 


5 144 213 213 252 353 719 

294 

247 720 

566 
112 112 342 478 478 478 729 
5 47 418 418 496 496 560 560 
345 540 540 540 
16 16 504 
5 6 6 6 6 


342 342 739 

408 408 

210 210 210 275 275 275 
55 55 
343 
253 398 679 
739 
149 149 149 
292 292 455 678 678 756 756 756 
53 53 395 
667 
137 137 336 336 336 402 649 748 
247 247 
117 117 750 
336 674 
5 5 122 210 
81 312 
203 653 653 666 
543 
16 16 528 601 664 
648 
696 696 717 
667 
741 
26 26 28 28 30 30 58 94 108 108 108 129 157 157 196 218 262 301 301 328 337 341 341 341 342 342 342 374 377 377 399 444 467 486 540 540 541 609 625 648 648 648 666 673 680 715 715 723 
542 542 
312 
81 661 
89 89 146 633 655 
4 4 130 130 130 
246 342 
5 181 181 181 194 651 
270 270 335 
94 253 
5 5 67 67 67 116 163 163 222 225 273 273 273 299 305 305 305 373 471 498 593 593 595 595 595 620 620 635 646 646 656 656 719 719 728 
16 150 150 150 741 741 
123 
40 118 
137 137 
203 262 262 262 652 
559 
756 756 
5 47 47 387 
213 359 359 359 
56 56 255 
117 117 295 342 438 683 683 683 
213 542 
428 
366 596 
555 555 
269 269 
157 
264 
22 67 383 
664 740 
373 699 699 

241 274 
82 82 739 

5 5 56 79 408 408 590 594 713 713 757 757 
655 
14 80 141 236 243 312 315 315 342 455 694 
713 713 
241 428 428 428 694 
140 
564 
41 44 209 337 415 
4 4 167 191 191 341 341 341 
708 708 
65 429 637 685 
424 424 
140 
10 163 458 604 705 705 
45 184 212 377 
282 282 282 667 
64 64 78 223 
679 679 679 
10 10 10 72 381 381 381 443 443 687 687 701 
152 152 152 739 
16 16 
67 364 
13 13 33 39 333 333 355 355 355 415 633 633 655 655 
203 218 218 218 563 603 648 648 

231 
12 
129 356 356 462 462 462 684 684 712 712 
119 119 119 120 120 120 366 725 

229 229 372 372 
211 211 335 335 
535 535 
5 5 13 
70 70 70 213 213 213 659 659 
10 236 389 
181 181 181 
285 718 
346 632 
16 35 35 287 428 432 434 477 522 522 556 556 556 633 633 
93 
156 590 766 766 766 

2 130 254 254 254 344 344 
95 399 
87 87 548 548 
10 276 
335 341 341 464 
278 432 
354 354 354 639 639 667 

28 30 374 374 648 
716 
63 187 187 366 366 470 739 739 
141 141 455 455 
165 298 636 
224 731 731 
15 15 16 326 347 376 424 424 473 473 475 475 682 
73 73 
294 319 610 692 707 707 707 
104 213 363 363 
81 81 103 103 103 310 310 422 422 464 464 464 
203 203 356 
81 81 
652 652 
159 159 409 
213 213 213 354 354 354 

5 5 47 47 70 70 604 716 736 
98 98 98 98 
511 691 
81 300 300 571 571 607 
385 385 579 
10 93 195 205 241 342 430 522 536 536 536 739 739 

409 
241 241 
43 43 343 761 761 
2 2 153 734 734 734 734 
360 527 527 
298 671 671 707 

16 378 378 378 381 626 
96 577 603 603 603 
658 
549 549 

296 507 507 553 
611 611 699 741 741 
203 
708 708 
129 129 129 601 730 


16 16 261 261 364 573 573 626 633 633 633 658 713 
760 760 
211 270 270 286 
190 190 190 193 589 589 633 
44 44 203 246 415 

534 733 733 
18 79 79 
4 69 203 203 203 247 247 247 286 286 410 464 464 544 683 683 683 752 
26 26 88 103 114 114 117 117 160 170 177 177 203 203 203 209 224 241 312 643 643 653 667 667 739 
8 8 81 81 183 316 433 433 761 761 
282 282 
172 667 
277 630 630 630 
296 
5 5 40 40 118 370 
497 695 695 695 
80 154 154 622 622 
40 368 368 601 
36 77 
163 646 
25 123 123 123 123 159 159 288 288 288 305 305 305 469 527 
39 261 261 261 
28 266 266 301 712 
4 
424 621 
222 222 222 719 
318 439 

159 159 
299 299 498 530 530 576 576 
260 333 

227 267 292 292 470 557 596 622 739 739 
5 719 742 
351 351 
648 
348 
658 690 690 
144 269 269 
213 234 595 
203 290 290 

12 12 16 16 16 56 296 682 
203 203 253 425 554 648 648 697 697 
321 321 321 
388 388 739 
91 569 
257 257 257 321 
565 
145 232 

26 26 26 311 311 

47 47 140 140 221 550 550 767 767 
155 379 379 696 696 739 
274 
549 601 
748 748 
55 
51 51 51 625 634 
16 
5 36 66 66 66 188 412 663 663 663 682 

67 550 
184 580 
129 129 203 283 681 681 726 
16 90 90 699 734 734 734 
143 143 
190 657 
758 
434 522 522 522 
5 5 

16 16 601 601 
179 179 239 239 
13 159 159 304 314 
61 341 546 
5 5 5 5 112 112 455 
395 
558 558 739 
633 
246 261 337 
665 
635 
136 171 171 
693 
633 708 708 
42 
81 300 300 571 571 

119 250 250 296 296 358 473 473 479 479 479 621 621 
377 648 648 
494 
2 65 551 
226 243 243 243 278 508 675 754 754 
16 16 111 150 249 553 
312 499 711 711 
116 
278 287 740 740 
343 343 
278 404 
81 81 81 729 
478 
689 739 739 
224 
21 360 
662 662 
118 

81 81 257 257 537 537 
203 631 631 643 704 
642 755 

94 
5 79 
511 733 733 
741 
5 5 
589 
157 520 720 

187 241 293 293 411 


252 
46 128 545 612 
156 488 
595 
26 148 266 266 266 686 

286 300 300 300 341 341 679 

5 99 
129 129 129 203 
80 80 80 
123 354 677 
292 366 
213 

16 16 128 296 296 424 424 479 
761 
136 136 136 296 296 565 565 565 663 
633 
278 692 
170 170 170 436 
43 424 424 424 473 534 
532 
23 501 

706 
5 5 144 605 
16 21 
203 

5 5 5 460 

125 125 496 


14 739 
160 160 426 719 719 
693 693 695 
171 171 490 536 
349 
213 363 
64 64 64 430 
83 
481 
75 667 

5 5 173 595 
16 507 

135 326 326 505 664 697 
428 566 

725 725 
309 449 557 557 

703 716 
725 725 
22 
98 98 98 
51 51 528 
64 64 64 

157 157 453 605 

278 278 312 404 404 404 
145 587 587 587 
717 
703 703 
733 733 
318 318 354 
198 517 671 
105 144 144 144 649 701 705 727 
363 363 576 737 737 

480 739 739 
31 70 70 
339 479 632 733 
271 271 
312 312 312 496 
5 123 443 443 719 719 
547 563 

26 172 172 172 203 203 541 
203 540 
204 204 225 738 738 738 
197 544 714 714 
107 107 341 543 
46 459 614 
410 643 
538 563 702 
284 284 739 739 
324 324 390 
387 387 397 741 741 760 
427 637 761 
60 60 60 
16 326 429 
377 617 617 
228 228 648 
29 278 278 278 741 741 
366 511 511 650 
413 413 632 
219 596 
171 171 
16 569 569 611 
599 661 
262 538 547 669 
49 49 49 49 245 
382 475 475 475 763 763 
169 508 
5 598 
26 
91 91 380 561 561 
26 659 659 676 676 676 676 
81 310 310 422 422 607 607 

150 150 333 333 
745 745 

363 363 530 
58 58 322 
157 
311 
398 757 
121 725 725 725 
9 59 124 739 764 
52 52 667 667 739 739 
636 
640 761 761 761 
5 5 
523 523 523 658 

92 336 336 452 633 633 
156 239 280 755 

108 681 
213 213 
5 5 156 156 156 156 239 
213 213 213 373 461 504 699 699 
227 366 559 

567 624 
8 10 562 661 
16 54 
16 198 330 351 390 407 407 695 695 747 

262 322 322 322 
252 307 
73 484 520 
80 
310 571 571 
649 649 
30 30 203 
298 701 
327 327 561 
21 21 459 
49 49 
25 25 128 545 

32 134 
554 554 
39 
134 134 134 694 
115 213 213 
124 358 424 424 
154 350 350 366 
654 
16 16 598 
203 393 
16 16 16 21 128 128 321 333 
96 
62 62 117 
68 68 68 
346 346 346 
444 444 
277 534 558 
3 16 16 16 207 261 261 278 278 333 333 333 336 414 420 476 589 589 655 655 708 708 708 
393 
1 5 5 138 213 417 700 759 759 
294 584 
131 249 551 

288 288 645 667 
585 

445 739 739 
342 342 444 546 667 667 

639 741 
213 213 353 
730 
199 203 203 203 262 262 290 369 377 377 425 425 555 
190 529 608 608 
557 
210 654 
218 303 303 
196 196 342 
147 147 623 651 
36 207 240 261 261 633 633 
117 213 213 
402 
323 333 371 587 674 674 674 674 690 690 
273 273 570 570 
730 
206 562 599 
440 440 733 
5 5 395 395 395 475 680 680 680 
198 233 507 695 
416 
196 203 
75 189 201 254 288 342 342 345 502 583 583 639 643 643 
739 739 
563 
30 30 35 35 681 681 681 
319 319 528 
129 
203 
48 117 117 117 193 658 658 658 658 
428 
570 570 570 570 
117 469 750 
187 187 733 
94 184 256 256 256 464 
83 83 83 203 663 663 663 
399 399 592 670 670 670 
296 376 395 719 
117 117 224 224 224 341 341 341 
266 266 
249 748 748 
462 
257 257 692 739 
82 90 90 
80 80 437 739 739 
371 371 658 658 
309 
298 477 687 739 739 
105 419 495 495 
241 243 619 745 745 
349 349 349 495 601 601 664 
200 200 388 388 
377 377 507 
725 
132 154 234 234 327 400 595 595 
635 
257 529 610 758 758 
16 547 
513 525 525 
100 103 103 444 
10 252 252 529 
483 
298 298 298 319 
138 248 248 329 329 420 420 633 633 633 733 749 749 753 756 756 


430 430 
26 266 266 356 
16 239 239 242 242 333 
543 543 739 
203 203 
70 70 70 291 307 513 
200 524 
276 
5 163 213 213 359 367 494 494 537 537 682 742 
157 167 453 
727 727 
23 23 
70 70 70 203 
16 
158 267 510 510 514 514 581 581 581 698 
95 399 
529 721 721 
213 
45 81 170 435 
330 647 660 
295 295 

110 339 339 449 449 526 526 534 662 678 708 753 753 756 
317 317 317 317 400 400 400 
142 
307 
530 530 739 739 763 763 
542 542 542 
5 5 10 10 14 68 68 80 80 90 90 151 177 185 237 258 292 292 312 312 342 366 366 379 388 413 437 437 493 532 532 548 548 582 583 583 642 642 668 668 687 689 689 692 692 714 737 737 745 748 748 751 751 
233 432 432 
7 7 16 16 18 18 35 73 202 214 214 327 327 450 550 550 556 556 645 
367 719 


30 574 574 694 694 739 
49 
601 
14 14 137 190 391 391 685 685 739 739 
708 708 
192 677 
739 739 
341 
708 733 733 756 
428 428 
41 41 41 445 590 
187 187 187 220 220 708 708 733 753 
239 239 580 
403 701 701 
635 635 
334 334 550 
43 316 316 343 343 474 551 585 585 585 

565 565 737 737 
9 9 108 582 
27 146 
280 280 280 
5 387 387 
