nodes: 768 edges: 1432
217 448 

65 65 117 117 150 282 282 
364 633 
208 208 208 247 263 341 
55 55 59 115 118 144 163 163 171 194 194 210 210 213 213 213 221 239 239 239 272 307 344 348 370 387 387 395 405 411 411 411 412 412 441 451 484 488 488 504 506 567 594 635 654 700 700 719 759 
174 
741 741 741 
343 343 599 599 599 599 
25 25 25 25 124 126 126 582 764 
81 121 252 257 265 274 274 276 276 285 285 312 312 529 529 529 599 
494 
16 265 376 
272 272 409 
739 

12 35 78 78 173 198 258 259 259 259 278 278 296 296 321 321 333 376 378 394 400 407 407 442 442 473 473 485 505 505 548 553 561 600 601 601 601 611 626 633 633 633 709 713 713 713 739 739 741 741 
77 77 
340 550 741 741 
665 
352 
355 485 485 612 612 626 
67 67 232 515 521 
501 722 722 
739 
9 9 9 9 354 354 
41 203 203 266 385 428 428 462 462 462 472 472 540 568 570 570 712 712 

356 356 
35 251 
203 203 203 290 290 338 338 609 670 745 

616 
261 
741 741 
16 29 66 73 278 278 556 741 741 741 
317 395 655 655 
43 43 87 110 110 
294 294 294 
415 415 618 618 
118 118 
26 342 342 472 472 755 755 
306 421 421 
37 37 110 110 479 585 585 733 
246 337 

459 545 
171 271 271 307 387 387 
588 588 658 
564 564 601 601 
160 312 711 711 
203 393 393 517 517 666 
583 583 
126 188 

5 5 75 75 75 144 182 375 375 392 
64 64 156 376 503 
699 
577 577 
5 365 
106 156 156 156 
410 
517 599 
156 156 156 292 
56 56 106 156 223 223 255 499 499 
2 2 117 117 249 249 249 249 427 551 
35 395 395 395 
22 22 120 120 159 159 213 213 213 232 354 354 397 446 446 521 
513 629 
156 156 640 720 720 
140 140 273 273 273 307 533 716 723 723 723 723 723 
164 

35 297 605 605 680 741 
84 
55 55 55 502 502 667 667 
100 402 
17 17 
16 16 473 473 
239 239 451 
241 241 350 468 468 468 468 622 689 739 
10 195 257 257 300 302 302 302 312 312 343 422 435 443 599 729 
237 
117 117 342 342 500 500 500 680 680 
74 
127 601 

37 229 284 314 

207 723 
400 688 739 

589 
279 279 312 345 
203 253 447 447 
129 129 283 399 399 
322 667 667 
342 
308 516 

76 


342 342 342 704 704 
193 299 
693 
60 64 156 499 

203 203 312 723 764 
203 
37 37 43 43 
203 
170 170 411 

342 342 428 428 
5 620 
431 
2 2 65 65 83 83 224 224 342 342 656 677 677 683 
5 40 40 216 348 441 
120 267 267 424 424 
67 67 119 
10 581 
194 
354 354 469 
9 
134 
9 9 53 175 
85 664 
459 459 459 459 
95 95 203 330 399 399 467 467 467 672 
282 
637 
699 699 

125 158 616 616 655 
507 507 
274 375 418 418 475 739 739 
190 217 746 748 748 
635 708 708 

70 70 251 387 525 525 
293 293 590 
202 
401 401 
5 55 163 372 484 484 484 529 529 
383 523 
207 765 
654 703 

186 667 
2 214 214 573 573 573 
548 
258 258 339 
317 317 
350 350 622 699 699 699 

56 60 60 60 63 63 63 64 69 69 106 460 460 463 590 590 594 594 594 594 766 
203 203 230 453 520 520 
134 616 616 725 
67 67 304 304 354 362 362 409 409 461 710 
50 494 731 

561 
5 5 144 213 213 213 252 353 506 506 506 719 719 
71 
294 
484 
341 

320 
112 112 456 456 478 478 729 729 
5 47 418 418 418 
345 540 540 540 
16 504 504 
6 
126 667 

224 342 739 
208 
408 408 
739 739 
210 210 210 275 694 
55 

253 398 679 
388 388 739 
149 
292 756 
53 663 
621 667 
137 336 336 336 402 649 657 739 748 
247 
750 
104 336 658 
5 5 122 210 
81 
653 666 
543 
16 528 601 602 602 
203 648 648 648 
696 
667 
142 
26 26 30 30 30 51 94 108 108 109 111 129 157 157 199 218 218 253 262 290 290 337 341 341 341 342 342 342 374 377 377 377 393 399 423 444 444 467 486 541 544 544 609 648 680 680 680 723 723 723 726 
542 

599 661 661 
89 146 633 742 765 
4 4 4 178 
246 342 714 
5 5 181 181 181 194 531 

253 253 712 
5 5 5 67 67 67 163 163 163 222 225 273 305 373 446 446 446 498 504 593 595 595 595 620 620 635 656 719 719 728 
150 150 

118 
0 137 290 
203 203 262 341 652 
559 
756 
5 
213 719 
64 64 255 
117 117 177 295 295 342 683 683 
213 273 275 275 275 474 542 
428 
366 596 596 

87 284 
157 

22 67 
710 740 
373 373 699 

241 274 
82 
306 389 389 
5 5 5 79 79 408 580 580 590 590 594 594 713 713 757 757 

80 80 236 243 243 315 342 455 606 606 
503 713 
241 241 428 428 508 
463 463 
601 
44 209 415 415 415 415 714 714 714 
4 191 
708 749 
65 65 65 65 637 637 637 685 

29 140 506 506 506 
10 163 458 604 604 
94 184 203 212 212 377 
282 282 282 489 667 
64 223 
679 679 
10 81 81 381 381 443 649 687 687 701 
16 152 152 739 
16 16 16 

33 333 333 333 415 415 633 633 655 
203 218 563 648 648 
4 578 
328 
10 12 
26 356 356 356 462 525 609 684 
119 119 366 725 725 

548 
286 286 335 335 
47 47 
5 13 13 451 
70 70 70 213 225 
10 10 136 236 389 739 739 
181 225 225 225 593 593 
10 10 285 718 
346 346 
16 16 35 35 287 287 321 404 428 428 432 434 522 556 556 633 633 633 740 
93 93 423 
766 766 766 
509 633 
2 2 130 254 254 254 344 344 
95 
87 229 548 
10 10 276 718 
270 270 341 
278 278 432 432 432 
354 354 354 354 639 667 667 
467 548 548 548 
30 30 203 203 217 374 648 
716 721 
63 187 366 470 470 
141 141 455 
38 38 38 165 298 298 298 636 
224 224 
16 16 326 376 376 424 424 475 475 505 505 682 682 
73 
294 294 294 610 610 686 692 707 
104 498 498 
81 310 310 422 464 464 
356 723 723 
81 81 81 
652 652 
159 159 409 409 409 522 
213 354 354 354 
42 238 323 
5 47 70 560 604 604 736 
98 
418 511 511 
300 300 333 571 607 607 
385 568 568 579 579 
10 10 50 81 81 93 108 342 430 430 522 522 536 739 
420 
87 575 
241 679 
343 761 761 
36 153 153 734 734 734 
527 
707 
169 654 654 654 
16 16 278 378 548 
96 577 603 
306 421 421 
549 549 708 

296 507 507 507 553 553 553 
611 611 611 699 741 741 
264 
708 
129 495 613 
430 

16 261 261 261 310 547 547 573 633 633 633 658 658 713 713 713 
760 
270 270 
190 190 190 193 633 
44 203 415 415 456 456 456 552 
30 30 672 
152 534 733 
18 
4 167 203 203 203 218 286 464 483 544 544 683 683 706 720 752 752 
41 41 83 83 97 103 103 103 114 114 117 117 177 203 203 203 209 224 241 312 399 399 539 643 643 667 704 704 731 739 754 754 762 
8 8 81 316 585 761 
5 282 282 
93 172 
277 277 630 

5 118 568 
695 695 
80 154 154 622 758 
601 
20 472 
163 646 646 
25 25 67 67 123 123 159 288 288 288 288 305 305 305 360 360 469 469 710 
21 
28 28 266 266 266 301 362 

424 621 

354 354 439 
638 
159 159 356 604 604 604 
576 695 
3 
59 
227 267 292 470 510 596 596 725 725 739 
719 742 

648 
5 743 
382 690 
144 548 548 
213 234 234 595 
203 290 
55 55 136 
12 16 56 296 296 417 682 
203 203 203 253 617 617 617 648 697 730 730 
16 321 506 
388 739 739 
569 
257 257 
371 565 632 
145 
728 728 
26 311 

5 5 47 47 140 550 767 767 767 
185 185 379 696 739 
238 238 274 
549 695 
574 739 748 
55 
51 51 203 625 
16 429 
5 36 66 66 66 412 484 663 682 

67 
184 667 
95 95 129 129 203 342 342 726 
16 90 734 
143 143 
76 190 657 739 
758 758 
278 522 
5 
498 
16 16 500 601 647 
179 179 239 
13 159 159 304 304 304 575 575 
61 546 546 
5 5 5 112 455 455 
5 5 395 
558 558 739 
633 
39 39 246 246 246 246 261 261 337 337 
665 
376 
136 136 171 171 171 309 511 

313 
42 42 323 323 
81 300 571 607 607 607 
203 279 585 
119 119 296 296 358 479 621 621 
648 
494 
65 
26 26 114 114 226 243 243 278 278 478 508 566 754 
394 
312 312 331 499 711 
116 
278 287 287 287 740 

278 
81 729 
478 
739 
758 
360 458 
662 
5 118 
16 16 601 626 
81 257 537 
203 203 631 631 704 704 
642 642 642 743 755 
67 67 213 213 213 
94 94 
0 
511 753 
741 
5 79 272 

157 
626 
241 293 411 411 
170 170 337 337 337 

252 439 
46 128 128 128 128 545 
156 156 488 488 488 
159 595 621 621 
26 26 26 266 686 
156 244 244 
300 300 341 599 


129 129 129 203 289 
80 80 80 80 606 
123 354 354 
292 292 366 

26 26 41 41 352 
16 16 78 78 479 
225 
136 296 296 663 
633 

170 170 428 436 
43 424 473 



341 752 
5 144 144 144 166 395 
16 21 21 
203 562 

5 5 460 460 460 
254 
496 496 
572 


11 160 426 719 719 719 
330 693 697 
490 490 536 536 
664 
213 299 299 406 763 
64 64 106 430 
83 83 83 407 
23 722 
75 75 667 
56 242 
5 173 173 213 595 595 
16 16 296 296 
5 163 163 163 251 251 251 378 567 
135 135 326 326 326 664 697 
243 428 566 566 
281 
366 
309 309 418 449 557 557 557 557 

68 703 
725 725 
22 
98 615 711 
51 51 62 528 

705 705 
157 157 720 720 
22 67 
278 304 312 312 404 580 
145 587 587 587 
717 
140 140 266 703 703 716 716 716 
733 
318 
198 517 671 
10 10 10 144 144 649 701 705 
737 
210 
739 739 
70 
339 

312 496 496 
443 719 
547 547 
342 
26 172 172 172 680 
203 
204 225 593 593 738 
197 544 544 714 714 714 
203 203 341 341 543 543 
46 459 614 614 614 
410 410 643 643 
333 333 538 538 563 573 
16 151 269 284 289 289 289 321 372 372 
324 324 390 
18 387 760 
65 
337 
16 326 326 326 

648 733 
35 278 278 741 741 
511 511 511 511 
413 413 
219 596 
307 
16 162 
486 661 
262 547 669 669 
49 49 
382 763 
428 508 508 
5 506 598 
26 311 311 348 
380 
26 26 
310 422 607 607 
491 678 
150 150 150 333 547 
391 745 745 
314 409 409 
363 
58 58 322 603 
263 
311 311 
239 239 522 
121 698 698 
9 739 
52 52 667 
636 636 
43 43 343 423 640 640 

523 523 523 
48 48 
92 633 
141 156 156 239 239 

681 681 
213 275 275 542 542 738 
5 156 156 156 156 239 239 
213 213 213 373 461 504 504 
227 227 366 366 559 

567 624 
8 8 8 8 10 62 81 206 464 
16 
16 16 16 49 49 85 198 245 351 407 442 660 660 695 730 
198 198 
322 577 
252 252 307 307 362 362 362 
73 73 
241 241 468 
310 310 422 422 422 571 571 
649 
30 203 266 
298 298 
16 327 327 327 
21 21 
330 
545 545 545 
516 
32 134 134 158 158 
377 377 377 648 
39 39 

115 213 213 750 
189 358 424 424 461 461 
80 154 350 739 

598 
393 
16 21 442 454 


68 
346 
444 444 
382 
3 16 16 16 207 261 261 278 278 278 281 333 333 333 336 414 476 589 655 655 708 708 708 

5 138 213 700 700 759 
294 584 584 
131 249 249 249 
361 
288 667 
69 585 585 
705 
445 445 445 739 
342 342 546 546 

741 741 
353 353 
407 730 754 
199 199 199 203 262 262 290 369 377 425 555 617 
190 257 529 608 701 701 

654 654 654 716 716 
218 303 303 
196 
5 147 320 320 320 651 651 651 
36 36 134 261 633 633 
117 213 
190 402 
48 193 333 333 674 674 690 690 

601 601 730 730 
206 206 562 
440 
188 395 475 680 680 680 
127 497 507 695 
19 416 
51 196 
75 75 96 96 149 175 189 201 254 288 288 342 398 502 583 639 762 
739 
563 563 
30 681 681 681 744 
528 
129 338 706 

658 658 


117 117 750 750 750 
572 733 733 
184 256 256 315 
73 83 83 203 203 203 540 663 663 663 
592 592 670 670 670 
296 296 376 395 719 
117 224 224 341 341 
266 
249 748 
298 462 
257 257 737 
90 
80 
371 658 658 

298 739 
105 495 695 
181 745 745 
349 349 363 390 601 664 693 
200 388 717 739 
377 495 507 
581 581 725 
57 132 132 154 154 154 234 327 
5 5 635 635 
257 529 649 649 758 

147 513 525 525 716 
103 103 342 342 444 444 
519 519 529 641 
341 672 
298 319 
138 138 248 324 329 633 633 633 733 733 733 753 
16 
159 233 354 
50 50 430 516 
26 26 212 
16 16 16 239 239 242 333 333 333 
209 246 246 246 543 543 543 

70 291 525 525 525 651 651 703 
524 696 
276 285 
5 163 163 213 213 222 367 494 494 494 537 682 742 742 
69 69 341 520 520 
291 727 727 727 
23 23 501 
70 70 70 70 70 89 108 203 203 203 301 301 

158 267 267 366 366 514 514 698 
203 399 
721 721 721 
213 384 384 
81 170 170 435 
377 377 601 647 660 660 
160 342 

43 339 526 555 678 678 708 708 708 753 753 
317 317 317 400 

307 
530 687 763 
542 593 
14 16 16 24 80 90 136 136 177 180 180 185 190 258 274 274 312 342 366 379 379 388 391 402 413 437 532 532 582 622 642 668 692 696 745 748 751 
233 278 432 
7 7 7 16 16 18 18 34 34 35 35 35 73 327 327 450 556 556 645 645 
207 367 719 719 
370 445 
670 
30 574 574 694 694 739 
137 

137 137 190 391 685 739 
248 
192 620 677 677 677 
739 
341 341 483 
449 708 733 733 756 
342 342 428 647 
41 41 445 
187 220 753 
239 239 
350 403 403 438 701 
5 635 
334 550 
316 316 343 
342 667 
498 565 737 
9 108 
146 207 
156 280 280 280 
387 387 387 
