nodes: 768 edges: 1415
217 448 

117 150 282 282 317 
633 
208 341 357 
47 59 59 115 118 144 147 163 163 171 171 194 194 210 213 213 221 239 239 239 272 307 344 348 367 370 370 387 395 405 405 411 412 412 441 441 441 448 484 488 504 504 506 506 537 623 635 654 654 663 700 719 739 739 759 759 
174 
550 

25 25 25 126 126 582 
81 121 121 257 257 274 274 276 285 389 529 529 529 599 599 705 718 
359 
16 16 265 376 
159 159 261 261 272 272 272 
493 739 
296 
12 12 32 32 35 35 40 40 57 57 78 173 198 214 258 259 259 259 278 296 321 333 333 333 376 378 394 407 429 454 473 485 505 547 547 548 548 553 601 611 626 626 633 633 713 713 713 741 741 
77 
741 741 
665 
352 352 352 
128 128 485 485 485 612 626 626 
515 521 
481 501 584 722 
739 
9 9 9 354 354 
203 203 266 266 428 462 462 472 568 568 570 570 712 712 
30 30 765 
356 356 

27 27 203 290 338 609 609 670 681 681 

16 16 


16 16 66 73 156 278 297 432 432 556 645 670 741 
102 352 395 655 655 
43 43 87 534 
294 294 294 298 
415 618 
16 16 118 118 118 348 351 
342 472 472 472 755 755 
306 421 421 
37 37 110 110 316 316 479 585 
337 

545 
5 171 271 307 387 387 560 560 767 
658 658 
564 564 564 601 613 613 
160 312 312 312 711 
203 393 393 517 517 
583 
126 188 
600 600 600 
75 182 392 392 
64 156 223 223 239 239 503 
16 16 699 699 
482 577 577 577 
5 5 365 365 365 
106 156 552 
410 
517 628 
156 156 156 156 292 
56 106 156 499 518 
117 117 249 427 551 
35 395 395 402 
120 159 159 213 213 213 354 354 397 397 397 760 
108 629 629 739 
640 
140 140 307 307 723 723 723 723 
393 

35 297 605 605 741 
84 
55 667 
100 402 
17 352 352 370 
16 255 473 
239 239 340 340 448 448 451 
241 241 468 622 689 739 
10 170 170 195 195 206 300 343 343 433 435 443 599 
237 237 688 
117 228 342 342 500 500 500 680 
74 
601 601 
239 
37 284 
342 575 
207 207 633 
400 400 739 
380 569 

279 279 312 345 
203 203 212 253 447 679 679 
129 283 283 399 399 726 726 
627 
342 
308 308 366 516 

76 704 

36 
342 
299 
529 721 721 
60 64 156 156 156 
544 
68 123 203 592 723 764 764 

43 43 504 
157 203 
170 
257 257 701 
342 342 428 
5 620 620 620 635 
213 
2 65 65 83 224 342 342 342 628 628 674 674 
5 40 40 40 216 348 
267 267 267 
67 267 267 
10 10 581 
194 382 
108 354 469 469 537 
582 621 
490 496 
9 9 53 
664 664 664 
21 21 459 459 459 626 
95 203 330 330 399 399 467 467 467 672 
208 

699 699 699 699 

616 619 
507 507 
274 418 418 475 739 
190 217 748 
635 708 708 
391 739 
70 70 244 387 525 525 
241 293 293 455 455 
202 
401 
5 163 529 529 529 
383 
207 
5 

186 186 342 667 667 
2 214 573 
739 

317 
350 350 
388 388 
35 56 60 63 63 63 63 64 106 106 106 280 594 766 
111 203 203 520 520 720 720 720 
616 725 
13 13 67 67 304 304 354 362 362 409 409 461 461 
50 494 539 
556 

5 5 144 213 213 213 252 353 506 506 719 719 
393 
294 
484 

243 428 
566 
81 81 112 342 456 478 478 
5 5 47 418 418 496 560 
345 540 540 
16 385 504 504 504 764 
6 
667 

342 739 
208 
743 
739 
275 275 275 694 
55 
343 343 

388 388 388 739 739 
149 149 
292 678 756 756 756 
53 663 
667 
137 336 402 402 450 657 657 739 

750 750 
658 674 
5 5 122 210 240 
81 81 
332 653 653 666 666 666 
341 543 
16 528 601 664 

524 524 717 
225 667 
142 
26 26 30 51 94 94 108 111 129 157 157 253 253 253 262 301 337 337 337 341 341 341 342 342 374 377 399 399 399 423 423 444 444 486 540 541 544 544 577 609 625 648 648 648 648 666 680 715 715 715 723 723 
542 542 
312 
81 661 
89 89 146 633 633 633 655 765 765 
4 130 178 357 
342 342 500 
5 194 
270 270 335 
94 253 
5 5 67 67 67 116 163 163 163 222 225 225 273 273 305 446 471 504 593 593 593 595 595 620 656 656 719 728 728 728 
16 150 741 

118 
0 137 290 290 

559 

5 
213 719 
56 56 239 255 255 255 
117 295 295 295 342 342 683 
201 213 213 273 275 275 474 474 542 593 
428 675 
559 596 
83 555 555 
284 






241 241 241 274 
82 82 739 739 
389 
5 5 5 56 56 79 79 86 223 580 580 590 594 713 757 757 
194 
80 80 141 236 236 236 243 312 315 606 694 694 694 694 
713 713 
168 241 428 428 508 694 
140 463 463 
601 
415 415 714 
341 

65 429 485 551 

506 
163 604 705 
94 203 203 203 212 377 
282 282 489 667 667 
78 223 223 223 
679 679 
10 10 113 113 443 443 529 687 687 701 
16 739 
16 16 16 
397 
13 13 333 333 355 415 633 633 655 
203 603 
578 

12 688 739 
26 26 462 520 525 684 712 
119 119 119 120 120 725 
692 
548 548 
211 211 286 286 335 
47 535 535 
5 13 13 13 
213 213 225 
10 10 136 236 389 739 
181 181 181 225 225 
10 285 285 285 718 
346 
16 35 321 404 404 428 428 432 434 476 476 522 556 556 556 633 633 
93 93 312 
156 766 
509 
2 2 254 254 344 344 501 
95 95 399 
87 229 
10 276 276 276 718 
270 270 335 
432 432 
354 354 354 639 639 
467 548 548 
30 217 217 374 374 648 
716 721 
63 187 366 366 397 470 
141 141 455 455 
38 38 38 165 309 
224 224 224 731 
15 16 347 347 376 376 424 473 473 475 475 
35 73 
38 610 610 636 642 671 686 707 739 739 
104 363 498 
81 
203 356 715 
355 
652 652 
159 159 409 
213 354 
42 323 
5 47 70 70 560 604 716 736 
98 98 516 
294 418 418 511 
333 571 607 

50 50 50 93 205 241 279 430 430 430 522 536 711 711 739 739 

409 575 575 
241 679 679 679 
43 43 585 585 761 761 
2 153 734 734 734 734 
527 527 
707 
654 654 
16 278 378 548 548 
577 
306 421 421 658 
549 549 708 
733 
507 
699 699 741 741 


129 129 
428 428 
196 
16 16 16 261 261 310 547 573 626 626 633 633 633 658 713 
760 
211 270 286 513 513 
190 633 633 633 
44 203 203 203 342 415 415 456 456 
30 672 672 
733 
79 79 
4 197 203 203 203 247 464 544 544 578 578 683 706 720 720 752 
41 83 83 88 97 103 114 114 117 117 117 149 170 177 203 203 209 209 224 224 337 399 428 428 643 653 667 667 739 739 754 754 762 762 
81 81 183 183 585 761 761 
5 282 282 
93 172 
277 630 630 630 
296 296 
5 40 118 370 568 
695 
154 154 622 
40 368 368 
20 20 20 36 77 77 472 
163 646 
25 25 67 67 123 159 288 288 288 305 469 710 
261 302 
28 28 301 
4 208 
424 621 
11 


159 159 
299 406 530 576 576 

59 59 59 
98 292 292 470 470 510 510 596 739 
5 719 742 
351 351 

5 5 77 348 743 
382 382 690 
548 
595 
203 290 290 

12 16 296 296 682 
203 253 425 554 554 617 648 697 730 
16 321 744 
388 388 739 
91 569 

122 371 371 565 565 739 
145 

173 579 

5 47 47 140 550 550 550 550 716 716 
155 155 185 185 185 379 379 480 480 480 696 696 696 
10 238 274 
601 695 
139 574 748 748 
55 55 
51 51 71 164 625 634 
16 
5 36 66 66 

67 67 67 260 292 
667 667 667 
95 95 129 129 203 203 203 283 342 681 681 
90 90 734 734 
143 
66 76 190 190 657 
758 
278 278 432 432 434 434 434 434 522 
5 5 533 533 
363 498 498 
16 601 601 647 
574 574 
159 159 304 314 575 
61 546 
5 
5 5 
558 632 632 739 

39 246 246 261 337 337 
665 665 

136 136 171 171 309 309 511 

708 
42 42 323 323 
607 
203 203 
296 358 473 473 479 479 621 
377 
498 
65 
26 114 168 226 243 243 278 278 331 331 342 342 566 566 
16 249 553 
312 312 312 499 499 711 

35 35 278 287 287 404 404 740 
81 
278 404 404 404 404 
81 729 

739 739 


733 
5 5 5 
747 
81 257 257 537 537 537 
203 203 631 631 643 704 704 
642 642 743 
213 
94 601 601 
0 5 79 79 
526 
190 741 741 741 
79 537 

720 
16 626 
141 141 293 293 
170 337 337 


128 128 128 612 
488 488 
159 159 595 595 621 621 
26 26 266 686 686 
244 244 
341 599 679 679 


129 129 129 289 
80 
123 123 354 677 
292 366 366 
213 646 646 
26 41 41 41 352 
16 78 296 296 424 424 
225 225 761 761 
136 296 296 565 663 
278 278 633 
692 
170 170 
43 424 424 
388 388 388 532 
23 501 501 
58 
706 752 
5 166 
16 21 21 21 249 724 
203 562 562 

5 460 460 
254 639 639 
125 


14 739 
160 719 
693 695 697 
125 171 536 536 
664 695 
299 406 406 426 763 
64 430 430 
83 83 83 209 
23 282 481 481 
667 
56 
5 5 110 173 173 173 213 595 595 595 
16 
5 5 163 163 251 567 
135 135 326 697 
243 
281 
366 366 725 751 
309 418 557 

335 335 716 
596 596 725 725 
22 
98 308 615 638 711 711 
51 51 62 528 599 740 
64 

157 157 266 568 605 720 
22 
278 312 404 

200 200 696 
140 140 266 716 
449 662 733 
318 318 
198 517 671 
10 10 10 105 144 144 144 257 649 701 705 
363 576 737 763 

480 739 
405 405 
37 
271 271 
312 496 496 
5 123 443 443 443 451 662 719 719 719 
547 547 563 563 
160 
172 172 203 541 541 680 
203 540 540 
204 204 225 593 738 738 
197 544 714 714 
107 203 203 341 341 543 
46 612 614 614 
410 
16 16 333 538 538 563 702 
16 16 269 269 289 289 321 321 372 739 
324 324 
7 387 387 387 387 707 741 
65 249 
60 
16 429 
377 377 617 697 
228 228 648 733 
35 161 278 278 278 741 741 
511 650 
413 
219 227 
47 47 171 307 
611 611 
486 486 661 661 
538 538 547 669 
49 49 49 
382 382 475 
169 428 428 
506 598 
26 26 348 520 
91 380 
26 26 
310 607 

150 333 644 
391 408 408 745 745 
88 314 314 409 
363 363 530 
58 58 58 203 322 603 603 
263 341 341 
385 
239 239 757 
121 698 725 725 
9 124 764 
52 667 667 
23 636 
43 316 316 343 640 640 

658 

633 633 
239 

108 681 681 681 681 
213 213 213 225 542 738 
156 239 
213 213 373 461 461 504 504 504 699 
227 366 514 514 725 

567 
10 10 81 464 517 
54 54 54 
16 49 85 85 198 245 390 407 407 447 447 660 695 695 730 

262 577 577 
252 307 
73 73 520 709 
241 
310 422 571 
649 
30 30 203 
298 298 686 701 
16 561 561 
21 459 545 
49 49 
545 545 708 
516 
134 158 
377 554 648 648 
39 
134 694 
115 115 115 213 750 
124 358 424 461 461 
80 350 739 
5 

203 393 
16 16 21 21 128 333 333 454 
96 
62 117 117 
68 68 642 
346 346 346 
444 444 
413 413 
3 16 16 89 207 207 207 261 261 278 278 333 333 333 336 336 336 476 589 589 655 655 655 708 708 
393 
5 115 138 700 700 
298 584 

516 
288 288 489 489 667 
69 585 585 
705 
298 445 445 629 
342 444 732 
573 
35 741 
353 471 471 
407 754 
203 203 203 203 290 377 555 617 617 
529 608 701 701 
557 
654 716 
303 303 
196 196 342 
5 5 320 320 651 
36 36 207 261 633 633 633 
213 213 677 
190 190 402 
48 48 193 323 333 587 674 674 690 

601 730 730 
206 562 562 
526 537 733 733 
5 188 475 680 680 
127 127 127 198 497 695 
19 416 416 
196 196 196 203 
75 149 149 175 189 201 254 254 342 342 398 398 398 502 583 583 639 739 
693 739 
563 
30 35 681 681 744 
298 528 
129 338 338 706 

117 117 193 658 658 
226 

469 656 750 750 
187 
94 94 256 256 315 315 315 464 464 
83 203 540 663 663 
30 30 399 399 592 592 592 592 670 670 
376 
224 341 
266 
748 
298 462 462 610 
257 257 737 737 
82 265 
80 
371 658 

268 477 
495 668 695 
181 241 241 241 241 243 619 745 
349 390 495 497 601 601 664 693 
388 388 388 524 717 739 
377 495 507 554 
581 
57 57 132 132 132 132 327 327 595 
5 635 635 
113 257 529 610 649 649 
547 
716 
100 444 444 
10 252 529 641 
341 483 672 
298 319 550 
138 138 324 420 614 633 633 733 733 733 753 
605 
354 
50 312 312 430 516 516 
26 26 266 
16 16 16 239 242 242 333 
246 543 543 739 739 
203 203 203 301 
291 307 387 387 513 525 651 703 
200 696 
10 276 285 
5 163 163 213 222 367 494 537 537 537 
157 157 157 341 341 453 520 
105 105 291 727 
23 
70 70 70 70 108 203 203 
485 
158 267 510 514 514 581 581 596 
95 95 
721 
213 213 213 
435 
377 601 660 660 
295 
643 
325 339 440 526 555 662 662 708 708 708 749 749 753 756 756 
317 317 317 317 400 400 

307 
530 687 687 739 739 763 
542 542 593 
5 5 14 24 68 80 90 136 139 151 177 180 185 185 190 237 237 258 265 274 298 298 312 312 342 342 366 379 382 413 437 437 493 532 548 622 667 668 696 714 714 737 737 745 748 751 
432 517 
16 16 18 18 35 73 214 327 327 450 450 450 550 556 556 645 
367 
179 370 445 
378 670 
574 574 694 739 

442 
137 391 391 685 739 
733 733 
192 192 620 677 677 
510 739 
341 483 
708 733 756 
342 342 647 
41 41 
187 187 187 733 733 753 
239 239 580 
403 
5 5 
67 334 
316 316 343 343 474 474 
342 342 
498 530 737 
108 108 173 582 
27 207 207 
156 280 
47 
