nodes: 768 edges: 1420

635 635 635 
65 117 117 117 150 150 150 282 317 317 
334 633 

17 47 55 59 59 59 115 115 115 118 118 144 147 163 163 171 171 174 194 210 210 213 213 213 221 221 239 239 239 307 307 307 344 348 367 367 387 387 395 405 411 411 411 412 441 441 448 451 451 466 488 504 504 506 506 506 537 567 594 635 635 654 654 663 663 719 719 739 767 
174 
741 741 741 
343 343 599 599 
124 126 582 764 764 
81 81 81 121 252 252 257 276 285 312 312 529 599 599 705 739 

16 16 376 376 
159 272 
448 748 748 
296 296 
12 12 32 35 35 40 40 78 78 198 198 198 258 259 278 278 296 321 333 333 376 376 378 394 400 407 407 407 429 429 442 442 473 485 485 505 547 547 548 548 553 553 561 561 600 601 601 626 633 633 633 702 709 713 713 713 724 741 741 741 
5 466 
550 550 741 741 
416 416 

128 128 485 485 612 626 626 
67 232 515 515 521 
481 
312 312 739 
107 354 354 614 
41 203 203 266 342 342 342 428 462 462 472 472 472 540 540 570 570 570 
765 765 
203 301 356 356 
35 
203 203 290 322 609 609 670 670 670 670 
533 
16 

741 
16 16 29 66 73 156 278 278 432 670 670 741 741 
102 102 395 655 655 655 
43 43 87 110 534 
294 298 
261 355 415 
16 16 101 348 348 348 351 
26 342 342 472 755 755 
48 306 306 421 
37 37 110 316 479 479 585 585 733 
246 
253 729 

5 171 221 221 221 307 387 387 767 767 
42 658 674 
601 601 
160 312 711 
393 
583 
126 188 
310 600 600 
5 75 
64 156 156 223 223 239 242 354 376 503 503 
162 258 
203 577 577 
5 5 5 582 
156 552 

517 628 628 
156 156 156 
56 223 499 637 
2 117 117 249 249 249 427 551 
35 
22 159 213 213 213 232 354 354 397 397 397 446 
485 
156 156 341 640 720 
140 273 307 307 533 716 723 723 723 
393 
151 
35 297 297 605 680 741 
84 84 84 299 
55 667 
100 100 402 
370 
16 16 473 
239 448 448 451 597 
241 350 468 622 622 622 689 689 689 739 739 
10 10 10 170 170 206 257 302 310 343 599 599 
688 
117 228 342 680 
74 74 74 
601 
239 
37 229 229 284 

207 633 
400 400 739 
569 
589 
312 
203 203 253 253 447 447 447 679 679 
129 283 399 726 726 
667 667 

308 516 

76 76 
40 
36 36 703 
300 300 300 342 

529 529 
499 
25 544 544 
123 203 203 203 312 723 739 739 764 

37 43 504 733 733 
157 157 203 429 429 
170 170 411 
257 701 701 
428 675 
5 5 5 620 635 

2 2 2 65 65 83 192 224 224 224 342 656 656 656 683 683 
5 5 216 
267 267 

10 
194 194 
108 215 354 354 537 
9 582 
496 
9 53 

21 21 459 614 
95 203 266 399 399 467 672 
208 208 208 282 342 

699 699 



274 418 418 739 
190 746 748 
708 

70 244 525 
241 293 590 


5 163 372 529 
383 

5 654 654 

186 186 667 
2 2 2 573 
72 
258 258 
317 317 
350 350 622 699 

35 56 56 60 63 63 63 69 69 460 463 590 594 594 594 766 
111 111 203 453 520 520 720 
616 616 725 
13 67 304 354 362 362 710 
50 342 494 494 
278 556 556 
57 561 
5 5 144 213 213 213 252 353 506 506 506 506 719 719 

294 
484 484 484 
341 556 
399 428 

81 81 112 112 456 456 456 729 
5 5 47 206 418 496 496 560 560 
367 540 
504 764 
5 6 
667 667 
595 595 
342 342 739 
208 
408 743 743 

210 210 210 275 275 694 

343 
253 253 253 398 398 398 464 679 679 
739 
149 149 547 
292 292 292 455 678 678 756 756 
53 663 663 663 
621 
137 336 336 336 402 402 450 450 657 739 748 748 
247 
117 750 750 750 
336 658 658 674 
5 122 122 210 210 

332 653 653 653 666 
543 
16 16 16 601 601 664 664 
648 
524 532 696 
225 667 

26 26 28 30 30 58 94 94 108 108 108 111 129 157 218 218 253 262 264 290 301 337 341 341 341 342 342 377 377 386 399 444 444 444 486 540 541 544 577 609 631 631 644 648 648 648 673 680 680 680 726 726 

312 312 
81 171 599 599 
89 
130 130 130 178 247 
342 500 
5 5 181 181 181 194 194 531 531 
270 335 
253 712 
5 5 5 67 67 67 163 163 163 222 225 225 273 273 299 305 305 305 373 471 498 498 498 593 593 595 595 620 620 656 656 719 728 
741 741 
123 
118 
290 
203 203 262 341 652 
227 559 

5 5 47 47 47 387 387 
213 359 359 719 
56 56 64 729 
117 117 117 295 295 342 342 683 683 750 
201 213 213 273 474 474 
428 
219 596 
83 555 
87 87 269 269 269 284 284 

264 
22 67 

373 373 

274 274 

389 389 
5 5 5 56 79 86 408 580 590 590 713 713 757 

80 141 243 342 455 606 606 745 
56 503 713 713 
241 428 508 694 694 694 
140 463 
447 601 
44 714 
191 208 
749 
65 65 65 637 685 

506 
10 10 163 604 604 604 692 705 705 
45 94 94 184 184 184 203 212 377 377 


679 679 
10 81 113 443 529 687 687 
16 57 152 152 739 
16 
364 
39 333 333 355 415 633 633 655 
203 218 563 

203 231 328 
688 739 739 
26 129 356 356 462 520 525 684 684 684 684 712 
119 119 725 
692 
229 229 229 372 
211 286 335 
535 
13 451 
70 213 213 225 
136 236 236 739 755 
181 181 593 
10 
346 346 632 
16 16 35 35 161 287 404 428 522 556 556 633 633 633 740 

590 766 
509 633 
2 130 344 
95 399 
87 229 229 
10 
270 341 464 
278 
639 639 667 667 
467 
30 203 217 374 
716 721 
187 187 187 366 397 470 739 
141 455 455 580 
38 165 309 584 
224 224 
15 15 16 326 376 424 473 475 487 505 682 
73 73 
38 319 610 642 671 686 707 739 
74 213 363 498 
103 103 103 310 310 422 464 464 464 
28 203 356 356 715 723 
81 355 355 355 
652 652 
159 409 522 
213 213 213 354 
42 42 323 
5 5 5 47 70 70 560 604 716 736 
98 516 
294 418 418 418 511 511 
54 81 300 300 333 571 
385 579 
10 10 24 24 50 93 108 205 205 402 430 522 522 536 536 668 711 711 739 

409 575 575 
679 679 
43 343 761 761 
2 2 153 153 734 734 
360 527 527 
298 
508 654 654 
16 378 378 378 548 626 
30 
306 421 658 
549 549 708 

296 507 553 
611 611 611 611 699 699 741 741 
264 


428 
196 
16 16 261 261 310 364 547 626 633 633 658 
3 760 
211 270 513 
190 190 190 193 589 633 
203 342 415 415 456 
672 
733 
448 
69 167 203 203 203 218 286 464 464 483 544 544 578 683 683 684 706 720 726 
26 26 26 41 41 83 103 117 130 160 177 177 203 203 209 224 224 241 337 428 428 539 643 704 731 739 762 
8 8 81 183 316 585 585 761 761 
5 282 
667 691 
277 277 630 630 

5 40 40 40 568 
497 695 695 
80 154 154 622 758 
40 368 601 
395 472 
163 646 646 646 
25 25 56 67 67 123 123 159 305 360 527 527 710 
39 261 302 302 302 
28 28 266 266 301 301 712 


222 222 461 
318 354 439 

159 159 604 604 
299 406 498 498 530 695 
260 333 

292 470 470 510 510 596 739 
5 5 172 719 
351 

77 
382 
144 269 548 548 
213 234 234 595 
290 

12 12 16 16 56 296 417 
203 203 253 253 425 554 617 697 730 
16 321 321 321 744 744 
388 


371 565 565 632 739 
145 

311 
203 
5 5 47 47 221 221 550 550 550 716 716 767 767 
379 480 
238 238 
549 
574 748 
400 
51 71 
16 
5 36 352 

67 67 67 292 
184 184 184 580 667 
95 129 129 168 203 283 487 726 
16 90 90 392 699 

76 190 190 312 657 

278 432 434 
5 533 533 533 
363 
16 16 16 601 
179 239 574 574 
304 314 
546 
5 5 5 112 
5 
558 558 632 739 

39 261 337 337 
19 19 665 665 
376 
136 136 171 309 309 309 

633 
42 323 
300 571 571 607 
585 
296 479 479 621 621 
377 648 648 
498 498 
65 551 
26 114 168 226 243 278 331 342 342 566 566 754 
16 16 111 111 
312 711 

35 404 

404 


689 739 
758 
360 
482 662 
5 5 
16 16 601 626 626 747 
257 537 
203 203 203 631 631 643 704 704 704 

67 
94 94 94 245 
5 14 79 79 340 
511 753 
190 190 741 
5 5 79 272 537 
589 589 
157 
626 
187 241 293 293 
170 170 170 337 
583 

128 545 
156 488 
359 595 595 
26 26 266 686 686 
156 244 
184 286 300 300 300 341 341 679 679 

5 17 
129 289 
80 

292 366 366 
213 646 646 646 
26 26 26 41 352 
16 78 296 479 492 726 
225 225 761 761 
296 565 663 

692 

43 43 424 424 473 
388 532 532 
23 501 501 501 
440 
341 706 
166 166 166 605 
16 16 21 21 68 724 
203 562 
296 399 
5 460 


572 
473 
739 739 739 
160 160 
697 
125 171 171 536 536 
349 
213 213 213 299 363 363 426 426 763 
64 106 
209 
481 481 481 

56 56 242 
5 5 110 173 595 595 
16 296 507 
5 5 5 163 163 163 163 251 
326 505 697 697 697 697 
243 320 566 
281 
366 366 751 
309 309 449 557 692 

335 716 
596 
22 22 
98 308 638 
62 528 528 528 599 599 740 740 740 740 

705 
157 157 266 720 
22 
278 304 312 312 580 
587 
200 696 
140 266 703 716 
733 
318 318 354 354 
517 517 517 
10 105 105 144 257 701 727 
363 576 737 737 
210 210 
200 480 480 739 
31 70 405 405 405 
37 
271 
312 312 496 496 
5 123 443 451 719 719 
547 563 701 
342 
26 26 172 203 541 680 
203 540 
738 738 
197 544 544 714 714 
107 107 203 341 341 543 543 
459 614 
410 643 643 643 
16 16 186 333 538 573 702 
16 16 321 372 372 739 
324 324 390 
18 18 387 387 387 760 760 
65 427 637 
60 
16 16 326 571 
377 617 697 
228 648 648 733 733 733 
161 161 167 278 278 741 741 
511 650 
413 413 632 
219 
171 171 307 
16 16 162 569 
486 599 611 661 
262 538 669 669 
746 
382 382 475 
428 428 508 
5 598 598 
348 
91 561 
26 26 26 659 659 659 659 
310 422 422 553 607 607 
491 
150 547 
391 408 408 745 
314 314 
530 
58 58 203 603 
341 
311 
239 293 398 522 757 757 
725 
9 59 124 739 739 
52 457 
294 636 636 636 
43 43 343 343 423 761 761 

523 658 

92 336 452 452 
141 156 239 239 280 
601 601 601 
681 
213 213 275 738 
5 156 156 156 
176 176 213 213 373 461 461 504 504 699 699 
227 366 514 725 
79 
567 567 624 
8 8 10 10 81 81 206 206 517 517 562 661 
16 54 54 
16 16 49 49 85 198 198 245 351 407 442 591 591 591 647 660 660 695 730 747 

577 
252 252 252 307 362 362 
73 484 709 
241 241 
422 571 571 
649 
30 30 203 
298 701 
327 327 327 327 562 
21 

25 128 545 

158 158 
377 554 

694 694 
115 213 213 
189 424 424 
80 80 80 154 350 

598 

16 21 21 321 333 442 442 454 

62 62 

346 346 
203 203 444 444 
277 382 413 558 
3 16 16 16 89 261 261 278 278 278 281 333 333 336 420 655 708 

1 1 1 5 5 115 700 759 759 
584 584 584 
64 249 551 
516 
288 288 645 
69 
705 705 
298 739 739 
342 444 546 546 546 667 732 732 
203 
639 
353 353 353 471 471 471 
601 754 
199 203 203 203 425 425 555 555 
608 701 701 701 
557 
716 716 
218 303 303 
196 196 196 
5 5 147 147 320 320 
36 36 36 261 633 
117 117 117 213 213 677 677 
190 402 
48 193 193 323 333 587 674 
570 570 570 570 
601 601 
562 599 
440 733 
5 5 188 188 188 475 680 680 680 
198 198 695 
416 416 
196 
75 96 96 149 175 175 201 288 288 345 398 643 
312 723 739 
563 563 
30 30 30 30 35 35 681 
298 
129 338 
203 
48 193 658 
114 

656 656 750 
187 187 733 733 733 739 
94 94 184 184 256 256 315 315 464 464 
73 83 203 203 203 540 663 663 663 
592 670 
296 719 
117 117 224 224 341 341 
266 266 266 266 341 
249 
298 462 462 
257 257 737 739 739 
82 265 
80 80 80 437 739 739 

345 
252 268 477 511 739 

181 243 243 243 619 619 745 745 
349 349 363 601 664 
200 524 
377 495 507 507 507 507 554 
725 
132 132 154 327 327 400 595 595 
635 
113 113 529 538 610 649 649 649 758 758 
16 547 
102 525 716 
342 444 444 444 
10 252 252 519 641 641 
341 483 
298 
138 324 633 733 733 749 756 
16 605 
159 354 
50 312 312 430 
212 266 356 
16 16 16 239 239 242 242 
246 543 543 739 739 
301 
70 291 307 387 387 513 525 651 651 703 


5 5 163 163 213 222 367 537 537 682 742 742 
69 157 341 520 
291 727 

70 70 70 108 301 668 
16 485 
158 267 581 596 698 
95 95 203 203 341 399 473 
529 721 
213 
45 170 223 
377 601 
342 
643 643 
43 110 110 339 526 555 555 555 662 678 678 678 708 708 749 
317 317 

307 
530 530 687 739 763 763 
542 542 593 
5 10 24 80 80 90 108 108 136 177 185 190 258 265 265 274 292 298 312 342 366 382 413 437 493 493 493 532 548 582 582 642 642 668 678 687 687 689 689 692 714 714 737 745 745 748 751 
278 517 517 517 517 
7 7 7 16 16 16 18 18 34 35 35 73 214 214 327 327 450 556 556 
719 719 
179 179 
378 378 
241 574 694 694 739 739 
137 564 
442 601 
14 14 137 190 190 391 739 
248 708 733 
192 192 192 224 677 
510 739 

449 
428 647 
41 41 274 
187 187 708 
239 580 580 
350 438 701 701 
635 635 
334 550 550 
316 316 343 343 474 474 585 585 
342 
498 737 737 
9 9 108 173 
27 27 
156 280 
5 47 47 387 387 
