nodes: 768 edges: 1435

635 
117 150 282 282 
364 
167 247 341 341 
17 47 47 47 55 55 59 115 115 118 144 147 147 163 171 174 174 210 213 213 213 221 239 239 239 272 272 307 307 348 370 395 405 405 411 411 412 441 448 466 466 484 488 488 504 504 537 567 635 663 719 739 759 767 

741 741 741 
343 343 
25 25 25 25 124 126 582 764 764 764 
81 81 257 265 276 529 718 
359 
16 265 265 265 265 376 
159 159 238 261 261 261 272 272 272 272 
493 739 748 
296 
12 32 32 35 35 35 40 40 40 57 78 78 198 214 214 259 259 278 296 296 333 333 333 376 376 429 442 442 454 473 473 548 548 553 553 561 602 611 611 626 633 633 713 713 713 741 
5 466 
79 79 79 550 741 741 

352 352 
128 128 485 612 612 
67 515 
218 218 722 722 
312 312 739 
9 9 9 9 354 354 614 614 
203 203 203 266 342 342 342 428 462 462 540 540 568 568 570 570 570 712 
30 765 
301 356 356 356 
556 556 
27 203 290 338 609 670 670 670 681 
533 
16 16 516 
261 
741 
16 16 16 73 156 278 278 556 645 670 741 741 741 
102 102 352 352 395 395 655 655 
43 87 87 87 
298 298 
355 355 415 618 
16 16 16 118 118 118 216 348 348 348 348 351 351 
246 342 342 472 472 755 755 755 755 
48 306 306 306 421 421 
37 316 479 733 
246 
729 
459 
5 5 5 171 171 221 221 307 560 767 
42 306 588 658 658 
564 564 601 746 
711 711 
203 393 393 666 


600 
5 5 75 75 182 182 182 375 375 375 392 
64 156 239 354 503 
16 
203 203 482 482 577 
5 582 
106 106 106 

517 599 628 
156 156 156 156 156 292 
56 106 156 156 255 499 499 518 
117 117 249 551 551 
395 
22 145 159 159 213 213 213 260 354 354 397 397 397 521 
108 108 629 739 
156 640 
140 140 273 273 301 533 533 533 723 723 
393 393 
257 257 257 
35 297 297 741 
84 299 299 
55 55 502 502 
402 
352 352 370 
16 16 473 473 
18 18 18 239 448 
241 350 468 606 689 739 739 
10 10 170 170 170 195 206 257 302 312 436 443 571 599 729 
237 237 237 688 
342 680 680 
74 

239 
37 37 37 284 284 
575 
207 207 633 
185 688 688 688 739 
380 380 569 
589 
279 312 
212 253 253 679 
129 283 283 283 399 726 
667 
342 
308 516 

704 

36 36 703 
130 300 704 
299 
529 693 721 
60 60 60 64 156 

68 68 123 203 203 203 444 592 668 723 764 
203 203 
504 733 
203 203 429 429 429 
170 170 411 716 

675 675 
5 5 620 620 635 
431 431 
2 65 65 224 224 342 342 656 656 656 
5 40 40 40 348 348 441 
267 424 
267 

194 194 
108 215 354 469 469 537 
9 

9 175 
664 664 664 
21 21 459 459 626 626 
95 203 203 266 399 467 
103 282 282 282 282 
637 
261 699 

619 655 
507 
418 475 475 475 739 
748 
635 635 

70 70 387 387 525 
241 293 590 

222 401 401 
5 163 163 529 529 
67 383 383 
207 
5 5 654 654 703 

186 
2 573 573 
548 548 548 739 
339 452 

350 622 699 699 699 
388 388 
35 56 63 63 63 63 63 64 64 69 106 255 463 590 594 766 
197 203 203 578 720 
616 725 725 
13 13 67 67 304 354 362 409 409 710 
494 731 
556 556 

5 144 144 213 213 252 353 506 719 719 
393 

484 
4 247 341 
243 399 428 

81 81 81 112 112 456 478 729 
5 47 47 418 496 560 560 
540 
504 504 
5 5 
126 254 667 
504 504 595 
342 
208 341 
743 
739 
275 694 694 694 
55 55 55 

253 253 398 398 679 
90 
149 
204 292 292 292 455 678 756 

621 
336 402 657 


674 
122 122 
81 312 312 312 
332 653 653 666 
157 341 
16 528 601 602 664 664 
203 
524 
225 667 
720 
26 26 26 30 51 58 58 108 108 108 109 109 111 111 129 129 157 157 199 253 253 253 262 262 264 290 301 301 341 341 341 342 342 374 377 377 386 399 444 467 467 486 540 541 544 625 648 648 648 666 666 673 680 680 715 715 723 723 726 
187 542 
279 312 312 
81 599 
89 89 146 633 633 655 742 765 
178 357 

5 
270 335 
94 253 712 
5 5 5 67 67 67 163 163 225 225 273 273 299 305 446 504 593 593 620 620 635 656 656 719 719 
16 16 741 741 
123 
40 
290 
23 23 341 
559 

5 47 47 
143 359 719 
255 255 
117 117 295 342 438 683 683 750 
201 213 213 273 396 396 396 542 593 593 593 
428 
366 596 596 596 596 
417 555 555 
269 269 284 
570 
264 

664 
699 

241 445 
82 82 82 739 739 739 
13 389 389 
5 5 5 56 79 86 590 594 713 713 757 757 
363 446 
80 141 236 243 243 312 
713 713 713 
168 241 241 428 428 
463 

41 44 337 
4 167 341 
420 420 708 708 
65 429 467 485 637 637 
424 

163 604 604 692 705 
94 94 184 184 203 203 203 212 377 377 377 
175 282 282 639 667 
64 156 223 223 
679 
10 72 72 72 81 381 381 443 443 529 687 687 687 701 701 

16 16 
67 397 397 
13 13 13 33 132 333 333 355 355 355 633 633 
203 203 648 
578 
203 231 328 
10 12 12 12 12 688 739 
26 129 356 356 462 712 712 712 
119 120 366 366 366 725 

229 229 548 548 
211 286 

5 5 13 13 13 13 
70 70 213 213 225 334 760 
389 
181 593 593 593 
10 718 718 718 
346 632 632 
16 35 35 321 428 428 434 434 476 477 477 477 556 556 633 633 740 
93 205 312 312 
590 766 766 766 
633 
2 2 130 130 130 130 254 254 
95 95 95 
87 87 229 548 548 

270 341 464 
432 432 
354 354 354 639 639 667 667 

30 203 217 374 374 648 

63 187 187 187 366 397 593 739 
141 455 
298 309 584 584 691 
224 731 
15 16 16 326 347 347 376 376 424 473 473 475 475 487 505 505 505 682 
73 73 
38 38 294 610 636 642 707 739 
74 74 104 213 363 498 
103 310 310 310 422 422 422 464 464 464 
28 70 203 203 356 356 723 
81 355 

159 409 
213 354 354 354 
42 42 42 48 
5 5 47 560 604 604 
98 
294 418 418 
300 300 300 333 571 
385 385 568 568 579 
24 24 81 93 195 195 195 205 205 241 279 279 402 430 522 522 739 739 

575 
679 679 
43 343 343 585 585 761 
734 
360 527 527 527 
673 707 
654 
278 378 548 548 626 626 
577 603 603 
658 
708 708 756 756 

296 507 553 553 
611 611 611 699 741 
264 
708 
601 

196 
16 16 16 261 261 310 547 573 626 633 633 633 633 658 658 
273 760 760 
211 
190 633 
246 456 552 
30 
152 534 733 
448 
4 4 167 178 197 203 203 203 218 247 286 410 464 464 483 683 683 683 706 706 720 726 752 
26 26 26 41 41 83 97 117 117 177 203 203 224 399 643 652 667 667 704 731 731 731 739 754 
8 8 316 316 585 
538 
667 691 
277 630 
296 296 
5 40 40 40 40 118 118 568 

80 154 
40 40 368 
20 20 36 36 77 77 395 472 
163 
25 25 56 67 67 123 159 288 288 288 305 305 305 360 469 527 527 710 
39 39 261 261 261 302 567 
28 28 28 266 266 301 301 
208 
424 424 
11 222 461 461 719 
318 354 

159 604 
240 299 406 406 530 576 
3 

227 267 267 267 292 470 739 739 
742 742 
351 
554 648 
5 77 
382 658 690 

595 595 
203 290 290 
55 55 55 
12 16 16 296 296 417 
203 203 253 253 253 554 648 697 730 
321 506 
739 
91 91 569 
257 257 
371 565 632 739 
145 145 

311 311 579 
203 
140 140 550 550 716 767 767 767 
155 155 480 696 
238 238 274 

574 739 748 
55 
51 51 71 71 164 
429 429 429 
5 36 36 66 352 412 412 484 663 663 682 682 
225 225 225 
67 67 67 260 260 292 
184 184 
95 129 168 203 342 681 681 726 
734 
143 143 
76 190 312 657 739 739 
758 758 
434 522 
5 5 533 533 533 635 
363 363 
647 
574 574 644 
159 159 304 
341 
5 5 112 455 455 
5 395 395 
558 632 739 

39 
665 665 
228 376 
136 171 309 309 511 
693 
248 248 633 708 
42 42 
300 300 300 607 607 

119 250 296 358 358 473 473 479 479 
648 648 
498 
551 551 
26 168 226 243 243 278 278 566 
16 111 111 111 249 394 394 394 
312 499 499 
116 116 
287 287 740 740 

278 278 404 
729 729 
81 478 
514 689 
224 758 

662 733 
5 118 
16 16 601 626 
81 257 257 537 
108 203 631 643 704 
236 642 743 743 
213 240 
601 
5 79 340 
733 733 
741 

152 589 633 633 756 

16 
187 293 411 411 
170 337 
583 

46 128 128 612 612 
488 
359 359 621 
26 26 266 686 686 686 
156 244 
286 300 300 300 341 341 679 679 679 679 

5 5 17 
129 203 203 249 
80 
123 123 354 
366 
646 646 
41 41 352 
16 16 78 78 296 296 424 424 492 

136 136 136 296 296 565 565 
278 633 
278 278 278 
170 436 
43 424 424 
388 532 532 
501 
58 58 
341 706 706 752 
5 166 395 605 
21 249 724 724 
203 
296 
5 5 460 
639 
496 496 

473 
14 739 739 
160 719 
693 695 695 697 
171 490 490 536 536 536 
695 
299 426 763 
64 64 430 430 

481 722 
75 75 667 
56 
5 5 110 173 173 176 176 213 595 595 656 
296 296 296 
163 378 
135 326 664 
566 566 

725 725 
418 557 557 

716 716 
437 
22 
32 98 638 
62 528 740 740 
64 

568 605 605 720 720 
67 
312 312 404 
587 
200 
140 703 
733 
318 318 318 354 354 
198 517 669 
10 105 144 144 257 701 705 
363 737 763 

480 480 717 717 
31 70 70 70 405 405 405 
339 632 

496 496 496 
5 123 443 662 
344 547 547 547 563 

26 26 172 203 680 
203 
204 225 593 593 738 738 
714 714 
203 
614 
643 643 
333 538 538 538 573 573 573 702 
16 16 151 151 151 269 269 284 284 321 321 739 739 

18 387 387 741 760 
65 65 427 427 
337 
16 16 326 326 
369 377 617 617 697 
228 228 648 648 733 733 
29 29 35 161 161 278 278 741 741 741 
511 511 
413 
219 596 
47 171 171 307 
16 
611 611 661 
538 669 
49 49 746 
382 475 475 
428 508 508 
5 355 598 598 
26 26 311 311 348 520 
91 380 
26 26 26 230 659 659 
81 310 607 607 

150 150 333 547 547 547 
391 408 408 745 
88 314 
363 
58 322 603 
157 263 
311 385 
757 
698 698 698 725 
9 59 739 764 
457 667 739 
294 294 
316 316 343 640 640 761 

523 658 658 658 
48 
92 452 633 633 
141 156 239 280 755 

108 681 681 
213 213 225 225 225 275 275 275 292 542 542 
156 239 
176 373 373 504 504 
227 227 227 227 559 

567 567 624 624 
62 81 206 661 
54 
49 198 330 442 447 647 660 695 747 
16 198 
322 322 577 
252 252 307 307 362 664 
484 520 520 709 
80 
422 422 571 571 

30 
298 701 701 701 
16 16 327 327 327 562 562 
21 21 459 459 

25 25 545 

158 
554 554 
39 
134 694 
115 115 213 213 750 
189 461 
154 739 739 

598 598 
203 
16 128 128 321 321 333 442 

62 
68 
346 
444 
277 277 382 413 534 
16 16 89 207 207 261 261 278 278 281 333 333 333 333 336 420 452 452 476 589 589 655 655 708 708 708 

1 5 115 138 138 213 405 700 759 759 
298 
131 249 249 
516 
254 288 288 489 645 
69 585 585 
705 705 
298 445 739 
342 444 546 546 
408 
35 639 741 741 
471 471 
407 601 730 
203 203 203 262 290 369 377 425 425 555 555 
701 701 701 


342 
196 196 
147 147 320 
36 36 134 207 633 633 
117 117 117 213 213 504 677 
190 402 
48 48 323 333 333 371 587 587 587 674 674 674 674 
570 570 
601 730 
562 599 
440 537 733 
5 395 395 680 
127 127 127 198 198 233 507 604 
416 416 
51 196 203 203 
96 175 201 254 288 288 342 342 345 502 583 739 762 
108 693 739 739 739 
528 563 
30 30 30 35 744 744 744 


203 319 
193 658 658 658 658 
114 114 

656 750 750 750 750 
187 733 
94 184 256 315 315 464 464 464 464 
83 83 203 203 540 663 
30 399 399 592 592 
296 395 395 
224 224 341 341 341 

748 748 
462 462 462 
257 257 257 737 739 
82 90 90 90 265 
80 437 
371 
294 345 
252 
105 419 495 668 
181 181 181 619 
495 495 497 601 
388 717 739 739 
377 495 554 
581 581 581 725 
132 154 154 154 234 327 
635 
257 257 529 610 610 610 649 649 649 758 758 758 758 
547 
102 147 525 
100 103 342 444 
252 529 641 641 
341 341 483 483 
298 319 
248 248 324 324 329 420 633 633 633 733 733 733 749 753 756 
605 
159 354 
50 50 
26 212 266 266 266 
16 16 16 239 239 242 242 242 
543 543 
203 203 
112 387 513 513 
532 532 696 
10 276 276 276 
5 163 163 213 213 222 359 494 742 742 
157 202 341 520 520 
105 727 
23 23 501 
70 70 108 203 203 301 
485 485 
158 158 267 510 510 581 698 
95 203 341 399 
721 

45 81 170 435 435 
377 647 660 
160 295 342 342 342 

43 110 339 440 449 449 526 555 555 662 678 708 708 708 749 753 756 756 
317 400 


530 687 763 
542 542 
5 14 24 68 80 80 90 136 151 180 237 237 237 265 292 298 312 312 342 366 366 379 382 391 402 402 413 493 493 548 548 582 583 622 622 642 667 668 668 668 687 696 696 745 745 745 751 
278 432 432 517 517 
7 7 7 16 18 18 34 35 35 35 73 214 214 327 450 550 556 556 556 645 645 
207 367 367 719 719 
179 445 445 
670 670 670 
574 739 739 739 
49 564 
601 
14 137 391 685 685 
708 733 
224 620 677 677 677 677 
739 
341 483 
708 733 
342 
41 41 41 41 590 
187 324 324 452 708 733 733 
239 239 580 
403 403 438 701 701 701 701 
5 635 635 
273 334 334 550 
316 585 
667 
498 530 737 
9 9 9 108 582 
27 207 
156 280 280 280 
5 47 387 387 387 
