nodes: 768 edges: 1417
448 
635 
117 150 150 282 317 
364 
247 341 
47 55 59 118 118 144 147 163 163 171 174 213 213 239 239 239 272 272 307 307 344 387 395 395 395 405 405 411 412 412 412 441 448 484 504 504 567 586 594 594 623 635 635 654 663 663 719 719 739 759 759 767 
174 174 174 
550 
599 599 
25 124 124 124 126 582 582 764 
81 81 121 121 252 265 276 285 312 312 529 599 599 
496 
16 16 265 376 
159 159 272 272 272 
241 448 739 748 748 748 

12 12 32 32 35 35 40 40 57 57 198 198 198 214 258 258 259 278 296 296 321 321 321 333 333 333 376 376 378 400 407 407 442 473 473 505 547 548 548 553 553 600 600 600 601 601 601 611 611 611 633 633 702 702 709 709 713 713 724 741 741 741 
77 466 
34 550 741 
416 416 

439 485 612 612 626 
67 67 515 515 521 
218 481 501 584 722 722 
312 
9 354 614 614 
41 41 148 203 203 342 342 342 428 428 462 472 540 568 570 712 712 712 712 
30 
203 203 301 356 356 356 
556 556 
27 203 290 338 338 338 609 670 670 670 670 681 745 

16 16 516 616 

18 
16 16 66 73 156 278 297 741 741 
655 
87 110 534 534 

355 415 618 
16 16 101 118 118 118 118 348 348 351 351 
26 26 342 342 472 755 
48 
479 585 
246 
729 729 

5 221 307 387 560 767 767 767 767 
42 306 588 658 
601 613 
160 160 312 312 711 
393 517 517 517 666 

188 

5 75 75 144 375 375 
64 64 242 
16 16 699 699 699 699 
203 
5 
106 156 

517 517 599 
156 156 292 292 292 
56 56 156 223 255 255 255 499 499 499 518 518 
117 249 427 551 
35 83 395 
22 22 120 213 213 232 260 354 397 397 446 
108 739 
156 341 640 720 720 
140 273 273 273 301 307 307 533 533 716 716 716 723 723 723 

257 
35 297 491 605 680 
84 84 84 
55 55 502 
100 
17 
255 473 473 
340 340 448 597 
241 241 606 622 689 689 739 
10 10 170 195 206 206 257 257 300 300 302 302 310 310 312 312 343 422 435 599 599 
237 
66 117 117 228 342 680 680 
74 74 74 

239 
37 284 
575 
207 633 
185 400 400 688 688 
361 380 380 569 
589 
312 
253 253 447 679 679 
129 283 283 399 726 726 
322 667 
342 
308 308 516 516 

76 704 704 
40 
703 
342 342 
193 
721 
60 156 156 
544 
68 123 203 203 203 592 723 764 764 
203 
37 733 
203 203 429 
170 
257 701 
342 
620 635 
213 431 431 
2 65 83 83 192 224 342 342 342 628 628 656 656 656 677 683 
5 5 40 40 40 40 348 441 
120 267 424 
67 119 267 267 
10 10 
194 
108 215 215 354 354 354 469 
9 9 9 582 
134 490 496 496 
9 175 
664 664 
614 
95 330 399 467 467 467 672 
208 208 282 282 282 342 

699 699 

125 158 616 619 619 619 
326 505 507 507 
418 475 475 
190 217 217 748 
635 635 708 708 
739 
70 244 251 387 525 
293 293 293 455 455 

401 
5 55 163 163 372 529 529 
383 383 
207 765 
5 
26 462 
342 667 
2 2 214 573 
548 
339 

350 350 699 699 
388 
35 60 63 63 64 69 106 106 255 460 460 460 463 590 594 594 594 
203 203 520 578 
134 616 616 725 
13 13 304 304 318 354 409 710 
50 50 487 494 494 494 

561 
5 5 144 144 213 213 252 353 506 506 719 719 719 
393 

484 484 
556 
399 428 

81 112 456 456 456 478 729 
5 206 418 418 496 496 
286 540 
504 764 
5 6 6 6 
126 254 
595 


408 408 743 
739 739 
210 275 275 275 694 

343 

90 388 388 

292 292 455 756 
53 
667 
137 336 402 649 739 

117 750 750 750 
104 336 336 674 674 
122 210 
81 312 
332 653 666 666 666 
341 543 543 
16 16 16 601 602 664 
648 
696 696 717 
667 667 

26 26 28 28 30 58 108 108 108 109 111 111 157 157 253 253 262 262 262 264 301 301 322 322 328 328 337 341 341 341 342 377 393 399 399 399 444 467 486 540 541 541 544 609 609 625 631 644 648 648 666 666 673 673 680 680 680 715 723 

279 312 312 312 
81 81 171 599 
89 146 742 765 765 
130 130 

181 194 


5 5 67 67 116 163 163 222 273 299 305 305 446 498 504 504 593 595 620 620 635 646 646 656 719 719 
16 150 
123 123 

137 137 290 290 
23 262 652 
227 227 559 559 559 
756 
47 
213 719 
64 255 
117 295 342 342 438 683 750 758 758 758 
273 275 474 542 542 542 593 
540 675 675 
219 219 596 596 
83 555 
269 269 284 284 
570 
264 264 
67 
664 710 
373 699 


82 739 739 
389 389 389 389 
5 5 5 86 408 580 580 590 594 594 713 713 757 

14 80 80 243 243 243 468 694 694 745 745 
56 713 
241 241 241 428 694 694 
140 463 

44 337 415 415 415 415 714 714 
4 341 
420 749 
65 485 685 
424 424 
140 
10 163 604 604 705 
94 94 203 203 
175 282 489 667 
64 64 64 78 156 223 
679 679 
72 81 81 113 381 381 381 443 443 443 443 649 649 687 687 687 687 701 
16 16 739 739 
16 
67 
333 333 333 355 633 655 
203 203 203 218 648 
578 
203 231 231 
10 12 
356 684 684 
119 120 120 725 725 

229 229 
286 
535 535 535 
5 5 13 13 13 
70 70 70 213 225 334 659 
739 755 755 
181 181 181 225 593 
10 285 285 285 
346 
16 35 287 321 428 428 428 428 476 522 522 556 556 556 633 633 740 
205 423 

633 
2 130 130 130 254 344 
95 95 
87 229 229 
10 276 276 276 
172 270 335 341 
278 432 432 
354 354 354 639 639 667 
548 548 
30 217 217 374 374 648 

63 63 63 187 187 366 366 366 593 
141 141 141 
298 636 691 691 
224 731 
16 16 326 347 376 424 473 475 475 487 505 682 682 
35 73 
294 610 610 686 692 692 707 739 
213 
81 81 310 310 422 422 464 
28 70 203 203 715 723 
81 81 
652 
159 159 409 
213 213 354 
48 323 
5 5 47 70 70 604 716 716 716 
98 98 
418 418 418 511 
81 81 300 300 571 
385 568 568 568 579 
10 10 24 50 50 81 81 93 195 205 205 205 342 430 430 522 522 536 711 739 739 

409 409 575 575 
679 
761 761 
2 734 
159 527 527 
671 
508 
16 16 16 278 381 447 548 626 626 626 626 
96 203 203 
306 421 421 658 658 
549 708 

135 296 
699 699 741 741 
203 203 

129 601 613 730 
428 
196 
16 16 16 261 261 261 364 547 626 626 633 633 633 633 658 658 713 
273 
286 513 513 
190 193 193 589 633 
203 246 342 415 415 456 552 
30 30 30 672 
152 733 
79 79 448 448 
4 69 197 203 203 203 247 286 464 464 544 544 578 683 683 684 706 706 726 
26 26 26 41 41 83 97 103 103 114 117 117 117 130 149 203 224 224 312 337 428 428 539 643 667 667 731 739 762 
81 183 433 585 761 761 
5 282 538 
691 
277 630 630 
296 
40 40 118 441 441 
695 
154 154 622 758 
40 40 368 368 601 
395 395 472 
163 646 
25 67 123 123 123 159 288 288 288 305 360 527 710 
39 261 567 
28 28 28 266 362 712 

424 621 
461 
354 
91 638 
356 604 
406 498 530 530 530 576 576 
3 333 

292 292 292 470 510 510 596 725 725 739 739 
719 
351 351 


382 690 
144 548 
234 
290 290 
55 55 
12 16 16 296 682 
203 425 425 617 648 730 
16 506 744 744 
388 739 739 
91 91 
257 257 257 321 
371 565 632 632 
145 145 
728 728 
311 

5 47 140 550 550 767 
155 185 185 379 480 480 696 739 
238 238 238 238 

748 748 

51 164 203 

5 5 5 66 352 352 412 412 484 663 663 682 

67 67 
580 
95 129 168 203 203 203 681 681 681 726 726 
16 90 90 734 
143 
190 657 
758 
432 434 434 
5 5 533 635 
363 498 498 
16 16 601 601 
179 179 239 574 574 
159 304 314 314 575 575 
546 
5 
5 5 5 395 395 
632 739 
633 
39 246 246 246 246 337 337 
19 19 

136 171 171 309 309 309 511 

248 633 633 708 
323 323 549 
81 300 300 
279 585 
119 250 250 296 358 473 473 473 479 479 
377 377 648 
494 498 
65 551 
26 26 168 243 278 278 278 278 331 342 342 478 
111 553 
312 312 499 711 
116 116 
287 287 404 
343 
404 404 
81 729 

739 
224 
21 
511 733 733 
5 118 348 348 
16 601 626 626 
257 257 257 257 537 537 
203 631 631 704 

67 213 
94 321 
0 5 14 79 340 340 
526 
741 741 

633 633 
520 

141 141 187 
170 170 170 337 465 



156 156 156 488 
359 595 710 
26 148 686 686 
156 244 
300 341 341 599 679 679 
456 
17 
129 129 129 203 
241 
123 
366 

26 41 352 
16 16 78 78 296 424 424 424 479 726 
225 
136 136 296 296 565 565 
278 633 633 633 

170 428 
43 424 424 473 
388 388 532 
23 

706 752 752 
5 166 166 395 605 
21 249 
203 
160 296 
460 
254 
125 496 
73 572 


160 160 160 426 719 719 
693 697 697 
11 125 125 171 171 490 536 
664 695 695 
213 363 406 406 426 
64 64 64 430 

23 722 722 
75 667 

5 5 173 213 213 656 
16 135 296 507 
163 163 378 
135 135 505 664 695 697 
320 566 566 

366 366 
309 418 440 557 

335 335 703 703 
725 
22 22 
32 98 98 615 
51 51 51 62 62 599 740 740 740 
64 64 

157 453 605 605 720 
22 
278 278 312 312 
587 

140 703 716 716 
449 733 733 733 
318 318 354 

10 144 144 649 727 
363 363 363 737 

480 717 739 
70 70 405 
37 37 
271 271 271 
312 496 
443 443 719 719 
344 547 547 563 
342 
26 172 203 226 541 541 680 
203 203 540 540 
225 225 225 593 738 
197 197 714 
107 203 341 341 
614 614 643 
410 643 
16 333 538 538 563 702 702 
16 16 151 289 289 321 372 739 739 
324 421 
7 18 387 387 741 760 760 
65 427 637 
337 
16 16 429 571 
617 
228 733 
29 29 167 278 278 278 741 741 
511 650 650 
632 
219 219 219 596 
47 
162 569 
599 611 611 611 
538 547 
746 
382 475 475 
508 508 
5 355 598 
26 311 311 311 
91 561 
26 230 659 676 676 
310 553 607 
491 678 
150 
408 408 745 
88 314 314 409 409 
363 363 

157 263 341 
311 722 
239 239 398 
698 698 725 
9 9 124 739 764 
667 739 
23 636 
43 343 423 640 761 761 
5 
523 658 658 
48 
92 336 
156 239 
601 
108 681 681 681 
213 225 275 292 542 
5 5 156 156 156 239 239 
176 213 461 699 
227 227 366 559 725 
79 
567 
8 8 10 10 62 81 81 206 464 517 562 661 
16 16 16 
16 16 16 49 198 330 351 407 407 442 591 660 695 747 747 747 747 
198 

252 252 307 362 
73 484 520 520 
80 
571 

30 203 203 
298 298 701 701 701 
16 16 16 562 562 562 
21 21 
49 330 
25 25 128 545 545 
516 
32 134 158 158 
377 554 
39 
134 134 134 694 
115 213 213 
358 
80 350 739 
5 

203 
21 321 321 321 321 333 333 442 442 

117 117 

346 346 
203 444 444 
382 382 413 558 
16 16 89 261 278 278 281 333 333 333 333 336 414 420 420 452 452 476 476 476 655 708 708 

1 5 5 115 138 138 213 405 
294 584 
551 
361 
288 288 645 
69 585 
705 

342 545 546 
203 
639 741 741 
213 213 353 
730 754 
199 203 203 262 290 377 425 
190 257 257 529 701 701 701 
557 557 
654 716 716 
218 303 
196 
5 651 
36 261 633 
117 117 117 213 504 677 
402 
48 323 323 333 333 587 587 690 
273 570 
601 
599 
733 733 
5 5 395 395 680 680 680 
127 127 198 233 497 507 695 695 

51 196 196 196 203 203 
96 149 189 201 201 254 288 342 342 502 583 
693 723 739 739 

30 30 30 30 681 681 744 744 
319 
129 338 
203 203 
193 193 
226 226 
570 570 
117 656 
572 733 733 
94 94 256 256 315 464 464 
73 83 83 203 203 203 540 663 663 663 
30 399 399 399 592 592 592 670 670 
296 296 376 395 719 
117 224 341 341 
266 266 341 
249 748 748 
298 462 462 
257 257 257 257 737 739 
90 90 
80 80 739 
371 658 
294 294 345 
298 298 739 739 
495 668 695 
181 241 241 243 243 619 745 
349 497 497 507 601 664 664 693 
200 200 388 
495 495 507 
581 581 
57 57 57 57 132 132 154 154 234 327 327 595 

113 257 610 610 610 649 649 649 
16 16 547 547 
102 513 513 525 
100 100 444 
252 641 
341 341 483 
298 
138 138 324 420 633 633 756 
16 16 
159 233 354 461 
50 312 430 
26 26 26 26 356 
16 16 239 239 242 333 
246 246 543 739 
203 301 
70 70 70 307 307 307 525 525 651 651 
200 532 

5 5 163 163 163 213 213 222 367 494 494 537 537 682 742 742 
69 69 520 
105 727 
23 23 501 501 579 
70 70 70 108 203 301 668 
16 
158 267 267 366 366 514 581 596 
95 95 341 399 399 473 
529 721 
384 384 
45 45 170 435 
330 377 647 
295 342 

110 339 440 440 526 526 526 555 662 662 678 678 749 753 753 756 
317 400 


530 687 739 763 763 
542 
5 14 68 80 139 180 180 190 237 237 258 258 274 298 312 312 342 366 366 379 379 388 413 437 532 548 548 582 583 622 668 668 687 689 692 692 714 737 745 748 748 751 
278 517 517 517 
16 16 16 18 35 35 327 327 450 450 550 556 556 645 645 
207 719 719 
179 
378 378 670 670 
30 241 241 574 694 739 
564 
601 601 601 601 
14 14 14 137 391 391 685 685 739 739 
248 733 
192 192 192 224 
739 
483 483 
733 733 756 
647 
41 274 274 
187 220 708 733 753 
239 
224 224 224 350 403 
5 5 
550 550 
316 316 343 343 585 585 
342 
737 737 
9 108 108 173 582 
146 207 207 

5 47 47 47 47 387 
