nodes: 768 edges: 2394

635 
65 65 117 117 117 150 150 150 150 282 282 
334 
167 208 208 247 247 263 357 357 462 
17 59 115 115 118 118 147 147 163 163 163 171 174 213 213 213 239 272 307 307 307 348 370 387 387 395 405 405 405 411 412 412 441 441 451 451 451 466 484 504 504 504 537 567 594 594 594 635 663 700 719 739 739 759 759 767 
174 174 174 174 
550 550 741 741 741 
343 343 343 599 599 
25 25 25 124 126 126 126 764 764 
81 81 81 121 121 252 252 257 257 265 274 276 276 276 276 285 285 285 285 312 312 312 389 529 529 599 599 705 705 718 
496 
16 16 16 242 265 265 265 265 265 376 
159 238 261 261 261 261 261 272 272 272 272 409 409 
241 241 241 493 493 739 739 739 748 748 
296 296 296 296 296 
12 12 12 35 35 35 40 40 40 40 57 78 78 173 173 173 214 258 259 259 259 259 259 278 278 278 321 321 333 333 376 376 378 394 394 407 407 442 473 473 473 485 485 505 505 505 547 548 553 553 561 561 561 569 600 601 611 611 611 624 626 626 633 633 633 702 709 709 713 713 713 713 713 724 724 739 739 
5 77 77 77 77 466 
34 79 79 550 
416 602 665 665 665 

128 439 485 612 614 626 626 
232 383 515 515 515 521 521 
481 481 481 501 501 722 722 722 
312 312 739 739 739 
9 9 9 354 354 354 354 
41 41 148 148 148 203 203 266 266 342 342 385 428 462 472 472 472 472 540 540 568 570 570 712 712 712 712 712 
30 30 648 765 765 765 
301 301 356 356 356 
35 35 556 556 
27 27 203 203 290 290 322 338 609 609 670 670 670 681 
533 
516 
261 
18 741 741 
16 16 16 29 29 73 278 278 278 297 297 432 556 645 645 741 741 741 
102 102 102 317 352 395 395 655 
43 87 87 449 534 
294 294 298 
355 355 355 618 618 
16 16 16 16 118 118 216 216 216 348 348 348 351 351 351 
26 26 246 342 342 342 472 472 472 472 472 755 755 755 755 
48 48 306 306 306 421 421 421 
37 110 110 110 316 316 479 585 
246 
253 729 729 
459 545 545 545 
171 221 221 271 271 307 307 307 307 387 387 387 387 560 560 560 767 767 
42 42 588 588 588 
564 564 564 601 613 613 746 
160 160 160 160 312 711 711 711 
203 393 393 517 517 
583 583 
126 126 126 188 188 188 188 
600 600 
75 75 182 182 182 375 375 392 
64 64 64 156 223 223 223 223 503 
16 162 258 699 699 
482 482 482 482 482 577 577 577 577 
5 365 365 
106 106 106 129 156 156 156 552 552 552 552 
410 
517 599 599 628 628 628 628 
156 156 156 156 292 
56 56 56 106 106 223 255 499 499 518 518 518 518 
2 2 117 117 117 249 427 551 
395 395 
120 120 159 159 213 232 232 354 397 397 446 446 
108 108 108 485 629 629 739 739 
156 156 341 
140 140 140 140 273 273 273 307 533 716 723 723 723 723 
164 393 
257 257 257 
35 297 491 605 605 605 605 741 
84 84 
55 55 502 502 667 
100 100 402 
17 17 17 17 352 352 
16 16 473 473 473 
18 18 239 239 340 340 340 448 451 
241 241 241 350 350 468 468 468 468 606 622 689 689 689 739 
10 10 10 195 206 257 257 300 300 300 300 310 310 310 312 312 422 433 435 443 443 599 599 599 729 729 
237 237 237 237 237 688 688 
228 342 342 342 500 500 680 680 680 
74 74 
601 601 601 

37 37 229 284 284 
342 342 575 
207 207 207 723 
185 400 400 400 400 688 739 739 739 
380 380 380 569 
414 
279 279 312 312 312 312 
203 203 212 212 253 253 447 447 447 679 679 
129 283 399 726 726 726 
627 627 627 667 667 667 

308 308 308 308 308 516 516 516 
466 
76 76 704 

36 36 36 
130 130 130 300 300 300 342 704 
193 299 
529 693 
60 60 60 64 64 156 156 156 
544 544 
68 68 68 123 203 312 312 668 723 739 739 739 764 764 764 764 
203 203 
43 43 43 504 733 733 733 
157 203 203 429 
170 170 411 411 411 411 411 716 
257 701 701 
342 675 675 
5 5 620 620 620 620 620 
431 
2 2 2 65 65 65 192 192 224 224 342 342 628 628 656 656 656 656 674 674 674 674 674 677 677 683 
5 5 40 40 216 216 216 348 441 441 
120 120 267 424 
67 67 119 119 267 267 
10 10 
194 194 194 
108 215 354 354 354 354 469 537 
9 582 582 582 621 
134 458 490 490 490 496 
9 9 9 53 53 53 175 
664 664 
21 459 459 459 473 614 
60 95 203 203 330 330 330 399 399 467 467 467 672 672 
103 103 103 208 208 208 208 282 282 282 282 282 342 
637 637 
699 

125 158 158 616 619 619 619 
505 507 507 507 
375 418 418 475 475 475 475 475 739 739 739 739 739 
217 217 217 748 748 
635 635 708 
739 739 
70 70 70 70 244 244 251 387 387 525 
241 241 241 293 293 293 293 455 590 
735 
222 222 222 401 401 401 
163 
383 383 383 383 523 523 
207 207 765 
5 5 654 654 
26 26 26 
186 186 342 667 
2 2 2 2 214 214 214 573 573 573 573 
548 548 548 739 739 
258 452 
317 
350 350 350 622 699 699 699 699 
388 388 
56 60 60 60 63 63 63 63 69 69 106 106 106 280 460 460 460 594 766 
111 203 203 230 578 720 
134 134 616 616 
13 67 67 304 304 304 304 354 362 362 362 461 710 710 
50 50 50 50 342 
278 278 556 
57 561 561 
5 5 5 144 213 252 353 353 506 506 719 719 719 719 
71 393 393 
294 
484 484 484 484 
4 341 556 720 

320 
112 112 401 456 456 478 478 729 
5 47 206 418 560 560 
286 294 345 
16 16 16 504 504 504 504 764 
5 6 6 6 6 
126 667 667 739 
504 595 

208 
408 408 408 408 408 743 743 
739 739 739 
210 210 210 210 275 275 275 694 
55 55 55 

253 253 253 253 253 398 398 398 
90 739 739 
149 149 547 547 
292 678 678 756 
53 53 53 53 663 663 663 
667 667 667 
336 336 336 336 402 450 450 450 657 657 657 739 739 748 
247 247 
117 117 750 
104 336 336 336 674 
122 122 122 210 210 
81 312 312 
203 332 653 666 666 666 666 
543 543 543 
416 416 601 602 602 
203 203 648 648 
524 696 696 696 717 
667 667 667 
741 
26 26 30 30 51 94 94 108 109 109 111 111 129 129 157 157 196 199 199 262 301 301 337 342 342 342 377 377 386 393 399 423 423 444 444 467 467 486 486 540 541 541 541 541 544 544 625 625 631 644 644 648 648 648 648 666 673 673 680 680 715 715 723 723 723 726 726 
542 542 
279 312 312 312 
81 171 599 661 
89 89 89 146 146 633 633 655 765 765 765 
4 4 130 130 130 130 178 247 247 512 
246 246 342 342 500 714 
181 181 181 181 194 194 531 531 531 
270 270 270 335 
94 94 253 253 712 
5 5 5 67 163 225 273 273 273 305 305 305 305 305 373 446 498 504 504 593 593 593 595 595 595 620 635 646 656 656 719 728 
16 150 150 150 741 
123 
40 40 40 118 118 118 
137 137 137 290 290 
262 262 262 652 
227 227 559 559 596 596 
756 756 756 756 756 
47 47 387 387 
143 143 143 359 359 719 
56 56 56 56 64 255 255 255 
117 117 295 295 295 342 342 438 683 683 683 750 
213 273 275 474 542 542 593 593 
428 428 675 675 
219 219 559 559 596 596 596 596 
83 417 555 555 555 555 
87 269 269 284 284 284 
157 570 570 
264 264 
22 67 67 
664 710 
373 373 699 699 
305 
241 241 274 445 
82 82 82 82 82 739 
13 389 389 389 
5 79 79 580 590 594 594 713 713 713 757 757 757 
363 446 
14 14 14 80 80 80 141 141 141 236 236 243 243 243 312 312 315 315 342 455 455 455 468 606 694 694 745 745 745 
12 503 713 713 
241 241 241 428 428 508 694 694 694 
140 140 463 463 463 463 
447 564 601 601 601 
41 44 209 209 415 714 714 
4 4 191 191 208 208 
708 708 749 749 749 
65 429 637 637 637 637 637 
424 
140 
10 10 163 604 604 705 705 705 
45 94 94 184 184 184 184 184 212 212 377 
489 639 639 667 
64 223 223 223 
679 679 
10 10 72 72 72 81 81 113 381 381 443 443 443 443 529 529 649 649 687 687 687 687 701 701 
16 57 152 739 739 
16 16 16 16 16 
397 397 397 
13 13 13 13 13 33 333 415 633 633 655 
203 218 218 218 648 648 
4 578 
231 231 328 
10 12 12 12 12 12 688 688 739 739 
26 26 356 356 462 462 462 520 684 712 
119 120 120 
692 
229 229 372 372 372 
211 211 211 286 286 286 286 335 
47 47 535 
5 13 13 13 13 
70 70 70 213 213 213 225 334 334 
10 236 389 389 739 739 739 755 755 
181 181 181 225 593 
10 10 10 10 285 285 285 718 718 
346 346 346 346 
16 16 16 35 35 35 161 161 287 287 287 321 404 428 428 432 432 434 434 434 476 476 476 522 522 522 556 556 556 556 633 633 740 740 
93 93 205 312 312 312 423 
156 590 766 766 
509 
2 2 130 130 130 130 130 344 344 
95 399 
87 87 229 229 229 548 
10 10 10 10 276 276 276 718 
172 270 270 270 270 335 335 464 464 
278 278 278 432 432 432 
354 639 639 
548 548 
30 30 217 217 374 374 374 374 648 648 
716 716 
63 187 366 366 366 470 739 739 
141 141 141 141 455 580 
38 38 165 172 298 309 584 584 636 636 691 691 
224 224 224 731 731 731 
15 15 15 15 15 347 347 347 347 376 424 473 473 473 475 475 487 487 505 682 
35 35 73 
38 294 319 642 671 692 692 692 707 739 739 739 
104 363 363 363 498 
81 81 81 81 103 103 103 310 310 310 464 464 464 464 464 
28 28 203 203 356 715 715 
355 355 355 355 355 
652 652 
159 159 159 159 409 409 522 
213 213 213 213 213 235 354 354 
42 42 42 323 323 
5 5 5 47 47 47 47 70 560 560 604 604 716 736 
98 98 98 98 98 516 
294 418 418 418 511 511 511 511 
81 81 81 300 300 300 571 571 571 607 607 
385 568 568 579 579 
10 10 10 24 24 50 81 81 93 93 93 93 108 108 195 195 205 205 205 241 241 279 279 279 342 402 430 430 430 430 522 522 522 522 536 711 711 739 739 

409 409 575 575 
241 241 679 679 679 679 
43 43 343 585 585 761 761 761 761 
36 153 734 734 734 
360 360 527 527 527 
298 671 707 707 
169 508 654 
16 16 278 378 378 378 492 548 548 626 626 
30 603 603 603 
306 306 421 421 658 658 658 
549 549 549 549 549 

507 507 507 553 553 
611 611 699 699 699 741 741 
264 
708 708 
129 129 129 601 601 
430 
196 
16 16 261 364 547 573 573 573 633 633 658 713 713 713 
3 273 273 760 760 760 760 
211 270 286 286 513 513 513 
190 190 190 190 193 193 193 633 
203 415 415 456 456 456 456 
30 672 672 672 672 672 
534 534 
79 79 79 
69 167 464 464 483 483 544 578 683 684 684 684 706 720 726 
26 26 41 41 41 83 83 83 88 88 103 114 117 117 130 149 160 203 203 203 209 209 224 224 241 312 399 399 399 428 428 539 643 653 667 667 704 704 731 731 731 739 754 762 762 
8 8 8 316 433 433 585 585 585 761 
282 282 
172 691 
277 277 277 277 630 630 
296 296 296 296 
5 40 40 40 118 370 
497 695 
80 80 154 154 154 622 622 
40 40 40 
36 77 77 395 395 472 
163 163 646 646 646 646 
25 25 25 25 67 123 123 123 123 159 288 305 305 469 469 469 527 710 710 
39 39 39 302 302 302 302 302 
28 28 28 266 266 301 362 712 
4 4 
424 424 621 
222 222 461 719 719 719 719 
318 318 
638 
159 159 159 356 604 604 
240 299 299 299 406 406 498 498 530 576 576 
333 
59 59 
292 292 292 470 622 725 739 739 


554 
5 348 743 
382 382 382 382 658 658 690 690 
269 269 269 
213 234 234 595 595 595 
290 290 290 290 
55 55 136 
12 16 16 296 417 682 
203 203 253 425 730 730 730 
16 321 321 321 506 744 744 
388 388 739 
91 91 91 569 
257 257 
371 371 371 371 565 565 632 739 
22 145 145 145 145 
728 728 
26 311 579 579 
203 
5 5 47 47 47 47 140 140 221 221 550 550 550 716 767 767 
155 155 379 379 480 480 696 739 
10 238 238 238 274 274 
695 
574 739 739 748 748 748 
55 
51 51 71 164 164 203 625 634 
16 16 429 429 
5 36 36 66 66 352 352 412 412 412 663 

67 67 260 260 260 
184 184 184 
95 129 129 203 283 342 342 342 681 681 726 726 
90 90 90 90 699 734 734 734 734 
143 143 143 170 
76 190 312 657 657 657 739 739 739 
758 758 758 
278 432 434 434 434 434 522 
5 5 5 533 533 533 533 635 
363 363 498 
16 16 500 
179 179 179 179 179 574 574 574 
13 13 304 304 314 314 
61 546 546 
5 112 112 112 112 112 455 
5 5 395 395 395 
558 558 632 739 739 
92 
246 261 337 337 
19 198 198 665 665 665 665 665 
228 376 635 
136 136 171 309 309 309 511 
693 693 
633 708 
42 42 42 323 323 549 
81 571 607 607 607 607 
203 203 279 
119 250 296 358 358 473 479 621 
377 
494 498 498 
65 551 551 551 551 
26 226 226 243 243 278 278 342 342 478 478 478 508 508 566 566 675 754 754 
111 249 394 394 553 
312 312 312 312 331 499 499 711 711 
116 
35 278 278 287 287 287 404 740 
81 343 343 
278 278 278 404 404 404 404 
81 729 729 

689 739 739 
224 758 758 
21 458 
482 662 662 
5 5 118 118 
16 626 747 
81 81 257 257 257 257 537 537 537 537 537 
203 203 631 631 631 631 643 704 
236 743 743 
67 67 213 240 
94 94 94 245 601 601 
79 
37 753 
190 190 190 741 
5 5 5 79 537 
152 589 589 633 756 
520 720 
626 
141 241 241 241 293 411 626 
170 170 337 337 337 337 465 

125 439 
46 128 128 128 545 
156 156 156 488 488 488 
159 359 595 595 595 595 621 621 710 
4 26 266 266 266 686 686 
244 244 244 244 
286 286 300 300 300 300 300 341 341 679 679 679 679 
456 
5 17 99 
129 129 129 203 203 
80 80 80 80 241 606 
123 354 354 354 677 
292 366 
646 646 
26 26 26 26 41 41 41 41 41 352 
16 16 16 78 78 78 128 296 296 296 424 726 
225 761 761 
136 136 136 136 136 296 296 565 663 
278 278 278 633 

170 170 428 428 428 
43 424 
388 388 532 532 
23 23 23 501 501 501 
58 58 58 58 58 440 
341 341 706 706 752 752 752 
5 166 166 166 166 605 605 
16 16 21 68 724 
203 203 562 
296 296 
460 460 460 
254 639 639 639 639 
125 125 125 496 
73 
321 
14 14 739 
426 
693 695 697 697 697 697 697 
11 125 490 536 536 536 536 536 
349 695 
213 299 363 363 406 426 426 
64 64 430 430 
83 83 209 407 579 
23 23 481 481 481 722 
75 75 667 667 
56 242 
5 5 5 110 173 173 173 173 176 213 213 595 595 
16 16 16 135 296 
163 163 378 567 
135 135 135 326 326 326 695 697 
243 320 428 428 566 566 566 566 
281 
751 
309 309 309 309 418 557 557 557 557 
208 
335 335 335 703 703 
596 596 725 725 
22 22 22 
32 98 98 98 308 615 615 615 638 638 711 
51 51 62 528 528 599 599 740 740 740 740 
64 64 64 64 
705 705 
266 453 568 605 
22 22 
278 278 278 304 312 312 312 312 404 580 
145 145 587 587 587 
200 696 696 717 
140 703 
662 733 
318 318 318 354 
517 517 669 671 
10 10 105 257 257 649 649 701 701 
363 737 737 737 737 763 763 
210 210 210 
480 480 739 739 
31 70 405 405 405 405 
37 339 339 733 
271 
312 496 496 496 496 496 
5 123 443 443 443 443 443 451 719 719 719 719 
701 
342 
26 26 203 541 
203 203 203 203 540 
204 204 225 225 738 738 
197 197 197 544 714 714 714 
107 107 203 203 341 543 
46 46 46 459 612 614 614 614 
410 410 643 643 
16 186 186 333 563 573 702 702 
16 151 151 151 284 289 289 321 321 739 739 
324 324 324 324 324 421 
7 7 18 387 387 387 760 760 760 760 
65 427 427 427 427 637 
60 60 60 60 
16 16 326 326 429 
369 617 
228 228 228 228 648 648 648 733 733 733 
29 29 35 161 167 278 278 278 278 741 741 741 741 
511 511 511 511 650 650 650 
413 413 632 632 
219 219 227 227 596 596 
47 47 47 171 171 307 307 
16 16 16 162 162 569 611 611 
486 599 599 611 661 661 661 
547 669 669 
49 49 49 245 
382 382 475 763 
428 428 508 508 508 508 
5 506 598 598 598 598 598 
26 311 311 520 
16 91 380 561 
26 26 230 230 659 659 659 664 676 676 676 676 
310 310 310 422 607 

150 150 150 150 333 333 333 547 
391 408 408 408 745 745 
88 314 314 
363 363 
58 58 58 58 603 603 
157 263 341 
311 311 385 385 500 
239 293 522 
698 725 725 
124 124 124 739 739 739 764 764 
52 52 667 739 739 739 
294 294 636 636 
43 316 316 343 343 343 640 761 761 

523 523 523 658 
48 48 48 
452 452 633 633 
141 239 280 755 
601 
681 681 
213 213 213 225 225 275 738 
5 5 5 156 239 239 
176 213 213 213 373 373 373 461 461 461 461 504 504 699 699 699 
219 219 227 227 227 227 514 514 559 559 725 

567 567 567 567 567 624 624 
8 8 10 10 62 62 81 81 81 206 517 517 562 562 661 
16 54 54 
16 49 85 85 85 198 245 245 245 330 330 447 447 591 660 660 695 730 747 747 747 747 
19 198 198 
322 322 322 577 577 
252 252 307 307 362 362 
73 73 73 73 484 484 520 
80 241 468 
310 310 422 422 422 422 571 
649 649 
30 30 
701 701 
16 16 16 327 327 561 561 562 
21 545 
49 49 
21 128 545 545 545 
516 516 516 
134 158 158 
554 648 648 
39 39 
134 134 134 
115 115 115 115 115 213 
124 358 424 461 461 
80 154 350 350 366 739 739 
654 
16 598 598 
203 203 393 
16 16 21 21 321 321 442 454 455 
96 96 96 
62 62 62 62 117 117 
68 68 
346 346 
203 444 444 444 444 
382 413 558 558 
16 16 16 207 207 261 261 278 278 333 333 336 420 452 476 589 589 655 655 655 708 
393 
1 5 138 138 213 405 417 700 700 700 759 759 
294 294 584 584 
131 131 249 249 249 249 249 551 
361 516 516 
254 254 288 288 489 489 489 489 645 
585 
705 
298 739 739 739 
342 444 546 546 667 667 
203 203 
35 35 639 741 741 
213 353 353 353 353 471 471 

27 199 199 203 203 203 203 262 262 290 290 555 555 555 617 617 
257 257 529 529 608 608 701 701 701 701 
557 557 557 
654 716 716 716 
218 303 303 
196 342 
147 147 320 623 651 
36 207 261 633 633 633 
117 117 117 117 213 213 677 677 677 677 
190 190 190 402 402 402 
323 323 323 333 371 371 587 674 690 690 690 
570 570 570 
601 601 730 730 730 
206 562 562 562 599 
440 440 526 
5 188 188 188 395 475 680 680 680 680 
127 127 233 570 695 695 
19 19 19 416 416 416 416 416 
196 196 196 196 203 
75 96 96 96 149 175 175 189 189 189 201 201 201 254 342 342 502 502 583 643 643 739 739 
108 723 739 739 739 739 739 
528 563 563 
30 30 30 681 681 681 681 744 744 
298 319 528 
129 129 338 338 338 338 338 
203 203 
117 117 117 117 117 193 658 
114 114 226 226 428 
570 570 570 570 
117 117 469 656 656 656 656 750 750 750 
187 187 733 733 739 
94 94 256 256 315 315 315 315 464 464 464 464 
83 83 83 203 203 663 663 663 663 
30 399 399 592 592 670 670 670 670 
296 376 719 
117 224 224 224 341 
266 341 341 341 
748 
462 462 
257 257 257 257 737 739 739 
82 82 90 265 265 
80 80 80 437 
371 371 658 658 658 
294 294 345 
268 298 298 298 739 739 739 
105 419 419 495 
181 241 241 243 243 243 745 745 745 745 
349 390 495 497 507 601 664 664 
200 200 200 388 524 524 717 739 
495 495 495 495 495 507 
581 725 
57 57 132 154 154 154 154 234 234 327 327 327 400 595 595 595 
5 635 635 635 
113 113 257 257 529 529 538 610 610 649 649 649 649 
16 547 547 
513 513 525 716 716 
100 103 342 342 444 
10 10 252 252 252 519 519 641 
341 483 483 
298 319 319 
138 248 248 329 329 420 633 733 753 756 756 
16 16 
159 159 233 354 354 461 
50 50 50 312 312 430 430 516 
26 26 26 26 26 212 266 356 
16 16 16 16 16 239 239 239 242 242 333 333 333 
209 246 246 543 543 543 739 739 739 
203 203 301 301 
70 112 291 291 307 387 651 651 651 703 703 
200 524 696 
10 276 276 285 
5 163 163 163 163 213 222 359 359 359 359 537 537 537 537 682 742 742 742 
157 167 341 453 
727 727 
23 23 23 501 
70 70 70 70 89 108 203 203 203 668 
16 16 485 
366 514 514 581 581 596 698 
95 95 95 203 203 341 399 399 473 
721 721 
213 384 384 
45 45 81 81 170 435 435 
377 377 377 601 660 660 660 
295 295 295 342 342 342 

110 110 110 526 534 555 555 555 678 678 708 753 753 756 756 756 
317 317 317 400 400 400 400 
142 
307 
530 530 530 530 687 739 739 739 763 763 763 763 763 
542 542 593 
5 5 14 14 14 16 16 24 24 24 68 68 80 90 90 90 108 108 108 136 136 136 136 136 139 139 151 151 175 180 180 180 185 185 190 190 237 258 258 265 265 274 274 274 292 292 298 298 298 312 312 342 366 366 379 382 388 391 391 402 402 402 413 413 437 437 493 532 532 548 548 582 582 582 583 583 583 622 622 642 642 642 667 667 668 668 668 668 668 678 687 687 692 692 692 696 714 714 714 737 737 737 745 745 745 748 748 748 751 
278 278 432 517 517 517 517 
7 7 7 34 34 35 35 35 73 202 214 327 327 450 556 556 556 556 645 645 
719 719 719 
179 179 370 445 445 
378 378 670 670 
241 241 241 574 574 694 694 694 694 739 739 739 
49 
442 601 601 601 601 
14 14 137 137 190 391 391 391 685 739 739 739 
248 248 248 
192 224 677 677 677 
510 739 
483 483 483 
449 708 733 733 756 756 
342 428 428 
41 41 41 41 274 274 590 
187 220 220 220 220 220 452 708 708 733 733 733 753 753 
239 239 239 
403 403 403 438 438 
5 5 635 635 
334 334 334 334 550 550 550 550 
316 316 316 316 343 474 474 585 585 
342 342 
530 530 565 737 737 737 737 737 
9 9 108 108 108 108 173 582 582 
27 27 27 146 207 207 207 
156 280 280 
5 47 47 387 387 
