nodes: 768 edges: 1460

635 
117 150 317 

167 208 341 357 462 
17 17 47 47 55 59 79 115 118 118 118 144 144 144 163 163 171 174 213 213 213 221 221 239 307 307 367 370 370 387 395 395 405 411 411 411 412 412 412 412 466 484 488 488 504 506 506 506 623 635 635 654 654 663 719 739 739 759 
174 
550 741 
343 343 599 
25 25 764 
257 257 265 265 274 285 312 529 529 529 599 739 
359 494 
16 16 16 242 376 
159 261 272 272 409 
241 241 739 739 748 
296 296 
12 12 12 32 32 35 35 35 40 78 173 173 198 259 259 278 278 296 296 296 321 333 333 378 400 400 407 429 442 485 505 505 547 548 548 561 561 569 600 601 601 611 626 633 633 633 702 713 724 741 741 741 
5 5 77 77 
34 79 741 
416 416 665 665 
352 352 
128 128 128 485 485 485 612 612 614 626 
67 383 515 515 521 
218 584 722 
739 739 
9 9 354 354 614 614 
203 203 266 342 385 428 428 462 462 472 540 568 570 712 
648 765 765 765 
203 203 290 
556 556 
203 203 338 609 670 670 745 
533 533 
16 16 516 516 

18 
16 16 16 73 156 278 297 436 556 645 
395 
87 87 87 110 449 
294 298 
261 355 415 415 
16 118 118 118 216 216 216 351 351 
246 342 472 755 755 755 
48 306 306 421 
110 316 479 585 761 

253 253 
545 545 
5 5 171 271 271 307 307 387 387 387 767 
42 306 588 588 
564 613 746 
160 312 


126 188 188 
310 600 600 
5 75 75 144 
64 156 223 223 223 239 242 503 503 
569 699 699 699 699 
482 577 577 
5 365 582 
106 552 
410 
517 599 628 
156 156 156 292 292 
56 106 106 499 518 518 
117 249 249 249 427 427 551 551 
395 395 402 
22 120 145 159 213 213 213 260 354 354 354 397 
108 485 629 629 739 739 
156 156 341 
140 273 301 307 533 716 723 723 

257 
35 297 297 741 
299 
55 55 502 
100 
17 17 352 352 
16 473 
5 18 239 239 448 448 451 597 597 
241 350 350 689 689 739 
206 257 300 300 300 302 302 310 312 312 343 422 435 435 599 729 

117 228 342 680 680 

127 

37 37 37 229 229 284 284 314 
575 
207 633 633 
400 400 688 739 
380 
589 589 
279 294 312 345 
212 447 447 447 679 679 
283 399 726 
627 627 667 
342 
308 308 366 516 

76 704 


300 300 342 704 
193 299 

60 64 64 156 499 

68 203 203 312 739 739 764 764 764 

37 43 
203 429 
716 
701 
675 675 
5 620 620 620 
213 431 
2 65 83 224 224 342 342 656 656 674 674 674 677 683 
5 5 5 40 40 40 441 441 441 441 
267 
67 267 
581 
194 194 
215 354 354 354 
582 
458 490 490 496 496 
53 175 
85 664 
21 21 21 459 459 459 626 626 
203 330 330 399 467 672 
208 208 342 
637 637 


619 

375 418 418 475 739 739 
190 217 746 
635 

70 244 387 525 
293 293 293 455 455 
202 
401 401 
5 5 5 55 163 163 372 484 529 529 
67 383 383 523 523 
207 765 
703 

186 186 186 342 342 
2 573 
548 548 
258 258 258 339 
317 
350 622 699 699 699 
388 388 388 
35 56 63 63 63 69 69 106 255 460 463 590 590 594 594 594 594 766 766 
203 203 230 453 520 578 578 
616 616 725 
13 67 304 354 362 362 409 
50 494 494 494 539 
278 278 
561 561 
5 5 144 144 213 213 506 506 719 719 
393 
294 
484 
4 720 
243 
566 
342 456 478 729 729 
5 47 418 560 
367 540 540 
16 16 504 504 504 
5 6 
126 254 667 667 
504 595 
739 
341 
408 743 

210 210 275 694 694 


253 253 398 398 679 

149 149 149 547 
455 678 678 756 756 
53 53 663 
667 
137 336 657 739 739 748 
247 
750 750 
104 336 336 
122 122 210 

203 203 203 653 653 653 666 666 666 

16 416 601 601 601 664 664 664 
203 203 203 648 
524 532 717 
225 
142 720 741 741 
26 26 28 28 30 30 108 108 111 129 157 157 196 196 196 199 199 199 218 218 253 262 262 290 290 301 301 337 341 341 341 377 377 393 399 467 467 540 540 541 544 544 630 644 648 648 648 666 680 680 715 715 715 726 726 726 
542 

81 661 
89 146 633 633 655 765 
4 130 130 512 
342 500 
181 181 194 
270 270 270 
94 
5 5 5 67 67 67 116 163 163 222 225 225 305 446 504 504 593 595 595 620 620 646 656 656 719 719 728 728 
741 741 
123 
40 40 40 
137 290 
23 203 203 262 
227 559 596 
756 
5 5 387 
213 359 719 
56 56 56 
117 117 295 342 342 683 750 758 758 758 
201 213 213 273 396 396 474 
428 428 540 675 
219 559 596 596 596 
83 555 555 
87 87 269 284 284 
157 570 
264 264 


373 373 

274 274 

306 389 389 
5 56 79 79 580 580 594 713 

14 14 80 243 243 312 315 342 745 745 
12 56 503 713 
168 241 241 428 428 694 694 694 694 
140 463 463 463 
447 601 
41 337 714 
191 341 
420 708 749 
65 65 65 685 


604 604 692 705 705 
45 45 184 184 203 377 
175 282 489 489 
156 
679 679 
10 10 72 81 443 687 687 701 
152 152 152 
16 16 
67 364 
13 39 333 355 633 655 
203 203 218 
578 
231 231 328 328 
10 10 739 
26 462 462 684 
119 120 366 725 725 

229 372 372 
211 211 211 286 335 335 
47 47 535 
13 13 
70 225 334 
10 236 236 739 755 
181 593 593 
285 285 285 285 
346 346 346 
16 16 35 161 161 287 428 428 432 434 434 476 522 556 633 
93 312 312 423 
766 

254 344 
95 399 399 
87 87 229 229 548 548 
10 276 276 276 276 
270 335 341 464 
278 432 432 
354 354 354 639 639 667 

28 203 203 217 374 374 648 648 

63 63 470 593 
141 141 141 455 455 455 
38 93 165 298 298 584 691 
224 
15 15 16 16 16 326 347 376 376 424 473 487 505 682 682 
35 73 73 
38 294 294 610 686 686 707 707 739 739 739 
74 104 498 
81 81 81 103 103 310 310 310 422 422 422 464 464 464 
70 203 203 715 723 
81 81 355 355 
652 
159 522 
213 354 354 
42 42 48 238 323 
5 5 47 47 70 560 604 604 716 736 
98 98 
511 691 691 
54 81 300 300 300 333 571 607 
385 579 579 579 
10 50 81 81 93 108 241 279 279 342 402 668 711 711 739 

87 575 575 575 575 575 
241 
43 343 585 
2 153 734 734 
360 360 527 527 527 
671 
654 654 
16 378 492 548 626 626 
577 603 
306 421 421 658 
549 

296 507 553 553 
611 611 676 699 699 741 
264 264 

129 129 601 


16 16 261 310 364 547 547 573 626 633 633 658 713 713 713 
273 
270 270 286 
190 193 193 589 589 589 633 633 633 
203 246 342 415 415 415 456 456 456 552 
30 672 672 
152 733 
448 
4 69 178 203 203 203 247 286 464 483 544 578 578 683 683 706 726 
26 41 83 97 103 117 117 130 149 149 170 209 224 224 241 312 337 399 399 399 428 539 643 652 653 653 762 
8 8 81 316 585 585 761 
282 
93 691 
277 277 277 630 630 
296 
370 441 
695 
80 80 154 622 
40 40 601 601 
20 20 77 77 472 472 
646 
25 25 67 67 67 123 123 123 159 288 288 288 305 305 360 469 
39 261 302 302 

4 
621 621 621 
11 222 719 
318 318 354 
380 
159 159 604 604 
406 406 498 498 
260 333 
59 
98 267 470 470 725 
5 172 

554 
5 5 348 
382 658 690 
144 269 269 548 
234 234 595 
290 290 
136 
12 296 296 417 
203 203 253 425 554 617 648 697 730 730 
16 321 506 

91 361 569 569 

371 565 
22 145 145 
728 728 728 
26 311 579 

5 47 47 47 140 221 550 550 550 716 
155 155 155 480 696 696 
238 238 
549 
748 

164 203 
429 
5 5 36 66 66 412 682 682 
225 225 
67 550 
184 184 
95 129 203 283 283 342 342 342 487 
16 16 90 90 699 734 734 
143 143 
66 312 657 
715 758 
432 432 434 434 522 522 
5 635 
363 363 498 
16 500 601 
179 574 574 
13 159 575 
61 546 546 546 
5 5 5 455 
5 5 5 5 395 
739 

39 39 337 337 337 
19 19 198 
376 
136 136 171 511 511 

248 708 
42 323 323 549 
81 300 300 300 571 607 607 
279 
296 473 473 473 479 479 
377 648 

65 65 551 551 551 
26 26 226 226 243 243 278 278 342 478 675 754 754 
16 111 394 
711 
116 
278 287 287 404 404 740 

278 278 404 404 
81 81 729 729 
35 
514 689 
758 

511 
118 118 118 118 348 
16 601 626 747 
257 
704 
743 743 743 
213 
94 94 94 245 
79 79 340 
37 
741 
79 
633 633 
157 720 

141 141 187 293 293 293 411 626 
170 337 337 337 
583 
125 
128 128 128 
156 488 488 488 
595 595 621 621 
4 26 26 266 266 686 686 
156 244 244 244 
286 300 300 300 341 679 

5 
129 203 203 
606 
354 
292 366 366 
646 
26 41 352 352 
78 296 424 424 424 479 726 
225 
136 565 
278 633 

170 428 
43 424 424 473 534 
388 532 
501 
58 
341 706 706 
5 144 166 605 605 
16 21 21 21 68 724 724 
562 562 562 
296 399 
5 5 460 460 460 
254 254 
125 125 
572 
321 

11 160 160 160 
693 693 697 697 
125 125 536 536 
695 
299 363 363 406 
64 106 
209 407 
481 722 722 
75 667 667 
56 56 242 
5 173 173 173 176 213 213 595 595 
16 16 296 
5 5 5 163 163 378 
326 664 697 697 
566 566 

725 751 
309 418 418 440 557 557 692 
208 
703 
437 596 725 725 725 
22 22 
32 32 98 615 711 711 
62 528 599 599 740 
64 64 
705 
157 605 605 720 720 
22 
278 304 404 404 
145 145 587 587 
200 696 
140 703 703 703 716 
733 733 
318 318 318 
517 
10 10 10 144 144 649 701 701 705 727 
576 737 737 

200 480 739 
31 31 70 
479 
271 
496 496 

547 563 
160 342 
26 172 172 203 203 226 541 680 
203 540 
204 
714 714 
203 203 341 
46 46 612 643 643 643 
410 410 410 643 643 
16 186 333 333 538 563 573 573 573 702 
16 16 151 151 284 284 321 372 739 739 
324 390 421 
7 387 387 387 397 707 741 760 760 
65 65 427 427 427 637 
60 337 
326 326 
369 377 617 697 
228 228 648 733 733 
29 29 35 278 741 741 741 
511 511 

219 227 596 596 596 
171 307 
16 16 162 162 569 569 611 
486 486 486 611 611 661 
538 547 
49 
382 475 763 
169 508 508 
598 598 
26 
16 57 380 380 561 561 
26 230 659 659 659 664 676 
310 422 607 
491 678 
150 333 547 547 547 644 
408 408 745 745 
88 314 314 314 314 314 409 
530 
58 58 322 603 
157 157 263 341 341 
311 311 311 385 
239 239 
121 698 
59 124 739 764 764 
457 667 739 
23 294 
43 316 343 343 640 640 640 761 

523 523 
48 48 
92 92 336 336 336 
156 156 755 

681 
213 275 275 292 738 
156 156 156 156 239 
176 213 213 373 461 461 504 504 699 699 
219 227 227 227 514 559 559 559 
79 79 
567 567 624 
8 10 62 81 517 517 
16 54 54 
16 16 198 198 198 245 330 351 351 407 442 695 695 730 747 

322 577 
252 252 307 307 362 362 664 
484 484 520 520 
468 
310 422 422 571 
649 649 
30 
298 
16 327 327 561 562 562 
21 21 545 
49 
21 25 25 708 
516 
158 158 
377 554 648 

134 694 
115 115 115 213 213 
358 358 358 461 461 
154 350 
5 
598 

16 21 128 128 321 321 333 442 455 
96 96 
62 
68 68 
203 346 346 


16 16 16 89 89 207 207 261 278 333 333 336 336 336 452 452 476 655 708 708 

1 5 5 138 405 700 759 759 

131 131 551 

288 288 645 667 667 
585 585 585 
705 705 

342 545 545 545 546 546 732 
203 573 
35 639 741 741 
213 353 471 
730 
27 199 203 203 203 290 290 377 425 555 617 
529 608 608 701 701 701 

654 654 
303 342 
196 196 196 342 342 
5 5 320 320 651 651 
207 261 633 
117 117 213 213 
190 402 
323 333 371 
570 570 570 

206 562 

5 188 680 
127 198 198 198 507 570 604 
19 19 
196 196 196 203 
96 175 175 189 288 502 502 583 639 639 762 762 
312 693 

30 30 681 744 744 744 
319 
129 338 338 

117 117 117 
114 114 226 428 
327 570 
117 750 
187 187 572 733 733 
94 94 184 256 256 464 
83 83 203 203 540 663 
592 670 
296 296 395 395 
117 224 341 341 
266 
249 748 
298 298 462 462 
257 257 737 737 739 
90 
80 80 437 739 
371 722 
294 309 309 345 
252 511 739 
495 495 668 695 
181 181 243 243 243 243 619 745 
349 497 601 601 693 
388 388 524 717 739 
377 495 495 507 507 554 
581 725 
57 57 57 57 154 154 154 327 327 400 595 595 
635 
113 257 529 529 649 649 649 758 758 
16 547 
147 513 525 525 525 716 716 
100 103 444 
252 252 519 529 641 641 
341 483 483 
298 298 550 
248 420 614 633 633 733 733 749 749 753 756 


312 312 430 516 516 
26 
16 239 242 333 333 333 
246 543 543 739 
203 203 203 301 403 
70 112 307 387 525 703 703 
200 696 

5 163 163 213 213 222 359 742 
167 202 453 520 520 
727 727 727 
23 501 501 690 
70 70 301 
16 485 485 
158 267 267 366 510 514 514 514 698 
95 203 203 203 341 473 
529 721 721 721 
213 213 384 384 384 
81 170 170 435 435 
377 377 601 647 

643 
339 526 526 555 555 678 678 708 708 753 753 753 756 
317 317 400 400 

307 
530 530 687 687 763 763 
593 
5 5 10 14 14 24 24 68 68 80 90 108 108 136 136 177 190 190 265 274 298 298 298 312 413 532 548 548 582 583 687 689 692 696 714 745 748 751 
432 517 
7 16 16 16 18 73 202 202 214 214 327 450 550 556 556 556 645 645 
719 
179 445 445 445 
670 670 670 
30 241 241 574 574 694 739 
49 137 
442 601 
14 190 391 685 739 
248 708 708 
192 192 224 677 
510 739 

708 733 733 733 756 756 
428 428 
41 41 41 274 590 
187 187 220 708 733 753 753 

224 224 224 403 438 701 701 
5 635 635 
550 550 
43 343 585 
342 667 667 
565 737 737 
9 108 108 108 582 582 
27 27 27 146 207 
156 156 280 
47 
