nodes: 768 edges: 1453
217 
635 635 635 635 
65 117 150 150 150 
633 633 
167 208 247 341 357 357 
17 47 47 55 79 115 115 144 144 147 163 163 171 171 194 194 210 213 213 213 221 239 239 272 272 307 344 348 367 370 370 387 387 395 405 411 441 441 448 451 451 484 484 504 504 504 567 594 623 654 654 663 663 700 719 719 759 759 
174 
550 741 741 741 
599 
25 25 25 126 126 126 582 582 582 764 
121 257 265 265 274 312 529 529 599 599 705 718 739 
359 496 
16 265 376 
159 238 261 261 261 272 272 
241 448 493 
296 
12 32 57 57 78 173 198 198 214 258 259 259 278 278 296 296 321 321 333 333 376 400 407 429 454 473 485 505 505 505 547 547 548 548 553 561 569 601 601 602 611 611 624 626 626 633 633 702 709 709 713 713 713 741 741 
5 
79 79 741 
416 416 665 

128 128 355 439 
232 383 515 521 521 521 
218 501 
312 739 739 739 
9 9 9 354 354 354 
41 203 203 342 385 428 462 462 472 540 568 568 570 570 712 712 
30 765 765 
203 301 301 356 
556 
27 203 322 338 338 609 670 670 670 745 

16 

741 
297 297 432 556 670 741 741 741 
317 352 352 395 395 655 655 
43 43 110 449 

261 355 415 415 415 618 
118 216 216 348 348 351 
26 472 472 472 755 755 
48 306 421 
37 37 110 316 316 316 316 479 479 479 585 585 761 
246 
253 729 729 
545 545 
5 5 221 221 271 307 387 560 
42 306 588 588 
564 564 564 
160 160 711 
203 393 517 630 
583 583 
126 188 
310 600 
5 75 144 144 182 182 182 392 
64 64 156 223 239 354 503 503 
16 16 258 569 569 699 
203 203 577 577 577 
365 
106 552 

517 517 628 628 628 
156 292 
56 56 156 156 255 255 499 518 637 
2 117 249 249 249 427 
83 395 395 395 395 402 
159 159 213 213 260 354 354 397 397 446 521 
108 108 108 513 629 
156 720 720 
140 273 307 307 533 716 716 723 723 

257 
605 741 741 

55 502 
100 402 402 
352 352 705 
16 473 
5 18 18 239 340 340 448 451 597 
241 468 468 468 689 689 739 739 
170 170 195 206 206 257 300 300 300 302 302 302 302 312 436 443 443 599 599 729 729 

66 117 228 342 342 680 

127 601 

229 229 284 
342 342 
207 
400 400 688 688 739 


312 345 
203 203 212 253 447 447 679 
129 283 399 
322 627 
342 342 
308 308 366 516 

76 

703 
300 
299 299 
529 
60 
544 
68 68 68 123 203 203 203 203 312 444 668 723 739 739 764 
203 203 
37 43 733 
157 203 203 429 429 
170 170 411 411 716 
701 
342 428 428 675 
5 5 620 620 635 
213 431 
2 65 83 224 342 342 656 656 674 674 674 674 677 683 683 
40 441 
120 
119 
10 
194 194 
108 215 354 354 354 469 
582 
134 
9 9 9 53 
85 
21 21 459 459 473 626 
95 266 330 330 399 399 467 
208 282 342 342 
637 
699 

125 158 616 619 
505 507 
274 375 418 418 475 475 739 739 739 
190 217 217 748 
635 635 
739 
70 387 387 
293 293 

222 222 
5 5 55 55 163 163 484 484 529 529 529 
383 383 523 523 
207 
5 654 654 703 
462 
186 186 342 667 
2 2 2 214 429 573 
548 739 
452 
317 
350 350 350 622 699 699 

56 63 64 64 69 463 590 590 594 
111 203 203 453 520 
134 616 725 
13 67 67 304 304 304 304 354 362 362 461 461 710 
50 50 342 487 494 
556 556 
561 
5 5 144 144 213 252 353 353 506 506 719 

294 
484 
4 247 341 720 
243 428 
566 
81 81 112 112 456 729 
5 5 418 418 560 560 560 
294 367 540 540 540 
16 504 504 504 
6 
254 254 739 
504 504 
342 342 
208 208 341 
408 743 

210 210 275 275 694 694 
55 55 55 

253 398 398 464 679 

149 149 
292 292 678 678 678 756 756 
53 663 663 

137 402 402 450 739 748 
247 247 

336 336 674 674 674 
5 5 122 122 210 
81 
332 653 666 
543 
16 16 416 416 601 601 664 664 
648 648 
696 717 
225 667 
741 741 
26 26 28 30 51 58 58 94 94 108 108 108 108 109 109 111 111 157 157 253 253 262 290 322 328 337 341 342 377 386 399 399 423 444 486 540 541 541 541 544 609 648 648 666 680 680 723 723 723 726 726 726 
542 

81 81 599 
89 146 633 655 765 765 765 
4 130 178 178 512 
246 342 
5 181 181 194 
270 270 335 
94 253 
5 5 5 67 67 116 163 222 225 273 299 373 446 504 593 595 646 656 656 719 719 728 
16 150 
123 
40 40 
0 137 137 290 
23 652 
559 
756 756 756 756 
5 47 47 387 
143 143 213 359 719 719 
56 255 729 
117 295 342 683 750 758 
201 213 273 275 275 474 542 542 593 

366 366 
83 
87 87 269 269 284 

264 
22 
710 740 
373 
305 
241 241 274 
739 739 
13 389 
5 5 56 79 408 580 580 713 713 757 757 
363 
14 80 236 236 243 243 312 455 606 694 
503 503 713 
168 241 241 428 508 508 694 694 


44 209 337 415 714 
4 167 191 191 
420 749 749 
65 65 65 429 467 485 685 
424 
506 
163 458 604 705 
45 94 184 203 203 212 377 
175 175 
64 64 223 
679 
10 72 81 381 443 529 649 687 701 
16 57 739 
16 16 
67 364 397 
13 13 13 39 333 355 355 355 415 633 655 655 
203 563 648 
578 
231 
10 10 12 739 
129 356 462 462 684 684 
366 725 

229 229 372 548 
211 211 335 
47 
5 5 13 13 
70 213 225 659 
10 136 236 739 739 755 
181 181 225 225 593 593 593 
285 285 
346 346 346 632 
16 16 287 321 428 428 432 434 476 476 522 556 556 556 633 633 

590 766 766 766 
633 633 
130 344 
95 
87 229 
276 276 
335 341 341 341 464 
278 432 432 
354 354 354 639 667 667 
548 548 
203 217 374 648 
716 721 
63 187 187 366 470 593 739 739 739 
141 141 455 455 455 580 
165 172 309 584 636 691 691 
224 731 
15 16 16 326 326 347 347 347 347 424 473 475 475 487 505 505 682 682 
35 35 
610 636 642 686 
104 104 213 363 
81 81 81 103 310 310 310 422 464 464 
28 28 356 356 723 
81 81 81 81 355 
652 
159 159 159 159 522 
235 
42 48 323 323 
5 47 70 70 604 716 736 
98 98 516 516 
294 418 511 511 691 
54 300 300 300 333 571 571 
385 385 568 568 579 
10 24 81 93 108 241 402 430 522 522 536 536 711 711 739 739 

575 575 
679 679 
43 43 43 43 343 
36 153 734 
527 
671 673 707 
508 654 654 
16 16 278 378 492 626 
30 96 203 577 
306 306 658 
549 549 708 756 
733 
296 296 507 507 553 553 553 553 
611 699 741 
203 
708 
129 129 601 
428 428 
196 
16 16 261 310 364 547 547 626 633 633 713 
760 
211 270 286 513 513 513 
193 193 589 633 633 
203 246 415 415 415 552 
30 30 672 672 672 672 

79 79 
4 167 178 203 286 286 286 410 464 464 544 544 544 578 683 683 684 706 706 726 
26 83 83 88 88 97 97 114 117 117 130 130 149 160 177 177 203 209 224 399 399 428 643 653 667 667 731 739 739 754 
316 433 433 761 
5 282 
93 691 
277 277 277 
296 296 296 296 
5 40 40 568 
497 
154 154 154 622 622 758 
40 
36 36 77 77 395 472 
163 163 646 
25 25 25 56 67 67 123 123 123 159 288 288 288 360 469 469 527 527 
21 39 261 261 261 302 567 
28 266 301 301 
4 4 
424 424 424 621 
11 222 461 719 719 719 
354 
380 
159 159 604 604 604 
240 299 406 498 530 530 530 695 
260 333 
59 
98 227 227 267 292 470 596 596 622 
5 172 719 742 


5 5 743 
658 658 690 
269 548 548 
213 234 595 
290 
136 
12 16 682 
203 253 554 554 554 617 648 648 697 730 730 
321 744 

361 569 569 
257 
565 565 
22 145 145 
728 
26 311 311 579 
203 
5 5 47 140 140 221 550 550 550 716 
480 
238 

574 574 748 
55 
51 634 
429 
5 36 36 66 66 66 66 352 412 484 663 663 682 

67 67 260 
184 184 
95 129 129 203 203 342 342 681 681 681 681 
16 90 90 734 

66 76 76 190 190 312 
715 
432 434 
5 
363 498 498 
16 601 647 
179 239 574 574 
575 
341 
5 112 112 455 
395 
558 632 632 739 
633 633 
39 39 39 246 261 337 337 337 
19 19 198 198 665 665 665 
635 
136 136 171 171 309 511 
693 
248 
42 549 
300 607 
203 
250 296 358 358 358 473 479 
648 

65 
26 114 114 168 243 278 278 331 331 342 754 
16 111 111 150 249 394 553 553 
312 499 499 711 
116 
35 278 287 287 404 740 
343 343 
278 404 
729 729 
81 
514 

21 
662 733 
5 5 118 

81 81 257 537 
108 203 631 631 704 
642 743 743 743 
67 213 
94 94 601 
5 14 79 
37 
190 741 741 741 
5 5 79 537 537 
152 589 589 633 756 
157 
16 626 
241 293 293 293 411 
170 
583 
252 
128 128 612 

159 159 359 595 710 
26 26 148 266 266 686 
156 
184 286 300 300 341 341 599 679 679 


129 249 
80 80 80 
123 354 354 
292 366 

26 41 41 41 352 
16 78 128 296 424 726 
225 761 
136 136 296 296 663 
278 278 633 


43 43 43 424 534 
388 532 


706 752 752 
5 5 144 144 166 395 605 
16 249 
203 562 
160 296 

639 639 639 

572 
321 
14 
160 719 
693 693 693 697 
11 
349 664 
363 406 406 
64 430 430 
579 
23 
75 
56 56 242 242 
5 5 5 173 173 173 176 176 213 595 
16 16 16 135 296 296 
163 163 251 567 
135 326 326 664 664 695 697 697 697 
243 243 320 

725 
309 309 418 557 
208 
68 335 335 335 
437 596 596 725 
22 
98 308 308 615 
51 62 62 528 740 740 
64 
705 
157 605 
22 22 22 67 
278 304 312 312 580 
145 145 587 587 

703 

318 354 354 
517 
10 10 105 144 144 144 257 705 727 
363 363 363 763 

480 717 
70 
479 632 

312 312 
443 451 451 719 
547 563 

26 172 172 172 203 541 680 
203 203 203 540 
204 225 225 593 593 738 
197 544 714 714 
107 203 341 341 341 543 
46 46 612 614 
643 643 
16 16 333 333 538 573 702 
16 16 151 269 289 289 372 372 739 739 
324 324 421 
7 387 387 387 707 741 760 760 760 
761 
60 337 
16 326 326 326 326 429 429 
377 377 377 
733 
29 35 161 161 278 278 278 741 741 741 
511 650 
413 
219 
47 171 171 171 
16 162 611 
486 611 661 
262 538 
49 49 49 
382 382 763 763 
169 
5 355 506 598 
26 26 311 311 348 
16 57 57 380 380 
26 26 
310 310 607 
491 678 
150 547 
391 391 408 408 745 745 
314 314 409 

58 58 58 322 
263 341 
311 385 500 
239 239 293 522 757 
725 725 
9 9 9 124 764 764 
52 52 457 739 
294 
43 43 640 761 

523 523 
48 48 
336 452 452 
156 156 280 

681 
213 225 275 275 275 292 542 542 738 
5 156 
213 373 461 504 699 699 
366 366 514 514 
79 
567 624 
8 10 10 81 81 206 464 
54 
16 16 85 198 198 330 407 447 647 660 695 695 747 747 
16 

252 307 362 362 362 
73 484 520 709 
241 
422 571 
649 
30 203 
298 686 686 701 
16 16 327 561 562 
459 545 

545 
516 
134 158 
377 
39 
134 
115 115 
358 
154 350 350 366 
5 
16 598 

16 16 128 321 333 454 
96 
62 62 62 
68 
51 
444 444 
277 413 413 534 
3 3 16 16 207 261 278 278 281 281 333 333 336 336 414 414 452 476 655 708 708 
393 
1 1 1 1 115 138 138 417 
294 298 
64 131 

288 489 489 489 667 667 
585 

298 445 739 
342 546 546 732 


213 353 
407 601 730 
199 199 203 203 262 290 377 377 425 
257 608 701 701 701 
557 
654 716 
218 303 
196 342 
5 5 147 147 320 320 651 
36 36 207 261 261 633 
117 117 213 213 

323 371 371 674 
273 
601 730 
562 
440 
5 5 188 188 395 395 475 680 680 680 
198 198 497 507 507 
19 416 416 416 
196 203 
149 201 288 288 342 342 639 639 739 739 762 
108 739 739 

30 30 30 35 681 681 744 744 
319 
338 338 338 338 
319 
117 117 117 117 193 193 193 658 
114 

117 
187 187 187 572 733 
94 184 256 315 315 464 464 
83 203 203 540 663 663 663 
399 399 399 399 592 670 670 
296 296 376 395 719 
117 117 224 341 341 
266 266 341 
249 
298 462 610 610 
257 737 
90 90 
80 80 739 
371 
294 294 309 345 
739 
419 495 495 495 
181 181 241 243 243 745 
363 507 601 601 
200 717 739 
377 495 507 507 507 
725 
57 132 154 154 327 595 595 
5 
113 257 610 649 649 649 758 758 
16 547 
102 147 525 716 
444 
10 77 252 519 529 
341 341 483 
319 550 
324 329 633 633 733 733 733 749 749 749 753 756 756 
16 16 605 
159 233 461 
50 312 312 430 
26 26 
16 16 16 239 239 242 333 
246 543 543 739 739 
403 
70 70 112 291 307 387 651 703 
200 532 696 
10 
5 5 163 213 213 222 222 359 359 359 367 494 537 682 742 
69 69 167 
291 727 

70 70 108 203 203 203 301 

158 267 510 514 581 581 698 
203 203 203 341 473 
529 721 
213 384 
45 45 81 81 170 223 435 435 
377 377 647 660 
295 342 
643 
110 325 440 555 678 708 708 708 749 749 753 753 753 756 
317 400 

307 
687 739 
542 593 
10 24 24 24 80 80 90 108 108 136 136 136 139 151 175 190 237 237 258 265 274 274 292 292 292 312 312 342 342 413 548 548 583 642 667 667 668 668 689 692 696 714 714 737 745 748 
233 432 517 517 
7 7 7 16 16 18 34 35 35 35 73 73 202 202 327 450 450 450 550 556 556 556 
367 719 
179 370 445 445 445 
378 670 670 
30 574 574 694 739 

601 601 
137 190 391 739 
248 248 708 708 708 733 733 
224 

483 483 
708 733 733 733 756 
342 428 
41 41 274 
187 187 220 220 220 220 324 452 708 708 733 753 
239 239 580 
224 350 701 701 
5 5 
334 550 550 550 
43 343 474 551 585 
667 
530 565 565 
9 108 582 582 
27 27 207 207 207 
280 280 280 

