nodes: 256 edges: 777
76 190 236 236 236 236 236 
4 4 4 21 71 71 71 71 105 153 153 153 158 164 232 
45 45 
81 81 238 
1 1 1 14 14 18 18 18 32 105 105 190 208 
7 26 26 42 46 50 56 56 81 98 98 98 102 102 108 108 108 133 141 141 141 142 143 159 178 227 234 235 238 238 244 248 248 254 254 
212 
5 41 86 86 86 97 120 124 130 199 218 218 218 
10 81 168 168 215 228 228 247 247 
29 29 182 182 182 
8 14 14 32 32 48 48 139 139 152 152 152 152 152 226 226 226 226 

227 
37 37 
4 4 10 10 18 18 18 47 47 47 51 152 152 163 208 223 
255 
47 47 47 47 47 78 78 78 89 93 
79 79 79 127 127 
4 4 4 14 14 14 60 60 61 63 63 80 137 137 137 152 152 152 170 186 192 206 206 
62 62 237 
98 98 
1 45 140 153 179 179 228 228 
66 66 195 195 195 245 245 
192 192 192 
137 137 137 137 152 152 
148 148 148 148 
5 5 33 44 44 67 67 70 72 72 82 82 98 108 108 108 117 117 122 122 122 141 141 196 196 213 222 231 231 237 237 237 239 244 
153 153 
95 95 95 95 95 165 165 165 
9 9 205 
64 64 172 172 172 175 175 182 196 196 196 239 
157 
4 10 10 53 153 153 153 153 
26 37 37 44 44 73 134 150 150 150 219 222 222 222 
80 80 80 80 137 

203 
13 13 33 33 122 169 
42 117 117 117 117 244 
134 134 166 

7 74 74 74 74 78 78 78 78 
5 38 73 73 73 73 81 125 125 136 243 
195 195 
26 26 33 33 59 59 59 62 62 62 62 132 150 
2 2 21 153 
5 234 234 234 234 
14 14 14 16 16 16 16 16 104 152 
10 10 58 58 81 
84 84 
5 123 
14 

32 81 
127 127 127 189 

5 5 181 181 227 
111 154 
48 48 104 129 129 129 152 152 152 203 203 214 214 220 220 251 251 252 252 
44 44 44 70 213 
18 18 90 90 90 90 152 
18 250 250 
19 19 44 44 44 44 70 70 204 
18 18 90 139 186 202 202 202 208 208 208 242 242 
30 30 222 
68 68 68 93 
22 22 84 84 
26 26 87 87 87 
65 65 65 
146 146 146 154 
26 59 62 62 122 122 249 
1 1 1 1 120 120 120 120 131 131 131 228 228 247 
26 26 141 141 141 
33 42 42 42 42 113 113 125 125 
41 41 41 41 78 78 78 78 156 156 199 
147 171 205 217 217 233 233 
0 
122 132 185 
16 16 16 41 41 41 41 74 74 74 74 93 93 241 254 254 254 
17 17 17 
18 34 34 34 34 137 
3 3 5 8 42 48 53 93 93 102 153 153 153 154 154 154 154 154 160 162 174 174 174 174 176 176 179 179 203 203 203 228 228 238 238 251 
26 26 
204 245 245 245 246 
49 49 66 66 100 100 109 183 183 189 

7 7 7 203 203 218 225 225 225 
67 67 67 115 115 237 237 253 253 253 
143 143 143 165 165 165 165 165 203 203 
16 
60 60 60 60 63 120 206 206 206 242 242 
238 
203 203 
16 65 78 78 81 81 111 111 167 173 173 173 176 201 210 
103 103 103 103 112 112 159 243 243 
28 28 28 28 28 
144 144 189 189 200 200 200 229 229 229 
7 130 130 226 226 
5 5 5 20 20 26 154 154 154 166 193 209 213 237 237 237 
251 251 
84 84 189 194 198 198 198 249 249 255 
250 
5 5 81 108 178 178 203 203 203 210 210 234 234 
94 94 94 94 
47 58 137 137 137 137 152 180 180 180 180 180 
1 4 4 
145 145 145 204 
119 119 152 152 
5 5 5 26 26 26 102 166 234 234 234 
84 127 127 198 198 
153 247 
57 93 93 142 218 218 
94 94 
73 73 145 177 204 246 
141 
87 87 
203 252 252 252 
26 26 38 38 38 38 216 216 216 216 216 248 248 248 
188 188 
107 107 
7 71 71 71 71 90 146 146 146 170 170 206 206 
238 238 238 
26 26 26 37 70 70 77 210 
50 161 196 
7 237 237 237 238 238 238 
42 42 73 73 
203 
17 17 54 54 54 109 109 187 189 189 
228 
58 58 58 
7 97 97 
71 71 71 228 
44 77 147 
5 227 227 227 
33 39 39 185 185 185 185 
175 175 
42 
18 18 18 24 24 24 24 34 80 104 104 104 104 202 
190 190 
10 10 63 176 
21 
5 5 5 26 26 72 72 72 114 
5 111 
5 88 88 88 149 165 
96 96 240 
106 106 106 113 204 204 
69 69 69 120 120 120 152 152 152 223 223 223 
75 132 
25 25 25 25 
143 218 
33 33 33 44 
228 228 
10 10 10 10 10 14 14 18 18 18 24 24 47 58 58 58 60 104 107 107 146 146 146 157 163 225 
1 1 1 21 27 27 32 32 32 32 45 81 81 81 110 228 228 228 
57 69 81 81 81 81 81 98 98 98 176 176 213 213 213 213 241 
168 168 168 168 174 174 206 
74 74 203 203 203 
31 152 
1 
5 94 
81 228 228 228 251 251 
123 
81 238 238 250 250 250 250 
14 152 180 
1 232 232 
28 28 28 88 88 88 88 88 143 203 
39 98 108 
93 
8 8 155 155 155 155 
37 197 
18 120 120 174 174 206 
75 191 191 
30 30 30 
93 93 93 
81 81 81 81 155 155 170 170 206 206 224 224 224 
30 30 135 135 196 
81 81 93 139 154 154 224 224 
113 204 204 
5 102 102 
21 21 81 81 
104 104 104 104 104 163 
56 56 
9 9 9 30 196 196 
84 84 
228 
77 134 134 134 134 
18 63 
127 
118 118 
54 84 96 96 100 127 127 
0 4 138 138 236 236 
171 171 205 
18 23 23 23 
98 253 253 
100 198 198 198 255 
22 22 22 43 43 204 204 245 
26 26 30 30 30 123 175 182 182 234 239 
169 
100 100 100 109 109 194 194 194 
7 74 
96 96 96 229 229 240 
93 
63 63 63 137 
36 58 58 81 81 81 86 86 88 88 92 92 102 102 102 116 126 156 156 156 165 220 220 220 251 251 251 252 
62 83 106 113 145 145 177 177 195 195 245 245 245 
29 75 191 
18 18 90 90 90 120 120 155 170 174 174 250 

4 14 63 63 63 
98 
93 102 102 122 

6 
26 59 98 154 154 154 154 
58 58 252 
8 
117 117 117 117 117 
75 75 233 
7 7 7 86 111 111 149 
33 
58 58 203 203 203 251 251 
237 237 237 238 238 238 238 
26 33 33 33 64 
14 146 146 146 
174 174 174 176 176 
86 86 86 152 
10 10 10 10 97 97 
5 12 56 133 133 133 
8 8 21 21 71 71 81 81 128 131 151 151 153 153 153 160 160 160 184 
96 96 96 200 200 
239 
26 26 
1 164 164 
75 75 217 
5 46 46 46 46 102 102 108 108 108 196 
5 
0 0 0 0 0 190 190 
19 26 26 26 87 87 98 98 98 124 124 124 221 221 221 253 253 
3 5 5 81 81 91 121 121 121 124 124 124 162 162 221 221 221 221 
26 30 196 230 
144 200 
78 154 
63 63 90 90 
42 94 94 
5 26 38 
22 22 83 83 83 195 204 204 204 
83 113 
8 8 71 110 
5 5 117 117 117 
70 100 100 255 255 255 255 
61 61 101 162 162 162 162 206 
58 58 81 99 99 160 160 203 203 203 220 220 
58 58 116 116 116 203 214 
87 87 87 193 193 237 237 
5 5 78 78 78 
15 100 194 249 249 249 249 
