nodes: 256 edges: 510
76 157 226 236 236 236 
4 21 21 71 90 105 153 153 232 
45 

1 14 18 138 190 190 190 208 208 
7 42 50 56 68 81 81 81 94 98 102 103 108 133 142 143 159 216 227 227 235 235 238 238 
212 
5 41 86 97 97 97 124 203 203 203 218 
71 81 215 228 228 228 247 
29 29 182 
14 32 32 139 139 152 152 226 226 226 226 
33 44 110 

37 150 
4 10 16 18 18 51 146 146 152 163 199 208 
26 255 
14 47 47 78 78 89 93 93 93 95 
79 127 127 
4 14 14 60 152 170 186 186 192 206 206 206 

161 166 
1 1 45 45 114 114 114 140 153 179 179 179 228 
245 245 
192 
137 137 137 
81 148 
15 33 44 44 67 72 82 98 98 108 122 122 196 213 237 237 237 244 
94 153 
95 165 165 
9 9 
172 172 175 182 
152 157 157 
10 10 153 153 153 
11 26 37 44 73 73 134 150 150 219 222 222 222 
80 80 
53 53 204 

13 33 169 
42 117 133 
134 
203 
7 74 74 199 
5 38 73 73 73 74 81 243 243 
195 195 
11 26 26 33 59 62 62 132 132 188 
2 21 21 63 153 153 153 
234 234 
16 16 104 104 
58 81 
84 
5 
14 

35 35 
127 189 
81 
5 181 
111 111 111 111 154 
48 104 104 129 129 152 152 203 203 203 220 220 251 251 251 
44 213 
18 152 
250 250 250 
44 44 70 
45 90 90 186 202 208 
222 222 
68 81 
84 
26 
5 65 102 210 
146 146 
62 122 122 
1 8 120 120 120 131 228 228 228 247 
26 141 
33 33 42 42 42 113 113 125 177 
41 41 42 78 78 199 
147 147 171 171 171 203 
0 158 
132 185 185 
16 16 74 74 89 93 241 241 254 
17 
34 34 
5 5 5 8 25 42 48 55 65 93 93 153 153 154 154 154 160 162 162 162 173 174 174 174 174 174 176 176 176 179 203 203 228 228 228 238 251 251 
26 
204 
49 66 100 100 183 189 

7 203 225 225 
253 
143 165 165 203 203 
16 78 
1 63 63 120 
121 238 238 
203 
16 16 16 78 81 81 111 111 154 154 176 176 201 201 
5 27 103 103 112 243 
16 28 
144 
7 7 7 226 226 
5 26 26 154 154 166 166 209 209 209 213 
251 251 
84 84 194 194 198 198 198 249 249 255 
145 145 
5 68 178 203 203 210 234 234 
5 94 94 
47 47 58 58 129 137 137 152 152 152 180 180 
1 158 
145 204 
152 
5 26 234 
127 
11 
57 57 57 57 93 93 142 218 218 
94 
73 73 177 177 204 204 
21 21 21 126 141 

203 
38 248 

152 152 
71 71 71 90 146 170 170 206 
91 238 238 
26 26 70 70 210 
161 196 
7 237 
73 171 
114 145 203 
17 17 54 109 187 189 194 

58 58 104 

71 228 228 
44 44 77 
5 38 176 227 
33 39 185 185 


24 24 24 104 104 180 
4 190 
10 10 176 208 
21 
72 114 
5 111 159 
5 88 149 
96 240 240 
101 101 106 126 204 
14 14 69 69 120 152 
75 75 
25 
143 203 218 
13 33 33 
228 
10 10 14 18 31 58 58 60 104 104 104 107 119 119 146 157 
1 1 21 27 32 32 32 45 45 45 81 81 228 228 228 
57 81 81 81 93 93 98 98 166 176 213 241 
206 
203 
0 31 31 152 
76 105 
5 142 
81 162 228 228 228 251 251 251 
20 123 
81 81 81 160 238 250 250 
14 180 180 225 225 
232 
28 28 88 88 
20 98 98 154 


37 196 
18 120 120 174 206 206 
75 75 75 125 191 191 
30 30 
81 
81 81 81 81 81 170 206 206 206 224 
30 
81 81 81 93 93 133 139 154 224 224 
73 113 113 204 204 
102 
21 21 21 81 
104 104 137 163 163 
56 
9 30 
84 

77 77 134 134 
18 18 63 
127 
44 
54 84 127 
4 4 4 138 236 236 
171 171 205 
18 23 
253 
100 100 127 198 198 255 
43 43 204 
26 123 169 

100 100 100 194 194 
14 41 74 
229 
93 93 
63 
7 7 7 40 58 58 58 75 81 81 86 88 88 92 102 102 116 126 149 156 251 251 
35 83 106 113 113 145 177 177 195 245 
191 
18 18 18 120 155 170 170 174 174 174 250 250 

4 4 14 63 139 
98 98 98 
68 102 122 

6 222 222 
26 59 98 154 

8 
5 
233 233 
7 111 111 149 
33 
58 58 251 251 
238 
33 33 33 64 64 212 212 

174 176 176 
86 86 163 163 
0 10 10 10 10 97 97 
5 5 133 
8 8 8 21 71 71 71 81 81 81 131 131 151 153 153 153 160 160 160 
200 


1 164 
217 217 
46 46 102 102 108 
5 5 
0 0 0 190 190 
26 26 26 124 
5 5 81 91 91 121 121 162 221 

144 144 
78 78 154 

42 42 94 
26 
22 22 204 251 

8 71 
117 
100 100 
61 61 61 162 162 206 206 
58 58 58 81 81 99 99 160 160 160 203 203 220 220 245 

87 193 
78 
15 100 194 
