nodes: 256 edges: 802
76 76 76 76 157 157 157 190 236 236 236 236 236 
4 4 4 4 21 21 71 71 71 90 105 153 153 
45 45 45 
81 
1 1 1 1 14 14 14 18 18 32 32 105 105 105 105 138 190 208 208 
26 26 42 42 50 50 81 81 94 98 98 98 102 103 108 108 108 123 123 141 143 143 159 159 178 216 227 227 234 234 238 244 248 248 254 254 
212 212 222 222 222 
41 86 97 99 120 124 124 124 130 203 203 203 218 
10 81 81 168 168 228 228 
29 29 29 29 
8 14 14 32 32 48 48 48 139 139 139 139 139 152 152 152 
33 44 
227 227 
37 150 
4 4 4 10 10 16 18 18 18 47 47 51 51 51 146 146 146 152 152 163 208 223 
26 26 255 
14 47 47 47 47 78 78 78 89 89 93 93 95 95 95 
79 79 79 127 127 127 
4 4 14 14 14 60 61 63 63 63 80 137 137 152 152 152 186 206 206 206 
62 
98 98 98 166 
1 1 45 45 114 114 114 114 140 140 153 153 179 179 179 179 228 228 
66 195 195 195 195 195 245 
192 
137 137 137 137 137 152 152 
81 148 148 148 148 
5 5 15 15 33 44 44 67 67 72 82 82 87 87 98 98 98 108 117 122 141 196 196 213 213 213 222 222 222 222 231 231 237 237 237 
28 94 94 94 94 153 
27 165 
9 9 9 9 205 205 205 
172 172 172 172 175 175 175 196 

4 4 10 10 52 53 153 153 153 153 153 
11 26 37 37 44 44 44 73 134 150 150 169 169 211 211 219 222 222 
80 80 80 
53 
203 
13 33 33 122 122 169 169 169 169 169 
68 117 117 133 
134 

7 74 74 74 78 78 199 
5 5 81 81 103 125 125 243 
195 245 245 
11 26 26 33 33 33 62 62 62 62 132 132 132 150 150 188 253 
2 2 2 21 21 146 153 
234 234 
14 14 16 16 16 16 104 104 104 152 
10 10 10 58 58 
84 84 
5 5 123 
14 14 14 
32 
32 35 81 81 


181 227 
111 154 
48 48 104 104 129 129 129 152 152 152 203 203 214 214 220 220 220 220 251 251 251 252 252 

18 90 90 90 90 152 157 
18 206 250 250 250 
19 44 44 44 44 70 70 204 
18 18 18 90 90 90 137 139 208 208 208 242 
222 
68 68 81 81 93 93 
22 
26 26 87 87 87 87 
38 65 65 
146 146 146 154 
62 62 122 122 122 122 249 249 
1 1 1 120 120 120 120 131 131 228 228 228 
26 141 141 141 141 
33 113 113 125 
41 41 41 78 78 78 78 156 156 156 
147 147 147 171 205 217 217 233 233 
0 0 0 0 158 
185 185 
16 16 16 41 41 74 74 74 74 89 89 241 241 241 254 254 254 254 
17 17 17 111 
18 34 34 34 137 
3 5 5 8 8 25 42 42 53 53 65 65 93 93 153 153 153 154 154 154 154 160 162 162 162 173 174 174 174 174 174 176 176 179 179 179 203 203 228 228 238 238 238 251 251 251 
26 26 
177 204 245 245 246 
49 49 100 109 109 183 183 183 

7 203 225 225 225 225 225 
26 26 67 67 67 67 115 115 115 237 237 253 253 
143 143 165 165 165 165 
16 16 78 78 
1 60 60 60 60 63 63 63 206 206 206 206 242 242 
121 121 121 
203 
16 16 65 65 81 81 111 154 173 173 173 176 176 201 210 
5 27 27 27 27 103 103 112 159 159 159 243 
16 16 16 
144 189 189 200 229 229 229 
7 130 226 226 226 
5 5 5 20 20 20 26 26 26 154 154 166 166 193 209 209 209 237 237 
7 251 251 
84 109 194 198 198 198 198 249 249 249 249 255 

5 178 178 178 178 203 203 203 210 210 210 234 234 
5 42 94 94 
47 47 47 58 58 129 137 137 137 137 137 152 152 180 180 
1 4 4 4 4 
145 145 204 245 
119 119 119 
5 5 5 26 166 234 
84 84 100 198 198 
153 247 247 
57 79 93 218 218 218 
94 
73 73 145 177 204 204 204 246 246 
21 21 21 21 126 141 
87 87 87 
203 203 252 252 
26 38 38 216 216 231 248 248 
188 
107 107 107 
7 71 71 71 71 146 170 170 206 206 
91 91 91 238 238 
26 37 37 70 70 70 70 210 210 219 
5 5 50 161 196 196 196 
7 7 7 237 237 237 238 238 238 238 
42 42 73 
114 203 
17 17 17 187 187 189 189 

58 58 58 104 223 
7 97 
71 71 228 228 
44 44 44 
38 176 227 227 
33 39 185 


18 18 24 24 24 24 24 63 80 104 104 104 104 104 202 
4 190 
10 10 10 10 10 63 176 208 
21 21 
5 26 72 72 72 72 114 
159 
5 5 88 88 149 149 165 203 
96 240 240 
106 106 113 204 228 
14 14 14 45 69 69 69 120 223 223 223 
75 75 75 
25 25 25 25 
143 143 218 
13 33 33 44 44 
228 228 228 228 228 
10 10 10 14 14 18 18 18 24 24 47 58 58 58 60 104 104 157 163 223 225 
1 1 21 21 27 32 32 32 32 32 45 81 81 81 110 228 228 228 
57 69 81 81 81 81 93 98 98 176 213 241 
168 168 174 174 174 174 
74 74 74 
0 0 0 60 152 
76 164 
5 5 94 94 94 142 
81 162 228 228 228 228 251 
123 
81 81 81 160 238 238 238 238 250 250 250 
14 152 180 180 225 225 225 
158 232 
28 88 88 88 88 143 203 
20 98 98 108 

8 8 155 155 
33 33 37 37 37 37 37 
120 120 174 174 174 206 206 
75 191 191 191 
30 30 30 30 
81 93 93 93 
81 81 81 81 81 155 155 155 155 170 170 170 206 224 224 224 224 
30 30 30 
81 81 93 93 133 139 154 224 224 
83 113 204 204 204 
5 102 102 102 102 
21 21 21 21 81 81 81 
104 104 163 163 
56 

84 84 84 
228 
77 77 134 
18 
127 127 
44 118 
96 96 127 127 
0 4 138 236 236 236 
171 171 171 205 
23 
98 253 
100 198 198 198 
22 22 22 22 22 43 204 204 245 
26 26 30 123 123 123 239 

100 100 100 100 109 109 194 194 194 
41 
96 229 240 
93 
137 
7 7 7 36 58 58 81 81 86 92 102 102 102 116 116 126 143 165 220 251 251 252 252 
62 83 106 113 113 113 145 177 177 177 195 195 
29 29 29 75 191 217 
18 18 18 61 90 90 90 90 120 120 170 170 174 250 250 
237 
4 4 14 63 63 63 139 223 
98 98 98 
93 102 102 102 122 122 
33 33 
6 6 222 222 
26 26 26 154 
58 58 252 

5 117 117 
75 75 205 
7 111 111 111 149 
33 122 
58 58 58 58 203 251 
237 237 237 238 238 
6 6 6 26 26 26 26 33 33 64 212 212 
14 129 146 146 146 152 208 
174 174 174 174 176 176 
86 86 86 86 86 152 163 163 163 
97 97 97 
5 5 12 12 56 133 133 
8 8 21 21 71 71 71 81 81 131 131 145 151 151 151 151 151 153 153 153 160 160 160 160 184 
96 96 96 200 
239 
26 26 117 
164 
75 75 
5 5 46 46 102 102 108 

0 0 0 0 0 190 190 190 
26 26 26 87 87 98 98 124 124 124 207 221 221 221 253 253 
5 81 81 81 121 121 124 124 124 124 162 162 162 162 221 221 
196 230 
144 144 200 
78 78 78 154 
63 90 90 
42 94 
5 
22 43 43 83 83 106 195 
83 113 113 
110 110 
5 5 117 117 
70 70 100 100 100 100 255 255 
61 61 61 162 162 162 206 206 
58 58 58 81 81 81 99 99 160 203 203 220 
58 58 116 116 203 203 214 
44 87 87 193 237 237 
5 5 78 78 78 78 
15 100 249 249 
