nodes: 256 edges: 798
76 76 76 76 190 190 236 236 236 236 
4 4 4 4 21 21 71 71 153 232 
45 45 45 45 
81 238 
1 1 1 1 14 14 14 18 18 32 32 105 105 105 138 190 190 190 
7 26 42 42 42 46 46 56 68 81 81 94 94 94 98 98 102 102 108 123 142 142 143 178 234 235 235 235 238 238 238 243 243 244 248 248 254 
212 212 222 
5 86 86 97 97 99 124 124 203 218 218 
10 71 71 168 168 215 247 247 247 
29 29 29 182 182 
8 14 32 32 32 48 48 48 139 139 139 152 152 
44 
227 
37 37 150 211 
4 4 4 10 16 18 18 47 47 51 51 51 146 163 163 208 223 223 223 
26 
14 47 78 78 78 89 89 89 93 93 95 
79 79 79 127 127 127 127 127 
4 4 14 14 60 60 61 63 63 137 137 152 152 152 
62 62 62 237 
98 166 166 
1 1 45 45 114 114 114 153 153 179 179 179 228 
66 66 66 66 195 195 195 195 195 245 245 245 
192 192 
137 137 137 
81 81 148 148 148 148 
5 15 33 33 33 44 44 67 67 70 72 87 87 122 122 122 141 213 213 222 222 231 231 239 
94 94 94 94 94 153 153 153 
95 95 95 
9 9 9 125 
172 172 172 172 182 196 239 
157 157 157 
4 4 10 10 10 53 153 153 153 153 
26 26 26 37 44 44 44 134 134 150 150 211 219 219 219 222 222 
80 80 
53 53 81 
92 203 203 
13 13 33 122 169 169 169 
42 68 117 244 
134 
135 203 
74 74 74 78 78 78 78 199 218 
5 5 5 38 73 73 81 81 243 
195 195 195 245 245 245 
11 26 26 33 33 33 59 59 62 62 132 132 150 150 188 188 188 
2 2 2 2 21 21 63 148 148 153 
5 5 234 234 234 234 
14 14 16 104 104 104 104 
10 10 10 58 58 
84 84 84 
123 123 123 
14 14 14 

32 35 35 81 81 
127 127 127 189 

5 181 181 227 227 
111 154 
48 48 104 104 104 129 129 152 152 203 214 214 220 220 220 251 252 
44 44 70 
18 18 90 90 152 
18 250 250 250 250 
19 19 19 44 44 70 70 70 70 
18 18 45 137 202 202 202 208 242 
222 222 222 
68 81 93 
22 22 22 22 
26 26 87 87 87 
5 38 65 
146 146 154 
26 59 62 62 62 62 122 122 122 122 249 
1 1 8 8 120 120 131 131 131 228 228 247 247 
26 141 141 
42 42 125 125 
41 41 41 78 78 
147 147 171 171 171 205 205 217 233 
0 0 0 0 
122 132 185 
16 16 16 41 41 41 41 74 74 89 89 93 93 241 241 241 241 241 254 254 254 254 
17 17 17 111 
34 34 137 
3 5 5 25 25 35 42 42 53 53 65 93 102 153 153 153 154 160 160 162 162 173 174 174 174 174 174 176 176 179 179 179 203 203 238 238 238 251 251 251 

177 204 204 204 245 245 
49 49 49 100 100 109 109 127 127 183 183 
228 228 
7 7 203 203 203 218 225 225 
26 26 67 67 67 115 237 237 
143 143 165 165 165 165 165 203 203 
16 16 16 78 78 
60 60 120 242 242 
121 121 121 238 
36 203 
16 16 65 78 78 81 111 154 173 173 173 173 176 201 201 201 210 
5 5 5 27 27 27 27 27 103 103 103 103 112 159 159 
16 28 28 28 
144 189 189 200 229 229 
7 7 130 130 226 226 226 
5 5 20 154 154 154 166 166 193 209 209 209 209 237 
7 251 251 251 
84 84 109 109 194 194 198 198 198 198 

5 5 81 178 178 178 203 203 203 210 234 234 
94 94 94 94 
47 47 47 47 58 58 58 129 137 137 137 152 180 180 180 
4 4 4 
145 204 204 245 
119 119 152 152 
5 166 234 234 234 234 234 
84 84 100 100 198 198 
153 247 247 247 247 
57 79 93 142 218 218 218 
94 
145 145 177 177 246 246 
21 21 21 227 
87 
203 203 252 252 252 
38 216 216 216 216 216 248 248 248 248 
188 188 
107 107 152 152 
71 71 90 146 
91 91 91 238 238 238 
26 26 26 37 70 70 70 70 77 210 
5 50 50 50 161 161 161 196 196 
7 7 237 237 238 238 238 
29 73 73 
203 203 
17 17 17 17 17 54 54 54 84 84 187 187 189 
228 
58 58 104 223 
97 97 
71 71 71 228 228 
44 44 77 
176 227 227 
33 33 39 185 185 185 
40 175 175 175 
195 
18 18 24 24 24 63 80 104 104 104 180 
4 190 190 
10 10 10 176 208 

26 72 72 
5 5 111 
5 88 88 149 149 165 203 203 
96 240 240 240 240 
106 113 113 204 204 204 
14 69 69 120 152 152 223 223 
75 75 
25 25 25 25 45 45 
143 143 203 
13 33 33 44 44 
228 
10 10 18 18 18 58 58 60 104 107 107 119 119 146 146 157 157 163 163 163 223 223 225 225 
1 21 21 27 27 27 32 32 32 32 45 81 81 81 110 228 228 228 
57 69 81 93 98 98 98 166 213 241 241 
168 168 168 174 206 
203 203 
31 31 31 152 152 
164 164 
94 94 
81 81 162 228 228 228 251 
123 123 123 
81 81 160 238 238 250 250 250 250 
14 14 152 152 152 180 180 225 225 225 225 
158 158 232 232 232 
88 88 88 88 88 143 203 
20 20 98 98 108 154 

8 8 155 155 155 
37 37 37 
174 
75 75 75 191 191 191 191 
30 30 30 30 
81 93 93 93 93 
81 81 81 81 81 155 170 224 
135 135 135 196 
81 81 93 133 139 224 224 
83 113 113 204 204 
5 102 102 102 
21 21 21 81 81 81 
104 104 104 137 163 163 
56 56 
9 9 30 196 196 196 
84 84 
228 228 
77 134 134 134 

127 127 
44 44 44 118 118 
54 96 96 127 
0 0 4 4 4 138 138 236 236 
171 171 171 171 205 205 
23 23 
98 253 253 
100 100 198 198 198 198 
22 22 22 22 22 43 43 43 136 204 204 245 
30 123 123 175 182 182 182 

100 100 100 100 109 109 194 194 194 194 
41 
96 229 229 229 240 
93 93 93 
63 63 63 
7 36 36 40 58 81 81 86 86 86 88 88 92 102 102 102 116 116 126 126 143 143 149 156 156 165 220 220 220 251 251 251 252 252 
83 83 83 106 106 145 145 145 177 177 195 195 245 245 
75 75 191 191 217 
155 250 250 
237 
14 63 139 223 
98 98 98 98 
93 102 122 
13 33 
6 6 222 
26 26 154 
58 58 252 252 252 
8 
117 117 117 117 117 
75 205 233 233 
7 7 41 86 111 111 111 
33 33 33 
58 58 58 203 203 203 251 251 
237 237 
6 26 26 33 33 64 64 64 212 
14 14 14 129 146 146 152 152 208 
174 176 176 
86 86 152 152 163 163 163 163 
97 97 97 
12 56 56 114 133 133 
21 71 71 85 85 128 131 131 151 153 153 153 160 160 160 184 184 
96 96 200 200 200 

26 26 
1 164 164 164 
75 217 217 
5 46 46 46 46 102 102 108 108 108 108 108 
5 5 5 
0 0 0 0 190 190 
19 87 87 98 124 124 207 221 221 253 253 
3 5 5 5 81 81 81 91 121 121 121 124 124 124 162 162 
26 30 
144 144 144 144 200 
78 78 78 78 78 154 154 
63 90 90 
5 5 42 
5 38 
22 22 22 43 43 43 83 83 106 195 204 204 
113 113 
8 8 8 71 71 110 110 110 110 
5 5 117 117 117 117 
70 255 255 
61 61 61 61 162 162 162 162 206 206 
58 81 81 81 99 99 99 160 203 203 203 220 220 
58 116 116 116 203 203 214 214 214 
193 193 237 237 
5 78 78 78 78 
249 249 
