nodes: 256 edges: 480
76 76 190 190 236 
71 105 158 164 232 232 232 
45 45 45 
81 238 238 
14 32 105 138 190 
7 26 26 42 42 42 56 68 68 81 81 81 94 98 102 108 108 133 141 142 143 159 159 159 227 227 227 238 238 243 254 254 
212 
5 86 97 97 124 124 130 130 203 203 203 
81 168 168 228 
29 182 
32 139 139 152 
33 44 
109 
37 
4 18 18 208 223 
255 
93 95 95 95 
127 177 
14 14 63 63 137 170 186 

166 
140 153 179 179 228 
66 66 195 195 195 245 

137 152 152 
81 148 148 
5 5 33 33 44 67 67 70 70 82 82 87 98 117 141 213 213 222 231 231 237 237 239 
94 153 
95 95 
9 205 205 
64 64 172 172 175 175 196 196 239 
152 
4 10 52 
11 26 26 37 37 37 44 134 134 169 169 211 222 222 222 
80 
53 81 204 229 
203 203 
13 33 33 33 169 169 169 172 
68 117 117 

203 
74 78 
5 5 5 73 73 73 73 81 81 103 125 125 243 
195 245 
11 26 33 62 62 132 
2 2 2 148 
234 



123 

32 
35 
127 189 

5 181 227 
111 
203 214 220 251 252 252 

90 90 90 157 
206 206 250 250 
44 44 70 70 
18 18 90 137 137 208 208 242 
30 30 222 222 
68 68 81 93 
22 22 84 
26 26 87 87 87 
5 5 38 65 65 210 
146 
26 26 62 62 122 122 249 
1 120 120 247 
141 
42 42 42 42 113 
41 78 78 156 
147 171 171 171 203 203 217 233 
0 0 158 
185 185 
41 74 74 241 241 254 254 
111 111 
34 
3 5 5 5 8 25 35 42 42 65 93 93 153 153 153 154 154 160 160 162 173 173 174 176 176 203 203 203 228 228 251 251 
26 26 
204 204 245 
66 100 100 109 127 183 183 

7 225 
26 67 67 67 115 
143 143 143 165 165 165 203 

60 60 60 63 
121 121 238 238 
203 
16 65 81 81 154 154 167 173 173 176 201 201 210 
5 27 103 159 159 159 
16 16 16 28 28 
144 144 189 229 
7 7 130 130 130 
5 26 154 166 166 193 209 209 237 
251 251 251 
84 84 189 194 194 198 249 249 249 
144 250 
5 178 178 203 203 210 
42 94 
137 137 137 152 152 180 180 180 
1 4 

119 119 152 152 
5 5 166 
12 84 198 198 
153 247 
57 79 79 218 

73 145 204 246 246 
126 141 227 
87 

26 38 38 
188 
107 107 152 
71 71 146 146 170 170 206 
91 91 
70 70 210 
50 161 196 
7 7 237 237 
42 42 171 
114 145 203 
17 54 84 187 
228 

7 7 97 97 97 
228 
44 147 
5 227 227 
33 33 185 185 
175 175 

18 24 63 63 104 104 104 202 202 
4 163 
10 10 208 
21 
5 26 72 114 
5 159 
5 88 88 88 149 165 203 
96 96 101 
113 126 204 
69 120 120 
75 132 
25 25 45 
143 218 

228 228 
10 24 24 31 104 104 107 107 119 157 157 163 163 223 
21 27 81 81 81 110 228 228 228 
81 81 93 93 98 166 213 213 213 
168 174 174 
74 
60 152 152 
1 76 164 164 
5 5 5 94 94 94 142 
81 81 228 251 
123 
81 238 
138 152 152 225 225 
1 158 158 232 232 232 
88 88 88 143 203 203 203 
20 98 98 108 154 
93 
8 8 155 
33 33 37 37 37 196 
18 120 120 206 
75 75 75 125 191 191 191 
30 30 37 
81 81 93 93 
81 155 155 206 224 
30 30 135 135 196 
81 81 93 
17 204 
102 102 
21 21 
104 104 104 
56 
9 
84 84 
228 228 
77 77 134 134 
18 
127 
118 
54 96 100 
0 0 4 236 
171 171 171 205 

98 253 253 
100 100 198 
22 22 22 43 204 204 
30 30 123 169 175 

100 109 109 194 

240 
93 93 
137 137 
7 7 7 36 36 40 58 75 75 81 81 81 88 92 102 102 126 143 165 165 165 251 251 252 
35 83 83 113 145 177 195 195 
29 29 191 
61 61 120 170 174 

14 63 63 139 223 
98 98 
68 93 102 122 
33 
6 222 
26 26 154 154 154 
58 252 


75 233 233 233 
111 149 

58 251 
238 
26 33 33 33 64 64 212 
14 152 208 
174 
86 163 163 

5 5 5 56 114 133 133 
8 21 81 81 128 131 151 151 153 153 153 160 184 184 
35 96 

26 26 
1 1 1 164 164 164 
75 217 217 217 
46 

0 190 
26 26 98 124 124 253 
3 3 5 5 91 91 162 221 
26 30 
200 
78 78 
63 
5 42 

22 43 83 251 251 
113 113 
71 110 

70 100 100 100 255 255 
61 61 101 
58 81 81 99 99 99 160 203 203 220 245 245 
58 58 203 214 
193 193 237 
5 5 78 78 
15 249 249 
