nodes: 256 edges: 467
157 157 157 157 190 236 
4 4 21 105 153 
45 
81 
1 1 105 
7 26 26 26 42 42 56 81 81 81 98 98 98 102 108 108 141 142 159 227 227 227 238 238 243 243 254 
212 212 222 222 
5 41 86 86 86 97 97 97 124 124 130 130 130 203 203 203 218 
81 215 215 228 228 228 
29 29 182 
139 139 152 152 226 
33 


18 18 51 146 152 208 
26 
78 78 89 93 93 95 95 
79 79 79 127 127 177 
14 14 80 152 152 186 206 206 
62 62 
98 161 
1 45 114 114 140 140 
66 195 245 
192 192 
137 152 
81 
5 5 5 15 44 67 70 72 72 87 98 108 117 141 196 222 231 237 

95 95 165 
9 9 
64 175 182 196 196 239 
152 
153 153 
11 37 37 37 44 44 73 73 150 169 169 211 219 219 219 222 222 
80 80 80 137 

92 203 
33 33 33 122 
42 42 117 133 

135 
7 
5 5 38 38 73 73 73 81 103 125 243 243 
195 245 245 
26 33 33 59 59 62 62 132 132 132 132 
2 21 148 148 153 153 

104 104 152 

84 

14 


127 127 189 

5 181 227 227 
111 154 
203 214 220 251 251 
44 44 213 
90 152 157 
206 206 
19 19 44 44 70 70 70 
137 139 208 
30 222 222 
68 68 81 81 93 93 
22 
26 87 87 
65 65 210 
146 
26 62 62 62 122 122 249 
120 247 
26 26 141 141 141 
33 33 42 42 42 177 
78 
171 203 203 203 205 205 217 233 


16 16 74 89 93 241 241 241 254 254 254 
17 17 17 111 
18 34 34 34 137 
3 5 5 5 8 25 42 65 65 93 93 93 102 153 153 153 154 154 154 160 162 173 174 174 174 174 203 203 203 228 228 228 238 251 251 251 

177 204 204 245 245 245 
49 100 100 127 189 
228 
7 7 7 
26 67 67 237 237 237 253 253 
143 143 165 203 
16 78 
60 242 242 
121 
36 203 
16 16 65 65 78 81 81 81 173 173 176 176 
103 112 159 159 243 
16 16 28 28 
144 145 189 189 200 200 
7 7 7 130 
5 5 5 20 26 154 154 166 193 209 209 213 213 237 237 
251 
84 84 109 249 249 249 249 249 255 
144 145 
5 81 108 203 203 234 234 
42 94 
47 47 129 137 137 152 
1 4 

119 119 
5 5 26 102 234 
100 198 
247 247 
57 79 218 218 218 218 
94 
246 
21 21 

252 
26 38 216 216 
185 188 
107 107 
71 146 146 146 206 
91 
37 70 70 
196 
7 7 237 238 238 238 238 
42 
145 203 
17 17 54 54 84 189 

104 223 
7 7 7 97 
228 
44 44 44 44 
38 176 
185 185 185 
40 175 175 
195 
24 34 63 80 104 104 
190 
10 10 63 208 
21 21 
5 26 72 72 72 
5 
88 88 149 165 165 203 203 
96 101 240 240 240 
96 101 126 204 228 
14 69 120 120 120 152 

45 45 
143 
33 

10 10 14 18 18 24 31 47 60 104 146 157 
1 32 32 45 45 81 81 81 
57 81 81 81 98 98 176 213 213 213 213 
168 168 

0 0 0 0 60 152 

5 94 94 
81 228 228 228 228 
20 
81 
225 
232 232 
28 88 143 143 203 203 
98 

155 155 
33 33 196 
206 206 
75 191 

81 93 93 
81 81 81 81 
30 135 135 
93 93 133 154 224 224 
17 73 83 



56 
9 30 196 196 

228 
118 134 134 134 
18 
216 
118 
54 84 96 96 127 
0 138 236 
171 
23 23 
98 
198 198 
22 43 136 204 245 245 
26 30 30 123 169 182 182 234 

109 194 194 

96 96 229 


7 7 7 36 58 75 75 75 81 81 81 88 92 102 102 126 143 143 165 165 251 251 252 252 
83 83 145 195 245 245 
75 75 
18 18 61 61 120 170 170 250 

14 63 139 
98 98 
68 
33 
6 6 222 222 
59 98 98 154 154 154 154 
58 
8 8 
117 117 187 
75 233 233 
7 111 111 111 111 
33 33 33 
58 251 
237 237 238 
6 6 26 33 33 64 64 212 212 
129 
176 176 
163 
10 
5 5 5 56 56 
8 8 8 81 81 81 85 131 145 160 160 160 160 184 
200 

26 
164 164 
75 217 217 
102 102 108 196 

0 190 
26 87 87 87 98 98 124 221 221 
5 5 81 124 124 124 124 221 
30 
144 144 144 
78 78 78 
90 90 
5 5 42 42 94 

22 43 43 83 83 83 195 195 204 204 251 251 251 
113 
71 110 110 

70 100 100 100 100 100 255 255 
206 
58 58 81 81 81 99 203 203 220 245 245 245 
116 203 203 
87 87 
5 78 78 78 
100 249 249 
