nodes: 256 edges: 783
76 76 76 76 157 157 157 236 236 236 
4 4 4 21 21 71 71 71 71 105 105 153 158 158 164 232 
45 45 45 45 
238 
1 1 1 14 14 18 18 32 32 32 105 105 138 190 190 208 
7 26 26 42 42 46 50 50 50 56 56 56 68 81 81 81 98 102 103 108 108 123 133 141 141 142 142 143 159 178 227 227 234 235 235 235 238 238 243 243 243 254 254 254 
212 212 222 222 222 
5 41 41 41 86 97 120 124 124 124 130 203 218 
10 71 71 71 81 168 168 168 215 228 228 228 247 
29 29 29 29 182 
8 14 14 32 32 32 32 48 48 48 139 139 139 152 152 152 152 226 
33 33 44 
109 227 
37 37 
4 4 10 10 16 18 47 47 51 51 146 152 152 163 163 208 
26 117 
14 47 47 78 78 78 89 89 89 93 95 
79 
4 4 14 60 60 61 61 137 137 152 152 170 186 192 206 206 206 
62 62 62 237 
98 98 
1 1 45 45 114 114 153 153 179 179 179 179 228 
66 66 66 195 
192 192 
137 137 137 137 152 152 
148 148 153 
5 5 15 33 33 44 44 67 67 67 70 70 70 72 72 82 82 87 87 98 108 108 117 122 122 141 141 196 196 213 213 213 222 222 231 237 239 244 
94 94 94 153 
95 95 165 
9 9 9 9 205 
172 172 182 196 
152 
4 4 4 10 10 10 10 153 153 153 153 153 
11 11 26 26 37 37 44 44 134 150 150 169 211 222 222 222 
80 80 80 80 
53 53 229 
92 
13 13 33 33 122 122 169 169 169 169 172 
42 68 117 133 

135 203 
7 7 7 74 74 74 74 78 78 78 199 
5 5 38 73 81 81 125 243 
195 195 195 245 245 
11 26 26 33 33 62 62 62 62 132 132 132 132 150 188 188 
2 2 2 2 21 21 63 153 153 
5 234 234 
14 14 16 16 104 104 
10 10 10 58 58 58 81 
84 84 
5 5 5 123 
14 14 

35 35 


5 5 5 134 181 
111 154 
48 48 48 104 129 152 152 152 203 203 203 220 220 251 251 251 252 
70 133 
18 18 90 90 90 90 90 152 152 152 
18 18 206 250 250 250 250 
19 19 19 44 44 44 44 70 204 
45 90 90 137 137 186 202 208 208 208 208 242 
222 222 222 222 
68 68 81 93 93 93 
22 22 22 84 84 84 
26 26 26 87 87 87 
5 38 65 65 

26 26 26 59 62 249 
1 1 1 1 8 8 8 120 120 120 120 131 131 131 228 228 228 
26 26 141 141 141 141 141 
42 125 125 
41 41 41 41 78 78 78 
147 205 205 217 233 233 
0 0 0 0 
122 122 
16 16 16 41 41 41 74 74 74 89 89 89 93 93 93 241 241 241 241 254 254 254 254 
17 111 
34 34 34 34 
5 5 5 8 42 42 48 65 93 153 153 153 154 154 154 154 160 162 173 173 174 174 174 174 176 176 179 179 179 203 203 228 228 238 251 251 251 
26 26 
204 204 245 
49 49 66 66 66 100 100 109 183 183 

7 203 225 225 225 225 
26 26 67 67 67 115 115 115 237 237 253 
143 165 165 165 203 
16 16 16 78 78 78 
60 60 60 60 60 63 63 120 206 206 206 242 
121 238 
36 203 
16 65 65 65 78 78 78 81 111 111 154 154 173 173 176 176 201 210 
27 27 27 103 103 103 159 159 243 243 
16 28 28 
144 189 189 200 200 229 229 229 
7 130 130 130 226 226 
5 20 20 26 154 154 154 166 166 193 209 209 213 213 237 237 
251 251 251 
84 84 109 109 189 194 194 198 249 249 
145 
5 178 178 178 178 203 203 203 210 210 234 
5 94 94 94 
47 47 58 129 137 137 137 137 152 152 152 180 180 
1 1 4 4 
145 145 204 245 
119 119 152 152 
5 5 26 26 166 234 234 234 234 
12 84 100 100 198 198 
153 247 247 
57 79 93 93 142 218 218 

145 145 145 177 177 177 204 204 246 246 
21 21 126 141 
87 87 87 
252 252 252 252 
15 26 38 216 216 216 216 248 
188 
107 107 152 
7 71 71 71 71 90 146 146 146 170 170 206 206 
91 238 238 
26 26 37 37 77 77 210 210 
5 50 196 196 196 
7 7 7 237 237 237 237 238 238 238 238 
42 73 73 171 
114 203 203 
187 187 189 189 
228 
58 104 
7 97 97 97 
71 71 71 228 228 
44 44 44 44 
5 38 59 227 227 
33 56 185 
40 175 

18 18 24 24 24 24 63 63 104 104 104 104 180 
4 190 
10 10 10 176 208 208 208 

5 5 26 26 72 72 72 72 72 114 
5 5 111 
5 88 165 203 
96 240 240 
101 106 106 113 113 113 204 204 
14 120 120 120 152 152 223 223 
75 
25 25 
203 
33 33 44 
228 228 
10 10 10 10 14 14 18 18 24 24 31 58 58 58 60 60 60 104 104 104 107 107 119 146 146 157 157 163 225 225 
1 21 21 25 27 32 32 32 32 32 45 45 81 81 81 110 228 228 228 
57 81 81 81 81 93 93 98 98 98 166 176 176 213 213 213 213 241 
174 174 174 174 
203 
0 0 0 152 152 
1 1 
5 94 94 
81 162 228 228 251 251 

81 160 238 238 238 250 250 250 250 250 
14 14 152 180 180 225 225 225 225 
1 232 232 
28 88 88 88 143 
98 98 108 154 

8 8 8 
33 37 37 37 37 
18 120 120 174 174 
125 191 191 191 191 
30 30 37 
81 81 93 93 
81 81 81 81 155 155 155 155 170 170 206 206 224 224 224 
135 
81 81 93 93 139 154 154 224 224 
113 113 113 204 204 
5 102 102 102 102 
21 21 21 21 81 81 81 
104 104 137 163 163 
56 
9 30 196 196 
84 84 

134 
18 63 
127 127 
44 44 118 
96 96 100 127 127 
4 4 138 
171 171 171 171 205 205 
18 23 23 
98 
100 100 198 
22 43 43 43 204 245 245 
26 26 30 123 123 123 182 182 234 239 

100 109 109 194 
41 
96 96 229 229 
93 
63 
7 40 58 58 58 81 81 86 88 92 102 102 102 126 126 143 149 156 220 251 251 
62 83 83 106 113 113 145 145 177 177 195 245 245 
29 75 75 191 191 
18 18 18 61 90 90 90 120 120 174 174 250 250 

4 14 63 63 63 63 139 139 139 223 
98 98 
93 102 102 122 122 
33 
6 6 222 222 
26 26 26 98 98 154 154 154 154 

8 
117 117 117 117 
75 233 233 233 
7 111 111 

58 58 203 251 251 
237 237 237 238 238 238 
6 6 6 26 26 33 33 33 64 64 64 64 212 212 
146 146 208 
174 174 174 176 176 
86 86 86 86 152 152 163 163 163 163 
10 97 97 
5 5 12 133 133 
8 8 8 21 71 71 71 81 81 128 131 131 151 151 153 153 153 160 160 
35 96 96 96 200 200 
239 
26 
1 164 164 
75 75 217 217 217 
5 46 46 102 108 108 108 108 196 
5 5 5 
0 0 0 
19 26 87 87 98 98 124 124 124 124 221 221 221 253 253 253 
3 5 5 81 91 121 121 124 124 124 124 162 162 162 221 221 221 
26 196 230 
144 144 
78 78 78 78 154 
63 90 
5 5 5 42 94 94 
26 
43 43 83 106 195 195 204 204 
113 113 
8 110 110 
117 
70 100 100 255 255 
61 61 61 61 162 162 162 162 162 206 206 
58 58 58 81 81 81 99 99 99 160 160 203 203 220 220 
58 116 116 116 116 
87 237 237 237 
5 5 5 78 78 78 78 
249 249 
