nodes: 256 edges: 469
76 157 236 
4 4 21 21 71 71 105 153 153 158 164 232 
45 
238 238 
1 1 14 32 32 105 190 
26 42 42 46 56 68 81 81 81 98 102 102 103 141 142 159 159 227 235 238 248 
212 222 
86 86 97 97 120 124 124 203 203 203 
10 71 81 81 215 228 228 228 247 
29 29 
8 14 32 48 139 152 152 152 226 
110 


4 10 16 18 47 146 152 152 163 163 199 208 

14 47 78 93 93 93 
79 79 79 127 
14 60 61 63 137 152 170 186 192 192 
62 

1 1 114 114 140 153 153 153 179 228 228 228 
66 195 245 

137 152 
81 148 153 
5 44 72 82 87 98 108 122 122 213 222 
94 
95 
9 9 125 
64 64 172 172 196 
152 157 
4 4 10 153 153 
37 150 211 222 
80 137 
53 53 

33 122 169 
42 


74 78 78 218 
5 5 38 73 73 81 81 103 243 
195 195 245 
26 59 62 62 132 132 188 253 
2 148 148 153 153 
5 234 234 
14 16 104 104 
10 58 58 81 




35 35 
127 

5 227 227 
111 111 154 
48 48 104 129 152 152 203 203 214 214 220 251 251 252 
44 133 
18 90 152 
18 250 250 
19 44 44 70 204 
18 90 202 202 
30 30 222 222 222 
68 68 68 81 81 93 
22 
87 
5 65 65 65 
146 154 
62 122 
1 1 8 120 120 131 228 228 247 
26 141 141 
42 42 125 177 
41 78 
147 171 203 205 217 217 233 
0 158 
122 122 
16 41 41 74 93 241 241 241 241 254 254 
17 17 17 
34 137 
5 5 5 8 8 25 42 42 48 65 65 93 93 102 153 153 153 154 154 154 162 173 173 174 174 174 174 174 176 176 179 179 203 203 203 228 228 228 238 251 251 251 
26 
245 
109 127 183 183 189 189 
228 228 
7 7 203 203 203 225 225 225 
26 67 237 253 
143 143 165 165 165 

60 63 120 206 206 
121 121 238 238 

16 16 16 65 78 81 81 111 154 154 173 173 173 176 176 201 
27 103 159 243 243 
28 
189 189 189 
7 7 226 226 
5 26 154 154 154 154 166 166 209 209 213 
251 
109 198 198 249 249 

5 5 81 178 203 203 203 210 210 210 234 
5 42 94 
47 47 58 137 152 
1 4 158 

119 152 152 
26 234 
84 100 
11 153 247 
57 57 93 218 

145 177 204 204 
21 21 227 

203 
216 216 248 
185 
107 152 
7 71 71 90 146 146 146 170 170 
91 91 
26 26 37 70 77 77 210 
196 196 196 
7 7 237 238 238 
29 73 

17 54 84 194 
228 228 
58 

71 
44 44 
59 227 
185 
175 
195 
18 24 34 80 104 180 202 
163 190 190 
10 208 208 
21 
5 72 72 
5 
88 88 149 203 203 

113 204 
14 69 120 120 120 152 152 152 
75 
25 45 45 
143 203 203 
33 
228 228 
10 10 10 14 14 18 24 31 58 58 60 104 107 107 119 146 146 146 163 223 225 
1 1 21 21 21 25 32 32 45 45 81 81 81 110 228 228 
57 69 81 81 81 93 93 98 98 98 98 176 213 213 241 241 
168 206 
203 
0 31 
1 76 105 164 
5 5 94 
228 228 251 251 

81 238 238 250 250 250 250 
14 14 138 152 180 180 180 225 
1 158 
88 88 88 203 203 
98 98 

155 
37 197 
18 120 120 174 
75 191 191 
30 30 
81 81 93 93 93 
81 81 81 81 81 170 206 206 206 224 
135 
81 81 93 93 154 224 
73 113 
102 
21 81 81 
137 163 163 163 

196 
84 84 

118 134 
18 

44 
84 84 96 96 96 
4 138 138 
171 171 
18 18 

127 198 
22 43 43 136 245 
30 123 123 123 182 239 
169 
100 100 194 
14 
240 
93 
63 63 137 
7 7 7 58 58 75 81 81 81 86 86 86 102 102 102 116 143 143 149 149 156 165 165 251 251 252 252 
62 113 113 145 245 
75 
90 90 155 174 174 174 

14 139 139 
98 98 
102 102 102 122 
33 
6 
26 98 154 154 
58 58 
8 
117 117 
75 75 233 
41 111 

58 
237 238 238 
6 26 33 64 64 64 
152 
174 176 
86 86 86 152 163 
10 97 97 
5 56 56 114 133 
8 8 8 21 21 21 71 71 81 81 81 85 85 128 128 151 151 153 153 160 160 



1 
75 217 
46 46 102 108 
5 
0 
87 124 221 
3 3 5 81 91 91 124 124 162 162 221 221 
196 
200 
78 78 78 78 154 154 

42 94 94 

22 43 83 195 204 

8 71 110 
5 117 
100 100 
61 61 162 162 162 162 
58 58 81 81 81 99 160 160 203 203 
58 203 203 
44 87 
78 78 

