nodes: 256 edges: 474
157 157 157 190 190 236 
71 90 153 153 158 164 164 232 
45 45 
238 
14 18 32 105 105 105 138 190 190 208 
50 68 68 94 94 102 102 108 133 142 227 234 248 
212 212 212 
41 86 86 97 97 203 
10 247 
29 29 
8 14 14 32 32 48 48 139 226 226 226 226 
44 
227 
37 150 211 
4 10 10 18 18 18 47 47 51 152 223 
26 26 
47 89 93 93 95 95 
79 127 127 177 
4 14 14 14 60 60 61 61 80 137 152 152 186 192 192 
62 62 62 
98 98 166 
45 45 114 114 140 140 140 153 179 
66 195 245 245 
192 
137 137 137 137 
148 153 
15 15 33 33 44 70 82 82 98 117 122 122 141 141 141 196 196 222 222 222 231 237 
94 
95 95 165 
9 9 125 205 
64 172 182 182 196 196 196 239 
152 152 
4 10 10 153 153 
26 26 37 37 37 44 134 150 211 211 219 222 
80 80 80 137 
81 
203 
13 33 33 33 169 169 
42 117 
134 
203 
7 74 74 78 78 
38 73 81 81 81 
195 245 
11 26 33 62 132 132 150 
2 2 21 21 148 153 
234 234 
14 14 16 104 104 
10 10 58 58 81 
84 
5 123 123 
14 

81 
127 127 127 
81 
181 181 227 227 
111 
48 48 104 129 152 203 214 214 251 251 252 

18 18 90 152 157 
18 18 250 250 
19 19 19 44 70 
186 202 208 208 242 
30 
68 
22 
87 87 87 
5 5 65 
146 
26 62 122 122 249 
1 120 131 131 228 
141 
42 113 
41 41 78 78 156 156 
147 147 203 205 205 217 233 
158 
122 132 185 
41 41 74 74 89 93 93 241 241 254 
17 111 111 
18 34 34 34 137 
35 42 42 42 48 53 55 93 93 153 153 153 162 173 174 176 176 179 179 203 203 203 228 228 228 251 
26 26 
177 204 245 245 246 
49 100 100 183 183 183 
228 228 228 
7 7 203 225 225 
67 67 67 115 115 237 
143 143 165 
16 78 
1 60 120 206 242 
121 121 238 
203 203 
16 16 78 78 81 81 111 154 154 173 173 176 
5 5 27 103 159 243 
16 16 28 28 
144 145 189 200 229 
7 7 130 226 226 
20 20 26 166 166 209 
251 
84 84 109 194 198 198 249 255 
145 
5 5 108 210 234 
94 
47 47 58 137 152 180 
4 4 4 
145 245 
119 152 
5 102 234 234 
100 198 
247 247 
57 79 79 93 218 218 218 

73 204 204 246 
21 21 
87 87 
252 
26 38 216 248 
185 188 
107 
71 90 146 146 170 170 206 
91 91 238 238 
26 26 70 70 77 
50 50 161 
238 238 
29 171 

17 17 54 54 54 187 187 194 
228 
58 223 
97 
71 71 228 
44 44 77 
5 227 227 
33 39 185 185 
175 
195 
18 24 24 24 24 34 80 104 
4 163 190 190 190 190 
10 208 208 
21 21 21 
26 26 26 72 
5 
88 88 149 149 165 
96 240 
96 101 106 204 204 
69 120 120 
75 75 
25 45 
143 143 
13 33 44 
228 228 
14 18 18 31 31 58 60 104 107 157 157 163 225 225 
1 1 21 25 32 32 45 81 81 81 228 
93 93 241 
168 168 168 174 174 174 
74 74 203 
0 0 0 60 152 152 
1 76 164 
94 
228 251 
123 
81 250 
138 152 225 225 225 
1 1 158 232 
28 88 143 203 
20 98 98 

155 155 155 
37 37 
120 120 174 
125 191 
30 
81 93 93 
81 155 155 155 170 224 224 
135 196 196 196 
81 81 93 224 
17 83 

21 81 81 
104 
56 56 
30 30 196 196 
84 84 84 

77 118 134 134 
18 63 
127 127 216 
118 
96 
0 0 4 4 138 138 138 138 236 236 
171 205 
18 18 23 

100 127 198 255 
22 43 136 
26 26 30 30 30 175 175 175 182 182 239 

100 100 109 194 

96 229 229 240 

63 
7 36 40 58 75 81 81 81 86 92 92 156 165 252 
83 113 113 145 145 
29 75 75 191 
90 120 250 

4 63 63 139 139 
98 
102 
13 33 33 
6 6 6 222 222 222 

58 58 

117 187 
75 233 
111 111 111 
33 
251 
237 238 
26 26 26 33 212 212 212 
14 129 
174 174 176 
86 86 152 152 163 163 163 
10 10 10 10 97 97 
5 12 56 56 133 133 
71 81 81 81 85 85 85 128 131 151 151 153 160 
96 200 200 

26 
1 164 
75 217 
5 46 46 102 108 108 

0 190 190 
26 87 221 253 
3 91 121 121 124 124 221 
30 196 
144 200 
78 78 154 
63 90 
94 

22 22 43 83 83 106 
83 113 
8 110 110 
5 117 
70 100 
61 61 162 206 
58 58 81 99 160 220 
58 116 203 
237 
78 
100 194 
