nodes: 256 edges: 504
157 226 
4 4 21 71 71 105 153 153 232 232 232 

81 238 
1 1 18 18 32 32 190 208 
7 26 42 42 50 68 81 94 94 98 98 98 108 123 133 142 142 159 159 178 216 227 235 243 243 248 254 
212 222 
5 86 86 97 120 124 199 203 203 218 
10 71 71 81 81 215 228 228 
29 
8 14 14 32 48 139 139 152 152 152 226 226 
33 
227 227 
211 
10 10 18 18 18 18 47 51 152 163 199 223 
26 117 255 
47 47 47 78 89 93 93 93 95 95 
79 79 79 127 127 
4 4 14 14 14 14 60 61 63 80 137 152 170 186 192 192 206 
62 
98 
1 45 45 114 114 140 153 153 179 179 
66 245 
192 
152 152 
81 81 153 
5 15 33 33 33 67 82 87 98 98 122 196 222 222 222 231 237 239 
28 153 
27 95 95 165 
9 125 
172 172 172 175 182 196 239 
152 157 157 157 
4 4 10 53 153 153 
11 26 26 26 44 219 222 222 
80 80 
81 

169 172 
244 
134 
203 
74 74 78 78 218 
5 5 81 103 125 
195 245 245 
33 62 62 132 150 188 
21 21 146 148 
234 
14 16 16 16 104 
10 58 58 81 

5 
14 

32 81 81 
127 

181 227 227 227 
111 111 154 
48 48 104 104 152 152 203 203 214 220 220 220 251 251 251 

18 90 90 152 
18 250 250 
19 44 44 70 70 
18 90 186 208 208 208 242 
222 
68 93 
22 
26 87 87 
5 65 
154 
62 62 122 249 249 249 
1 1 8 8 120 120 120 131 131 228 247 247 

125 
41 41 78 78 
147 147 171 233 233 

122 185 185 185 
16 41 41 74 74 89 93 241 254 254 254 254 
17 17 17 
18 34 34 137 
3 5 8 8 25 25 35 42 48 53 53 93 93 153 153 154 154 154 162 162 174 174 174 176 176 179 203 203 228 228 238 251 251 251 
26 
204 246 
109 127 189 
228 
7 7 203 225 225 225 
26 67 67 253 253 
143 143 165 165 203 203 
16 78 
60 60 63 120 206 206 242 

203 
16 16 16 65 78 81 81 111 111 154 173 173 173 176 201 210 
5 5 103 
16 16 28 28 
144 229 229 
7 130 226 
5 5 5 20 26 26 154 154 193 209 209 237 237 
251 251 251 
109 189 194 198 249 249 255 

203 203 210 210 210 234 
42 94 
47 58 58 137 152 180 180 
1 
145 204 
119 
5 
84 100 127 
153 153 247 247 
57 57 93 93 142 218 218 

145 177 204 
21 21 141 227 

252 252 
15 216 231 248 

107 152 152 
7 71 71 71 90 146 146 146 170 206 206 
238 
26 70 77 210 210 
5 
7 237 237 238 238 238 
29 42 73 
203 
17 17 54 84 109 187 
228 
223 
97 
71 71 228 
44 
5 227 227 
39 185 185 
175 

18 80 104 202 
190 190 190 
10 10 176 
21 
114 
5 5 111 
88 88 165 
96 240 
106 113 
45 120 120 120 152 152 223 223 
75 75 
45 
203 218 
44 
228 228 228 
10 10 10 14 18 24 24 31 58 58 60 104 119 119 146 146 157 157 225 
1 1 21 21 25 27 32 32 81 81 110 110 228 228 228 
57 69 81 81 81 93 98 98 176 176 213 213 
168 168 174 
203 
0 31 31 31 152 152 
164 
5 5 
228 228 

81 81 238 238 238 250 250 250 250 
14 180 180 225 225 225 
158 232 
28 88 88 143 203 203 203 


155 155 
37 196 
18 120 174 174 206 
75 191 
30 30 30 37 
93 93 93 
81 81 81 155 170 170 206 206 224 224 
30 135 
81 81 93 139 154 154 224 224 
113 
5 
21 21 81 
104 104 163 163 
56 
30 

228 
77 77 77 134 134 
18 63 
127 
44 
84 100 
4 138 138 138 236 236 
171 
18 18 23 
98 253 253 
100 
43 204 
26 30 169 234 239 

100 
7 14 

93 
137 
7 7 40 58 58 81 81 86 88 88 92 102 102 126 149 156 165 165 165 220 251 252 
83 106 113 195 245 

18 90 90 120 120 170 174 174 250 250 

4 63 63 63 
98 98 
93 102 102 102 122 122 
13 
6 222 
154 154 
58 252 252 
8 
5 117 
233 
7 41 111 111 149 
33 
58 58 58 203 251 
238 238 238 
6 26 26 26 33 33 64 212 
14 129 146 146 
174 174 176 176 
86 86 86 152 163 163 163 
0 10 10 97 
5 12 12 56 56 56 114 133 133 
8 8 71 81 81 85 128 131 151 151 151 153 153 153 160 160 184 
96 96 

26 117 
1 1 1 164 
75 75 217 
46 102 196 
5 
190 190 
26 98 98 124 124 253 
3 81 121 124 124 124 162 162 162 221 221 221 
26 30 196 
144 
78 
63 90 
5 5 
38 
22 43 43 204 
83 
71 71 110 110 
5 117 
70 70 70 100 100 
61 61 162 162 162 162 206 206 
58 58 58 81 81 81 99 99 99 203 220 
116 116 203 214 214 
87 87 193 193 237 
5 78 78 78 78 
15 100 
