nodes: 256 edges: 466
76 76 76 157 157 157 190 190 190 226 236 236 236 
153 164 232 
45 45 
81 
14 105 208 208 
7 26 42 42 42 50 81 81 81 94 94 98 98 108 123 123 133 141 141 227 234 238 238 243 243 248 248 254 
212 212 
5 41 41 86 99 124 130 203 203 218 
81 81 215 228 228 
29 29 182 182 
14 14 48 139 152 226 226 226 226 
110 
227 227 

4 10 10 208 
26 
78 78 89 93 
79 127 127 
60 61 137 137 152 186 186 192 206 206 
62 62 62 
161 166 
114 114 140 140 153 179 179 179 
66 66 195 195 195 245 
192 
137 137 
148 148 
5 15 33 44 72 82 82 87 141 196 213 213 222 222 244 
94 153 
165 
9 9 125 205 205 
64 172 172 172 175 182 182 182 196 196 239 
152 157 
153 
26 37 44 134 134 211 211 211 219 222 
80 
81 
203 
33 169 169 169 172 
42 133 
134 
203 
7 7 78 
5 5 5 38 73 81 81 81 125 125 136 243 
195 195 
26 33 59 62 62 132 132 132 188 188 
2 2 148 153 
234 
104 104 152 
10 
84 
5 123 123 123 



127 

134 181 
111 111 111 154 
203 203 214 214 220 220 252 252 252 
44 70 
18 90 152 
18 206 206 250 
19 19 19 44 44 70 70 70 204 
137 137 137 202 208 208 208 242 242 
30 222 222 222 
68 68 81 81 
22 22 
87 
65 65 
154 
59 62 62 62 122 122 249 
131 131 247 
26 141 141 141 
42 177 
156 199 
147 147 171 203 205 217 233 233 
0 0 0 
122 185 185 
16 16 41 241 
17 111 111 111 
34 137 
3 5 5 5 8 8 35 42 42 42 65 65 93 93 93 153 153 153 154 154 154 154 162 173 176 176 179 179 203 203 203 228 228 238 251 251 251 
26 26 
177 204 245 245 245 
49 100 100 183 189 
228 
7 203 218 
26 67 
165 165 
16 
60 206 206 206 242 
121 238 238 

16 81 81 81 111 154 173 173 176 201 
5 5 27 103 103 243 243 

145 200 200 229 229 

5 5 154 154 154 193 209 237 
7 251 
84 84 198 198 249 255 255 
144 
178 203 210 210 210 234 
94 94 
47 47 129 129 137 
4 
145 
119 
5 234 
198 
11 153 247 247 
57 57 57 79 79 79 93 

145 145 204 
21 21 141 

252 
216 216 231 248 
188 
107 152 
146 146 206 
91 238 238 
70 70 77 210 
5 5 50 50 50 161 196 
7 237 237 238 238 
29 42 42 
145 203 
17 17 54 187 189 
228 228 
104 104 
7 
71 71 
44 44 44 
5 38 227 
33 33 39 56 185 
175 
42 
18 18 24 24 63 63 63 80 104 
190 
10 
21 21 
5 5 26 72 72 72 114 
159 
149 165 203 203 
101 240 
96 106 113 113 126 204 
120 120 
75 75 
25 25 45 
143 203 203 203 

228 228 
10 18 31 47 60 119 157 163 225 
1 21 27 32 45 81 81 81 110 
57 69 81 81 81 81 93 98 98 98 213 213 241 
174 206 206 
74 
0 0 0 31 152 
164 
142 
162 228 
20 123 
81 160 238 238 
152 180 225 225 225 225 
1 158 232 
28 88 88 143 203 
20 


37 37 37 196 197 

75 191 
30 30 30 37 
81 93 93 
155 
30 135 
81 81 93 224 
73 83 
102 
21 21 21 81 81 
163 
56 
9 9 30 30 30 
84 
228 
77 77 134 
18 18 
127 216 
44 44 118 
84 127 
0 0 0 138 
171 
18 23 
98 253 253 
198 255 
22 22 22 43 43 204 
26 30 30 123 169 234 
169 
100 100 109 194 
74 
96 96 229 
93 
63 
7 7 36 40 58 58 75 81 81 81 86 102 126 143 143 149 149 149 165 220 251 251 251 
62 83 113 145 195 
29 29 75 
18 18 61 61 90 90 90 120 155 155 250 

4 4 14 63 63 63 
98 
102 102 102 122 
33 33 33 
6 6 
26 26 154 154 
58 58 252 
8 
117 117 187 
75 233 233 
7 86 
33 
58 58 203 
237 237 237 238 238 
26 26 33 64 64 64 

176 
152 163 163 163 163 
0 10 10 10 10 
5 12 12 133 
8 8 81 81 85 128 128 151 151 160 184 
96 96 200 
239 
117 
1 164 
75 75 217 217 
5 46 102 108 196 

0 0 0 
98 124 124 221 221 221 
5 5 81 91 91 121 121 124 124 162 162 221 221 
30 230 
144 
78 154 
63 63 90 
5 5 42 94 94 
26 
22 83 83 83 

71 110 110 
5 5 117 
70 100 255 255 255 
61 206 
81 81 81 99 203 203 203 
58 58 58 116 214 
193 193 
5 
100 100 194 249 249 249 
