nodes: 256 edges: 483
76 190 236 236 
4 4 21 90 153 158 164 
45 
81 
1 1 14 32 32 105 105 105 105 138 208 
7 42 46 50 50 94 102 142 142 159 235 244 
212 212 222 222 222 
5 41 86 86 97 99 130 203 218 218 218 
71 71 81 247 
29 29 
14 48 48 139 139 226 226 226 226 
33 
227 

4 10 18 47 51 163 208 
26 26 
47 78 78 89 89 93 93 93 95 
79 127 
14 60 137 152 152 152 186 206 206 206 

166 166 
1 114 114 140 153 153 179 179 
195 195 245 
192 
137 137 152 
81 81 148 148 153 153 153 
15 15 33 33 82 87 98 108 122 141 196 196 213 222 222 231 237 237 
94 94 94 153 
95 165 165 
9 9 125 
172 175 182 182 182 196 239 
152 152 157 
4 4 153 153 
11 26 26 37 37 134 150 150 211 211 219 219 222 
80 80 137 
229 

33 33 169 169 169 
42 117 117 
134 134 134 
203 
7 74 74 74 78 78 78 199 
5 38 73 73 74 81 243 243 
195 245 
59 62 62 132 188 188 
2 146 148 
5 234 
14 16 104 152 
10 10 
84 84 
5 5 123 
14 

81 81 
127 

181 
111 111 111 
104 129 152 203 220 220 251 
44 70 
18 152 152 157 
206 250 250 
44 44 70 
137 139 202 208 208 
222 
68 68 81 93 93 
84 84 84 

65 65 
146 
59 62 122 
8 8 120 120 120 131 228 228 
141 
42 42 
41 41 41 42 78 78 78 156 
147 147 171 171 203 
0 
122 185 
16 16 41 41 41 74 74 74 241 254 
17 111 
34 34 
3 8 25 25 42 53 53 65 93 93 102 153 153 153 154 154 160 160 162 174 174 179 179 203 228 251 
26 
204 246 
49 49 66 66 66 100 100 127 127 183 183 

7 7 203 203 203 
26 237 253 
143 165 165 203 203 
16 16 
1 120 206 242 242 
238 
203 203 
16 16 16 65 65 81 81 111 173 173 176 201 
5 27 27 27 103 103 112 112 159 159 159 
16 28 
144 189 229 229 
7 130 226 226 
26 166 166 193 209 209 209 209 213 237 237 237 
7 
84 84 109 194 194 198 198 249 249 249 255 255 
145 
5 81 178 178 203 
94 94 
47 58 129 137 152 152 180 
4 4 4 4 
204 245 
119 152 
26 234 
100 127 
247 
57 57 57 79 93 218 218 
94 94 
145 177 
21 21 227 

203 252 
38 38 216 216 216 248 248 
185 188 
107 152 152 
71 71 71 90 146 146 146 170 
238 238 238 
26 70 77 210 219 
50 
237 237 
29 

17 54 84 84 109 187 189 189 
228 228 
58 104 
7 97 
71 
44 
176 227 227 
33 39 39 39 185 185 
175 

18 24 24 34 63 104 
4 190 
10 10 63 208 208 
21 
26 72 
5 5 
88 149 149 165 203 
96 
101 113 
45 69 120 120 120 152 152 
75 75 
25 25 45 
143 143 203 218 
33 33 
228 228 
18 18 18 24 31 31 47 58 60 60 104 104 107 119 119 146 146 225 
1 21 21 25 25 25 27 32 32 81 81 81 
81 81 176 176 241 241 
168 168 168 168 174 174 
74 203 203 
31 60 
1 164 
5 94 94 94 
81 81 228 228 251 

81 250 250 
14 180 180 225 225 
1 158 232 
28 28 88 88 143 203 
20 20 98 98 

155 155 155 155 
37 37 37 
120 174 206 206 
75 75 191 
30 
93 93 
81 81 155 155 170 224 
30 135 196 
93 133 154 154 224 224 
113 204 
102 102 
21 21 81 81 
104 163 163 
56 
30 30 30 196 196 
84 84 
228 
77 118 134 134 
18 
127 
44 44 118 
96 127 127 
0 138 
171 205 
23 
98 253 
100 100 198 198 255 
22 22 43 204 204 
26 26 30 175 182 182 239 239 

100 100 194 194 
41 
240 
93 
63 
7 40 58 75 81 86 86 86 88 88 92 92 102 116 143 149 156 156 165 220 251 251 252 
83 106 177 195 195 245 245 
191 217 
18 18 18 61 90 170 170 250 
237 
4 14 63 63 139 139 
98 98 98 98 
122 
33 33 
6 6 222 
26 98 
252 

117 117 117 
205 
7 7 7 111 111 149 
33 33 122 
58 58 203 251 251 
238 238 238 
6 6 6 26 26 33 64 212 

174 176 176 
152 163 163 
10 10 10 10 97 97 
12 114 133 133 
71 71 81 128 128 151 151 160 160 184 
35 96 96 
239 
26 
164 

46 108 
5 
0 0 
26 26 87 98 98 98 124 124 207 253 253 
91 121 121 121 221 221 221 
30 196 196 230 
200 
78 154 154 
90 90 
42 42 
5 
22 43 106 204 204 251 251 
83 
8 110 
117 117 
100 100 100 255 
61 61 162 162 206 
58 81 160 203 203 220 220 245 245 
116 203 214 
87 193 237 237 
78 
100 100 194 249 
