nodes: 256 edges: 771
76 76 157 157 157 157 190 226 236 236 
4 4 4 21 71 153 153 164 164 232 232 
45 
81 81 238 238 
1 1 1 14 14 18 18 18 105 105 105 138 138 190 190 190 208 
26 26 42 42 42 56 98 98 102 133 141 142 178 227 234 235 243 248 
212 212 222 222 
41 41 86 86 97 97 99 130 130 203 203 203 218 218 
10 81 168 215 215 228 247 
29 29 182 182 182 
8 14 32 139 139 152 152 152 226 226 
33 
109 
37 211 
4 4 10 18 18 47 47 51 51 146 146 152 152 163 163 223 223 
26 26 255 
47 47 47 78 89 89 93 93 95 95 
79 79 127 127 127 177 
4 4 4 14 14 60 60 60 61 61 80 137 137 152 170 192 192 192 206 
62 62 62 
98 98 98 166 166 
1 45 45 153 153 179 179 179 179 228 228 
66 66 66 195 195 195 245 
192 192 192 
137 137 137 152 152 
81 81 148 148 148 148 153 153 
5 5 15 15 33 33 44 44 44 70 72 82 87 98 108 108 122 122 213 222 222 222 237 237 244 
94 
95 95 95 95 165 
9 9 205 205 
172 172 172 172 172 175 175 182 196 196 
152 157 157 157 
10 52 153 153 153 153 
11 26 26 44 44 44 134 134 150 150 219 222 
80 80 80 80 80 
53 53 53 81 
92 
13 122 169 169 169 169 172 
68 117 117 244 
134 134 
203 203 
7 7 74 74 74 78 78 78 78 199 218 
5 5 5 73 73 125 
195 195 245 245 
26 26 26 33 33 33 59 62 62 132 150 150 150 188 188 188 253 
2 21 21 148 153 153 
234 234 234 234 
14 14 16 16 16 104 104 104 104 152 

84 84 

14 14 
32 
35 35 35 
127 
81 
5 181 181 227 227 
111 154 
104 104 129 129 129 129 129 152 152 203 203 203 214 220 220 220 220 251 251 252 252 
44 
18 18 18 90 90 152 152 
18 18 206 250 250 
19 19 19 44 44 70 70 70 
90 90 137 137 186 202 208 208 242 
222 222 222 222 
68 68 93 93 
22 22 22 
87 87 
38 65 65 
146 
26 62 62 62 122 122 249 249 
1 120 120 120 120 131 228 228 247 
26 141 
42 42 125 125 125 125 
41 41 41 78 78 78 78 78 156 156 156 199 
147 147 171 205 217 217 233 233 
0 0 158 
122 185 185 185 185 
16 41 41 41 41 74 74 74 74 74 93 93 93 241 241 241 254 254 254 
17 17 111 111 111 
18 34 34 34 34 34 137 
3 3 8 25 25 35 55 93 93 153 154 160 162 162 173 173 174 174 174 174 176 179 203 228 251 251 
26 
177 204 204 204 245 245 245 245 245 246 
49 49 100 100 100 109 109 127 127 127 183 183 183 
228 228 
7 7 203 218 225 225 225 225 225 
26 67 67 115 115 237 237 237 253 
143 143 165 165 165 165 
16 16 
60 60 63 63 206 206 242 242 242 
121 121 238 238 
36 
16 16 65 65 78 78 78 81 81 173 173 173 173 201 
27 103 103 103 112 112 159 159 159 243 
16 16 28 28 28 28 
144 144 189 189 189 189 229 229 
7 7 130 130 130 226 226 
5 5 20 20 20 26 154 154 166 166 209 209 213 213 237 237 
7 251 
84 84 84 109 189 194 198 198 249 249 249 255 255 
144 145 
5 178 178 178 178 178 203 210 210 210 234 234 
94 94 94 
47 47 47 47 58 58 137 137 137 137 137 152 180 180 180 
4 4 4 158 
145 204 245 
119 119 119 
26 26 234 234 234 
12 84 84 100 198 198 
153 153 247 247 
57 79 79 79 218 218 
94 94 
145 145 177 177 204 204 204 246 246 
227 227 
87 87 
203 203 252 252 252 252 252 
38 38 216 216 216 216 216 248 248 248 
185 188 188 188 
107 107 107 152 152 
71 71 71 71 146 146 146 170 170 206 206 
91 91 238 
26 26 37 70 70 77 210 219 
161 161 161 196 196 196 
237 237 237 238 238 
42 73 73 73 73 
145 203 
17 17 17 54 84 84 84 187 187 189 189 
228 228 
58 58 58 58 58 
7 7 97 97 97 
71 228 
44 
5 227 227 
33 33 39 39 185 185 185 
175 175 
195 
18 18 24 24 24 63 63 80 104 104 104 104 104 180 
4 4 190 190 190 
10 10 176 208 208 

5 72 
5 159 
88 88 149 165 165 
96 96 101 240 240 240 
101 106 113 113 126 
14 14 69 120 120 120 152 152 152 223 223 223 
75 75 
25 25 25 25 45 
143 203 
33 33 44 44 44 
228 
10 10 10 14 14 18 24 24 31 47 58 58 60 60 104 119 119 146 146 146 163 223 225 
1 1 21 21 25 25 32 32 32 32 45 45 81 110 110 228 
57 81 98 98 176 241 
168 168 174 174 174 
74 74 74 203 203 
0 0 0 0 31 31 31 
76 105 164 
94 94 94 142 
81 162 228 228 228 228 
123 123 123 
81 81 160 250 250 250 250 
14 14 152 180 180 225 225 225 
1 1 158 232 
28 88 88 88 88 143 143 
20 20 98 98 

8 155 155 
37 37 37 37 196 197 
18 120 120 174 174 
75 191 191 191 191 191 
30 30 30 30 30 37 
81 81 93 93 93 93 
81 81 81 81 155 155 155 170 170 206 206 206 224 224 224 
30 30 135 135 196 
81 139 154 224 224 224 224 
17 83 113 113 204 204 204 
5 102 102 102 102 102 
21 21 21 21 81 
104 104 104 137 163 163 
56 56 
9 9 9 30 196 196 196 
84 84 84 
228 228 228 
77 77 77 77 118 134 134 134 
63 
127 127 
44 44 44 118 118 118 
96 96 96 96 100 127 127 
0 4 4 4 138 138 138 
171 171 171 171 171 205 205 
18 18 18 23 23 23 
253 253 
100 198 198 198 198 
22 22 22 43 43 136 204 204 204 245 245 
30 30 123 123 123 169 175 182 182 182 239 239 
169 
100 100 109 109 194 194 194 194 
41 74 
229 229 240 
93 
63 
7 7 7 40 40 58 58 58 81 86 102 116 116 126 149 156 156 220 251 251 251 
83 83 83 106 113 113 113 177 177 177 195 195 195 245 245 
29 29 75 191 191 217 
18 61 90 90 120 120 174 174 174 
237 
4 63 63 139 139 223 
98 98 
102 102 102 122 
13 
6 6 222 
26 98 98 
58 252 252 
8 8 
117 117 117 117 117 
75 75 205 233 
7 7 41 86 111 111 
33 122 
58 58 58 58 203 251 
237 237 237 237 238 238 
6 6 26 26 26 33 64 64 64 64 212 
14 14 146 146 146 152 208 
174 174 174 176 176 176 176 
86 86 86 86 86 152 163 163 163 
0 10 10 97 97 
5 56 56 114 114 133 133 
8 21 21 71 71 81 85 85 128 128 131 151 153 160 160 160 160 184 184 184 
96 96 200 200 


1 1 164 
75 75 217 
5 46 46 46 46 102 102 108 108 108 
5 
0 0 
26 26 87 87 87 98 98 124 124 124 207 221 221 221 221 253 253 
3 3 91 91 121 124 124 221 221 
196 196 
144 144 144 200 
78 78 78 154 
63 90 90 90 
5 94 
26 38 
22 43 43 83 83 83 83 83 106 195 195 204 204 
83 113 113 
8 71 110 110 
5 117 117 117 
70 70 100 100 100 
61 61 162 162 162 162 
58 58 81 81 99 203 203 203 220 
58 58 116 116 116 116 116 214 214 
44 87 193 193 237 237 
78 78 78 
15 100 100 
