nodes: 256 edges: 490
76 76 157 157 190 190 236 
4 21 21 71 71 153 153 164 232 
45 45 45 
81 
1 32 105 138 
50 56 81 94 94 102 102 133 141 159 216 235 244 248 254 
212 
41 86 97 124 203 203 203 
71 81 168 228 228 247 
29 182 
32 32 32 48 48 139 139 226 


37 37 
18 18 18 47 47 152 152 199 223 223 
26 26 
78 89 93 93 95 

14 14 14 60 61 63 137 152 152 192 192 

98 98 
1 1 45 114 114 153 179 179 228 228 
66 195 
192 192 
137 137 152 
148 148 148 148 
15 15 33 44 44 44 70 70 72 98 98 108 108 108 122 141 213 213 222 231 237 
94 153 153 
95 95 95 165 165 
9 205 
64 64 172 172 
157 157 
4 10 10 10 153 153 
26 37 44 44 134 134 150 150 169 219 
80 80 
53 
92 
13 13 33 122 122 169 169 169 
117 117 
134 134 
135 203 
7 74 74 78 
73 73 81 81 125 
245 
26 26 26 33 33 59 62 62 62 62 132 132 132 188 253 
2 2 2 21 63 146 148 153 153 153 
234 
14 14 104 152 
10 10 58 81 

5 


35 81 81 
127 189 

5 181 
111 111 
48 104 104 104 129 129 152 152 203 203 214 220 220 251 251 251 
44 213 
18 90 
18 250 
44 44 44 44 70 70 204 
18 45 90 90 137 139 202 202 208 242 
30 30 222 222 
68 81 93 
22 
87 87 87 87 
65 102 210 
146 146 
26 26 62 62 122 122 122 
1 1 8 120 120 131 228 
26 
42 42 113 
41 41 78 78 78 156 199 
147 147 171 203 217 233 
0 0 
122 
16 41 74 74 74 89 89 89 241 241 254 254 254 
111 111 
34 34 137 
3 5 8 42 42 48 53 53 65 93 93 153 153 153 154 154 154 162 162 173 173 174 174 174 176 179 179 203 203 203 228 228 228 251 251 251 

204 204 245 
100 100 109 127 183 189 

7 203 225 225 
67 67 67 67 253 253 
143 143 165 203 
16 78 78 78 
60 63 63 206 
121 
36 203 
16 16 65 81 81 111 154 154 173 176 201 
5 5 27 103 112 159 159 159 159 
16 28 28 28 
144 189 189 229 229 
7 226 226 
20 20 26 26 154 154 154 193 213 213 237 237 

84 84 109 189 194 198 249 

5 5 68 108 178 203 203 210 210 234 
94 
47 58 58 58 129 137 137 137 180 180 
4 

119 
26 26 26 102 234 
84 100 127 198 
153 247 247 
57 57 79 79 93 142 218 218 
94 
73 145 177 204 246 
21 21 126 141 227 

252 
38 38 216 248 
188 188 
107 152 
71 71 146 146 170 206 
91 238 
26 37 37 70 70 70 77 210 210 
161 161 
7 237 237 
42 
114 203 
54 84 109 
228 228 
58 58 104 

71 
44 44 44 
5 176 227 
33 33 39 39 185 185 185 
40 

18 24 24 63 80 104 104 104 
4 190 190 
10 10 63 176 208 

5 26 114 
111 
88 88 165 
96 
113 
45 69 69 120 120 152 223 
75 75 
25 25 25 25 45 
203 
33 33 
228 228 228 
14 14 18 18 24 47 58 58 119 146 157 163 163 223 225 225 
1 1 21 27 27 32 32 45 45 45 81 81 81 110 228 228 
81 81 81 93 93 98 98 98 176 176 213 213 
174 174 206 
74 203 
0 0 31 31 152 
164 164 
5 94 94 94 94 
228 228 
123 123 
81 81 238 250 250 
152 152 180 225 225 225 
1 158 158 232 
28 28 88 143 203 


8 
33 37 37 37 
120 174 206 
75 191 191 
30 30 
81 81 93 
81 81 81 155 155 170 206 
196 
81 93 133 139 154 154 224 224 
113 204 
102 
21 21 81 81 
104 104 163 
56 
9 196 
84 

134 134 134 


44 118 118 
54 84 96 96 100 
0 0 138 138 236 
171 171 
18 18 23 23 
98 253 
100 198 
22 204 204 
175 182 

100 109 194 
14 74 
229 229 240 
93 
63 63 
7 7 7 40 58 58 75 81 81 81 86 88 92 102 102 126 149 156 165 220 220 220 251 251 251 
62 83 83 113 177 195 195 245 
29 
90 120 155 170 174 

63 139 223 

68 102 102 122 122 

6 222 222 
26 26 59 98 98 154 154 
58 252 

5 117 
75 233 
111 111 
33 
58 58 203 203 203 
237 238 238 238 
26 64 64 212 212 
14 14 146 152 208 
176 176 
86 86 152 152 163 163 163 
10 97 97 
114 133 
8 8 21 21 71 81 81 81 128 128 151 151 151 153 153 160 160 
96 96 200 200 

26 
1 164 
75 217 
46 102 108 
5 
0 190 
26 98 98 124 124 221 
121 162 221 221 221 

200 
78 78 
63 

5 
43 83 204 
113 
8 110 110 
5 117 
100 255 
61 162 162 
58 58 58 81 81 81 203 203 203 
116 214 
44 87 87 193 
5 78 78 78 
249 
