nodes: 256 edges: 781
76 76 76 157 157 157 157 190 226 236 236 236 236 236 
4 4 4 21 21 71 71 71 71 90 153 153 153 158 164 232 232 
45 
81 
1 1 1 14 14 14 18 18 32 32 105 105 138 190 190 208 208 
7 26 26 42 46 56 56 68 81 81 81 98 98 102 108 133 133 141 142 142 143 143 178 227 227 227 235 235 235 238 243 254 254 254 
212 212 
5 86 86 97 97 120 124 124 130 199 203 
10 71 71 81 81 228 228 228 247 
29 29 29 29 
8 14 14 32 32 32 32 48 139 139 152 152 152 226 226 
33 110 
227 227 

4 4 4 10 10 16 18 18 18 47 47 51 146 146 152 152 163 163 163 223 223 223 
26 26 
14 47 47 89 89 89 93 93 93 
79 79 79 127 127 127 127 
4 4 14 14 14 60 60 61 63 63 63 137 152 152 152 170 206 206 
62 62 62 237 
98 98 98 98 166 166 
1 1 45 45 45 114 153 153 179 179 179 228 228 228 
66 66 66 195 245 245 245 
192 192 192 
137 137 137 152 
148 148 148 148 
5 5 15 15 33 33 33 44 44 44 67 67 67 70 70 70 72 82 82 87 98 98 98 108 108 108 117 122 122 122 141 141 141 196 213 213 222 222 222 222 231 231 231 237 237 237 244 
94 94 94 
95 95 95 95 165 165 
9 9 9 9 205 
64 172 172 172 182 196 239 
157 157 
4 4 10 10 10 10 153 153 153 
11 26 26 26 44 44 44 73 73 134 150 150 169 219 222 
80 80 80 80 80 
53 53 81 81 
92 203 
122 169 169 169 
42 42 117 117 117 133 244 
134 134 166 
203 
74 74 74 78 78 199 
5 38 38 73 73 73 73 81 125 243 
195 195 245 
26 26 26 33 33 33 59 59 59 62 62 62 62 132 132 132 132 132 150 150 150 253 
2 21 21 21 153 153 
5 234 234 
14 14 16 16 104 104 152 152 
10 58 81 

123 123 
14 

35 35 81 
127 

5 5 134 181 227 227 
111 111 154 
48 104 129 129 129 129 152 152 152 203 203 203 214 214 220 220 220 251 252 
44 44 44 133 213 
18 18 90 152 152 
18 250 250 
19 19 19 44 44 44 44 70 70 70 70 70 204 
18 18 18 90 137 139 202 202 202 208 208 208 242 
30 
68 68 68 68 81 81 93 93 
22 22 22 84 84 
26 26 26 87 87 87 
5 65 65 65 65 102 
146 
26 26 26 62 62 62 62 62 122 122 122 122 
1 1 1 1 8 8 120 120 120 120 131 131 131 228 247 247 
26 141 
33 33 42 42 42 42 125 125 125 
41 41 41 78 78 156 156 
147 147 147 171 171 205 205 217 217 233 233 
0 0 0 
132 185 185 185 185 
41 41 74 74 89 89 254 254 254 
17 17 17 
34 34 34 34 34 
3 5 5 5 8 8 35 35 42 48 53 65 65 93 93 93 153 153 153 154 154 154 154 154 160 162 162 173 173 176 176 179 179 203 203 228 238 238 251 251 251 
26 26 
204 245 245 245 
66 66 100 127 127 183 183 189 

7 7 203 203 218 225 225 225 225 225 
26 67 67 67 237 237 237 
143 143 143 143 165 165 203 203 
16 16 16 78 78 
1 60 63 206 206 242 
121 121 238 238 
36 203 203 
16 16 16 65 65 81 81 81 154 154 173 173 173 176 176 
27 27 27 103 103 103 103 103 159 159 
28 28 28 28 
144 144 189 200 200 200 229 
7 7 130 130 
5 5 20 20 20 20 26 26 26 154 154 154 166 166 209 209 213 237 

84 109 109 194 194 198 198 198 198 249 255 255 
144 
5 68 178 178 178 203 203 203 210 210 210 234 234 
94 94 94 94 94 
47 47 58 129 137 137 137 152 180 180 
4 4 158 
145 145 245 
119 152 152 152 
5 26 26 26 234 234 234 
100 100 127 127 198 198 
11 153 153 247 247 247 
57 57 218 218 

145 145 145 177 204 246 
21 141 227 

203 252 252 252 252 
26 38 38 38 248 248 248 
188 188 188 
107 152 
7 71 71 71 71 146 146 146 146 170 206 206 
91 91 238 
26 26 26 37 70 70 70 70 219 
50 50 161 
7 7 237 237 237 238 238 238 238 
42 73 73 73 
203 203 
17 17 17 17 54 84 84 109 109 187 187 
228 228 228 
58 58 58 58 104 
7 97 97 
71 71 71 
44 44 44 44 44 77 
5 5 38 59 227 227 227 
33 39 39 56 185 185 
175 175 
195 
18 24 24 24 63 104 104 104 202 
4 190 190 
10 10 63 176 208 208 

5 26 26 26 72 114 
5 5 
5 5 88 88 88 88 149 165 203 203 203 
96 96 101 240 240 240 
106 106 113 113 113 204 204 
14 14 69 120 120 120 120 152 152 
75 75 75 
25 25 25 25 
143 203 
33 33 44 44 44 
228 228 228 
10 10 10 14 14 18 18 18 24 47 47 58 58 58 60 60 104 107 107 107 119 146 146 163 223 223 225 225 
1 1 1 21 21 32 32 32 45 45 81 81 81 110 110 228 228 
57 81 81 81 81 81 93 93 98 98 98 166 176 213 213 
168 168 174 174 174 174 
74 74 
0 0 0 0 31 31 
1 105 164 
94 94 
81 162 228 228 228 228 251 251 
123 
81 81 160 238 238 238 238 250 250 250 250 
14 14 14 152 180 225 225 225 
1 158 232 
28 28 88 88 143 
20 20 39 98 98 154 

155 155 
33 37 37 37 196 
18 120 
75 75 191 191 191 191 
30 30 30 
81 81 93 93 93 
155 155 155 155 206 206 224 224 224 224 
135 135 196 
81 81 93 93 139 154 224 
113 204 204 
5 102 102 102 
21 21 21 81 81 
104 104 163 
56 
30 196 
84 84 

77 77 77 77 134 134 

127 127 216 
118 118 118 
84 96 
0 4 4 138 138 
171 171 171 171 205 205 
23 23 23 
253 253 253 
100 100 198 198 198 198 198 255 
22 43 43 136 204 245 
26 30 169 175 182 239 

100 100 100 100 109 109 194 194 194 194 194 
7 41 
96 96 96 229 240 

63 63 63 137 
7 36 40 58 58 58 81 81 86 86 88 88 92 92 102 102 102 116 126 126 143 143 143 149 220 220 251 251 251 
62 83 113 145 145 177 177 195 
29 75 75 191 191 217 
18 18 90 90 120 120 174 174 250 

4 4 63 63 63 139 139 
98 98 
102 102 102 

6 6 222 
26 26 59 98 154 154 
58 58 252 252 

187 
75 75 205 233 233 
86 111 111 
33 122 
58 58 58 203 203 251 
237 237 237 238 238 238 
26 26 26 26 33 212 
14 14 14 152 152 
174 174 174 174 176 
86 86 86 86 86 152 152 163 163 163 
0 10 10 
5 5 5 12 12 56 56 114 133 133 133 
8 8 8 21 21 21 71 81 128 128 128 151 151 151 153 153 160 160 160 160 
96 200 

26 26 26 
1 1 164 
75 75 217 217 
46 46 102 102 108 108 108 
5 5 5 
0 0 0 0 0 
19 26 26 26 87 87 87 98 124 124 124 221 221 221 
5 81 81 91 91 121 124 124 124 124 162 162 162 162 221 221 221 
30 196 
144 144 144 200 

63 90 
5 42 
26 38 
22 22 22 43 83 83 83 106 195 
113 
8 71 71 110 110 110 
117 117 117 
100 255 255 
61 61 162 162 162 162 206 
58 81 81 81 160 160 203 203 203 220 
58 116 116 116 116 214 214 
44 193 193 193 
5 5 5 78 78 78 
100 100 194 249 249 
