nodes: 256 edges: 797
76 76 76 157 157 190 190 236 236 
4 4 4 21 21 21 71 71 71 153 153 164 164 232 232 

81 238 238 
1 1 1 14 14 18 18 18 32 32 32 105 208 208 
7 26 26 42 56 68 68 81 81 98 102 102 103 108 108 123 133 133 141 141 142 143 143 178 227 227 227 234 235 235 238 238 238 243 243 243 244 248 248 254 254 254 

5 86 86 97 99 120 124 124 124 130 199 203 218 
10 71 71 81 215 215 228 228 228 247 247 247 
29 29 
8 14 14 14 32 32 32 48 48 139 139 139 139 152 152 152 152 226 226 226 
44 

37 37 37 211 
4 4 10 10 10 18 18 18 47 47 51 51 146 146 146 152 163 163 199 208 223 223 223 223 
26 26 26 117 
47 47 47 47 78 78 78 89 89 89 89 93 95 95 
79 79 127 127 127 127 
4 4 4 14 14 14 60 61 63 63 63 137 137 152 152 170 186 192 206 206 206 
62 62 237 
98 161 166 
1 1 1 45 45 114 114 114 114 153 153 179 179 179 228 228 
66 66 66 195 195 195 
192 
137 137 137 152 152 
81 148 153 153 
5 5 15 15 15 33 44 67 70 72 82 82 87 87 98 98 98 108 117 122 122 141 141 196 213 213 213 222 222 222 231 231 237 237 237 244 
94 153 153 153 
95 95 165 165 
9 9 205 205 205 
64 64 64 182 182 239 239 
157 157 157 
4 4 4 10 10 10 52 53 153 153 153 153 
26 37 44 44 44 73 73 134 150 169 211 211 219 219 222 222 222 
80 80 80 80 137 
229 
92 
13 13 13 33 122 122 169 169 
68 
134 
135 203 203 
74 74 74 74 78 78 78 78 78 218 
5 73 73 73 81 81 125 136 243 
195 245 
11 26 33 33 33 59 59 59 62 62 62 62 132 150 150 150 188 253 
21 21 63 146 148 153 153 153 
234 234 
14 14 16 16 16 16 104 104 104 152 
10 10 81 


14 14 
32 
32 81 81 81 
127 189 

5 181 227 
111 111 154 154 154 
104 104 104 129 152 152 152 203 203 203 214 220 220 220 220 251 251 251 
44 44 44 70 
18 90 90 90 152 152 
18 206 206 206 250 250 250 250 
19 19 44 44 44 44 70 70 204 
18 18 18 45 90 90 137 202 202 202 208 208 208 208 242 
30 30 30 
68 68 81 81 93 
22 22 22 
26 87 87 87 87 
5 5 38 65 65 
146 146 154 
26 59 62 62 122 122 122 122 249 249 
1 1 1 8 8 120 120 120 120 131 131 228 228 228 247 247 247 
26 141 141 141 141 141 
33 33 42 42 42 113 113 125 125 177 
41 41 41 41 78 78 156 
147 147 171 205 205 217 233 233 
0 0 0 158 
122 122 122 132 185 
16 16 16 41 41 41 41 41 74 74 93 241 241 254 254 254 
17 17 
34 34 34 34 
3 5 5 8 25 42 42 48 53 53 53 65 65 93 93 102 153 153 153 154 154 154 154 160 162 162 173 173 174 174 174 174 176 176 179 179 203 203 228 238 238 251 251 
26 26 
204 204 204 245 245 245 245 
100 109 127 183 
228 
7 7 203 203 218 225 225 225 225 
26 26 67 67 67 67 237 237 253 253 253 
143 143 143 165 165 203 
16 16 16 16 
60 60 60 63 63 120 206 206 206 206 
121 121 238 238 
36 
16 65 78 81 81 111 154 173 173 176 176 201 
27 103 112 112 159 159 243 243 
16 16 28 28 
144 189 189 189 200 229 
7 130 226 
5 20 26 26 26 154 154 154 154 166 209 209 209 209 209 213 237 237 237 
7 251 251 
84 109 194 198 198 198 198 249 249 255 255 
144 145 
5 5 81 108 178 178 203 203 203 210 234 234 
5 94 
47 47 47 58 58 58 129 137 137 152 152 152 180 180 
4 
145 145 145 204 
119 152 
5 5 26 102 234 234 
84 100 198 198 
247 247 
57 57 93 142 218 218 218 218 
94 94 
73 73 145 145 204 204 
21 21 21 21 227 227 

203 252 252 252 
15 26 216 231 248 248 248 
185 188 188 
107 
7 71 71 71 71 90 146 146 146 146 146 170 170 206 
91 91 238 238 
26 26 37 37 70 70 70 70 77 77 77 210 219 
5 161 161 196 
7 7 7 237 237 237 237 237 238 238 238 
42 73 73 

17 17 17 17 54 84 187 187 
228 
58 104 
7 97 
71 71 228 
44 77 
5 5 227 227 
33 39 185 185 185 
40 175 175 175 
42 
18 18 24 24 24 34 63 104 104 202 202 202 
190 190 190 
10 10 10 10 176 208 208 208 

5 5 26 26 72 72 72 72 72 
5 111 159 
5 5 88 88 88 149 203 203 203 
96 101 240 240 240 
101 106 106 106 113 113 204 204 
14 14 14 45 69 69 120 120 120 120 120 152 152 223 223 
75 75 
25 45 
143 203 203 
33 44 44 44 
228 
10 10 10 10 14 18 18 24 24 47 58 58 58 60 60 104 104 104 107 146 146 163 163 163 223 225 225 
1 1 21 21 25 25 27 27 27 32 32 32 32 45 45 45 81 81 81 228 228 
57 57 57 69 81 81 81 81 93 98 98 98 98 176 176 213 213 213 213 241 241 241 
168 168 174 206 
74 
0 0 31 31 31 
76 
94 94 142 
81 228 251 251 
20 123 123 
81 81 238 238 238 250 250 
14 14 152 152 152 180 225 
1 1 232 
28 28 88 88 
20 98 

155 155 
33 37 37 196 
18 120 120 174 174 206 
75 191 191 191 191 

81 81 93 93 
81 81 81 81 155 170 170 206 224 224 224 
135 135 135 196 196 
81 81 93 93 139 154 154 224 
73 
5 102 102 
21 21 21 81 81 
104 104 163 
56 
30 30 
84 
228 
77 118 134 134 134 
18 
127 127 
44 118 118 
54 96 96 96 
0 0 138 138 138 236 236 
171 171 171 171 205 205 
18 23 
253 
100 198 198 198 255 
22 22 22 43 204 204 245 
26 123 169 175 175 234 239 

100 100 100 100 109 109 194 194 194 
7 14 
96 229 229 
93 
63 63 63 137 137 137 
7 40 40 58 58 58 81 81 86 86 88 102 102 102 116 143 143 143 149 149 220 252 252 
62 83 83 83 106 113 113 145 145 195 195 245 
29 29 29 75 75 191 191 217 
18 18 18 61 61 61 90 90 90 90 120 155 170 174 250 250 
237 
4 4 14 63 63 63 63 139 139 139 
98 98 98 98 98 
102 122 
13 33 33 

26 26 26 98 154 154 154 154 
58 
8 8 
117 
75 205 233 
7 41 86 111 111 111 111 
33 33 122 
58 58 58 58 203 
237 237 237 237 238 238 238 
26 26 26 33 33 33 
14 14 14 14 146 146 152 
174 174 174 176 
86 86 86 86 152 152 163 
10 10 10 97 
5 5 5 56 114 114 133 133 
8 8 8 21 21 71 71 71 81 85 128 131 151 153 153 160 184 
35 96 200 200 

26 26 117 
1 1 164 
75 75 217 
5 46 46 102 102 108 108 196 
5 5 
0 0 190 190 
19 26 26 26 87 87 98 98 98 124 124 124 124 124 207 221 221 221 221 253 253 
3 3 5 5 5 81 81 91 91 121 121 124 124 124 162 162 162 221 221 221 
30 30 196 
144 144 144 
78 78 154 154 154 
63 
5 5 5 42 94 94 
5 26 
43 83 83 83 83 195 204 251 

8 8 8 71 71 71 110 110 
5 5 117 117 117 
70 70 100 100 255 255 
61 61 61 61 162 162 206 206 
58 58 58 81 81 99 99 160 160 245 
116 116 116 203 203 
44 87 87 87 193 237 237 
5 5 5 78 78 78 
100 100 194 249 249 
