nodes: 256 edges: 785
76 76 76 157 157 157 190 226 236 236 236 236 
4 4 4 4 21 21 71 71 71 71 90 105 153 153 153 158 232 
45 45 45 
81 81 81 238 238 
1 1 1 1 14 14 14 18 18 18 32 32 105 105 105 190 190 190 208 
26 26 26 42 42 42 46 50 50 56 68 68 68 81 81 81 94 94 98 98 98 102 108 123 123 141 141 141 142 142 143 159 159 216 227 227 238 238 238 243 243 243 248 248 254 
222 222 222 
41 41 41 86 86 97 120 124 203 203 203 218 218 
10 71 81 81 168 228 228 247 
29 29 29 
8 14 14 32 32 32 48 48 139 139 152 152 226 226 226 
33 44 

37 37 37 150 211 
4 4 4 10 10 16 18 47 47 51 51 146 146 152 163 163 163 199 208 223 223 223 
26 
14 47 47 47 78 78 78 89 93 93 93 
79 79 127 127 
4 4 4 14 60 60 61 61 61 137 137 152 152 170 206 
62 237 
98 98 98 161 166 
1 1 114 114 114 140 153 153 179 179 179 228 228 228 
66 66 66 66 195 195 195 245 245 245 
192 192 192 
137 137 137 
81 81 148 148 148 153 153 
5 5 5 15 33 33 44 67 67 70 70 72 82 82 87 98 98 108 108 117 122 141 196 213 222 222 231 231 237 237 239 244 
94 94 94 94 94 153 
95 95 95 95 165 
9 9 9 205 205 
172 172 182 196 239 
157 157 157 
4 4 10 10 10 153 153 153 153 153 
11 26 26 37 37 37 73 73 134 134 150 169 169 211 219 222 
80 80 80 80 80 137 


13 13 13 33 33 33 122 122 169 169 169 169 
42 42 68 117 117 
134 134 134 
135 203 
7 7 7 74 74 74 78 78 78 78 218 
5 5 5 38 38 73 73 73 81 103 125 243 
195 195 195 245 245 245 
11 26 59 59 62 62 62 132 132 150 188 253 
2 2 2 63 148 148 
5 234 234 234 
14 14 16 16 16 104 104 152 
10 10 58 
84 
5 5 123 
14 14 


127 189 

5 227 227 
111 111 111 111 154 154 
48 104 104 104 129 129 129 129 152 152 152 203 203 220 220 220 251 251 251 252 252 
44 44 213 
18 18 90 152 152 152 157 
18 18 18 206 206 206 250 250 250 250 
19 44 44 44 70 70 
45 90 137 139 202 208 208 208 
222 222 222 
68 81 81 93 93 
22 22 22 22 
26 26 87 87 87 
5 5 5 38 65 
146 146 154 
26 26 62 62 122 122 122 249 249 
1 1 1 1 8 120 120 120 120 120 131 228 228 228 247 
26 141 
33 33 42 42 42 113 125 125 125 125 
41 41 41 78 78 78 156 
147 171 205 205 217 217 217 233 
0 0 0 
132 185 185 185 
16 16 16 41 41 41 41 74 74 74 89 89 93 93 93 241 241 241 241 241 254 254 
17 17 
34 34 34 34 34 
3 3 3 5 5 5 8 8 25 25 42 65 65 93 102 153 153 153 154 154 154 154 160 160 162 162 173 174 174 176 179 179 179 203 203 203 228 228 228 238 238 238 251 251 251 
26 26 
177 245 245 245 245 246 
49 109 127 183 

7 7 203 203 225 225 
26 67 67 67 115 237 253 253 253 
143 165 165 165 203 
16 78 78 
1 60 63 120 206 206 206 242 242 242 
121 121 121 238 

16 16 16 65 65 78 78 78 81 154 154 173 173 173 201 201 
5 5 27 27 27 27 27 103 103 103 112 159 159 159 243 
28 28 28 28 
144 144 189 189 189 200 200 229 
7 130 130 
5 5 5 20 20 20 26 26 154 154 166 193 209 213 
251 
109 109 194 198 198 198 249 249 249 249 
250 
5 81 108 178 178 203 203 210 234 
42 94 94 94 
47 47 58 58 58 129 137 137 137 137 152 152 152 180 180 
1 4 4 4 
145 204 204 
119 152 
5 26 26 102 234 234 
84 100 100 198 
247 247 247 247 
57 57 57 57 218 
94 
73 145 145 204 
21 21 21 126 
87 

26 38 38 216 216 216 248 248 248 248 
188 188 188 
107 
7 71 71 71 71 71 90 146 146 146 170 170 170 206 206 
91 91 91 238 
26 37 37 70 70 70 210 210 219 
5 5 50 196 
7 237 237 237 237 237 238 238 238 
42 73 73 73 73 
114 
17 17 54 84 187 189 

58 58 58 58 104 223 
97 97 
71 228 228 
44 44 77 
176 227 
33 33 39 39 39 185 185 185 
40 175 

18 18 24 24 24 34 63 104 104 104 104 202 
163 190 190 
10 10 63 176 208 208 208 208 
21 
5 5 5 26 72 
5 5 159 
5 88 149 
96 96 240 240 240 
106 113 113 204 
14 14 69 69 120 120 120 152 152 223 
75 
25 25 25 45 45 
143 203 
13 33 44 

10 10 14 18 18 47 58 58 58 60 60 60 104 104 104 107 146 146 157 163 223 223 225 225 
1 1 1 21 21 25 25 27 32 32 32 32 32 81 81 81 228 228 228 
57 57 69 81 81 81 81 93 93 98 98 166 176 213 213 241 241 241 
168 168 168 168 174 174 206 
74 203 203 
0 0 0 31 31 31 60 152 
1 164 164 
5 5 94 94 94 142 
81 81 162 228 228 228 228 251 251 
20 
81 81 160 238 238 238 250 250 250 
14 14 14 138 152 
158 158 232 232 
28 88 88 88 203 
20 98 154 

8 155 155 155 155 
33 33 37 37 37 37 197 
18 120 120 120 174 174 
75 191 191 
30 30 
81 93 93 93 
81 81 155 155 170 170 206 206 206 224 224 224 224 
135 196 196 196 
81 133 139 154 224 224 
83 204 204 204 
102 102 
21 21 21 81 81 81 
104 104 

30 196 196 196 
84 
228 
77 77 77 134 134 134 

127 
44 118 118 118 
54 96 96 96 127 
0 4 4 4 138 138 236 236 
171 171 205 
23 23 23 
98 253 253 
100 198 198 198 198 
22 22 22 43 43 43 245 245 
26 30 123 175 175 175 182 182 182 239 
169 
100 100 100 109 194 194 194 194 
14 
96 96 229 229 240 
93 93 
63 137 
7 7 7 40 58 58 81 81 81 86 86 88 102 102 149 156 156 165 220 220 220 251 251 251 252 252 
106 106 113 145 177 177 177 
29 29 75 75 191 217 
18 61 61 61 90 90 90 120 120 155 174 174 174 250 250 
237 
4 14 63 63 63 139 139 139 139 
98 
102 122 122 
13 33 

26 59 98 154 154 


5 117 117 117 
75 75 75 205 233 233 
7 7 41 111 
33 122 
58 58 58 203 203 203 251 
237 237 
6 6 6 26 26 33 64 64 64 
14 14 14 129 146 152 152 
174 174 174 174 176 176 
86 86 152 152 
0 10 10 10 
5 5 56 56 133 
8 8 21 21 21 71 71 71 81 81 81 131 131 153 153 153 160 160 160 160 184 
96 200 200 
239 
26 26 
1 164 164 
75 217 217 
46 46 46 102 108 108 

0 0 0 0 190 190 
19 26 26 87 124 124 124 124 124 207 221 221 253 253 
3 3 5 5 5 81 81 81 91 121 124 124 124 162 162 162 
26 30 196 230 
144 144 144 200 
78 78 78 78 78 154 154 154 
90 90 90 
5 5 5 42 94 
26 
22 22 22 43 43 43 83 83 83 83 195 195 
83 
8 71 110 110 110 110 
5 5 117 117 117 117 
70 70 100 100 100 100 255 255 
61 61 61 61 101 162 162 162 206 206 
58 58 58 81 81 81 99 160 160 203 203 203 220 
58 58 203 203 
44 87 87 87 193 193 237 237 
5 78 78 
249 249 
