nodes: 256 edges: 489
76 76 157 190 190 190 
4 105 153 164 232 232 
45 
81 
1 14 18 18 138 190 190 190 208 
42 42 50 50 56 81 94 94 102 108 108 108 123 133 142 159 178 216 227 238 243 243 248 254 
212 212 222 
86 97 97 130 203 218 
71 71 168 215 228 247 
29 182 
14 32 32 32 48 139 139 152 226 226 226 
44 
109 
37 211 
4 10 18 18 51 51 146 152 208 223 223 
255 
89 89 89 93 95 
127 177 
4 4 14 14 61 80 137 152 206 

98 166 
45 114 140 153 179 179 179 228 
245 
192 
137 152 
81 148 153 153 
33 44 44 70 108 141 196 222 222 231 231 237 237 239 244 
94 94 94 
95 95 165 
9 205 
172 239 239 
157 157 
10 10 10 52 153 
26 73 134 134 211 219 219 222 
80 80 137 
204 229 
92 
13 122 169 
42 117 244 
134 166 
203 203 
74 74 78 199 
5 5 38 81 81 125 
195 245 
11 26 26 59 62 62 62 62 132 150 
2 21 153 
234 234 
104 104 104 152 152 
10 58 81 
84 84 
5 5 
14 14 
32 
81 81 
127 
81 
5 181 181 227 
111 111 111 
48 104 104 129 152 152 203 220 220 
44 70 
90 90 
18 206 250 250 
44 44 44 44 70 70 204 
90 90 202 208 242 242 
222 
81 93 
84 
87 87 

146 
26 59 62 62 122 122 122 249 
8 8 120 131 131 
141 
33 113 
41 41 78 78 78 
171 203 205 205 217 233 233 
0 0 158 
122 122 122 132 185 185 
41 74 74 74 89 93 241 254 
111 
18 34 34 
3 5 25 42 42 48 53 53 55 65 93 153 154 154 162 179 203 203 228 238 238 238 251 

204 245 
49 49 66 109 109 127 127 183 

7 203 218 225 
67 67 115 237 237 253 
143 143 143 165 203 203 
16 16 16 78 
60 60 63 63 206 206 
121 121 
36 
16 65 78 81 111 173 173 176 201 201 
5 5 27 27 27 112 112 159 159 159 243 243 
16 28 28 
144 145 189 189 200 200 
7 7 130 226 226 
20 193 209 237 
251 251 
109 109 189 194 198 249 255 
250 
5 178 210 

47 47 47 58 58 129 137 137 152 180 180 
1 
145 204 204 245 
119 152 
5 5 5 26 234 234 
12 84 84 100 100 127 127 198 198 
153 247 247 
57 57 57 79 93 218 
94 94 
73 145 145 177 246 246 
21 126 
87 
203 252 252 252 252 
38 216 216 248 
188 188 
107 152 152 152 
71 146 170 170 
91 91 238 238 238 238 
37 70 70 70 77 77 77 
5 161 161 

42 171 
114 203 203 
17 54 84 84 109 109 187 189 194 
228 
58 104 
7 97 
71 71 228 228 
44 77 
5 
33 33 39 185 185 
175 

18 24 34 104 104 
4 190 190 
10 10 208 
21 
26 72 
5 159 
88 88 88 149 165 203 203 203 
96 240 
96 106 113 113 204 
14 69 120 152 152 

25 
143 203 218 
44 
228 228 
10 14 18 24 47 47 58 58 104 107 119 119 119 146 146 157 163 163 223 
1 21 25 25 32 45 81 110 228 228 
81 81 176 213 

203 
0 31 31 152 
76 164 
5 94 94 94 142 
228 228 228 251 251 
123 123 
81 250 
152 152 180 180 225 225 
1 158 
28 88 143 203 
20 39 

8 
37 
120 120 174 
75 125 191 191 191 
30 
93 93 
170 224 
135 196 196 
93 154 224 224 224 
17 113 204 204 
5 102 
21 21 21 81 
104 104 163 163 
56 56 
9 196 
84 
228 228 
77 77 134 134 

127 216 
118 118 
96 96 100 127 
0 0 0 4 4 4 138 138 236 
171 171 171 205 205 
23 
98 253 
100 127 198 198 198 198 
43 204 204 245 
26 175 175 182 

100 109 109 194 194 194 194 
41 
96 96 229 229 
93 93 
63 
7 40 40 58 75 81 81 86 88 88 116 126 126 143 143 143 149 156 165 220 251 252 252 252 
35 62 83 106 106 145 177 177 195 195 245 
29 75 75 191 191 217 
18 61 90 90 

4 14 63 139 223 
98 
102 
13 33 
6 6 222 222 
154 
252 
8 
5 117 117 187 
75 205 233 233 
7 86 111 149 
33 33 
58 58 203 251 
238 
6 26 26 33 64 212 212 
14 14 152 208 
174 176 176 176 
86 163 163 
10 10 10 97 97 
5 56 
8 21 81 128 131 131 151 151 153 153 160 160 160 184 184 
35 200 200 
239 
26 26 
1 1 
75 75 217 217 
46 46 108 108 

190 
26 26 87 87 98 253 
5 81 81 81 121 121 121 121 221 
26 30 30 230 
144 
78 
63 63 
5 5 94 94 
26 38 
22 43 83 106 195 204 
113 113 
8 110 110 
5 117 
70 100 255 
61 61 101 162 
81 99 99 160 160 203 220 
116 116 116 116 203 203 203 214 
87 193 237 
5 78 
15 100 249 
