nodes: 256 edges: 768
76 76 76 76 157 157 157 190 190 226 236 
4 21 21 71 71 71 71 105 153 232 232 
45 45 45 45 
81 
1 14 18 18 32 32 105 105 105 138 190 190 208 
42 46 46 50 56 68 68 81 94 94 94 102 102 103 108 108 123 142 159 159 159 178 227 234 235 238 238 243 243 254 
212 212 222 222 
41 41 41 97 97 97 124 124 124 130 130 130 199 203 203 218 
71 168 215 215 228 247 247 247 
29 29 29 29 
14 14 32 32 32 32 32 48 48 139 139 139 152 226 226 
33 44 
227 227 227 
37 211 
4 10 10 18 18 47 47 51 51 146 152 152 152 163 208 208 223 223 223 

47 47 47 78 89 93 95 95 
79 79 127 127 
4 4 14 14 60 60 60 61 61 61 63 137 137 152 152 152 170 192 192 206 206 
62 62 62 
98 98 98 166 
1 1 114 114 140 140 179 179 179 179 
66 66 66 195 195 195 195 245 245 
192 192 
137 137 137 152 
81 81 148 148 148 153 153 
33 33 44 67 70 70 72 82 82 82 87 87 98 117 122 122 196 222 222 222 222 231 231 231 244 
28 94 153 153 
27 95 95 95 165 165 165 
9 9 9 9 125 205 
64 64 64 172 172 175 182 182 196 196 239 239 
152 157 157 157 
4 4 10 10 10 10 10 153 153 
11 26 26 37 44 44 44 150 150 150 169 211 211 219 219 219 222 222 
80 80 137 
53 53 53 81 
203 
13 33 122 122 
42 42 117 133 
134 134 134 166 
203 
7 7 7 74 74 74 74 78 78 78 218 
5 38 38 73 73 74 81 125 125 136 243 
195 245 
11 26 33 33 33 59 59 62 62 62 132 132 132 150 150 253 
2 2 2 2 148 153 
5 5 234 234 
14 14 16 16 16 104 104 
10 10 58 81 
84 84 
5 123 
14 14 

35 35 35 
127 127 189 
81 
5 181 181 181 227 
111 111 111 111 
48 104 104 104 129 129 129 129 129 152 152 203 203 203 214 214 220 220 220 251 251 252 
44 44 70 
18 18 18 90 90 90 90 152 152 
18 18 18 250 250 250 250 
19 19 19 44 44 44 70 70 204 
18 137 137 139 202 208 208 208 208 208 
30 30 30 
68 68 81 93 
22 22 22 84 
26 87 87 
5 5 65 65 102 
146 154 
26 26 59 62 62 122 122 122 122 
1 1 1 1 8 120 120 120 131 228 228 247 
26 141 141 141 141 141 
42 42 125 
41 41 41 41 42 78 78 78 156 156 156 
147 147 171 171 171 205 205 217 217 233 233 
0 0 0 0 158 
122 122 132 185 185 
16 41 41 41 74 74 74 89 93 241 241 241 241 241 254 254 254 
17 17 111 111 111 111 
34 34 
3 5 25 25 35 42 48 55 65 102 153 153 154 160 160 162 162 173 174 174 174 176 176 179 179 203 228 228 238 238 238 251 251 
26 26 26 
177 204 204 245 245 245 245 245 
49 49 66 127 127 183 183 189 

203 225 
26 26 67 67 115 115 115 253 
143 143 143 143 165 165 165 165 203 
16 78 
60 60 60 60 120 206 206 206 206 242 242 
121 121 238 238 
203 
16 65 78 173 173 201 201 
5 5 5 27 103 103 103 112 112 159 159 159 159 243 243 
16 16 28 28 28 
144 189 189 189 189 200 229 229 
7 7 7 130 226 226 226 
20 20 20 26 209 209 209 209 209 213 237 
251 
109 109 194 194 198 198 198 249 249 249 249 255 255 
144 145 
5 5 68 81 178 203 
5 94 94 94 
47 47 58 58 58 129 137 137 152 152 180 180 180 
1 4 4 4 
145 145 204 245 
119 119 152 
5 5 234 234 
100 100 198 198 198 
153 247 
57 57 57 57 79 79 79 79 
94 94 
145 145 177 177 246 
21 21 227 
87 87 87 
203 252 252 252 252 
26 38 216 216 216 216 248 
185 188 
107 107 152 152 
71 71 71 90 146 146 170 206 
91 91 238 238 238 238 
26 26 37 37 70 70 70 70 77 77 210 210 210 219 
5 50 161 
7 7 7 237 238 238 238 238 238 
29 42 42 73 171 

17 17 54 54 84 84 187 189 
228 
58 58 58 58 58 104 
7 7 7 97 
71 228 228 
44 44 44 77 
38 176 227 
39 39 39 185 185 
175 175 175 
42 
18 18 24 24 24 34 63 63 104 104 202 202 
4 163 190 190 
10 10 10 63 176 208 208 
21 21 
72 72 72 72 72 
5 159 
88 88 88 88 149 149 165 203 203 203 
96 101 240 240 
101 106 106 113 113 204 
14 69 120 120 152 223 223 
75 75 
25 25 25 45 
143 143 203 218 
33 33 33 44 44 
228 228 228 
10 14 14 14 18 18 18 24 31 58 58 60 60 104 104 107 119 119 146 163 163 223 225 225 
1 25 25 27 27 32 32 45 81 81 110 228 228 
69 81 166 176 213 241 
168 168 168 168 
74 74 74 203 203 203 
0 0 0 31 31 31 
76 164 164 
5 5 5 94 94 94 94 142 
81 81 228 228 228 228 251 251 
123 
81 81 238 238 238 250 250 250 
14 138 152 152 180 180 180 225 225 225 
158 158 232 232 
28 28 28 88 88 88 88 143 
20 39 154 

8 155 155 155 155 
33 196 197 
18 120 174 206 
75 75 75 125 191 191 191 191 
30 30 
81 93 93 
81 81 81 170 206 206 224 224 
30 135 135 135 196 
81 81 133 139 154 224 224 224 
83 113 113 204 204 
5 102 
21 21 21 21 81 81 
104 104 104 163 163 163 
56 56 56 
30 30 
84 84 
228 228 
77 77 118 134 134 

127 
118 
54 84 96 96 96 96 127 
0 0 4 4 138 138 236 236 
171 171 171 171 205 
18 18 23 23 
253 
100 100 198 255 
22 22 22 22 43 204 245 245 
26 30 30 169 175 239 239 
169 
100 100 100 109 109 109 194 
7 
96 229 229 240 
93 93 
63 137 137 
7 7 36 40 58 58 58 81 86 88 92 102 116 143 143 143 149 156 156 156 220 220 251 251 251 252 
62 83 83 106 145 177 177 195 245 245 
29 75 75 191 
18 18 90 90 90 90 120 170 174 174 

4 14 14 63 63 63 63 63 139 139 223 
98 98 98 98 98 
122 122 122 
13 33 33 
6 6 222 
98 154 
58 58 252 252 
8 8 
117 117 117 117 
75 75 233 
7 41 149 
33 33 33 122 
58 58 58 203 203 251 251 
237 237 237 237 238 238 
6 6 26 26 26 26 33 33 212 
14 14 14 146 146 152 208 
174 174 176 176 176 
86 152 152 163 163 163 
0 10 10 97 97 97 
5 12 12 12 56 114 133 
8 71 71 81 81 128 131 131 151 151 151 153 153 160 160 160 160 184 184 
96 96 200 200 

26 26 26 
1 1 164 164 
75 75 217 
5 46 46 108 108 
5 
0 190 190 
98 124 221 221 221 221 
5 5 81 81 81 91 91 121 121 121 121 124 124 124 124 124 162 162 162 221 221 
30 30 196 196 
144 144 200 
78 78 78 78 78 154 
90 90 
5 5 42 94 94 
26 
22 22 43 83 83 83 83 83 106 195 195 204 204 
113 
8 8 8 71 110 
117 
100 100 100 100 255 255 255 
61 61 61 61 162 162 162 
58 58 81 81 99 160 160 203 203 203 220 220 
58 116 116 116 116 203 214 214 
44 87 193 
5 78 78 78 
100 100 194 249 249 249 
