nodes: 256 edges: 470
76 190 190 236 236 
4 4 71 71 105 153 153 164 232 
45 
81 81 238 
1 1 14 14 18 32 105 105 190 208 
26 42 42 42 50 56 56 68 81 98 102 103 108 108 142 143 159 227 238 243 
212 212 222 
86 97 97 124 124 130 130 199 203 203 218 218 
10 71 81 168 215 228 247 
182 182 
8 32 139 139 139 152 152 152 
33 
109 
150 211 
4 4 47 51 152 199 208 223 
26 26 
47 78 93 95 
79 79 
4 60 61 61 137 152 152 192 206 
62 62 237 
98 
114 114 179 179 179 179 228 228 
66 66 195 195 

137 137 
81 81 148 
5 15 15 44 44 67 70 72 87 98 108 117 122 122 141 213 213 222 222 237 
94 94 153 
95 
205 
172 182 196 239 
152 157 
4 10 53 
11 37 37 44 134 169 219 219 222 
80 80 137 
81 
92 
33 33 169 169 
42 117 244 
134 134 134 166 
203 203 
74 74 74 78 78 78 199 
5 5 5 38 74 243 
245 
26 26 33 132 150 253 
2 148 153 
234 234 
14 16 104 
81 
84 
5 123 
14 

32 81 
127 

5 5 134 227 227 
111 
104 129 129 129 203 203 220 251 251 
213 
18 90 
18 18 206 250 250 
19 19 70 70 
90 137 202 242 
222 222 
68 93 93 
22 22 84 
26 87 87 
5 65 102 
146 146 
26 62 62 122 122 122 122 249 249 
1 1 8 120 120 131 228 247 247 247 
26 141 141 
125 
41 41 41 42 78 
147 147 171 203 205 
0 
122 122 185 
16 41 41 41 74 89 93 93 241 241 254 254 
17 17 
34 34 
3 3 5 8 25 25 35 48 53 93 93 102 153 153 154 154 160 162 174 174 174 179 203 203 203 228 228 228 238 251 251 251 

245 245 
49 66 127 127 183 183 
228 228 
7 203 225 
26 67 67 115 237 253 
143 165 203 
78 
60 63 120 206 206 242 
121 121 238 
36 
16 65 65 78 78 81 81 154 154 173 173 201 201 210 
27 27 103 103 243 
16 28 
145 189 200 200 229 229 
7 7 130 130 
5 20 26 154 154 154 154 166 209 209 213 237 
251 251 251 
198 249 249 
145 
5 68 81 203 210 234 234 
5 94 94 
47 58 137 137 152 180 180 
1 4 4 158 
145 204 
119 119 
5 5 26 234 
12 127 198 
247 247 
57 142 218 218 

145 145 177 204 246 246 246 
21 21 
87 
252 252 
26 38 216 216 216 248 248 

107 107 152 
71 71 90 146 146 146 170 206 206 
91 91 238 
26 26 70 70 70 70 77 77 210 
50 
7 7 237 237 237 237 238 
73 

54 84 84 109 187 
228 
58 58 58 
7 7 97 97 
71 228 
44 
227 
33 39 39 39 56 
175 
195 
18 24 24 34 63 104 104 202 202 
163 190 190 
10 10 10 176 

26 72 72 
5 111 
5 88 165 203 203 
240 
96 101 106 113 113 204 
69 69 120 120 120 152 152 
75 75 
25 45 
203 
13 44 
228 228 228 
10 10 10 14 18 18 31 104 119 146 146 163 223 225 
1 1 27 45 81 81 228 
81 81 93 93 98 98 98 98 176 213 213 213 241 
174 174 174 
203 203 
31 
105 
5 
81 162 228 228 

81 160 238 250 
138 152 180 225 225 
1 232 
88 143 203 
39 98 

8 
33 37 37 
120 174 
75 191 
30 
93 93 
81 81 81 155 155 155 170 224 224 224 224 
135 196 
139 154 
113 204 

21 21 21 21 81 
104 104 163 

9 9 30 
84 84 
228 
77 

127 

96 
0 0 4 138 138 236 
171 
18 
253 
198 
22 22 136 245 
30 175 

100 109 194 
7 14 41 
96 96 229 229 
93 93 
63 137 137 
7 7 40 40 58 58 75 81 81 81 86 88 102 143 143 149 156 156 165 251 251 251 
106 113 145 177 
29 75 
18 61 90 90 120 120 

4 14 223 
98 98 
93 102 122 
13 
6 6 
26 26 59 98 154 154 154 
252 
8 
117 117 117 
233 
7 7 111 111 
33 33 
58 251 
237 238 238 
6 26 26 33 64 64 
14 152 208 
174 174 174 174 
86 152 163 163 

5 56 56 133 
8 21 21 71 81 81 81 85 85 128 131 151 151 151 153 160 160 184 
96 96 200 200 


1 164 
217 
46 46 102 102 108 

0 0 190 
19 26 87 98 124 124 124 124 221 
3 5 81 91 121 124 162 221 221 
30 
144 
78 78 154 
63 90 
5 42 94 
38 
43 83 83 195 
113 113 113 
8 71 71 71 110 110 
117 117 
70 70 100 100 255 
61 61 162 
58 58 81 81 81 99 99 99 203 203 203 220 
116 116 214 
44 87 193 
78 78 
249 
