nodes: 256 edges: 466
157 190 236 
153 153 153 158 164 164 232 232 
45 45 
238 238 
14 18 18 18 32 32 105 105 138 190 190 190 
42 56 56 68 81 94 102 102 108 133 142 159 178 235 238 243 
212 212 212 222 
41 41 86 97 99 120 130 203 203 218 218 
10 71 168 215 215 
29 29 29 
8 14 14 32 32 139 139 139 152 152 
33 33 44 
227 
37 37 
4 10 10 47 146 146 152 163 163 223 223 223 
26 
78 78 89 89 95 
79 
4 4 4 60 137 152 186 186 192 192 206 
62 62 
98 98 
45 114 140 153 153 179 228 
245 245 245 

137 152 
81 81 148 148 148 153 
15 33 33 44 44 98 98 117 122 141 196 213 213 213 222 222 231 237 237 
94 153 
95 165 
9 9 9 
64 64 64 172 172 172 182 182 239 
152 152 157 
4 4 10 10 52 
11 11 26 26 44 169 211 219 222 222 
80 80 80 
53 53 
92 203 
13 13 169 169 
117 244 
134 134 

7 7 74 74 74 74 78 78 199 
5 73 81 81 125 125 243 243 
195 245 245 
11 26 26 33 62 62 62 132 132 150 188 253 
2 2 21 153 
234 234 
14 104 
58 
84 
123 

32 
35 35 81 


5 5 134 181 227 227 
111 111 111 154 
48 104 152 152 203 203 214 251 252 
70 
18 152 157 
206 250 250 250 
19 19 44 44 44 70 
90 90 137 208 208 
30 30 30 
81 93 
84 
87 87 87 87 
5 
146 
59 62 122 
8 120 120 131 228 228 247 
141 141 
42 
41 41 41 41 78 78 
147 147 171 171 171 171 203 205 233 

122 122 132 185 185 
16 16 41 41 74 74 93 241 254 
17 111 111 111 111 111 
34 34 34 
5 25 25 42 42 53 65 93 102 153 153 154 154 154 173 176 176 179 179 203 203 228 228 238 251 

177 204 204 245 
49 66 100 109 127 183 183 189 
228 
7 203 
67 67 67 67 115 253 
143 143 165 203 203 203 
16 16 
63 63 242 242 
121 121 238 
36 203 
65 78 81 111 167 173 176 176 201 201 
5 27 103 103 103 112 159 
16 28 
144 145 200 200 200 229 
7 130 226 226 
20 20 26 26 209 
7 
84 189 194 249 
144 145 145 
5 5 81 178 203 
94 94 94 
47 58 137 137 152 
4 4 
145 
119 
5 
84 127 127 198 
247 247 247 
57 57 57 79 79 79 79 79 93 218 218 
94 
145 177 204 246 246 
21 
87 
252 
26 38 216 216 216 248 248 248 
188 188 
107 152 
7 71 71 146 170 
91 91 238 
26 70 77 77 
50 161 161 196 
238 238 
42 42 
203 203 
84 109 109 187 189 194 
228 

7 97 
71 
44 44 77 
5 
39 39 56 185 


18 24 63 104 104 202 
4 190 
10 10 10 208 208 
21 
26 72 72 
5 159 
88 88 165 203 203 203 
96 101 
96 101 101 106 113 204 
14 14 69 120 152 152 152 223 
75 75 
25 25 25 

44 
228 228 228 228 
10 10 14 18 24 31 31 58 58 60 104 119 146 146 146 163 223 223 225 
1 1 1 21 21 25 27 45 81 81 228 
57 81 81 81 176 176 
168 174 206 

0 31 60 
1 
5 94 142 

123 123 
238 238 
14 14 152 180 
1 1 
28 88 143 203 203 203 

93 
8 155 
33 37 37 197 
120 
75 75 75 75 191 
30 30 30 
81 93 
155 224 
196 
81 81 93 93 154 154 
83 113 
5 102 
21 81 81 
163 
56 
30 30 196 196 
84 84 

77 77 134 
18 18 
127 
44 118 118 
84 100 127 
0 4 4 4 138 236 
171 205 
18 18 
253 253 
100 127 198 255 
43 204 204 245 245 
26 123 175 182 182 239 
169 
109 194 
41 
96 96 96 229 
93 93 
137 
7 7 36 58 58 75 81 81 86 88 88 88 92 102 126 126 143 143 143 165 165 165 251 251 252 
83 83 113 145 195 195 245 
75 191 217 
18 61 155 250 

63 63 139 139 
98 

33 
6 6 6 222 222 
26 26 26 
58 252 
8 8 
117 117 117 
205 233 
7 7 111 111 
33 
251 
238 
6 26 26 33 33 212 212 
14 14 14 146 152 152 
174 
152 
97 97 
12 56 56 
21 71 71 81 81 85 128 151 151 151 151 153 
96 200 

26 
1 1 
75 217 
46 46 
5 
0 190 
26 26 253 
3 3 5 81 91 121 124 124 162 162 221 
30 196 

78 
90 90 
5 42 42 
38 
22 22 22 43 43 83 195 195 204 
113 113 
71 110 110 110 
117 117 117 
100 
61 61 61 206 
58 81 203 203 220 
58 116 203 214 
44 87 193 193 237 
78 
194 
