nodes: 512 edges: 929
134 134 
441 441 
28 91 213 213 
218 218 271 493 
387 387 501 501 
37 37 48 50 50 88 225 273 279 307 443 443 508 508 
95 95 95 358 358 404 

224 224 313 
271 271 
476 476 
99 264 
184 184 202 297 297 

117 117 292 292 
182 182 195 
105 105 318 318 
455 455 
105 420 441 
237 
46 339 339 371 371 

108 115 115 158 274 274 414 436 436 497 
171 290 
76 
297 297 
158 163 163 408 
78 346 
2 178 178 183 189 
487 
122 180 222 483 483 
58 172 184 263 315 315 486 486 
396 
57 192 
37 
76 222 309 309 413 413 
105 
5 5 34 108 266 266 400 406 406 415 415 415 
344 358 
62 159 159 231 267 267 267 302 402 405 477 485 
149 149 149 192 236 236 249 
85 99 137 137 151 160 160 160 184 184 324 354 354 398 399 445 445 450 492 


137 137 159 159 159 205 433 433 433 
76 413 459 
20 284 339 381 381 

5 441 504 504 

5 5 278 
83 
184 345 
255 337 
76 109 109 501 501 
147 147 147 195 236 
191 236 446 446 474 487 
33 254 254 415 466 
31 397 397 397 

236 
81 
39 241 241 330 430 430 430 
383 
150 381 
193 251 416 416 479 479 479 
193 193 193 
101 101 101 192 281 347 347 
169 233 

246 258 345 366 
330 330 
325 325 358 358 
315 
123 141 141 
383 463 
24 35 45 54 78 107 162 186 199 208 229 245 336 336 336 336 353 353 354 361 410 413 413 413 413 440 449 449 456 478 
122 146 196 196 314 314 413 422 422 422 
27 76 92 92 

95 221 314 314 346 346 418 
61 184 184 261 261 359 389 389 389 394 
121 143 143 329 
51 236 490 490 
312 348 
41 160 160 255 312 335 
198 
306 370 
5 


2 
78 78 182 340 404 404 413 413 499 

324 
6 6 6 80 164 
314 
171 246 290 
441 
11 41 354 354 450 
300 300 476 476 496 
67 67 67 192 195 378 471 
135 216 
146 
236 236 237 408 408 507 507 507 
16 16 18 36 106 106 184 
105 105 404 448 
76 186 186 204 204 204 322 322 
22 37 115 
54 54 199 
247 401 
182 
184 184 

367 367 
22 22 108 
129 419 
14 14 184 236 236 

122 122 

82 
30 77 119 119 222 
74 
188 454 
135 149 
185 491 
480 480 
448 
116 191 236 280 
389 


381 408 
0 0 380 381 
102 125 

41 41 44 44 354 
164 164 236 415 
381 381 
192 320 
74 74 345 345 363 413 
389 
82 82 217 217 

339 
77 103 358 379 
55 55 55 486 
191 191 268 
40 40 40 125 
64 248 248 
41 354 

325 325 
271 374 394 394 408 408 
413 

233 276 
22 26 194 224 224 271 271 288 288 288 408 408 
39 39 44 44 44 231 402 402 428 428 511 
41 41 41 85 85 272 312 312 450 450 498 
413 
76 239 239 322 364 
26 26 
95 138 138 
329 
239 239 477 477 
220 413 

68 296 390 390 390 

23 97 
31 424 
344 447 
222 334 334 334 334 376 376 413 481 481 
407 
288 288 288 401 
206 283 300 415 
28 28 183 455 

30 
310 367 367 
15 15 92 111 363 413 413 413 444 
28 178 
12 12 31 41 41 52 81 81 105 112 112 117 202 236 258 267 267 292 307 338 345 354 354 399 415 415 446 451 456 456 490 
126 473 473 491 
76 107 107 245 245 
193 413 413 413 
124 510 
28 
372 406 
56 129 148 148 236 267 304 304 
33 40 67 101 140 236 236 281 421 
65 66 66 66 187 286 286 358 362 362 413 479 500 
158 483 
15 55 101 204 
77 77 200 350 350 373 
367 496 
86 386 508 
76 109 354 
196 
303 303 303 
12 184 
287 
107 107 107 195 267 268 381 
44 433 433 
177 264 300 405 
337 423 423 478 509 509 
76 
328 
309 344 344 344 

310 310 
2 2 221 
314 467 

102 
143 143 
3 3 
232 284 402 454 
167 444 
80 213 507 
30 35 122 174 341 376 376 413 483 
329 
8 8 158 158 313 313 350 
5 419 441 462 462 462 

257 257 305 

76 299 509 
275 415 415 415 
39 159 
219 294 485 485 
68 157 271 271 271 296 374 375 375 442 
244 358 358 358 

40 40 55 56 60 83 104 104 117 117 129 138 184 191 192 192 237 237 267 275 275 278 344 432 460 460 
19 104 236 236 408 408 408 
374 374 
162 162 166 166 405 
476 476 
62 62 268 268 

413 
234 358 
76 186 186 426 
70 97 
110 266 271 271 417 462 
150 150 408 505 
40 
374 468 
65 479 

330 
57 57 415 
53 85 385 385 

227 227 
70 184 
441 462 462 

81 81 505 
410 410 410 
31 
11 206 385 385 
389 389 
37 37 247 271 271 
39 39 39 184 184 191 204 236 356 356 
148 204 241 241 
392 
286 457 
3 9 9 154 158 158 233 233 233 247 247 266 266 327 327 327 339 354 354 374 377 377 391 401 408 408 427 442 450 453 
160 281 400 
5 354 472 472 475 
22 22 
230 236 236 
157 
365 415 
50 236 
5 
129 308 314 314 314 314 449 
67 192 272 296 493 
427 
177 
46 219 
449 449 449 
193 193 270 413 413 
203 
158 158 158 176 176 176 478 
341 341 
23 97 480 
426 426 
14 14 184 

232 397 397 408 408 408 

169 233 281 
12 12 25 25 408 

229 385 
100 100 177 206 
395 395 
39 485 
201 201 201 
191 191 
227 343 392 482 482 
87 370 370 
5 184 354 354 396 396 465 
280 479 479 
35 35 210 
181 212 212 393 
424 424 
84 85 160 160 
8 224 224 345 345 345 
77 77 80 80 96 214 280 280 280 280 317 317 317 354 354 398 398 413 413 418 418 434 446 449 455 467 481 
31 31 73 336 336 465 465 486 
444 
314 314 314 
16 16 
354 354 
140 
323 
107 107 162 
321 359 
41 94 
72 72 153 153 358 358 503 
358 358 466 466 466 
271 271 271 375 408 487 
209 346 
82 165 223 
62 71 71 253 428 


413 
174 174 174 174 
85 413 413 
76 76 76 76 315 315 486 
53 207 
184 415 
20 20 46 145 271 408 408 408 470 
92 
222 289 289 
405 
305 401 401 401 
38 173 210 210 210 236 432 
52 70 141 141 184 313 313 313 
27 80 80 328 459 
67 67 421 421 506 
84 

196 196 224 

405 
76 76 456 456 
41 41 76 99 99 137 151 184 184 199 271 271 273 307 307 314 314 319 319 411 450 462 462 475 490 508 508 

267 267 
367 431 496 
6 6 38 72 72 146 193 234 234 234 244 325 325 326 326 413 413 466 503 
81 323 

76 
193 193 413 
141 182 
162 
277 415 503 
70 
114 114 181 181 197 357 
401 

87 306 306 408 
20 20 
190 
196 
154 233 238 238 250 271 408 408 417 
233 233 327 505 
174 174 222 222 
271 271 393 458 
101 
146 
134 
46 46 64 133 134 139 139 204 408 408 
413 
63 75 432 432 
449 
255 255 264 264 299 413 413 
198 
4 4 454 
487 
81 81 81 130 142 265 265 496 496 497 497 
169 169 169 
271 442 
269 305 
310 377 
81 154 154 495 
301 301 
32 307 307 
58 58 58 294 294 
41 314 314 445 445 
41 184 
37 272 
110 176 271 343 343 343 368 
39 159 159 219 
412 
6 92 92 106 
39 206 239 342 352 
37 37 190 
175 413 
26 104 104 133 154 154 158 158 237 237 237 248 271 271 294 294 294 297 327 339 339 339 370 374 374 381 381 437 492 492 

76 262 262 262 
354 
403 
35 35 45 76 76 76 76 77 92 92 141 155 161 167 174 182 182 182 187 187 187 193 222 243 286 286 314 314 333 335 335 358 358 362 382 385 385 407 439 448 494 494 494 500 
22 
37 37 37 57 138 177 184 184 230 230 230 254 277 338 365 432 463 463 463 463 
65 65 
247 374 
80 314 314 
116 225 
18 441 
192 347 347 
77 77 77 
207 207 
172 311 311 

245 291 291 
271 282 
159 159 330 

62 62 62 
357 496 
236 344 383 383 415 460 460 
44 44 44 205 205 
314 

22 22 
408 

413 
76 
1 1 18 48 98 225 259 420 
233 271 391 
5 5 
182 220 316 
41 41 398 398 
56 56 184 314 
173 
106 128 413 
76 76 280 285 285 285 314 384 467 467 
41 99 160 160 271 354 462 
184 
464 464 
271 
124 219 387 
17 17 178 314 
76 184 184 353 353 
270 
377 
45 346 
236 236 432 432 
469 469 497 497 
225 225 225 247 259 259 354 354 450 
75 415 415 415 415 
452 452 470 
307 315 315 487 
57 326 326 326 358 
214 314 449 449 
250 
461 461 511 
339 464 
101 
273 273 475 
185 185 
56 487 
273 354 472 
10 10 100 100 240 240 496 
39 166 166 
76 207 288 
65 65 65 193 251 308 308 
127 127 290 
174 174 314 
305 305 
30 30 194 222 

39 232 232 302 
31 31 147 315 336 489 
29 56 327 388 465 474 

486 
83 83 184 354 
126 185 
41 408 408 
3 281 
413 413 413 
394 
100 197 357 389 389 431 476 497 497 
22 389 389 461 461 496 496 
160 
92 
193 413 
4 4 54 54 
508 
325 358 365 
48 48 
248 261 375 
347 
104 104 104 221 
5 5 198 354 354 502 
207 207 229 
188 
159 469 
