nodes: 768 edges: 1399
5 
64 64 64 313 313 313 
65 65 117 
141 
203 341 357 
0 55 59 115 118 144 174 174 188 213 221 239 240 240 272 292 340 348 365 367 367 370 387 387 395 448 448 451 466 484 488 488 504 506 506 537 537 651 651 651 654 663 663 663 682 739 739 
161 
49 613 
81 177 316 316 316 
124 124 
81 81 81 121 224 224 224 257 257 265 265 265 274 274 285 312 472 472 472 472 529 599 599 641 649 705 705 739 739 

35 376 
159 409 
493 493 
60 376 376 376 550 
35 35 35 57 173 198 198 214 214 278 278 278 333 376 376 442 442 442 485 492 505 547 548 561 569 569 569 600 600 601 601 601 611 611 626 626 626 633 633 633 702 709 724 739 739 741 741 741 
404 404 404 404 443 443 443 466 
34 550 550 

352 395 
72 72 72 
67 232 
218 218 481 501 707 707 
739 

111 203 203 266 311 385 428 428 474 540 568 676 
30 30 
625 
73 484 484 569 569 569 607 607 
27 27 203 290 290 290 609 681 681 
533 533 
516 
207 423 423 
18 
12 16 16 16 273 327 327 432 556 556 569 624 624 645 740 741 
432 432 
110 733 733 
172 172 172 298 456 
261 355 355 
118 118 
342 
323 323 
316 449 449 
337 


106 112 560 560 
421 421 551 588 588 658 
7 613 
711 
666 
457 580 
79 99 99 448 
600 
5 272 375 484 
86 106 156 156 239 239 242 
16 
199 199 238 
5 365 
15 106 156 156 449 476 476 479 479 479 
339 444 
433 433 517 562 

1 1 1 156 430 430 499 499 499 766 766 766 766 
2 2 117 117 131 131 551 
352 
22 159 159 159 213 213 213 260 397 397 446 446 
739 
341 341 520 
307 634 
634 634 634 
21 21 21 381 381 
29 297 460 460 741 
299 491 
297 
402 750 750 
352 
473 569 
53 239 448 448 597 
350 350 379 739 739 
8 10 10 10 170 195 195 206 206 257 257 300 312 312 343 343 422 435 435 443 599 607 618 618 618 618 618 

117 224 224 228 342 342 

601 
56 625 

282 342 
547 
382 382 660 734 739 
380 380 569 569 569 
703 703 703 716 
279 279 312 312 
203 212 212 253 679 
129 129 392 392 399 
189 189 556 627 667 667 
759 
366 366 510 715 
53 53 618 618 618 618 679 
444 704 


342 
299 299 359 

47 56 60 
544 544 
312 668 
356 356 486 
37 339 339 339 733 
26 148 148 148 
47 
257 701 

5 213 213 700 
213 446 446 
2 65 65 83 342 427 677 
5 40 40 216 348 654 654 
621 621 621 621 

10 205 
640 
215 354 
9 9 582 

374 
507 
442 614 
95 95 190 190 203 203 203 203 552 552 552 672 
512 704 
65 65 
373 

581 616 
397 397 397 505 
228 228 
748 748 
313 313 
739 
244 525 525 617 
3 179 179 241 606 606 606 620 620 620 

222 672 
5 506 
523 
207 207 491 534 

111 111 111 
342 667 667 739 
214 460 756 756 
221 

317 317 

388 448 
56 56 60 60 64 239 239 280 463 590 
203 263 341 341 578 720 720 
581 581 
13 67 67 67 238 304 354 354 383 461 710 
342 739 
6 278 278 
254 254 254 561 639 639 
213 353 353 528 
393 

171 
191 247 262 262 341 341 565 654 
176 176 
508 
81 283 435 
166 243 496 
38 38 38 309 
16 397 
5 5 639 
292 292 292 427 427 427 489 489 667 667 
168 168 504 
8 739 739 
247 357 
141 141 218 239 367 713 713 713 
418 739 
271 688 688 688 

343 
256 679 
393 739 739 

756 
5 272 
96 96 398 667 
129 129 739 739 
167 
677 
323 674 
631 631 631 
81 81 312 312 
203 577 577 
203 
16 16 351 416 416 601 664 
58 58 203 
524 524 717 
667 667 
741 741 
4 26 26 30 94 129 129 129 129 157 196 197 199 218 218 253 262 264 290 290 337 338 341 341 341 342 342 342 374 377 393 393 399 423 482 482 486 486 501 501 501 539 539 539 540 540 541 544 570 570 577 592 592 592 631 644 648 648 648 673 715 715 723 
443 542 542 
121 409 
81 81 599 599 661 676 676 676 
33 146 146 633 655 735 
357 
246 246 
531 
335 464 
94 94 253 253 253 
5 67 67 67 115 115 116 163 222 225 273 299 446 498 534 545 593 593 595 595 646 719 719 760 
16 16 150 
123 
118 
282 290 290 
23 23 179 203 203 262 501 501 
596 596 596 

5 151 452 758 
143 213 401 401 428 428 718 718 719 

10 10 10 83 83 342 342 438 750 758 
213 275 542 728 738 738 738 
675 675 
366 514 544 559 
83 136 136 

288 399 570 570 

22 383 

595 
305 
274 274 632 739 745 
739 
58 159 
5 56 56 79 156 156 179 408 580 594 713 757 757 
5 5 488 488 488 676 
141 312 455 618 649 649 739 745 767 
56 
171 508 508 
140 

209 209 337 342 411 411 411 456 589 611 611 
167 178 
420 420 655 

358 358 424 760 
506 686 686 

94 203 212 212 212 377 
162 162 162 
561 635 
184 
10 10 81 81 113 529 529 
626 626 739 739 
278 
67 364 364 
39 333 355 618 618 633 633 633 
167 167 203 218 
157 
203 
10 10 10 688 739 
26 568 568 
725 
560 563 563 563 
548 548 
286 286 332 
181 535 677 756 756 
5 55 188 
35 213 396 598 760 
10 10 236 236 
225 
718 718 
346 632 
16 16 16 161 161 259 287 287 404 404 432 434 434 477 633 633 740 740 
93 93 312 312 
156 638 638 
387 561 633 
88 217 
170 399 
548 
10 385 705 
270 270 335 335 341 341 551 
278 278 
230 

30 30 30 203 203 217 217 648 
716 
5 175 175 175 687 739 

298 309 584 584 691 
342 731 
347 376 424 473 505 
73 75 
38 294 610 642 642 642 671 671 686 686 739 739 
74 104 104 213 353 353 353 353 353 363 406 406 406 
81 422 
715 723 

428 428 
159 323 409 409 
235 446 

70 560 604 
516 
172 294 
607 607 
26 
10 81 81 93 93 108 195 195 241 279 279 342 402 402 486 486 486 486 536 711 711 739 
1 1 1 138 138 
409 575 
739 
8 8 8 43 
153 153 
354 

508 
394 
577 
42 42 193 304 421 421 421 
572 572 572 756 
708 708 708 
505 505 
35 35 


373 595 601 601 

270 577 
16 261 364 573 626 626 633 658 

211 286 286 
633 
44 203 246 342 
203 609 
61 110 110 110 733 
5 448 
4 69 69 157 157 167 167 203 203 203 286 286 417 464 464 544 684 684 706 720 720 752 
41 83 83 88 103 117 149 160 203 203 203 224 224 246 295 312 337 399 399 428 428 539 539 643 643 643 667 704 704 739 739 762 762 
81 81 183 433 585 585 640 
466 

277 
296 627 
5 118 441 441 
497 
80 80 622 
198 
20 66 77 472 
163 163 299 299 299 299 299 
123 159 159 318 469 469 527 527 
39 39 261 618 
109 109 
4 178 208 
250 250 359 
104 358 461 461 

569 569 
744 
299 498 530 539 539 539 539 539 576 694 763 763 
260 260 333 
5 59 
98 98 227 470 510 596 596 739 751 
5 5 179 719 742 
665 
648 
5 
658 690 690 
548 548 689 689 689 
132 330 406 498 498 
126 203 
55 392 
12 15 15 15 16 16 296 553 553 
203 253 425 554 554 617 648 

80 
91 91 569 
72 72 
90 90 701 734 734 
159 232 
728 
26 285 579 
631 
5 5 281 716 
155 696 739 
755 755 
591 
570 570 712 712 
95 95 375 
164 185 203 203 625 634 696 
321 
5 20 682 682 
273 
67 67 135 135 135 173 
189 667 667 
95 203 230 283 342 342 726 
424 424 
222 222 
76 312 312 739 
758 
17 17 17 17 278 278 522 
635 
299 299 299 373 
601 
239 
13 205 304 304 314 575 
546 
246 246 246 

558 739 739 

521 
198 198 665 
341 
180 511 739 739 
693 
248 248 633 677 708 
48 48 323 323 323 
81 300 475 729 
33 33 203 686 686 686 686 755 755 
250 296 400 400 621 
377 431 555 648 
498 498 
117 175 175 175 
26 26 222 222 303 303 342 342 566 652 652 675 675 689 754 
553 
64 64 
425 
35 36 36 278 
62 62 343 
278 278 
81 81 170 729 

582 
224 531 531 
545 
662 662 
348 348 
16 16 16 128 590 590 590 600 600 600 614 614 
17 17 17 81 204 695 
61 100 546 546 643 643 721 721 

67 67 116 116 213 305 523 
601 601 677 
5 5 53 79 79 155 340 
43 43 60 733 

5 
221 514 633 633 


241 
38 246 
52 583 
496 496 
545 612 
73 73 150 
159 359 359 710 

156 
211 341 341 

5 17 344 

739 739 
354 354 
366 

10 10 10 10 352 
78 296 
26 
422 
60 60 633 
278 522 
595 595 
60 60 60 
532 
23 501 
203 203 
752 
5 29 29 55 605 
16 
109 203 203 312 312 312 312 

5 5 240 240 240 676 
175 175 
496 
74 146 605 
16 
14 14 
657 719 719 
507 507 693 693 695 
171 458 458 490 597 
349 601 695 
213 363 373 373 426 426 530 
64 64 64 

23 203 203 203 218 218 481 603 603 603 603 719 722 


5 176 595 
16 135 296 326 326 
5 5 144 251 
127 495 495 664 693 693 695 
169 243 243 320 

98 366 725 
418 739 739 
130 747 
703 
227 452 
521 
32 308 638 638 711 
62 
638 

69 539 
415 515 
404 477 
145 446 
200 200 
140 140 716 
748 
354 354 
163 563 563 669 
10 257 257 705 
363 498 576 763 
210 438 438 540 
480 696 739 
31 31 
146 213 733 765 
271 
312 
5 5 719 737 737 
563 563 588 588 
203 203 203 342 342 363 363 363 363 363 520 
26 203 203 531 541 541 570 570 
203 540 540 
204 204 225 593 
544 
107 107 203 227 341 543 
213 439 459 612 612 
410 444 444 
16 89 
16 269 269 284 372 372 739 739 

15 18 18 561 741 741 
48 65 286 
129 129 129 625 
376 376 429 
377 377 
425 
35 35 96 
622 650 
413 632 
227 
47 47 268 307 
16 162 255 281 550 569 611 
62 599 661 
268 268 268 528 528 538 538 
613 
167 763 
428 599 599 599 599 599 

26 266 266 
16 16 16 29 29 29 35 78 91 91 91 361 361 380 561 670 
203 203 230 230 391 391 540 540 574 

324 324 324 
333 
570 739 
314 409 
363 530 
196 196 203 322 332 
157 
385 
52 239 757 757 
134 158 158 
124 437 739 739 764 764 764 
457 667 739 
294 294 
343 343 761 761 


48 48 538 538 635 658 658 658 658 709 
246 633 
156 442 442 442 
390 
203 203 203 
213 213 542 
239 
213 213 234 330 478 478 504 699 
219 219 219 366 366 719 725 
79 496 
273 
10 10 81 206 206 562 566 566 566 566 566 661 661 
16 16 54 442 442 442 
16 16 16 85 198 330 330 407 447 447 497 647 664 664 
660 664 
501 501 501 501 722 722 722 
307 
484 491 
141 141 141 
29 29 81 310 310 

30 338 705 705 705 
298 745 745 
16 16 246 246 561 
459 545 545 
7 49 564 
128 442 442 759 759 

134 
140 377 648 
81 81 81 81 81 99 99 99 99 241 261 261 355 

141 141 141 
119 119 119 119 424 
350 557 642 642 739 743 

35 35 
28 86 393 552 
16 16 16 258 258 333 333 
96 347 



194 194 194 203 386 
236 277 558 741 
16 16 16 207 261 261 261 278 278 281 333 336 420 452 452 476 589 655 708 708 
70 71 71 71 393 
255 405 588 


280 280 516 516 518 
162 162 174 667 
122 343 662 662 
10 
298 298 298 622 622 
342 342 342 444 444 667 704 704 704 732 
203 
35 741 746 
213 659 751 
601 
203 203 203 290 369 377 425 617 
10 241 241 
557 
5 5 5 
428 428 754 

5 118 118 167 
207 248 633 
760 
494 
48 333 371 588 588 588 588 674 674 
646 
90 602 
206 562 599 599 
440 440 640 640 733 
5 5 5 
198 507 601 601 602 
368 416 
51 
96 96 149 149 175 175 189 201 201 342 398 398 583 639 643 739 
108 
528 
569 
298 298 694 694 694 
129 143 
203 
193 658 658 
226 226 428 428 
26 206 206 206 240 488 
117 192 271 420 447 
756 756 
94 99 184 
751 
30 30 
5 395 395 

341 341 706 
739 739 
251 251 298 298 423 423 423 423 
292 737 739 739 
181 181 181 265 739 739 739 
372 372 372 428 754 
371 371 
294 
739 
419 495 495 507 507 
363 671 671 671 
443 495 497 507 
388 393 532 739 


595 
115 
113 382 
16 
92 92 92 513 
100 130 342 342 643 643 643 
10 10 285 529 609 609 609 
341 684 
23 23 
325 325 325 420 633 633 733 756 
16 588 
159 461 
50 312 312 516 
391 391 
179 179 179 239 

98 203 203 301 
92 291 387 525 
200 
222 222 276 276 756 
213 213 222 367 494 494 501 537 596 
157 157 341 341 
444 444 739 739 739 
501 603 603 603 
203 301 
16 
267 510 596 
399 

225 384 
422 435 

295 
643 763 
37 37 110 339 449 534 662 708 749 753 753 756 756 
90 382 382 
207 

537 537 687 
225 225 225 
5 5 10 10 16 16 24 68 80 80 90 139 149 160 177 177 180 185 185 190 190 236 237 241 258 258 265 292 298 298 312 315 342 342 366 388 402 413 413 418 418 468 468 511 511 532 548 548 574 582 582 583 622 667 685 685 687 687 688 688 688 692 696 721 721 721 745 745 748 
35 278 278 
16 16 16 35 73 202 202 550 550 632 645 
367 
622 
362 
236 241 610 610 739 739 
645 
512 
137 137 526 739 
733 753 
76 76 224 
366 646 680 
341 483 
733 733 749 
428 652 689 
389 389 423 423 
150 150 187 271 271 324 678 678 708 718 733 733 
239 239 580 580 759 
221 224 403 
97 614 614 757 
213 250 273 656 
585 585 
342 342 
363 363 530 565 732 
582 582 582 
534 
64 64 64 64 
241 
