nodes: 768 edges: 1388

64 313 
117 317 317 427 
141 141 633 
191 247 247 247 357 357 
6 53 55 59 79 99 115 115 115 118 144 163 194 210 221 239 239 272 292 307 340 340 348 367 367 370 370 405 451 466 466 488 488 504 533 537 567 567 623 635 651 651 654 682 682 700 700 739 739 739 759 
5 
550 741 
81 81 316 343 552 552 552 763 
124 124 
81 105 105 121 121 121 224 224 224 252 257 257 274 285 285 285 312 312 312 472 529 599 599 649 649 705 705 739 739 739 

35 376 
159 159 409 
493 
376 376 
35 35 57 198 198 214 278 278 296 296 296 333 333 376 400 429 429 442 547 548 548 553 561 569 569 569 600 601 601 611 626 626 633 633 633 702 702 739 739 739 741 741 
404 443 443 443 466 719 
34 34 550 
665 
395 
626 
53 53 67 67 
218 262 262 262 707 707 
190 312 
123 
41 111 111 111 148 203 266 311 428 462 540 540 676 

301 625 
73 73 484 484 484 550 569 569 569 569 607 
203 203 290 290 


207 423 
18 18 142 
12 16 16 273 278 327 327 327 432 569 624 645 741 
395 404 432 472 
733 733 
172 172 298 309 456 
261 355 415 415 
118 
26 
323 
316 615 615 615 
346 

459 459 
112 171 171 171 213 271 271 307 307 307 560 
421 421 588 588 658 
601 613 
248 312 312 711 
203 666 
580 
5 22 22 99 
600 
5 272 272 478 484 484 
64 86 156 156 239 239 242 255 503 
16 
203 238 238 
5 
106 156 449 476 479 479 
339 444 
433 517 599 607 607 
118 
1 56 156 223 255 430 499 499 766 766 
117 117 131 551 750 
352 395 
22 22 120 159 159 213 213 213 260 305 354 446 
108 363 739 
98 157 157 341 341 
307 307 569 569 569 634 716 
393 634 634 
257 257 381 
29 29 297 460 741 747 
84 84 
502 583 
133 133 402 750 750 750 
352 472 472 
473 473 488 569 
5 448 597 
350 739 
8 8 10 136 136 206 206 257 257 257 312 312 343 422 433 443 571 571 607 607 618 618 618 618 
688 
117 342 342 417 500 680 680 
74 74 
601 613 
56 248 248 
284 
282 282 282 282 

660 

703 716 716 
312 312 
253 679 
129 129 392 392 464 726 
189 556 556 627 

69 366 366 510 715 715 
5 53 618 618 618 679 716 
444 
610 
395 395 
342 342 704 

10 10 
60 156 

68 
356 356 486 
733 
26 26 26 203 
47 307 307 
257 701 
342 428 675 
5 5 5 213 635 700 700 
213 446 446 
2 65 65 83 224 342 342 342 427 657 
5 40 63 171 216 370 654 654 654 696 
243 424 
67 
10 10 10 203 203 
565 565 
25 215 215 469 469 
9 9 582 
490 490 
582 
507 
442 614 
95 95 190 190 203 399 399 552 672 
342 342 512 512 704 704 
65 286 

76 76 
408 581 581 
397 505 505 
81 81 228 274 274 
721 
313 313 

387 387 387 525 716 
3 3 179 179 455 455 455 606 606 620 
34 741 741 
672 672 
5 163 506 
523 523 
534 534 534 
654 654 
26 568 568 
288 342 667 739 739 
214 739 756 
739 
739 
317 

340 340 340 388 388 448 448 739 
56 56 60 64 106 239 239 448 463 590 
69 69 203 203 203 263 263 341 
581 616 725 
13 13 67 67 304 354 461 710 
342 739 
201 201 201 278 
254 254 295 639 639 
5 144 213 213 353 353 528 
393 634 
584 
703 
191 262 341 
537 
320 
369 
47 47 47 118 
38 38 294 309 


292 667 667 
504 699 
704 704 704 739 739 
208 
141 141 367 700 
418 739 
271 271 688 
318 
343 
256 256 679 
393 739 


272 
96 398 
24 129 129 402 402 739 739 
4 167 
222 677 
323 
5 210 631 631 631 
312 672 
445 603 
203 
16 16 416 416 601 
648 
524 524 717 
161 161 161 616 667 667 752 752 752 
609 741 741 
26 30 30 51 58 111 121 121 129 157 157 157 197 218 253 253 262 262 290 290 301 322 337 337 338 338 341 341 342 342 342 374 374 377 399 399 423 423 467 486 501 501 539 539 540 541 544 570 577 631 631 644 648 648 648 666 673 673 681 715 715 723 
443 542 542 542 
402 
81 81 676 
33 633 633 655 
178 357 
246 
5 194 531 


47 67 67 67 115 116 163 163 222 225 225 273 273 299 353 446 446 498 504 504 504 545 593 593 595 595 620 719 719 719 
16 150 
123 123 354 
118 752 752 
282 290 
23 203 262 
559 596 
324 
5 403 403 553 
192 213 401 401 428 428 428 719 
64 
10 10 10 117 342 342 342 750 750 758 758 
213 213 593 
675 
514 559 
136 

288 295 295 399 570 
264 
383 383 


305 
274 739 745 745 

58 58 
5 5 56 56 156 156 408 580 590 757 757 
488 
312 455 606 618 649 739 739 739 745 
56 
119 508 

601 601 
209 342 342 411 411 411 456 456 589 589 611 611 
4 4 4 341 
50 86 86 420 708 708 

358 358 424 760 
433 506 686 
10 
94 203 203 377 377 
162 162 489 639 667 
56 64 
184 184 
10 10 72 72 81 81 81 113 381 529 
318 318 626 626 739 

67 364 364 364 364 
39 333 355 415 618 618 633 
23 23 23 167 203 203 218 648 648 648 
157 157 
231 

26 462 568 
353 
560 563 563 563 
548 
286 332 
47 47 181 181 756 
5 55 55 188 
35 213 213 
10 136 136 236 389 389 739 
493 
718 
346 346 632 632 
16 16 35 161 404 404 432 432 434 434 434 476 476 477 522 633 633 

590 638 
561 611 611 611 
88 88 88 88 217 

87 372 
10 10 10 519 519 519 718 
131 270 335 335 341 341 551 

149 230 

30 30 203 203 217 648 
716 
5 175 366 370 370 687 687 
754 
172 298 298 309 584 636 691 
162 230 230 342 342 731 
16 16 16 347 424 424 505 505 
73 
38 294 294 493 493 610 636 642 671 686 687 692 739 
213 353 363 406 

28 203 723 

428 428 
159 323 323 409 409 
67 235 

5 47 47 47 70 70 112 112 387 387 387 560 560 604 
516 516 
38 172 294 

26 579 
10 10 10 24 50 50 81 81 93 93 195 241 342 402 402 402 486 486 596 739 739 
1 138 138 
575 

8 43 343 343 436 436 585 
2 2 153 
182 258 258 354 
707 707 707 
169 428 508 
333 548 548 
203 
42 193 304 304 421 588 588 658 
220 572 708 756 756 
708 
505 
35 35 35 741 

708 
490 595 595 601 601 
428 
270 577 577 
16 16 261 321 547 626 633 633 
760 
286 286 
633 
203 203 444 
203 203 
61 
5 5 155 155 155 
69 69 157 167 203 203 247 286 286 643 706 706 752 
83 83 103 103 114 117 117 117 130 130 149 160 203 203 203 224 224 224 246 246 295 295 312 399 399 428 428 518 539 539 539 643 667 704 704 739 739 
8 81 183 316 316 585 640 
466 
691 
44 277 277 
296 627 627 
5 441 
695 
80 
368 
66 77 395 395 395 432 
163 163 213 267 299 
67 159 215 318 527 527 710 
39 261 
109 109 568 568 
4 4 208 578 
250 250 
461 

569 
744 744 
68 299 406 406 406 530 530 539 539 576 763 
260 260 260 260 

98 98 292 510 725 739 751 
5 5 179 
351 665 
170 
5 5 118 292 292 654 

284 548 
406 595 
203 203 
379 392 642 
12 15 15 16 553 553 553 
203 253 253 425 617 648 648 697 

375 388 388 

72 257 
632 734 
232 232 
668 728 728 
579 579 

140 140 140 307 307 307 716 
155 155 379 379 739 
274 274 445 755 
591 701 
570 570 712 712 
95 95 375 484 484 
71 164 185 

20 36 66 102 102 352 352 352 663 663 682 682 

135 
189 
129 129 203 203 230 342 342 726 
16 
222 222 
76 190 190 205 312 312 312 739 739 
221 221 758 
17 36 278 278 522 
5 
299 363 363 363 373 
601 
134 239 
13 304 304 575 

246 246 246 

558 558 
633 
39 39 261 
198 198 
83 
180 511 

248 633 633 
48 48 323 
81 599 
33 203 203 686 686 755 755 
119 250 296 296 621 
377 431 431 648 
498 
2 117 
26 114 222 222 222 303 303 320 331 342 342 478 508 508 652 675 675 689 689 
16 16 553 
64 701 
425 425 
35 36 278 278 352 
62 81 251 
278 278 278 

316 316 
511 
531 
545 545 
521 
348 
16 128 600 600 614 626 747 747 747 
17 17 17 81 204 695 
61 100 337 546 721 721 
196 389 
67 116 116 213 213 
601 601 
79 155 155 156 
60 526 733 

5 537 767 
514 514 633 
720 

141 141 141 241 
38 246 246 


46 46 545 612 
73 
159 359 710 
26 266 
156 472 
95 

5 5 17 344 
203 
606 739 
123 123 


10 36 77 77 463 
78 78 


60 278 278 633 
278 
55 428 
60 60 
617 617 617 
501 501 501 501 

752 
29 29 29 55 55 392 392 
724 724 
109 203 312 312 715 
654 
5 5 78 240 
254 
125 125 330 496 
605 
709 
14 275 298 298 619 739 
657 719 719 
507 693 695 
490 
695 
213 426 530 
64 64 
83 
203 203 481 481 481 481 719 
75 
56 
5 176 213 213 213 595 
135 135 296 296 326 
144 251 
127 495 693 695 695 
243 320 428 428 566 

98 366 
418 437 669 669 739 
130 130 747 
703 716 
227 452 452 
521 
308 308 638 
62 
342 536 638 638 638 
285 285 285 705 

440 515 
278 404 
145 145 
200 200 
140 716 716 
449 748 753 
354 354 
163 563 563 
10 257 649 701 
363 363 498 
210 438 540 540 
696 717 
5 
146 146 146 733 765 765 

518 
5 168 451 
563 
203 203 342 342 342 363 363 
26 26 203 531 531 541 570 570 
203 540 
204 204 204 
544 
203 543 
213 439 439 459 546 612 612 643 
444 545 
16 333 563 563 702 
16 16 269 321 321 372 739 739 

7 18 29 741 
65 286 586 
8 8 8 129 
16 221 376 376 376 429 
697 

96 96 
622 650 739 
413 413 632 
219 227 
47 268 307 307 
16 281 569 611 
661 676 
268 268 268 528 528 538 547 547 
613 613 
122 122 
508 599 
5 5 
148 148 266 356 356 
16 16 16 29 29 29 29 35 70 70 70 78 361 561 670 670 670 
203 230 391 391 540 540 574 574 
81 81 
324 

570 570 
314 409 
363 
203 332 332 
357 
311 385 385 
52 239 
134 134 158 
124 126 739 739 764 764 764 764 
75 667 667 739 
165 294 636 636 720 
316 343 761 
551 589 

48 48 323 323 709 
246 246 586 633 633 
156 239 280 626 
390 601 

213 213 225 

213 213 330 330 373 504 699 699 
219 312 725 725 
79 

10 10 62 422 566 661 
16 54 442 442 
16 16 49 85 198 245 245 330 330 407 447 447 591 613 647 647 664 730 
647 660 664 
196 722 722 722 
307 
491 
141 141 241 468 
29 62 62 81 81 
649 649 
202 
101 298 686 745 745 745 
16 246 246 281 281 281 561 
459 545 545 
49 85 564 564 601 746 
128 442 759 759 
43 43 43 
158 201 
377 480 480 480 648 648 
81 81 81 81 99 99 99 241 261 261 
493 745 
141 213 
424 
557 739 
5 
35 
28 
16 16 21 258 258 333 442 590 
96 347 347 



194 194 194 203 203 
277 277 382 558 739 
3 16 16 16 207 207 261 278 278 333 333 336 414 420 420 452 476 589 589 655 708 708 708 
70 71 71 164 
5 115 759 759 
294 298 584 584 744 

280 516 518 518 518 
162 162 254 
343 662 662 

298 375 739 739 
341 342 545 667 667 704 704 732 
203 
35 741 746 746 746 
751 
601 601 602 
199 203 203 203 262 262 262 290 377 377 425 617 617 
10 10 241 529 608 608 
557 
5 5 
428 754 754 754 

5 118 118 118 147 147 370 487 
207 633 
760 760 
117 494 
48 323 

90 602 
562 599 
640 640 
395 395 
601 602 695 
19 368 
51 203 
149 175 175 201 201 254 342 583 583 643 643 739 739 
384 
511 511 
569 569 569 
298 694 
129 143 143 195 
203 203 

114 226 428 428 
26 206 562 
192 
756 756 
94 99 184 
83 83 
203 
5 5 395 395 

706 
739 739 
251 298 423 423 610 
292 292 298 739 
82 181 717 717 
428 428 754 

294 345 
298 739 739 
495 507 
671 745 
349 443 495 497 507 507 664 
118 532 739 
377 554 
725 
176 595 595 
5 5 115 115 179 
113 390 430 529 
16 16 547 
92 166 513 716 
103 130 130 177 177 177 342 342 643 643 
10 10 519 
341 341 684 
23 23 319 319 319 
248 248 324 325 329 633 633 633 733 733 756 
492 588 
159 354 461 
50 
391 391 


98 98 203 203 486 
70 92 92 99 140 291 387 513 525 525 703 
200 532 688 688 
276 285 
17 213 213 213 222 494 494 501 
453 584 
137 444 444 739 739 739 
603 603 603 
203 301 
485 485 
158 366 596 596 698 
95 399 

384 384 

601 
295 
643 763 763 763 763 
37 37 110 449 534 708 708 753 756 
382 


739 

5 5 5 10 10 10 16 16 16 68 80 149 149 150 151 152 155 160 177 177 180 185 190 190 236 241 241 241 258 274 298 312 312 342 342 366 388 402 402 468 493 511 548 548 557 582 582 583 622 632 642 642 667 667 685 685 687 692 692 696 721 721 721 737 745 745 748 748 751 751 

7 16 16 35 73 142 142 202 202 327 550 645 


362 362 636 
236 236 241 610 610 610 619 694 739 739 
613 645 645 645 
73 442 442 442 512 
526 739 739 

65 76 76 76 224 224 
366 646 739 739 
201 201 201 216 216 341 483 
526 733 
293 652 652 652 689 
389 423 423 
150 271 324 324 678 678 708 733 
239 239 759 
224 224 403 
5 614 614 635 635 757 
250 334 656 656 
585 

8 363 732 732 732 732 
582 582 582 582 
534 534 
64 64 
451 
