nodes: 768 edges: 1406
5 
64 313 
65 65 282 317 317 427 
141 141 633 633 
247 247 341 357 357 357 
0 53 59 59 101 101 115 118 118 144 155 188 210 240 272 292 292 307 348 365 367 387 387 441 451 466 504 533 533 586 623 623 635 635 651 663 682 739 759 
161 
49 49 613 613 613 741 
81 343 552 552 552 
124 582 
81 81 81 105 224 224 224 252 285 312 312 472 649 649 649 649 705 721 739 739 739 
501 
16 35 376 376 

493 649 739 739 
376 
12 35 35 173 173 198 198 214 214 278 278 278 296 296 296 333 333 376 378 378 394 400 400 442 442 485 485 547 548 548 553 561 561 601 611 626 629 633 633 633 702 702 702 709 724 724 739 739 739 741 741 741 
404 404 443 443 443 466 466 719 
34 34 
665 665 
395 
128 579 626 626 
53 67 67 67 521 521 
218 218 262 262 501 707 
503 503 503 739 739 

111 111 111 203 203 203 311 385 428 428 428 462 540 540 568 667 676 676 712 712 
30 30 30 
301 625 
73 73 484 484 484 556 556 607 607 
27 27 27 290 609 681 681 

308 308 308 
207 207 
18 18 
12 16 16 278 278 556 556 569 569 624 645 741 
395 395 432 
110 733 
172 298 
261 355 415 415 
118 
526 
323 
449 
337 346 
253 
379 459 
112 171 171 271 560 
304 304 421 421 421 551 
7 7 601 613 
248 312 312 


5 22 79 99 99 

272 272 375 478 484 
64 106 156 239 239 242 242 255 255 503 
569 
199 199 203 
5 5 365 
106 156 156 449 476 476 479 479 
444 444 
433 607 607 
118 470 647 
1 56 156 156 156 255 430 
2 2 117 117 131 551 551 750 
352 352 395 395 
22 22 22 120 120 120 159 213 213 260 305 354 354 397 515 
108 
341 341 
307 569 716 
393 393 
257 381 
29 29 214 297 741 
491 
502 583 583 
133 133 133 750 
472 472 472 
473 488 
53 239 448 448 597 597 
241 350 350 379 739 761 
8 10 10 10 136 195 257 257 312 312 312 343 343 422 422 433 433 435 436 443 443 571 599 607 607 618 729 

117 228 342 342 417 417 

601 
248 248 248 
284 
124 282 282 342 
547 547 633 633 
256 382 660 734 734 739 
380 
589 703 703 703 716 716 
279 279 312 312 
212 212 253 
129 392 399 464 464 464 726 
189 189 667 

366 366 366 510 510 715 
53 53 618 618 679 
444 
5 5 581 


445 
10 
56 60 156 

68 668 739 
356 356 356 
37 339 339 339 733 733 
26 26 26 148 203 
47 
257 257 512 701 
342 342 342 428 
5 213 213 635 
446 446 446 534 
65 65 83 224 224 342 342 342 677 677 683 
5 5 40 63 171 348 370 696 
424 621 
67 67 67 
205 
565 
215 354 469 
9 88 344 506 582 
490 496 
385 582 
507 
21 442 614 
95 190 190 190 190 203 203 203 399 552 552 552 672 
342 704 
65 286 286 
373 
76 76 76 
158 581 
326 397 505 
81 228 
721 748 


387 525 
3 3 179 241 455 455 606 620 
741 
222 320 
5 163 506 506 
523 523 
207 534 

111 568 
342 342 667 739 739 
214 739 756 756 
221 221 

317 

5 340 
56 60 60 64 64 64 106 242 280 448 460 463 590 590 590 
203 263 263 720 750 
134 616 616 725 
67 238 238 354 409 461 
739 739 
6 201 278 
254 254 639 
144 213 528 
393 
584 720 
171 
191 191 247 341 341 341 654 
176 243 
566 
369 
47 47 118 166 496 593 
38 309 
16 16 

292 292 489 667 667 
168 699 699 699 
704 754 
208 208 357 357 
141 367 435 700 713 713 
418 739 
271 271 688 688 688 745 

343 
679 679 



5 
96 96 398 667 
129 129 129 129 402 739 739 748 748 
167 167 
222 
323 
631 631 631 
81 
203 203 445 603 
543 666 
16 16 416 416 601 601 601 664 
58 58 203 203 
524 717 717 
161 667 752 752 

26 26 26 58 111 129 129 129 157 196 196 199 199 262 262 264 290 290 301 322 341 341 341 342 342 342 386 386 386 393 423 486 501 501 539 539 540 540 577 592 630 631 631 648 648 648 673 715 
275 
121 
599 661 
33 33 146 655 
178 178 357 
246 
5 
286 335 335 464 595 595 
94 94 253 
67 67 115 115 163 222 225 225 273 273 299 446 498 498 504 534 545 595 595 595 620 646 719 
16 16 73 150 741 
123 607 
752 752 
290 
23 23 262 262 501 501 
559 

151 151 403 452 553 
143 192 213 428 428 718 

10 10 10 117 117 342 342 342 417 750 750 758 
213 213 275 364 542 542 593 593 738 
428 428 675 
366 596 
83 136 
284 284 
295 295 399 399 570 570 


710 

305 305 
745 745 745 

159 159 
56 56 79 408 580 590 590 757 
5 488 676 
80 141 312 455 606 618 649 649 649 739 739 739 745 745 
56 56 156 
168 428 598 
716 
601 601 
209 337 337 337 342 342 411 411 411 456 589 589 589 
4 4 167 341 
50 86 86 86 708 708 

358 
433 686 
10 
45 94 212 377 
162 162 489 639 667 
56 56 64 635 
90 679 
72 81 81 113 113 529 529 649 
318 318 626 626 626 626 739 739 

67 364 364 364 
39 302 302 618 633 655 
23 23 203 203 218 218 
157 157 
203 
661 739 
462 462 
353 366 725 
563 563 
548 548 675 675 
332 332 
47 181 181 
5 55 55 
213 213 598 760 760 
389 
204 225 

632 632 
16 16 16 35 35 161 287 404 432 432 476 477 477 522 633 633 633 
93 93 312 
156 590 638 638 
561 611 611 633 633 
2 88 88 
399 
87 229 229 548 548 
10 519 705 718 
131 131 211 341 341 464 
278 


30 203 203 217 377 648 648 
716 716 
5 5 175 175 366 370 370 687 687 739 739 

298 584 691 
230 230 342 731 731 
16 16 16 326 376 424 424 487 
73 
38 294 493 610 636 642 686 692 739 739 739 
213 353 353 
422 
28 203 723 
261 261 
428 
48 48 323 379 
67 235 235 446 
323 
5 70 560 560 560 604 604 
32 32 32 
172 

26 579 
10 10 50 50 81 81 81 93 93 241 279 342 342 342 402 486 486 536 711 739 739 
1 
409 409 
704 
343 436 
2 2 153 
258 258 354 
619 707 
143 428 508 
394 548 713 
203 625 630 
42 193 304 306 421 588 658 
572 756 
708 
135 296 


708 
373 373 373 595 595 601 

270 270 
16 16 364 547 547 633 658 658 
760 760 
211 211 

44 246 246 246 342 342 
609 609 
110 110 110 733 
155 448 
4 69 69 167 167 167 203 203 203 247 286 286 417 417 643 684 706 
83 83 88 114 114 114 117 117 117 130 149 149 203 203 203 224 224 224 246 246 295 312 312 312 337 337 399 399 428 428 518 539 539 643 643 653 667 704 731 739 762 762 
8 81 81 183 316 433 433 585 585 640 640 761 761 761 
124 
691 
44 

5 118 441 441 

80 80 622 

66 66 395 395 432 432 432 
267 299 299 
67 67 123 159 318 360 527 
39 
109 109 109 568 568 568 
4 4 4 178 178 208 578 
250 
461 
354 
569 
744 744 
406 498 498 539 539 539 576 
225 260 260 260 333 
5 59 
98 98 98 227 267 292 470 470 596 715 739 751 
5 179 719 
665 
170 
118 292 292 654 
690 
548 548 689 
132 330 330 330 498 498 

55 
12 12 15 16 296 553 
253 290 425 425 617 
16 16 
46 80 304 388 
91 
72 
90 632 

728 
26 126 
203 203 203 
5 5 140 716 
379 696 696 739 
274 
601 601 701 
570 739 739 739 
95 
71 71 164 203 625 625 
16 321 429 
20 36 36 66 66 352 352 663 

67 135 
189 
95 129 230 230 283 342 342 726 726 
16 16 424 424 473 

190 312 657 739 739 739 
221 764 
17 17 278 430 

363 
601 601 601 
239 
159 314 314 575 
460 546 
246 246 246 455 455 
432 
558 558 
633 
39 39 521 
198 198 665 665 665 
83 83 224 341 341 
180 
693 
633 633 677 677 
48 48 48 323 
81 81 300 475 599 729 
203 686 
119 296 296 400 400 
377 377 431 555 648 
498 
2 
26 26 26 114 222 222 226 226 243 303 320 342 342 478 478 566 652 675 689 689 
394 
64 404 499 701 
425 
36 278 278 352 352 352 412 
62 81 81 251 343 343 

81 179 729 
81 316 

531 
545 612 
662 
5 348 348 
16 16 128 590 590 590 600 626 626 
17 17 17 81 81 695 695 695 
61 61 100 546 643 721 721 
104 196 
116 116 116 213 305 
601 601 677 677 
79 79 156 340 
43 60 
657 
5 767 767 
221 514 514 633 633 
720 

141 141 241 411 411 
246 

496 
46 
156 410 
159 359 710 710 
26 266 266 
156 
95 95 95 211 286 672 

5 17 17 

629 739 
123 
63 366 366 
595 
10 77 77 77 
78 400 
761 
422 
60 60 278 
278 278 
55 428 428 595 595 
60 60 
532 617 617 


752 
29 29 29 55 605 
16 16 626 724 
203 312 312 
296 
78 240 
175 254 
125 496 
74 605 605 

14 298 739 
719 
693 695 695 695 
125 171 458 490 597 
664 664 664 695 
213 213 363 363 373 373 426 
430 
638 
11 23 203 203 218 218 719 
75 667 667 
24 24 24 56 
5 213 
135 
124 144 144 
127 693 695 
320 566 566 

98 98 725 725 725 
669 669 739 
113 747 747 747 
716 716 
452 452 596 
67 521 

742 742 
342 638 
285 

22 22 415 515 
278 
145 145 
200 696 
140 
41 
354 
163 
257 257 649 649 701 705 
576 763 
438 540 540 
480 696 696 
5 5 
116 146 213 765 765 
756 
312 
719 719 
563 588 633 
203 203 342 342 363 363 363 629 
26 26 203 203 531 531 570 

225 225 738 
197 544 
543 
213 439 546 612 643 643 
410 444 545 
16 89 89 333 333 563 573 702 
16 16 269 269 284 284 321 372 372 739 

741 741 
48 65 65 637 637 
8 8 8 129 129 129 
16 221 376 
697 697 
425 
29 29 35 35 
622 
413 413 632 
219 
47 307 307 307 
16 16 281 569 
661 676 
268 268 538 547 
613 
122 763 763 763 
169 428 508 508 599 599 

26 148 356 356 356 
35 35 57 70 361 561 670 670 670 
230 230 391 540 574 574 574 
81 
324 
547 
570 570 570 
409 
363 530 
203 603 
357 706 
21 311 
239 
101 134 
9 124 126 739 
75 75 739 
165 294 636 
343 343 761 761 
5 589 
658 
323 538 635 658 658 658 709 
92 246 246 246 586 633 
156 156 156 239 239 280 442 442 442 626 

203 
171 225 225 

211 211 213 213 213 330 330 471 478 478 699 
227 366 514 725 
79 79 496 
243 273 624 
81 206 422 566 566 661 
442 
16 49 85 198 198 198 245 245 330 390 390 407 407 407 447 447 613 647 647 660 664 664 695 730 730 

196 577 722 722 
307 307 
484 491 491 
141 241 
29 29 62 62 81 81 215 
649 
30 338 338 
298 
16 281 281 
439 545 
7 7 7 49 564 601 746 746 
128 759 

158 158 
377 480 480 
81 99 99 241 261 
319 
141 213 
119 
350 557 642 642 739 743 743 
5 5 
35 598 
28 322 393 393 
16 21 21 258 258 258 258 442 442 485 590 


16 468 539 
203 322 
194 194 194 203 203 
277 277 382 558 739 741 
3 3 16 16 16 89 89 261 278 278 278 281 281 333 414 420 420 452 452 538 589 655 708 708 

5 5 115 255 588 
298 584 744 
551 551 643 
280 280 500 518 
162 254 667 
343 343 662 662 662 

298 622 622 739 
341 342 342 444 545 545 637 667 667 704 704 732 732 

35 741 741 746 
213 751 751 751 
63 601 601 
203 203 203 290 290 425 
10 10 10 10 14 241 241 241 257 529 529 608 

5 
428 754 754 754 
342 
167 370 
207 261 633 
760 
402 450 
323 333 333 587 588 588 588 674 

90 601 
206 265 562 599 
440 640 640 640 733 
5 395 
198 497 497 497 601 601 695 
19 19 368 416 416 416 
197 
26 96 149 175 175 189 201 254 342 502 502 639 643 643 739 739 762 
108 
511 511 
569 569 569 
694 694 
129 464 
203 
658 
226 269 269 428 
26 26 240 562 
117 117 420 420 447 447 
756 756 
99 184 184 256 

30 30 
5 
117 
341 706 
739 
251 298 423 
292 292 737 737 
181 181 181 717 739 739 739 
372 428 428 
371 
294 345 
298 
419 495 507 
671 671 745 
443 443 443 495 495 495 497 507 601 664 
118 388 388 524 532 532 717 717 739 
554 554 
725 
176 176 176 595 
179 
113 390 430 529 
16 16 16 547 
92 92 92 
130 177 315 342 643 643 
10 285 529 
341 578 684 
23 319 
248 248 325 329 633 633 733 733 756 756 756 
16 588 
233 461 461 
312 
26 26 
179 179 321 

98 203 366 
70 92 92 244 291 291 387 513 513 
200 200 688 696 696 
222 285 
17 213 367 494 501 537 537 
157 165 453 
10 137 444 444 739 739 
603 603 
301 
16 16 485 
158 267 510 510 510 596 698 
95 399 399 

384 
81 422 435 
601 601 
295 295 342 
643 643 763 763 
37 110 110 339 662 708 708 753 756 
90 90 


687 687 
225 542 
5 10 10 10 14 14 16 16 16 24 24 80 90 108 149 149 150 160 160 180 190 190 241 241 241 258 258 265 292 292 298 298 298 312 312 342 366 388 391 391 391 402 402 402 468 493 511 548 582 583 622 632 642 667 667 685 688 688 688 696 721 721 745 745 745 748 751 

7 16 16 16 35 73 142 214 550 550 632 645 645 
517 517 
622 622 
362 362 636 
181 236 236 236 241 241 694 739 739 739 
613 613 645 
512 512 512 
137 190 190 739 

65 76 157 224 224 
366 646 646 646 739 
201 201 216 216 483 
733 
177 652 652 652 

150 150 324 535 678 678 708 708 708 733 
239 759 
224 
5 614 757 
273 273 334 334 656 
80 343 343 343 474 585 585 
342 342 667 
530 565 565 565 732 732 
403 
534 534 

451 451 
