nodes: 768 edges: 1408
5 5 
64 64 313 
65 427 
141 633 633 
247 341 402 
0 0 53 53 55 55 59 79 79 99 115 119 144 144 144 144 163 174 188 210 239 240 272 292 307 340 348 370 387 387 395 441 448 484 488 506 567 567 586 635 635 651 651 654 654 663 682 719 739 739 739 759 

49 49 550 613 
81 316 763 
124 314 582 
81 81 81 105 105 121 121 224 224 252 257 265 285 312 529 599 599 649 649 705 721 721 739 

35 
159 159 409 
739 739 739 
60 296 376 
35 35 35 198 198 198 214 214 278 278 296 296 333 333 376 378 378 400 485 492 492 547 547 547 548 548 548 561 569 601 601 601 611 611 626 626 629 633 633 633 709 724 724 724 739 739 741 741 741 
404 404 443 443 443 443 466 466 719 
34 
665 665 
352 352 395 
72 72 128 128 626 
53 67 
501 501 707 707 707 
503 689 739 

111 111 148 203 203 203 266 266 311 311 385 385 428 428 428 540 540 568 667 676 712 
30 
301 625 
73 73 484 484 556 569 607 
27 203 203 290 609 681 
533 
308 308 516 
423 423 423 
18 
12 16 16 16 273 278 327 327 327 432 432 569 569 624 624 645 741 741 
432 432 522 
339 339 733 733 
456 456 
355 

342 
323 
316 449 449 
246 337 

379 459 
112 112 213 271 271 
304 304 421 421 421 588 
7 7 613 
248 312 
666 666 
457 580 
5 5 22 99 
600 
5 5 272 272 272 484 484 484 
64 106 156 156 239 503 
569 569 
199 203 238 
5 365 
15 106 156 476 476 

433 517 517 517 599 607 607 
118 366 
1 1 56 156 156 223 255 430 430 499 766 766 766 
2 117 750 
352 
22 159 159 213 213 354 397 397 446 446 515 515 521 
363 739 
98 157 157 341 
307 307 569 569 716 
634 634 634 
21 21 381 381 
29 29 214 297 460 460 460 741 741 
84 84 
297 583 583 583 
133 133 133 402 673 
352 472 472 
473 473 
5 5 448 597 
241 350 379 622 739 
8 10 10 10 136 170 170 206 206 257 257 312 312 312 343 435 435 436 443 443 599 618 618 
688 
117 224 342 680 
74 74 

248 
284 284 
124 282 282 342 
547 547 633 
382 382 739 
380 751 
703 716 716 
279 312 
203 203 212 253 679 679 
129 129 392 392 392 392 464 464 464 
189 556 627 667 

69 366 510 715 
5 53 618 618 618 679 
444 444 704 704 

395 
704 
299 299 
10 10 
56 60 156 
544 
312 668 739 
486 
339 733 733 
26 26 157 203 
47 47 307 
257 512 
150 428 675 
5 635 635 700 
431 446 534 534 534 
65 83 224 342 342 427 657 683 683 
63 348 348 348 654 654 696 
5 424 621 621 

10 10 203 203 205 205 
565 640 640 
469 469 
9 88 582 
490 490 
374 385 385 
507 
21 21 614 
95 95 190 190 203 203 203 399 552 
704 704 
286 286 

76 76 76 217 
158 158 158 581 581 
326 326 505 663 
81 228 
748 
313 708 708 
739 
244 387 387 617 
3 179 179 179 179 241 241 606 620 620 
741 741 
222 
5 5 5 5 163 163 
523 
207 534 
654 654 
26 
342 667 
114 214 214 739 756 756 756 
221 739 

317 317 
622 
340 340 388 388 448 
56 56 60 64 64 106 239 448 460 590 
69 69 111 203 203 263 341 720 720 720 750 
134 134 134 581 581 
13 13 67 67 304 354 409 409 461 
342 459 739 739 
278 
254 254 295 561 561 
5 144 144 213 528 
634 

171 703 
191 191 247 247 262 565 654 
176 176 243 243 537 

81 81 283 283 435 571 
166 


5 
292 292 427 667 
168 168 504 699 
312 704 704 739 
357 
141 141 141 141 218 218 218 239 435 700 713 713 
418 418 739 
271 688 745 

343 
679 679 
393 

756 756 
5 272 
96 398 
129 129 402 657 
167 167 
222 677 677 
674 674 
210 210 631 
672 
203 445 603 603 
543 543 
16 16 16 601 664 664 
58 203 648 648 
524 524 717 717 
616 667 667 752 752 
741 
26 26 26 30 30 58 94 94 111 121 121 129 129 129 157 157 196 199 218 253 262 290 301 301 337 341 341 341 342 342 342 386 393 399 399 423 423 423 467 486 486 501 501 501 539 539 570 592 592 648 648 648 681 715 715 723 
275 542 542 
121 121 
81 81 599 661 661 676 676 
146 633 655 655 735 

246 337 
5 194 194 531 531 
335 464 595 
94 
47 67 67 163 222 273 299 299 498 534 545 593 595 595 620 719 
16 16 73 150 150 
354 
752 752 
133 282 282 290 
179 179 179 203 501 501 
559 596 
459 
151 403 452 
143 192 213 401 428 428 428 718 719 719 
64 
10 10 83 117 342 342 342 417 438 438 438 750 
275 275 396 542 728 738 

366 514 
136 

288 288 295 295 399 570 570 
264 
383 383 384 
710 710 
373 

632 739 745 745 
739 
58 
5 56 156 179 509 590 713 
5 488 488 676 676 
80 141 141 455 649 649 739 
503 503 503 
168 168 428 508 598 
140 

44 209 337 342 342 411 411 611 611 611 611 
4 167 167 341 
50 86 420 708 

424 424 
433 433 506 506 686 686 686 
10 705 705 
94 203 
162 162 489 667 
64 561 

10 81 81 113 522 529 529 649 
318 318 626 
278 
364 
302 302 333 333 355 415 618 618 633 633 655 
167 203 
157 
231 
10 739 739 
26 26 568 712 712 
366 725 
298 563 563 563 
675 675 
332 
47 47 181 756 756 
5 55 55 55 188 
35 213 396 656 760 

204 225 225 542 

346 632 632 
16 16 35 161 259 287 404 432 432 434 434 476 477 522 633 740 740 
93 425 

509 561 561 611 611 633 
88 88 217 217 
170 170 
87 87 548 
10 519 718 718 
131 131 335 335 335 464 464 551 551 
278 718 
230 230 
489 
30 203 217 648 648 

5 175 175 366 687 739 

309 636 691 691 
162 230 230 342 731 
15 16 16 326 347 347 505 505 
73 75 
268 493 493 610 636 642 686 686 739 
104 104 213 213 353 353 353 363 406 
422 
28 203 203 715 723 
261 261 

48 48 159 323 
446 
323 
5 70 70 112 387 560 560 604 
32 32 656 
294 691 691 
607 607 
26 26 385 579 
10 50 81 81 81 93 108 177 342 342 536 739 
1 138 
9 575 575 

8 43 436 
153 153 
258 258 354 
707 
428 508 
394 713 
577 577 625 
42 304 306 421 421 538 588 588 
572 708 
708 
135 135 296 505 
35 35 35 741 

708 
373 490 595 595 601 

270 
16 16 261 261 364 633 633 658 658 
760 
211 286 286 286 

44 203 209 246 
609 609 
37 37 110 733 733 
5 155 155 448 448 
4 69 157 203 203 203 247 357 417 483 544 684 706 706 720 720 720 
41 83 88 117 117 149 160 203 203 203 224 224 224 246 246 295 312 312 399 399 428 428 465 539 643 643 643 667 704 739 739 754 
81 183 433 433 585 585 585 
466 
691 
277 
296 296 627 627 
5 118 118 118 441 
497 507 695 
80 622 622 
368 
20 20 66 77 395 432 472 
299 299 299 
67 159 215 318 360 360 469 527 
39 261 618 
568 
178 341 
359 359 
358 358 
354 354 
569 
744 744 
68 299 530 530 539 539 576 576 
260 333 
59 
63 98 227 267 292 470 510 596 739 751 751 
742 
351 665 
648 
5 

548 548 
234 330 406 406 406 498 595 
126 
379 392 
15 16 553 
554 617 648 648 648 697 
16 16 
46 80 375 
91 569 
72 72 
90 90 734 
232 232 
232 728 
26 26 126 126 311 579 579 
203 631 
5 5 140 140 307 
155 155 739 739 

591 591 701 
570 712 712 712 
95 95 95 95 375 484 484 
185 203 625 696 696 
321 429 429 
5 20 102 352 663 682 
225 273 
67 67 582 
189 667 667 
129 203 203 230 342 342 726 726 
16 424 
222 
4 76 190 739 739 
221 764 
17 17 278 430 522 
635 
299 373 373 373 


13 159 159 575 
460 546 
246 246 455 455 

558 558 
633 
261 
665 
224 341 
180 180 511 739 
693 693 
248 633 633 677 677 677 
48 48 48 323 323 
300 475 475 729 
33 33 33 203 203 203 686 686 755 
119 250 250 400 473 473 473 
279 555 555 648 

2 117 175 
26 26 26 114 222 222 222 243 320 342 342 478 478 566 566 566 689 689 
394 394 
64 64 404 499 701 701 
116 
35 35 36 36 278 278 352 
62 251 251 343 343 
278 278 
81 81 170 179 729 
81 316 

224 224 224 531 531 
545 612 
662 733 
5 348 
590 590 600 614 614 747 
17 17 17 17 81 81 695 695 
100 100 546 643 721 
196 
67 67 116 305 
601 677 677 
5 79 155 156 340 340 
43 43 
657 657 
537 537 
221 514 514 514 589 589 


241 411 411 
38 38 
52 583 
496 
46 160 220 545 545 
73 73 73 156 410 
159 710 710 


95 95 95 211 286 286 
342 
17 17 344 
203 
739 739 
123 123 354 
366 

77 77 352 
78 78 424 424 424 

422 422 487 487 
60 60 278 633 
278 
428 428 595 595 

532 617 
501 501 

341 
5 29 29 55 55 55 392 392 
16 626 
109 203 203 
475 475 654 
5 240 240 
254 289 
125 125 330 496 702 

16 16 
298 298 
719 
507 693 693 
458 490 597 597 
349 664 664 695 
213 373 
64 430 

23 23 203 203 203 218 218 481 481 603 719 

24 56 242 242 242 
176 595 
135 296 296 326 
5 251 251 
127 349 495 693 
243 320 
239 281 
98 366 
418 669 669 739 
113 747 
716 
227 452 452 452 
67 67 521 
32 638 638 711 
62 62 62 742 742 
536 638 
285 

67 515 
36 257 278 404 
145 
200 200 

748 753 
354 
163 563 563 669 
10 257 257 701 705 
363 363 576 
210 210 438 438 540 
480 696 
31 
116 116 116 146 213 765 
756 
312 518 
168 451 451 737 737 
323 563 563 588 588 633 
203 203 342 363 363 629 
26 26 531 541 
540 
204 204 225 275 
197 197 
107 341 
213 439 459 459 612 
410 444 
16 16 16 89 89 563 
16 16 16 284 372 372 739 739 

7 741 
286 286 637 637 
129 
376 
377 697 697 
425 425 
29 96 
739 767 
413 413 
219 
307 307 
16 162 162 255 281 281 

268 268 268 528 528 538 538 547 

122 167 763 763 
428 428 428 599 
5 5 
26 266 356 
16 29 35 35 57 57 70 70 361 380 670 670 
203 230 230 391 574 574 
170 
324 

570 570 739 
314 314 409 
363 363 530 
322 322 603 
706 
311 385 385 
52 757 
134 134 158 158 
9 124 397 764 
75 75 75 457 667 739 739 
636 
343 343 343 761 
5 
658 
48 323 323 538 538 635 709 
452 452 633 
156 239 442 442 626 
390 390 601 
203 203 
213 

211 213 213 330 330 373 478 478 504 699 
219 366 725 
79 496 496 
243 624 
10 10 62 81 206 566 661 
54 442 
16 16 16 198 330 447 591 647 660 660 664 695 
660 660 
196 196 501 577 722 722 
307 

141 
29 62 62 310 310 
649 649 
30 338 338 705 705 
298 745 
16 16 246 246 246 246 281 281 
439 545 
7 49 
128 442 442 759 

201 
140 377 480 648 
81 81 99 99 99 261 261 355 

141 141 213 
119 119 
80 154 350 350 642 743 

35 35 598 
28 322 393 
16 16 21 258 485 590 
96 347 347 

16 539 

194 386 
236 277 277 739 739 739 
3 3 16 16 16 89 207 261 261 278 281 333 333 414 420 420 476 538 589 655 708 708 
71 71 71 164 
5 5 115 115 405 588 759 
294 298 584 
551 551 
516 516 518 
667 
122 122 

298 622 739 
342 342 342 444 667 667 667 704 704 

35 746 
751 
601 
199 199 203 203 203 290 290 369 377 377 377 425 617 
10 10 241 241 257 608 608 

5 5 
754 

5 5 118 118 147 147 167 487 
207 207 261 633 
273 308 
117 190 450 450 
333 333 587 690 

601 601 602 602 
206 206 599 
440 
5 135 395 
198 198 497 497 601 695 
19 19 368 416 
51 51 
26 96 149 175 201 201 254 342 398 398 583 639 643 643 643 739 739 
108 
511 511 528 
569 569 
694 694 694 
195 
76 
193 193 
114 269 269 
26 206 206 240 240 
192 192 420 420 420 447 447 
733 756 756 
94 94 99 184 184 
83 
30 203 
5 395 
117 117 
341 
739 
251 251 251 298 298 423 423 
292 
82 181 717 717 717 739 739 739 
24 428 428 754 
658 
294 294 309 309 345 

419 419 495 495 507 
671 671 671 
349 443 443 497 601 664 
118 393 393 532 714 739 739 739 
377 554 554 
725 
176 595 
115 179 
390 430 430 529 
490 
92 166 716 
100 100 103 130 130 177 177 342 643 643 
10 252 252 529 609 609 
341 341 578 
23 23 23 319 
138 138 248 324 325 329 633 633 733 733 749 756 
16 588 
233 233 461 461 
516 
26 266 266 391 391 391 
179 179 239 321 
696 
98 203 203 301 
70 92 92 513 703 
200 200 688 688 688 
222 285 285 287 
5 17 213 222 222 494 501 
157 157 157 341 341 341 
10 10 444 739 739 
603 603 
203 301 
16 16 16 
267 596 698 
399 399 

225 384 
422 435 

295 
763 
37 37 110 110 339 339 440 678 708 708 749 756 756 756 
382 
207 

537 537 739 
225 
5 5 5 10 14 14 14 16 16 24 68 80 90 108 139 150 151 160 160 177 180 236 237 241 265 265 292 298 312 342 342 366 388 388 402 402 418 468 468 511 548 548 557 574 583 583 632 632 632 642 667 667 685 688 688 688 696 696 696 721 721 737 745 751 751 
278 278 
16 16 16 35 35 73 73 142 142 202 327 550 
367 517 517 
622 
362 362 
181 236 236 610 739 
645 
442 512 
137 526 
708 733 753 
65 157 224 
91 366 366 646 739 739 
201 201 216 216 
526 749 
342 652 689 
423 
150 150 150 187 187 271 271 535 678 678 708 733 733 733 
580 759 

5 614 635 757 
273 334 
585 

8 565 565 732 
403 582 
534 
64 64 64 
557 
