nodes: 768 edges: 2328
5 5 
64 64 64 313 
117 117 282 282 317 317 427 
89 633 633 
191 203 247 247 341 341 357 
0 0 6 6 6 53 53 55 55 55 59 59 59 79 79 99 101 101 101 115 118 118 119 144 144 144 147 147 163 174 188 194 194 210 210 210 213 213 221 221 221 239 239 239 240 240 272 272 292 292 307 307 340 340 340 340 348 348 348 365 367 367 370 370 387 395 395 405 441 448 451 466 484 484 488 504 504 504 506 506 506 533 533 537 537 567 586 586 623 623 635 635 635 635 651 654 663 663 682 682 700 700 719 719 739 739 739 739 759 759 
5 5 5 
49 49 550 613 613 613 741 
81 81 81 177 316 316 316 343 343 552 
124 124 582 
81 81 105 105 105 105 224 257 257 265 274 274 274 285 285 312 312 472 472 472 472 472 529 529 599 599 599 649 649 649 705 721 721 721 739 

16 35 35 376 376 
409 409 
493 493 493 739 739 
60 296 296 376 376 376 
12 35 35 35 57 173 198 198 278 278 278 296 296 296 333 333 376 376 378 378 400 429 442 485 485 492 505 505 505 547 548 553 553 561 561 569 569 600 601 601 601 611 626 626 626 629 633 633 702 709 709 709 724 724 739 739 741 741 
404 404 404 443 443 466 466 466 719 
34 550 
665 665 
352 395 395 395 395 395 
72 72 72 72 128 128 
53 53 53 53 53 67 67 67 232 521 521 521 
218 218 218 218 262 262 262 481 481 707 707 707 707 
190 312 312 503 503 503 503 689 739 739 
123 123 
111 111 111 111 203 203 266 266 266 311 311 311 385 428 462 462 462 474 568 667 676 712 712 
30 30 506 
203 203 301 301 625 625 625 
73 73 73 484 484 484 556 556 569 569 569 569 607 607 
27 27 203 290 609 609 681 
533 533 
308 308 308 308 516 516 
207 207 207 423 
18 142 
12 12 16 16 16 273 278 278 327 327 432 556 569 569 645 740 741 741 
352 352 395 432 432 472 
110 339 733 733 
172 172 309 456 456 456 456 
261 355 355 355 415 415 
118 118 
342 526 
323 323 
316 316 449 449 585 615 615 
337 337 337 337 346 

379 459 459 
112 112 112 171 271 271 271 307 307 
304 304 304 304 421 421 421 551 551 551 551 658 
7 7 613 613 
248 312 711 
666 
457 
5 5 22 22 22 22 22 99 99 99 99 448 
600 600 
5 5 5 272 272 272 272 375 375 375 392 478 484 
86 106 156 156 239 239 242 503 503 
16 569 
199 199 203 238 238 238 
5 5 5 365 365 
15 106 156 156 476 476 479 479 
339 
433 433 433 433 517 517 517 562 599 607 607 607 
366 470 647 
1 1 1 156 223 255 255 430 430 430 430 499 499 766 766 766 
131 131 131 131 
352 352 395 395 395 704 
22 22 22 120 120 159 159 159 213 213 260 260 305 305 354 354 446 515 515 521 521 
108 108 108 653 739 
98 341 341 
307 569 569 569 716 716 
634 634 634 
21 21 21 21 257 257 381 
29 29 29 460 460 460 460 741 741 741 747 
84 84 491 491 491 
502 502 583 583 583 583 
133 133 133 673 750 750 750 
352 472 472 472 
569 
5 5 239 239 239 597 597 
241 241 241 622 622 622 739 739 761 
8 8 8 10 10 136 136 136 170 206 257 257 300 312 312 312 343 343 343 422 422 433 433 435 436 443 443 571 599 599 618 

117 224 224 228 228 342 342 342 417 500 680 
74 74 
601 
56 248 248 248 625 

124 282 282 
3 547 547 547 
256 382 382 382 382 660 734 
380 380 
589 589 703 703 703 716 716 
279 279 
184 184 212 212 253 679 679 679 
129 129 129 392 392 392 464 464 726 
189 189 556 556 556 556 556 
759 
69 366 366 510 510 510 715 715 
5 53 53 53 53 618 618 618 679 
444 
5 5 5 
395 395 395 
342 342 704 
299 299 359 445 
10 10 10 10 529 529 529 
56 60 
544 544 
68 68 68 312 312 668 668 739 739 739 
356 356 356 356 356 486 486 486 486 
37 339 339 339 339 733 
26 26 26 26 148 148 148 148 148 157 203 203 
47 47 47 307 307 307 
512 701 
342 342 675 675 
5 213 213 635 700 700 
213 213 431 446 446 534 534 534 
2 2 83 224 224 342 342 342 628 657 677 677 750 
5 5 40 40 216 216 348 370 370 654 654 654 654 
5 243 424 424 621 621 621 621 
67 67 
203 203 205 205 205 205 
565 640 640 
25 25 215 215 354 354 354 469 
9 9 88 506 507 582 
490 496 496 
385 582 
507 
21 21 442 614 
95 95 95 190 190 203 399 552 552 672 
342 342 342 704 704 
65 65 65 65 286 286 286 
373 
76 76 76 
158 158 581 581 616 616 
326 326 505 
81 81 81 228 228 274 
721 748 748 
313 682 708 708 
739 739 739 
387 387 525 617 
179 241 455 455 606 606 620 620 
34 741 741 
672 672 
5 5 5 163 506 506 506 
523 
207 207 534 534 
5 5 654 654 654 
111 111 111 111 111 568 568 568 
342 667 739 739 739 
214 739 756 756 756 
221 221 221 221 739 739 739 
739 
317 317 

340 340 388 388 448 448 448 739 
56 56 60 60 64 239 239 239 280 463 590 
111 203 203 203 263 263 341 341 720 720 
134 134 581 581 581 616 725 
67 67 67 304 304 354 354 383 461 710 710 
459 739 739 739 739 739 
201 201 201 201 
295 561 561 561 639 639 639 639 
5 144 213 353 353 353 528 528 528 
393 634 634 
294 584 584 584 
171 171 171 
191 191 191 247 247 262 262 262 262 341 654 
176 243 473 
566 
81 283 283 283 283 435 435 435 571 
47 166 166 166 243 593 
38 38 294 309 
16 
5 639 
292 292 292 292 427 489 667 
168 504 504 504 699 
8 704 704 704 704 739 
208 247 357 357 
141 218 218 218 239 239 435 713 713 713 713 
418 418 607 739 
271 271 271 688 745 745 745 

343 
94 94 679 679 
393 739 

756 756 
5 272 272 272 272 272 
96 96 398 667 
24 129 129 402 657 739 739 739 739 748 748 
4 167 167 167 
677 677 
674 
5 5 210 210 631 631 631 631 

577 603 603 603 603 
203 203 543 666 
16 16 601 664 664 
58 58 203 648 648 
524 
161 161 161 161 667 752 752 752 

4 26 26 28 28 30 58 111 111 121 121 129 157 157 157 197 197 199 218 218 253 262 262 262 264 264 266 266 290 290 301 301 301 322 322 337 338 341 341 341 342 342 342 374 386 386 386 393 393 399 423 423 482 482 486 501 501 539 539 539 539 540 540 544 570 570 577 577 592 592 630 631 648 648 673 673 681 715 
542 
121 121 121 121 402 
81 599 599 599 661 676 676 
33 33 33 146 146 633 655 655 735 
178 357 357 357 357 

5 5 5 194 194 531 531 
335 335 
94 94 
5 5 67 67 115 115 116 116 163 222 222 225 273 273 299 353 353 446 498 498 504 504 504 534 545 545 593 595 595 620 620 620 620 620 646 646 719 719 719 760 760 
150 
123 123 607 
118 118 752 
282 290 290 
23 23 23 23 179 179 179 203 203 262 501 501 
270 596 596 
324 
5 5 5 151 151 151 151 387 387 387 403 403 452 758 
213 213 428 718 719 719 
64 255 
10 83 83 117 117 342 342 438 750 750 758 
213 364 396 542 593 593 738 738 
428 675 675 675 
366 514 559 559 559 596 596 
83 83 136 136 
284 284 
288 288 288 295 399 399 399 570 570 
264 
22 383 383 383 
710 710 
595 595 
305 305 305 
274 739 745 745 745 745 
739 
58 58 58 
5 5 5 56 56 79 79 79 156 156 156 179 179 408 509 580 590 590 594 713 713 757 757 
5 5 488 488 488 676 676 676 
80 80 80 141 312 312 312 606 606 618 649 649 739 739 745 767 
56 713 713 713 757 
119 168 171 331 428 598 652 
716 
601 
337 337 337 411 411 589 611 611 
4 4 167 167 178 341 
50 86 86 86 655 708 
685 
358 358 358 760 760 
433 433 433 686 686 686 
705 705 705 
94 203 
489 639 639 667 667 
64 64 223 561 
90 679 679 679 
10 10 72 72 81 81 381 522 529 649 
318 318 318 454 626 626 626 626 739 739 

67 67 
39 302 302 333 333 415 415 415 618 618 618 633 633 633 655 
23 23 23 167 167 167 167 203 203 203 218 648 
157 157 
203 203 231 
10 661 688 739 739 739 
26 26 26 203 203 462 462 568 568 568 712 
366 366 725 725 
298 298 563 563 563 
284 284 675 
219 286 332 332 332 
47 47 47 181 181 181 535 677 756 756 
5 5 55 55 55 55 188 188 188 188 188 
35 213 213 396 598 
10 10 10 136 236 389 739 739 739 

718 718 718 
346 346 632 
16 16 16 35 35 404 432 432 432 477 522 633 633 633 740 
93 93 312 425 
156 590 638 638 
561 611 611 611 611 633 
2 2 88 88 217 
170 170 170 170 399 399 
229 229 269 269 372 548 548 548 
10 10 385 705 705 718 718 
131 131 131 270 335 341 341 464 464 551 551 551 
434 434 
230 230 230 
489 
30 203 203 217 217 377 648 648 
716 
5 5 175 175 175 175 366 366 370 370 370 470 470 687 700 739 739 
754 
165 172 309 584 636 636 
162 230 731 731 
15 15 16 16 16 347 376 376 424 473 505 505 505 505 

268 268 493 493 610 642 642 671 671 686 687 692 692 739 739 
104 104 213 353 353 353 363 406 406 
81 422 422 
28 28 203 203 203 715 
261 261 
428 428 
48 48 48 48 159 159 323 323 323 379 
67 67 235 235 235 446 446 
549 
5 5 47 47 70 112 112 112 387 387 560 560 560 604 604 604 
32 32 32 32 516 
38 172 294 691 691 

26 26 26 385 385 385 579 579 
10 10 24 24 50 81 81 81 108 108 241 241 241 279 342 486 486 536 536 739 739 
1 138 
409 409 575 

8 8 8 43 43 436 436 
2 2 153 153 
258 258 258 354 354 354 
619 707 707 
428 508 
333 713 713 713 
203 203 577 577 625 630 
42 42 304 304 304 421 538 588 588 658 658 
220 572 572 572 572 708 756 

135 135 505 
35 35 741 

708 
373 373 373 595 595 595 595 601 601 
243 428 428 
270 270 270 
16 16 261 261 321 547 573 573 573 626 633 658 658 
760 760 760 
211 211 286 

44 44 44 44 203 246 246 246 342 342 444 
203 609 609 
37 61 110 110 110 110 
5 5 5 5 155 155 448 
4 4 69 69 157 157 167 203 203 203 247 286 286 357 357 417 417 417 417 464 464 464 544 643 684 684 706 752 752 
41 83 83 83 103 103 114 114 117 117 117 130 130 130 149 203 203 203 224 224 312 337 337 399 399 539 539 643 643 643 667 667 704 704 731 731 739 739 754 762 762 
8 8 81 81 81 183 433 433 585 585 640 640 761 
466 466 
691 
44 277 277 
296 591 627 627 
5 5 5 118 441 
497 

368 368 
20 36 36 66 66 77 395 432 432 472 472 
163 163 163 213 213 299 299 299 
67 67 123 123 123 159 159 318 318 318 469 469 527 527 710 710 
39 39 39 
109 109 109 109 109 568 568 568 
4 178 178 208 208 208 208 341 341 
250 250 250 359 
104 358 461 461 

569 
744 744 
299 406 406 530 539 576 
225 
5 59 59 
63 98 98 227 267 267 292 292 510 510 510 510 510 596 596 725 725 739 739 751 751 
5 5 719 719 719 742 742 742 
351 351 665 665 665 

5 5 118 118 292 292 292 654 
658 658 690 690 690 
284 548 689 689 689 
132 330 330 330 406 406 406 406 498 498 498 498 595 595 
203 
55 55 55 379 379 379 379 642 
12 12 15 15 15 16 16 296 296 553 
290 425 554 554 648 697 697 
16 16 
46 304 375 375 375 375 388 388 
91 91 569 569 
72 257 
90 90 90 90 701 734 734 
159 232 232 232 
668 728 728 
26 126 285 311 311 311 579 579 579 
203 203 203 631 
5 140 140 221 221 221 307 307 716 716 
155 155 379 379 696 696 696 739 739 
274 755 755 755 
591 591 601 601 701 701 
570 570 570 570 712 739 739 
55 95 95 95 484 484 484 
164 185 203 203 625 625 634 696 696 696 
429 
5 5 20 20 20 20 20 36 66 66 66 102 102 102 352 663 663 682 682 682 
225 273 

189 667 
129 203 230 230 230 283 283 342 342 726 726 726 
16 424 473 473 

190 205 657 657 657 739 739 
221 221 758 758 758 
17 17 17 278 430 430 522 
5 635 635 635 
299 299 363 363 373 373 373 373 
601 
239 
13 13 314 314 575 575 
460 460 546 546 546 
246 246 455 575 
432 
739 739 
633 633 
39 39 261 261 261 521 
665 665 
83 341 341 341 341 
180 180 511 739 739 739 739 739 
693 
633 677 677 677 708 
48 48 48 323 
81 81 300 300 475 475 475 475 475 599 729 729 729 
33 203 203 686 686 686 686 755 755 755 
119 119 296 400 473 473 473 473 621 621 
279 377 431 555 555 555 555 648 648 
498 498 498 
2 175 
26 222 226 243 303 303 320 331 331 478 508 508 508 566 689 689 
16 394 553 553 
64 64 64 64 404 404 499 701 701 
116 425 
35 36 36 278 278 278 352 352 412 
62 62 62 62 81 81 251 251 251 343 343 
287 287 
81 170 170 170 179 
81 316 316 
511 
224 531 531 531 531 
545 612 
521 662 662 
5 348 
16 128 600 600 614 614 
17 17 81 81 695 695 695 
100 337 546 546 643 643 721 721 721 
104 
67 116 116 213 305 305 523 
677 677 677 677 
5 53 155 155 155 340 
43 43 526 
657 657 657 
5 537 537 767 767 767 
221 514 514 
720 720 
258 
141 141 411 
38 38 38 38 
52 583 
496 496 496 
46 46 160 612 
73 73 73 73 410 410 
159 359 359 710 
26 26 26 266 266 
156 472 
95 95 286 286 341 341 341 672 

5 17 17 17 344 344 

606 629 739 739 739 
123 354 354 
63 292 292 

10 10 10 10 10 36 77 77 77 352 352 463 
168 296 400 400 424 424 424 424 
26 761 761 
422 422 422 422 422 487 487 487 487 
60 60 633 
278 522 
55 428 595 595 595 
60 60 
532 617 617 617 617 617 
23 23 501 501 501 
203 203 
752 752 752 
5 5 29 29 29 55 392 392 392 
16 16 626 724 
109 109 109 109 203 312 312 715 715 
475 475 475 475 654 
5 240 240 240 
175 254 289 639 
125 496 496 
74 74 74 605 605 
16 709 
14 14 14 298 298 619 739 739 
719 
507 507 695 695 695 
125 125 458 458 458 490 490 
349 
213 213 373 373 373 373 426 426 426 530 
64 64 430 
83 638 
203 203 218 218 481 481 481 603 719 
75 75 667 667 
24 24 24 24 56 56 
5 5 5 176 176 176 213 213 213 595 595 
16 16 16 135 296 296 296 296 326 
5 5 5 27 124 144 144 144 
124 127 495 495 693 693 693 695 
320 428 428 428 566 566 
239 
98 98 98 366 366 366 366 366 725 725 
418 437 669 669 739 739 
113 747 747 
703 703 716 716 
227 452 452 596 
67 67 521 521 
32 32 308 711 
62 62 62 742 742 742 742 
638 638 638 638 
705 

22 22 22 67 67 415 440 515 515 
257 278 404 477 
145 446 
200 
140 716 
41 449 748 
354 354 
163 163 163 563 563 669 669 669 669 
10 10 105 105 105 257 649 701 701 701 705 727 
363 498 
210 210 438 438 438 438 
480 739 739 
5 5 31 31 
116 116 116 146 146 213 733 765 765 
271 756 756 
312 312 
5 5 451 451 719 719 719 737 737 737 737 
323 588 588 633 
203 203 203 203 342 342 363 629 
203 203 541 570 570 570 570 
540 
204 225 738 
197 544 544 
107 107 203 341 543 543 
213 213 439 546 612 643 
410 410 410 444 444 545 
16 89 89 89 333 563 573 573 573 702 702 
16 284 284 284 372 739 739 
306 
7 18 561 741 
48 48 48 48 286 286 286 586 637 
8 129 129 
16 16 376 429 429 
377 377 697 
425 425 425 425 648 
29 29 35 96 96 96 96 96 
622 650 650 650 739 739 739 739 767 
632 632 
227 227 227 
307 307 307 
16 16 162 162 162 255 281 550 569 569 611 
62 599 599 661 661 661 
268 268 268 528 528 547 
613 
122 763 
169 428 508 508 599 599 
5 
26 148 148 148 266 266 266 356 356 356 
16 16 29 29 29 29 35 35 57 70 70 70 78 361 380 380 561 561 670 670 
203 203 230 230 391 391 391 391 540 540 540 540 574 574 574 
81 170 
324 324 324 324 708 
333 333 333 547 547 547 
570 570 570 739 739 
314 409 409 411 
363 
196 203 203 322 322 
706 
311 311 385 385 385 
239 757 
134 134 158 158 158 
9 124 126 739 739 739 
75 75 75 75 457 667 667 739 
165 165 165 294 636 636 
43 343 343 761 761 
5 5 551 589 
658 658 658 
323 323 538 538 658 658 658 709 
92 92 246 586 633 633 
156 239 239 280 626 
347 390 390 601 
203 203 
171 213 225 225 
239 
213 213 234 234 330 330 330 330 373 373 478 478 478 504 504 
219 219 227 227 366 366 514 725 
79 79 
243 273 624 624 
10 10 10 62 81 81 206 206 206 422 562 562 566 566 661 661 
16 54 54 442 442 
16 16 16 85 198 245 330 330 390 390 407 591 613 647 660 664 664 664 695 695 730 730 
647 660 660 664 
196 196 196 196 501 722 722 722 722 
307 307 307 
491 491 
141 141 241 241 468 
29 29 62 62 62 180 215 

30 30 338 338 705 
298 745 745 
16 246 246 281 281 281 281 561 
439 459 545 
7 7 7 49 49 564 601 746 
128 442 442 759 759 759 
43 43 
134 134 158 
140 480 480 480 480 480 648 
81 99 99 99 241 261 261 261 
319 493 671 745 
141 141 213 213 213 213 213 
119 119 119 119 424 424 
80 80 80 557 642 642 642 642 739 739 743 743 743 743 
5 5 
598 598 
28 28 28 86 322 393 393 
16 16 16 258 258 258 258 333 485 590 
347 347 
117 
16 468 539 
203 322 
194 194 194 194 203 386 
277 558 558 
3 3 16 16 207 261 261 261 278 278 278 281 333 414 414 420 476 538 589 589 655 708 708 708 
71 71 71 164 164 393 
5 5 5 5 115 405 405 405 759 759 
294 294 584 584 744 
551 
280 280 500 518 518 518 518 
162 162 162 162 174 254 254 489 667 
122 122 343 343 

298 298 375 622 622 622 622 739 739 739 
341 342 342 342 444 444 545 667 667 704 704 732 732 

35 741 746 746 746 
213 213 751 751 751 
63 601 602 730 
199 199 203 203 262 290 290 377 425 425 555 617 
10 10 10 241 241 257 529 
557 557 557 739 
5 
243 754 
68 
5 118 118 118 118 147 147 147 167 370 487 679 
207 207 248 261 633 
760 760 760 
117 190 402 402 402 450 450 450 
48 323 323 333 333 371 371 587 587 587 588 588 588 690 690 

90 601 602 602 
206 265 562 562 562 599 599 
440 440 733 733 
5 5 395 395 
198 198 601 601 601 602 695 695 
19 19 368 368 368 416 416 
51 197 
26 149 175 189 201 254 254 342 342 398 502 502 583 583 639 643 643 
108 108 384 
511 511 528 528 528 528 
569 569 
298 298 619 694 694 
129 143 143 464 
76 203 203 
193 
114 114 226 226 226 269 
26 206 206 240 240 240 
117 117 192 192 271 420 420 420 447 447 447 447 
756 756 
94 94 94 99 184 184 256 256 256 654 
83 
30 203 
5 5 138 395 395 395 

341 341 706 
249 739 739 739 
251 251 251 298 423 423 423 423 
292 298 737 737 739 
181 265 717 717 717 739 739 739 739 
24 372 372 372 428 428 754 
371 371 371 658 658 
309 309 345 
298 298 739 
419 507 507 507 
671 671 745 745 
443 443 443 495 495 495 507 601 601 664 664 
388 388 388 393 393 393 717 739 
377 377 554 

176 
5 5 115 115 292 
113 382 390 390 430 430 529 529 529 
16 547 547 
92 92 92 513 513 716 
66 103 130 130 177 177 177 177 342 342 643 643 
10 252 252 252 285 285 519 529 609 
341 578 684 
23 23 23 23 319 319 
138 138 248 324 329 420 572 633 633 633 733 733 733 749 756 756 
16 16 16 492 588 
159 159 233 233 354 354 461 
50 516 
26 26 266 391 
179 179 179 179 239 239 242 242 242 321 321 321 

98 98 203 301 486 486 
70 70 92 92 244 291 387 387 513 513 525 703 
688 688 688 696 
222 276 276 276 285 285 756 
5 5 17 213 213 213 222 222 367 367 367 494 501 537 537 537 
157 157 453 453 
10 10 10 137 444 444 444 739 739 739 739 
603 603 603 603 

16 16 485 
158 267 267 366 366 510 510 596 
95 399 399 399 
529 
384 384 
422 422 422 
601 601 647 
295 295 342 342 
643 643 763 763 763 763 
37 37 110 534 662 662 708 708 708 749 749 753 753 753 756 756 
90 382 382 
207 

537 537 537 537 687 687 739 739 
225 225 542 
5 5 5 5 10 14 14 16 16 24 24 68 80 80 108 108 108 139 139 139 149 149 149 150 151 151 151 152 155 160 160 160 160 160 177 180 185 190 190 190 190 236 237 241 241 258 258 265 265 265 274 274 274 292 292 298 298 312 312 342 342 366 366 388 388 391 391 402 402 413 413 418 418 418 418 418 468 468 468 493 493 511 511 532 532 548 548 557 557 557 557 574 574 582 582 582 583 622 622 642 642 642 650 685 685 685 687 688 688 688 688 692 696 721 721 721 721 737 737 748 748 748 751 751 
35 278 
7 16 16 35 35 73 73 73 142 142 327 550 645 
367 367 367 517 517 517 517 
622 622 622 622 
362 362 636 
181 181 181 236 236 236 236 241 610 610 619 694 694 
613 645 645 645 
73 512 512 
137 137 190 190 526 739 739 739 
708 733 733 753 
76 76 76 117 224 224 
366 366 646 646 646 739 739 
201 201 201 216 341 341 483 483 483 
733 733 733 749 
293 342 652 689 
389 389 389 423 423 423 
150 150 150 187 187 271 271 324 535 535 678 678 708 708 718 733 733 
239 239 242 580 759 759 759 
221 224 403 403 403 
5 5 97 614 614 614 635 635 757 757 757 
213 213 250 250 334 334 334 656 656 656 
80 343 474 474 585 585 
342 342 
565 732 732 732 732 

534 534 
64 64 64 
241 451 451 451 557 
