nodes: 768 edges: 1388
5 
64 64 
65 117 427 
141 141 633 
341 341 357 357 357 
0 6 55 59 79 99 99 101 115 118 147 147 163 174 188 210 240 272 292 292 292 340 340 348 367 367 370 370 387 395 451 466 484 488 488 506 506 533 537 567 623 635 651 651 654 663 682 700 719 719 739 739 759 759 
5 
49 613 741 
81 81 177 316 316 343 552 552 

81 81 105 105 121 121 224 224 252 252 257 265 265 285 312 312 472 472 472 472 529 529 529 599 599 721 739 739 

376 376 
159 409 
739 

35 35 35 57 198 198 278 278 296 296 296 333 333 333 376 376 400 400 429 442 442 485 485 547 548 553 561 569 569 600 600 601 601 601 611 611 626 633 633 633 709 739 741 741 
404 404 
34 34 34 550 
665 
395 395 
72 626 
67 67 232 
218 218 262 262 481 501 707 707 
503 503 
123 123 
41 111 111 111 203 266 428 428 462 540 568 667 676 712 
30 203 203 
203 301 625 
73 73 484 484 484 484 556 556 569 569 569 569 607 607 607 
27 203 290 681 681 681 
533 
308 308 516 615 
423 423 423 
18 18 18 
16 16 16 278 278 278 432 432 556 569 624 624 645 741 
352 395 404 432 432 
110 733 733 733 

261 261 415 415 
118 
26 
323 323 
316 316 449 585 615 615 615 
246 337 

79 
106 271 271 307 307 560 
304 304 304 421 551 588 
7 601 
711 


99 99 
600 
5 272 478 484 
64 64 86 106 156 239 242 242 255 255 
16 569 569 
199 199 238 
5 
106 106 106 476 476 479 479 
444 
433 433 517 562 599 607 

1 1 56 56 156 156 223 255 430 
2 117 131 131 
352 395 
22 22 120 159 159 159 213 260 305 305 305 354 397 446 521 
739 
157 341 520 
307 
634 634 634 
21 381 381 
29 29 297 460 460 

502 583 583 583 
133 133 402 673 
352 
473 473 
5 46 448 448 597 
350 379 739 739 761 
8 8 10 10 136 136 170 206 257 257 300 312 312 312 343 343 343 422 433 436 443 443 571 571 599 599 607 618 618 618 

117 117 224 224 224 224 228 342 342 417 500 500 680 680 


56 248 248 248 625 
284 
282 
547 
382 382 660 734 739 
380 569 569 
633 703 716 716 
312 
184 184 203 212 679 679 
129 392 399 464 
189 556 627 627 667 
653 
366 366 715 715 
5 5 53 53 618 679 

5 

342 704 
299 299 445 
10 10 529 
47 56 60 60 60 156 476 

739 
356 486 
37 339 339 339 339 733 
26 26 26 148 203 
307 
257 
342 342 428 
5 213 635 635 
446 446 446 534 
2 65 83 83 224 224 342 342 342 628 628 683 683 
5 40 171 194 216 348 348 654 
424 
67 
10 10 203 205 
640 
25 25 215 
344 506 582 582 582 
496 
385 582 
507 507 
442 614 
95 190 203 203 203 203 672 
342 512 512 704 704 704 
65 65 286 

76 76 
158 581 581 
326 397 397 505 
81 81 274 274 
721 748 
313 708 708 708 
739 
525 
3 3 179 241 241 455 455 606 620 
741 
222 672 672 672 
163 163 506 
523 
207 534 
5 5 654 
111 568 
342 342 739 
214 460 756 756 756 
739 739 739 

317 
622 
340 340 340 448 
56 64 64 106 239 242 280 448 460 590 
69 203 263 341 341 578 
134 581 581 581 581 725 
13 67 67 67 238 304 354 409 461 710 
342 739 739 
201 278 
295 
5 144 144 528 528 528 

294 584 584 720 
171 171 
247 262 262 341 654 
176 176 176 243 473 
566 566 
81 369 435 
118 166 166 496 593 
294 620 

5 639 
292 292 292 427 427 489 
168 168 168 699 699 699 
8 704 704 704 
247 357 
141 218 218 239 239 700 713 
418 607 614 739 
271 688 745 
318 
343 343 
94 94 679 679 
739 

756 
5 272 272 
96 398 667 
129 402 657 739 739 739 748 

677 677 677 
674 674 
118 210 631 

203 577 577 

16 16 601 
58 58 

161 752 752 
609 
26 27 27 28 30 94 111 121 129 129 129 129 157 196 218 253 262 262 266 290 337 337 341 341 341 342 342 342 374 374 377 386 393 399 467 486 486 501 501 501 539 539 540 541 544 544 570 570 577 577 577 630 630 631 648 648 648 673 
443 542 
121 
81 599 676 
146 633 633 
357 357 357 357 
337 
5 194 531 
335 595 595 
94 253 
67 115 222 353 446 498 504 534 545 545 593 593 593 595 620 620 620 646 646 719 
150 
123 
118 752 752 
282 282 
23 23 179 179 203 501 
596 

452 758 
143 213 401 401 428 718 719 
64 255 
10 10 83 83 83 83 117 117 342 342 342 438 438 438 750 758 
275 542 593 593 593 738 738 
675 
366 514 559 559 
83 
284 
295 295 295 399 
264 
22 383 

373 

274 
739 
58 159 
56 156 179 179 408 594 757 
5 488 488 
141 141 312 606 618 649 649 649 767 
56 56 156 503 713 757 
168 428 652 


44 337 342 342 411 411 456 589 589 611 
167 178 341 
86 86 86 708 

358 424 760 
433 433 433 433 506 686 686 
10 10 
203 212 377 377 
489 639 639 
56 56 64 223 
679 
10 81 81 113 381 529 529 649 
318 318 626 739 739 
278 
67 364 
39 39 333 333 415 618 618 633 633 
23 23 167 167 203 203 648 648 
157 
231 
10 10 661 739 739 
26 203 462 568 568 568 712 712 
725 
298 563 563 
284 675 

47 47 181 535 756 
5 55 188 188 
760 
136 136 236 739 
225 542 
718 
346 346 
16 16 35 35 35 161 259 432 432 434 477 522 633 633 
312 
156 638 
387 561 561 633 633 
88 217 217 
399 399 
87 229 269 
10 385 519 519 718 
131 335 335 341 551 551 551 
434 718 

548 
30 203 648 
476 716 
5 5 5 175 175 175 366 470 687 700 739 

165 172 298 309 584 
162 230 230 230 
16 16 16 326 347 376 376 424 487 
73 
268 294 610 686 686 687 739 739 
104 104 353 353 
81 422 
28 723 

428 428 
48 48 48 159 323 379 
67 67 67 352 446 
323 
47 47 70 112 387 387 560 604 
32 32 656 
294 691 
607 607 
385 579 
10 10 81 81 81 93 241 279 342 342 342 402 486 486 486 
138 
409 409 409 575 
739 
8 8 43 43 343 436 
153 
182 258 258 354 354 
619 707 
508 
333 394 713 713 
577 
42 42 304 306 538 588 
572 756 
708 708 
135 296 


708 
373 373 595 595 601 601 601 

577 577 
16 16 16 261 261 321 364 547 626 626 633 633 

211 286 286 
633 
44 203 203 209 246 342 444 

110 110 110 110 
5 5 155 155 155 448 
4 4 69 157 157 167 203 203 203 247 286 357 357 357 417 464 544 643 684 706 720 752 752 752 
83 83 103 114 114 117 117 117 130 149 149 160 203 203 203 224 224 224 246 246 312 312 312 337 399 399 428 465 512 539 539 643 653 667 667 704 
8 81 81 81 183 183 316 585 585 640 640 761 
124 466 
691 
277 277 
296 627 627 
5 118 118 
497 497 
80 
368 368 
36 66 77 305 395 395 432 432 432 472 
213 299 299 
67 159 318 318 360 527 527 527 710 710 
618 
109 568 568 
4 4 4 178 208 208 208 208 341 341 341 
250 359 
358 461 
354 


406 530 763 
260 333 

98 98 227 292 470 510 510 510 596 739 
5 5 719 742 
351 351 665 665 665 
170 
5 5 
658 658 690 
548 548 689 
234 330 330 406 498 498 595 
203 203 
379 379 
12 12 16 16 296 296 
203 253 253 617 648 648 648 697 

80 304 375 375 388 
91 
72 72 257 
90 90 632 734 
232 

126 285 311 579 
203 
5 281 307 307 
379 696 739 
755 755 755 
591 
712 712 
95 484 
203 625 634 634 696 696 696 696 
321 
5 20 20 36 66 352 352 663 

67 135 135 
189 667 
95 203 230 283 283 342 342 
16 16 424 
222 222 
76 190 312 
758 
17 17 36 430 430 430 
635 635 
363 373 
601 601 
239 
13 159 314 314 314 
460 460 460 460 546 
246 246 455 455 575 

558 558 632 739 

39 39 261 

83 341 
180 511 739 739 

633 708 
48 
81 300 475 
33 33 33 755 755 
119 250 296 400 473 473 621 
431 431 
498 
2 175 175 
26 26 114 222 243 303 303 342 478 508 508 566 652 675 689 689 754 
16 553 
64 404 404 404 499 701 701 
425 425 
35 35 36 36 278 278 352 352 352 
62 62 81 251 251 251 251 
278 287 
170 
81 316 

224 224 224 531 
545 
662 

16 16 128 590 590 600 614 614 614 
81 81 204 695 695 
61 337 721 
104 
67 116 116 116 213 305 
677 
79 79 155 156 340 
43 526 733 
657 657 
5 767 
221 589 633 633 


141 141 411 411 
246 

496 
612 
73 73 150 156 410 410 410 410 
159 359 
26 266 

95 341 
342 
5 344 
203 
739 739 

292 366 

10 10 10 10 352 
78 78 168 424 424 
761 
422 
60 60 106 291 633 633 
278 
55 428 595 
60 60 
532 617 617 
23 

752 752 
5 29 29 29 29 55 392 605 605 
16 16 626 
109 203 203 312 312 312 715 
296 
5 5 240 240 
175 254 


709 
619 

693 695 695 
125 171 458 597 
349 349 
213 373 373 426 
430 
83 83 
23 203 203 203 218 603 603 603 719 
75 
24 24 242 
213 
135 
5 5 124 144 251 
127 127 664 664 664 693 693 
320 428 428 566 

366 366 366 
418 739 739 
130 130 342 747 747 
703 703 
227 596 

32 711 
62 
638 638 
285 285 705 
69 
67 
278 
145 

140 716 
449 
354 354 354 
163 163 163 563 
10 10 10 105 257 257 649 701 705 
363 763 
210 438 540 
480 739 
5 31 594 
116 146 213 733 765 765 
271 756 756 

5 719 737 737 
323 563 563 588 588 
203 203 342 342 
26 203 531 570 
203 
204 225 275 593 738 

203 203 341 
213 213 439 643 643 
410 
16 89 333 573 
16 289 372 372 739 739 

18 741 741 741 
48 286 286 286 
8 8 
16 429 
697 
648 
29 29 35 96 
622 739 
413 413 632 
227 227 
47 307 
16 281 281 569 569 611 
62 599 599 
268 268 528 538 538 
613 613 613 
763 763 
169 169 428 508 
5 
26 148 266 266 266 356 356 
16 16 29 29 29 29 35 57 57 91 91 561 561 670 670 
203 203 540 574 574 574 
81 81 
324 
547 
570 570 570 739 
314 411 

196 196 203 203 203 322 332 332 
157 
311 385 
757 757 
134 134 158 158 158 158 
124 124 124 126 739 739 739 
75 75 75 667 739 739 
165 165 294 636 636 
43 343 343 


48 323 538 538 635 658 
246 246 452 633 
156 442 442 626 
390 601 

171 213 213 213 225 225 225 542 
239 533 
211 211 213 330 330 373 478 
219 366 514 719 
79 496 
624 
10 10 62 81 81 206 562 562 661 
16 16 54 442 
16 16 16 49 198 330 330 330 407 407 591 613 660 695 
660 
501 501 501 722 
307 
484 484 
141 241 
29 29 29 62 81 180 310 310 
649 
202 705 705 705 705 705 
298 686 745 
16 16 246 561 
459 
7 564 564 564 601 746 
128 180 442 442 442 759 
32 43 43 43 

377 480 480 
81 81 81 99 241 261 261 355 
319 493 745 
141 172 213 213 213 
424 
154 557 
5 
35 35 598 
28 86 393 
16 21 258 333 333 485 590 
96 96 347 347 
117 117 

203 203 
194 203 
382 413 558 739 739 741 
3 16 16 16 92 207 207 261 261 278 278 281 281 333 333 336 420 452 452 476 476 589 655 708 708 708 
71 71 71 393 393 
5 115 115 405 405 588 
584 584 

280 518 518 
174 254 254 667 
122 343 343 

739 
341 342 545 545 667 667 704 704 704 732 

35 746 
213 213 751 

203 203 203 262 262 290 377 377 377 555 
241 241 241 257 529 608 

5 5 
243 428 754 
97 342 
5 118 147 167 
633 
308 
190 450 450 
371 371 588 674 674 674 

90 601 602 
265 599 
440 733 
5 395 
507 507 507 695 
19 368 368 368 

26 96 189 342 342 398 583 639 643 643 739 739 762 


569 569 
694 
129 143 143 143 
76 203 
193 193 658 658 658 
226 269 428 
26 206 
192 192 192 447 
733 733 
94 94 99 184 184 256 
83 83 751 
30 30 30 
5 
117 117 
341 706 
739 
251 251 298 298 610 
292 298 737 737 737 739 
181 717 739 739 
372 428 428 
371 
309 345 

495 507 507 
671 745 
443 443 495 495 601 664 
388 393 393 393 393 739 739 
377 554 
725 
176 176 176 
5 179 292 
430 430 529 

92 513 513 
103 130 130 130 177 177 177 342 643 643 643 
519 529 609 609 609 609 609 
341 684 
23 23 319 
138 138 138 248 325 325 329 420 633 633 633 733 756 
16 492 
159 354 354 
50 516 
26 266 266 391 391 
179 242 321 321 

98 98 486 
92 92 291 525 
688 
222 276 285 287 756 
5 5 213 222 367 501 537 596 
165 341 
10 137 444 739 
603 
301 

158 267 698 






643 
37 37 37 110 449 534 662 678 678 708 756 756 
90 382 


537 537 687 687 687 739 
225 225 542 
5 5 10 10 14 16 68 80 80 90 108 139 149 151 151 151 160 160 180 185 190 190 190 237 258 258 265 265 274 292 298 298 315 366 388 413 418 418 468 468 511 511 532 548 548 557 574 582 582 582 583 583 632 632 642 667 667 685 687 688 688 696 696 721 737 745 751 

7 16 16 35 142 550 550 550 632 
367 


181 610 619 694 739 
613 645 
512 512 
137 190 

224 
646 680 739 
201 201 216 216 341 341 341 483 483 

428 652 
389 389 389 423 423 
150 150 150 187 271 324 535 535 708 718 733 733 
239 242 580 580 759 
221 224 403 
5 5 614 757 
250 273 
80 343 474 
667 
363 530 565 565 

534 534 

241 451 
