nodes: 768 edges: 1423

64 64 64 313 313 
65 65 117 282 427 427 
89 141 141 633 
247 341 357 
6 53 59 79 115 144 144 147 163 163 174 194 194 272 292 292 307 387 395 448 451 451 466 484 488 488 504 504 504 537 567 586 586 635 651 651 663 682 700 719 719 719 759 
5 
49 613 613 613 741 
81 81 81 
124 
81 81 105 105 121 224 224 224 224 252 257 274 285 285 312 312 312 472 472 529 529 599 599 599 641 649 649 649 705 721 721 739 

35 35 35 
409 409 
493 739 
60 296 296 376 
35 35 57 57 57 198 214 278 278 296 296 296 333 376 400 400 429 442 485 485 505 505 505 547 548 548 553 561 561 569 569 569 601 601 601 611 626 633 633 633 702 709 739 741 741 
404 443 466 466 


352 395 395 
72 72 626 626 
53 53 53 67 67 
218 218 262 262 481 501 707 707 
190 739 
123 
41 111 111 111 148 148 203 266 266 311 428 474 540 667 676 712 712 
203 203 
203 625 625 
73 484 550 569 569 569 607 607 
203 203 290 681 681 
533 533 
308 
207 423 

12 12 12 16 16 273 278 278 327 556 569 569 569 624 624 624 741 
352 352 395 395 404 432 472 
733 733 
172 298 456 
261 415 
118 
26 342 
323 323 
585 615 
337 337 346 
94 253 253 

171 171 171 271 271 307 560 560 
421 551 551 658 
7 601 613 
711 
203 203 

5 22 22 22 99 99 448 

272 272 
64 156 156 242 255 503 
16 16 16 569 569 
425 
5 
15 156 156 479 
444 
433 517 517 599 
118 
1 1 1 56 156 156 223 223 430 499 499 766 
2 2 117 117 131 131 551 
352 352 704 
22 22 159 213 260 260 354 354 446 446 
108 739 
157 
569 716 
393 393 634 634 634 
21 21 381 
29 214 741 
84 84 299 299 491 
502 667 
402 402 
352 472 472 
488 
5 239 
241 350 739 761 
8 8 8 10 10 136 136 170 170 257 257 257 312 312 312 343 343 422 422 433 443 443 599 607 607 618 618 618 

117 117 117 224 224 342 417 
74 74 
601 613 
248 248 
284 
282 342 
3 633 
382 382 
380 569 
589 703 716 716 
279 279 
45 203 203 212 212 679 
392 392 392 399 464 726 726 726 
189 502 556 556 627 
653 
366 510 510 510 715 
53 53 679 716 
444 704 704 

395 395 395 
342 704 704 
299 299 359 
10 10 
156 
544 544 
68 312 312 668 
356 356 486 
339 
26 26 26 148 157 
307 307 
257 
150 342 428 428 675 
5 213 700 
431 446 446 446 534 534 534 534 
2 65 65 83 83 83 224 224 342 342 628 628 677 677 683 683 750 750 
40 63 216 348 348 654 654 
424 

10 203 203 205 205 
565 565 
25 215 
9 
496 496 
385 385 
507 

190 190 190 203 203 203 203 399 399 672 672 

65 65 286 286 


158 158 581 
397 397 397 505 
81 81 228 228 274 
748 
313 708 708 
739 739 
244 617 716 
3 3 179 241 241 606 620 620 
741 
222 672 672 
5 5 163 506 
523 
207 534 
5 
26 26 111 568 
342 342 342 667 739 
114 756 756 756 756 
221 221 739 
739 739 
317 317 
622 
340 340 388 448 
56 56 60 60 64 64 106 239 239 280 280 460 460 
69 111 203 341 341 720 
134 134 581 725 
67 354 409 461 
342 739 739 739 739 
201 

5 5 144 213 528 
393 
294 584 584 584 
171 
191 247 262 262 341 341 341 654 
176 243 
508 508 
81 81 283 283 435 435 
47 47 47 166 496 
38 309 

5 
489 
168 
704 704 739 
208 357 357 
141 218 218 218 239 367 700 713 
418 614 
688 

343 
679 
739 

756 
272 
96 667 667 
24 129 129 129 657 739 
167 
677 
674 
5 5 210 210 631 
312 312 
203 203 332 577 

16 416 416 664 
203 
524 524 
161 616 752 
609 741 
26 27 27 28 30 30 51 51 94 94 121 121 129 129 129 129 157 196 196 199 262 262 264 266 290 290 301 322 337 337 341 341 341 342 342 342 377 377 386 399 423 423 467 482 486 501 501 539 539 540 541 544 544 570 577 592 631 631 644 648 648 673 681 715 

121 121 409 
240 599 661 661 676 676 
33 146 633 655 735 
178 357 357 357 

194 194 
464 595 
94 94 
67 115 163 222 225 273 498 545 545 593 595 595 595 620 620 620 646 719 719 760 
16 73 741 
123 354 
118 752 752 
282 282 282 
23 23 179 179 179 
559 559 559 596 
324 324 
151 151 387 403 
143 213 428 428 428 428 718 718 718 718 719 
64 64 255 
10 10 10 10 83 83 117 117 342 438 758 758 
213 396 542 659 
428 675 
366 559 596 
136 136 
284 284 
288 288 295 295 399 570 
264 
383 383 
710 
373 
305 
274 632 739 745 745 745 
739 739 
369 
79 156 156 179 580 713 
206 
80 141 141 312 649 649 739 767 
56 
168 508 508 652 
140 

337 337 342 342 414 456 456 589 589 589 589 611 
4 167 
86 86 420 
685 
358 358 424 424 760 
433 433 
10 
45 45 377 377 554 
489 489 639 667 
56 223 
679 
10 81 81 81 113 381 529 529 529 649 
318 318 626 626 

67 67 364 364 364 
39 302 302 302 333 333 355 355 415 415 618 618 633 633 633 
23 23 167 167 203 203 648 

203 231 
661 
26 26 203 568 712 712 
725 
563 
284 675 
332 
47 47 677 756 756 
5 55 55 188 
35 213 656 760 
10 136 236 389 
542 

346 346 
16 16 35 35 404 404 432 432 434 477 477 522 633 633 633 740 
93 93 
156 156 590 638 
509 561 561 561 611 611 611 611 633 
2 88 217 217 217 
170 170 
87 229 229 269 548 548 
10 10 519 519 519 519 705 718 
131 131 335 464 
434 
230 230 
548 
30 203 203 648 

5 5 366 470 470 700 739 

165 298 691 
230 230 731 
15 15 16 16 16 326 347 376 424 473 487 505 

38 294 493 493 493 493 610 636 636 671 686 692 692 739 739 
74 74 104 104 353 363 406 406 406 406 

203 715 
261 261 261 
428 
323 379 409 
235 352 446 
323 
5 47 112 112 387 387 560 604 
32 516 
172 
607 607 
26 385 579 
10 10 10 81 81 81 108 108 195 195 241 402 402 402 486 486 486 739 
1 1 138 
409 575 

343 343 436 436 585 
153 153 
258 258 354 354 
619 707 707 
508 
333 548 
203 577 
42 42 304 306 421 538 588 588 658 658 
220 220 572 572 756 756 

296 
35 


373 595 601 601 

196 270 
16 261 261 321 364 626 626 633 633 

286 
633 
44 44 203 203 246 246 342 444 
609 609 
110 733 733 
155 155 448 448 
4 157 157 167 167 167 203 203 203 464 483 544 544 578 643 706 720 752 752 
41 83 88 103 114 117 117 149 149 149 160 203 203 203 224 246 246 337 399 428 428 465 518 643 643 667 667 667 731 754 762 
81 81 183 316 316 585 585 585 640 761 


44 277 277 
296 627 
118 118 

80 

20 36 36 66 66 77 305 472 
299 
67 67 159 215 318 318 360 362 469 527 527 
261 261 
109 109 
4 178 178 208 208 208 
250 250 359 
104 358 
354 
569 
354 
299 406 498 530 530 539 539 763 763 
260 260 260 333 

98 227 292 470 715 725 725 739 
179 719 719 742 
665 
238 648 

658 658 690 
689 689 689 
234 330 406 498 498 595 

379 379 392 
15 16 296 
203 203 253 253 554 648 648 697 

304 375 375 388 388 
91 569 
72 257 
90 90 632 734 734 734 
232 232 
728 728 728 
126 126 311 579 
203 631 
5 221 307 307 716 716 
155 379 379 696 739 
274 755 
591 601 701 701 
570 570 570 712 712 739 
95 95 95 375 484 484 
71 71 164 625 696 

5 20 20 36 36 102 102 102 663 
225 
135 135 135 
667 667 
95 129 129 203 230 342 726 
16 16 473 

76 76 312 312 312 657 739 
221 
17 36 278 278 430 430 522 

299 299 299 299 363 373 
601 

13 13 159 205 304 314 
460 460 
575 

632 739 
246 
39 261 261 
198 198 665 
83 
180 739 
693 
248 633 633 677 677 708 
48 323 
81 81 475 599 729 729 
33 203 203 686 686 686 755 755 
119 250 250 296 473 621 
58 555 

2 2 
26 114 114 222 222 222 222 226 303 342 342 478 566 652 675 689 
16 553 553 553 
64 404 404 499 499 701 
116 
36 278 278 
62 81 251 251 
278 287 
170 170 729 
316 316 

224 531 531 
545 545 545 
521 

16 590 590 600 614 626 626 
17 81 81 
61 100 337 643 721 721 
743 
67 67 116 116 116 305 
601 677 677 
5 53 155 340 340 

657 
5 5 767 
514 514 633 
720 720 


38 246 246 
583 
496 

156 156 410 410 
159 710 710 


95 211 286 341 
342 
5 17 17 
203 
606 739 739 739 
354 
292 292 366 
595 
10 10 36 77 77 352 
296 400 424 
26 761 761 761 
422 487 
633 
278 278 
428 595 595 
60 
617 
23 501 501 501 
203 
341 752 
5 29 392 392 605 
16 16 626 724 
109 203 312 312 312 
296 475 654 
5 5 78 
175 254 254 
702 
74 605 

14 298 298 298 298 739 
657 
655 693 693 693 695 695 
125 125 171 458 597 597 
664 695 695 695 
213 363 373 373 
64 64 430 430 

23 203 203 481 481 481 603 
75 96 667 
56 
5 5 5 595 595 
16 16 16 135 296 
144 
127 693 
169 169 243 243 320 566 566 
281 
98 98 98 725 
669 

703 703 716 
452 452 596 
521 521 
308 638 
62 62 742 742 
342 536 638 638 638 
285 285 285 285 

440 515 515 
278 404 
145 
200 200 696 

753 
354 354 
163 563 669 
10 10 257 257 257 649 727 
363 363 576 763 763 
438 438 540 540 
717 
31 31 
116 116 116 116 146 733 765 765 
756 
518 
5 719 737 
323 633 
203 203 363 363 629 
26 203 531 531 541 570 570 
203 540 
225 275 593 593 679 724 
544 544 544 
107 107 203 203 341 341 543 543 543 
213 213 439 439 439 612 643 643 
643 
16 563 702 702 
16 16 284 284 289 321 

29 741 741 
48 48 65 637 
625 
16 429 429 429 
253 377 697 697 
425 
35 96 96 
650 739 739 739 739 

219 219 219 227 
47 47 307 
16 16 281 281 281 569 611 
599 599 676 
268 528 547 

122 122 
428 508 508 599 
5 
148 266 
16 16 16 29 29 29 35 35 35 57 57 70 91 361 380 561 670 
203 230 391 391 391 540 540 574 574 

324 324 

570 570 
314 411 
530 
196 203 322 
341 
311 385 
239 757 757 
134 158 
739 764 
457 739 739 739 
165 165 165 720 
43 316 343 343 343 761 
5 5 
658 
323 323 658 
92 246 246 246 246 633 633 633 
280 442 442 
390 601 
203 
213 542 542 

211 213 213 213 330 373 471 478 478 504 504 699 
219 227 514 725 725 
496 496 
624 
10 10 10 62 81 206 422 562 562 566 661 
442 
16 16 16 49 85 330 330 390 407 447 591 613 647 647 660 730 
647 660 
501 722 722 
307 
484 491 
141 468 
29 29 81 81 310 310 
649 
202 338 338 705 705 705 705 
298 745 
16 246 281 281 281 281 561 
545 
7 7 7 49 85 601 746 746 
180 442 759 
43 
201 
140 480 
81 81 81 261 261 
319 745 
141 141 213 213 213 
424 
154 642 743 

35 35 35 598 
28 28 393 552 
16 21 21 258 258 333 333 442 442 485 
96 347 
117 117 
539 

194 203 203 386 
236 382 413 739 741 
3 16 16 16 89 207 261 261 261 278 278 278 281 333 333 336 420 420 452 476 538 589 589 589 655 708 
71 71 71 
5 759 759 
298 298 
551 
280 516 518 518 518 
254 667 667 
343 662 
10 
622 739 
341 342 342 444 545 545 546 667 667 704 704 
203 
746 
213 751 
601 601 602 730 
203 203 262 290 369 377 377 
10 10 10 241 241 257 529 608 
557 
5 5 
243 428 754 
97 
118 118 167 487 
207 495 633 
273 760 
190 402 450 494 
48 323 323 371 371 587 588 674 674 
225 
601 602 
206 206 265 599 
640 
5 395 
198 497 
368 416 

26 75 149 189 189 254 342 342 342 398 398 502 639 639 643 643 739 739 762 
108 
511 528 
569 
298 694 694 
129 129 143 143 
203 
193 658 658 
114 226 269 428 
26 206 206 562 
117 117 192 271 420 420 447 447 
733 
94 99 184 256 542 

30 30 203 
5 
117 117 

249 739 739 739 
298 423 423 423 
737 
181 717 739 
372 372 372 428 
371 
294 
298 298 
419 495 495 495 507 
671 671 745 
495 495 497 497 497 
388 393 524 739 739 
377 554 554 
725 
595 
5 115 179 292 
390 390 430 
16 490 547 547 
92 513 513 716 
66 100 100 103 103 177 177 643 643 
10 285 609 609 609 609 
341 
23 23 319 319 
138 138 420 633 733 733 756 
16 
233 461 461 
50 
26 26 266 266 391 391 
179 239 

98 203 301 366 
70 92 92 99 140 387 387 513 703 
532 688 
222 222 222 222 285 756 
5 5 5 213 213 222 367 367 537 
157 341 453 453 584 
10 10 444 444 739 739 
603 603 

485 542 
158 267 366 366 510 596 596 698 
95 95 95 399 
529 
384 384 384 
422 422 435 
601 647 
295 342 
763 763 763 
37 37 339 339 534 678 708 708 753 753 753 756 
382 382 382 
207 

537 687 739 739 739 

10 14 16 24 68 80 139 139 149 151 152 152 160 160 160 160 177 185 190 236 237 237 241 292 298 298 312 366 388 391 402 413 418 468 468 468 493 557 557 557 557 582 583 583 583 632 642 667 667 685 685 685 688 696 696 721 721 737 737 737 745 751 751 
278 
7 16 16 35 73 142 202 214 550 550 632 
367 517 517 
445 622 

236 236 236 610 619 694 739 
613 613 645 

137 
753 753 
117 117 
646 739 739 
201 216 216 341 341 483 
526 733 733 733 749 749 
342 652 
389 423 423 
150 150 150 150 187 271 271 324 324 535 708 718 733 
580 580 759 
224 224 
5 614 635 635 757 
213 250 273 656 
80 343 474 474 474 585 
342 667 
363 363 530 530 732 732 732 
582 
534 534 
64 
241 451 
