nodes: 768 edges: 2339
5 5 
64 64 313 313 313 
282 282 317 427 
141 141 141 141 633 633 
191 203 247 341 357 357 357 357 402 
0 0 6 6 53 55 55 55 59 59 79 79 99 101 101 115 115 115 118 118 119 144 144 144 147 163 163 163 188 194 194 210 213 221 221 221 239 240 240 272 272 292 292 292 292 307 307 340 340 340 340 340 348 365 370 370 387 387 395 405 441 448 466 466 466 484 484 484 488 488 504 504 533 533 537 567 567 586 586 623 635 635 635 635 651 651 651 651 663 682 682 700 719 719 719 739 739 739 759 759 
5 5 161 
49 49 49 550 613 613 613 
81 81 81 177 195 316 316 343 343 552 552 
124 
81 81 81 105 121 121 224 224 224 224 224 252 252 257 257 265 265 265 274 274 312 312 472 472 472 529 529 529 599 599 641 649 649 705 705 721 721 739 739 

376 
159 409 409 409 

296 550 
35 35 35 35 57 57 57 198 198 214 214 278 278 296 296 296 296 296 333 333 376 394 400 429 442 442 485 485 505 505 547 548 548 548 548 553 561 561 569 601 601 601 611 611 611 626 629 633 702 702 702 709 739 741 741 
404 443 443 443 443 
550 
665 665 
352 395 395 
72 72 128 128 579 626 
53 53 53 67 67 232 232 521 
218 218 262 481 481 501 
503 503 503 689 739 739 
123 
41 41 111 111 203 203 203 266 266 266 428 462 540 568 667 676 712 712 
30 30 30 203 506 
203 203 301 301 625 625 625 
73 484 484 484 484 556 569 569 569 607 607 607 
27 27 27 203 290 290 609 
533 533 
308 308 308 516 
207 207 

16 16 16 16 273 278 278 278 327 327 327 432 556 569 569 569 624 624 624 645 645 741 741 
352 352 395 395 432 432 522 
110 339 733 733 733 
172 172 172 172 298 309 456 
261 261 355 355 415 415 415 
118 118 118 118 
26 26 342 342 
323 323 
449 585 585 615 615 615 615 
246 246 337 337 337 
253 
459 459 
106 112 112 171 171 271 271 307 560 560 
304 304 304 421 421 551 551 551 551 588 588 658 
7 7 7 601 613 
248 312 711 
203 666 
155 457 580 
5 22 22 22 79 99 99 99 99 448 
600 
5 5 5 272 272 272 272 272 375 375 392 484 484 484 484 
64 64 86 86 156 156 156 239 242 242 255 255 503 
16 16 16 569 
199 199 199 238 238 238 238 238 
5 5 365 365 
106 106 106 156 156 476 479 479 479 479 
444 444 
433 433 517 517 517 599 599 607 607 607 
118 470 647 
1 1 56 56 156 223 223 255 255 766 766 766 
117 117 131 131 551 551 
352 352 352 395 
22 22 159 159 159 213 213 260 260 305 397 397 446 446 446 515 515 521 
108 653 739 739 
98 157 157 341 341 341 
307 569 569 569 569 716 
393 634 634 
21 21 257 257 381 381 381 
29 214 297 297 460 550 741 741 
491 491 
502 502 583 667 
133 133 402 673 750 750 
352 472 472 472 
473 488 
5 5 53 239 239 448 
350 622 622 739 739 739 
8 8 8 10 10 10 136 136 136 136 170 195 206 206 257 257 257 300 300 312 312 343 343 422 422 422 422 433 435 436 443 443 443 571 599 599 607 607 618 729 729 

117 117 224 224 342 417 500 500 680 

613 
56 56 248 248 248 248 
284 284 284 
282 282 282 282 282 342 
547 547 633 633 
256 280 382 382 382 734 734 739 739 
380 380 569 569 751 
703 703 703 703 716 
279 
184 212 253 253 
129 129 392 392 399 464 464 464 464 726 726 726 
189 502 556 556 556 627 627 
653 759 
69 366 366 510 715 
5 53 53 53 53 618 618 618 679 679 679 679 716 
444 
5 5 
395 395 
342 704 
299 299 445 
10 
47 60 60 60 156 156 
544 
68 312 668 668 739 739 739 
356 356 356 356 486 
37 339 339 339 339 
26 26 148 157 157 203 203 
47 47 307 307 
257 390 701 
428 675 675 
5 5 5 213 213 635 700 700 700 
213 213 431 431 446 446 446 534 534 534 
65 65 83 83 224 224 342 342 628 628 657 677 677 683 750 
5 5 40 40 40 40 63 171 194 216 348 348 370 654 654 696 
5 424 621 621 621 

10 10 203 205 205 205 
565 565 640 640 640 
25 215 215 469 469 
9 344 507 582 582 
496 
582 
507 
21 21 148 
95 95 190 203 203 203 203 399 399 672 672 
342 342 342 512 704 704 
65 65 286 286 286 

76 76 
158 158 158 581 581 581 616 
326 326 397 397 397 505 663 
81 81 81 81 228 228 228 274 
721 721 748 748 
313 682 708 708 
739 739 
244 244 387 387 525 525 716 716 716 
3 3 3 3 179 179 179 241 241 455 455 455 606 606 606 620 

222 222 672 672 672 672 672 
5 5 5 163 163 163 506 

207 534 
5 654 654 
111 128 568 568 
342 342 667 739 739 739 739 
214 214 756 756 756 756 756 
221 221 221 739 739 739 
739 739 
317 317 
622 622 622 
52 340 340 340 388 388 448 739 
56 56 56 60 60 64 106 106 239 239 280 280 280 448 460 460 463 590 590 
69 69 111 111 203 203 203 263 263 341 578 578 750 
134 134 134 581 581 581 581 616 616 725 725 
13 67 67 67 238 238 304 354 710 
342 739 739 
6 201 201 201 201 278 
561 639 639 639 639 
5 5 5 144 144 144 213 353 528 528 528 528 
393 634 
294 294 584 584 584 584 720 
171 171 171 
191 191 247 262 262 262 262 341 341 654 
176 176 176 243 243 243 473 
508 508 566 
81 283 369 435 571 
47 47 118 166 166 166 243 496 
38 38 38 38 620 


292 292 292 427 667 667 667 
168 168 168 504 504 699 699 699 699 
8 704 704 
208 208 208 357 357 
141 141 141 218 218 239 367 713 713 713 
418 418 418 418 607 
271 271 271 271 688 688 745 
318 
343 
94 679 
739 739 739 
563 

5 272 272 272 
96 398 667 
129 402 657 657 657 739 739 739 739 748 
4 167 167 
677 677 
323 674 674 
5 5 118 210 210 210 631 631 631 
8 81 312 
203 445 603 603 603 603 
203 543 543 543 
16 16 416 416 601 
58 58 58 203 203 648 648 648 
524 524 
161 161 161 161 667 752 752 752 
609 741 741 
4 26 26 26 27 28 28 30 51 111 111 121 129 129 129 129 157 157 157 196 197 199 199 218 218 253 262 266 290 301 301 322 322 337 338 341 341 341 342 342 342 374 377 377 386 386 393 399 399 423 423 486 486 501 501 501 539 539 539 539 540 541 544 570 570 577 630 631 644 644 648 648 673 715 723 723 723 
542 
121 121 121 
81 81 599 599 661 676 676 
33 33 146 633 655 655 655 
178 178 178 357 
246 246 246 
5 194 194 194 531 
335 595 
94 
5 67 67 115 115 116 116 163 222 273 273 299 299 353 446 446 498 504 504 534 545 545 545 593 595 595 620 620 620 646 646 646 719 719 760 760 760 
16 16 73 150 150 741 
123 123 607 656 
118 752 752 
282 290 
23 23 179 179 203 203 501 
559 559 559 559 
324 324 324 459 
5 5 5 151 151 151 387 387 403 403 403 403 403 452 553 758 758 
143 143 213 428 428 
64 64 255 255 
10 10 10 10 10 83 83 117 117 342 417 438 438 438 438 750 758 758 
364 396 542 542 593 593 728 738 
428 675 675 
366 366 514 544 559 596 596 
136 136 136 
284 284 284 
288 288 288 288 295 295 295 295 295 399 399 399 399 399 501 570 
264 264 264 
22 22 383 383 384 
710 710 
373 373 595 
305 305 
274 632 739 745 745 745 745 
739 739 
58 58 58 58 58 159 159 369 
5 56 79 79 156 156 179 408 408 580 594 594 594 713 713 713 757 
5 5 488 488 488 676 
141 141 312 312 455 606 649 649 649 649 739 739 745 745 745 
56 56 713 713 713 
168 168 168 171 508 508 
140 140 716 
601 601 601 
44 44 209 209 209 337 337 342 342 342 411 411 414 456 589 589 589 611 611 611 
4 167 
50 86 86 86 86 420 420 447 708 708 
685 
358 358 760 760 760 
433 433 433 433 506 506 686 686 686 686 
10 10 705 705 
45 94 94 203 
667 667 
56 56 64 64 223 223 561 635 
90 
10 10 72 72 81 81 81 113 381 381 529 649 649 
318 318 626 739 739 
278 278 
67 67 364 364 364 364 
39 39 302 302 302 333 333 355 355 415 415 618 618 618 633 633 
23 167 167 167 167 203 648 
157 157 
231 231 231 
10 10 10 661 688 688 
26 26 26 203 462 568 568 712 712 712 
353 366 366 366 725 
560 563 563 563 563 
284 548 548 675 
286 286 332 332 
47 47 181 181 181 181 756 756 756 756 
5 5 55 55 55 55 55 188 188 188 
35 213 213 598 760 760 
10 10 136 236 389 739 739 
542 542 
718 
346 346 346 346 632 
16 16 35 35 35 161 259 259 287 404 404 432 432 434 434 434 476 477 477 522 522 633 633 
93 
90 156 156 156 590 590 638 638 
509 561 561 561 611 611 611 633 633 633 
2 2 88 88 88 88 88 217 
170 399 
87 87 87 229 229 229 269 548 
385 519 519 519 718 718 
131 131 131 270 270 335 335 341 341 464 464 551 551 551 551 
278 718 
230 230 230 230 
489 
30 30 203 217 648 
716 
5 5 5 5 175 175 175 366 370 370 370 370 470 470 470 687 687 687 700 739 739 739 

165 165 309 309 309 584 636 636 691 
230 230 230 230 230 342 
15 16 16 16 16 16 326 347 376 376 473 505 505 
73 73 
38 493 493 493 493 686 686 686 687 692 692 739 739 
104 104 213 213 353 353 353 363 406 406 406 
81 81 422 422 
28 28 203 203 723 723 
261 261 261 
428 428 
48 48 48 159 323 323 323 379 409 
67 235 235 446 446 

5 5 47 70 112 112 387 387 387 560 560 604 604 
32 32 32 
38 294 294 294 691 
607 607 
385 385 385 579 
10 10 50 81 81 108 195 241 241 342 402 402 402 486 486 486 536 596 711 739 739 739 
1 1 1 138 
409 575 

8 8 343 436 436 436 585 585 
2 153 153 
182 258 258 
707 707 
428 508 
333 713 713 713 
203 203 577 577 577 625 
42 42 193 304 304 304 588 588 658 
220 220 220 572 708 708 708 756 

135 135 296 505 
35 35 35 741 741 


373 373 490 595 595 595 601 601 
428 428 428 
270 270 577 577 
16 16 261 261 321 364 547 547 573 573 626 626 633 633 658 658 658 
760 760 
211 286 286 
633 633 
44 44 44 203 246 246 342 
203 609 609 
37 110 110 110 110 733 733 
5 5 5 5 5 155 155 155 448 448 
4 69 69 69 157 167 167 203 203 203 286 286 357 417 417 417 464 544 643 752 752 
41 41 83 88 103 117 117 130 130 130 149 149 160 203 203 203 224 246 246 246 295 312 337 399 399 428 465 518 518 539 539 643 653 653 667 704 704 704 704 731 731 731 731 739 739 739 754 754 754 762 
8 8 81 81 183 316 433 433 585 585 585 585 640 640 761 
124 466 466 
691 691 
277 277 277 277 
296 627 627 
5 118 118 441 
497 497 695 
80 622 
368 
20 36 36 66 66 66 77 395 395 395 432 432 432 
163 213 267 299 299 299 
159 360 360 469 527 527 710 
39 39 261 261 
109 109 109 109 568 568 568 
4 4 4 4 178 178 208 341 
250 250 359 359 
358 358 461 461 
354 354 
569 569 
378 744 744 744 
299 406 530 530 539 539 539 763 763 
225 260 260 260 260 333 655 
5 59 59 
98 98 227 227 267 267 267 292 470 510 510 510 510 596 715 739 739 739 751 751 
179 719 742 
351 665 665 665 
170 238 648 648 
5 5 118 292 292 292 292 
658 658 690 690 
548 548 548 689 689 689 
234 234 330 330 406 406 406 498 498 498 498 498 595 595 
203 
55 55 379 392 
12 16 296 296 553 553 
203 203 425 554 554 617 648 648 697 697 
362 
304 375 388 388 388 
91 91 569 
72 72 72 257 257 
90 90 90 632 632 701 734 734 
232 232 
232 668 728 728 728 
285 311 311 311 579 579 579 
203 203 631 
5 5 140 140 221 221 307 307 307 716 
155 155 379 379 379 696 739 739 
274 445 755 755 
113 591 591 601 601 701 
570 570 712 712 739 739 
55 95 95 375 484 
71 164 203 696 696 696 
16 
5 20 20 36 36 66 102 102 352 352 352 663 682 
225 
67 67 135 135 135 582 
189 667 667 
95 129 129 203 203 230 230 230 230 230 283 342 342 726 
16 424 424 473 

4 76 190 312 312 312 657 657 
221 221 221 221 221 758 
17 278 278 430 430 430 430 
5 635 635 
299 299 299 363 373 373 373 

239 239 
13 13 13 304 314 
460 460 460 460 460 
246 246 455 455 

558 558 739 
246 633 
39 39 39 261 261 
198 198 665 
83 224 341 341 341 
180 180 180 180 511 739 739 739 739 
693 693 693 
248 248 633 633 677 677 708 708 
48 48 
81 81 81 81 300 300 475 475 475 599 599 599 729 729 729 
203 203 686 686 686 755 755 
119 400 400 473 473 473 621 621 
377 555 555 555 648 648 
498 
2 175 
26 114 222 222 226 303 303 320 331 331 331 342 478 478 508 508 566 566 652 652 652 652 675 689 689 
16 553 553 
404 404 404 404 499 701 
116 116 
35 36 36 278 278 352 352 352 
62 62 81 251 251 251 251 343 343 
278 278 278 
81 170 729 
81 316 316 316 

224 224 224 224 531 531 531 531 
545 545 612 
521 733 733 
5 348 
16 16 590 590 590 614 614 614 614 626 626 747 747 
17 17 17 17 81 81 81 
61 61 100 546 643 721 721 721 
104 196 389 
67 67 67 116 116 116 213 213 305 305 
248 677 677 677 
5 53 79 155 156 340 340 
43 526 733 733 733 
657 657 657 
537 537 767 767 767 
221 514 514 514 514 514 589 633 
720 720 720 

141 141 141 241 411 411 
38 246 
52 583 583 583 
496 
46 46 220 545 
73 156 156 410 410 410 410 410 
359 359 710 710 
26 266 
156 
95 95 95 95 286 286 341 672 
342 
5 5 5 344 344 

606 629 739 739 
123 123 354 
63 292 292 292 366 
595 
10 10 10 77 77 77 
78 168 296 400 424 424 424 
761 
422 422 422 487 487 487 
60 278 633 
278 278 522 
428 428 595 595 595 
60 60 60 60 
532 617 617 617 617 
23 23 501 501 501 

752 752 
5 5 5 29 29 29 29 55 55 55 55 392 605 
16 16 724 
109 203 203 312 312 312 715 715 
475 475 475 
5 5 78 240 240 240 
289 639 639 
330 702 
74 74 

298 298 298 298 739 
719 719 
695 695 695 695 
125 171 458 597 597 597 
349 349 664 664 695 
213 373 373 373 373 373 426 530 
430 
83 83 638 
23 203 203 203 218 230 481 481 481 603 603 722 722 
75 75 96 667 667 
24 24 24 56 
5 5 176 176 213 213 595 595 
16 16 135 296 296 326 
27 144 251 251 
124 127 693 693 693 695 695 695 
169 169 243 243 320 428 428 566 566 
281 
98 366 366 366 366 725 725 
418 669 669 669 669 739 739 739 
130 747 
703 716 716 716 
227 452 452 452 452 452 596 
67 67 521 521 521 521 
32 638 
62 62 62 742 
342 342 536 638 638 638 
285 285 285 
539 
22 67 440 515 515 515 515 
36 278 278 477 

200 200 
140 140 
449 753 
354 354 
163 163 163 163 563 563 669 669 669 669 669 
10 10 10 257 701 705 705 727 727 
363 363 498 576 576 763 
210 438 438 438 438 540 540 
480 696 696 717 739 
5 5 31 31 594 
116 116 116 146 213 733 765 765 765 
756 756 756 756 
312 518 
5 451 451 719 719 719 737 737 737 
563 563 588 588 588 588 633 
203 203 203 203 342 342 363 363 363 520 
26 203 531 531 541 570 570 
203 540 
204 225 225 275 275 724 738 738 
197 197 197 544 
107 203 227 341 543 
213 213 213 439 439 459 612 643 
444 643 643 
16 89 89 333 333 563 563 573 573 702 
16 16 16 16 269 269 284 372 372 372 739 

7 15 18 73 741 741 741 
48 48 48 48 65 65 286 286 286 286 637 637 
8 8 
16 221 376 376 429 429 
377 377 697 
425 425 425 
29 35 96 96 96 
622 739 739 739 739 767 
413 413 632 
219 219 219 219 227 
47 47 268 307 307 
16 16 162 255 281 281 281 569 611 611 
599 661 661 661 676 
186 268 268 268 268 528 528 538 538 547 547 

122 122 
169 428 428 508 508 599 
5 5 
26 148 148 266 266 356 356 356 
16 29 29 29 35 35 35 57 70 70 70 70 91 91 361 361 380 561 
203 203 230 391 391 540 540 574 
81 170 
324 708 
333 333 547 547 
570 739 
314 
530 530 
203 322 322 322 332 332 603 603 
157 157 706 
21 311 385 385 385 
52 239 757 757 
134 134 134 158 158 158 158 
124 124 126 397 764 764 764 764 
75 457 457 457 667 
165 165 165 165 294 636 636 
43 43 316 316 343 343 343 343 761 
5 5 589 
658 
48 48 323 323 538 538 538 538 658 658 658 709 
246 246 246 452 586 633 633 
156 156 280 280 442 442 442 626 
390 390 601 601 

213 225 225 
239 239 239 533 
211 213 213 234 330 330 330 373 373 471 478 478 478 504 504 699 
227 227 312 366 514 725 
496 496 496 
273 
10 10 62 62 81 81 206 206 422 422 422 562 566 661 661 
54 
16 16 16 49 198 245 245 245 330 330 390 390 591 591 613 647 664 664 730 730 
660 
196 196 196 196 501 501 577 577 722 722 722 
307 307 
484 
141 141 141 241 468 
29 29 29 62 62 62 81 81 180 215 310 310 

30 202 338 338 705 705 
745 
16 16 16 246 246 246 281 281 281 561 561 
439 545 
7 7 7 49 85 601 746 746 
442 442 442 442 759 759 
43 43 43 43 
134 158 158 
377 480 480 480 480 648 648 648 
81 99 99 99 261 261 261 
745 745 745 
141 172 213 213 213 
119 119 119 424 424 
80 80 154 154 154 350 557 642 739 743 743 743 743 743 
5 
35 35 35 
28 28 28 322 
16 21 258 333 333 442 442 590 
96 96 347 347 
117 117 
16 468 
203 
194 194 194 203 386 
236 277 382 382 558 739 739 739 741 
3 3 16 89 89 207 261 261 278 278 281 281 281 333 333 336 336 414 420 420 452 476 538 589 589 655 708 708 708 
71 71 164 
5 5 5 5 115 255 405 405 
294 294 584 584 744 
551 551 
280 280 500 516 518 518 518 
162 162 162 162 489 489 667 
122 122 122 343 343 662 662 
10 
622 739 739 
341 342 444 545 546 546 667 667 704 704 704 704 732 732 
203 203 
35 35 741 741 741 746 746 
213 213 213 659 751 751 
63 601 730 
199 199 199 203 203 262 290 369 369 377 377 425 425 617 617 617 
10 10 241 241 241 241 257 257 
739 
5 5 5 5 
428 428 428 428 754 754 754 754 
68 97 342 342 
118 118 147 147 167 679 
207 207 207 364 633 
215 760 
117 190 190 190 402 402 450 450 450 
48 323 333 333 333 371 371 587 588 588 588 674 674 
646 
602 
206 265 562 562 562 599 599 
640 640 
5 135 395 
497 497 601 601 695 
19 19 368 368 368 416 
51 
26 75 149 175 175 175 189 201 254 254 342 398 398 502 502 583 639 643 643 739 739 762 
108 108 384 
511 511 511 511 528 528 528 528 528 

694 694 
129 129 143 143 143 143 143 464 
76 203 
193 193 658 658 
114 114 226 226 269 428 
26 206 206 240 562 
117 117 192 192 420 420 447 447 447 726 
733 756 
99 99 99 99 184 654 
83 751 

5 5 138 395 
117 

249 739 739 739 
251 251 251 251 298 298 298 423 423 423 
292 292 292 298 737 737 739 
181 181 265 265 717 717 717 717 739 739 739 
24 372 372 372 428 428 
371 371 
294 309 345 345 
298 298 739 739 
419 419 419 507 507 507 
671 671 
349 495 495 495 495 497 507 507 507 664 
118 388 393 393 393 532 532 717 717 739 
377 377 554 
725 725 
176 176 176 176 595 
5 115 115 115 292 
113 382 390 430 529 
16 16 16 490 547 
92 92 92 92 513 716 
103 130 130 177 177 342 342 342 342 643 643 643 643 
10 10 252 252 529 529 609 609 
578 
319 319 
138 138 248 248 324 324 324 420 420 572 633 633 633 733 749 756 
16 588 
159 233 233 354 461 461 
50 312 
26 26 266 266 266 391 391 
179 179 179 239 239 239 242 242 242 321 321 321 

98 203 366 486 486 
70 92 99 140 140 140 244 291 387 513 513 513 703 
532 688 688 688 688 696 696 
276 285 285 287 
5 5 5 213 213 367 494 494 537 537 537 
165 453 453 453 
10 10 137 137 444 444 444 739 739 739 739 
501 501 603 603 603 
203 203 203 301 301 
485 542 
158 158 267 510 510 596 698 698 
95 95 95 399 677 
529 529 
225 384 384 384 
81 81 422 422 422 435 
601 601 647 
342 342 342 342 
643 643 763 763 
37 37 37 339 339 440 440 449 449 449 534 678 708 749 753 
90 90 382 382 


537 537 537 687 687 739 739 
225 542 542 
5 5 5 10 10 16 24 24 68 68 80 80 80 90 90 108 108 108 139 139 149 149 149 149 151 151 151 152 152 155 160 160 185 185 185 190 190 190 190 236 237 237 241 241 258 258 274 274 292 292 292 298 298 312 312 312 342 342 342 366 366 366 388 388 391 391 413 418 418 418 418 468 468 493 511 511 511 532 548 557 557 557 557 574 622 632 632 632 642 642 650 667 667 685 685 685 687 688 688 688 692 692 696 721 721 721 721 737 737 745 745 745 748 751 751 

16 16 35 35 73 73 202 202 214 327 327 550 550 550 632 645 645 645 
367 517 
622 622 622 622 622 
362 362 362 636 
181 236 236 236 236 241 241 241 610 619 619 619 739 739 739 
613 613 645 645 
442 442 512 
137 137 190 739 
708 733 753 
76 76 117 157 224 
91 366 366 646 646 680 739 739 
201 201 201 216 216 341 341 483 483 
526 733 749 
342 342 342 652 652 652 652 
389 389 423 423 
150 150 150 150 150 271 271 271 271 324 535 535 535 535 678 708 
239 580 580 759 759 759 759 
221 221 224 224 403 
5 5 97 614 614 757 757 757 757 
213 213 213 250 250 250 273 273 334 334 656 
343 474 585 
342 667 
363 363 530 732 732 
582 582 582 582 
534 534 534 
64 64 64 
451 451 451 557 
