nodes: 768 edges: 2326
5 
64 313 313 313 313 313 
65 65 65 117 117 282 317 317 427 427 
141 
191 247 341 402 
0 6 53 53 53 55 55 55 59 79 79 99 101 101 101 115 115 118 118 119 144 147 147 147 163 163 174 174 188 188 194 210 210 213 221 221 239 240 272 272 292 292 292 307 340 340 340 348 348 367 370 387 387 395 405 448 448 451 451 451 466 466 484 484 488 488 504 506 506 537 567 567 586 586 586 623 635 635 635 651 651 651 654 654 663 663 682 682 700 700 719 719 739 739 739 759 759 759 
5 
49 49 550 613 613 741 
81 81 81 177 316 316 316 316 343 552 552 552 763 
124 124 314 
81 81 105 105 105 121 121 121 224 224 224 224 257 257 274 274 285 312 312 312 472 529 599 649 649 649 649 705 721 721 721 739 739 


159 409 409 409 
493 649 
296 376 376 376 
35 35 35 173 278 278 296 296 296 296 333 333 376 376 378 394 400 400 400 429 429 442 442 442 485 485 485 505 505 505 547 548 553 561 561 569 569 569 600 601 601 601 611 626 626 626 629 633 633 633 702 702 709 739 739 741 
404 404 404 404 443 466 466 719 
34 
665 665 665 665 
352 395 395 395 395 
72 72 72 128 626 
53 53 67 232 232 521 
218 218 218 218 262 262 262 262 262 481 481 501 
190 503 689 739 739 
123 123 123 
111 111 111 148 203 203 203 428 540 568 568 667 712 712 712 
30 30 203 506 
301 625 625 625 
73 73 73 484 484 484 484 550 556 569 569 569 607 607 607 607 607 
27 27 203 203 290 681 681 681 
533 533 
308 308 308 516 
207 207 207 423 423 423 
18 142 
16 16 16 273 278 278 327 327 327 432 432 556 569 569 624 624 624 741 741 
352 352 395 395 395 404 432 432 432 
110 339 339 733 733 733 733 
172 172 298 309 456 456 456 456 
355 355 415 415 
118 118 
342 342 526 
323 323 323 
316 316 449 449 585 585 615 615 
246 337 337 

459 
112 112 171 271 271 307 307 307 560 736 
304 304 304 421 421 421 421 551 551 551 588 588 658 
7 7 613 
711 711 
666 666 
155 
5 5 5 22 22 99 99 99 
600 
5 5 5 272 272 272 375 375 392 478 484 484 484 484 
64 64 156 503 503 
569 569 
199 203 238 238 238 
5 365 
106 156 476 476 476 479 479 
339 444 444 
433 433 517 517 517 599 607 607 607 
470 
1 56 56 156 255 430 430 766 766 766 
2 2 2 117 117 131 131 131 131 750 
352 352 395 395 395 
22 159 213 213 213 305 446 446 
108 108 653 739 739 739 
98 157 157 341 341 
307 307 569 569 569 
393 634 634 634 634 634 
21 21 21 257 381 381 
29 29 29 214 297 297 460 460 460 550 747 
299 299 491 491 
502 502 
133 133 133 133 750 
472 472 472 472 
473 473 488 569 
5 5 239 448 597 597 
350 350 622 622 622 739 739 761 
8 8 8 10 10 136 195 195 206 206 206 257 257 300 300 300 312 312 343 343 422 422 422 422 433 436 571 607 618 618 618 618 729 
688 
117 117 117 224 224 224 224 228 228 228 342 342 417 417 500 500 

601 613 
248 248 248 
284 284 284 
282 282 
547 547 633 
256 280 382 382 739 739 
380 569 569 569 751 
703 703 703 703 716 716 
279 279 312 312 
184 203 212 212 253 253 253 
129 392 392 392 392 464 464 464 464 726 
189 502 556 627 627 667 667 
653 
69 510 510 510 510 
5 53 53 53 618 618 618 679 
444 
5 5 5 581 
395 395 395 395 395 
704 704 
299 445 
10 10 10 529 529 529 
60 156 
544 544 
68 68 312 312 668 668 668 739 739 739 
356 356 356 486 486 486 
37 339 339 733 733 
26 26 26 148 148 148 203 203 
47 47 307 307 307 

342 428 428 675 675 675 
5 5 213 635 
446 446 446 446 446 534 534 534 534 534 
2 2 65 65 83 83 83 224 224 342 342 628 628 677 750 750 
5 5 40 40 194 216 216 348 370 370 370 654 654 654 696 
5 424 424 621 621 621 621 

10 10 10 203 203 205 205 205 205 
565 640 640 640 
25 25 25 215 215 215 354 354 469 469 469 
9 9 344 507 582 582 
490 490 496 496 
374 385 385 385 385 582 
507 
21 442 614 614 
95 190 190 190 190 203 203 203 203 399 552 
342 704 704 
65 65 65 65 286 286 286 286 

76 76 76 76 
158 581 581 581 616 
326 326 326 326 397 397 397 663 
81 228 228 228 228 274 
721 721 721 721 748 748 748 748 
313 313 682 708 708 
739 
387 387 525 525 
3 179 179 179 241 241 455 606 606 620 620 
34 735 741 
222 222 
5 163 163 163 506 506 506 
523 523 523 
534 534 
5 5 5 
26 111 111 111 568 568 
288 667 667 739 739 739 739 
214 756 756 
221 221 739 
739 
317 317 317 
622 622 622 
52 340 340 340 388 448 448 448 448 739 
56 60 64 106 239 239 280 448 460 460 463 590 590 590 
69 69 203 203 203 263 341 341 578 578 
134 581 581 725 725 
13 67 304 304 354 383 409 409 461 710 
184 342 739 739 739 
201 201 201 278 
254 254 254 254 295 639 639 
5 5 144 144 144 213 353 528 528 528 
393 393 
584 584 720 
171 171 171 171 171 
191 191 262 262 341 341 654 
176 176 243 243 243 
566 566 566 
283 283 283 283 283 369 435 435 435 571 
47 166 166 166 166 166 593 
38 38 294 309 
16 397 
5 5 
292 292 292 427 489 489 667 667 
168 168 504 504 699 699 699 
8 704 704 704 
208 208 247 357 
141 141 141 218 218 239 239 367 700 713 713 713 713 
418 418 418 607 
271 271 271 688 688 688 688 688 745 
318 
343 
94 160 256 679 
739 

756 
5 5 272 272 272 272 
96 398 667 
24 129 129 129 129 402 402 657 657 739 739 739 739 748 
4 167 167 
677 677 677 
674 
5 118 210 210 631 631 
81 81 672 
203 203 332 445 603 603 603 
203 543 543 543 666 
351 416 416 
58 203 203 648 
524 524 524 524 717 717 
161 161 161 667 752 752 752 
609 741 
26 26 26 27 30 30 58 94 111 111 121 121 129 129 129 129 157 157 157 196 196 197 199 199 218 218 218 262 262 264 290 301 322 337 341 341 341 342 374 386 393 399 467 482 482 486 486 501 501 539 539 539 539 539 540 540 544 544 544 570 570 570 631 648 666 681 715 723 
275 443 542 542 542 
121 121 121 121 409 
81 81 81 599 599 599 661 661 676 676 676 676 
33 33 33 633 655 655 735 
178 178 357 
246 246 337 
5 5 194 194 531 531 
286 335 335 464 595 595 595 
94 94 
5 67 67 67 115 163 222 225 273 273 299 299 353 446 446 498 498 498 504 504 504 534 545 545 593 593 595 620 620 646 646 719 719 
73 150 
123 123 123 354 354 
118 118 752 752 752 752 
282 290 
23 23 23 23 179 179 203 203 203 501 
559 559 596 596 596 
324 324 
5 5 151 151 387 387 403 403 403 403 452 758 
143 143 213 401 428 428 718 718 719 719 719 
255 
10 10 10 10 83 83 83 83 117 117 342 750 750 750 758 758 
213 364 396 542 542 593 593 738 738 738 
675 
366 544 596 596 596 
83 83 83 136 136 136 136 
284 284 284 
288 295 295 295 399 399 399 399 
264 264 264 
22 22 383 383 383 
710 710 710 
595 595 
305 
632 739 739 745 745 
739 739 739 
58 58 58 
5 79 156 156 179 179 408 408 408 509 580 590 594 713 713 713 757 757 757 
5 488 676 
141 141 312 618 649 649 649 649 739 739 745 745 767 
503 713 
168 168 168 331 428 428 508 
716 
601 601 
44 209 209 337 337 342 411 411 589 611 611 611 
4 178 341 
86 86 86 447 708 708 708 
685 
358 358 358 424 760 760 760 
433 433 506 506 686 686 686 686 
705 705 705 
94 94 94 377 
162 162 162 162 489 639 639 639 
64 223 561 635 
90 184 679 
10 10 72 81 81 529 649 649 649 
318 626 626 739 739 
278 278 
364 364 364 
302 302 333 618 618 618 618 618 633 655 
23 23 23 23 23 167 167 203 203 648 
157 
203 231 231 231 
688 688 739 739 
568 568 568 568 712 
366 366 725 725 
298 563 
284 548 548 675 675 675 675 
332 332 332 
47 47 181 181 181 756 756 756 756 
5 5 55 55 55 188 188 188 188 
35 213 213 396 760 
10 10 136 389 389 739 
204 542 
718 718 718 
346 346 346 632 632 632 
16 16 35 35 161 259 259 404 404 404 432 432 434 434 476 476 476 522 633 633 633 740 740 
93 93 
90 156 590 590 590 638 
509 561 561 561 561 611 611 633 633 633 
2 88 88 217 
170 170 170 170 170 399 
87 87 87 229 229 229 269 548 548 548 548 
10 519 519 718 718 718 
131 131 131 131 211 335 335 335 341 341 464 464 

149 230 
489 
30 203 217 377 648 648 
716 
5 5 5 175 175 175 366 366 370 370 370 470 470 687 687 687 687 700 739 739 

172 309 309 584 584 636 
162 230 230 230 342 342 731 731 
15 16 16 16 16 326 326 347 424 473 487 487 505 505 
73 73 
38 268 493 671 686 687 692 692 692 739 739 
74 74 104 213 213 353 353 363 363 363 406 406 406 406 
81 81 81 422 
28 203 715 723 723 723 
261 261 
428 428 428 
48 48 48 159 159 323 323 379 409 409 
67 235 352 446 446 
549 
5 47 47 47 70 70 112 112 112 387 387 560 
32 32 32 516 
38 172 294 294 691 
607 607 
385 385 385 385 
10 10 10 81 81 93 93 108 108 241 342 342 402 402 486 486 486 486 739 739 739 
1 1 1 1 1 138 138 
9 409 409 575 
704 739 
8 8 8 8 43 43 343 343 585 
2 2 153 153 153 
182 258 354 354 354 
707 707 
428 
548 713 713 
203 577 577 625 630 
42 42 42 304 304 421 421 538 588 588 588 658 658 
220 220 572 572 708 708 756 756 
708 708 
135 135 135 135 296 296 505 
35 35 35 

708 708 
373 373 595 595 601 601 
243 428 
196 270 270 270 
16 16 261 364 547 573 626 626 626 633 633 633 658 
760 760 
211 211 286 286 286 
452 633 
44 44 203 209 246 246 342 
609 609 
37 37 61 110 110 733 733 
5 5 5 155 155 155 448 448 448 
4 69 69 157 157 167 167 203 203 203 247 286 286 357 357 357 357 417 464 464 464 483 483 483 544 544 643 684 752 752 
41 41 83 83 114 117 117 130 160 203 224 246 295 295 312 312 337 399 399 428 428 465 518 539 539 643 643 653 653 667 667 667 704 704 731 731 739 739 754 754 762 
8 81 81 183 316 316 433 585 640 
124 466 466 
691 691 
277 277 277 
296 627 627 627 627 
5 5 118 441 
497 507 695 
80 80 622 
198 368 
20 36 36 66 66 305 395 432 432 432 
163 213 299 299 
123 123 159 215 215 318 318 318 360 360 469 469 527 
39 39 
109 109 109 568 
178 208 341 341 341 341 
250 250 250 
461 461 
354 354 737 
569 569 569 
378 744 744 
299 299 299 406 406 406 498 530 530 539 539 576 694 763 
225 260 260 260 333 
59 
227 267 267 292 292 510 510 596 596 739 739 739 751 751 
5 179 719 742 742 742 
351 665 665 
170 648 
5 118 118 118 292 292 292 654 
658 690 690 
548 548 689 689 
330 330 406 406 406 498 498 595 595 
126 203 
55 55 379 379 379 379 392 642 
15 15 15 16 16 553 553 
253 290 554 648 697 697 697 
16 362 
304 375 375 375 375 388 388 388 
91 569 
72 72 
90 90 632 632 701 734 734 734 
159 232 232 232 
728 728 728 
126 126 126 126 311 311 311 311 579 579 579 
203 
5 5 140 140 221 221 307 307 716 
155 379 379 379 696 696 696 739 739 739 
274 274 755 
591 701 701 
570 570 570 570 712 712 712 712 712 739 739 
55 95 95 95 95 375 484 484 484 484 
71 164 164 203 625 625 696 696 696 
16 
5 20 20 20 20 36 36 36 66 66 66 102 102 102 102 102 352 663 663 663 682 
225 273 
135 135 135 173 
189 
129 203 230 230 230 230 283 342 342 726 726 
16 16 16 424 424 473 473 473 
222 
4 190 190 312 312 657 657 739 
221 221 221 221 758 764 
17 17 17 17 36 278 278 278 430 430 430 522 
5 635 635 
299 299 299 299 363 363 363 373 373 373 

239 239 239 
13 13 13 159 159 205 304 304 314 314 575 575 
546 546 
246 246 455 455 

558 558 739 739 

39 39 
198 198 665 
83 83 341 
180 180 180 511 511 739 739 739 
693 693 
633 633 633 677 677 677 708 708 
48 48 48 48 323 323 
81 81 81 81 300 475 475 599 599 599 729 729 729 
33 33 33 686 755 755 755 755 
119 119 250 296 400 400 621 621 
431 431 431 555 555 555 555 648 648 648 
498 498 
2 2 175 
26 114 114 222 222 243 243 303 303 303 320 331 342 342 478 478 566 566 675 675 689 
16 16 553 553 
64 64 404 404 404 499 701 701 
425 425 425 
35 35 36 36 36 278 278 352 352 352 
62 62 81 251 251 343 
278 278 
170 170 170 
81 
511 582 
531 531 531 
545 545 545 
662 662 662 733 733 
348 
16 16 16 128 590 590 600 600 600 600 614 614 614 614 626 747 747 
17 204 695 695 695 695 
61 61 100 546 643 721 721 
104 196 
67 67 116 116 116 116 116 213 213 305 305 
248 
5 5 79 155 155 155 155 156 340 340 340 
43 43 733 733 
657 657 657 657 
5 5 5 537 537 767 767 767 767 
221 336 589 589 633 
720 720 

141 411 411 
38 38 38 38 
583 
496 
46 612 
73 73 73 156 156 
159 359 359 710 710 

156 472 
95 95 95 95 211 286 286 341 341 341 672 
342 
5 5 17 17 344 344 
203 
606 629 739 739 739 739 
123 123 123 354 354 
63 292 292 

10 77 77 77 77 463 
78 78 296 400 400 400 
761 
422 422 487 487 487 
60 60 60 278 278 278 633 633 
522 
55 428 428 595 595 
60 60 
532 617 
23 23 501 501 501 
203 203 
341 341 341 752 
5 5 29 29 29 29 55 55 55 55 392 392 392 392 605 
16 16 16 626 626 724 
109 109 109 203 203 312 312 312 312 715 
296 296 475 475 475 654 
5 5 78 240 676 
175 175 254 289 639 639 
125 125 496 496 
74 74 

14 298 739 739 
719 
655 693 693 695 695 
125 125 458 490 490 597 597 597 597 
349 601 664 664 664 695 695 
213 213 213 363 373 373 426 426 
430 
83 83 
23 203 203 218 481 481 481 603 719 
75 75 96 667 667 
24 56 56 242 
5 176 176 213 213 213 595 595 
16 16 16 296 296 326 
5 5 27 144 144 144 251 251 
124 127 349 664 664 693 693 695 695 
243 566 
239 281 
98 98 98 98 366 366 725 725 725 
418 418 437 669 669 
747 747 
716 716 716 

521 521 521 521 521 
32 308 638 638 638 711 711 
62 62 62 742 742 742 
342 638 638 638 
285 285 

22 515 515 515 515 515 
278 404 477 
145 145 145 
200 200 200 200 
140 140 716 
41 753 
354 
163 163 163 563 563 669 669 
10 105 105 105 257 649 649 701 701 705 
363 363 576 763 763 763 
210 210 438 438 438 540 540 540 
480 696 696 717 739 739 
31 31 
116 116 116 116 116 146 146 213 733 765 765 
756 756 756 

5 451 451 719 719 737 737 
323 588 588 588 
203 203 203 203 203 342 342 363 363 
26 203 203 531 531 531 541 570 570 570 570 570 
540 
204 204 204 225 225 275 593 593 593 679 724 738 
197 197 197 
107 107 203 203 203 227 341 341 
213 213 439 439 439 
410 410 444 
16 89 89 333 563 573 702 
16 269 269 284 284 284 284 321 372 372 739 739 739 
306 
7 29 73 741 741 741 
48 48 48 586 637 637 
8 8 8 129 
16 376 376 429 429 
377 697 
425 425 425 425 648 
29 35 96 
622 622 622 650 650 739 739 739 739 767 
413 413 632 
219 219 
47 307 
16 16 255 281 281 281 281 569 569 611 
661 661 
268 528 528 547 
613 613 
122 763 
169 169 169 428 428 508 599 599 
5 5 
26 26 148 148 266 266 266 266 356 
16 16 16 29 29 29 35 35 57 57 70 70 70 78 91 91 91 361 361 361 380 561 561 670 670 
203 203 203 391 391 391 391 540 540 540 540 540 574 574 
81 170 
324 324 
333 547 
570 570 739 739 739 
314 409 409 
363 530 
322 322 
157 157 706 
385 385 385 
239 757 757 
101 134 134 134 158 158 
124 124 126 437 739 764 764 
457 667 739 739 
165 165 294 294 636 636 636 720 
43 43 316 343 761 
5 5 5 551 589 
658 658 658 
48 48 323 323 323 538 538 538 635 658 658 658 709 
246 452 452 586 633 633 633 
156 156 156 239 280 280 280 442 442 626 
390 

171 213 213 225 225 542 542 542 
239 
211 211 211 213 234 234 330 330 373 373 478 478 504 504 699 
219 219 219 227 227 227 366 366 719 725 725 
79 79 496 496 496 496 
624 
10 62 206 206 206 422 422 422 566 566 
16 54 442 442 442 442 
16 16 16 85 245 245 330 330 497 613 613 647 647 660 660 664 664 695 
660 660 
196 196 196 501 722 722 

484 
141 141 468 
29 29 29 29 29 62 62 62 81 180 310 310 
649 649 
202 338 338 705 
745 745 745 
16 246 246 246 281 281 561 
459 
7 7 49 85 564 564 601 601 
128 128 442 442 442 442 759 759 
43 43 
134 
480 648 
81 81 81 81 99 99 99 241 261 261 261 261 261 
745 745 745 
141 141 213 213 
119 119 119 119 424 424 
80 80 80 154 154 154 350 557 557 557 642 739 743 743 743 
5 
35 35 35 598 
28 28 28 322 393 393 
16 16 16 21 258 258 333 333 333 442 485 485 590 
96 96 347 347 347 347 
117 117 
16 468 
322 
194 194 203 
236 277 277 277 382 382 558 739 739 741 
16 16 16 89 207 261 278 278 278 281 281 281 333 333 333 336 420 420 420 452 476 476 589 589 589 655 655 708 708 708 
71 71 71 71 71 
5 5 5 115 255 405 405 588 759 759 
294 584 584 584 
551 551 643 
280 516 516 516 518 518 518 
162 162 254 254 254 489 489 667 
122 122 122 343 662 662 

375 622 739 
341 342 342 444 637 704 704 704 704 732 732 

741 746 746 746 746 
213 213 751 751 
601 601 
199 203 262 290 290 369 377 425 425 425 555 617 
10 10 10 10 14 241 241 241 241 257 257 257 529 529 608 608 
557 557 739 739 
5 5 5 
754 754 754 
68 97 342 342 
5 5 118 118 118 167 370 487 
207 207 261 495 633 633 
760 760 760 760 
190 190 402 402 450 450 450 450 
48 323 323 333 371 587 587 587 588 588 588 674 690 

601 601 602 602 
206 206 562 562 
440 440 440 640 640 733 
5 5 135 395 395 395 
497 497 497 507 507 601 601 695 695 
19 19 19 19 368 368 416 
51 51 197 203 
26 96 96 149 149 175 175 189 201 342 342 342 502 502 583 639 739 
108 108 108 
511 511 528 528 
569 569 
298 694 694 694 
195 464 

193 658 
114 114 114 226 269 269 269 269 428 428 
206 206 206 206 240 488 
117 192 192 192 420 420 420 
733 733 756 
99 184 256 542 

30 30 30 203 
5 5 138 395 

341 
249 739 739 739 739 739 
251 251 251 251 298 423 
292 292 292 292 298 737 739 
82 181 181 181 181 181 265 265 717 739 739 739 
24 372 372 428 
371 371 658 
309 345 345 
298 298 298 739 739 
419 419 495 495 507 507 
363 671 671 671 
349 443 443 443 443 495 495 497 497 507 507 601 664 664 
118 388 388 388 393 393 393 532 532 717 717 739 739 739 739 
377 377 377 554 
725 
176 176 176 595 
5 5 179 292 
382 390 390 430 430 529 529 
16 16 547 
92 92 92 92 716 716 
103 103 130 130 177 177 177 315 342 342 643 643 643 643 
10 252 252 252 529 609 
578 
319 319 
138 138 248 248 248 324 324 325 325 329 329 420 420 633 633 633 733 733 749 749 756 756 756 
16 588 
159 233 233 233 461 461 
50 50 516 516 
26 26 26 266 391 391 391 391 391 
179 179 179 179 239 239 239 242 321 321 

203 301 486 
92 92 244 291 387 513 513 513 525 703 703 
200 200 532 688 696 696 
222 222 276 276 276 285 285 285 756 
5 5 17 213 213 222 222 222 367 494 501 537 537 596 
165 453 453 584 
10 10 10 137 137 137 137 444 444 739 739 739 739 739 
603 603 
203 301 301 301 
485 542 
158 158 267 267 510 510 510 596 596 698 
95 399 399 

384 384 384 
81 422 422 422 

295 295 342 342 
643 643 763 763 
37 37 37 37 110 110 339 339 440 440 449 449 534 662 678 678 708 708 753 753 756 756 756 
382 382 382 
142 207 
47 
360 537 537 687 739 739 
225 225 225 542 
5 5 5 10 10 16 16 24 24 68 68 68 80 80 90 90 108 108 108 139 149 149 149 149 151 152 155 160 160 160 185 190 190 190 190 236 236 237 237 237 241 241 258 258 265 265 274 292 292 298 298 312 312 312 315 342 342 366 366 366 388 388 388 391 391 402 413 413 418 418 418 468 468 468 468 493 493 532 532 548 548 548 557 557 557 557 574 574 574 582 583 583 622 632 632 642 650 650 667 685 685 685 685 685 687 688 688 688 692 692 696 696 696 696 721 721 721 721 721 737 737 745 748 748 751 751 
278 278 
7 16 35 35 142 202 550 550 550 632 645 
367 367 367 517 517 517 
622 622 622 
362 362 
181 236 236 241 241 610 610 610 619 619 619 739 
645 645 645 645 
73 442 442 512 512 
137 137 137 137 190 739 739 
708 708 753 
65 76 117 117 224 224 224 
91 366 366 646 646 739 739 
201 201 201 216 216 216 216 341 341 483 
526 733 733 749 
342 342 652 652 652 
389 423 423 423 423 
150 150 187 271 271 271 271 324 324 535 535 535 678 708 708 708 718 733 733 733 
239 239 239 580 580 759 759 759 
221 224 224 403 
5 5 5 614 614 635 635 757 757 757 
250 250 250 273 334 334 656 656 656 656 
80 474 585 
342 
8 363 530 530 530 565 732 732 
403 582 582 
534 534 
64 64 64 
241 451 451 451 451 557 
