nodes: 768 edges: 1390

64 64 64 64 313 
282 
141 633 633 
203 247 247 247 341 357 
6 53 55 79 79 101 101 115 115 119 144 147 147 194 210 210 213 213 213 221 240 272 292 292 292 340 370 405 448 488 506 533 537 537 586 635 635 635 651 651 651 654 682 682 700 700 719 719 719 759 
5 
49 550 613 741 
81 177 316 316 316 552 552 763 
582 
81 81 81 105 121 121 224 224 224 257 257 265 274 274 312 312 472 472 529 529 599 599 649 649 721 721 721 
501 
16 16 35 35 376 376 
159 
493 649 
296 
12 12 35 35 35 35 57 57 198 198 278 296 296 296 333 333 394 429 442 492 505 547 548 548 553 561 561 569 569 569 601 601 601 611 611 611 626 626 633 633 633 741 741 741 
466 
550 
665 665 

72 72 72 72 128 626 626 
67 67 67 521 521 
218 262 707 
312 689 739 
123 123 
41 111 111 203 203 203 385 428 428 462 474 540 676 712 
203 506 
625 
73 484 569 607 607 
203 609 681 
533 
308 308 308 516 516 
207 423 

12 12 16 16 16 16 273 278 278 278 327 432 556 569 569 569 624 624 740 741 741 
352 432 
339 733 
298 298 309 456 
261 355 355 415 
118 118 
26 342 
323 323 
316 449 449 615 615 
346 
253 
379 459 545 
106 112 171 171 307 560 560 
304 421 421 551 551 551 
7 601 
248 312 
203 666 666 

5 99 
600 600 
5 375 375 484 484 
64 86 86 156 156 156 255 
16 16 477 569 
199 203 238 238 238 
365 
106 156 156 476 479 479 479 
444 444 
433 433 433 433 433 517 562 607 
118 647 
1 1 1 1 56 156 430 499 499 766 766 
131 131 551 
395 395 
22 22 22 120 159 159 213 213 213 305 354 354 354 446 521 
363 
341 341 
569 716 
634 
21 21 21 21 257 
29 297 460 460 
84 299 299 491 491 491 
502 502 583 
750 750 
352 
473 473 
5 5 239 448 
241 350 622 739 739 
8 10 10 10 136 195 206 257 300 312 312 312 343 343 343 433 435 443 571 599 599 607 618 729 
688 
224 228 342 342 342 417 
74 
601 
56 56 
284 
124 282 
547 547 547 
280 382 739 
569 751 
633 703 716 716 
279 312 
184 203 679 679 
392 464 464 726 
502 556 556 667 
759 
366 510 715 
53 618 618 618 716 
704 
5 5 
395 395 
342 704 
299 
10 
47 60 
544 544 
312 312 739 739 
356 356 356 356 
733 
26 26 148 157 157 
47 
257 257 701 
675 
5 5 
213 431 431 446 446 446 534 
224 342 342 342 628 628 683 750 
40 40 63 171 216 216 348 370 654 654 
5 621 621 
67 
10 10 203 205 
640 640 
25 25 215 215 215 
88 
490 490 
385 582 582 
507 
21 442 614 
203 203 203 552 672 672 
342 342 
65 65 


158 158 408 616 
326 326 397 
81 228 228 274 

708 708 
739 739 
716 
3 179 179 241 241 241 606 
741 
222 672 
5 163 163 
523 
207 207 491 534 534 
5 5 
111 
288 342 342 739 
460 756 756 756 
221 221 739 
739 
317 

340 340 340 
56 56 56 60 60 64 239 448 460 460 463 590 590 
111 111 203 341 
134 134 581 725 725 
13 67 67 304 304 354 461 710 
342 739 
201 278 
254 254 254 254 
144 144 213 213 353 353 528 528 
634 634 
584 584 584 584 

247 341 565 654 
176 473 

435 435 
47 47 118 496 496 

397 

292 292 427 667 667 
168 504 699 
8 312 704 
208 357 
141 141 218 218 367 713 
418 418 418 607 
271 271 688 688 688 745 745 


94 256 256 

563 
756 756 
272 272 

402 657 739 739 739 

677 
323 
5 631 631 
81 312 
203 577 577 603 603 
203 203 203 543 666 
16 16 416 601 
58 203 648 

161 616 667 
609 
4 26 26 26 27 30 51 58 94 121 129 129 129 157 196 197 197 197 199 218 253 262 262 262 266 301 322 328 337 337 341 341 342 342 374 374 377 377 386 393 399 399 423 423 423 482 486 486 486 501 501 501 539 539 539 544 570 570 592 631 644 644 648 648 666 723 723 

121 409 
81 240 599 676 676 676 
33 146 146 655 735 
178 357 
246 337 
5 5 531 531 
464 595 
253 
5 5 5 67 67 67 116 163 163 222 222 225 273 299 446 498 498 498 504 504 504 534 545 595 595 620 620 646 646 719 760 
741 
123 123 123 
118 118 752 752 
290 
23 179 179 203 262 501 501 
559 596 

5 151 151 387 387 387 403 403 553 
143 213 213 401 401 401 428 428 719 
255 
10 10 10 83 117 342 342 417 438 438 750 750 
213 275 275 364 593 738 
428 
514 596 596 596 
83 136 136 
284 284 
288 288 295 399 
264 
383 
710 
373 595 595 
305 305 
274 274 274 745 745 745 
739 
58 58 58 369 
79 156 408 590 713 713 757 757 
5 206 676 676 
80 141 141 141 312 455 606 606 618 649 649 649 739 739 745 
713 


601 
209 337 342 411 414 456 611 
4 4 4 167 341 
50 420 447 708 

424 760 
433 506 506 
705 
45 203 212 377 
162 162 162 162 489 639 667 
56 223 635 
184 184 
10 10 72 81 113 113 381 529 649 649 
318 318 454 626 626 626 
278 278 
364 364 
39 302 302 302 333 333 415 618 618 618 633 633 655 
23 203 203 203 218 

231 
10 
203 462 568 712 712 
725 725 
563 


181 181 535 756 
5 188 188 
35 213 396 760 
10 10 136 236 236 236 389 739 
225 225 493 

632 
16 35 35 35 161 259 259 287 432 432 434 434 477 477 522 633 633 633 740 
93 312 
90 590 638 638 
561 561 561 561 611 611 633 633 
2 88 

87 229 229 
519 705 718 718 
335 341 464 551 551 
278 
149 230 230 

217 377 

5 5 5 175 175 366 370 370 700 

298 309 584 
230 
15 16 16 16 347 376 424 424 424 505 
73 
38 38 294 493 493 636 636 636 642 642 671 686 686 687 
74 74 104 213 353 353 353 363 406 
81 
203 723 
261 261 261 

48 159 159 323 323 323 379 409 409 
67 235 235 446 

47 387 387 560 604 
32 32 32 516 656 
38 294 691 691 
607 
385 385 385 
10 10 24 50 81 81 81 93 108 108 177 195 241 279 342 402 486 486 486 486 739 
1 
409 409 575 575 

8 8 8 43 
153 
258 258 354 354 
707 

713 
203 
42 42 193 304 304 304 588 588 588 
572 572 572 756 
708 708 
135 135 505 
35 
203 

373 373 595 595 601 601 

577 
16 16 261 261 547 547 573 573 626 633 658 
760 760 
286 
633 
203 203 209 246 342 
609 
37 733 
5 155 155 155 
4 69 69 157 167 203 203 247 286 357 417 464 464 643 684 720 752 752 
41 83 83 83 103 117 117 117 130 130 149 149 160 203 203 224 224 246 312 337 399 399 399 428 428 428 465 518 539 539 539 643 643 653 667 667 704 754 
81 81 81 433 585 585 640 
466 
691 
44 
296 627 
118 441 441 
497 695 
80 
368 
36 77 395 432 432 
163 163 299 299 299 
67 67 67 159 318 318 360 710 
39 39 618 
109 109 109 109 
4 178 208 341 578 
359 359 359 424 
358 358 358 461 
354 
569 
378 
68 299 406 498 530 539 539 763 763 
225 260 260 
59 
98 292 470 510 510 596 739 751 
179 
351 665 665 665 
238 
5 118 292 292 
658 
689 
234 330 330 498 595 
203 203 
55 55 379 
12 12 296 553 553 
203 203 253 290 425 425 617 648 648 648 
362 
46 304 375 388 388 
569 569 
257 
90 
232 
728 
26 126 311 311 311 
203 631 
221 221 221 307 307 716 
379 379 696 739 739 
274 
591 701 701 
570 570 712 
95 484 
203 634 
16 
66 66 102 102 352 663 
273 
135 173 
667 
203 203 230 342 342 342 726 726 
473 
222 222 222 
190 312 739 
221 221 
430 430 430 522 522 
5 635 
299 363 

134 239 
205 304 304 314 314 
460 460 
246 


246 
39 261 
198 665 665 
83 224 341 
180 180 180 739 739 
693 
248 633 677 
48 48 
475 599 599 599 729 
33 203 203 203 686 686 755 755 755 
250 296 296 296 358 473 473 473 473 621 621 
377 377 431 431 555 555 
498 
175 
26 26 222 222 226 342 342 342 478 566 566 652 652 675 689 689 689 754 
16 
64 404 404 404 701 701 
116 116 425 425 
35 36 278 278 352 352 
62 62 62 62 62 81 251 343 
278 278 
81 170 170 729 


224 224 531 
612 612 
521 733 733 
348 348 
16 128 590 590 590 614 747 747 
81 695 
61 61 643 
743 
67 116 116 116 213 305 
248 677 
5 79 156 
43 43 526 733 733 
657 
537 537 767 
633 
720 720 
258 
241 
38 246 


46 
73 73 150 156 156 410 410 
159 359 
26 266 
156 
95 95 211 286 341 341 
342 
17 344 

606 

366 

10 10 
78 78 168 400 424 424 424 424 
26 761 
422 
60 633 
57 278 278 522 
428 595 595 595 595 
60 60 60 
617 617 617 
501 
203 
752 
29 55 55 392 605 
724 
203 203 203 312 312 312 312 

5 
254 639 639 
125 125 702 
74 74 74 146 
16 709 
14 275 298 298 739 
719 
655 693 693 695 695 695 
171 171 597 
349 695 695 
213 213 213 363 373 426 
64 64 
638 
11 203 203 203 218 218 481 603 603 722 
75 75 96 667 

176 213 213 213 
16 296 326 
5 27 251 251 
127 695 
566 

98 366 366 
669 739 739 
747 747 

227 596 
521 521 521 
32 32 308 711 
62 742 742 
342 638 638 
285 705 

22 22 67 440 515 515 515 
278 404 404 477 
145 


449 753 

163 163 669 669 669 
10 10 257 649 649 701 701 727 
363 763 
210 210 438 540 
717 
5 31 
116 146 146 213 733 
271 

5 5 451 451 737 737 
563 
203 203 203 342 342 342 363 363 
26 531 570 570 

593 593 724 738 
197 544 544 
107 107 203 543 543 
46 213 612 643 643 
643 
16 89 89 89 333 333 563 702 
16 16 739 

7 18 561 741 741 741 
48 48 48 65 286 286 
8 8 129 
16 221 376 376 
697 697 
425 425 648 
35 96 96 
739 
632 
219 
47 47 307 
16 16 281 281 281 281 550 569 
62 
186 268 538 547 
613 
167 763 
428 428 508 599 599 

266 
16 16 16 29 35 35 35 57 70 91 361 380 380 561 670 670 
203 203 391 391 540 540 574 574 
81 
324 324 324 708 
333 333 
570 570 739 
314 314 

196 196 332 603 
357 706 


158 
9 126 126 739 764 
75 667 667 
165 165 165 165 294 636 720 
343 343 761 
5 
658 
323 323 323 635 
633 
156 156 239 280 442 442 442 
390 
203 
225 542 542 

211 213 213 234 234 330 330 373 478 478 478 478 
219 227 227 227 366 514 719 725 725 725 
496 

10 10 81 81 206 422 422 422 566 566 661 661 
54 54 
16 16 16 49 85 198 245 330 330 660 664 664 695 730 730 
647 660 
196 196 501 501 577 722 722 
307 
484 
141 241 241 468 
29 29 62 81 180 310 

30 202 338 705 
686 745 755 
16 16 16 246 281 281 
439 439 545 
7 564 746 
128 442 759 759 759 
43 43 
134 201 
377 480 480 480 648 
81 99 99 99 241 261 261 261 355 

213 213 
119 119 424 424 
80 

35 35 
28 
16 16 21 21 258 258 258 333 
347 
117 117 


194 194 203 386 
277 558 739 741 
3 3 16 16 16 92 261 261 278 278 278 281 281 333 336 420 452 476 589 655 708 708 
71 164 164 393 
5 5 5 255 405 588 
298 298 298 584 

280 280 500 518 518 
254 489 489 
122 122 343 662 662 

298 298 739 
341 342 342 444 545 545 546 667 704 
203 203 
741 746 746 
213 213 751 751 
63 602 
199 203 203 377 377 377 555 617 
10 10 14 241 241 241 257 257 529 529 
739 739 
5 5 5 
428 428 754 754 
342 
5 118 118 167 
207 261 495 633 
308 
190 450 
333 371 587 674 690 

601 602 
599 599 
640 640 
395 
601 601 
19 19 368 368 368 416 416 
51 51 197 203 
96 175 175 201 254 342 342 398 502 583 583 643 

511 528 528 528 
569 569 
298 694 694 694 
129 129 143 

658 
114 428 
26 206 206 206 240 240 
192 420 447 
733 756 756 
94 94 

30 
5 5 
117 
341 706 
739 
298 298 423 423 610 
298 737 737 739 739 
82 181 181 181 739 
24 372 428 428 428 
658 
309 309 345 

419 495 495 
671 671 671 745 745 
349 443 495 495 495 497 497 507 601 
388 717 717 739 
554 554 

176 
5 5 292 
113 390 390 430 430 529 529 
490 547 
92 
100 103 177 342 643 
252 285 519 609 
578 684 
23 319 
138 138 248 325 325 572 633 633 733 749 756 
492 
159 233 354 
516 
26 266 266 391 
179 239 239 242 321 

98 
70 92 92 99 140 387 
532 696 696 
285 285 
5 5 5 213 222 494 596 
341 453 453 584 
10 10 10 739 739 
501 603 603 
203 203 301 
485 542 
158 158 267 267 596 596 596 
95 399 399 
529 
384 
81 422 435 
601 601 

763 
37 110 339 440 440 449 449 534 678 708 

207 

537 537 687 687 
225 542 
24 80 80 90 108 108 139 139 149 151 152 160 190 190 190 237 241 241 274 312 366 388 388 402 418 418 493 511 511 548 557 574 582 632 642 650 650 685 687 687 688 696 721 721 745 748 751 
35 278 
7 16 16 16 35 35 142 214 550 550 550 632 645 
517 517 
445 

181 181 236 236 236 241 610 694 694 739 
613 645 645 
442 442 512 512 
739 
708 
76 76 117 224 224 
91 366 646 646 739 
216 216 341 341 483 
526 
342 428 652 652 
423 423 423 610 
150 150 150 187 187 271 324 678 678 708 
239 239 

5 97 614 614 614 
213 250 273 334 334 
474 585 

8 363 363 530 565 732 
582 

64 64 
451 
