nodes: 768 edges: 1414
5 5 
64 64 313 313 
65 65 117 117 117 317 317 
89 141 141 633 633 
157 191 247 357 402 
0 0 53 53 53 99 101 115 144 144 147 188 210 210 210 213 213 240 240 292 292 340 340 370 387 387 395 395 405 405 448 484 504 506 533 533 586 586 623 623 623 651 663 700 719 739 739 

741 
81 81 177 316 343 
124 
81 81 81 105 224 224 224 257 257 265 265 285 312 312 472 472 529 599 599 641 705 721 739 

16 35 35 
159 409 
493 493 
296 376 
12 35 35 173 173 198 198 198 214 278 296 296 333 376 378 429 429 442 505 505 548 548 548 553 561 569 569 601 601 601 611 626 626 633 633 633 702 709 709 709 739 741 741 
443 
34 34 550 
665 665 665 
395 395 
128 626 626 
53 53 53 67 232 232 521 
218 218 262 262 481 707 707 707 
190 312 739 739 

41 41 111 203 203 385 385 428 428 428 462 540 568 568 667 676 712 712 
30 
301 625 
73 484 484 569 569 569 607 607 607 
27 203 203 290 681 

308 516 
207 
18 18 
12 12 16 16 278 278 432 569 569 624 624 
395 404 432 432 
110 339 733 733 
456 456 
261 415 
118 
26 26 
323 323 323 
449 449 449 615 
337 337 337 
253 253 
379 
112 171 271 307 560 
304 421 551 588 588 658 
613 
248 312 
203 203 666 

5 5 5 22 22 22 99 99 99 

272 272 272 375 392 478 484 484 
64 86 156 239 239 255 255 503 
477 
203 238 238 238 425 
365 
476 479 
444 
433 517 517 517 599 599 599 
118 647 
1 1 56 223 255 255 430 430 499 766 766 766 
2 2 131 551 750 
352 352 395 395 395 
22 159 159 159 213 213 305 446 446 446 521 521 
108 363 739 
157 341 520 
307 569 569 716 716 
393 634 634 
257 257 381 
29 297 741 
84 84 491 
502 583 583 667 
402 750 750 750 
352 472 472 
473 
239 448 597 
379 622 622 
8 8 10 10 10 170 170 195 257 257 300 300 300 312 312 343 343 343 422 422 422 433 435 443 571 607 607 618 618 729 729 
688 
224 224 224 342 417 500 680 
74 74 

56 248 
284 
124 282 342 342 
3 547 547 
280 734 
569 
589 589 703 703 703 716 716 
279 
184 203 203 212 253 679 679 679 
129 392 392 399 399 726 
556 556 627 

366 510 510 
5 53 53 53 618 618 618 679 
444 444 704 
5 610 
395 395 


10 529 
476 
544 544 
68 668 739 739 
356 356 356 356 486 
37 339 339 
26 148 157 203 
47 307 
257 
342 428 428 
5 635 635 700 
213 431 446 446 
2 2 2 224 224 342 342 427 677 677 
40 63 171 216 216 348 654 654 
424 424 424 

203 203 205 
565 640 640 640 
215 354 
9 88 344 507 582 582 
490 496 


21 148 614 
95 190 190 190 203 203 203 399 552 552 672 672 
704 
65 286 286 286 

217 
158 581 581 616 
397 397 505 505 
228 
721 748 748 748 
313 708 708 
739 
387 617 
3 3 179 241 241 455 455 606 620 620 

222 222 
5 5 163 506 
523 523 

5 654 
111 128 568 
342 667 739 739 
214 214 214 460 756 756 
221 221 739 

317 

340 448 448 448 
56 239 242 280 460 463 
4 69 111 203 203 203 263 341 341 578 720 
134 581 616 725 
13 67 67 67 354 383 461 461 
342 342 
201 201 278 
561 561 
144 213 213 528 
393 634 634 
294 294 584 584 
171 703 
191 191 247 247 262 654 
176 176 243 243 
320 508 
81 81 283 435 
47 118 166 

16 16 397 
639 
292 489 667 
168 168 
8 704 
357 357 
141 218 218 239 367 713 713 713 
607 
271 688 688 745 745 745 


94 256 
393 

756 
5 272 272 
667 667 
24 129 129 129 402 402 657 739 739 748 
4 167 167 
677 
323 674 674 
210 631 631 
81 312 
445 577 
543 666 
16 16 16 416 416 664 664 664 
203 
524 
161 161 
741 
26 26 30 30 51 51 58 94 94 111 121 121 129 129 129 157 157 157 199 218 262 262 264 266 266 328 337 337 341 341 341 342 342 342 377 377 386 393 393 393 399 399 423 423 467 467 482 482 486 486 501 501 501 501 539 540 540 540 541 544 544 577 577 592 631 648 666 673 681 715 715 715 723 
542 542 
121 409 
599 599 676 676 676 
33 633 655 655 
357 357 
246 246 
5 5 5 194 531 
286 595 595 
94 253 253 
5 5 67 67 116 163 163 273 273 299 299 498 504 504 534 595 620 646 646 
16 150 150 150 
123 607 
118 118 752 752 752 752 
133 282 290 
23 23 179 179 203 262 501 501 
559 559 596 

151 151 387 403 403 403 403 403 758 758 
143 143 401 428 428 718 718 718 
64 255 
10 10 10 83 83 83 117 117 342 
396 542 593 659 738 
675 675 
366 514 544 559 596 
136 
284 
288 288 295 295 295 399 399 

22 22 383 383 384 
710 
595 
305 
739 745 745 745 745 

58 58 58 
56 56 79 156 179 594 757 757 
5 5 488 
141 141 618 649 739 739 767 
156 503 503 713 
168 168 428 508 598 

601 
209 209 337 337 342 342 456 589 589 589 611 
4 167 167 
50 86 
685 
760 
433 506 506 
705 705 
45 45 94 212 212 377 554 
639 
56 56 64 64 223 561 635 
184 
10 10 72 72 81 81 113 381 649 
626 626 626 626 739 739 
278 
364 
39 333 415 618 618 633 633 655 655 
23 23 167 203 203 218 648 
157 
203 
10 10 739 
203 203 462 568 568 568 
366 725 
298 298 563 563 563 563 
284 675 
332 332 
47 181 535 756 756 756 
55 55 55 188 188 
213 213 396 



346 346 346 632 632 
16 35 35 161 259 287 432 477 522 633 
93 
90 156 638 
387 509 561 561 561 611 611 611 633 633 
88 217 
170 
87 229 269 289 548 
10 519 705 718 
131 131 131 211 335 335 335 335 341 551 551 
278 718 
230 230 
284 489 
30 217 
716 
5 5 175 366 370 470 470 687 687 

165 165 298 298 309 309 584 691 691 
230 230 230 731 
15 16 16 347 347 376 424 487 487 505 505 505 
73 
268 268 294 294 493 493 493 493 642 686 692 
213 213 353 353 363 406 406 
81 81 81 422 
28 715 723 

428 428 
48 323 409 
67 235 446 
323 
47 70 112 387 560 560 
32 
294 294 

385 
10 10 24 50 81 81 195 342 342 486 486 596 
1 1 138 
409 
704 
8 343 436 436 
2 2 153 
354 

169 508 
548 713 713 
577 
42 42 42 193 304 306 421 588 588 
572 708 756 756 
708 
505 

203 
708 
373 595 595 601 
428 428 
270 270 577 577 
16 261 626 626 633 
760 760 
286 286 286 286 

44 44 44 203 203 246 246 444 
609 
37 110 110 733 
5 5 155 448 
69 157 157 203 203 203 286 357 357 417 417 417 417 483 483 483 544 643 684 720 752 752 
83 88 88 114 117 117 149 160 160 203 203 203 224 246 246 312 312 399 428 465 539 539 643 643 667 704 704 731 739 762 762 
8 81 81 81 316 433 
124 466 
691 
277 277 277 
296 296 627 627 
118 
507 695 695 


66 66 77 432 432 
299 299 
123 159 318 469 527 

109 109 109 109 
4 178 178 208 208 341 341 

461 
737 

378 744 
68 299 406 539 539 539 763 
260 
59 
98 227 267 292 470 510 596 725 739 
179 719 
665 665 

5 292 
658 690 
548 689 
330 406 498 498 498 595 

55 379 642 
15 16 296 553 553 
203 203 253 648 697 
16 362 
46 80 375 388 
569 
72 257 440 
734 
159 232 232 
232 
26 26 311 579 
203 
5 5 140 221 281 307 716 
379 739 

601 601 601 
570 570 712 712 739 
55 95 95 484 
71 164 185 203 203 203 634 696 696 
429 
5 5 20 20 36 66 66 66 102 102 663 682 682 
225 273 
135 135 173 

95 95 129 203 203 230 230 342 726 
424 473 
222 
4 76 190 190 657 739 
221 221 221 221 221 758 758 
36 430 430 430 522 
5 5 635 
299 299 363 373 
601 601 601 

13 205 304 314 575 
460 546 
575 

739 

39 261 
198 198 665 
83 341 341 341 341 

693 
633 
48 323 
81 81 81 300 475 475 599 599 599 
203 203 686 686 755 755 
119 119 119 296 400 473 473 621 
58 431 555 648 
498 
117 
26 26 26 114 114 222 222 243 303 303 331 331 342 478 478 689 
16 16 394 
64 64 404 404 404 701 
116 425 
35 36 36 278 352 352 
62 81 251 343 

81 170 729 
316 316 
511 582 
531 531 
545 545 545 612 
381 662 662 733 

16 590 590 590 600 600 614 626 747 747 
17 81 695 695 
61 100 100 337 643 643 721 
196 
67 67 67 116 116 305 523 
677 
5 79 155 155 155 340 
43 43 43 
657 
767 767 
514 514 633 


141 141 
38 38 246 

496 
545 612 
150 156 410 
159 159 359 710 710 
26 266 
156 

342 
344 
203 203 
739 
354 
292 292 366 

10 10 77 77 
78 400 424 424 
761 761 
422 422 487 
60 106 633 633 
57 278 522 
55 428 428 595 
60 
617 617 
23 501 
203 203 
341 341 341 752 
5 29 29 55 55 392 605 
626 
109 203 203 312 312 
296 296 475 654 
240 
175 289 
125 
74 605 
709 
14 14 298 298 298 298 619 739 

507 655 695 
125 458 
695 695 
213 373 373 373 426 
64 
83 
203 203 203 203 218 218 481 603 603 719 722 
75 667 667 
56 242 242 
5 213 213 595 595 
16 16 135 135 296 296 296 326 
5 144 251 251 
124 349 495 693 695 
169 243 320 566 
281 
98 98 366 
437 669 
747 747 
703 
227 452 452 596 
521 521 521 
32 638 711 
62 62 62 742 742 

285 705 
69 
22 67 67 515 515 515 
278 404 477 
145 145 446 
200 696 
716 

354 
163 563 563 563 
10 105 649 701 701 705 
576 763 763 
210 438 438 540 540 
696 739 
5 5 594 
213 733 765 
271 756 756 

737 737 737 
563 588 633 
203 342 342 363 363 363 
26 203 203 203 531 531 541 541 570 570 
203 540 540 
204 204 225 679 
197 
107 107 203 203 227 341 
439 439 439 459 546 612 643 643 
410 545 
89 89 
16 16 16 284 321 372 739 

18 561 741 
48 65 286 286 637 
129 129 
16 376 376 
253 697 
425 648 
96 96 
650 650 739 739 

219 219 227 
47 307 307 
16 162 162 255 281 281 281 550 569 569 569 611 
661 661 
268 268 268 268 528 528 528 538 
613 613 
122 763 763 
508 

26 26 148 266 266 266 
16 16 29 29 29 35 35 70 70 91 380 561 561 561 670 670 
391 391 540 540 
81 
324 

739 
409 411 
530 
196 203 203 322 332 332 
157 
385 
757 757 
134 134 158 
124 124 437 
75 75 739 739 739 
165 165 294 

5 5 589 

48 48 323 323 538 635 709 
92 92 246 246 246 586 633 
442 442 442 626 
601 601 
203 
225 
239 533 
211 211 213 234 330 330 373 478 504 504 
219 227 312 366 514 719 725 
79 
243 
10 10 62 62 62 206 206 422 422 422 
442 442 
16 16 16 245 330 390 390 390 407 407 407 591 591 
660 664 
501 501 722 

484 491 
141 
29 29 29 81 81 180 215 
649 
338 705 
101 745 
16 246 281 281 281 561 
439 459 545 
49 564 564 
128 442 759 
43 
134 158 
140 480 480 648 648 
81 81 99 99 99 241 261 261 
493 745 
141 141 213 
424 
80 80 743 
5 5 5 
35 35 
28 
16 16 21 21 258 258 258 258 333 333 442 485 590 
96 347 347 



194 194 203 
277 277 
3 3 16 16 16 207 261 261 278 281 281 333 420 452 476 476 538 589 655 655 708 708 708 
71 71 164 164 393 
115 115 255 405 588 759 

551 
280 516 
174 254 667 
122 122 122 662 
10 
298 375 739 
341 342 342 444 444 545 545 667 704 704 

741 
213 213 659 751 
63 
203 262 377 425 555 617 617 
241 257 529 608 
557 557 
5 


118 118 147 167 487 
207 207 261 261 495 633 633 

190 402 450 
48 371 674 690 690 
225 646 
602 
562 562 
440 440 640 
5 395 
198 198 198 602 695 
19 19 19 368 368 416 
51 197 203 
26 75 149 175 189 189 342 502 502 639 643 762 
108 
511 
569 569 

129 129 
203 
193 193 658 
226 226 269 
26 206 206 206 
117 117 192 447 
733 733 756 
94 94 94 99 542 
83 
30 203 
395 395 

341 706 
249 739 
298 423 423 
292 292 737 737 
82 181 181 717 739 739 
372 428 
371 658 658 
294 294 345 
298 739 
419 507 

349 349 443 443 495 497 497 507 664 
393 393 524 532 717 739 739 
377 554 
725 

5 115 
430 529 529 
16 
92 92 92 166 513 716 716 
100 130 177 315 342 342 643 643 
10 252 252 285 519 529 609 
684 
23 23 23 
138 138 324 325 329 633 633 633 733 733 733 749 756 
16 16 16 492 588 
233 461 461 
516 
26 26 391 391 
179 179 179 242 321 321 

203 203 203 301 
70 70 92 92 291 387 525 703 703 
688 696 
222 222 222 285 287 
5 367 501 596 
157 341 
10 137 444 739 739 739 
501 603 
203 301 

158 267 366 596 698 
95 399 


81 81 435 

295 342 
763 
37 37 339 440 534 678 678 708 708 708 749 753 756 
90 382 


360 537 537 537 687 687 739 739 
225 
5 5 10 16 24 24 68 108 108 139 149 149 151 190 190 236 241 241 258 258 265 342 366 388 391 402 413 468 493 532 548 557 557 574 583 583 583 642 685 688 688 692 696 696 721 721 721 737 737 745 745 748 751 

7 16 16 73 202 550 645 
517 517 
622 
362 
181 181 181 236 236 236 236 610 619 739 739 

442 442 512 512 
137 137 137 190 739 
708 733 
65 76 76 76 
646 739 
216 216 216 216 341 341 483 
733 

423 423 
150 150 187 271 271 271 324 324 535 535 678 708 733 
239 239 580 580 759 759 
221 221 403 403 
614 635 757 757 
250 334 334 
474 474 
342 342 667 
363 530 530 565 565 732 

534 
64 64 64 
241 451 451 
