nodes: 768 edges: 1423
5 5 
64 64 64 313 313 
65 282 282 317 317 
141 633 
203 
0 0 53 55 55 79 79 99 101 115 118 147 155 174 174 174 188 188 210 221 239 240 240 272 292 307 340 348 348 365 367 395 405 441 448 451 488 488 504 504 506 506 533 537 586 623 623 635 635 635 654 663 739 739 739 759 759 

49 550 613 
81 81 316 316 316 343 
124 
81 81 105 224 224 252 257 265 274 285 285 312 472 529 529 529 599 649 705 705 721 721 721 

16 35 376 376 376 
159 
493 739 
60 296 376 
12 35 35 173 198 278 278 296 296 333 333 376 376 378 429 442 442 442 485 485 485 492 548 548 548 553 553 561 561 569 601 601 601 611 611 626 626 626 633 633 633 709 709 724 739 741 741 
404 404 443 443 719 
34 
665 
395 
72 72 128 626 
53 67 67 
218 218 262 481 707 707 707 
190 312 503 503 739 739 739 
123 123 
41 111 148 203 203 203 266 266 428 540 540 568 667 676 676 712 
30 30 203 506 
203 301 301 301 
73 73 484 484 550 556 569 569 607 607 607 
27 27 203 290 609 681 

308 308 
207 423 
18 
12 16 16 278 327 327 432 569 569 569 569 624 645 741 741 
432 472 
110 110 733 733 
456 
261 
118 
26 342 
323 323 
449 449 449 585 615 615 615 
337 337 346 

379 459 459 
112 112 171 171 271 
304 304 551 588 658 
7 601 
312 711 
203 666 
580 
5 22 79 99 99 99 99 448 
600 
5 5 272 478 
156 239 239 255 
569 569 
425 

15 476 476 

433 517 607 607 607 
118 
1 1 1 156 223 223 223 255 255 430 430 
2 131 131 750 
352 395 
22 22 120 120 159 159 213 213 213 260 305 305 354 354 397 397 
108 108 363 739 
98 341 341 341 520 
307 569 569 716 

21 21 257 381 
29 29 297 297 460 460 741 741 
84 84 84 299 299 491 
297 502 583 
750 750 
352 472 
473 488 
5 5 53 
241 241 350 379 
8 8 10 10 136 206 206 257 257 300 312 312 343 422 422 433 433 435 435 443 571 599 618 618 618 618 

117 224 224 224 228 342 417 417 500 680 680 680 
74 74 74 

248 248 
284 
282 282 342 342 

280 382 734 739 739 

633 716 
279 
203 203 212 253 679 679 
392 464 
189 502 556 556 627 667 667 

69 715 
5 53 53 53 53 618 618 679 716 
444 
5 
395 
342 342 704 704 
299 299 359 
10 529 
156 

68 68 668 
356 486 
37 37 339 339 339 
26 148 203 203 
47 47 307 307 
257 
342 428 675 675 
5 213 213 635 700 
213 431 446 
83 224 342 342 342 427 628 677 
5 40 63 216 216 348 370 654 
621 621 
67 67 
203 203 205 205 
565 565 640 640 640 
25 25 354 354 
9 344 506 582 
490 496 496 
374 385 385 582 

21 
190 190 203 203 203 203 399 552 552 672 
342 704 704 
65 65 


158 158 581 581 
326 326 326 397 397 
81 228 274 274 

708 708 
739 739 
716 
3 241 455 606 606 620 
735 741 
320 672 
163 506 506 
523 
207 534 534 
5 
26 111 
667 739 739 
756 756 
221 221 739 
739 
317 
622 622 
5 340 340 340 340 448 
56 64 106 239 448 460 460 463 590 
203 341 341 578 578 750 
134 134 581 581 616 725 
13 67 67 238 304 
184 342 342 739 739 
201 278 278 
561 639 639 639 
144 213 213 353 353 528 
634 
584 

247 262 341 341 654 
176 243 473 
508 566 566 566 
283 283 435 
47 47 243 496 
294 294 309 
16 
5 5 5 
292 292 427 427 427 427 489 667 667 
168 699 
739 
208 208 357 
435 
418 418 607 739 
271 271 688 745 745 

343 
160 256 
739 739 

756 
5 5 
96 398 667 667 
24 129 129 402 739 

677 677 677 
674 
210 

203 203 332 445 577 603 
203 203 203 203 543 
16 
203 
524 524 
161 616 667 667 752 
741 741 
4 26 26 26 27 28 30 51 94 94 111 111 121 121 129 129 129 129 157 196 196 197 197 197 197 199 218 218 262 266 266 301 301 337 337 338 341 341 342 342 342 377 393 393 486 501 501 501 539 539 539 540 540 544 570 570 570 577 630 631 644 648 648 648 666 681 715 715 715 723 
443 542 
121 121 409 
81 81 240 599 599 676 
33 146 633 633 
178 178 357 
246 
5 194 531 
286 335 595 595 
94 253 
67 67 67 115 115 116 163 163 222 273 299 353 353 446 446 498 534 545 593 595 595 620 620 646 
741 

118 118 752 752 752 752 
282 282 
23 23 203 203 262 262 
270 

5 151 151 387 387 403 403 736 758 758 
213 428 428 718 719 
64 64 64 255 
10 10 83 83 83 117 342 438 438 750 758 
275 728 738 738 
428 675 675 675 
559 
83 136 
284 
295 399 
264 264 
383 383 
710 
373 373 595 
305 305 
745 745 

159 369 
5 56 56 156 590 594 713 713 
5 5 206 488 488 488 
80 80 141 312 455 606 618 649 649 649 745 745 767 
503 503 757 
168 171 428 652 


209 337 337 342 411 411 414 611 611 
167 341 
86 86 708 708 
685 
358 358 358 424 760 760 760 
433 
10 705 
94 212 
489 639 667 
56 64 64 223 
184 679 
10 72 81 81 113 529 649 
318 626 626 626 739 
278 
67 364 
39 333 618 618 633 633 
23 167 203 218 218 

231 231 
10 688 739 
26 26 203 203 568 568 568 712 712 
353 

284 548 675 
219 332 332 
47 181 181 756 756 756 
5 55 
213 656 
10 136 136 389 389 389 739 739 
225 542 
718 
346 632 
16 16 35 161 161 259 432 432 434 434 434 476 477 522 633 633 740 740 
93 312 
90 590 638 638 
561 561 611 633 633 
2 2 88 88 217 217 
170 170 399 
87 229 269 548 548 
10 10 519 
211 335 341 341 
434 

548 
30 648 648 
716 
5 175 175 366 366 366 370 370 370 687 739 

172 172 298 309 584 584 691 
230 342 342 
15 16 16 326 376 376 424 487 
73 73 75 
294 493 493 493 636 642 686 686 686 686 687 739 
74 74 104 104 213 353 353 363 363 
81 422 
28 28 28 203 203 723 

428 428 
48 48 159 379 409 
67 67 235 235 

5 70 112 112 387 387 387 387 604 
32 32 516 
172 294 
607 

10 24 50 81 81 241 279 342 402 486 486 596 711 739 739 
1 1 
575 
704 739 
8 8 8 436 436 436 
2 2 153 
258 354 354 354 354 
619 
143 
548 548 713 

42 42 421 588 658 
572 572 708 756 

135 135 135 296 505 505 
35 35 741 


373 595 601 
428 
196 270 270 
16 16 261 364 364 626 633 658 

211 286 
633 
44 44 203 203 246 246 342 342 342 
203 609 
110 110 110 
5 155 155 155 155 448 448 448 
69 69 69 157 157 167 167 203 203 247 286 286 417 483 544 643 684 684 706 706 720 752 752 
41 83 88 88 103 103 114 117 117 117 130 160 160 203 203 203 224 246 295 295 312 337 337 337 399 399 399 512 539 643 643 653 653 667 667 731 739 754 
8 81 183 433 585 
124 

44 277 
627 627 627 
5 5 118 441 
497 
80 622 622 
368 
66 77 395 395 432 
163 163 213 213 267 299 299 
67 67 123 123 318 318 318 318 360 360 469 469 527 

109 
178 208 578 
250 250 250 359 359 
104 358 358 
354 354 737 
569 569 

68 299 299 530 539 694 
260 333 333 
5 
292 292 292 470 470 510 510 596 725 725 725 
5 
351 
238 
118 292 292 292 654 
658 690 
548 548 689 689 
234 234 330 406 595 
126 
379 
12 12 12 15 16 16 296 296 553 
203 617 648 697 
16 
46 80 304 375 388 
569 569 
72 
90 632 734 734 
232 232 

126 126 579 
631 
221 221 307 307 307 307 
379 696 739 
274 274 274 
591 601 701 
570 712 
95 484 
203 203 625 625 634 696 696 
429 
5 20 66 102 352 352 663 

67 67 135 135 
189 667 
129 230 283 342 342 342 726 726 


190 312 739 739 
221 221 758 758 
17 17 430 430 522 
5 
373 


205 304 575 
546 
246 246 
432 
558 558 
246 633 


83 83 341 
180 180 739 739 739 
693 
633 633 677 
323 
81 81 300 475 475 599 729 729 729 
33 686 755 755 755 
250 296 621 621 
58 431 431 555 648 

117 175 175 175 175 
26 114 222 222 226 243 303 303 331 478 478 652 675 675 675 689 
16 394 
64 64 404 404 499 499 701 
116 425 425 
35 36 278 278 352 412 
62 81 81 251 343 
278 278 278 287 
81 81 170 179 
316 316 316 
511 
224 224 531 
545 

5 348 
16 16 16 590 590 590 600 600 614 614 747 747 
17 17 81 204 695 695 
100 721 721 721 
196 743 
116 213 213 523 

5 53 155 156 340 340 340 
43 43 43 733 733 
657 
5 537 767 767 
514 514 514 
720 

141 241 
38 

496 
46 46 545 612 
73 73 156 156 
710 710 

156 
95 



606 739 739 739 
354 354 
366 366 

10 36 77 
78 168 
761 
422 422 487 
60 60 278 633 
278 522 
55 428 428 595 

532 532 617 
23 501 501 

341 752 
29 29 392 605 
16 16 16 626 626 724 724 
109 203 312 312 
296 475 
5 5 78 240 240 240 
175 254 639 
125 496 
74 
16 709 
14 298 298 298 
719 719 
655 695 
125 125 171 458 490 
349 695 
213 
430 430 
83 
203 203 203 481 481 603 603 719 
75 96 667 
24 24 242 242 
5 5 
326 326 
5 5 27 124 144 144 
693 695 
169 

366 366 725 
437 669 669 669 739 
342 747 747 747 747 
703 
452 452 452 
521 521 521 
308 638 711 
62 
638 638 
285 705 
69 
515 515 515 
278 404 477 
145 446 
200 200 

753 
354 
163 563 669 
10 10 10 105 257 649 701 705 727 
363 763 
210 438 540 
480 480 696 696 717 717 739 
5 594 
146 146 213 733 765 765 
756 

5 451 737 
588 588 
203 203 203 342 363 
26 26 203 203 531 

204 275 593 593 679 738 
197 544 
203 341 543 
213 439 459 612 612 643 643 
410 
563 573 702 702 702 
16 16 16 269 284 284 289 321 321 372 372 739 739 

7 29 561 741 
48 637 
129 129 625 
16 16 376 

425 648 
29 96 96 
650 739 767 
413 413 632 632 
227 

16 16 162 281 281 550 569 569 611 

528 547 

122 122 
169 169 169 

26 266 266 266 
16 29 29 35 35 35 35 57 57 70 70 361 361 380 380 561 561 670 670 
203 203 203 391 574 574 
81 
324 324 
547 
570 570 739 
314 409 

196 203 
157 157 357 
385 
52 
134 134 158 158 
124 126 739 764 
75 667 739 739 
165 294 294 636 
43 343 761 
5 

48 323 538 538 709 
633 
156 239 280 442 442 442 626 
390 601 

213 542 542 
239 533 
211 211 213 213 234 330 373 478 699 
312 366 719 725 725 

624 
10 81 206 206 422 
54 442 442 
16 16 16 49 330 390 591 613 613 647 647 730 
660 660 660 
196 501 501 722 722 
307 
484 
141 141 241 468 
29 29 29 62 62 62 180 310 
649 
30 338 
686 686 745 745 745 
16 16 246 246 281 561 
459 545 545 
7 601 601 746 
442 442 759 
43 43 43 
158 201 
377 480 648 648 
81 81 81 81 99 99 241 261 261 
319 671 745 
141 213 213 
119 119 424 424 
154 154 350 350 642 739 743 743 
5 5 
35 598 
393 393 552 
16 16 16 21 258 258 258 333 485 485 590 
96 347 347 347 
117 

203 
203 386 
277 382 558 558 739 
3 16 16 16 92 207 207 261 261 278 278 281 281 333 336 414 420 420 476 589 655 708 708 708 
164 393 
5 5 5 115 
298 584 
551 
280 280 516 518 518 
162 162 162 254 489 667 667 
122 122 122 662 662 662 

298 622 739 
341 342 342 545 545 667 704 704 732 
203 
35 741 746 746 
213 751 751 
601 601 
203 203 203 290 290 377 425 555 617 617 
10 241 241 241 257 529 608 
557 739 739 

243 428 
342 342 
5 118 167 370 679 
495 633 
273 760 
450 
48 323 333 371 674 

602 602 602 

640 640 640 733 733 
5 395 

19 
51 203 
26 96 96 149 175 175 189 189 201 201 254 342 342 398 502 583 639 639 643 739 
108 
511 511 511 528 
569 569 
619 
129 143 

193 658 
114 114 226 226 226 269 428 428 428 
26 26 206 
117 192 192 192 420 

94 94 99 256 542 654 
83 83 83 751 
30 203 


341 341 706 706 
249 
298 298 298 298 423 610 610 
292 298 737 737 
181 265 739 739 739 
372 372 428 
371 
294 
739 
419 507 
363 745 
443 443 495 497 507 
388 393 393 532 532 717 
377 
725 
176 595 
115 
390 430 529 
547 547 547 
513 716 
103 103 130 130 315 643 643 
10 10 252 519 529 
341 341 684 684 
23 23 23 
138 138 248 248 324 633 633 633 733 
16 16 492 588 
233 461 461 
50 312 516 
26 266 266 391 
239 239 321 

98 203 203 203 
70 92 99 140 291 703 
532 532 696 
222 276 756 
17 222 494 494 501 596 
341 453 
10 10 10 444 444 444 739 
603 603 
203 301 
16 485 485 
158 366 366 366 510 596 596 698 
399 399 
529 
225 
422 422 422 
601 
342 
643 763 
37 37 449 449 534 662 662 708 749 753 
90 382 382 
142 
221 
360 537 687 687 739 
225 225 542 
5 5 5 14 16 24 24 24 68 90 90 139 139 149 149 151 152 160 160 177 180 185 185 190 258 265 274 274 292 298 312 312 315 342 388 402 402 418 418 418 468 468 468 511 532 548 548 557 574 582 583 583 622 632 642 650 650 667 688 688 688 692 721 737 745 751 751 
278 278 
16 16 35 35 73 73 142 202 202 214 327 550 645 

445 622 622 

181 181 236 236 241 241 610 610 610 619 694 739 
613 645 645 
442 442 512 512 512 512 

733 
65 76 76 157 224 
646 646 680 739 739 
201 216 216 216 216 341 341 483 
526 733 
342 
423 423 423 
150 150 187 271 271 271 324 535 718 
242 759 
221 221 224 403 403 
5 5 614 757 
250 250 250 656 
474 585 

530 732 
582 
534 534 

241 451 451 557 
