nodes: 768 edges: 1405
5 
64 313 313 
282 282 317 427 
89 141 633 
203 247 357 402 
0 6 79 99 101 115 119 174 210 213 213 221 221 239 240 240 292 292 292 340 340 348 370 387 466 466 484 504 533 533 537 567 567 623 635 635 651 663 663 682 700 719 719 739 
5 
49 49 49 550 613 741 
81 
124 314 
81 81 81 121 224 224 224 224 257 257 257 265 274 274 285 285 312 472 472 529 599 599 705 721 721 739 739 
501 
16 376 376 

493 493 739 739 
296 296 376 
12 35 35 35 35 57 198 214 278 278 296 296 296 333 333 376 378 378 429 442 442 485 505 547 547 548 548 548 548 561 569 569 601 601 601 626 633 633 633 702 724 741 741 
404 404 466 

665 665 
352 395 395 
72 72 72 579 626 
53 53 67 67 67 232 521 
218 218 218 262 501 707 
312 503 739 

41 111 111 203 203 203 428 428 462 667 676 
30 30 203 203 506 
625 625 625 
73 73 73 484 484 550 569 569 
27 27 203 203 681 

308 
207 207 423 
142 
16 16 16 16 273 278 278 327 327 432 569 569 569 569 624 624 624 624 645 741 741 
352 352 395 395 432 432 432 522 
339 339 
172 298 
261 261 
118 118 118 
26 
323 
316 449 449 615 
337 337 346 
253 
379 459 
171 271 271 307 560 736 
304 304 304 421 551 551 588 658 
7 7 7 601 613 
248 312 711 711 
203 

22 22 448 
600 600 
272 375 478 484 
86 156 239 239 255 
16 569 
199 199 238 238 238 

106 106 156 449 476 476 479 479 479 

517 517 599 607 607 607 
118 647 
1 156 156 255 430 430 430 499 
131 131 131 131 551 
395 
22 22 22 120 159 159 159 305 354 354 397 521 
108 363 
157 341 
569 716 716 
634 634 
21 21 21 
29 29 29 214 297 460 460 741 741 
84 84 491 491 491 491 
583 583 
750 
352 472 
473 488 
5 239 239 448 448 
350 622 761 
8 10 10 10 136 195 257 257 312 312 312 343 343 422 422 433 433 443 443 599 599 618 

117 117 224 228 342 500 680 680 
74 74 
601 613 
56 625 
284 
124 282 282 282 
3 547 547 
382 739 739 
380 751 
589 
279 312 
184 184 203 
392 464 
189 189 502 556 556 627 

715 715 715 
5 618 679 679 716 
444 704 
5 610 
395 395 395 
342 342 704 704 

529 
60 60 476 
544 
68 312 668 668 
486 486 486 
733 
26 26 148 

701 
150 675 
5 700 700 
213 431 446 446 446 534 
83 83 224 342 342 342 427 657 677 683 683 683 750 750 
40 40 40 63 171 216 348 348 
5 243 621 
67 
10 203 203 203 203 205 
640 640 
469 
9 88 
490 496 
374 385 

148 614 
190 190 190 203 203 203 203 552 552 672 672 
704 
65 65 65 65 286 286 


581 
397 
81 228 
721 721 748 748 
313 708 
739 
387 525 716 
3 179 179 241 455 455 606 606 620 
34 735 741 741 
222 222 672 
506 
523 

654 
111 128 568 
342 667 739 739 
114 214 214 214 460 756 756 756 756 
221 739 739 
739 739 
317 

340 340 448 448 
56 60 64 64 239 242 280 280 463 590 590 
69 203 203 263 263 263 341 341 578 578 
581 581 581 581 
67 67 67 354 354 354 383 710 
739 
278 278 
254 254 254 639 639 
213 353 353 528 
393 634 
584 

247 262 341 
176 243 473 537 
320 566 
283 369 435 571 
47 118 496 496 496 
38 294 294 

5 
292 427 427 427 489 489 489 667 667 667 
168 504 699 
704 739 
208 357 
141 141 218 239 700 713 
418 418 418 
271 271 688 745 745 

343 343 
94 94 256 256 
393 


272 
96 96 667 
129 129 129 402 402 657 739 739 

677 677 
674 
210 631 631 
81 
203 203 577 
203 203 203 203 
16 416 664 664 
58 58 


741 741 
4 26 26 26 27 27 30 30 51 94 121 121 121 121 129 129 129 129 157 157 196 196 197 197 197 197 218 253 262 262 264 290 290 328 337 337 338 341 341 341 342 342 342 393 393 393 399 399 423 486 501 501 539 539 540 540 544 544 570 570 630 631 631 644 648 648 723 723 
275 542 
121 409 
240 599 676 
33 33 633 633 
178 357 357 
337 
5 194 
464 595 

5 5 116 163 299 545 545 593 593 593 595 595 620 620 620 719 760 
16 73 150 150 150 

118 752 752 
282 282 282 
23 23 23 179 203 262 501 
270 559 
459 
5 5 151 403 403 403 452 
143 143 428 428 428 718 718 719 
255 
10 10 10 10 83 117 342 342 438 438 758 758 
275 275 542 738 
428 675 
559 
83 136 

288 288 288 288 295 295 295 399 
264 264 
22 384 
710 
373 373 
305 305 305 
274 739 745 745 745 
739 739 
58 58 58 
5 56 56 79 79 156 179 580 713 757 
5 5 206 488 488 676 
141 312 312 606 649 649 649 739 745 
156 
119 168 

601 
337 342 411 414 456 589 589 611 
4 167 
50 420 420 

358 358 424 760 760 760 
433 433 433 506 686 
705 705 
45 203 
162 162 162 489 639 639 
56 64 223 561 
184 184 679 679 
10 10 10 81 81 381 529 529 649 649 
318 318 318 318 626 626 739 739 
278 278 
364 364 
39 39 302 333 333 355 355 415 415 618 633 633 
23 167 203 203 218 
157 157 157 
203 231 231 
10 688 739 
462 568 
366 
298 560 563 563 563 
675 675 675 
219 332 
47 47 181 181 677 756 756 756 
55 188 
35 598 
10 10 236 
204 225 225 493 

346 346 632 632 
16 16 35 35 161 161 259 259 287 432 633 633 633 740 740 
93 312 
156 156 638 
611 611 633 
2 2 88 88 88 217 217 217 
170 399 
87 289 372 548 
10 10 519 519 705 705 718 718 
131 131 335 464 
278 434 718 
230 230 230 230 
284 
203 203 
716 
5 5 5 175 366 370 470 687 687 700 739 

172 172 298 298 309 309 636 
230 230 230 342 
15 15 16 16 16 326 376 376 424 424 473 487 505 
73 
38 268 294 294 493 610 642 671 686 686 687 739 739 
213 353 353 406 
422 422 
723 723 
261 
428 
48 48 48 323 323 379 409 
67 235 235 235 446 

47 387 
32 516 656 
294 294 691 691 
607 
579 579 
10 24 50 81 81 81 93 108 241 241 279 342 342 402 486 536 536 711 711 711 739 
1 1 138 
9 409 575 

43 343 436 436 585 585 
2 153 
258 258 258 258 354 354 

169 508 
394 713 713 
630 
42 304 304 421 538 588 588 658 658 
572 708 
708 708 708 
296 505 
35 35 741 
203 
708 
373 373 595 595 595 601 601 

270 577 
16 16 261 261 547 626 626 633 633 
760 
286 
633 
44 44 203 203 209 246 342 342 342 
203 609 
37 37 
5 5 155 155 448 
69 157 157 167 203 203 203 357 417 544 643 684 684 706 752 752 
83 103 103 117 117 117 149 203 203 203 224 224 246 295 312 312 337 337 337 399 399 428 518 539 539 643 643 704 731 731 739 
81 81 183 183 316 433 433 585 761 761 761 
466 466 

44 277 277 
591 627 627 
5 118 118 
497 
80 622 
368 
20 36 36 77 395 
163 163 299 299 
67 67 159 159 159 318 318 710 
261 261 618 
568 
4 178 208 208 341 
250 250 359 
358 461 461 


378 744 744 
68 530 530 539 539 576 576 694 763 763 
260 260 

267 292 470 510 596 725 725 739 
719 719 742 
351 665 
170 648 648 648 
5 292 
690 690 
284 548 689 
234 234 330 330 498 498 595 
126 
55 379 392 642 
12 12 15 16 296 296 553 553 

16 16 362 
46 304 375 388 
91 
257 
90 632 632 632 734 734 
159 
232 
126 579 
631 
5 140 307 716 
379 696 739 739 
445 755 755 
591 601 601 
712 712 712 739 739 
95 375 484 484 
164 185 203 203 203 625 625 625 634 634 696 
321 
20 20 36 36 66 102 102 102 352 

67 135 582 
667 
203 203 230 283 342 342 726 
424 473 

4 190 190 312 657 739 739 
221 221 221 758 758 764 
17 17 430 522 

299 


205 304 314 575 
460 546 
246 455 

632 739 
246 
261 261 521 
198 665 
341 
180 180 180 739 739 739 

248 248 633 677 708 
48 323 
81 81 300 300 475 599 599 
33 203 686 686 
250 296 296 400 473 621 
431 431 431 431 
498 
2 117 175 175 175 
26 26 222 222 222 226 303 342 478 478 508 652 754 
16 553 
64 64 64 404 
116 425 425 425 425 
35 36 36 36 278 
81 81 251 251 251 343 343 
287 
170 
316 316 

224 224 531 531 
545 612 612 


16 16 600 614 614 614 626 626 
81 81 695 695 
100 546 643 643 721 721 
389 
116 116 116 305 
601 677 
53 79 79 155 155 340 
43 43 60 733 
657 657 
537 767 
221 514 589 589 633 
720 720 

141 141 411 
246 
583 
496 
46 220 545 545 
73 73 150 410 
359 359 710 710 
26 266 
156 
95 211 286 

5 5 17 344 344 

739 739 
123 
292 366 

10 10 77 
78 168 296 400 424 

422 487 487 487 
60 60 106 

55 428 428 595 595 
60 60 60 
532 617 


752 752 
5 29 29 55 392 392 
16 626 
109 109 109 203 312 
296 475 475 475 654 
78 240 240 
175 175 175 254 639 
125 496 496 
74 74 74 74 

14 14 275 298 

507 693 
125 171 171 171 458 490 490 597 
349 664 
373 373 426 
64 
83 
11 23 203 203 218 603 
96 667 
24 
5 176 
16 296 326 
27 144 251 
495 693 695 
320 428 

366 725 
669 669 739 

716 
452 
521 
308 638 638 
62 62 742 742 
342 638 
285 285 

22 67 415 515 
36 404 
145 

140 
748 753 

163 563 563 669 
10 105 257 257 649 701 727 
363 363 763 
438 438 540 540 540 
480 696 739 
5 5 594 
116 733 
756 
312 312 
5 168 451 719 737 
323 563 588 588 
203 203 342 342 363 363 
203 203 531 531 531 570 

204 225 679 738 
544 544 
107 203 203 341 543 543 
213 213 439 459 459 643 643 643 
410 444 
16 16 89 89 333 563 563 563 702 
16 16 16 16 284 372 739 

7 29 561 
48 48 65 637 
129 129 
376 376 429 
697 697 
648 
96 96 
739 739 739 
632 
219 227 
47 268 
16 255 550 569 569 611 
599 661 
268 268 268 528 528 538 547 547 547 


169 599 
5 5 
148 266 356 
16 16 29 29 35 35 35 35 57 70 561 561 670 
203 203 540 
170 
324 708 

739 
314 409 
363 363 
196 332 
157 157 706 
21 311 311 385 
239 
134 158 158 158 158 
397 764 
75 75 457 739 739 
165 
316 316 343 
589 

48 323 323 538 538 658 
92 246 246 452 452 586 633 
156 156 626 
347 390 601 601 

213 213 213 
533 
211 213 213 330 330 330 373 478 478 
366 725 725 
496 
273 
10 10 62 81 81 206 422 422 562 566 661 661 661 
54 54 442 
16 16 16 49 85 245 330 330 390 390 447 591 591 613 613 647 647 660 664 695 695 730 
647 664 
501 722 


141 141 241 
62 62 62 310 
649 
338 705 705 
101 298 686 745 755 
246 281 281 561 
439 439 
7 49 85 601 601 746 
128 442 442 442 
43 

480 648 
81 99 261 355 
745 
141 213 213 213 
119 424 
80 350 743 
5 
35 35 35 35 
28 28 28 86 393 393 393 
16 21 258 258 333 333 442 442 485 590 
96 347 347 


203 322 
194 194 203 203 386 
277 277 382 382 382 413 558 
3 16 16 16 207 207 261 261 278 278 278 281 333 333 336 420 452 589 655 655 708 708 
71 71 164 393 393 
5 5 759 759 
294 
551 
280 516 516 518 
162 162 254 254 489 667 
122 122 

298 375 
341 342 342 444 444 545 545 545 667 704 704 
203 
35 741 
751 
63 601 601 602 730 
203 203 369 369 369 555 617 
241 241 241 257 257 529 608 

5 
428 754 

147 487 
633 633 
308 760 760 
117 190 402 450 450 
48 323 323 588 674 

601 
562 599 599 599 
733 
5 5 
198 198 497 601 602 695 
19 19 368 416 

26 149 175 175 175 189 398 502 639 643 739 762 
108 108 
511 511 528 
569 
298 694 
129 129 143 

193 658 
114 226 269 269 269 
26 206 240 
117 192 192 271 420 447 
733 733 
99 99 256 256 542 
83 83 
30 
5 
117 117 117 
341 341 706 
739 
251 298 298 423 423 610 
292 292 298 739 739 
181 265 739 
372 
371 371 
309 309 

495 507 
363 671 745 
443 443 507 601 601 664 
388 393 532 717 739 
554 554 
725 725 
176 
5 115 115 179 292 
113 529 
16 547 
716 
100 103 103 130 177 342 643 643 
10 252 252 285 285 609 609 
341 578 684 
23 
138 324 325 325 325 329 420 572 633 633 733 733 756 756 756 

159 233 354 461 461 
50 50 312 312 312 
391 391 391 
179 239 321 321 

98 98 98 
70 70 99 140 291 387 513 703 
696 
222 222 285 285 287 756 
5 5 213 222 367 367 537 
453 453 
10 10 137 137 444 444 739 739 
603 
203 203 301 301 
16 
366 366 510 596 596 698 698 
399 
529 


601 647 
342 342 
763 763 
110 449 534 662 678 678 708 708 749 756 756 756 
382 382 
142 
47 
537 
225 542 
5 10 10 14 14 24 90 90 139 149 149 151 151 152 152 160 177 190 190 236 237 237 241 258 258 265 292 298 298 312 342 366 388 388 391 391 402 402 413 418 418 418 468 468 511 532 548 557 557 557 574 583 583 667 685 687 687 688 696 721 721 745 748 
278 278 
7 16 16 35 35 73 73 142 142 202 202 327 645 
367 517 517 
622 
362 362 
181 181 236 236 236 241 610 619 694 739 
613 

137 137 526 739 
733 
76 117 117 
91 646 
216 216 341 341 483 483 
526 
428 652 
389 389 610 
150 150 150 150 271 271 271 535 708 708 708 718 733 733 733 
239 759 759 
224 224 403 403 
635 635 757 757 
213 250 250 250 334 656 656 
80 343 343 343 
667 
363 363 530 732 732 
403 582 


451 
