nodes: 768 edges: 2323
5 5 
64 64 64 313 313 313 
65 117 117 282 317 317 427 427 
141 141 633 633 
157 191 357 357 357 
0 0 6 6 40 53 53 53 55 55 59 59 79 79 79 99 99 101 115 115 118 118 119 144 144 144 147 163 174 174 188 188 210 210 213 213 239 239 239 240 240 272 272 272 292 307 340 340 348 348 365 367 387 395 395 395 405 405 448 451 484 484 484 488 506 506 533 533 537 537 586 586 623 623 623 635 635 635 651 651 654 654 663 663 682 700 719 719 719 739 739 739 739 759 
5 5 161 
49 550 613 613 613 
81 177 316 343 552 552 
124 314 582 582 
81 81 81 105 121 121 121 252 257 257 265 274 274 274 285 312 312 472 472 529 529 529 599 641 649 649 649 649 705 721 721 721 739 

16 35 35 376 
159 409 409 
493 493 493 739 739 
296 296 376 
12 35 35 35 35 35 198 198 198 214 214 278 296 333 376 376 376 400 400 442 485 505 547 548 561 569 569 569 600 601 601 626 629 633 633 633 709 709 724 739 741 
404 404 404 404 443 443 443 443 466 466 466 719 
34 34 550 
665 665 665 
352 352 395 395 395 
72 72 128 626 
53 53 53 53 67 67 232 521 
218 218 218 218 262 262 481 481 501 707 707 
190 312 503 503 503 739 739 739 
123 123 
111 111 148 203 203 266 311 311 311 428 428 462 474 540 540 540 568 568 667 676 676 676 712 
30 203 506 
203 301 625 625 
73 73 73 484 484 484 484 550 569 569 569 569 607 607 607 
27 203 290 290 290 609 681 681 681 
533 533 
308 308 516 516 615 
423 423 423 
18 18 
12 12 16 16 16 16 16 278 278 327 327 327 327 432 432 556 556 569 569 569 645 740 741 741 
352 352 395 395 395 404 432 432 432 
339 339 733 733 
172 172 298 456 456 456 456 
261 355 415 415 415 
5 118 118 
342 342 342 
323 323 323 
449 585 615 615 615 
246 337 337 346 

459 459 545 
106 112 171 171 271 307 307 307 560 560 736 
304 304 304 421 421 421 588 588 658 
7 601 613 
248 312 312 312 711 
203 666 
155 580 
5 5 5 22 22 22 22 99 99 
600 600 
5 5 272 375 478 484 484 484 484 484 
86 86 106 239 239 242 242 255 255 503 
477 
199 199 199 238 238 238 
5 5 365 365 
106 106 156 156 449 476 479 479 
339 
433 517 517 517 562 599 607 607 607 
470 
1 1 1 156 156 223 223 255 430 430 430 766 766 766 766 
2 117 117 117 131 131 551 750 
352 395 395 395 
22 22 120 120 159 159 159 213 213 260 260 260 260 305 305 354 397 446 446 446 515 
108 108 108 739 
98 157 341 520 
307 569 569 569 569 716 
393 393 634 634 634 634 
21 21 381 381 
29 29 29 214 297 297 460 460 460 460 550 741 741 741 
84 84 299 299 491 491 491 491 
297 502 583 667 
133 402 402 750 750 
352 472 472 472 
473 488 
5 5 5 239 239 239 448 597 
241 241 241 350 350 350 622 622 622 739 739 
8 10 10 10 136 206 257 312 312 312 343 343 343 422 433 433 433 435 571 607 618 618 618 
688 688 
224 224 228 228 342 417 500 500 680 680 
74 74 

56 56 248 248 248 248 
284 284 
124 282 282 282 282 
547 547 547 547 
382 382 382 734 739 739 
380 380 569 569 
589 589 633 703 703 703 716 716 
312 312 
184 184 203 203 212 253 679 679 
129 129 392 392 392 392 392 464 464 464 
189 502 556 556 627 667 667 
759 
69 366 510 510 715 715 
5 5 53 53 618 618 679 679 716 
704 
5 581 610 
395 395 
342 342 342 704 704 704 
359 445 
10 529 529 
47 56 60 60 156 476 
544 
68 68 68 312 312 312 668 668 668 739 
356 356 486 486 486 
339 339 339 339 
26 26 148 148 148 148 157 157 157 203 
47 307 307 307 
390 
342 342 428 428 
5 5 213 635 700 700 
213 446 446 534 534 534 
2 2 65 65 65 224 224 342 342 628 628 628 657 677 683 683 683 750 
5 5 40 40 194 216 216 348 348 370 370 654 654 654 654 654 696 
5 424 424 621 
67 67 
10 10 10 203 203 205 205 205 205 205 
565 640 640 640 640 640 
25 25 215 354 354 469 469 469 
9 88 344 507 582 582 
490 496 496 496 
385 582 
507 507 
21 442 614 614 
95 95 190 190 190 190 203 203 203 203 552 672 672 
342 342 
65 65 286 286 
373 
76 217 
158 158 158 158 581 581 581 581 616 
326 326 326 397 
81 228 274 274 
721 721 748 748 748 
313 682 708 708 708 

387 525 525 617 716 716 
3 3 179 179 179 179 179 241 241 455 455 455 606 606 606 620 620 

222 222 672 672 
5 5 5 163 163 506 506 
523 
207 534 534 534 
5 654 654 
26 111 111 111 111 568 
288 342 667 667 739 739 739 
739 756 
221 221 739 739 739 
739 739 
317 

52 340 340 340 340 388 448 448 
60 60 64 64 106 239 239 242 448 463 463 
4 69 111 111 111 203 203 203 263 341 341 341 578 578 
134 134 134 134 581 581 581 616 616 
13 67 67 67 238 238 304 304 354 409 461 461 710 710 
184 342 342 739 739 739 
6 201 201 201 
254 254 254 295 561 561 639 639 639 
5 144 144 213 213 353 353 528 528 528 528 
393 393 634 
294 584 584 584 
171 171 171 171 703 
191 191 247 247 262 262 262 341 341 341 654 
243 537 
320 508 566 
283 369 571 
47 47 166 166 166 166 496 
38 38 294 294 309 

5 5 
292 292 427 427 489 489 667 
504 699 699 
8 312 704 704 704 739 739 754 
357 357 
141 141 141 141 141 218 218 218 218 218 239 367 700 713 713 713 
418 418 418 418 607 614 739 739 
271 271 271 688 688 688 688 745 745 

343 343 
94 94 160 256 256 679 679 
739 739 

756 756 
5 5 272 
96 398 667 667 
24 129 129 129 129 402 402 402 657 739 739 739 739 739 748 
4 167 167 
677 677 677 677 
674 674 
118 210 210 631 631 

203 332 445 577 603 603 603 603 
203 294 543 543 543 
16 16 16 351 601 601 601 664 664 664 
58 58 58 203 203 
524 524 717 
161 161 161 616 667 752 
609 741 
26 26 27 28 30 51 94 94 111 121 121 129 129 129 129 157 157 157 196 197 199 199 218 218 253 253 253 262 262 266 266 290 290 290 337 337 337 338 341 341 341 342 342 386 386 393 399 467 467 482 486 486 486 501 501 539 539 540 544 544 544 570 570 577 577 592 592 630 630 631 631 648 648 648 666 673 715 715 715 
542 542 
121 121 121 121 121 402 
81 240 599 661 661 676 
146 633 655 
357 357 357 357 
246 246 337 
5 5 194 194 531 
286 335 464 595 
94 
5 5 67 67 115 116 163 163 222 222 225 273 299 353 353 446 446 446 498 498 504 504 545 545 545 593 593 593 595 595 620 620 620 719 719 760 
16 16 73 741 
123 656 
118 118 752 752 752 752 
133 282 282 290 
23 23 23 23 179 179 179 179 179 203 203 501 
270 559 596 596 
459 
151 151 387 387 403 403 403 452 758 
143 143 213 213 401 428 718 718 719 
64 64 255 255 
83 83 117 117 342 438 438 438 438 750 750 758 758 
213 275 364 396 542 542 593 593 
428 428 675 
366 366 514 559 596 596 
83 83 136 
284 284 284 284 
288 288 288 295 399 399 570 570 
264 
22 383 383 
710 710 
595 595 
305 
274 632 739 739 745 745 745 745 
739 739 
58 58 58 159 159 
5 5 5 56 56 79 79 79 156 156 179 408 408 408 590 594 713 713 757 757 
5 5 206 488 488 676 676 
80 80 80 141 141 312 312 606 606 649 649 739 745 745 
56 56 156 713 713 713 757 
168 428 428 508 598 652 


44 209 209 337 337 342 411 411 414 456 456 589 589 589 
167 167 341 
50 86 86 86 86 420 708 708 
685 
358 358 358 358 760 760 
433 433 433 433 506 506 506 686 686 
10 
94 203 203 203 377 
162 162 162 489 489 639 639 667 667 667 
56 56 64 223 223 635 
184 184 679 
10 10 81 381 529 529 649 649 
318 318 454 626 626 626 626 739 

67 67 67 67 364 364 
39 302 302 333 415 618 618 618 618 655 
23 23 167 167 167 203 203 648 648 
157 
231 
10 661 739 739 739 
26 203 203 462 462 568 568 568 568 712 712 712 
353 725 725 
563 563 563 563 
284 675 675 
219 286 286 332 332 
47 181 181 181 535 677 756 756 756 756 
5 5 5 55 188 
213 760 760 
10 10 10 136 136 236 389 389 739 
225 542 
718 
346 346 346 
16 35 35 287 287 404 432 434 434 434 476 476 477 477 522 633 633 633 740 740 740 
312 425 
590 638 638 638 
561 561 561 611 611 611 633 633 633 
2 88 88 88 88 217 217 
170 399 399 399 
87 87 229 229 229 229 269 548 548 
10 519 705 718 
131 131 211 270 270 335 335 335 335 341 464 551 551 
278 278 434 718 
149 230 230 230 
489 548 
30 30 30 203 203 203 217 377 648 
716 
5 175 175 366 366 470 470 687 687 687 700 739 739 

165 172 172 197 584 584 636 636 
162 230 342 342 731 731 
15 15 16 347 347 376 376 424 424 473 487 487 505 505 
73 73 75 
38 493 493 493 610 642 642 642 686 686 687 692 739 739 
74 74 213 353 353 353 406 406 406 

28 715 715 
261 261 
428 
48 48 48 159 159 323 323 323 323 323 379 409 
67 67 235 446 
323 549 
5 47 47 47 70 112 112 112 387 387 387 387 387 560 560 604 
32 32 516 516 516 
172 691 691 
607 607 
26 26 26 385 385 
10 10 24 50 50 50 81 81 81 93 93 108 108 108 177 241 241 279 342 342 402 402 486 486 486 739 739 739 
1 1 1 138 
9 409 409 409 575 575 
704 739 
8 343 343 436 
2 2 153 
258 258 354 354 354 
619 707 
169 508 508 
333 548 713 713 713 
577 577 
42 42 42 304 304 304 304 304 306 421 421 538 588 588 
572 572 708 708 708 756 756 756 
708 708 
135 135 135 505 505 
35 35 35 35 

708 
373 373 373 373 595 595 595 601 601 601 
428 
196 270 270 577 
16 261 321 364 573 626 626 626 633 633 633 658 
760 760 
211 286 286 286 286 
633 
44 44 203 203 203 209 246 246 444 
203 609 609 609 
37 37 61 110 110 110 110 733 
5 5 155 155 155 155 448 448 
69 157 157 157 167 167 167 203 203 203 247 286 357 357 357 417 464 464 483 544 544 544 578 684 706 706 720 752 752 
41 41 41 83 103 103 103 114 114 117 117 130 130 149 160 160 203 203 224 246 295 295 312 312 428 428 539 539 643 643 643 653 653 667 667 667 704 731 739 754 762 762 762 
8 81 81 81 183 183 316 316 433 433 585 585 
124 466 466 
691 691 
44 277 277 277 
296 296 627 627 627 627 
5 5 118 118 441 441 
497 497 497 695 
80 80 80 622 
198 368 368 
20 20 36 36 66 77 395 395 432 432 432 
163 163 213 213 267 299 299 299 
67 123 123 159 318 318 318 360 469 527 527 
39 
109 109 568 568 568 
4 4 4 178 178 208 208 208 208 341 341 341 578 
250 250 250 250 359 
104 358 
354 737 
569 569 
744 744 744 744 744 
406 406 530 530 530 530 539 539 539 576 576 763 763 
225 260 260 333 
5 59 59 
98 227 227 292 292 470 510 510 510 596 596 725 725 725 751 
5 179 719 719 742 742 
351 351 665 665 665 665 665 
170 
118 118 
658 690 690 
548 548 689 689 689 
132 330 330 330 330 406 406 406 498 498 498 595 595 

55 379 379 379 392 642 
12 15 16 16 16 296 296 553 553 
253 290 554 617 617 617 648 648 697 

304 375 375 375 388 388 
91 91 
72 72 257 
90 90 90 632 701 734 734 
232 232 
668 728 728 
126 311 311 579 579 
203 203 
5 140 221 221 307 307 307 307 307 716 716 716 
155 379 379 696 696 739 739 
274 274 755 755 755 755 
113 591 601 601 701 701 701 
570 570 570 712 739 739 
95 95 95 95 95 375 484 484 
71 71 164 164 203 625 634 696 
429 429 
5 5 5 20 20 20 36 36 36 66 66 66 102 102 352 352 663 663 682 
225 
67 135 582 
189 667 
203 230 230 283 283 283 726 
16 16 473 
222 
76 76 190 190 190 205 312 312 657 657 739 739 
221 221 221 758 758 758 764 
17 17 17 17 36 278 430 430 430 522 
5 5 635 635 
299 299 299 363 363 373 373 373 
601 
239 239 239 
13 13 159 304 314 314 314 
460 460 546 
246 246 455 455 455 

558 558 558 558 739 739 
246 633 
39 39 39 261 521 
665 665 
83 341 
180 180 180 180 511 739 739 739 
693 
248 633 633 677 677 
48 48 48 323 323 
81 475 475 475 475 599 599 729 729 
33 33 33 686 755 755 755 755 
119 119 296 296 473 473 473 621 
279 431 431 431 555 555 555 648 648 
498 
2 2 175 175 
26 26 114 114 222 226 226 243 243 303 331 342 342 478 478 508 508 675 
394 394 
64 64 64 404 404 404 499 499 701 
425 425 425 
35 35 36 36 36 278 352 352 352 
62 81 81 81 251 251 251 251 343 343 
278 278 278 287 
81 
316 
511 
224 224 224 224 
545 545 
662 662 733 
348 348 
16 128 590 590 600 600 614 614 614 626 
17 17 17 17 695 695 695 
337 546 643 721 721 721 
104 196 743 
67 67 67 116 116 213 213 213 305 
601 677 
5 79 155 155 156 340 340 
43 60 526 
657 657 657 
5 537 537 767 767 767 767 
221 514 514 514 514 514 589 589 633 
720 720 
258 
141 141 141 411 411 411 
38 38 38 38 246 246 

496 496 496 
46 46 220 612 612 
73 73 73 73 410 410 
159 159 710 710 710 
26 266 266 
156 156 472 
95 95 95 211 286 341 341 672 

17 17 17 344 344 
203 203 
606 629 739 739 
123 123 123 354 
63 292 292 366 

10 10 77 77 77 463 
78 296 400 424 424 424 
26 761 
422 422 422 422 487 
60 106 278 278 633 
57 278 278 
55 428 428 595 595 595 595 595 
60 60 
617 
23 23 501 501 501 
203 
341 752 752 752 
5 5 5 29 29 29 29 55 55 55 55 55 392 392 605 605 
16 626 626 724 
109 109 109 203 203 203 312 312 312 715 
296 296 475 
5 78 240 240 
175 175 254 254 289 639 639 639 
125 496 496 
74 74 74 74 

14 14 14 298 298 298 739 
719 719 719 
507 507 655 693 693 693 695 695 695 
125 125 125 171 458 458 458 490 490 597 597 
349 349 349 601 664 664 664 695 
213 213 373 373 373 426 530 
430 430 
83 83 
23 203 203 218 481 481 481 719 722 
75 96 667 
24 24 24 56 
176 213 213 595 
16 296 296 326 326 
5 5 27 144 144 251 251 251 
124 127 127 495 495 693 693 695 
169 243 320 320 428 428 566 566 

98 98 366 366 366 725 725 
418 437 739 739 
747 747 
703 703 703 
227 452 452 452 452 452 596 
67 521 521 521 
32 32 308 308 308 638 638 711 
62 62 62 742 742 742 
638 638 
285 705 705 
69 
22 415 515 515 515 
278 404 
145 
200 200 696 
140 140 716 
449 748 753 
354 354 
163 163 163 163 563 669 669 
10 10 10 105 105 257 257 649 649 701 727 
363 363 363 363 498 576 576 763 
210 540 540 
696 696 717 
5 5 31 31 594 
116 116 116 146 146 146 733 765 765 765 765 
271 756 756 756 756 

5 5 168 451 451 737 737 
323 563 563 588 
203 203 342 342 363 363 363 629 
26 26 26 203 531 531 570 570 570 

204 204 225 225 275 593 724 738 
197 197 197 544 
107 203 203 203 341 341 341 543 
46 213 213 213 439 439 612 643 643 
410 444 643 
16 89 89 89 89 563 563 573 
16 284 284 289 321 372 372 739 739 
306 
7 18 29 73 741 741 741 
65 286 286 637 637 637 637 
8 8 129 
376 376 
377 
425 425 425 648 
35 35 96 96 
622 622 739 739 739 767 
413 413 413 413 632 
219 227 
47 47 307 307 
16 162 162 281 281 281 569 569 611 611 
62 599 661 
268 268 268 268 528 538 538 547 547 

122 
169 508 508 599 599 

26 26 148 266 266 266 266 356 356 356 
16 16 16 29 29 29 29 35 35 35 70 70 70 70 91 91 361 361 561 561 670 670 
203 203 230 230 391 391 391 540 540 540 574 
81 170 
324 324 708 
333 547 
570 739 739 739 
314 314 
363 363 530 530 
196 203 203 322 322 332 
157 157 341 357 
385 385 
52 757 757 
101 134 134 134 134 158 158 158 
9 9 124 124 126 397 739 739 764 764 764 
75 667 667 739 739 
165 165 165 294 294 636 636 
43 343 343 
5 5 
658 658 
48 48 323 323 538 709 
92 92 246 246 246 452 452 633 633 
239 280 442 442 
390 
203 203 
213 213 213 225 225 542 
239 533 
211 213 213 234 234 330 330 330 373 373 478 478 478 478 478 504 699 699 699 
219 219 227 227 366 366 514 719 725 725 
79 496 496 
243 624 
10 62 206 422 422 562 566 566 661 
16 54 54 442 442 
16 16 49 198 198 198 330 330 330 390 390 407 447 497 613 613 647 647 664 695 695 730 
660 660 660 660 
196 196 196 196 722 722 
307 
484 484 
141 141 141 241 241 468 
29 29 29 62 62 62 81 180 310 310 
649 649 
30 202 338 338 338 705 705 705 705 
101 298 745 745 745 
281 281 281 561 561 
459 459 545 
7 7 7 49 601 601 746 746 
128 128 180 442 442 442 759 759 759 
32 43 43 43 
134 158 158 201 
140 377 377 377 480 648 
81 81 81 99 99 261 261 261 261 
319 745 745 
141 141 213 213 213 
119 424 
80 80 80 350 557 557 642 642 642 739 739 743 743 
5 5 5 
598 
28 28 393 
16 21 258 258 258 258 333 333 333 442 485 485 
96 347 347 347 347 
117 117 117 
16 468 539 
203 203 
194 194 203 203 
236 382 558 739 739 739 741 
3 3 16 16 16 92 207 278 278 278 281 281 281 333 333 333 336 414 420 420 452 476 589 589 708 708 
71 71 71 71 164 393 
5 5 5 115 255 405 405 759 759 
294 294 584 584 
551 551 551 551 643 
280 280 280 516 516 518 518 
162 162 162 254 254 489 489 489 667 
122 122 122 122 122 662 662 662 
10 
298 298 298 375 622 622 622 739 739 
342 342 342 444 545 545 546 637 667 704 704 704 732 

35 746 746 746 746 
659 751 751 
601 601 
203 203 203 262 262 290 377 377 425 425 555 617 
10 10 10 10 241 241 257 257 529 529 608 608 
739 739 
5 5 
243 754 754 
342 342 
5 5 118 118 118 118 118 147 147 167 679 
207 261 495 
215 760 
117 190 402 402 450 450 450 
48 333 371 587 587 690 
646 
602 602 602 602 
206 206 265 562 599 
440 440 640 640 640 
5 5 395 395 
198 198 198 497 497 497 601 695 695 
19 19 19 368 368 368 368 368 416 416 
51 203 
26 75 96 96 149 149 175 189 189 201 254 254 254 342 342 342 398 502 583 583 639 643 739 739 
108 108 108 384 
528 528 
569 569 
694 694 694 694 
129 129 143 143 464 
203 
193 193 
226 269 269 428 
26 26 26 206 240 240 
117 192 192 192 192 271 420 420 447 
733 733 756 
94 94 99 99 184 184 256 654 
83 83 
30 30 30 
5 138 395 
117 117 117 
341 706 706 706 
249 739 739 739 739 739 
251 251 298 298 423 
292 292 292 298 737 737 739 739 
82 82 181 181 181 181 717 717 739 
372 372 372 754 
371 371 658 
309 309 345 345 
298 739 
419 495 495 495 507 507 
671 671 671 671 
349 443 443 443 495 495 495 497 507 601 601 664 664 
118 388 388 393 524 532 532 717 739 739 739 739 
377 
725 
176 176 595 595 595 
5 115 115 179 292 
382 390 390 390 430 529 

92 92 92 166 513 513 513 716 
100 103 103 103 177 177 177 315 342 643 643 643 
10 285 519 519 609 609 609 609 
341 341 684 684 684 
23 23 319 
138 138 138 248 248 324 324 324 325 325 329 572 633 633 733 749 756 
16 16 588 
159 159 233 233 461 461 461 
50 516 
26 266 266 266 391 
179 179 179 239 239 242 242 242 321 321 321 

98 98 203 203 203 301 301 486 
70 92 92 99 140 140 291 387 387 387 525 703 
200 532 688 688 696 
222 222 276 285 287 756 
5 5 5 17 213 213 222 367 367 494 494 494 501 596 
341 453 453 
10 10 10 137 137 444 444 444 739 739 
501 603 603 

16 485 542 
267 267 366 366 366 510 510 596 596 698 
399 
529 
384 384 
422 422 
601 
295 295 342 
643 763 763 763 
37 37 339 440 534 678 678 708 749 753 753 753 756 756 
90 382 382 

47 
360 537 537 687 687 739 739 739 
542 
5 5 5 5 10 14 14 16 24 24 24 68 80 80 90 90 108 149 149 149 150 151 151 151 152 152 160 160 160 177 177 180 180 185 185 190 190 190 190 190 236 236 237 237 241 258 265 265 265 274 292 292 298 298 312 312 312 315 342 388 388 391 391 402 402 413 413 418 418 418 468 468 493 511 511 548 548 557 557 557 574 574 574 582 582 583 583 622 622 632 632 632 642 642 650 650 667 667 685 685 685 685 685 687 687 688 692 696 696 696 696 721 721 737 737 737 745 748 748 748 751 751 751 
35 278 278 278 
16 35 35 73 73 73 202 214 550 550 550 632 
367 367 517 517 517 
445 622 622 
362 362 362 362 362 
181 181 236 236 236 236 241 241 610 610 610 619 619 739 
613 613 645 645 645 645 
512 512 
137 137 137 190 526 739 739 739 
708 733 753 
65 76 76 117 224 224 
366 646 646 739 739 739 
201 216 216 216 216 341 341 483 483 483 
526 733 733 733 749 
177 342 652 652 689 
389 389 389 389 423 423 423 423 
150 187 187 271 271 271 271 324 324 324 535 535 535 535 678 708 718 733 733 
239 239 242 580 580 759 759 759 759 759 
221 224 224 403 403 403 
5 97 614 614 614 635 635 757 757 757 757 757 
213 250 250 273 273 334 334 656 
474 
342 342 342 
363 363 530 732 732 732 
403 582 582 582 
534 534 534 534 
64 64 64 64 
451 451 451 451 557 
