nodes: 768 edges: 1417

64 313 
117 117 117 282 282 317 427 427 
141 141 633 
157 341 402 
6 53 55 59 99 99 101 101 115 115 144 144 147 155 163 188 194 194 210 210 221 221 239 240 272 272 292 348 348 367 370 387 387 395 405 448 451 466 484 488 488 504 504 506 533 533 586 635 635 651 651 654 654 663 719 739 
5 161 
741 
81 81 195 316 316 316 343 
124 
81 81 81 105 105 121 224 224 257 312 312 529 599 599 641 649 649 705 721 721 721 739 739 

16 16 35 35 376 
159 409 409 
739 739 
60 296 376 
12 12 35 57 57 214 278 278 296 296 296 333 333 333 376 378 400 429 442 442 485 485 548 548 548 561 569 569 601 601 601 611 626 629 633 633 633 702 709 709 739 739 739 741 741 
404 443 443 443 
34 550 
665 
395 395 395 395 
579 626 
53 67 232 521 
218 262 481 501 707 707 
190 312 739 739 739 
123 123 
148 203 203 203 428 428 428 462 462 462 540 667 676 676 712 
30 203 
203 203 301 625 
73 73 73 73 484 484 484 484 556 569 569 569 607 
27 203 290 609 
533 533 
308 308 308 615 
207 207 207 
18 
12 12 16 278 327 569 569 624 624 645 740 741 
395 
110 339 339 733 733 733 
172 298 456 
355 355 415 415 
118 118 
342 
323 
615 615 615 
246 337 337 337 337 

545 
112 213 271 736 
304 304 421 588 
613 613 
248 312 312 312 711 
203 666 

5 22 79 99 99 99 
600 
5 272 272 392 
64 156 242 255 503 
16 16 
203 238 
5 365 
15 479 479 479 479 

433 517 517 517 517 607 607 

1 56 156 255 255 430 430 499 766 
117 131 551 750 
395 395 
22 159 213 213 260 305 354 397 446 
108 363 653 739 
157 341 341 520 
569 569 569 634 716 
634 
257 
29 29 29 29 214 297 460 460 460 741 741 747 
84 84 84 491 491 
502 
402 750 
352 472 
473 473 
53 239 239 448 597 
241 241 622 739 761 
8 8 10 10 10 136 170 206 206 257 300 312 312 312 343 343 433 433 435 436 443 443 571 607 618 618 618 618 618 

117 117 224 224 224 228 342 342 342 417 500 500 
74 74 74 
613 
248 625 

282 282 342 
547 547 547 547 
382 382 

589 703 703 703 703 716 716 
312 
203 203 203 
129 392 392 399 464 464 464 464 
627 627 627 667 
653 
366 510 510 715 
5 5 53 53 53 618 618 679 

5 5 610 
395 395 
342 
359 445 
10 10 529 
156 476 
544 544 
68 312 668 668 739 

37 339 339 
148 148 148 157 203 
47 307 307 
257 390 512 701 
150 342 342 342 428 
5 5 700 700 
213 431 446 534 
2 2 2 65 83 83 342 342 628 657 677 677 683 683 750 
40 40 348 370 370 654 
243 621 

10 203 205 205 
565 640 
25 25 354 469 
9 344 582 
490 
374 385 385 


95 190 190 203 203 203 399 552 672 672 
342 
65 


158 158 581 
326 326 397 397 505 
81 228 228 274 274 
748 
313 708 708 

387 
3 3 179 241 455 606 606 
735 
222 672 672 
5 5 163 506 

207 207 
5 
26 111 111 111 568 568 
342 739 739 739 
114 756 756 756 756 
221 221 739 

317 

5 340 340 388 739 
56 64 106 239 239 239 460 463 463 
4 69 111 203 263 341 720 720 
134 134 616 616 
13 67 304 383 710 
342 459 
6 278 278 
254 254 561 
5 144 213 353 353 528 
634 
584 584 720 

191 247 262 341 654 
176 243 243 473 
566 
81 283 571 
243 
38 309 


292 292 427 489 489 667 
168 
704 754 
357 
141 218 239 239 367 700 713 713 
418 418 607 
271 271 745 


256 
393 739 739 

756 
5 272 272 
398 667 
24 129 129 402 657 657 739 739 739 748 748 
167 
222 677 
323 
5 5 210 210 631 631 
8 312 
203 577 603 603 603 
203 203 666 
351 416 416 664 

717 

741 
26 26 26 27 28 28 30 51 58 94 94 94 111 121 129 129 129 157 196 197 197 218 253 262 322 328 337 337 338 341 341 342 342 342 377 386 393 393 399 486 501 539 539 544 544 570 631 648 648 648 666 715 715 
542 542 
121 121 402 
81 81 599 661 
33 33 33 146 146 
357 357 
246 246 337 
5 5 194 194 531 531 
335 
253 
47 67 67 116 163 222 273 273 299 446 446 446 498 498 545 545 545 595 646 646 719 760 
16 73 741 741 
656 
752 
282 290 290 
23 179 203 262 501 
559 559 559 596 596 
324 459 
5 5 151 151 387 403 403 758 758 758 
143 192 213 401 428 428 718 719 719 

10 10 83 83 83 438 438 750 
364 396 542 659 
675 675 

83 136 136 
284 284 
288 295 399 399 570 
264 264 
22 383 
710 
373 595 
305 
274 745 

58 369 
5 79 79 156 156 156 179 179 594 713 713 757 757 
5 488 488 676 676 676 
80 80 141 312 312 649 649 649 739 745 767 
56 503 713 757 
119 168 168 171 508 508 508 652 
716 
601 
44 209 209 337 342 411 589 
167 341 
50 86 420 

358 760 
433 433 506 506 686 

203 212 377 377 
162 162 489 667 
56 64 64 561 
184 679 679 
10 72 81 113 529 
318 626 626 626 739 

67 364 364 
302 302 333 415 415 618 618 633 633 655 
23 167 203 218 648 
157 
231 231 
688 
462 462 568 568 712 
725 
298 298 298 563 
284 548 675 675 675 
286 332 
47 181 181 
5 5 55 55 188 188 
213 213 656 
136 136 236 389 739 
542 

346 632 
16 16 35 161 161 404 432 432 434 434 477 522 633 
425 
590 590 638 
387 561 561 611 611 611 611 
2 2 88 88 217 
170 399 
229 229 269 548 548 
385 519 519 718 
270 341 551 551 
434 
230 
548 
30 217 217 648 
476 
5 175 175 370 470 470 687 687 739 739 739 
754 
298 309 584 
230 342 342 
15 16 16 16 347 424 473 487 487 
73 
38 268 268 268 294 493 493 493 610 636 686 692 692 
213 353 363 363 406 
81 422 
28 715 723 
261 261 
428 428 
48 48 159 323 323 379 
67 235 446 

112 112 387 387 560 604 
32 32 32 516 656 
172 294 691 691 
607 
385 385 579 579 
10 10 24 50 50 50 81 81 81 93 108 195 241 241 342 342 402 402 486 486 486 596 711 739 739 
1 138 
575 
739 
8 8 8 436 585 
2 153 
258 354 
619 707 707 

713 713 
203 577 630 
42 193 304 304 538 588 588 658 
220 572 572 
708 708 
135 135 
35 741 
203 

373 595 595 595 601 601 

270 
16 16 16 261 364 573 633 633 658 658 
760 
211 

44 44 44 44 203 203 209 246 342 
203 609 609 
37 37 110 110 733 
155 155 
4 69 69 157 167 203 203 247 286 357 357 417 417 464 464 483 643 684 706 720 752 752 
41 83 83 83 88 103 114 114 114 117 117 130 149 160 203 203 203 246 295 295 312 312 337 399 428 428 512 518 518 539 643 653 653 667 667 704 704 731 731 739 739 
8 81 81 433 433 585 585 585 
124 466 
691 691 
277 
296 627 627 
5 5 118 441 
507 695 
622 622 
198 
77 395 432 472 472 
163 163 299 
67 123 318 360 362 469 527 527 710 
39 39 
568 568 568 
178 208 208 341 341 578 
250 
104 461 
354 

354 378 744 744 
68 299 299 498 530 530 539 576 576 763 763 
225 260 260 333 655 
59 
98 470 596 715 725 725 
5 179 719 742 

238 648 
5 118 118 292 
658 690 

234 330 406 595 
126 
379 379 379 392 
12 15 16 553 553 
203 253 253 425 617 617 648 697 
16 362 
304 375 375 375 388 


90 90 632 734 
159 232 

126 126 285 311 311 
203 
5 5 140 221 281 307 307 
155 379 696 739 
274 755 755 
113 701 701 701 
712 712 739 
55 95 95 375 484 
185 203 203 625 625 

5 20 20 20 20 36 66 66 102 102 352 663 682 682 
225 
67 135 135 
189 
95 129 203 230 230 283 342 726 
16 424 473 473 
222 
4 76 190 205 312 312 
221 221 
17 278 430 430 430 
5 635 
299 373 


13 13 575 
460 460 546 
246 455 

558 739 

39 39 261 261 
198 198 665 
83 341 341 
180 180 739 739 739 
693 
248 633 677 
48 
300 475 599 599 729 729 
686 755 755 
296 400 473 
279 377 555 648 648 
498 498 
2 2 175 
26 26 26 114 222 222 303 303 342 342 689 
16 
64 64 404 404 404 499 701 
116 
278 278 352 
62 81 81 251 251 343 343 
278 278 287 
81 
81 316 
511 582 
224 224 531 
545 545 612 
521 733 733 
348 
16 16 590 600 600 614 614 614 747 
17 17 17 81 81 695 695 
546 643 721 721 
104 
67 116 213 213 213 305 
601 677 
5 79 
733 733 

5 537 767 
514 589 633 
720 720 

141 411 
38 

496 
160 220 545 
73 73 73 156 410 410 
359 
26 26 26 266 266 
156 156 
95 95 95 95 341 341 672 

5 344 


123 354 
292 292 366 

77 352 352 
78 78 168 296 400 400 424 

422 487 487 487 
106 291 633 633 
278 522 
595 
60 60 60 60 
532 617 617 617 
23 501 501 501 

341 
5 29 29 29 29 392 605 
16 16 626 
203 312 312 312 
296 296 475 475 475 
5 5 240 240 676 
175 175 254 639 
125 702 
74 74 

298 298 298 
719 719 
693 693 
458 597 
664 695 
213 213 363 426 426 
64 430 
83 83 
23 203 218 481 481 481 603 603 
75 
56 242 
5 5 595 
135 
5 144 251 251 
349 693 693 695 
243 243 243 566 

98 98 
437 669 
113 342 747 
703 
452 
521 521 
308 638 711 
62 62 62 62 742 742 742 
342 342 638 
285 285 
69 
22 440 515 515 
278 477 


716 
748 
354 354 
163 669 
10 105 257 649 649 705 
363 363 
210 210 438 
480 739 739 
5 5 31 31 
116 733 765 765 
756 756 

451 719 737 
323 588 
203 203 342 363 629 
26 570 

204 204 225 275 593 738 738 

107 107 203 203 
46 213 213 213 439 439 459 546 612 
410 444 545 643 
89 89 89 89 
16 16 16 269 284 284 289 739 739 

18 561 741 741 
65 286 286 637 
129 
376 376 
697 697 697 
425 
29 
622 650 650 739 
413 
219 219 219 
307 
16 162 255 281 281 550 569 569 611 
599 661 
268 
613 613 
122 763 763 
169 508 599 599 

148 148 266 266 356 356 356 
16 16 29 29 29 35 35 70 70 70 561 561 670 
203 230 540 574 574 
81 170 
324 324 
333 
570 570 739 
314 409 
363 363 
196 322 
357 
21 311 311 
757 757 
134 
124 437 739 
667 667 739 
165 165 294 636 636 
316 343 343 343 761 
5 

48 323 323 538 635 709 
92 246 452 633 633 
280 280 442 
601 601 

542 
239 
213 234 330 330 330 373 478 504 699 
219 219 312 366 
79 496 
624 
10 10 206 422 422 562 566 566 661 661 
54 442 442 
16 16 16 245 330 330 447 591 591 660 664 695 730 
647 660 
196 196 196 501 501 722 
307 
484 
141 141 
29 62 62 81 180 310 

30 338 338 705 
101 298 745 
16 281 281 281 281 561 
439 545 
49 49 85 564 564 746 
442 442 442 
32 43 43 43 
158 158 
377 377 480 480 480 
81 81 81 81 81 99 99 261 261 
319 745 

119 
80 350 350 557 642 642 743 743 743 

35 35 598 
28 86 393 393 
16 21 258 258 258 485 
96 96 96 347 347 
117 
16 539 
322 
194 194 203 
277 382 739 739 
3 16 16 16 261 261 278 333 333 420 452 476 476 589 589 655 708 708 708 
70 71 164 
5 5 405 588 
298 584 584 
551 643 
280 516 518 
489 667 
122 662 662 662 
10 
622 622 
341 342 444 546 637 667 667 704 704 704 

35 741 741 
213 213 751 
602 
203 203 203 262 290 369 377 425 425 
10 10 241 241 241 529 529 
557 557 739 
5 5 
243 
68 97 342 342 
5 5 118 167 
261 364 633 
215 273 308 760 
117 190 190 
323 333 333 371 690 
225 
601 602 
206 562 599 599 
640 640 640 
5 395 
198 497 601 695 
19 416 
51 197 203 
26 96 175 189 254 342 342 583 583 639 643 643 739 739 
108 108 
511 528 
569 

129 129 143 143 464 


226 226 269 269 269 
26 26 240 240 240 488 
117 117 192 420 447 
756 756 
99 256 256 


395 395 
117 117 
341 706 706 
739 739 739 739 
251 298 423 
292 292 737 739 
265 717 739 739 
428 
371 658 
309 309 345 345 
298 298 739 
419 495 495 507 507 

349 443 443 497 507 601 664 
388 739 739 
377 554 554 554 
725 725 725 
595 
115 115 179 
113 390 390 390 430 
16 490 
92 92 92 92 513 716 716 
177 342 342 643 643 643 
10 529 609 
341 684 684 
23 23 319 319 
138 138 325 325 633 633 633 733 733 
16 16 588 
159 233 354 
50 312 516 
26 266 391 391 
179 179 239 239 242 321 321 

98 203 203 301 366 
70 92 92 244 525 703 703 
200 688 
222 285 
5 213 222 222 367 494 494 537 
157 157 165 341 453 453 
10 10 10 444 444 739 739 739 
603 
301 

267 366 366 698 698 698 
399 


422 422 
601 
342 342 
763 
37 37 37 339 440 440 449 449 534 708 708 749 753 756 
382 
142 
47 
537 687 739 
542 542 
5 10 10 14 14 16 16 16 24 24 24 68 80 108 149 149 149 151 155 185 185 190 190 190 241 258 274 292 292 292 312 312 315 342 342 388 391 413 418 418 418 532 532 548 548 557 574 582 583 632 632 650 667 667 685 685 685 685 687 688 688 692 696 696 721 721 721 737 745 745 751 
35 
7 16 16 35 73 73 202 214 214 327 550 550 645 645 
367 517 517 517 
622 622 622 
362 362 
181 236 241 610 619 739 739 
613 
73 442 512 
137 190 190 526 
733 
65 76 117 224 
646 739 
216 341 341 
733 
177 293 
389 389 423 423 
150 150 150 150 187 535 535 678 678 733 
239 239 242 580 580 759 759 759 
221 221 221 
757 757 757 
213 250 334 656 
80 585 

363 363 565 565 732 

534 534 
64 
241 451 
