nodes: 768 edges: 1394
5 
64 
65 117 117 

157 247 247 247 341 357 
0 6 53 55 59 79 79 99 101 115 115 118 144 188 194 210 210 210 213 221 221 239 240 240 240 272 292 307 340 340 367 387 395 395 395 405 448 484 488 488 504 506 533 533 533 623 623 635 651 651 654 654 682 700 719 739 739 739 
5 161 
49 49 613 
81 177 195 552 552 763 
124 124 314 
81 105 224 224 252 257 265 285 285 312 312 312 472 649 649 649 705 705 721 721 739 

35 
409 409 
493 493 649 739 
296 376 376 550 
35 35 35 57 173 198 198 278 278 278 296 296 296 333 333 333 376 378 429 429 442 442 485 505 547 547 548 548 553 561 569 600 601 601 611 626 626 626 633 633 633 702 709 709 739 739 741 741 
404 404 404 404 443 466 
550 
665 

72 72 128 626 626 
53 53 53 67 67 521 
218 481 707 707 
312 312 503 

41 111 148 203 203 266 385 385 428 428 667 676 
203 506 
625 625 
73 484 484 550 556 569 569 569 607 607 
203 609 609 681 

308 
207 423 423 

12 16 16 16 278 278 327 432 624 624 645 741 741 741 
352 395 395 432 432 432 432 
733 
172 172 172 456 456 456 
415 415 
118 
26 526 
323 
316 316 449 
337 337 337 346 

79 
112 171 271 271 560 
304 421 588 
7 7 601 

203 666 

5 22 22 22 79 99 99 
600 600 600 
5 272 375 375 484 484 
64 86 156 239 255 
16 569 569 
199 425 
5 365 
106 156 476 479 
444 444 
517 517 562 599 607 

1 56 156 156 156 223 430 499 766 766 766 
2 117 551 551 
352 352 395 395 
22 22 159 159 213 213 260 260 260 305 354 397 397 515 521 
363 653 739 

307 307 569 
393 
21 21 257 381 
29 297 297 460 460 550 741 
299 491 
297 583 583 
673 750 
352 472 

5 5 46 53 239 448 448 597 
241 350 379 622 739 
8 10 257 257 300 300 312 312 312 343 343 422 433 433 435 435 571 607 607 618 618 618 618 
688 688 
117 228 342 342 500 500 680 


56 248 625 

342 342 342 
633 
660 734 739 739 

703 716 716 716 716 
279 
212 253 679 679 
129 129 392 392 464 726 
189 667 667 

366 510 510 510 715 715 
5 53 53 618 618 679 679 
444 
5 581 610 
395 


10 529 
60 156 

312 668 739 
356 486 486 486 
339 339 733 
26 148 148 157 157 203 
47 
257 257 701 
342 
5 5 213 213 700 
213 446 446 446 
2 2 65 83 224 342 342 657 677 683 750 
5 40 171 194 216 216 348 370 654 696 
621 621 621 

203 205 205 
565 
215 
9 9 506 582 
490 490 496 
385 582 

21 148 614 
95 95 190 190 190 190 203 203 203 203 552 
704 704 
286 286 


158 158 158 581 581 581 616 
397 397 505 505 
228 228 228 274 
721 721 748 
313 708 708 708 

387 525 617 
179 241 620 

672 672 
5 163 506 

207 534 534 534 
654 
26 111 111 128 
342 667 667 739 
214 214 756 756 
739 739 
739 739 

622 
340 
56 60 64 64 64 106 239 239 239 242 280 280 460 460 463 
4 111 111 203 263 341 341 720 
134 134 134 581 581 581 725 
67 67 304 409 461 710 
342 739 
6 201 
639 
144 213 213 
393 634 634 
584 
171 
191 191 247 262 341 654 
176 176 243 473 537 
508 566 
283 435 571 
47 118 166 496 496 
38 38 38 294 
16 397 
639 
292 427 427 427 489 
168 168 504 504 699 699 
8 312 704 704 704 739 739 

141 218 218 713 
614 739 
271 271 745 745 


679 



5 272 
96 667 667 667 
129 129 129 129 402 657 739 739 
167 167 
677 677 677 
674 674 
5 118 631 
8 
445 
203 666 
16 16 351 416 416 601 664 
58 

161 616 752 752 
741 741 
26 26 27 30 51 111 121 129 129 129 129 157 197 218 218 253 262 262 266 290 301 301 301 322 341 341 341 342 342 342 374 377 393 393 399 399 423 467 482 539 540 544 544 577 577 631 648 648 648 666 666 673 681 681 715 715 715 723 723 
443 
121 121 409 
240 
33 146 655 
357 
246 337 
5 5 5 531 
335 595 595 
94 253 253 
5 67 67 115 115 116 163 163 222 273 299 446 446 498 498 534 545 545 593 595 620 620 620 646 760 760 
150 150 
123 354 656 
118 118 
290 
23 179 179 203 203 262 501 
559 559 
324 459 
5 5 736 758 
213 428 428 428 719 
64 255 255 
10 10 117 342 438 438 750 750 758 
275 364 542 542 
428 675 
366 514 
83 136 136 136 
284 284 
288 295 295 399 399 399 501 570 
264 264 
383 

373 
305 305 
274 632 745 745 745 


5 56 79 156 156 156 509 
5 5 5 206 676 676 
80 141 618 649 649 739 745 745 
156 503 757 
168 428 
716 

209 342 411 411 456 589 611 611 
4 4 4 167 341 
86 420 708 

358 760 760 
433 433 
10 705 
94 203 212 212 377 554 
489 639 667 667 
56 223 223 635 
679 
10 72 81 81 113 113 381 381 529 529 649 
318 739 
278 278 278 
67 67 67 364 
302 333 333 618 618 618 633 
167 203 203 218 648 
157 
231 231 
10 739 739 
26 203 712 
366 725 
298 298 563 563 

286 332 
47 47 181 181 677 756 756 
5 55 188 
213 598 656 
136 236 739 
225 542 
718 
346 
16 16 16 35 35 259 259 259 404 432 434 434 476 477 477 633 633 740 740 
93 312 312 
156 156 638 638 
387 509 561 561 611 611 633 

170 399 
229 229 548 548 
10 10 519 705 718 718 
131 131 270 335 335 464 551 551 
434 718 
230 

203 217 377 648 
716 
5 175 470 687 739 739 
754 
172 298 584 636 691 
230 230 731 
15 16 16 16 326 347 376 424 473 505 505 
73 73 75 
268 268 294 493 493 610 636 642 686 687 692 692 739 739 
74 213 353 363 363 406 406 
81 81 
203 203 203 715 
261 

48 159 409 
67 235 235 446 446 446 

5 70 70 560 
32 516 656 
691 691 
607 
579 
10 10 10 24 24 81 81 81 108 177 279 279 342 342 342 402 402 486 536 711 739 
138 
9 409 409 
704 
43 43 343 343 436 585 

258 
707 
508 
548 713 713 713 
203 577 630 
42 588 588 
220 572 572 572 756 
708 
296 
35 741 


373 373 595 601 

270 
16 16 16 261 261 547 626 633 633 633 658 
760 760 
211 286 286 
452 633 
44 44 44 209 444 
609 
110 110 
5 5 155 448 448 448 
4 157 157 167 203 203 203 247 417 464 483 544 544 684 684 684 706 706 720 752 
83 83 88 88 88 114 117 117 149 160 203 203 203 224 246 312 312 312 399 428 539 539 643 667 731 731 731 731 739 
81 81 316 316 585 585 640 640 761 

691 691 
44 277 
296 
118 
497 497 
80 
198 368 
36 66 66 77 395 
299 
67 215 360 710 710 

109 568 568 
4 208 578 
250 359 359 
358 358 
354 
569 569 
744 744 
68 299 299 406 530 539 576 576 694 
225 260 655 
59 
98 227 267 510 596 596 739 751 
5 719 
351 665 

118 
658 658 658 690 
689 689 
234 330 330 595 595 
203 
55 55 392 
15 15 16 296 553 
203 253 290 425 554 648 697 697 697 
16 
80 
569 569 
72 257 257 

232 
728 728 
26 26 126 
631 
5 140 281 
696 739 
445 
591 591 601 701 701 
570 570 570 712 712 739 739 
95 95 375 484 
71 164 203 203 625 634 696 
429 
5 5 5 36 36 66 66 102 352 682 

67 67 135 135 173 

203 203 230 230 230 283 342 
473 473 

190 312 312 450 657 657 739 739 
758 758 758 
17 17 17 17 278 430 430 430 430 522 
5 635 635 
299 299 363 
601 

13 13 159 205 304 314 314 
460 
246 246 455 575 

558 558 739 
633 633 
39 39 
198 198 665 
341 
511 739 

248 633 677 708 
48 
81 599 599 599 729 
33 33 203 686 755 755 
296 473 621 621 
58 377 431 555 555 

175 175 175 
26 26 222 222 222 226 243 342 478 478 508 566 566 652 652 652 675 689 689 
16 16 394 553 553 
64 404 404 404 404 499 701 
425 
35 36 36 36 36 278 
81 81 251 251 
278 278 287 
81 81 170 729 
316 

224 224 

733 733 

16 16 590 600 600 614 614 747 
17 204 
61 61 100 337 643 721 721 721 
196 389 
116 116 116 213 213 305 305 305 
677 677 
5 79 79 340 340 340 
43 
402 657 657 
537 767 767 767 
336 514 514 633 633 


411 
38 38 38 246 
583 583 
496 
220 612 612 612 
73 73 156 156 410 
159 710 

156 472 
95 286 341 

17 
203 
739 

292 

10 77 463 
168 296 400 400 424 
761 
487 487 
60 278 633 
278 278 
428 428 595 595 595 
60 
532 617 617 
23 501 
203 
341 
5 29 29 55 55 392 605 
16 
109 109 109 312 715 
475 475 
5 5 
175 254 
125 125 496 702 
74 605 605 
709 
14 14 298 298 
719 
507 693 
125 171 171 458 490 597 
349 349 664 
213 213 530 
64 430 
83 83 
218 230 481 603 719 

24 242 
5 176 176 
16 135 135 296 296 
5 27 124 144 
495 664 693 
169 320 428 
239 281 
98 98 98 366 
418 
747 
703 703 
227 452 452 596 596 
67 521 521 
308 
62 62 742 
638 638 638 
285 705 705 

22 67 515 515 
404 

696 
140 716 
41 

563 669 669 669 669 
105 257 257 701 705 705 727 727 
363 498 
210 
480 
5 5 5 
146 146 146 213 765 
756 756 
312 
168 451 719 
563 588 588 
203 342 342 363 
203 541 570 570 
540 
225 225 275 593 724 

203 203 341 341 
213 213 546 612 612 643 643 
545 643 
16 16 333 563 573 702 
16 16 284 284 321 739 

15 18 29 73 561 741 741 
65 65 286 286 637 
8 8 129 
16 376 429 429 
253 377 697 697 
425 425 
29 
622 650 739 767 
413 413 632 
219 219 
47 307 
16 281 281 550 
62 661 661 
268 268 528 538 547 

122 763 
169 428 428 599 599 599 

356 356 
16 29 29 29 57 57 70 361 361 380 380 670 
230 391 391 391 540 540 574 
81 170 
324 324 324 
547 
570 739 739 
411 
363 363 
203 203 322 603 
357 706 
311 
757 
101 134 134 134 158 158 158 
124 126 739 
75 75 457 457 667 
165 294 636 
316 343 343 

658 658 
48 323 323 538 538 
246 633 
442 
390 390 

213 542 

211 211 213 330 373 373 478 478 478 
366 366 514 514 719 
79 496 
273 624 
62 422 422 422 566 566 566 
16 54 54 54 442 442 
16 16 49 198 330 390 407 613 647 647 647 664 664 730 
660 664 
501 577 722 722 722 722 

484 491 491 

29 29 62 81 81 310 
649 
30 30 338 705 705 
101 298 686 745 755 
16 246 246 281 281 
459 459 459 545 545 
7 601 746 746 
128 180 442 442 759 

134 201 
140 480 480 648 
81 81 81 81 99 99 241 261 261 261 
671 745 
141 213 213 213 
119 119 119 424 424 
80 154 557 642 739 743 743 743 
5 5 
35 35 598 
28 28 86 393 
16 16 16 21 21 333 



322 
194 203 386 
236 558 741 
16 16 16 89 261 278 278 281 333 333 333 336 414 414 420 452 452 476 589 708 708 
164 164 393 
5 255 405 405 759 
294 298 584 
551 
280 280 518 518 518 
162 174 254 667 
343 343 662 

298 622 
342 444 545 545 546 667 704 

35 746 
213 659 751 
601 601 601 730 
203 203 203 262 290 377 617 
10 10 10 14 241 241 257 608 
557 
5 5 
428 428 428 754 
68 
5 5 118 147 167 
207 364 
215 273 308 760 
117 190 402 402 450 450 
333 371 371 371 587 587 674 690 
646 
90 602 
562 562 
640 733 733 

198 497 507 601 601 602 695 
19 368 416 
51 197 203 203 
26 96 96 149 149 189 189 189 254 254 342 583 639 643 
108 
528 528 528 528 
569 
619 694 
143 143 
76 203 
193 193 658 
226 428 
26 240 240 
117 192 192 192 271 420 447 447 
733 733 756 
94 94 99 99 184 256 
83 751 
30 203 203 
5 395 
117 
341 341 341 706 
739 739 
298 423 610 
292 298 737 
82 82 739 739 
372 372 428 428 
371 658 
294 309 309 345 345 
298 298 739 
495 507 
363 671 745 
664 
118 388 393 524 714 717 717 717 739 739 739 
377 377 377 554 554 
725 
176 176 
5 115 
113 390 390 430 529 
16 490 547 
92 513 513 
130 130 177 177 177 315 643 
10 10 252 285 519 519 529 529 609 609 
341 341 578 684 
23 23 319 
138 138 138 248 325 420 633 633 733 749 756 756 
16 16 492 
159 354 354 461 
312 
266 391 391 
179 321 321 321 
696 
98 98 203 203 203 301 486 
92 92 92 92 244 291 525 
696 696 696 
276 285 285 287 
5 222 367 494 501 537 596 
157 341 
10 10 137 137 444 444 444 739 
603 603 603 603 
203 203 
542 
158 267 698 
95 
529 529 
384 384 
422 435 
601 647 
295 342 342 342 342 

37 110 440 440 662 662 678 678 708 756 
90 

221 
687 

5 5 5 10 14 16 16 68 80 90 90 108 149 151 151 152 152 160 177 177 180 190 190 241 258 265 265 274 292 292 298 298 312 342 366 388 391 391 402 402 413 418 468 548 557 574 574 582 622 685 685 688 688 692 696 696 696 721 745 745 745 748 748 751 
278 278 
16 16 35 35 35 73 202 202 327 550 550 632 
517 
622 622 622 
362 362 
181 181 236 236 236 241 241 610 619 694 739 739 739 
613 613 645 
442 512 
137 739 739 
708 
76 117 224 224 
366 646 680 739 
201 201 341 

293 652 
423 423 610 
150 150 271 271 324 535 535 678 708 708 733 
242 580 759 759 759 
221 224 403 403 403 
614 635 757 757 757 
213 213 250 250 334 334 656 
343 474 

8 565 

534 
64 64 64 
451 451 451 557 
