nodes: 768 edges: 2306
5 5 
313 313 
117 282 317 317 
141 141 633 633 633 
157 341 341 357 357 357 402 
0 0 6 6 6 53 53 55 59 59 79 79 99 99 101 101 115 115 115 118 118 119 144 144 144 147 155 163 163 163 174 188 194 210 213 239 239 239 240 240 272 272 292 292 307 307 340 340 340 340 348 367 367 370 387 387 395 395 395 405 405 441 448 451 451 451 466 466 466 484 484 484 488 488 488 504 506 506 533 533 533 537 537 567 586 586 623 623 623 635 635 635 651 651 651 654 663 663 663 682 682 682 700 700 719 719 719 739 739 759 759 
5 5 5 161 
49 49 49 613 613 613 741 
81 316 316 343 552 552 552 552 
124 124 582 
81 81 81 105 121 121 121 224 224 224 257 257 257 265 265 274 274 285 312 312 599 599 649 649 649 705 721 721 721 721 739 739 

16 35 376 376 376 
159 159 
493 649 739 
376 376 
12 35 35 35 57 57 214 214 278 278 278 296 296 333 333 333 376 378 429 485 492 505 547 547 548 548 548 553 561 561 561 569 600 600 601 601 611 611 611 626 626 633 633 633 702 709 709 739 739 741 741 
404 404 443 443 466 466 719 
34 34 
665 665 665 665 
395 395 
128 128 579 626 
53 53 53 67 67 232 521 
218 218 218 218 218 262 262 481 707 707 
503 503 503 689 739 739 
123 123 
111 203 203 203 266 266 428 428 428 540 568 676 676 712 
506 
203 203 203 301 301 625 625 
73 484 484 484 484 550 556 556 569 569 569 607 607 607 607 
203 203 681 
533 533 
308 308 516 
207 423 423 423 
18 18 
12 16 16 16 278 278 327 327 327 432 556 569 624 624 624 740 741 741 
352 352 352 395 395 432 432 432 522 
110 339 339 339 733 733 
172 172 298 309 456 456 
261 355 355 355 415 
118 118 118 
342 342 342 526 
323 323 323 323 323 
449 449 449 615 615 
246 337 337 346 
94 253 
79 459 459 
171 213 271 271 307 307 307 560 
304 304 421 421 421 421 
7 7 7 601 601 613 613 
312 312 312 312 711 
203 666 
155 580 
5 5 22 22 22 79 99 99 99 99 448 
600 600 
5 272 272 272 375 375 484 484 484 
64 64 86 86 156 156 239 239 242 255 255 503 
16 16 569 
199 238 238 238 
5 5 365 
106 106 106 156 476 476 476 479 479 
339 444 
433 433 433 517 517 517 517 607 607 607 
366 470 647 
56 56 156 156 223 223 255 430 430 499 766 
131 131 131 131 551 551 750 
352 352 352 395 395 
22 22 159 213 213 213 260 260 305 305 354 354 446 446 515 
108 739 739 
157 341 341 341 
307 307 569 569 634 716 716 716 
393 393 634 634 634 
257 257 381 
29 297 297 297 297 550 741 
84 84 299 491 491 491 491 
502 502 583 583 583 583 583 667 
133 402 402 402 673 750 750 
352 472 472 472 
473 488 
5 5 46 53 239 239 448 448 597 
241 241 241 350 739 739 739 
8 10 10 10 136 195 206 206 257 312 312 312 343 343 422 422 422 433 433 435 435 435 436 436 443 571 599 599 607 607 618 618 618 618 729 
688 688 
224 224 224 224 228 228 342 500 680 680 680 
74 74 
601 601 613 
56 56 248 
284 284 
282 282 282 
547 547 633 
382 382 739 739 
380 380 380 569 569 569 
589 633 703 703 716 716 
279 312 
45 184 203 203 212 253 253 679 679 
129 129 392 392 399 464 464 464 726 726 
189 189 189 189 556 627 

366 366 366 366 510 510 715 715 715 
5 5 53 53 53 53 618 679 679 716 
444 
5 5 581 
395 395 
342 704 704 704 
299 445 
10 529 
60 60 60 156 
544 544 
68 312 668 668 668 739 739 
356 356 486 
37 339 339 339 339 339 733 733 
26 148 148 148 157 203 
307 307 
257 257 512 701 701 
150 342 342 428 428 675 675 
5 5 5 213 213 635 635 635 700 700 700 
431 431 431 446 446 534 534 534 
2 342 427 677 677 683 683 
5 5 40 40 40 194 216 216 348 654 654 654 654 696 
5 243 424 621 

10 10 10 203 203 205 205 
565 565 640 640 640 640 640 
25 25 215 215 215 354 469 469 469 
9 9 506 582 582 
490 490 490 496 496 
374 385 385 385 385 582 582 
507 
21 21 
95 95 190 190 190 203 203 203 203 203 399 399 552 
342 704 704 704 
65 65 65 65 286 
373 
76 
158 158 408 581 581 
326 326 326 397 397 397 397 505 505 
81 228 228 228 228 274 274 
721 721 721 748 748 
313 313 708 

244 244 387 525 525 716 
3 3 179 179 179 241 241 455 606 620 620 620 620 
741 
320 672 672 672 672 
5 5 5 163 163 163 506 506 506 
523 523 523 
207 207 207 534 
5 654 654 654 
111 111 111 568 
342 667 667 739 
114 214 214 460 756 756 756 
221 221 221 739 739 
739 
317 317 
622 622 
5 52 340 388 448 448 448 
56 56 60 64 64 106 239 239 239 242 280 448 463 463 590 
4 69 111 203 203 203 263 341 341 578 
134 134 581 581 616 616 
13 13 67 238 238 354 461 461 710 710 
184 342 459 739 739 739 739 
6 201 
254 254 295 561 561 561 639 639 639 639 
5 5 5 144 144 144 213 353 353 528 528 528 528 528 
634 
294 294 584 584 584 584 720 
171 171 171 703 
191 191 191 191 247 247 262 262 262 262 341 341 
243 

283 283 
47 166 166 166 243 496 496 
38 38 309 
397 
5 
292 292 427 427 427 427 489 489 489 489 489 667 
504 699 699 699 699 
704 704 739 739 
208 208 208 247 357 357 
141 141 141 218 218 218 239 239 367 435 700 713 713 713 713 
418 418 418 418 739 
271 271 271 271 688 688 688 688 745 745 
318 

94 160 256 256 256 679 
739 739 
563 
756 756 
5 272 272 272 
96 96 96 96 667 667 
129 129 129 402 402 402 657 739 739 739 748 
167 167 167 167 
222 677 677 677 677 
323 674 674 674 
5 118 210 631 631 
81 312 
203 203 203 577 603 603 
203 543 666 
416 664 664 664 
58 
524 524 524 717 
161 752 
741 741 
26 26 26 28 28 28 30 30 51 94 94 111 121 121 129 129 129 129 129 157 157 157 196 196 196 197 218 262 262 264 266 266 290 290 301 301 338 341 341 342 342 342 374 377 377 386 393 393 393 399 467 486 486 486 501 501 501 501 539 539 540 544 570 570 592 630 630 644 644 681 715 715 715 723 
275 
121 121 402 
81 81 599 599 661 661 676 676 676 676 
33 146 146 146 735 
178 178 178 357 357 
246 246 
5 194 531 531 
286 595 595 595 595 
94 253 
5 47 67 67 67 115 115 163 225 225 273 273 273 299 299 299 353 353 446 446 498 498 498 504 504 545 545 545 593 595 595 595 620 620 646 719 719 719 760 
16 16 150 150 741 
123 123 123 354 354 
118 118 752 752 
282 282 282 282 290 
23 23 23 23 23 179 179 179 203 262 
559 559 596 596 
324 324 
151 151 151 387 387 403 403 403 403 452 553 758 758 758 758 
192 401 428 428 428 718 718 719 719 719 
64 64 255 255 
10 10 10 83 83 83 83 342 342 417 438 438 750 750 758 
213 213 275 396 593 593 738 
428 675 675 675 
544 559 559 
83 83 136 136 136 136 
284 284 284 
288 288 288 295 399 399 501 
264 264 264 
22 383 383 383 384 
710 
373 373 373 
305 305 305 
632 739 739 745 745 745 745 745 
739 739 
58 58 58 159 159 
5 5 5 56 56 79 79 156 156 156 179 179 408 408 580 580 590 594 713 713 713 757 757 
5 5 488 488 676 676 676 
80 80 80 141 141 312 455 606 649 649 649 739 739 739 745 745 767 
56 156 713 713 713 757 
119 168 171 508 508 
140 140 
601 601 
44 209 209 337 342 342 342 456 589 589 611 611 611 
167 167 178 341 
86 708 708 708 

358 424 424 424 760 760 760 
433 433 433 506 506 506 686 686 
705 
45 94 94 212 
162 162 639 639 
56 56 64 223 223 561 635 
184 184 184 679 679 
10 10 10 72 72 81 113 113 381 381 522 529 529 649 649 649 649 
318 318 454 626 626 739 
278 
67 67 364 364 364 364 
39 302 302 333 333 355 355 415 618 618 633 633 655 655 655 
23 23 167 167 167 167 203 203 218 648 
157 
203 231 231 231 
10 10 688 688 739 739 
26 26 203 203 462 462 712 712 
725 
298 298 563 563 563 563 
548 675 675 675 
286 332 332 
47 47 181 181 181 181 677 756 756 756 
5 5 55 55 55 188 188 188 
213 213 213 656 
10 10 136 136 389 739 739 739 
204 225 542 542 

346 346 346 
16 16 16 35 35 259 287 287 404 432 432 476 476 476 522 633 633 633 740 740 
93 
156 590 590 638 638 638 
387 509 561 561 611 611 611 611 633 
2 88 88 88 217 217 217 217 
170 170 399 399 399 
87 87 229 229 229 289 372 548 548 
10 519 519 705 718 718 
131 211 270 335 335 335 335 341 341 551 551 551 
278 278 434 
230 230 230 
284 489 548 
203 203 217 648 648 
476 716 716 
5 5 175 175 366 366 366 370 370 370 470 470 687 687 687 687 700 739 739 739 

165 165 309 309 584 584 584 636 636 691 
162 230 342 342 731 731 
16 16 326 326 347 424 424 473 505 505 
73 73 73 73 
38 268 268 493 493 493 610 642 686 686 686 692 739 739 
74 104 213 213 213 353 353 353 363 406 

28 28 203 203 715 715 723 723 723 
261 261 
428 428 428 
48 48 323 323 323 323 409 
67 67 235 235 235 
323 549 
5 5 47 47 47 70 70 112 112 387 387 387 387 560 560 560 604 604 
32 32 516 656 
38 172 294 294 691 691 691 

385 385 579 
10 10 50 50 50 50 81 81 81 93 108 195 241 342 342 402 402 486 486 486 536 596 711 739 739 
1 1 138 138 
409 409 575 575 
739 
8 8 436 436 585 585 
2 2 153 153 
182 258 258 354 354 
619 
143 
333 548 713 713 713 713 
577 577 
42 42 42 42 42 193 304 304 304 304 306 421 588 658 
220 220 572 572 572 708 756 

135 135 135 296 296 505 505 505 
35 35 35 741 741 

708 708 
373 373 490 595 595 601 601 

270 270 577 577 
16 16 16 261 261 321 547 547 573 573 626 626 626 633 633 
760 760 
286 286 286 286 
633 
44 44 246 342 342 
203 609 609 
37 37 37 61 110 110 110 110 110 733 
5 5 5 5 155 448 
4 4 69 69 69 157 157 167 167 203 203 247 286 286 357 357 357 417 417 417 417 464 464 483 483 544 544 578 643 752 752 
41 41 41 83 103 114 114 117 130 149 160 203 203 203 224 224 246 246 246 295 295 312 312 337 337 399 399 428 428 512 518 518 518 643 653 653 667 704 739 754 762 
8 81 81 433 433 585 
466 466 
691 
44 277 277 277 
296 591 627 
5 118 441 
497 497 497 695 
80 622 
368 368 368 
36 36 36 66 66 66 77 395 395 395 472 
163 163 213 213 299 299 299 
67 67 123 159 215 215 318 318 360 360 362 469 469 527 527 710 710 
39 39 39 261 261 
109 109 568 568 568 
4 4 4 178 178 208 208 341 341 341 
250 359 359 359 
358 358 358 
354 354 
569 
354 744 744 
299 406 530 530 539 539 539 539 539 576 576 694 
260 260 260 260 
59 
63 98 98 98 98 292 292 292 510 510 510 596 596 715 739 739 
5 5 179 719 719 719 742 
351 351 351 665 665 

5 292 292 292 654 
658 690 690 
284 689 689 689 
132 234 234 234 330 330 406 406 498 498 
126 203 
55 55 379 379 379 642 
12 12 12 15 15 16 553 
203 203 425 425 554 617 617 617 648 
16 
375 375 375 388 388 
91 91 91 569 
72 257 257 440 
90 90 632 632 734 
232 232 232 
232 668 728 728 
126 126 126 126 311 311 579 579 579 579 
203 631 
5 5 140 221 221 281 307 307 307 307 716 716 
155 379 379 696 739 739 739 
274 445 755 755 755 755 755 
591 601 601 601 
570 570 570 712 712 712 739 
95 95 484 484 484 
71 71 203 203 203 625 634 696 696 696 696 696 
429 
5 5 5 20 20 36 36 66 66 102 102 352 352 352 663 663 682 
225 
135 135 135 135 173 
667 
95 129 129 203 230 230 283 283 283 342 342 726 726 726 
424 473 
222 
4 76 76 76 190 190 190 205 312 312 657 739 739 739 
221 221 221 221 758 758 758 764 
17 17 278 522 522 
5 5 635 
299 363 373 373 
601 601 601 
134 239 239 
304 314 314 575 
460 460 460 546 


558 558 558 739 
633 633 633 
39 261 
198 665 665 665 
224 341 341 341 341 
180 180 180 180 511 511 739 739 739 
693 693 
633 633 677 677 677 
48 48 48 48 323 
81 81 81 729 729 729 
33 33 33 686 686 755 755 755 
119 250 250 250 296 296 400 473 473 621 
377 377 431 431 431 431 555 555 648 648 
498 
117 175 175 175 175 
26 26 26 114 114 222 222 222 226 303 303 303 342 342 478 478 508 508 566 566 652 675 
16 394 553 553 
64 64 499 701 701 701 
116 116 116 425 425 425 425 
35 36 36 36 278 278 
62 62 62 81 81 251 251 251 343 343 
287 
81 81 81 179 
81 81 316 316 

224 224 531 531 531 531 
545 545 545 545 545 
381 662 662 662 733 733 
5 348 
600 600 614 614 614 626 626 747 
17 17 81 695 
61 100 546 546 
104 389 
67 67 116 116 213 213 
601 677 677 677 
5 53 79 79 155 155 155 156 340 
43 43 43 733 733 
657 657 657 
5 5 5 537 537 767 767 767 
221 514 514 589 633 633 
720 720 720 
258 
141 241 
38 38 246 
583 
496 
46 46 160 
150 410 410 410 
159 159 
266 266 
156 156 
95 95 95 341 341 

5 5 5 17 17 344 344 
203 
629 739 739 739 
123 123 123 354 354 
63 292 292 

77 77 77 352 
78 296 400 424 424 
761 761 
487 
60 60 60 278 278 278 291 633 633 
522 
428 428 595 595 
60 60 
532 617 
23 501 501 501 501 

341 341 752 
5 5 5 29 29 29 29 55 55 55 392 392 392 605 
16 626 626 626 724 724 
109 203 203 203 312 312 312 715 
475 
5 5 5 78 240 240 676 
175 175 175 175 175 289 
125 125 125 330 496 702 
74 74 74 74 605 605 
16 709 
14 298 298 298 619 739 
657 719 719 
693 693 693 695 695 695 
125 125 171 171 458 490 
349 349 349 664 664 695 695 695 
213 213 213 373 373 426 
64 430 
83 638 
203 203 203 203 230 481 481 481 481 603 603 722 
75 75 667 
24 24 24 56 
5 176 213 213 595 595 595 
16 135 135 296 296 326 326 326 
5 5 27 124 144 144 144 251 251 251 
127 693 693 695 695 
243 243 428 428 566 566 
281 
98 98 366 366 366 725 725 
418 418 669 669 669 669 739 
113 342 747 747 747 747 
703 703 703 716 
452 452 596 596 
67 521 521 
32 308 
62 62 62 62 742 742 742 742 
342 342 342 536 638 638 
285 285 

22 515 515 
36 257 278 404 404 477 
145 145 145 
200 200 200 696 
140 140 
41 753 
354 354 
163 163 163 163 163 563 563 563 669 669 
105 257 257 701 701 705 705 727 727 727 
363 363 576 763 
210 210 438 438 438 438 540 540 540 540 
480 696 717 717 739 739 739 
5 5 5 31 31 
116 116 116 146 765 765 765 765 
756 756 756 
312 518 
5 5 451 451 719 719 719 737 737 737 737 
588 588 
203 203 363 363 363 363 363 629 
26 203 531 531 531 531 541 570 570 
540 
275 275 593 738 
197 544 
107 107 203 227 341 341 543 
213 213 213 439 439 439 439 439 643 
410 444 444 643 
16 16 89 89 333 333 563 573 702 702 
16 16 16 269 284 284 289 321 739 
306 
29 73 561 741 
65 65 286 286 286 637 637 637 
8 8 8 8 129 625 
16 221 376 429 429 
377 697 697 697 
425 425 
29 29 35 96 
622 622 650 739 739 739 739 767 
413 413 413 632 632 
219 219 227 227 
47 307 307 307 
16 16 16 162 162 162 255 281 281 550 569 
661 661 676 
186 268 268 268 268 528 528 528 547 
613 613 
122 122 763 
428 428 508 508 599 599 
5 
26 148 356 356 356 
16 29 29 29 35 57 70 70 91 91 91 361 380 561 670 670 670 
203 203 391 391 391 540 540 574 574 574 
81 
324 324 324 708 
333 333 547 
570 570 570 739 739 
314 314 409 
363 363 530 
196 322 322 332 332 
157 341 
21 311 385 385 385 385 
52 239 239 757 
101 134 134 158 158 
9 124 124 126 126 739 739 739 764 764 
75 75 75 75 75 457 667 667 739 739 739 
165 165 165 165 294 294 294 636 
316 316 343 761 761 
5 5 589 
658 658 
323 538 538 635 658 
92 246 246 452 586 633 
156 239 280 280 
347 390 
203 
213 225 225 542 
239 
211 211 211 211 213 213 213 330 330 478 478 504 504 504 699 
219 219 312 366 366 514 514 
79 

10 10 81 81 206 206 566 566 661 661 
16 16 54 54 442 442 
16 16 49 49 85 85 245 245 330 330 390 390 390 407 407 407 447 613 647 647 660 664 730 
647 660 
196 196 501 501 722 722 722 
307 307 
484 491 491 
141 241 
29 29 29 29 62 62 62 81 81 
649 649 
338 338 
298 686 686 745 745 755 
16 16 16 246 246 246 281 281 281 281 

7 7 7 49 49 85 564 564 601 746 746 
442 442 442 759 759 
43 43 
158 158 
377 377 377 480 648 
81 81 81 81 99 261 261 
319 493 671 745 
141 141 141 141 213 213 
119 424 
154 154 350 557 557 642 642 642 739 739 743 743 
5 5 5 
35 35 35 
28 28 393 552 
16 16 21 258 258 333 333 333 442 442 485 485 485 
96 347 

468 539 
203 203 
194 194 386 
236 382 382 558 558 739 741 
3 3 3 16 16 16 89 92 261 261 278 278 278 281 333 333 336 414 414 414 420 420 452 452 476 476 589 655 708 708 708 
70 71 71 71 164 393 
5 5 5 115 115 115 255 405 588 759 759 
294 294 584 
551 551 551 
280 280 280 500 518 518 
162 162 162 162 254 254 667 
122 122 122 122 122 662 

298 375 622 622 622 739 739 
341 342 545 546 667 667 704 704 732 732 
203 203 
746 746 
213 751 751 751 
63 601 601 602 
262 290 290 377 425 425 617 
10 10 10 14 241 241 241 257 257 257 257 608 608 
557 739 
5 5 5 
428 754 
342 342 
5 118 118 118 118 147 147 147 370 679 
261 261 261 633 
273 308 760 760 
190 402 450 450 450 494 
323 371 587 587 588 674 690 690 

601 602 
206 206 562 562 599 599 
440 440 440 640 733 733 733 
5 5 5 395 395 
198 198 198 497 497 601 695 
19 19 19 19 368 368 416 416 416 
51 197 
75 149 149 175 189 189 342 398 502 583 583 639 643 643 739 739 762 
108 108 108 384 
511 511 511 511 528 528 
569 569 569 
619 694 694 694 
143 143 143 143 
76 
193 193 193 658 
114 114 226 226 226 269 269 269 428 
26 26 206 206 206 206 240 240 240 488 562 
117 117 192 192 192 192 271 420 420 420 447 447 447 726 
733 733 756 
94 94 99 99 184 256 256 654 
83 83 83 
30 203 
5 5 5 395 
117 117 
706 
739 
251 251 298 298 298 423 423 610 610 
292 292 292 292 737 737 739 739 
82 82 181 181 181 181 265 265 717 739 739 739 
24 372 372 372 
371 371 658 658 
294 309 309 309 345 
298 739 
419 419 495 495 495 507 507 
363 671 671 671 745 745 
349 443 495 495 495 497 497 497 507 507 664 
118 388 393 393 393 393 393 524 532 717 739 739 739 
554 554 554 
725 
176 176 176 176 595 
5 5 115 115 115 179 292 
113 113 430 430 430 529 529 
16 490 547 547 
92 92 166 513 513 513 
103 103 103 130 130 130 177 177 342 643 643 
10 252 285 529 529 
684 
23 23 
138 248 248 248 324 329 329 572 633 633 633 733 733 733 749 749 756 756 
16 16 492 
159 159 233 354 354 
50 312 
26 266 266 391 391 391 
179 179 179 179 239 239 239 242 242 242 321 321 321 321 

98 98 98 203 203 203 301 301 366 486 
70 70 70 92 92 99 140 291 291 387 387 513 
200 532 532 688 696 
222 222 285 285 756 
5 5 5 17 213 213 213 222 222 222 367 367 367 494 494 537 537 537 
165 453 453 453 
10 10 10 10 137 137 137 739 739 739 
501 603 603 603 
203 301 301 301 
485 485 
267 510 510 698 
95 95 399 399 399 677 
529 529 529 
384 384 
81 422 422 422 
601 
295 295 
643 643 763 763 
37 37 110 110 339 440 440 449 449 662 662 662 678 678 708 708 708 749 753 753 753 756 756 756 
382 
207 

537 537 537 537 687 687 739 739 
225 542 
5 5 10 10 14 16 16 24 24 68 68 80 80 80 90 90 108 108 149 151 151 152 160 160 160 160 177 177 180 185 185 190 190 190 236 236 237 237 241 241 241 258 265 265 274 274 274 292 292 292 298 298 312 312 315 342 366 366 388 388 388 391 402 402 402 413 418 418 418 468 468 468 493 511 532 532 532 548 557 557 557 557 574 574 582 582 582 583 583 583 622 622 632 642 642 650 667 667 685 687 687 688 688 688 692 696 696 696 721 721 721 737 737 745 748 751 
35 278 278 
7 16 16 35 35 73 142 202 202 214 327 327 550 632 
367 517 517 517 517 
622 622 
362 362 
181 181 236 236 236 236 236 241 241 610 610 619 694 694 739 
613 613 645 645 
442 512 512 512 512 
137 137 190 739 
708 708 733 753 
65 76 76 224 224 
646 646 646 739 
201 216 216 341 341 483 
526 733 733 733 749 
342 652 
389 389 389 389 389 423 423 423 610 
150 150 150 187 187 271 271 271 324 535 535 535 678 708 708 718 733 733 733 
239 239 242 580 759 759 759 
221 221 221 221 224 403 403 403 
5 5 614 614 635 635 757 757 757 
213 250 250 250 334 334 656 656 
474 474 585 585 
342 667 
530 565 732 732 
403 582 582 
534 534 534 534 
64 
241 451 451 451 557 
