nodes: 768 edges: 2324
5 5 5 
64 64 64 64 313 313 313 
65 65 65 117 117 282 
89 141 141 633 
203 247 247 357 
0 0 0 6 6 6 40 53 55 55 59 59 79 79 99 99 101 101 118 144 144 147 147 147 163 163 174 188 194 210 210 210 221 221 239 239 239 240 240 272 272 292 292 292 307 307 340 340 348 348 365 367 367 370 387 387 395 395 405 441 448 448 451 451 466 484 484 484 488 504 504 506 506 533 537 567 567 567 586 623 623 623 635 635 635 635 651 651 654 663 663 682 682 682 700 719 719 739 739 739 739 759 759 
5 5 5 161 
49 49 49 49 550 613 613 613 613 741 
81 81 177 343 552 552 552 763 
124 124 582 
81 81 81 105 105 121 121 121 224 224 224 252 257 257 265 274 274 312 472 472 472 529 529 599 599 649 649 649 705 705 721 721 721 739 739 739 

16 35 35 376 376 

493 493 649 739 
296 376 376 550 
12 35 35 35 35 57 173 198 214 214 278 296 296 296 333 333 333 376 376 376 442 442 492 505 547 548 548 548 548 561 569 569 600 600 601 601 601 611 626 626 629 633 633 633 702 709 739 739 739 741 741 
443 466 
34 550 550 
665 665 665 
352 395 395 395 395 
128 579 
53 53 53 53 67 67 521 521 521 
218 218 218 218 218 262 262 481 501 501 707 707 707 
190 312 312 503 739 
123 123 
41 111 111 111 148 203 203 266 266 311 311 311 385 385 385 428 428 428 474 540 568 667 676 676 712 712 
30 203 
203 301 301 625 
73 73 484 484 550 556 569 569 569 569 607 607 607 
27 203 203 290 290 290 609 609 681 
533 533 
308 308 615 
207 207 207 423 
18 142 
12 12 16 16 16 16 273 278 278 278 327 327 327 432 556 569 569 569 645 645 645 741 
352 395 395 395 432 472 522 
110 733 733 733 733 
172 298 298 309 
261 261 261 355 415 415 415 
5 118 118 
26 342 342 526 
323 323 323 
316 449 449 449 585 585 615 615 615 
337 337 337 
253 253 
459 459 545 
171 213 271 307 307 307 560 560 560 736 
304 304 304 304 421 421 588 588 658 
7 7 7 7 613 613 
312 312 312 711 711 
203 666 666 666 
457 
5 22 22 22 22 79 99 99 99 99 99 448 

5 5 272 272 375 484 484 484 
64 86 86 86 156 156 239 242 255 503 
16 569 569 
199 199 199 238 
5 5 
106 106 156 156 476 476 476 479 479 
444 
433 433 517 517 599 607 607 607 
118 366 
1 1 1 1 56 156 156 430 430 430 430 499 499 766 
2 2 2 117 117 131 
352 704 
22 22 159 159 213 213 213 260 260 305 305 354 354 397 397 397 446 446 446 515 521 
108 108 653 739 
98 157 157 341 341 341 
307 569 569 569 569 716 716 
393 634 
257 381 381 
29 29 214 297 297 297 460 460 460 460 460 741 741 
84 299 491 491 491 491 
297 502 583 583 583 667 
133 133 133 402 750 750 
352 352 472 472 472 472 
473 473 488 
5 5 53 239 239 448 597 
350 350 350 622 622 739 
8 8 10 10 10 136 136 170 195 206 206 257 257 300 312 312 343 343 343 422 422 433 433 433 435 435 571 599 599 618 729 
688 688 688 
117 224 224 228 342 342 417 417 500 500 680 680 680 
74 
613 
56 56 56 248 248 
284 284 284 
124 282 342 
3 547 547 547 547 547 633 
280 382 382 382 382 739 739 
380 380 
589 633 703 716 716 716 
279 279 
184 184 184 203 203 212 253 253 
129 129 392 392 392 392 399 464 464 464 464 464 726 726 
189 189 189 189 556 556 556 556 667 667 
653 759 
69 510 510 715 
5 5 53 53 53 53 53 618 618 618 618 679 

5 5 
395 395 
342 342 704 704 704 
299 445 
10 10 529 
60 60 156 476 
544 544 
68 68 312 312 312 668 668 739 
356 356 356 486 486 
37 339 339 339 339 733 
26 26 26 157 203 
307 
257 701 
342 675 675 675 
213 213 213 635 635 700 700 700 
213 213 446 446 446 534 
2 2 65 65 83 224 342 342 427 628 628 677 683 750 
5 40 40 63 194 216 216 348 348 370 654 654 654 696 
243 424 621 

10 10 10 203 203 205 205 205 205 
565 565 
25 25 354 354 469 
9 9 88 344 507 582 582 
490 496 496 
374 385 385 385 582 582 

21 148 614 
95 95 190 190 190 203 203 203 203 399 552 
512 512 
65 286 

76 76 76 
158 158 158 581 616 616 
326 326 326 326 397 397 397 505 663 
81 81 228 228 274 274 
721 748 748 
313 682 708 708 
739 739 739 
387 387 525 716 716 
3 3 179 179 179 455 455 455 606 606 606 606 620 620 620 620 
34 741 741 741 
222 222 672 672 672 
5 5 163 163 163 506 506 
523 523 
207 207 534 534 534 534 
5 5 5 654 654 
26 128 568 
667 739 739 
214 739 756 756 756 756 
221 221 739 739 
739 739 739 
317 317 317 

340 340 388 448 448 448 739 
56 56 60 60 64 64 106 239 239 280 280 448 460 463 590 590 590 
69 69 111 203 203 263 341 341 578 750 
134 134 134 581 581 581 616 616 725 
67 67 238 304 304 354 354 409 461 710 
184 459 739 739 739 
6 201 201 201 201 278 
254 561 561 639 639 
5 5 144 144 144 213 353 528 528 528 528 
393 634 634 
294 584 584 584 584 720 
171 171 171 171 
191 191 191 191 247 247 262 262 341 654 
176 176 176 176 537 
320 566 566 
81 283 283 435 435 571 
47 166 166 166 166 496 496 
38 294 
16 397 
5 
292 292 427 427 427 489 489 489 489 667 667 
168 168 168 168 504 699 699 699 699 699 
8 704 754 
208 247 357 357 
141 141 141 239 239 367 435 713 713 713 
418 607 739 739 
271 271 271 271 688 688 688 745 745 745 

343 343 
94 94 94 160 256 256 
739 

756 756 
5 272 272 272 272 272 
96 96 96 96 398 
24 129 129 129 402 402 402 657 657 739 739 739 739 748 
167 167 167 167 
677 677 677 677 677 
674 674 674 
5 118 210 210 631 631 631 631 
81 312 
203 203 445 603 603 603 603 603 
203 203 294 543 
16 416 664 664 664 
58 58 58 
524 717 
161 161 161 161 752 752 752 752 
741 
4 26 26 27 28 30 30 51 94 94 111 121 121 129 129 129 129 157 157 196 196 197 197 218 253 253 262 262 264 266 290 290 301 337 341 341 341 342 342 342 374 374 377 393 399 423 467 486 486 501 501 501 540 540 540 541 544 544 570 570 577 577 592 592 592 631 644 644 648 648 648 666 715 715 715 723 723 723 
275 542 542 
121 121 121 121 402 
81 81 240 599 661 676 676 
33 33 33 146 146 633 655 
178 357 357 357 357 
246 246 337 
5 5 5 194 194 531 531 
335 335 335 464 595 595 
94 253 
47 67 67 67 115 115 115 116 116 163 222 222 273 273 299 299 299 353 353 446 446 498 504 534 545 545 545 545 593 593 595 595 595 620 646 646 719 719 760 
16 16 73 150 741 741 
607 656 
118 118 752 
282 282 290 
23 23 23 23 23 203 262 262 501 501 
559 559 559 596 
324 324 459 
5 5 151 151 387 387 387 403 403 452 736 758 758 758 
143 143 213 213 401 428 428 718 719 
255 255 
10 10 10 83 83 117 417 438 438 750 750 758 
275 275 396 738 738 738 
675 
366 366 366 544 559 596 596 
83 136 136 
284 284 
288 288 295 295 399 399 501 570 
264 
383 383 383 

595 
305 305 
632 745 745 745 
739 739 
58 159 
5 5 5 56 79 79 156 156 179 179 408 408 509 590 590 594 594 713 713 757 
5 5 206 488 488 676 676 676 
312 312 455 606 618 649 649 649 649 739 739 739 745 745 745 767 
56 503 757 
119 331 428 428 508 508 652 
716 

209 209 337 342 411 411 411 414 456 456 589 589 611 611 611 
4 4 167 167 178 341 341 341 
86 86 420 420 420 447 708 708 

358 760 760 760 
433 433 433 433 433 506 686 686 
10 
45 45 94 94 203 203 212 377 554 
162 489 489 639 667 
56 223 223 
184 184 679 679 
10 10 72 81 81 113 381 522 529 529 649 649 649 
318 626 626 626 739 739 
278 
67 67 364 364 364 364 
39 39 39 302 333 355 355 618 618 618 618 618 633 655 655 655 
23 23 167 167 203 203 218 218 648 648 
157 
203 231 
10 661 688 
26 26 203 568 568 712 
366 366 725 
298 560 563 
284 548 675 675 675 675 
332 332 332 
47 181 181 181 181 535 756 756 756 756 
5 5 55 55 188 188 188 188 188 
35 213 213 760 760 
10 10 136 136 389 739 739 
204 225 225 542 
718 718 
346 
16 35 35 35 161 259 287 404 432 434 434 434 476 476 476 477 522 522 633 633 633 740 
93 93 
90 156 156 590 590 638 
509 561 561 561 561 611 611 633 633 
2 88 217 217 
170 170 
87 87 87 229 229 269 548 
385 519 519 
131 335 335 341 341 341 464 464 464 
278 718 
230 230 

30 30 30 203 203 217 648 
476 
5 5 5 175 175 366 366 370 370 687 687 687 739 739 
754 
165 172 197 309 584 584 584 691 
230 230 342 342 731 
15 16 16 16 326 326 347 347 376 424 424 487 505 
73 73 73 75 
38 38 268 493 493 493 493 610 636 636 642 671 671 686 686 686 692 692 739 739 
74 104 213 213 213 353 363 406 406 406 
81 422 
28 28 203 715 723 723 
261 
428 428 428 428 
48 48 48 48 159 159 323 323 323 323 323 
67 67 235 235 446 
323 
5 5 47 47 47 70 112 387 387 560 604 
32 32 516 516 
38 294 691 691 
607 
26 26 26 385 385 385 385 579 579 
10 24 24 50 50 50 81 81 108 108 108 195 241 241 342 342 402 402 486 486 486 486 596 711 739 739 739 
1 1 1 138 
575 575 
704 739 
43 343 343 436 436 
153 153 153 
258 354 
707 707 
169 508 
333 548 713 713 
577 577 577 630 
42 42 42 304 304 304 304 304 306 421 421 588 
220 220 572 572 572 572 708 756 756 
708 
135 135 135 135 296 296 505 505 
35 35 35 741 

708 
373 373 373 595 595 595 595 601 601 
243 428 428 
270 270 270 577 577 577 
16 16 16 261 321 364 364 547 626 633 633 658 
760 760 760 
211 211 211 286 286 
452 633 633 633 
44 44 44 203 209 246 342 342 
609 
110 110 110 110 733 
5 5 155 155 448 448 
69 69 69 157 157 167 203 203 203 247 247 247 286 286 286 417 417 417 417 417 464 464 483 544 544 643 684 684 684 706 720 720 752 752 
41 41 83 83 88 103 103 114 117 117 203 203 203 246 295 295 312 312 337 337 428 428 465 465 465 518 539 539 667 667 704 704 704 731 731 739 739 739 762 
8 81 81 81 183 183 316 316 433 433 585 640 640 
124 466 466 
691 691 
277 
296 296 627 
5 5 118 118 441 441 
497 497 507 695 
80 80 80 622 

20 36 66 77 77 395 432 432 432 
163 213 213 299 
67 67 123 123 159 159 318 360 469 469 469 527 527 
39 261 261 618 
109 109 109 568 568 568 568 568 
4 178 178 208 208 208 208 
250 
461 461 
354 
569 569 569 
744 744 744 
299 406 406 406 498 498 539 539 576 576 
260 260 260 260 333 333 
5 
63 227 227 227 267 267 292 292 510 510 596 725 725 725 739 739 751 751 
5 5 179 719 742 742 742 
665 665 
648 648 
5 118 292 292 654 
658 658 690 
548 548 689 
330 330 330 406 406 406 498 498 498 595 595 
126 203 203 
55 379 379 379 379 642 
12 12 15 15 16 16 16 296 553 553 553 553 
203 253 425 554 554 697 

375 375 375 375 388 
91 91 
72 72 257 
90 90 90 90 632 632 701 734 734 734 734 
232 232 232 
728 
26 26 26 126 126 126 285 311 311 311 311 579 579 

5 5 140 140 221 221 221 307 307 716 716 
155 379 739 739 
274 445 755 755 755 755 
591 601 601 601 701 
570 570 570 570 570 712 712 739 739 
95 95 95 95 484 484 484 484 
71 164 203 625 634 696 
429 429 
5 5 20 20 20 20 36 36 36 102 102 352 663 663 663 682 682 682 
225 
67 67 67 135 135 135 173 582 
189 
95 129 203 230 230 726 726 726 
473 
222 
76 190 190 190 205 312 312 450 657 739 
221 221 758 758 
278 430 430 430 430 
5 635 
299 299 299 363 363 363 373 373 373 
601 601 
239 239 
159 575 575 575 
460 546 
246 246 246 455 455 455 

558 558 558 558 739 739 
246 
39 39 39 
198 665 665 
83 83 224 341 341 341 341 341 
180 511 739 739 739 
693 693 693 
248 248 248 633 633 677 708 708 
48 48 323 323 
81 81 300 475 475 475 475 475 599 729 729 
33 203 686 686 686 755 755 755 
119 296 296 473 473 621 
377 431 431 431 431 431 555 555 555 648 648 648 
498 
117 175 175 175 
26 26 26 222 222 243 243 303 303 303 303 331 331 342 342 478 508 566 652 675 689 689 
394 394 553 553 
64 64 64 64 404 404 404 404 701 701 701 
425 425 425 425 425 
35 36 278 352 352 352 
62 62 81 81 81 251 251 251 251 251 343 343 
278 278 278 
81 81 170 170 179 
316 316 
582 
224 224 531 531 531 531 531 
545 545 612 
521 662 733 733 733 
5 348 348 
16 16 590 590 600 600 614 614 614 626 626 747 
17 695 
61 546 643 643 721 721 721 
104 196 389 743 
67 67 67 116 116 116 213 213 305 
248 677 677 677 
5 5 53 79 155 155 155 156 340 340 
43 43 43 526 733 733 
402 657 
5 5 537 767 767 767 
221 336 633 633 
720 720 720 

141 141 141 241 411 411 411 
246 246 
52 583 
496 
46 46 160 220 545 
73 73 73 73 73 156 410 
159 359 359 710 710 

156 472 
95 95 95 95 95 211 286 286 286 341 341 
342 342 342 
5 17 344 344 
203 
606 629 739 739 739 739 739 
123 354 354 354 


10 10 10 36 77 77 77 77 463 
78 78 400 424 424 
26 761 
422 422 422 422 422 487 487 487 
60 60 60 106 278 278 278 291 633 633 
278 
428 595 595 595 595 
60 60 
532 532 617 617 617 617 617 
23 501 501 501 501 501 

341 752 
5 5 5 29 29 55 55 55 392 392 392 392 605 605 
724 
109 109 203 203 312 312 312 312 715 
296 475 475 475 654 
5 78 240 240 
175 175 175 175 254 254 639 639 
125 496 
74 74 74 74 
16 709 
14 14 298 298 298 298 739 739 
719 719 
507 693 693 693 
125 125 171 171 458 490 597 597 597 
349 349 601 664 695 695 
213 363 363 373 373 373 426 
64 64 
83 83 638 
23 23 203 203 203 218 218 230 481 481 481 481 481 603 
75 667 667 667 
24 56 242 
5 5 176 213 595 595 595 
16 135 296 326 326 
5 5 144 144 251 
124 349 495 693 
243 243 320 428 566 566 
239 281 
98 98 366 366 725 725 725 
418 669 669 669 739 
130 130 747 747 747 747 
703 703 703 716 716 

67 521 
308 308 638 638 
62 62 742 742 
342 638 638 638 638 638 
285 285 705 
539 
22 22 22 67 440 515 
36 257 278 278 
145 145 
200 696 696 696 
140 716 
41 449 748 753 
354 354 
163 163 163 163 563 669 669 669 
10 10 105 257 257 649 701 705 705 705 
576 763 763 
210 210 438 438 438 438 438 540 540 
480 480 696 717 739 739 
5 31 31 
116 146 146 146 146 213 733 765 765 
271 756 756 756 

5 168 451 737 737 737 737 737 
563 588 588 588 633 
342 342 363 363 520 
26 203 203 203 531 531 541 570 570 570 
203 540 
204 204 275 593 593 738 
197 544 544 
107 107 203 203 227 341 341 543 543 
46 213 213 213 213 439 439 459 643 643 
410 444 
16 89 89 89 89 89 333 563 573 573 702 
16 16 16 16 269 284 321 372 372 739 

7 15 18 18 29 741 741 741 
637 637 637 637 
8 8 8 129 625 
376 376 376 376 429 429 
253 377 377 697 697 
425 425 425 648 
29 35 96 96 96 96 
650 739 739 739 739 
413 413 413 413 632 
219 219 219 227 
47 47 47 268 307 
16 162 162 281 281 281 281 569 611 
599 661 661 661 
268 528 538 547 
613 
122 122 
169 169 428 508 508 599 599 
5 5 5 
26 148 266 266 356 356 356 356 356 
16 16 29 29 29 29 35 35 35 57 57 70 70 70 70 361 361 361 561 
203 203 230 391 391 391 391 391 540 540 540 574 574 574 574 
81 170 
324 324 324 324 
547 547 
570 570 570 570 739 739 
314 314 409 409 409 
363 363 530 
203 203 322 322 322 332 332 332 
157 706 
21 311 311 385 385 
757 
134 158 158 158 
9 124 124 126 126 397 437 739 739 739 764 
75 75 75 457 667 667 667 739 739 
165 165 165 165 294 294 294 636 636 
43 43 343 
5 
658 658 658 
48 48 323 538 538 538 635 658 
92 246 246 
156 156 156 239 239 280 280 442 442 626 
390 601 
203 203 203 
213 213 542 542 
239 239 
211 211 213 213 213 234 330 330 330 330 373 373 478 478 478 478 504 504 504 
219 227 227 312 366 719 725 725 725 
79 496 496 496 
624 624 624 
10 10 62 81 81 206 422 562 566 566 661 
16 16 442 442 
16 16 16 330 330 390 390 390 407 407 497 591 647 647 660 664 664 695 730 
660 660 
196 196 196 196 196 501 722 
307 
484 484 
141 141 141 141 241 468 
29 29 29 62 62 62 180 215 310 

30 30 338 705 705 
298 745 745 745 745 
16 246 246 246 281 281 561 
439 
7 7 7 7 49 49 85 564 746 
128 442 442 442 759 759 759 
32 43 43 43 
134 134 158 158 
480 480 480 480 480 648 
81 99 99 99 99 241 261 261 261 261 261 355 

141 141 141 141 213 
119 424 
80 80 350 642 739 743 743 743 743 743 
5 5 5 
598 598 598 
28 393 552 
16 16 258 258 258 333 442 442 590 
347 
117 117 
16 468 
322 
194 194 194 194 203 
236 382 382 558 739 
3 16 16 16 89 92 207 261 278 278 278 281 281 333 333 336 336 336 420 420 452 452 476 476 538 655 655 708 708 708 
71 164 164 393 
5 5 5 5 115 115 405 588 759 759 
298 298 584 584 
551 551 551 551 
280 500 516 516 518 518 518 518 518 
162 162 254 489 489 667 
343 343 662 662 

298 375 622 739 
341 444 444 545 545 667 667 704 704 704 
203 203 
35 35 35 741 741 746 746 
213 213 659 751 751 751 
601 601 730 
203 203 203 262 262 290 369 369 425 425 425 555 617 
10 10 10 14 241 241 241 241 257 257 257 529 
557 739 
5 5 
243 428 754 
68 97 
5 118 118 118 147 147 167 370 487 679 
207 261 261 261 633 633 
215 760 760 
190 190 402 450 
48 333 371 371 587 587 587 588 674 690 
646 
601 602 602 
206 265 562 562 562 599 
440 640 640 733 
5 5 135 395 395 395 
198 198 198 497 601 601 695 
19 19 19 368 368 416 416 
51 51 51 203 
26 75 96 96 149 175 175 254 342 342 502 502 502 583 583 583 639 643 643 739 739 739 
108 108 
511 511 511 528 528 528 

298 298 694 694 694 
143 143 143 

193 193 193 658 
114 114 114 226 269 269 269 269 428 
26 26 206 206 240 240 240 
117 192 192 192 192 192 420 447 447 447 
733 733 756 
99 256 256 654 
83 83 83 
30 
5 5 5 138 395 395 395 
117 
341 341 341 706 706 
739 739 739 739 739 
251 251 298 298 298 423 423 423 
292 292 292 737 737 739 739 
82 82 82 181 181 181 265 717 717 739 739 
372 428 428 754 
371 658 
294 309 309 345 345 
298 298 739 739 
419 419 419 495 495 495 507 
671 671 671 745 745 745 
349 443 497 497 601 664 
118 393 524 524 524 532 717 739 739 739 
377 554 554 

176 176 176 176 176 
5 115 115 115 
113 382 390 430 430 430 529 
16 547 
92 513 513 513 716 716 
66 103 103 103 177 315 342 342 342 643 643 643 
10 10 519 529 529 529 609 609 
341 578 684 684 
23 23 23 319 319 
138 138 248 248 324 325 329 420 420 633 633 633 733 749 756 756 
16 492 
159 461 461 
50 50 312 
26 26 266 391 391 
179 179 179 239 239 321 321 

98 203 203 203 301 486 
70 70 92 92 92 140 140 244 387 387 513 513 525 703 703 
200 532 688 688 696 
222 276 276 287 
5 5 213 213 222 367 494 494 596 
165 341 341 453 453 453 
10 10 10 137 444 444 444 739 739 739 
603 
203 203 203 301 301 
485 
158 267 366 366 366 510 510 510 596 596 596 
95 95 399 399 399 

384 
81 422 422 
601 647 
295 342 342 
763 763 
37 37 37 37 110 339 440 440 440 449 449 534 662 678 678 708 749 753 753 756 
382 382 382 382 

47 221 
537 537 537 537 537 687 687 739 739 739 
225 225 225 542 
5 5 5 5 10 10 10 14 16 16 16 24 68 80 90 90 108 139 139 139 149 149 150 151 151 152 152 152 155 160 160 160 180 180 185 190 190 190 190 237 237 241 241 241 258 258 274 274 292 292 298 298 312 312 312 315 342 342 342 366 366 388 388 391 391 402 413 413 418 418 418 468 468 468 468 468 493 493 511 532 532 548 557 557 557 557 574 574 582 582 582 583 583 622 632 642 650 667 667 667 685 685 685 685 685 687 687 688 688 692 692 696 696 696 721 721 721 737 737 737 745 748 748 748 751 751 751 
278 
7 16 16 35 73 73 142 142 142 202 214 214 327 550 550 550 645 645 
367 367 367 517 517 
445 622 622 622 622 622 
362 362 362 
181 181 181 236 236 236 241 241 241 610 610 610 610 694 694 694 739 
613 645 645 
442 512 512 512 512 
137 137 190 526 739 739 739 
708 733 753 
76 76 117 157 224 224 
366 366 646 646 646 739 739 739 
201 201 201 201 216 341 341 483 
526 733 733 749 
177 293 652 689 
389 389 389 389 423 423 423 
150 150 150 150 187 187 271 271 271 271 324 324 535 535 535 678 708 708 733 
239 242 580 759 759 759 
221 221 221 224 403 403 
5 5 97 614 614 614 635 635 757 757 757 
213 250 250 250 273 273 334 334 334 656 656 
474 
342 
8 530 530 732 732 
582 
534 534 
64 
241 451 451 451 
