nodes: 768 edges: 1400
5 
64 64 313 313 
65 65 117 117 282 317 427 427 
141 633 
157 247 247 357 357 
0 6 59 79 99 101 101 118 144 144 163 174 174 188 188 194 213 213 239 272 272 272 307 307 307 340 370 395 405 451 451 451 466 488 488 504 504 506 537 586 635 651 700 739 759 
5 
49 49 550 613 613 
81 81 195 316 316 343 552 763 
124 
81 81 105 105 224 224 224 252 252 257 257 265 265 274 285 285 312 472 472 529 599 599 641 649 649 705 721 

16 35 376 
159 159 409 
493 493 
60 296 376 
12 35 35 35 35 57 198 214 278 278 278 296 296 296 333 378 394 429 429 442 442 485 492 505 547 547 548 548 548 553 561 569 569 569 600 601 601 601 611 611 626 633 633 633 709 739 741 741 
404 404 404 443 
34 34 
665 665 
395 395 
72 72 579 
53 53 67 232 521 
218 218 262 501 707 
503 739 
123 123 
41 111 111 111 203 203 266 266 311 385 385 428 428 428 540 540 568 568 667 676 676 676 
203 203 
625 
73 73 484 484 484 484 550 556 569 569 607 607 607 
203 290 
533 
308 308 516 
207 423 
18 18 142 
12 16 16 16 16 273 278 278 278 432 432 569 569 624 624 645 741 741 
472 
733 733 733 733 
298 456 
261 261 355 355 
118 118 118 
26 342 
323 
449 449 
246 337 

379 
106 112 271 271 560 
304 304 421 588 588 
7 7 613 
312 
203 203 203 

22 22 79 99 
600 
272 478 
64 64 86 86 106 156 239 239 242 255 255 503 503 503 
16 569 
199 203 238 238 238 
5 
15 
444 
517 517 517 599 607 
118 366 647 
1 1 56 56 223 255 430 499 
2 2 117 117 131 551 551 
352 
22 159 159 213 213 260 260 354 354 397 446 446 446 515 521 
363 739 
98 157 341 341 
307 307 569 716 716 
634 
21 21 257 
29 29 297 297 460 460 550 741 741 
84 299 
297 502 583 
133 750 
472 
473 473 488 
5 53 239 448 597 597 
241 241 379 739 739 
8 8 10 10 136 136 170 206 257 257 257 312 312 312 343 343 422 422 422 422 433 433 435 435 443 443 599 618 618 618 618 
688 
117 117 224 224 224 228 342 500 
74 
601 
56 56 248 248 248 248 
284 
342 
547 
280 660 739 
380 569 569 
589 
279 312 312 
184 212 679 
129 392 392 464 464 
556 556 627 627 667 
653 
69 366 510 
5 53 618 618 679 
444 
5 5 
395 
342 704 704 

10 10 529 
47 56 156 

668 
356 356 486 
339 
26 26 26 148 148 148 157 
47 307 
701 
342 428 428 675 675 675 
213 635 635 700 
431 431 431 446 534 534 534 
2 2 65 65 83 83 224 342 342 342 628 657 677 683 
5 40 40 40 63 216 216 
621 

203 203 205 205 205 
565 565 565 640 640 
25 25 354 354 469 
9 344 507 

385 385 385 582 582 
507 

95 190 190 203 399 399 
704 704 
65 286 286 286 

76 
616 616 
326 397 397 
81 81 
721 748 748 
313 682 
739 
525 
3 179 241 241 455 455 620 620 620 620 620 
34 741 
672 672 672 
5 5 163 506 
523 523 
207 491 534 534 

111 111 111 
288 667 739 
756 756 
739 

317 317 317 
622 
340 340 448 448 448 
56 106 239 239 448 460 460 590 
4 69 111 203 341 341 578 
725 
13 13 67 67 238 354 354 409 710 
184 342 
278 
254 561 
5 144 213 353 528 528 
393 

171 171 
191 191 262 341 341 654 
176 176 
508 508 566 
81 283 283 369 435 435 571 
166 166 496 
294 620 

5 5 
292 427 489 489 
168 168 504 699 699 
704 739 
208 208 357 
141 218 218 218 218 239 367 700 713 
418 418 607 614 
271 688 688 688 745 745 

343 343 
94 160 

563 

5 5 272 272 272 272 
398 
129 129 748 
167 167 
222 677 
674 674 
5 210 210 631 
8 
203 577 603 603 603 
203 203 203 
16 416 
58 
524 
616 667 
741 
26 26 27 27 30 51 51 51 58 121 121 129 157 196 197 197 197 218 218 253 262 262 262 266 266 266 290 290 301 301 328 328 337 341 341 342 342 342 377 377 393 399 399 423 467 486 486 501 501 501 539 539 539 540 540 570 570 577 577 631 648 666 681 715 

121 121 121 
81 240 599 661 676 676 676 
33 146 655 
178 178 357 
246 337 
194 194 531 
464 595 
94 253 
5 5 67 67 115 163 225 273 273 446 498 498 545 545 545 595 595 620 646 760 
16 

118 118 752 752 752 
290 
23 23 179 179 179 179 203 203 262 501 
559 
324 
403 403 452 553 758 758 
192 428 428 428 428 719 719 
64 255 
10 10 10 83 83 83 117 342 438 438 438 750 750 758 
213 275 396 542 542 593 593 728 738 738 
675 675 
366 
83 
284 284 284 
288 288 295 295 570 

22 383 

595 
305 
632 739 
739 
58 58 58 159 
5 56 56 79 156 156 179 590 
206 488 676 
80 80 141 141 312 606 618 649 745 745 767 
56 503 713 757 
428 508 
716 

44 209 337 342 342 411 411 411 456 611 611 611 
4 4 341 341 
86 86 86 86 420 420 708 708 
685 
358 424 424 760 
433 
10 10 
203 212 377 377 
162 639 639 667 667 
56 56 64 223 

10 10 72 81 81 81 381 381 529 529 
318 318 626 626 626 739 

67 67 364 
39 39 302 333 333 415 618 618 633 633 655 
23 167 203 203 203 218 648 


10 10 661 
26 26 203 203 203 462 
353 725 
563 563 
284 548 
286 332 332 
47 47 181 
5 5 5 55 188 188 188 188 
35 213 213 396 656 
10 389 389 739 
225 
718 718 
346 632 
16 16 16 35 35 35 161 404 432 432 434 434 476 476 633 633 
93 
90 590 590 638 
561 611 
2 
170 170 399 399 
87 229 229 229 269 
10 10 519 
131 131 131 270 335 335 341 
434 718 
149 230 230 

30 203 203 217 377 
716 
175 366 366 370 370 370 370 470 687 739 739 

172 298 309 584 
230 230 731 731 
15 16 16 16 347 376 473 487 505 
73 73 75 
38 294 493 671 671 686 686 692 
74 353 353 406 

203 203 723 
261 
428 
48 48 323 
235 352 446 446 

5 5 5 70 70 112 387 387 560 560 604 
32 32 516 656 
294 
607 
26 
10 50 81 81 81 93 93 241 342 342 402 402 486 596 
1 1 138 
409 
704 739 
8 8 343 
2 153 153 153 
258 258 354 

428 
333 
630 
42 304 421 421 588 588 
220 572 708 708 708 756 756 
708 
135 505 
741 
203 203 

373 373 490 595 601 

270 270 
16 261 261 321 573 626 633 633 633 
760 760 
286 286 
633 
44 203 209 246 342 444 
609 
110 733 
5 155 155 
69 69 157 157 167 167 203 203 247 247 286 357 357 357 357 417 464 544 544 643 684 684 706 752 752 752 
41 83 88 103 114 117 117 117 160 203 203 203 224 246 246 312 312 337 399 428 428 428 465 512 518 539 539 643 643 667 667 704 704 731 731 739 739 762 
8 81 81 183 183 316 433 585 585 585 761 
124 
691 691 
277 
296 591 627 

497 497 507 


66 305 395 432 432 472 
163 267 299 299 
67 67 123 123 159 159 318 360 360 362 527 
39 39 
109 109 568 
4 4 178 208 341 341 341 341 578 
250 359 359 
358 358 
354 354 
569 
354 744 744 
68 406 498 530 530 530 539 763 
260 

63 98 227 292 292 510 596 596 725 739 
179 719 742 
665 
170 
5 292 292 292 292 

548 689 689 689 
330 330 498 595 

379 
12 15 296 553 
203 203 253 253 290 617 697 697 
16 
46 80 375 
91 
257 257 
632 632 701 734 
232 

26 26 126 126 126 579 

307 307 

274 274 
591 601 601 
570 712 712 712 739 739 
95 95 484 484 484 484 
164 203 625 634 
16 429 429 
5 20 20 102 352 663 682 
225 273 
67 135 135 
189 667 
129 129 203 203 283 283 342 726 726 726 
473 

312 312 657 739 
221 221 
17 17 17 278 430 
5 
299 363 
601 601 

13 159 314 
460 546 
246 246 246 455 

558 739 
633 
261 
198 665 
341 
180 180 511 739 739 739 
693 
248 248 633 633 708 708 
48 323 323 
81 81 81 81 599 599 729 729 729 
33 203 686 755 
250 250 473 473 473 621 
555 555 648 

2 2 175 
26 26 26 114 114 222 222 222 222 243 303 320 342 342 342 478 478 566 689 689 
16 16 394 394 553 
64 404 499 701 
116 116 116 
35 35 278 278 352 352 
81 81 251 343 
278 278 287 
81 81 170 170 


224 224 224 531 531 
612 
521 

16 16 590 590 600 626 747 747 
17 81 81 695 695 
61 100 337 643 643 643 721 721 721 

67 67 67 116 213 305 305 
601 677 
79 155 155 155 156 
43 43 526 733 
657 657 
5 5 5 537 767 767 
221 514 514 633 
720 

141 141 411 
38 246 
583 

612 
73 73 156 156 410 
710 
266 

95 95 211 341 
342 
5 
203 
739 739 739 
123 
292 

10 10 36 77 352 
78 78 296 400 424 424 424 
761 
487 
278 278 633 

55 428 428 595 595 

532 
501 501 


29 29 29 29 392 392 392 392 605 
16 626 724 724 
109 203 203 312 715 715 
296 475 
5 5 78 240 
175 175 
330 496 
146 605 
16 
14 14 298 619 
719 719 
655 693 695 
171 490 597 
349 349 664 695 
213 213 363 373 530 
64 430 
83 
23 203 203 203 218 481 481 603 603 603 
75 667 
24 56 56 56 242 
5 5 176 
16 296 326 
5 144 
124 127 349 664 695 
169 169 243 

98 366 725 
418 669 669 739 
342 747 747 
703 
452 452 596 
67 
32 308 711 
62 62 62 742 
342 536 638 
285 

22 67 440 

145 145 
200 
140 716 
449 
354 
163 163 669 
10 105 257 257 649 701 701 
363 363 363 498 576 763 
210 438 438 540 540 
480 739 
31 
116 116 116 146 146 733 765 765 
756 756 756 
518 
5 451 719 737 737 
563 
203 203 203 342 342 363 629 
26 26 203 203 531 531 570 

225 225 593 738 
544 
341 341 543 
213 213 213 612 643 643 
410 
16 16 89 573 573 702 702 
16 16 16 269 372 739 

7 29 73 
65 65 637 
8 
16 221 376 429 
697 697 
425 425 
29 96 96 
739 767 
413 
219 
47 307 307 
16 162 281 569 569 569 

186 268 268 538 
613 613 
122 122 122 
169 428 599 599 599 

26 26 356 
16 16 16 29 29 35 35 57 70 91 91 361 561 561 561 670 670 
203 203 230 391 540 574 
170 
324 
333 547 547 
570 739 739 739 

530 
196 203 203 
157 357 
21 385 


126 126 739 
75 457 667 
294 636 
343 343 343 
5 

48 48 323 323 635 658 658 658 
92 633 
156 239 280 280 442 442 
347 390 

225 225 542 

211 213 213 234 330 373 478 478 
312 366 366 514 719 725 
79 79 496 
624 
10 10 62 81 206 422 422 566 566 566 661 
16 54 442 
16 16 16 85 330 390 390 407 407 447 613 647 647 664 664 695 730 
664 
196 196 196 501 501 501 722 722 722 
307 
484 491 
241 
29 29 29 62 180 310 

338 705 705 
686 755 
16 16 246 246 246 281 
439 459 545 
7 7 49 564 564 601 746 
180 759 

134 134 201 
377 648 
81 81 81 81 99 99 241 261 261 
493 745 
141 141 141 141 141 172 213 
119 424 
154 642 739 743 743 

35 35 598 
28 393 
16 258 258 258 333 442 485 
96 96 347 
117 
539 
322 
194 203 
236 277 382 382 739 739 
3 16 16 16 261 261 278 278 333 333 333 336 414 420 420 452 476 589 655 655 655 708 708 708 
71 393 
5 115 115 588 759 759 
584 
551 643 
280 518 
254 254 667 
122 122 
10 
622 739 739 
341 342 342 444 444 444 545 545 637 667 667 704 704 732 

35 741 741 
213 751 
63 601 601 
203 262 425 617 
10 10 241 529 

5 
754 754 
97 
167 
207 261 495 633 633 633 
273 308 760 
117 402 450 450 
588 588 588 

90 
206 265 599 
733 
395 
497 507 601 601 602 695 
19 19 368 416 
203 
26 96 149 201 254 254 342 342 398 502 583 639 643 643 739 762 762 
108 
511 511 528 
569 569 
298 298 694 694 
143 143 143 

193 193 
114 114 114 226 226 
26 26 26 206 206 206 240 
117 192 447 
733 
94 99 

203 
138 395 
117 
341 341 
249 739 
298 298 423 610 
292 737 737 
82 181 181 181 739 739 739 
372 372 372 428 428 

345 345 
298 739 739 
419 495 
671 671 
443 443 495 497 507 601 664 
717 739 
377 377 554 554 
725 
176 176 
5 115 179 
113 382 430 529 529 
547 547 
513 
103 103 130 130 177 315 342 342 643 643 
10 609 609 
341 
23 
248 248 324 324 324 325 420 420 633 633 633 733 749 749 756 
16 
159 461 
516 
391 391 391 
179 242 

203 486 486 
70 70 244 291 525 
696 
276 276 287 
222 222 367 494 494 537 596 
453 
10 137 444 444 444 739 739 
603 603 603 
301 
485 485 
158 267 366 510 596 698 
399 399 399 

225 
422 422 422 
601 
295 295 342 342 
643 763 
37 37 37 37 339 449 534 662 678 708 753 753 756 
382 


537 537 687 687 
225 225 542 
5 16 24 68 80 80 90 139 149 151 177 236 237 258 274 292 292 315 342 342 366 391 391 402 413 418 418 418 468 468 468 511 532 548 557 574 574 574 582 622 632 632 642 642 667 685 688 688 688 692 692 696 721 721 748 748 

16 16 35 35 73 73 142 202 327 645 645 
367 517 
622 622 
362 362 
181 181 241 241 619 
613 
442 442 512 512 
137 137 190 739 739 
708 708 
76 224 224 
646 
216 216 216 341 341 341 
733 733 
652 652 
423 610 
150 150 324 324 535 535 535 708 733 
242 759 
221 221 224 
5 614 635 635 757 
213 250 334 334 656 
343 474 
342 667 667 
8 363 530 732 

534 534 

241 451 451 557 
