nodes: 768 edges: 1407
5 
64 64 313 313 
65 65 117 317 427 
89 141 633 633 
247 
0 40 53 53 79 79 79 99 99 144 144 144 147 163 163 194 194 194 210 213 221 292 292 307 365 370 395 448 466 466 466 484 488 537 635 635 651 651 700 700 719 739 739 739 759 759 

49 49 613 613 741 741 
81 81 343 552 552 
314 
81 81 105 224 224 224 252 252 257 257 265 265 285 312 312 472 472 529 599 649 649 649 649 705 721 739 

16 16 35 35 35 

739 739 
296 376 
12 12 35 35 35 57 173 198 198 214 214 214 278 278 296 296 296 296 333 333 376 378 394 400 429 442 442 485 485 492 505 547 548 548 548 553 561 561 561 569 569 569 600 601 601 601 629 633 633 633 702 702 741 
404 404 443 443 443 443 466 
34 550 550 
665 
352 352 395 395 
72 128 
53 53 67 67 521 
218 501 
190 312 503 503 739 

41 41 111 148 203 203 266 311 385 428 540 568 667 676 676 712 712 
203 203 
203 203 301 301 625 
73 73 73 484 484 550 556 569 569 
290 
533 533 

207 
18 
12 12 12 16 16 16 273 278 278 278 327 432 432 556 624 624 645 645 741 741 741 
352 395 395 432 432 432 
339 339 733 733 
172 456 
261 355 415 
5 118 
26 26 
323 

246 337 346 
94 
379 459 
112 171 171 271 271 271 307 560 
304 304 421 551 588 
7 7 613 
312 312 312 711 
203 666 

5 5 22 22 99 

272 484 484 
86 106 156 242 255 503 503 
16 477 569 
199 203 203 238 238 

106 106 476 476 479 
444 
433 433 517 517 517 599 
647 
1 1 156 223 223 430 499 499 766 766 
2 2 117 117 131 551 
352 
22 22 159 159 159 213 260 260 354 354 446 446 521 
739 739 739 
157 157 341 
307 307 307 569 569 569 
634 
21 257 257 381 
29 29 29 214 297 
84 299 491 491 
583 583 583 
402 402 750 750 
352 472 472 
473 
5 5 5 239 448 448 597 597 
241 379 622 739 739 739 761 
8 8 10 10 136 136 195 206 257 257 257 312 312 312 422 422 433 436 443 443 599 729 
688 
117 117 224 224 228 417 417 417 500 
74 
601 
56 248 248 
284 
282 282 342 342 
3 547 547 
256 739 739 
380 569 
336 589 633 703 703 703 703 716 716 
279 312 
45 184 203 203 253 253 253 679 
129 392 399 464 464 464 726 
189 189 556 667 667 

366 510 510 
5 5 53 618 618 679 679 
444 

395 

299 359 445 
10 529 529 
56 60 60 156 
544 
668 668 
356 
339 
26 148 157 157 
47 307 307 

342 428 675 
213 635 700 700 
213 213 431 431 446 534 534 534 
2 65 65 83 83 342 342 342 628 628 657 677 750 750 
40 216 348 370 654 654 
621 

205 
640 640 640 
215 354 

490 


21 442 614 
95 190 190 190 203 203 399 552 
512 
65 286 286 

217 
158 581 581 581 616 
326 326 397 397 663 
81 81 274 274 
721 721 721 


387 387 
3 179 241 241 455 455 620 620 620 
741 
672 672 
5 5 5 163 

207 534 
5 654 
26 111 568 
342 667 739 739 
739 756 756 
739 
739 
317 317 

388 448 
56 64 106 239 280 463 590 590 
69 69 111 111 203 203 203 263 263 263 341 578 720 720 
134 616 725 
67 67 67 238 304 354 461 
739 
278 
639 
5 5 144 213 213 213 528 
393 393 
294 294 584 
171 171 
191 247 565 
176 473 
320 508 566 
283 
47 47 166 166 
38 294 
16 397 
639 
292 292 427 489 667 
168 504 504 504 
704 704 704 739 
357 
141 218 218 218 700 713 
418 739 739 
271 271 271 745 745 

343 343 
94 256 


756 
272 
96 96 667 
24 129 129 129 402 657 739 739 748 
167 
677 

5 5 5 210 631 631 631 
81 
203 577 
203 203 
16 16 416 601 664 664 
58 203 203 648 
524 524 524 717 717 
752 752 
741 741 741 
26 26 27 27 28 28 51 58 58 94 94 129 129 157 157 157 196 197 197 199 199 218 218 218 253 262 262 262 290 328 337 337 341 341 341 342 342 342 374 377 377 393 399 399 423 486 501 501 501 539 544 570 570 570 577 630 631 644 648 648 648 666 681 681 
542 
121 
81 240 661 676 
33 146 633 


5 194 
335 464 595 595 

5 67 115 116 116 163 163 163 299 446 446 446 498 498 504 534 593 595 595 646 719 760 
16 16 16 73 
123 
118 752 
133 282 290 
23 179 179 179 203 203 203 501 
559 596 596 
324 324 459 
5 387 452 553 758 758 758 
401 401 401 428 428 
64 64 
10 10 10 83 83 342 438 438 750 
593 593 738 
428 428 
366 366 596 
83 
284 284 
288 288 399 399 399 399 501 
264 264 
384 
710 710 
373 
305 305 
274 745 

58 58 159 
79 156 509 580 590 594 713 757 
206 488 
80 141 141 312 606 649 649 745 
56 503 
428 508 
716 
601 
44 337 337 342 589 589 611 
4 167 
86 86 708 

760 
433 433 686 
10 10 705 
94 94 94 203 377 
489 639 667 667 
56 
90 184 679 
10 10 72 72 81 81 81 381 649 
318 626 626 739 
278 278 
67 67 
39 333 333 618 633 633 655 
203 203 203 648 
157 157 157 
231 231 
10 10 688 739 
26 462 568 568 712 
366 
298 
284 548 
286 332 332 
47 47 47 181 181 181 535 677 756 756 756 
55 188 
35 
136 136 236 389 
542 
718 718 
346 632 
16 16 35 35 35 161 259 259 404 404 432 434 476 633 633 633 740 
93 312 
156 590 638 638 
611 633 633 
88 88 217 
170 
87 229 229 269 548 
10 385 519 718 
131 131 270 341 341 464 551 551 551 
434 
230 230 
548 
30 203 217 

5 5 175 175 366 370 370 370 687 687 700 
754 
165 165 172 309 309 636 
342 342 731 
15 16 16 16 16 347 347 347 376 424 424 424 487 
73 
268 493 610 636 686 686 686 687 692 739 
74 104 213 353 363 406 406 
422 422 422 
28 28 723 723 

428 428 
48 48 159 323 323 379 
235 235 352 

5 47 70 70 70 112 112 604 
516 516 
294 294 691 
607 607 
26 385 385 
10 10 24 50 50 50 81 81 81 93 241 279 342 342 402 402 486 486 486 536 
1 1 
9 409 

343 585 
2 153 153 
258 354 
707 
169 508 
548 548 713 713 

42 304 304 421 421 538 588 658 
220 220 708 
708 708 
135 135 505 505 
35 741 
203 
708 
373 373 595 595 601 601 

270 270 
16 16 261 261 547 573 626 633 633 633 658 
760 
211 
92 
44 203 203 246 246 342 

37 37 110 733 
448 
69 157 203 203 203 286 286 357 357 357 417 464 483 483 483 544 643 684 720 
88 88 114 117 117 117 149 203 203 203 224 246 295 295 312 312 337 399 428 512 518 539 643 667 667 667 704 731 731 731 754 762 
8 183 183 316 433 585 640 761 761 761 
466 466 
691 691 
44 277 
296 296 296 627 
118 441 441 
507 


20 20 36 66 77 305 395 432 472 472 
299 
67 67 123 159 318 469 710 
39 
109 568 
178 341 341 341 
359 359 
104 358 358 461 


744 744 744 744 
299 406 498 530 530 530 539 539 576 576 763 

5 
98 227 227 267 292 715 725 739 739 751 751 
719 
665 665 
648 
5 118 292 292 292 
690 
689 
234 330 330 406 595 
203 
379 642 
15 16 296 553 553 
203 203 253 425 648 697 
16 
46 80 304 375 388 
91 
72 257 
701 734 734 

232 
26 285 311 311 579 

140 140 221 716 716 
155 379 739 
274 755 755 
591 591 591 701 701 
570 570 570 739 
95 484 484 484 
164 164 203 625 
16 
5 20 20 36 36 102 352 682 

135 135 173 

95 129 203 203 230 230 230 230 342 726 
16 424 424 473 
222 222 222 
76 76 190 312 312 657 739 739 
758 
17 17 278 278 430 430 
635 635 
299 299 363 373 


314 575 
460 460 460 546 
455 455 455 

739 739 

39 521 
198 665 
83 83 83 341 
180 511 739 

677 708 
48 323 323 
81 81 300 300 300 475 729 729 
203 686 686 755 
296 296 296 400 400 621 621 
377 431 431 

2 175 
26 114 222 222 226 226 243 303 303 342 566 566 566 652 652 675 675 689 689 754 
16 553 
64 404 404 499 701 701 
116 116 425 425 
35 35 36 36 36 278 352 
62 62 81 251 251 343 
278 287 

81 
582 
224 224 
545 612 
733 
348 348 
16 16 128 590 600 600 614 614 614 626 
17 17 17 17 81 81 695 695 
61 100 546 643 721 721 
104 
67 67 116 213 213 213 
601 677 677 677 
5 79 79 155 340 

657 
537 
221 514 514 589 633 633 


141 141 411 411 411 
38 

496 496 
46 220 612 
410 410 410 
159 359 
266 
156 472 
95 95 95 211 286 341 672 

5 5 5 17 344 344 

629 739 739 739 
354 


10 10 77 77 352 352 463 
78 168 400 

422 487 487 
60 60 278 
57 
595 595 
60 
532 617 
501 

341 341 341 752 
5 29 29 55 55 392 392 392 
16 16 
203 312 312 312 715 
296 475 475 654 
5 240 676 
175 254 639 
125 
74 74 605 605 
16 
298 619 
719 
507 655 693 693 695 
458 458 
664 664 695 695 
213 213 363 
64 64 430 
83 
23 203 203 203 218 230 481 603 
667 667 
24 24 56 56 242 
176 176 176 213 595 
16 326 326 

349 495 693 
169 243 320 566 
239 
98 98 725 
418 669 739 
130 342 747 747 
703 716 
452 452 
521 521 
308 308 638 638 
62 62 62 742 742 
342 536 638 
285 

22 67 415 515 515 


200 200 200 
716 716 


163 563 563 
10 105 105 649 701 705 
363 363 363 576 763 
540 540 540 
480 696 717 739 
31 31 594 
116 116 116 146 213 733 765 765 
271 
312 518 
5 451 719 737 737 737 
323 563 588 
203 342 363 363 
26 531 531 531 541 570 
540 
204 275 593 738 
544 544 
107 203 341 543 543 
439 643 643 
410 444 643 643 
16 89 89 333 563 702 
16 16 16 269 284 289 321 321 739 

18 18 29 741 
48 65 286 286 286 586 637 637 
8 8 129 
16 221 376 376 429 
697 
648 
29 35 96 
622 622 739 

219 
47 
16 16 16 611 
599 
528 528 538 547 

167 763 
169 428 428 428 508 599 

26 148 266 266 356 
16 16 16 29 29 57 70 70 70 91 670 
203 203 203 391 391 391 540 574 574 


333 
570 570 739 
409 
363 363 530 
196 203 
157 
385 
239 757 
134 134 134 
437 739 764 
75 75 75 667 739 
165 636 636 
316 343 761 
551 589 
658 
48 323 538 635 658 658 
92 246 246 452 586 633 633 
156 156 239 280 442 
390 390 390 

213 225 225 542 
239 533 
211 211 213 213 330 330 373 478 478 504 
219 219 227 719 725 
79 79 
624 
10 62 81 562 566 
16 442 442 
16 16 16 85 198 245 330 330 447 613 613 647 647 664 695 730 
660 660 
501 
307 
491 491 
241 
310 310 

705 705 
298 745 
246 281 561 
439 459 
7 7 49 601 601 746 
128 442 442 442 

134 158 
480 648 
99 99 261 
493 745 745 
141 141 141 
119 424 424 
80 557 557 642 739 743 743 743 

35 35 598 
28 393 
258 258 333 442 
347 
117 117 
16 468 
203 
194 194 194 203 
277 
3 3 16 16 16 92 207 261 261 278 278 278 281 281 333 333 333 452 452 589 589 655 655 708 708 
71 
5 5 115 405 405 588 759 
294 298 584 584 
551 551 
280 280 516 516 518 
162 174 254 489 667 667 
122 122 122 343 662 

375 622 739 739 
341 342 444 545 545 546 546 667 667 704 704 
203 
35 35 741 741 746 
213 751 751 751 
63 601 601 730 
199 203 203 203 262 369 377 555 617 
10 10 10 10 241 241 257 529 

5 5 
428 428 

118 118 147 487 
261 495 633 633 

117 190 402 450 
323 333 587 588 588 674 690 

602 602 
206 
640 
135 
198 198 497 497 601 695 
19 368 368 416 
51 203 
26 96 96 149 175 189 254 254 342 342 342 502 502 583 639 639 643 643 739 739 
108 108 
511 
569 
694 694 
143 143 464 

658 
114 428 428 
26 26 206 488 
117 192 271 420 447 447 447 726 
733 
94 99 99 256 

203 203 
395 

341 706 706 706 
739 739 739 739 
251 298 298 298 423 423 
292 292 298 737 739 
82 265 717 739 
372 428 428 
371 658 
309 345 345 
298 739 
495 495 507 
671 671 
443 443 495 497 497 601 664 
532 739 
377 554 


5 5 115 115 179 292 
382 390 390 430 430 529 
16 16 547 
92 92 92 92 513 716 716 
177 177 177 342 643 643 
10 252 529 609 609 
684 684 684 
319 
248 324 325 325 329 420 633 633 733 733 749 756 

233 233 354 
50 
26 26 266 
179 239 321 321 

366 486 
92 92 244 387 387 513 525 525 703 703 
200 200 532 688 
276 276 285 756 
5 213 367 494 537 596 
157 157 341 
10 137 137 137 444 444 

301 301 

158 366 510 596 
95 399 677 


81 422 422 
601 647 
295 342 342 342 
763 763 
37 37 339 440 534 678 708 708 756 756 756 
382 382 


537 537 537 687 739 
225 542 
5 5 5 10 14 14 24 68 68 68 80 80 80 90 90 149 149 150 151 152 160 177 180 180 190 190 258 265 298 366 366 388 391 402 402 413 413 418 468 468 468 511 532 548 557 574 582 583 622 642 642 667 667 685 685 685 685 687 688 692 696 737 748 751 
278 
7 7 16 35 35 35 142 202 202 202 327 550 645 645 
517 517 
622 622 622 
362 362 362 362 
181 181 236 241 610 619 619 
613 645 
512 512 
190 739 
708 753 
76 76 117 117 224 
366 366 646 646 646 739 
201 201 216 483 
749 
293 342 428 
389 389 423 
150 150 187 271 271 271 708 718 733 733 733 
239 580 759 759 
221 221 221 403 
5 5 635 757 757 
213 250 334 
80 343 343 343 585 
342 
363 530 565 732 732 
582 
534 534 
64 64 

