nodes: 768 edges: 2306
5 5 5 
64 313 313 313 
65 117 282 317 
89 141 141 141 141 
157 247 247 341 341 357 357 357 357 
0 0 0 6 40 53 53 55 55 79 101 101 101 115 115 115 118 119 144 147 147 147 155 163 163 174 174 174 188 188 194 194 210 213 213 213 221 221 221 239 239 239 240 240 292 307 307 340 340 340 348 348 348 365 367 387 387 387 395 395 395 405 405 441 448 448 451 451 451 466 484 488 488 504 506 506 533 533 537 537 567 567 586 586 586 623 635 635 635 635 635 651 651 654 654 663 663 682 682 700 700 719 739 739 739 759 759 759 
5 
49 49 49 49 613 613 613 613 
316 316 316 316 343 552 552 552 552 
124 124 314 582 582 
81 81 105 121 121 224 224 224 224 252 257 265 265 274 274 274 285 312 529 529 599 649 649 649 705 705 721 721 739 739 739 

16 35 35 376 376 
159 409 409 
493 493 649 739 
60 296 296 376 550 
12 35 35 57 57 173 173 173 198 214 278 278 296 296 296 333 333 376 376 378 378 400 429 429 442 485 485 492 547 547 548 548 553 553 561 561 569 569 600 600 601 611 611 611 626 626 629 633 633 633 702 702 709 709 739 741 741 741 
443 443 466 466 719 
34 34 550 550 
665 665 665 
352 352 395 395 395 395 395 
72 128 626 
53 53 67 232 232 
218 218 262 262 481 481 501 501 707 707 707 707 
312 503 
123 123 
41 111 203 203 311 311 385 428 428 428 462 462 462 540 540 676 676 712 712 
30 30 30 
203 301 625 625 625 625 625 
73 73 73 484 484 484 556 569 569 569 607 607 607 
27 27 27 609 609 
533 
308 308 516 
207 207 423 423 
18 18 
12 12 16 16 278 278 327 327 556 556 569 569 645 740 741 741 
352 352 352 395 395 404 432 432 522 
110 339 339 733 733 733 
172 172 172 172 298 309 456 456 456 456 
261 261 355 355 415 415 415 
5 118 118 
26 342 342 526 
323 323 323 
449 449 449 585 585 615 615 615 615 615 
337 337 337 346 
94 253 
379 459 459 
112 112 112 213 271 271 307 307 560 736 
304 421 421 421 588 588 658 
7 7 7 7 601 613 613 
248 312 

457 580 
5 5 22 22 79 99 99 99 99 
600 600 
5 5 272 272 478 484 484 484 
64 64 106 156 239 239 242 503 503 503 
16 16 477 569 
199 199 199 199 203 238 
365 365 
15 106 156 476 476 476 479 479 479 
444 
433 433 433 433 517 517 599 599 607 
118 470 647 
1 56 56 223 255 430 430 430 499 499 766 766 766 766 
2 117 117 131 131 131 131 
395 395 395 
22 120 213 213 260 260 305 305 397 515 
108 108 653 739 739 
98 157 341 341 341 520 
307 307 569 569 634 716 
634 634 634 
21 257 257 381 381 381 
29 29 29 297 297 460 460 741 741 
299 491 491 491 
502 583 583 583 583 
133 133 133 402 402 750 
352 472 
473 
5 53 239 239 239 448 448 
241 350 350 350 622 739 
10 10 136 136 195 206 300 312 312 422 422 422 433 433 433 435 435 436 443 571 571 571 599 607 607 618 618 618 618 729 
688 
117 224 224 224 228 228 342 342 342 417 500 680 680 

601 613 
248 248 248 
284 284 284 
124 282 282 282 
3 547 547 547 633 
280 382 382 382 382 734 734 
380 380 569 569 751 
703 703 703 716 716 716 716 
279 279 279 
45 184 184 203 
129 129 392 392 392 399 464 464 464 726 
189 189 189 556 556 627 627 667 667 
653 
69 366 366 366 510 715 715 
53 53 53 53 618 618 618 679 679 
444 704 
5 5 5 
395 395 395 
342 704 704 
359 
10 529 529 
56 60 156 
544 544 544 
68 68 312 739 739 
356 486 
37 339 339 339 733 733 
26 148 157 157 157 
47 47 47 
257 257 701 
150 342 428 428 428 675 
5 5 5 635 635 635 700 
213 213 431 431 446 446 446 
2 65 65 83 224 342 342 628 628 628 677 683 683 
5 40 40 63 216 216 348 370 654 654 654 654 
5 424 621 621 621 
67 
10 10 203 203 203 205 205 205 205 205 
565 565 640 640 640 
25 25 215 354 354 354 469 
9 9 88 344 506 582 582 
490 496 496 
374 385 385 385 385 385 582 582 
507 
21 442 614 
95 95 190 190 190 190 190 203 203 203 203 399 552 
342 342 342 512 704 704 704 
65 65 65 65 286 
373 
76 76 76 217 
158 158 158 158 408 581 581 581 581 616 
326 326 397 397 397 505 663 
81 81 228 228 228 228 228 274 274 
721 721 748 748 
313 682 708 
739 
244 244 387 387 525 525 525 617 716 
3 3 3 3 179 179 179 241 455 606 606 606 620 620 620 
741 
222 320 672 672 672 672 
5 163 163 506 506 
523 523 
491 534 534 534 534 534 
5 5 5 654 
111 568 
342 342 342 667 667 739 739 
114 214 739 756 
221 221 739 
739 739 
317 317 
622 622 
5 340 340 340 340 340 448 448 448 
56 60 106 239 239 239 280 448 460 590 
4 69 111 111 111 203 203 203 263 263 341 341 578 578 750 
134 134 134 134 581 581 616 725 725 
13 354 409 409 409 461 461 461 710 710 
342 739 739 739 739 
201 201 278 
254 254 254 295 561 639 639 639 639 
5 5 144 144 213 213 353 528 528 
634 634 

171 171 171 171 
191 191 247 247 262 262 341 565 654 
176 176 176 537 
566 
283 283 283 283 369 435 
166 166 166 166 496 496 496 
38 38 38 38 294 
16 16 16 397 
5 5 5 
292 292 427 427 427 489 489 489 667 
168 168 168 699 699 699 699 
704 704 704 754 
208 208 
141 141 141 218 218 239 367 435 700 713 713 713 713 
418 418 418 418 614 739 739 
271 271 688 688 745 
318 
343 343 
94 94 256 256 256 679 679 679 
393 739 
563 
756 756 
5 5 272 272 
96 96 96 398 667 
129 129 129 129 129 402 402 402 739 739 739 739 739 748 748 
167 167 
677 
674 
5 5 631 
81 672 
603 603 
203 543 666 
16 351 664 664 
58 58 58 58 203 648 
524 524 
161 161 752 752 752 
609 741 
26 26 28 58 94 121 121 121 129 129 129 129 157 157 157 197 199 218 218 218 262 262 264 266 266 266 290 301 322 322 328 328 337 338 338 341 341 342 342 377 377 399 467 467 482 486 501 539 540 544 570 577 577 592 592 644 644 648 648 673 673 681 681 715 715 715 723 723 723 
542 542 542 
121 121 121 121 121 
81 661 661 661 676 676 676 
33 33 633 655 655 
178 178 357 357 357 357 
246 337 
5 531 
335 335 595 595 
253 253 253 
5 5 5 47 67 67 116 116 163 163 222 222 222 299 299 299 353 353 446 504 504 545 595 595 620 620 620 620 620 646 719 719 719 
16 150 741 
123 354 
118 118 752 752 752 
133 282 282 282 290 
23 23 179 179 203 203 203 262 262 501 501 501 
559 559 559 596 
324 324 459 
5 5 5 151 151 387 403 403 403 452 553 758 758 758 
143 213 213 213 401 428 428 718 718 719 
64 255 255 
10 10 10 10 83 83 83 117 438 438 438 438 750 750 
275 275 275 396 542 542 593 593 659 738 738 
428 675 675 
366 559 559 596 
83 83 136 136 136 136 136 
284 284 
288 288 288 288 295 399 399 399 570 
264 264 264 
22 22 383 383 383 383 
710 
373 373 
305 
274 274 739 739 745 745 745 745 
739 739 
58 369 
5 5 5 56 56 79 79 79 156 156 156 179 408 408 509 580 590 590 594 757 
5 5 676 
80 141 312 312 455 618 649 649 649 739 745 767 
56 503 503 713 757 
331 428 428 508 508 598 652 
140 140 

209 337 337 342 342 411 411 411 414 589 589 589 589 611 611 
4 4 167 167 341 
50 86 86 86 420 420 447 708 708 
685 
358 358 358 424 760 760 
433 433 506 686 686 
10 705 705 
45 212 212 212 377 
162 162 162 489 639 639 639 
64 223 223 
184 184 184 679 
10 72 72 113 113 381 522 649 649 649 649 
318 318 626 626 739 739 
278 
67 67 364 364 
39 39 302 302 302 333 355 355 415 415 415 618 618 618 633 655 655 
23 23 167 167 203 203 218 218 
157 157 
203 231 231 231 
10 10 739 739 
203 203 203 462 462 568 
366 366 725 
298 563 563 563 
548 675 675 675 675 675 
286 332 332 332 332 332 
47 47 181 181 535 756 756 756 
55 55 188 188 

10 10 10 136 136 236 236 389 
225 225 225 493 542 542 
718 
346 346 346 346 
16 16 35 35 161 259 287 404 434 434 434 476 477 633 633 633 740 740 
93 93 93 425 
90 156 590 590 590 638 
387 561 561 561 561 611 611 611 633 633 
2 88 88 88 217 217 217 
170 170 170 170 399 399 
87 87 87 229 229 289 548 548 548 
10 519 519 705 718 718 
131 270 335 335 341 464 464 551 551 551 
278 718 
230 230 230 230 
284 
203 217 648 
476 716 716 
5 175 175 366 366 370 370 370 370 687 687 700 739 
754 
172 298 309 584 584 584 691 
162 230 342 342 731 
15 15 16 16 16 326 376 376 487 487 505 505 
73 73 
38 268 294 493 493 636 636 636 642 642 686 692 739 
74 213 213 213 353 353 353 353 353 363 406 406 406 406 
81 422 422 
28 203 715 715 723 
261 261 261 

48 323 323 323 323 379 
67 67 235 446 
549 
5 5 47 47 70 70 387 560 560 604 
32 32 516 
38 294 691 
607 
26 26 385 385 385 385 579 
10 24 50 81 81 108 241 241 342 342 342 402 402 402 486 486 486 536 536 596 711 739 739 739 
1 1 1 138 
9 409 575 575 575 
704 
8 8 8 8 343 436 
2 153 153 
182 258 258 354 354 
619 707 
143 508 508 
548 713 713 713 713 
203 203 577 630 
42 42 42 304 304 304 304 421 588 658 658 658 
220 220 572 572 572 572 
708 
135 135 296 505 
35 35 741 
203 203 
708 708 708 
595 595 601 
243 428 428 
270 270 270 270 270 577 
16 16 261 547 547 547 573 626 626 633 633 
760 760 760 760 
211 211 286 286 
452 633 633 
44 44 44 203 209 246 246 342 
203 203 609 609 609 
37 37 110 110 110 
5 5 5 155 155 155 155 155 448 448 
4 4 69 69 69 157 157 167 203 203 247 286 357 357 417 464 464 483 483 544 544 578 684 706 720 720 752 752 752 
41 41 83 83 83 103 114 117 117 130 130 130 149 149 149 160 203 203 246 246 295 295 312 312 312 337 399 399 428 465 465 465 512 539 643 643 653 667 667 704 704 731 731 739 739 739 754 762 
8 183 183 316 433 585 585 640 761 
124 
691 691 691 
44 277 277 277 277 
627 627 627 627 
5 5 5 118 
497 507 695 695 
80 80 80 622 
198 368 368 
20 20 36 36 36 77 395 395 432 432 472 472 
163 213 213 299 299 299 299 299 
123 123 123 159 215 318 318 362 469 469 469 527 710 
39 39 261 261 618 
109 568 568 
4 4 4 4 208 208 208 208 341 341 578 
250 250 250 359 359 424 
104 358 358 461 461 

569 
354 744 744 744 
299 406 498 530 530 530 539 576 
260 260 
5 59 59 
98 98 98 227 267 267 292 292 470 510 510 510 510 596 596 715 725 739 751 751 751 
5 179 719 719 
351 351 665 665 665 665 
170 238 648 648 
118 292 292 292 292 654 
658 658 690 690 
548 689 689 689 
132 234 234 406 498 498 498 595 595 
126 
379 379 379 379 379 392 
12 12 15 16 16 296 296 553 553 
203 203 253 554 617 648 648 697 
16 16 
46 304 375 375 375 375 375 388 388 
91 91 569 569 
72 72 72 257 
90 90 90 90 734 734 
232 232 232 232 
728 728 728 
26 126 126 126 126 126 311 311 311 311 579 579 579 
631 
5 5 5 140 140 221 281 307 716 
379 379 739 739 
274 755 755 755 755 
591 591 591 601 601 701 
570 570 570 712 712 712 
95 95 95 375 484 484 484 484 
185 625 625 696 696 696 
429 429 
5 5 5 20 20 20 20 20 36 36 66 66 66 102 102 102 352 352 663 663 
225 
67 135 135 135 173 
189 667 
95 129 203 230 230 230 283 283 342 342 726 726 726 
16 424 424 473 473 
222 
76 76 190 190 190 312 312 312 450 657 739 
221 221 221 758 
36 278 430 430 430 522 
5 5 635 
299 299 299 299 363 373 
601 601 
134 239 239 
13 13 159 159 159 314 575 575 575 
460 460 546 546 546 
246 246 246 455 455 

558 558 558 558 739 
246 633 633 
39 39 39 261 261 261 521 
665 665 
83 341 
180 180 180 180 511 739 739 739 
693 693 
248 248 633 633 633 677 677 677 677 
48 48 48 323 
81 81 81 300 300 475 475 475 475 599 599 599 599 729 729 729 
33 33 686 686 686 755 755 755 
119 250 358 400 400 473 621 621 621 
279 431 431 431 431 555 555 555 
498 
175 175 175 
26 26 26 114 114 114 222 222 226 243 243 331 331 342 478 566 566 566 652 652 652 675 689 
16 16 394 394 553 
64 64 64 404 404 404 499 701 701 
116 116 425 425 425 425 
36 36 352 352 
62 62 62 62 81 81 81 251 251 343 
278 278 278 
81 81 170 179 729 
81 316 

224 224 224 224 531 531 
545 545 612 612 
521 733 
5 
16 128 590 600 600 600 600 614 614 614 614 626 626 626 747 
17 17 81 695 
61 100 546 721 721 

116 116 116 213 305 523 
248 677 677 677 677 
5 5 79 79 155 155 155 156 340 340 
43 43 43 733 
402 657 657 657 
5 5 5 537 767 767 767 767 
221 336 514 514 514 514 633 633 


141 241 411 411 
38 38 38 38 
52 583 
496 
46 46 220 545 
73 73 156 410 410 
159 159 159 359 359 710 710 
26 26 26 266 266 

95 95 95 286 286 341 341 
342 342 342 
5 17 17 
203 203 
606 629 739 739 739 739 
123 354 354 354 
63 366 

77 352 352 
78 400 400 424 
761 761 761 
422 422 422 422 487 487 487 487 
60 60 60 278 291 633 
57 278 
55 428 595 595 595 
60 60 60 
532 532 617 
23 23 501 501 501 501 501 
203 
341 341 752 752 
5 29 29 29 55 55 55 392 392 392 392 605 605 
16 16 626 
109 203 312 312 312 715 715 
296 296 475 475 475 475 654 
5 5 676 
175 175 175 254 639 639 639 
125 496 702 
74 74 74 146 605 
16 
14 14 275 298 298 
719 
507 507 693 693 695 695 695 695 
125 125 171 171 171 458 490 597 597 597 
349 664 695 695 
363 373 373 373 426 530 
64 64 430 
83 638 
23 23 203 218 218 218 481 481 481 481 481 603 603 603 
75 667 667 
24 56 56 56 242 242 
5 213 213 595 
135 296 296 326 
5 5 124 144 144 251 
127 349 495 495 664 693 693 695 
243 243 320 320 
239 
98 366 366 366 366 725 
418 669 669 669 669 669 739 739 
130 342 747 747 747 
703 703 703 716 716 
452 452 452 452 
67 521 
32 308 638 638 711 
62 62 742 742 742 
638 638 638 
285 285 
69 
415 440 515 
36 257 404 
145 145 446 
200 200 696 
140 140 140 716 716 
41 748 
354 
163 163 563 669 669 669 669 
10 10 105 105 649 701 727 727 
363 363 363 498 576 576 
210 438 438 
480 480 696 696 717 
5 5 31 594 
146 146 146 146 146 765 765 765 
271 756 756 756 
312 312 
5 5 168 451 737 
563 588 588 588 
203 342 363 629 
26 26 203 541 570 570 570 570 
540 
204 204 204 225 225 275 275 593 593 724 738 738 
197 544 544 
107 107 107 203 341 341 543 543 
213 439 439 459 546 612 612 612 
410 410 410 444 545 643 
16 16 89 89 89 333 333 333 563 563 573 702 
16 16 269 284 284 284 321 372 
306 
15 18 18 741 741 741 
286 286 286 637 637 637 637 
8 8 8 8 129 
16 16 221 376 376 429 
377 697 697 697 
425 425 425 648 648 
29 35 35 96 96 
622 622 650 650 650 739 739 
413 413 413 413 
219 219 219 227 227 
47 307 307 
16 16 162 281 281 281 281 569 569 611 611 
599 599 661 661 676 
186 268 268 268 528 538 547 547 
613 
122 122 167 763 763 
169 428 428 428 599 599 599 
5 5 
148 266 356 356 
16 16 29 29 29 35 35 57 70 70 91 91 361 380 380 561 561 670 670 
203 230 391 391 391 540 540 540 540 574 574 574 
81 81 81 
324 324 324 324 708 
333 547 
570 570 570 739 739 
314 314 314 409 409 409 
363 530 530 
203 203 322 332 603 
157 157 341 357 
311 385 385 385 
52 239 757 
134 134 134 134 158 158 
9 9 124 124 126 126 764 
75 75 75 75 457 667 667 739 
294 294 294 636 636 
43 43 343 343 761 
5 5 5 589 
658 658 
48 48 323 538 538 538 658 658 658 
246 246 246 246 586 633 633 
156 239 239 280 280 280 442 626 
390 390 390 601 601 
203 203 
225 225 542 542 
239 533 
211 211 213 213 330 330 373 373 478 478 478 504 
219 227 312 366 366 
496 496 496 
243 624 624 624 
10 62 62 81 422 422 422 422 562 562 566 566 566 
16 16 54 54 442 442 442 442 
16 49 85 330 390 390 407 407 591 591 613 647 660 730 730 
647 660 660 660 660 
196 196 501 501 501 577 722 722 722 
307 
484 484 491 
141 141 141 468 
29 29 29 62 81 81 310 

30 30 202 338 338 338 705 705 705 705 
745 745 755 
16 16 16 246 246 281 281 281 561 561 
439 439 545 545 545 
7 7 7 7 49 49 85 564 601 746 746 746 
128 180 442 442 442 442 759 759 759 
43 43 43 43 43 
134 158 
140 377 480 648 
81 81 81 81 99 99 99 241 261 261 261 355 
319 745 
141 141 141 213 213 213 213 213 
119 119 119 424 424 424 
80 154 154 350 557 557 642 642 642 739 743 
5 
598 598 598 
28 28 28 28 28 393 393 
16 16 21 258 258 333 333 442 442 442 485 590 
96 96 347 347 347 347 
117 117 117 
16 468 539 
322 
194 386 
739 739 739 741 
16 16 16 89 207 261 278 278 278 281 281 333 333 336 336 414 414 420 420 420 452 452 476 589 589 655 
70 71 71 71 164 164 
5 5 5 5 5 115 115 115 405 759 759 
298 298 298 584 584 744 
551 551 551 551 
280 500 516 516 518 518 518 
162 162 162 162 254 254 254 489 489 489 667 
122 122 122 343 662 

298 298 622 622 622 
342 342 546 667 667 704 704 704 732 
203 203 
35 741 746 
213 751 751 751 751 
63 601 602 
199 203 203 290 369 369 377 377 555 555 617 
10 10 10 14 241 241 241 257 257 257 257 529 
557 557 557 739 739 
5 5 
243 428 428 428 754 754 
68 97 342 
5 5 118 118 118 118 147 167 370 487 
207 207 261 261 633 
760 760 760 760 
402 450 450 450 
48 323 323 323 371 371 587 587 588 588 588 674 674 690 690 
225 
601 602 602 602 602 
206 206 206 562 562 
640 733 733 
5 5 135 395 395 
198 198 497 507 695 695 
19 19 19 368 368 368 368 416 416 
197 
96 96 149 149 175 189 342 342 398 502 502 583 583 639 643 643 739 739 762 

511 511 511 511 511 528 528 528 528 
569 569 
694 694 694 
143 143 143 143 195 
203 203 
193 658 658 
114 226 226 269 269 269 269 269 428 
26 26 206 206 206 240 488 562 
117 192 420 420 420 420 447 447 447 447 
733 733 
99 99 184 184 184 256 
83 83 
203 203 
5 5 138 
117 117 
341 706 706 706 
249 739 
251 251 298 423 423 423 
292 292 737 737 737 739 
82 181 181 717 717 739 739 
372 372 372 428 754 
371 371 658 658 
294 309 345 345 345 
298 739 
419 419 495 495 507 507 
671 671 671 745 745 
349 349 443 495 495 495 495 497 497 507 664 664 
393 393 393 524 532 532 714 717 717 739 
377 554 554 554 
725 725 
176 176 176 176 
5 5 115 179 292 
113 390 430 430 529 
16 16 490 547 
92 92 92 513 513 513 716 
100 103 103 130 130 130 177 177 177 315 342 342 643 643 643 
10 10 252 252 285 609 609 609 609 
341 684 684 684 
23 23 23 23 319 
138 248 248 325 329 329 329 572 733 733 749 756 
16 16 
159 159 233 354 461 461 
312 516 
26 26 391 391 391 
179 179 179 179 242 321 321 321 321 
696 
98 98 203 203 203 301 301 366 486 486 
70 92 92 92 92 140 291 291 387 513 513 525 525 703 
532 688 688 696 696 
222 222 276 285 285 287 
5 17 213 213 213 222 367 367 494 
341 341 
10 10 137 137 444 444 739 739 
603 603 603 
203 203 203 301 
542 
158 158 267 366 510 698 698 
95 399 399 399 
529 529 
384 384 384 
81 422 422 422 435 
601 601 
295 342 342 
643 763 763 763 
37 37 37 110 110 440 449 662 662 678 678 708 708 749 753 753 753 
90 90 382 382 

47 
537 687 687 687 739 739 
225 225 542 542 
5 5 5 10 10 10 14 16 68 68 80 108 108 139 149 149 150 151 152 152 160 160 160 160 180 180 185 190 190 190 190 190 236 236 237 237 241 258 258 265 265 292 298 312 312 312 342 342 342 366 388 388 402 413 418 418 418 468 468 468 468 511 511 557 557 574 574 583 622 632 632 632 650 650 667 667 685 687 688 688 692 696 721 721 737 737 745 748 748 748 751 751 751 
35 278 278 
16 16 16 35 35 73 73 142 202 214 327 550 550 550 632 645 
517 517 517 
622 
362 362 362 636 
181 236 236 236 236 241 610 610 619 694 694 739 
613 613 613 645 
442 512 512 512 
137 137 190 190 526 739 739 739 
708 733 753 753 
76 157 224 224 
91 366 366 366 646 646 646 646 739 739 739 
201 201 201 216 216 216 341 341 341 483 483 
733 733 733 749 749 
177 293 342 652 652 689 
389 389 389 389 423 423 423 610 
150 187 187 271 271 271 535 535 535 708 
239 242 580 759 759 759 
221 221 221 403 
5 5 5 614 614 614 635 635 757 757 757 
250 250 334 334 334 334 656 656 656 656 
343 474 474 474 585 
342 667 
565 565 732 732 732 
582 
534 534 534 
64 64 64 64 
241 451 451 451 451 
