nodes: 768 edges: 1414
5 
313 313 
65 117 282 317 427 427 
89 141 633 633 
357 357 402 
0 6 6 53 79 79 101 115 118 174 194 210 213 221 239 272 272 292 307 340 348 367 367 405 448 448 484 484 488 504 506 537 567 586 586 635 635 651 663 719 739 739 759 
5 5 
49 613 613 741 
81 316 552 
124 314 582 
81 81 81 121 224 252 252 257 257 265 265 274 285 312 472 529 599 649 705 705 721 721 

16 35 35 376 
159 409 
493 493 649 739 
376 376 
12 35 35 35 57 173 198 198 214 278 278 278 296 296 296 296 333 376 376 394 394 400 429 442 485 485 505 548 548 569 569 600 601 601 601 611 611 626 633 633 633 702 702 709 724 739 741 741 
404 404 443 443 719 
34 34 34 
665 
352 395 395 
72 72 128 626 
53 53 67 67 521 
218 218 218 481 501 501 707 
312 503 503 689 
123 
41 111 148 203 203 311 385 428 474 540 568 676 676 676 712 
30 203 203 
301 625 625 
73 73 73 556 569 569 607 607 607 
27 609 609 681 681 
533 
308 516 516 

18 18 18 
12 12 16 16 16 273 278 278 327 432 569 569 624 624 624 624 645 741 741 
352 432 432 522 
110 339 
172 298 456 
261 261 415 
118 118 
26 342 342 
323 323 323 
449 449 449 615 615 
246 246 346 
94 253 
379 459 
106 171 213 271 560 560 560 736 
304 304 421 551 551 551 588 658 
7 613 613 613 
711 
666 
155 
5 22 22 
600 600 
272 272 375 484 484 484 
64 64 64 86 156 156 239 239 255 503 
16 
199 203 238 
365 
476 479 479 479 479 

433 433 517 

56 56 56 156 156 430 430 499 766 
2 117 131 131 131 131 
395 704 
22 22 159 159 213 305 354 446 446 
653 
341 
569 569 716 
393 634 634 634 
21 21 257 257 381 
29 29 29 460 741 741 741 747 
84 491 

133 133 750 
352 472 472 472 
473 473 488 
5 5 239 239 448 
241 241 350 350 739 
8 10 10 10 195 206 206 206 257 257 312 312 343 422 422 433 433 435 436 443 599 599 618 618 729 

224 342 342 342 417 500 
74 

56 248 248 625 

282 
3 547 547 547 547 633 
739 
380 751 
633 703 703 716 
279 312 
45 184 212 253 679 679 
392 464 726 
189 189 556 627 627 627 
653 759 
510 715 
618 618 618 618 

5 581 

342 342 342 
299 299 359 
529 
47 156 

312 312 668 
356 356 356 
37 339 339 
26 148 


342 
5 213 213 700 
213 431 431 446 446 446 534 534 534 
2 65 224 224 342 342 342 427 677 683 750 
5 40 40 194 216 348 370 370 370 654 654 654 
243 424 621 

10 203 205 205 205 
565 565 640 640 
25 215 469 
9 
490 
374 385 582 

21 148 614 
190 190 203 203 
704 
65 65 65 65 286 
373 
76 76 
158 408 581 616 616 
326 505 
228 274 
748 748 
708 708 

716 716 716 
3 241 455 455 606 606 620 620 
735 
222 672 672 672 
163 

207 534 534 
654 
26 111 128 568 
342 342 739 
214 460 739 756 756 756 
221 739 

317 
622 
52 340 340 448 448 448 
56 56 64 64 106 239 239 242 460 460 590 
263 341 341 720 
134 581 616 725 
13 67 67 304 304 354 383 
184 
201 
254 561 639 639 639 
144 213 353 353 528 528 
393 
294 294 
171 171 
191 247 262 341 654 
176 243 537 
320 508 566 566 
283 283 
47 166 166 496 
38 294 
16 397 
5 
292 427 427 489 667 667 
168 504 699 
312 704 704 704 739 
208 357 357 
218 218 218 367 435 700 713 713 
418 614 739 
271 271 271 271 271 688 688 745 745 


94 160 256 679 
393 
563 
756 756 
272 
96 96 398 667 667 
129 129 657 739 739 739 748 
167 
222 
674 674 674 
5 118 631 
81 
203 445 577 577 603 603 
203 666 
16 16 664 664 
58 203 203 648 
717 717 717 
161 752 752 
609 741 741 741 
26 26 27 27 58 121 129 129 196 197 199 199 218 218 266 266 290 301 322 328 337 337 341 341 341 342 342 374 374 374 377 386 393 423 467 482 486 486 501 501 501 540 540 540 570 577 592 631 631 648 648 673 715 715 723 723 

121 121 121 409 
81 81 81 240 599 599 661 676 
146 633 655 735 
178 357 357 
246 
5 531 
595 
94 253 253 
5 47 67 115 115 116 163 222 225 273 353 353 446 534 545 593 595 620 620 620 646 719 760 
16 150 741 
123 607 
118 752 752 
282 
23 23 23 179 179 179 203 203 501 
559 559 
324 324 
5 151 387 403 403 553 736 
143 192 213 401 428 428 718 
255 
10 83 117 117 438 438 438 
213 275 364 542 542 
428 428 675 
366 514 596 596 
136 
284 284 
288 295 295 399 399 399 570 570 
264 
383 383 384 

373 373 595 
305 
745 
739 
58 
5 56 56 79 79 156 156 594 713 757 
206 488 488 676 
80 80 141 312 649 649 739 739 745 
156 503 
119 168 428 508 508 
716 
601 
44 44 209 337 342 342 411 411 411 589 589 589 611 611 
167 
86 86 420 420 

358 358 358 424 424 760 
433 433 433 433 506 686 686 
10 10 705 
45 94 212 212 377 
162 489 667 
56 223 
184 
10 10 72 72 81 81 381 522 649 649 
318 626 739 


39 39 333 355 355 618 618 618 633 633 
167 648 
157 
231 
10 10 739 739 739 
203 203 462 462 568 568 
353 
563 563 
675 
332 332 
47 181 181 181 181 181 677 756 
5 5 55 55 188 
35 213 598 760 
10 136 389 739 
225 542 542 
718 718 
346 
16 16 16 35 35 287 404 404 432 434 476 476 633 633 
93 312 312 
590 638 
561 561 633 633 
2 88 217 
170 170 399 
229 229 548 548 
10 519 718 718 
131 341 551 551 551 
278 434 
230 
548 
203 
476 
5 175 366 370 700 739 

165 165 172 309 309 584 636 691 
230 230 731 
16 16 16 16 326 424 424 

38 493 493 636 636 642 642 686 686 686 692 
104 104 353 353 

28 203 723 723 

428 
48 48 159 159 323 323 409 
67 235 352 446 446 

5 387 387 604 
32 
294 294 691 691 

26 385 385 385 385 579 
10 24 81 81 93 108 108 177 241 279 279 342 342 402 486 486 596 739 739 
1 1 
9 409 

8 436 436 436 585 
2 153 
258 354 354 354 

169 508 
333 394 548 713 713 
203 577 630 
42 42 42 304 304 421 658 
220 220 572 572 572 708 708 

135 296 
35 
203 
708 
373 490 
428 
270 270 577 
16 261 321 364 364 547 547 573 626 633 633 633 658 
760 


203 203 246 342 
609 609 
37 110 110 733 
5 155 155 
69 157 157 167 203 203 203 286 357 417 464 578 643 720 752 
41 41 83 83 83 103 103 103 114 117 117 117 149 149 203 203 246 246 312 312 337 399 428 428 465 465 512 518 518 539 643 643 667 704 704 762 
81 433 433 433 585 640 761 761 
466 466 

44 277 
591 627 627 
5 118 
695 
80 80 622 

20 36 77 305 395 432 432 432 472 
163 163 213 213 267 299 299 
67 159 318 318 318 360 527 710 
261 261 
109 109 109 568 
4 4 178 178 208 208 341 
250 250 250 359 
104 358 461 461 
354 
569 
378 744 744 744 
498 530 530 539 539 539 694 763 763 
225 333 333 
59 
227 292 470 510 510 715 725 739 739 751 
5 5 179 719 742 

648 
118 118 118 292 
658 658 
689 689 
132 234 234 330 406 498 498 595 
126 203 203 203 
55 379 379 
12 15 15 16 16 553 553 553 
203 253 425 425 425 554 617 648 697 
362 
46 375 375 
91 569 
72 257 
701 734 734 734 
159 232 232 
232 
26 126 311 311 311 311 579 
203 
221 307 307 
696 739 
274 755 
601 
570 570 712 712 712 739 
95 484 484 484 
71 164 185 203 625 696 
16 16 321 429 
20 20 66 352 663 682 

173 
189 667 
230 230 230 283 342 726 726 
16 424 473 
222 
4 312 450 
221 221 758 
17 17 278 278 
5 
373 
601 601 
134 
13 205 304 314 575 
460 546 546 
246 246 246 455 575 

558 558 632 688 739 

39 

83 341 
180 511 739 739 
693 
248 248 633 677 
48 323 
81 81 475 599 599 599 729 
203 686 686 755 
119 250 250 296 296 400 473 473 
377 377 377 431 431 555 555 

2 2 117 175 175 
26 222 222 226 226 243 303 331 342 342 508 566 652 652 689 689 689 
16 394 
64 64 701 
116 116 425 425 
35 36 36 278 352 352 352 
62 62 81 81 251 251 251 251 343 343 343 
278 287 
81 179 
81 316 316 316 

224 224 224 531 531 
545 545 612 612 
662 

16 590 600 600 614 626 747 
17 17 81 695 
546 643 721 721 
196 743 
67 67 116 116 116 213 305 305 

5 5 79 155 155 155 
43 43 43 733 
402 657 657 
537 767 
514 514 633 633 
720 720 

141 141 411 
38 
583 

46 545 612 
73 150 156 156 410 
359 359 710 
266 266 

95 341 
342 342 
344 344 
203 
739 
123 
366 

10 77 77 77 352 
78 78 400 424 424 
26 761 
422 
60 278 278 291 633 633 

595 
60 60 60 60 
532 
23 501 501 501 
203 
752 
5 5 55 55 55 392 392 392 
16 16 724 
203 203 312 312 

5 78 240 240 676 
175 254 639 
125 330 
74 

14 14 298 298 619 

693 693 695 
171 597 
695 
363 373 373 
64 
83 
23 23 203 203 203 218 481 481 481 603 719 
667 
24 24 56 242 
5 176 595 595 
16 135 
5 251 
664 695 695 
169 243 243 320 428 

98 366 366 725 
418 739 739 
342 747 747 747 
716 
227 452 452 
521 
32 32 638 638 
62 
342 342 638 638 
285 

22 515 
36 257 

696 

753 
354 
163 163 669 
10 105 649 649 701 727 
363 363 
210 438 438 540 540 540 
480 696 739 739 
31 594 
116 116 116 146 146 213 765 
756 

5 168 451 719 719 737 
563 588 588 
342 363 363 363 
26 203 203 203 531 531 531 541 541 570 
540 540 
225 225 275 275 593 593 
544 544 
543 543 
213 439 439 459 643 643 
410 410 444 643 
89 89 89 89 333 333 563 573 573 702 
16 16 284 284 289 321 

741 
48 48 48 286 286 286 
8 
221 376 376 376 
377 
425 425 648 
29 96 
767 
413 413 
219 219 
47 47 47 
162 281 281 
599 661 
186 268 268 538 547 
613 613 
122 122 
169 169 428 
5 
26 148 266 266 356 
16 16 29 29 35 35 70 70 361 380 670 670 
203 230 230 391 391 540 574 574 

324 324 324 
333 547 547 
570 570 739 
409 411 

196 196 203 322 332 
341 706 
311 385 
757 757 
101 134 158 
9 126 739 739 739 764 
457 667 739 
294 
316 343 
5 5 
658 658 
48 538 538 
246 246 246 633 633 633 
156 280 442 
347 
203 
213 542 542 
239 533 
211 213 234 373 478 504 504 
227 227 312 725 
496 
273 624 
10 81 81 206 206 422 422 422 562 661 
16 54 54 442 442 
16 16 16 245 390 407 407 613 647 664 664 730 
660 664 
196 196 501 722 722 
307 

141 141 
29 29 29 215 

30 30 202 338 338 705 705 705 705 
686 745 745 745 
16 16 246 246 
439 439 459 
7 7 49 49 49 564 564 601 
128 180 442 759 759 
43 43 
134 134 158 
377 
81 81 99 99 99 99 261 261 261 
493 745 745 745 
141 141 213 213 213 
119 
154 350 642 739 743 743 

35 35 35 35 598 
28 28 86 393 
16 21 258 333 442 
96 96 96 347 347 


322 
194 203 203 
413 741 
3 3 16 16 16 89 92 207 261 261 278 278 281 281 333 333 333 420 452 452 476 476 589 589 589 655 708 708 
71 71 71 
5 5 759 759 
294 298 298 

280 516 516 518 518 
162 162 162 489 
122 122 343 662 

298 298 622 
341 342 342 444 545 545 546 667 704 

35 741 746 
213 
601 
199 203 203 262 369 377 555 
10 14 241 241 257 257 529 529 

5 
428 428 754 
68 97 
118 118 118 147 167 
207 633 

190 450 450 
48 323 333 371 371 587 587 

602 
206 562 599 
440 640 
5 395 
198 198 507 601 601 602 695 
19 
51 197 
175 175 189 189 254 342 398 502 583 643 739 
108 
528 
569 569 
694 
143 143 143 
203 
193 193 193 
226 269 
26 26 26 206 240 488 
117 271 420 
733 
94 94 184 

30 30 
395 
117 
706 

251 251 298 298 298 423 423 610 
739 739 
181 181 413 717 717 717 
24 372 372 428 428 428 

294 309 309 
298 739 
419 495 495 
363 671 745 
349 443 495 497 507 507 664 
388 393 524 532 717 
377 
725 
176 
115 179 292 
382 430 529 
16 16 547 
92 92 716 
66 130 177 177 177 342 342 643 
10 10 252 609 609 609 609 
578 684 
23 
138 138 324 324 329 633 633 733 733 756 756 
16 
354 461 
50 
26 391 391 391 
179 179 239 321 321 

98 203 203 366 
70 92 140 140 140 244 513 703 
200 200 200 688 688 688 696 
222 276 276 285 285 
5 17 213 367 501 537 537 
157 341 453 453 
10 10 444 444 739 
603 603 
203 203 301 301 
16 485 
158 366 510 596 698 
95 399 399 
529 

81 422 
601 
295 
763 763 
339 449 678 708 708 749 753 756 
382 382 382 
142 207 
47 221 
537 739 

5 5 14 16 80 90 149 150 151 177 180 190 190 190 237 241 241 258 265 265 265 274 292 312 312 366 366 388 391 413 418 418 468 511 511 532 532 574 582 582 582 583 622 667 687 687 692 721 737 745 745 748 751 751 

7 16 16 35 35 73 73 73 202 202 202 214 550 632 645 
367 
445 622 622 
362 362 362 
181 181 236 241 610 610 610 619 619 619 694 739 739 
645 
73 442 512 512 512 
137 137 190 739 
733 753 
76 117 
91 366 739 739 
201 201 216 216 341 483 
526 733 749 
652 
389 423 
150 150 150 187 187 271 535 708 708 733 
239 580 580 759 
403 
5 97 614 614 635 635 757 
213 250 273 334 
343 343 474 
342 
363 363 732 732 
582 
534 
64 
451 557 
