nodes: 256 edges: 759
60 190 190 236 
105 105 158 158 232 232 232 
153 184 184 184 
35 35 55 55 55 55 
10 10 10 10 18 86 138 138 146 186 186 
26 38 38 38 56 56 68 68 81 81 98 102 123 143 143 203 203 203 221 221 221 244 244 244 
132 132 132 132 132 212 212 222 
41 41 74 74 74 81 86 86 97 97 130 130 130 203 203 218 218 
135 215 247 
182 
4 4 4 4 14 14 78 78 78 
33 44 44 44 44 106 

211 
10 10 18 18 47 53 53 53 53 138 146 152 152 152 180 180 208 
231 231 
78 78 78 89 93 
66 
4 14 14 27 34 34 34 34 34 51 51 51 61 61 90 90 139 152 152 154 192 192 206 206 206 

98 98 166 166 237 237 237 237 
45 45 52 52 52 153 153 153 228 228 228 250 250 

34 34 34 
152 152 
81 153 153 153 
5 33 33 44 49 49 49 59 62 62 72 72 82 82 84 84 87 87 98 108 108 122 122 141 166 166 196 196 207 207 207 222 222 231 231 234 234 234 234 237 249 
18 153 153 155 
165 165 203 203 203 
67 67 67 67 205 205 205 
64 175 175 182 196 230 230 239 
38 152 152 152 

11 26 26 73 150 169 185 222 
18 18 18 18 18 23 23 23 192 
3 3 53 
58 170 170 170 
122 122 122 134 134 134 134 134 169 
5 5 5 31 42 42 
127 127 127 127 127 134 166 177 177 
161 161 203 203 
7 7 138 138 138 160 160 160 160 251 251 251 251 
38 38 
69 69 69 195 245 245 245 
11 11 11 11 26 
21 21 153 153 
102 110 
14 152 157 203 203 
58 58 60 60 60 60 152 
26 26 26 
159 
18 18 18 149 149 149 153 153 153 163 
21 21 21 99 
14 14 14 14 35 81 
113 177 177 177 
3 3 3 3 121 121 121 238 238 
5 5 181 181 227 227 227 243 
65 93 131 131 131 131 
36 48 48 104 129 152 152 203 203 203 214 214 245 245 
26 134 
0 48 48 48 48 69 69 146 152 152 152 206 206 223 223 223 247 247 247 247 247 
18 18 120 120 120 120 120 
26 26 
137 137 192 202 242 242 242 
30 
57 93 176 176 
17 84 197 197 197 
29 29 29 29 205 215 
5 5 
43 43 43 60 60 76 146 153 153 153 
122 122 210 
131 131 148 148 148 148 148 151 151 151 151 153 153 153 247 247 
26 26 
33 109 
7 7 7 156 203 203 
126 126 126 147 147 171 171 171 171 205 205 205 217 217 217 
69 

10 10 10 16 16 16 89 89 
111 178 178 178 178 
137 137 
5 5 7 25 53 85 85 85 85 93 93 151 153 153 160 160 160 173 173 176 203 228 228 228 251 251 251 
26 26 122 122 
113 113 113 204 204 
26 26 66 109 127 127 183 183 187 189 
81 81 81 81 
4 7 7 203 203 203 218 
26 26 115 253 253 253 
165 165 203 203 236 
16 78 78 
18 18 152 152 152 206 
121 121 
203 
16 57 65 81 81 154 154 176 176 201 201 241 241 
112 112 232 243 243 

144 144 200 229 229 229 240 
7 7 130 
5 20 20 26 213 213 213 237 
52 179 179 179 179 251 251 251 
109 109 109 172 172 172 194 255 255 
106 106 
5 46 143 143 203 203 218 218 218 
230 
58 129 152 152 
1 1 164 
11 101 101 145 145 145 204 204 204 204 204 
119 119 152 
26 26 234 
73 84 100 100 100 127 194 194 198 
46 153 153 153 
79 178 
94 94 
54 83 83 83 177 177 177 204 204 204 246 246 246 
142 
87 
203 203 
209 
188 188 188 
107 107 
61 61 61 61 61 170 206 206 
55 55 55 91 91 238 238 
26 26 37 37 37 70 70 82 82 210 210 219 
5 161 196 196 196 
226 226 226 

75 75 75 135 135 147 147 147 
39 39 39 39 39 84 84 109 216 229 
153 
58 104 
7 7 7 97 
57 57 57 57 71 71 
6 6 6 6 6 
227 227 
37 37 37 37 37 39 59 
8 126 126 
244 244 244 244 
63 63 80 80 202 202 202 
4 4 14 41 41 41 
18 

26 
114 235 235 235 
5 5 102 102 149 165 201 201 201 203 203 203 
96 96 240 240 
106 106 106 204 204 246 
4 14 60 69 152 179 
75 75 126 126 126 205 
71 71 71 71 71 153 153 
51 51 51 143 203 203 
33 188 188 188 
71 71 71 71 81 153 153 206 228 228 245 245 245 245 245 
14 14 14 18 18 24 24 31 31 31 47 48 58 58 60 60 60 90 90 90 104 104 107 146 163 163 163 225 251 
2 21 21 21 25 25 25 27 27 45 45 51 51 51 69 69 69 71 71 71 81 81 110 110 110 128 148 148 151 151 228 228 228 
18 93 93 176 176 176 241 241 
27 206 206 
74 199 203 203 203 
47 165 165 165 
1 1 164 
50 
41 41 41 41 81 81 81 190 
40 40 123 
238 238 238 
51 152 152 152 
105 158 232 
28 28 88 88 143 157 157 157 203 
20 20 26 26 39 177 177 177 204 204 204 209 209 
206 
215 
33 37 185 
36 36 36 120 174 174 206 206 218 218 218 218 
75 75 75 75 
100 100 100 198 198 
81 81 176 176 
170 170 206 
30 30 
65 65 81 93 93 154 154 154 173 173 
39 39 54 54 54 113 113 113 166 166 166 204 204 
79 79 79 79 111 243 
99 99 99 99 146 
14 14 
56 56 
9 30 196 
84 84 189 189 189 189 
2 2 2 
33 169 211 
4 4 208 208 208 208 
84 
118 118 118 150 150 150 
84 183 183 183 183 
0 0 160 236 236 
205 205 205 
18 18 34 63 
237 237 253 
100 109 109 
43 204 204 245 245 
26 26 30 123 123 123 182 239 
66 66 66 248 248 248 
109 172 172 
156 
96 
93 93 143 143 143 
63 137 137 137 
5 5 5 7 7 28 28 28 40 40 47 47 58 58 58 74 74 81 86 86 86 88 88 92 102 102 116 116 143 143 143 149 149 156 156 156 165 220 233 233 251 252 252 
83 83 106 106 106 106 106 113 113 113 145 145 166 166 166 177 177 195 195 244 245 245 245 
29 29 29 67 75 75 75 147 191 191 191 
18 18 18 60 60 90 120 120 151 155 155 167 170 170 174 
26 26 26 
14 186 186 186 186 
117 166 166 
70 122 122 
13 185 
6 6 222 
98 98 98 249 
58 58 252 
8 67 168 
127 
75 75 75 
7 7 86 102 102 102 170 170 170 170 
122 
203 251 251 
5 5 5 
6 26 26 33 212 
60 60 60 

152 
124 124 124 
56 56 56 133 133 
21 21 21 81 81 81 151 151 153 153 153 
96 96 96 127 240 
30 30 103 
15 15 26 26 
1 1 1 94 164 
203 203 
26 26 26 26 108 
142 142 142 243 243 243 243 
0 88 190 190 
20 20 20 20 26 98 193 193 253 253 253 
55 55 121 121 162 162 162 
30 196 
96 144 144 229 
93 93 154 154 
63 63 63 
56 94 94 178 235 235 235 235 
5 5 5 136 136 136 136 204 
43 43 43 58 58 151 151 151 151 151 195 195 204 204 204 
113 113 113 145 
8 60 60 60 60 60 71 71 
197 197 197 
26 213 
21 21 
41 41 41 41 81 81 81 99 99 99 152 203 220 220 
203 203 214 
87 87 87 193 237 237 237 

100 100 
