nodes: 256 edges: 474
190 236 236 
105 158 232 232 
184 
55 55 55 
10 18 18 146 186 
26 38 38 42 56 56 81 81 81 103 142 143 143 203 203 221 221 227 
132 132 132 212 222 
74 74 86 86 97 124 124 130 203 203 218 226 226 
25 25 81 135 228 247 247 
182 
4 14 78 78 
44 
227 227 
37 37 211 
10 18 18 32 32 47 53 53 152 152 208 
231 
78 89 93 95 95 95 
66 84 84 
4 4 14 14 27 51 90 90 137 137 139 139 152 152 152 206 206 
62 62 
166 237 
45 45 45 228 228 250 250 

34 34 34 34 
152 
8 8 81 
5 49 62 72 72 82 98 122 141 166 166 166 166 166 196 196 207 222 231 231 234 234 234 237 237 
18 
203 

64 64 175 175 182 230 239 239 
38 38 157 157 
14 14 
59 73 150 169 185 185 
23 23 23 23 192 
81 

13 13 122 169 
5 5 31 31 
127 134 177 177 177 
161 161 161 203 
138 138 160 251 251 
5 81 125 125 125 
69 195 195 
11 59 
21 21 21 

14 152 152 203 203 
58 60 60 152 
26 100 
77 159 
18 149 149 149 153 153 153 163 
99 99 99 
14 14 81 
177 177 177 177 
3 3 3 121 121 121 238 238 
5 5 181 227 227 
93 93 93 131 154 
48 104 152 152 203 214 214 252 252 
33 44 134 
48 48 69 76 76 76 152 152 206 206 236 247 
120 
19 19 26 209 
137 192 242 
30 30 
176 176 176 
17 197 197 197 
215 

43 60 146 146 153 153 153 
122 210 
148 148 151 151 247 
26 26 
33 
7 7 156 203 216 
126 126 147 171 171 203 
60 60 60 
50 
10 10 16 89 
178 

5 5 5 8 25 35 42 53 85 93 93 93 153 153 153 173 176 203 203 228 228 238 251 251 251 254 
26 122 
113 204 
17 17 100 183 187 189 189 197 197 197 222 
81 228 
7 7 203 203 203 218 
115 
165 165 203 
16 78 
18 18 137 152 206 

226 
16 57 57 57 81 81 81 111 154 176 176 176 241 
112 243 243 
16 16 16 
144 229 240 
7 130 130 
26 213 237 237 
52 52 52 179 179 251 
49 84 109 109 255 
106 106 106 
143 143 143 203 203 
5 231 
58 129 129 152 152 
1 164 
101 101 101 145 204 204 204 
119 152 
234 234 234 
100 100 194 
153 
93 
94 
83 177 204 204 

87 
203 

188 
107 152 152 
61 170 170 206 206 206 
55 55 55 
26 37 70 82 219 219 
161 161 
7 7 226 
42 42 42 
75 75 135 135 147 203 
39 
153 153 153 
104 104 
7 97 97 
57 
6 6 6 
227 
39 59 169 
8 126 126 
244 
18 18 63 90 202 
41 41 
18 18 

26 
5 159 227 235 235 
5 5 102 102 102 149 201 203 203 
96 240 
106 204 204 
4 69 69 152 
75 126 205 
71 71 153 153 153 
51 51 51 143 203 
33 188 
71 71 153 245 245 245 
14 14 18 18 18 24 47 47 48 58 58 60 60 90 104 104 107 119 119 146 163 251 251 251 
51 51 51 69 69 69 81 81 81 110 128 128 128 148 148 148 151 228 
57 93 

74 203 
31 31 165 
1 164 164 
50 142 
41 
40 40 40 123 123 
238 
51 152 
105 158 158 
88 88 157 203 203 
20 26 26 26 26 26 204 209 
173 206 

33 37 134 
120 120 174 206 206 206 
75 75 
198 198 198 222 
81 167 176 
170 
30 30 239 
65 65 65 81 93 93 93 173 
39 39 39 54 54 54 54 113 204 
79 
99 99 

56 
9 30 
84 189 
2 
33 33 
4 
84 
118 150 
84 84 183 
0 236 236 
205 205 
34 63 
237 253 253 
109 
43 43 204 204 245 
26 26 
66 66 66 84 84 84 248 
172 172 172 


143 
137 
5 5 7 7 28 40 47 47 58 74 75 81 81 86 86 86 88 102 102 116 126 143 143 149 156 165 165 233 251 251 252 252 
83 106 106 106 113 113 145 145 166 177 195 195 
147 191 191 
18 18 60 60 90 120 120 120 167 170 170 170 
26 
14 
62 166 
70 
13 
6 222 222 
98 
58 58 252 
67 
74 229 
233 
7 86 
122 122 
251 
5 5 
6 26 84 172 212 212 



7 7 92 124 
5 12 12 56 56 133 142 
8 21 21 81 81 85 153 
96 216 
30 
15 26 26 103 
1 1 
203 217 
26 26 26 108 108 108 
142 142 243 243 
0 0 60 190 190 
20 26 26 98 98 193 
55 55 81 162 
30 30 175 
96 144 
93 
63 
94 94 235 235 
136 
151 151 151 195 

8 8 60 71 
197 

21 21 
41 41 81 81 81 99 152 152 152 203 203 220 
58 58 203 203 214 
193 193 
81 
100 
