nodes: 256 edges: 778
60 190 236 
105 105 105 158 158 164 
153 184 184 184 184 
35 35 35 35 55 55 
10 10 18 18 18 32 32 86 86 86 86 138 138 138 146 186 186 186 186 
26 38 42 42 81 81 81 98 98 103 108 133 141 141 143 143 143 203 203 203 221 221 221 221 227 234 234 234 235 235 243 243 244 248 
132 132 132 212 222 
41 41 74 74 86 86 86 97 124 130 203 
25 25 25 25 81 81 148 228 228 228 247 247 247 
182 182 182 
4 4 14 14 14 
44 44 44 44 44 222 
227 227 227 
37 37 211 
10 10 10 18 32 32 47 51 53 138 139 152 152 180 180 208 208 208 
231 231 
78 78 89 89 89 95 95 
66 66 
4 4 4 14 27 27 27 27 34 51 51 51 61 90 90 90 137 139 139 139 152 154 186 206 206 206 
62 62 
166 237 237 237 237 
45 45 52 52 52 153 228 228 228 250 250 250 250 
204 
34 34 
152 
8 8 8 8 81 153 153 153 
5 33 33 33 44 49 49 49 59 62 62 62 70 70 70 72 82 84 84 87 87 98 98 108 122 122 122 141 141 166 166 166 166 207 207 207 222 222 231 231 234 234 234 237 237 237 
18 18 18 18 153 153 
88 88 165 165 203 203 
67 67 67 67 205 205 205 
64 175 175 175 182 230 230 239 239 
38 38 38 152 152 
4 4 14 14 
26 26 26 59 150 197 
18 23 23 192 
3 3 3 3 53 162 
58 170 170 170 
13 13 134 134 134 
5 31 31 31 42 42 42 
177 177 177 177 
161 161 161 161 
7 7 138 160 160 160 160 251 251 
5 5 38 38 38 81 125 125 243 
69 69 195 195 195 245 245 
11 11 11 11 11 26 118 222 
21 21 153 

14 52 152 152 157 203 203 
58 58 58 60 60 60 60 152 
26 26 26 
159 159 159 159 159 
14 18 18 18 149 149 149 153 153 153 
21 21 21 47 99 99 99 99 
14 35 
177 177 177 
3 3 121 121 238 
181 181 181 
93 93 131 154 154 
36 48 48 48 104 129 152 152 152 203 203 203 214 214 214 245 245 245 252 252 
26 33 
0 48 48 48 48 69 69 69 76 76 152 152 206 206 223 223 223 223 247 247 247 247 
18 120 120 
19 19 26 26 26 209 
137 192 202 202 242 242 242 242 
30 
93 93 176 176 176 176 
17 17 84 84 197 197 
29 29 29 29 205 215 215 215 215 

43 43 60 60 60 76 146 153 
26 26 26 210 210 210 
148 148 148 151 151 151 153 153 153 247 
26 
197 
7 7 203 
126 126 126 126 147 147 
60 60 69 
122 122 
16 16 89 89 
111 111 178 178 
137 137 
5 5 5 8 8 25 42 85 85 85 85 93 153 153 153 160 160 173 173 203 228 251 251 254 
26 122 122 122 122 
113 204 204 204 
26 26 66 66 109 127 183 187 187 
81 81 81 81 
4 4 4 4 7 7 7 203 203 218 
26 26 115 115 237 237 253 253 
28 28 165 165 165 203 203 
16 16 16 78 78 
18 18 18 137 152 152 152 206 206 
121 121 238 238 
203 
57 57 65 65 81 111 154 154 176 176 201 201 241 241 241 
112 112 243 243 243 243 
16 16 
144 200 200 229 240 240 
7 130 130 
5 5 26 26 237 237 
52 52 52 52 173 179 179 179 179 179 251 251 
109 172 172 172 194 198 255 255 
106 106 
143 143 143 143 203 203 218 234 234 234 
5 230 
58 129 152 
1 1 1 164 
101 101 145 145 145 204 204 204 204 204 
119 119 152 
5 26 234 234 234 234 234 
84 100 194 198 
195 233 
79 79 93 
94 94 
83 177 177 204 204 246 246 
142 
87 87 
203 203 
209 
44 188 
107 107 152 152 
61 61 170 170 206 
55 55 91 91 238 238 238 
26 26 26 77 77 82 82 82 82 219 219 249 
161 161 
7 226 226 226 226 
42 42 
75 75 75 75 135 135 147 147 147 147 147 
84 189 216 240 
153 153 153 153 
58 104 
7 97 97 
57 
6 6 6 
5 227 227 227 
37 37 37 169 
126 126 
244 244 244 244 
18 63 80 80 90 202 202 
4 4 4 14 41 
14 18 18 18 

5 5 26 26 
114 159 159 235 
5 5 5 102 102 102 102 149 149 149 201 201 203 203 
96 
106 106 106 204 204 246 
4 69 152 179 179 179 
75 75 126 126 126 126 126 
8 71 71 71 153 153 
51 51 51 143 143 143 203 203 203 
33 188 188 188 188 
71 71 71 153 153 153 228 228 228 245 245 245 245 
14 14 18 24 31 31 47 47 48 58 58 58 60 60 90 90 90 104 107 119 119 146 163 163 163 223 223 225 225 225 251 251 251 251 251 
2 21 25 25 25 27 27 45 51 51 51 69 71 71 71 81 81 81 128 128 128 128 148 148 151 151 151 228 228 228 
18 57 57 93 93 176 241 241 
206 
199 199 199 
47 165 165 165 
1 1 164 
50 50 50 50 50 142 142 
41 41 41 41 81 81 
40 40 40 40 123 123 
35 238 
152 152 152 
1 105 158 232 232 
28 28 88 88 88 157 157 157 
20 26 26 26 26 177 177 177 204 204 204 204 209 209 209 
173 206 
215 
134 
36 36 36 120 120 174 174 174 206 206 206 218 218 218 218 

100 100 100 198 198 198 
81 81 99 167 206 
170 170 170 206 
30 30 30 239 
65 65 65 65 93 93 154 224 
39 39 39 39 54 54 54 113 113 166 166 166 204 204 204 
79 79 
99 99 99 99 99 146 146 146 
14 14 
56 56 56 
9 9 9 30 
84 189 189 
2 2 2 2 
211 
4 4 4 4 18 208 208 208 208 
84 84 
118 150 150 150 150 
127 183 183 
0 236 236 236 
205 205 
34 63 
237 237 
100 109 
43 43 43 110 204 245 
239 
33 66 66 73 248 248 
100 109 172 172 172 
156 156 156 
96 96 
93 93 143 143 
63 63 137 137 
5 5 5 7 28 28 47 47 58 58 58 74 81 86 86 88 88 92 102 102 116 116 143 143 149 149 149 220 220 233 233 251 252 
22 83 83 83 106 106 106 106 106 113 113 145 145 166 166 166 166 177 177 177 195 244 245 
29 29 29 67 191 191 
18 18 18 60 60 90 90 120 155 167 170 170 170 173 174 250 
26 26 26 
14 14 14 186 186 186 186 
62 117 166 166 166 
70 70 70 
13 185 
6 222 

58 58 58 252 252 
67 67 67 67 168 
127 229 
233 233 
86 102 170 170 170 170 
122 122 
203 203 251 251 
5 5 5 5 
6 11 26 26 44 212 
60 60 60 60 152 152 
176 
152 152 152 
124 124 124 124 
5 12 12 12 133 133 133 
8 8 8 21 21 21 81 151 151 151 153 153 153 
96 216 240 240 
30 30 103 
15 15 26 26 
164 164 
110 203 203 217 217 
5 5 5 26 26 26 102 102 102 108 108 108 108 108 
5 5 142 243 243 243 243 
0 190 190 190 
20 20 20 20 26 26 26 87 87 98 98 193 193 253 
55 91 91 121 121 121 162 
30 30 175 196 
96 96 127 229 229 
93 93 93 154 154 
63 63 63 63 
5 5 42 94 94 94 94 235 235 235 235 
5 136 136 136 136 204 
43 43 58 58 58 151 151 151 151 195 204 
113 113 145 
8 8 8 60 60 60 60 71 
5 197 197 
122 
21 21 21 21 206 
41 41 81 81 99 99 152 152 152 152 152 203 220 220 
58 58 203 214 214 
87 87 237 
81 
100 100 
