nodes: 256 edges: 460
236 
148 153 153 158 158 
153 184 
35 55 55 
18 18 146 186 
26 38 56 81 81 94 103 103 108 133 141 142 143 159 196 203 203 203 221 221 227 234 234 238 238 238 243 244 244 254 254 
132 212 222 222 
41 74 81 86 124 130 203 203 218 226 
25 81 135 228 247 247 
182 
14 78 78 
33 

37 37 
10 18 32 47 47 51 51 53 53 53 53 152 208 208 208 

78 89 93 95 95 95 
66 
4 4 14 34 34 34 34 51 51 51 63 137 139 139 152 152 152 192 206 206 

98 166 237 
45 52 153 228 250 
204 

152 
8 153 
5 33 33 49 49 49 49 70 82 82 87 98 98 108 141 196 207 207 231 237 237 

165 
67 67 67 205 205 
196 239 
38 38 79 152 152 157 
14 
11 26 26 73 185 222 
18 18 18 18 
3 81 81 81 
170 
13 13 122 122 122 134 134 134 134 
5 31 31 
127 134 177 177 
161 
7 138 138 160 251 251 
81 243 
69 69 195 195 245 245 
59 118 118 
21 153 153 
102 
14 14 152 152 203 203 203 
58 58 60 60 60 
26 26 26 26 84 100 
159 
14 14 18 18 18 149 149 149 153 153 153 153 163 
21 
14 14 14 14 81 81 
177 177 
3 3 238 
5 181 181 243 
93 
48 48 104 104 129 152 152 152 203 203 203 214 214 214 245 252 
44 222 
48 48 48 63 69 69 146 152 206 206 247 
120 120 
209 
18 60 192 202 242 

176 176 
17 197 240 
29 29 29 205 215 

43 43 60 60 153 153 153 
26 210 
131 151 151 151 153 153 247 

33 197 
7 156 203 
171 171 217 217 


10 10 16 93 
31 140 178 
137 
5 5 7 8 35 35 35 42 53 53 93 93 93 151 153 153 153 173 176 176 176 203 203 228 251 251 251 
26 26 
113 113 113 
49 109 109 127 189 189 

7 203 203 218 218 
26 
165 203 
16 
152 152 152 206 
121 238 
203 
16 57 78 81 81 81 154 176 176 176 
5 243 
16 16 16 
200 229 240 240 
130 202 
20 26 26 
146 179 179 
49 109 194 198 198 255 255 

46 203 203 203 218 218 218 
5 5 
58 58 152 

145 204 
119 152 245 
5 26 
84 84 100 127 198 
153 195 


83 83 83 177 204 
142 

203 
230 
44 44 188 
107 
61 61 170 
91 
37 37 37 210 219 219 
161 196 
7 
217 
135 147 
39 84 109 240 240 

58 
7 97 
71 228 
6 
5 165 
37 37 37 37 39 
8 126 
244 
18 80 202 
41 41 
18 18 
79 
5 26 196 
5 114 235 235 
5 149 165 165 203 

106 
4 60 99 152 152 152 179 179 
126 205 
1 153 153 
51 51 51 143 203 
188 188 
71 71 71 81 153 228 228 228 245 245 245 
14 18 18 18 24 31 31 47 47 58 58 58 60 90 90 90 104 107 146 146 146 163 163 223 225 251 251 251 
1 1 2 21 25 45 45 51 51 51 51 69 69 69 71 71 81 81 81 110 148 148 151 228 228 228 
93 241 
206 
74 
31 165 165 165 
1 1 
5 50 
41 
40 123 
170 
51 152 152 
232 232 232 
28 88 133 143 143 157 157 157 
20 177 209 209 
173 206 206 


36 120 162 218 218 
75 75 
198 198 
81 167 
206 206 

65 65 81 81 81 93 93 93 
39 39 54 54 113 166 204 204 
79 
99 99 146 146 

56 56 
9 196 
189 189 189 
2 
33 211 
4 208 

118 150 150 
84 84 183 183 183 
236 236 
205 
18 63 
237 237 
100 
43 43 110 204 
5 26 30 123 141 182 239 
66 73 
100 100 109 172 172 

96 

63 97 137 
5 5 5 7 7 47 47 47 58 58 58 74 81 81 86 86 88 92 102 102 102 116 143 149 251 251 251 
22 106 113 177 177 195 245 245 
29 29 67 147 191 
18 18 60 60 90 155 167 167 174 174 
26 26 
14 14 14 186 
62 166 166 
70 122 
185 
6 
249 
58 58 58 252 252 
67 

75 75 125 233 
7 86 86 102 102 102 170 170 
122 122 
251 251 
5 5 
6 6 33 59 
152 

152 
7 
5 
8 21 81 131 151 151 151 153 153 153 
96 
117 
26 
164 164 164 
217 
5 5 
142 142 243 243 
0 190 190 
20 26 26 193 193 
5 5 5 55 91 
30 196 
66 96 96 127 127 
154 
63 
5 42 56 94 235 235 
5 5 136 
43 43 58 107 151 151 151 204 204 

8 8 60 71 

213 
21 
41 41 81 81 81 152 152 152 203 203 203 220 220 
58 214 214 

5 5 
100 100 
