nodes: 256 edges: 457
60 190 236 
21 105 148 148 153 158 
153 184 
35 55 55 55 
18 32 86 86 138 146 186 
26 26 38 42 68 68 81 81 94 98 102 108 123 123 133 141 142 143 143 159 159 203 203 221 238 243 244 254 
212 222 222 
41 74 74 81 86 97 124 138 203 203 218 226 226 
25 81 81 135 135 215 247 
182 182 182 
78 78 
33 44 

37 37 
18 18 32 51 51 53 53 138 139 146 152 152 180 180 208 208 

89 95 
66 66 84 84 
4 14 14 27 27 34 34 51 63 90 137 139 139 139 152 152 154 186 206 
62 
98 237 237 
1 153 228 250 250 
204 
34 

8 81 81 153 153 
5 5 33 59 59 62 62 72 72 82 98 108 122 122 166 166 196 207 231 234 237 
18 18 153 153 155 236 
88 203 
67 
64 64 230 230 
38 
4 14 
11 26 122 185 
18 18 23 
3 53 162 
170 
13 13 122 
5 31 
127 127 134 134 134 177 177 177 177 

7 138 160 
5 243 
69 69 69 69 195 195 245 245 
11 118 118 118 222 


52 152 203 
58 

159 
14 14 18 149 149 149 153 153 153 163 
47 
14 14 35 81 
177 
3 3 3 121 
181 181 
65 93 131 131 131 
48 129 203 203 214 214 245 
26 26 
0 69 69 146 152 223 247 247 247 
120 
19 26 26 209 
18 242 
30 30 
57 93 176 
17 17 84 197 197 197 
29 215 
5 5 
43 43 43 43 60 60 76 146 153 153 153 

148 151 151 151 153 247 247 
26 26 
109 
7 7 156 156 203 
171 203 205 205 205 217 
69 

10 10 89 93 
178 178 

5 5 7 8 8 25 25 53 85 85 85 93 93 153 153 153 160 173 173 176 203 203 228 238 238 251 251 251 
26 122 
113 113 204 
17 17 66 100 109 127 187 
81 81 81 
4 4 7 203 
115 253 253 
28 165 203 
16 78 
18 137 152 206 242 242 
121 238 238 
203 226 
57 65 78 81 81 176 201 241 
5 112 232 243 
16 
144 200 200 200 240 
7 130 
5 20 26 
179 251 
84 172 187 198 255 255 
106 106 
5 143 143 143 203 203 
230 231 
152 152 152 
1 164 
101 101 145 204 204 
119 
5 26 234 
73 84 127 198 198 198 


94 
83 83 177 204 246 
142 
87 

209 230 
44 44 44 188 
107 152 
61 170 206 206 
55 91 238 238 
26 26 33 37 82 210 219 
5 5 
7 226 226 

135 147 
39 39 84 109 229 
153 
58 
97 
57 57 57 

5 165 227 
39 39 39 
8 8 126 
244 
18 90 202 
4 7 14 41 
14 18 18 18 

5 196 
5 114 235 
5 5 102 102 102 165 201 203 
96 
106 204 
4 14 60 69 152 
126 205 
1 1 71 153 153 
51 51 51 203 

71 71 71 153 153 228 228 245 
14 14 18 18 47 60 90 104 104 104 119 146 163 163 225 251 251 251 
1 2 21 25 25 27 27 51 51 51 69 69 69 71 81 81 81 128 148 148 151 151 
18 241 
27 
74 74 199 
158 165 
1 157 164 
5 5 50 
41 81 

35 
51 152 152 
105 158 232 232 
88 133 143 157 
26 26 177 177 204 204 209 


185 
36 120 206 218 218 218 
75 
100 198 198 222 
81 81 176 176 206 


65 81 93 173 173 224 
39 39 39 39 54 113 166 166 204 
79 79 
99 
14 14 
56 56 
9 9 9 
189 
2 
33 169 211 
4 18 
84 100 
118 
183 
0 236 236 


237 253 

43 43 204 245 
26 141 239 239 239 
66 66 66 248 
100 109 109 109 172 172 
156 
96 96 96 
93 143 
137 
5 5 7 7 28 47 58 58 74 75 81 81 86 88 92 102 102 143 149 233 233 233 233 251 251 251 252 252 
22 83 106 106 113 145 166 166 177 195 245 245 
75 75 75 147 
18 90 120 120 170 173 250 
26 
14 14 
62 117 166 
122 
185 
6 222 222 222 

58 58 252 
8 67 
229 
75 233 
7 170 170 170 
122 
251 
5 240 
6 6 44 172 212 212 212 
60 
176 
152 
7 7 92 124 124 
133 
21 81 151 151 
127 216 
30 30 103 117 
26 103 
94 164 164 
203 203 203 203 217 
26 108 
142 243 
0 27 190 190 
20 20 26 193 
5 81 81 91 91 121 121 
196 196 196 
96 221 
93 154 
63 90 90 
5 42 94 235 
5 136 
43 43 58 151 195 204 204 
113 
8 60 60 60 71 71 
197 

21 21 206 
81 81 81 99 152 152 152 203 203 203 220 
203 203 214 
87 87 193 
5 
100 100 
