nodes: 256 edges: 791
60 190 190 236 236 
148 148 148 148 148 153 158 158 232 232 232 
153 184 184 184 184 
35 55 55 55 55 
18 86 86 86 86 138 138 146 186 186 
26 26 38 42 42 42 56 56 68 81 81 94 98 98 102 102 103 103 103 108 108 123 141 142 142 143 143 143 159 196 196 203 221 227 234 234 235 235 238 238 244 248 254 
132 132 132 212 
41 74 81 86 86 97 124 203 226 
25 25 25 81 135 135 228 228 247 
182 
78 78 78 78 78 
44 44 222 
227 227 227 
37 
18 18 18 32 47 51 51 53 53 138 138 138 139 146 152 152 180 208 
33 231 231 
78 78 89 95 95 95 
66 66 66 84 84 
4 14 14 14 27 27 27 34 34 51 51 51 61 90 90 137 139 139 152 152 186 206 206 206 
62 62 
166 166 237 237 
45 45 52 52 153 153 153 228 250 250 
204 
34 34 
152 152 152 
8 8 8 81 81 153 153 
5 5 33 49 49 49 62 70 70 70 72 72 72 82 82 82 87 87 98 98 108 122 122 141 141 141 166 196 196 196 207 207 222 222 234 234 234 234 237 237 237 249 
18 18 18 
88 165 165 203 203 203 203 203 
67 67 205 205 
64 64 175 182 196 196 230 230 239 
38 152 157 
14 
15 26 44 122 150 169 172 185 197 222 222 
18 18 23 23 192 
3 53 53 53 
58 170 
13 134 134 169 169 
5 31 42 
127 127 134 134 166 177 177 
161 161 161 161 
7 138 160 160 160 160 160 251 251 251 
5 5 5 38 81 81 81 243 
69 69 69 195 195 245 245 245 
11 11 33 59 59 118 222 222 
21 21 153 
102 
14 52 152 152 157 203 203 203 203 
58 58 60 60 60 60 60 152 
26 26 26 84 100 100 100 
123 123 159 
14 14 18 18 18 149 149 149 153 153 153 163 
21 21 47 99 99 99 
14 14 35 35 35 81 81 81 
113 177 177 177 
3 3 3 3 121 238 
5 5 181 181 227 
93 131 131 131 131 154 
36 48 48 104 129 152 152 203 203 214 245 245 252 
44 44 222 
0 48 48 48 48 48 69 69 69 76 152 152 152 206 206 206 223 223 236 236 247 247 247 
18 120 120 120 120 
19 19 26 209 
137 242 242 242 
30 30 
176 176 176 
17 17 17 84 84 197 197 
29 29 215 215 215 
5 
43 43 43 60 60 60 146 146 153 153 153 153 153 
26 26 26 122 122 122 210 210 210 
148 148 151 151 151 151 153 153 153 247 247 
26 26 26 

7 156 156 216 
126 126 126 147 171 205 217 217 217 
60 
122 
10 10 10 10 10 16 16 89 89 89 
111 111 178 178 178 178 
137 137 137 
5 5 7 8 25 25 42 42 42 53 53 53 85 85 85 93 153 153 153 160 160 176 203 228 228 238 251 254 254 254 
26 26 26 122 122 122 
113 113 204 204 
17 17 49 66 66 100 109 109 183 187 187 187 197 197 222 
81 81 81 228 
4 4 4 4 7 7 203 203 
26 26 115 237 253 253 
28 165 165 203 
16 78 78 78 
18 18 152 152 152 152 
121 121 238 238 238 

57 81 154 154 176 176 176 201 241 
5 112 243 243 243 
16 16 16 
144 144 200 200 200 229 229 240 240 240 240 
7 130 130 
5 5 26 26 213 237 
52 52 52 179 179 179 179 251 
49 49 49 84 109 109 172 172 187 194 194 255 255 
106 106 
5 5 46 143 143 143 203 203 218 218 234 
5 5 5 231 
58 129 129 152 

101 101 145 204 204 204 204 
119 119 152 245 
5 5 26 234 234 
84 84 100 100 127 127 194 194 198 
195 233 
79 79 
94 
54 83 83 177 177 204 204 204 246 246 
142 
87 

209 
44 188 188 
107 107 152 152 
61 61 61 61 170 170 170 206 206 206 
55 91 91 238 
26 26 33 70 70 70 77 82 82 82 210 219 
5 50 50 161 
7 226 226 226 226 
217 
75 75 75 147 
39 39 109 109 189 189 240 
153 153 
58 104 104 
97 97 
57 57 57 57 228 228 
6 6 6 
165 227 227 227 
37 37 39 39 169 
8 8 
244 244 244 244 244 
18 63 80 80 80 202 202 
4 4 14 14 14 41 
14 18 18 

5 26 26 26 
5 5 114 159 227 235 235 235 
5 5 5 102 102 102 149 149 149 165 165 201 201 203 203 
96 96 240 240 
106 204 204 246 
4 14 69 69 152 152 179 
75 126 
1 1 1 1 1 71 71 153 153 
51 51 51 143 143 143 203 203 203 
33 188 188 188 
71 71 71 71 153 206 228 228 245 245 245 245 245 
14 14 18 18 24 24 24 31 47 47 48 58 58 60 60 60 90 90 90 90 104 107 119 119 146 146 163 163 223 225 251 251 251 
1 2 21 21 21 25 25 45 51 51 51 69 69 69 69 69 71 71 71 81 81 81 128 128 148 148 151 228 228 228 228 
57 93 93 176 176 241 
206 
74 74 199 199 
31 47 158 165 165 165 165 
1 1 157 164 
5 50 142 
41 41 41 41 41 81 81 
40 40 40 40 123 
170 238 238 
51 152 152 
158 232 232 
28 28 88 88 133 143 143 157 157 157 157 
20 20 26 39 177 177 177 204 204 204 204 209 209 
173 173 173 
215 
33 37 37 134 185 
36 120 120 120 162 174 174 206 206 218 218 218 218 218 
75 217 
33 100 100 198 
167 167 167 176 176 
170 170 
30 
65 65 65 81 93 93 93 154 154 173 173 224 
39 39 54 54 54 113 113 166 166 166 204 204 204 
79 79 79 79 
99 99 99 99 146 
14 
56 56 
9 30 196 
84 189 189 189 189 
2 2 2 2 228 228 
33 169 211 
4 4 18 208 208 208 
84 84 84 100 
118 118 150 150 150 
127 127 183 183 183 183 
0 0 236 
205 205 
34 
237 237 253 
100 100 109 109 
43 43 110 204 245 245 
5 5 26 26 26 30 30 182 
33 66 66 84 84 248 248 248 
109 172 
156 156 
96 96 96 
93 143 143 
137 137 
5 7 28 28 28 28 28 47 47 47 47 58 58 81 86 86 88 102 102 143 143 149 149 149 220 220 233 233 251 251 251 252 252 
22 83 83 106 106 106 106 113 113 113 145 145 166 166 166 166 177 177 177 195 244 245 245 245 
29 29 75 191 191 
18 18 18 60 60 60 120 120 120 151 155 170 170 250 
26 26 
14 186 186 186 
62 117 166 166 
70 70 70 122 
185 
6 222 222 222 
98 249 
58 252 252 252 
67 67 67 168 
74 
75 75 75 125 171 233 233 
102 102 170 170 170 170 170 
122 
203 203 251 251 
5 240 
11 26 26 33 33 44 44 59 84 212 212 212 
60 60 152 
176 
152 
7 124 124 124 124 
5 12 12 12 56 133 133 133 142 
8 8 21 81 81 85 131 131 151 151 153 153 153 153 184 184 
96 96 240 240 
30 30 
15 15 103 
1 1 1 164 164 
110 203 203 217 217 
5 5 26 26 26 26 102 108 108 
5 5 142 142 142 243 243 243 243 
0 0 60 60 190 
20 20 26 26 26 87 98 193 193 253 253 
5 5 55 81 91 91 91 121 162 162 
30 
96 96 96 96 127 144 144 221 229 229 
93 154 
63 63 63 
42 94 94 94 235 235 235 235 
5 136 136 136 136 136 204 
43 43 43 58 58 107 151 151 151 151 151 195 195 204 204 204 
113 113 145 
8 60 60 60 71 71 
5 197 197 197 
26 213 
21 21 206 
41 41 41 81 99 152 152 152 203 203 203 220 220 
58 203 203 214 214 214 
87 87 193 237 237 
5 81 81 81 
100 100 
