nodes: 256 edges: 762
60 190 190 236 
21 105 105 148 148 148 158 
153 
35 55 55 
10 18 32 32 86 86 86 86 138 138 186 186 186 186 
26 26 42 56 68 81 81 81 94 98 98 102 102 108 133 141 142 142 143 143 196 196 203 203 221 221 221 221 221 227 227 234 234 234 243 248 254 
132 132 132 132 212 212 222 222 
74 74 86 124 124 130 130 138 203 203 218 226 226 226 
25 25 25 25 81 135 228 228 247 247 
182 182 
4 14 14 78 78 
44 44 44 44 106 
227 
37 211 
10 10 18 18 32 32 47 47 51 51 53 53 138 139 139 152 152 
231 231 
78 78 89 89 89 95 95 
66 66 84 84 84 
4 14 14 27 27 27 34 51 51 61 61 90 90 137 139 139 152 154 154 154 154 154 186 186 192 206 206 206 
62 
166 166 237 237 237 237 237 
1 45 52 52 52 153 228 250 250 250 250 

34 34 34 34 
152 152 
8 8 8 8 81 81 153 153 179 
5 5 33 44 49 49 49 59 62 70 72 72 82 82 82 84 84 87 98 108 108 122 122 122 166 166 166 196 207 222 231 231 234 234 234 237 237 237 249 
18 18 18 153 153 
88 88 203 
67 67 205 
64 64 182 239 
38 38 38 38 38 152 152 
4 4 14 14 
26 44 122 150 185 185 222 222 
18 23 23 23 23 
3 
58 170 170 170 
13 122 122 122 122 134 169 169 
31 31 31 31 31 42 42 42 
127 127 127 127 127 134 134 166 177 
161 161 
138 160 160 160 160 251 
5 38 38 38 81 81 125 243 243 243 
69 69 69 195 245 245 
11 11 11 11 26 33 59 59 118 
21 153 

14 14 52 152 152 203 203 203 203 203 
58 58 60 60 152 152 
26 26 26 100 100 
77 123 
14 14 18 18 149 149 149 153 153 
21 21 21 47 99 99 99 99 
14 14 81 81 
113 177 177 
3 3 121 121 238 238 
5 181 181 227 
93 93 131 131 131 131 154 154 
36 48 48 104 152 152 152 203 203 203 245 245 245 252 252 
26 44 44 134 
0 48 48 69 69 69 76 76 146 152 152 152 206 223 236 236 247 247 247 
18 18 120 120 
19 26 209 
137 137 137 192 202 202 242 242 242 242 
30 30 
93 176 176 
17 17 84 84 197 240 
29 29 215 215 215 
5 
43 43 43 60 60 60 146 146 153 153 153 
26 122 122 122 210 210 
131 131 148 148 148 151 151 151 151 153 153 153 153 247 247 
26 26 
197 197 
7 7 156 156 156 
126 126 126 147 171 171 171 205 205 205 217 217 217 
60 60 
50 122 122 
10 10 16 16 89 89 
178 178 178 178 
137 137 
5 5 5 8 25 25 42 42 53 53 85 85 85 93 151 153 153 153 160 173 173 176 176 176 203 203 228 251 251 254 254 254 254 254 
26 26 26 122 122 122 
113 113 204 
17 17 17 26 26 66 66 109 109 109 127 183 187 187 187 189 197 197 197 
81 81 81 228 228 
4 4 4 4 7 203 203 203 218 218 218 
26 237 237 237 253 253 
28 28 203 203 
16 16 16 78 78 
18 18 152 152 152 152 206 206 206 
121 238 238 
203 203 
57 57 65 81 111 111 154 154 154 201 201 241 
5 112 112 112 243 
16 16 137 
144 144 200 200 200 229 240 
130 
5 5 26 213 
52 52 52 52 179 179 179 179 251 
49 49 109 172 172 172 187 198 198 255 
106 106 106 
5 5 143 143 143 203 203 218 218 218 218 234 
230 
58 129 152 
1 1 
11 101 101 101 145 145 204 204 204 
119 152 152 245 
5 26 26 234 234 234 234 
84 84 84 100 127 
153 195 233 
93 93 178 
94 94 94 
54 83 83 177 177 204 204 204 246 246 



209 230 
44 188 
107 152 
61 61 170 206 206 
55 55 91 238 
26 26 26 33 37 37 37 37 70 70 70 77 77 82 82 82 210 219 219 219 219 
50 
7 7 226 226 
42 
75 75 75 135 135 135 147 147 147 147 147 
39 39 39 39 39 84 109 189 189 216 229 229 240 240 240 
153 153 
104 
7 7 97 
57 57 57 57 71 71 228 
6 6 6 6 
5 227 227 
37 39 39 59 
8 126 126 126 
244 244 
18 63 63 63 80 80 95 202 
4 4 7 14 41 
14 14 18 18 

5 196 
5 5 159 235 
5 5 102 102 102 149 149 165 165 201 201 203 203 
96 96 240 
106 106 204 
60 69 69 152 152 179 179 179 
75 126 126 126 126 126 
1 1 1 71 71 71 153 153 
51 51 51 143 143 
33 188 188 188 
71 71 71 71 81 153 153 153 206 228 228 245 245 245 
14 14 18 24 24 31 31 47 47 48 48 58 58 58 60 60 60 90 90 90 90 104 107 107 119 146 146 163 163 223 225 251 251 251 251 251 
2 21 25 25 27 27 45 51 51 69 69 69 71 71 71 71 81 81 81 110 128 128 148 148 151 151 151 228 228 228 228 
18 18 18 18 18 57 57 93 93 93 176 176 
236 
74 74 74 199 199 199 203 
165 165 
1 164 
142 
41 41 41 41 81 190 
40 40 

152 152 
158 232 
143 143 157 157 
20 20 26 26 26 39 177 177 177 204 204 204 209 
173 206 206 206 

37 37 185 
36 36 36 120 174 206 206 218 218 218 
75 75 75 
100 100 100 198 198 
81 81 167 176 176 
170 206 
239 
65 65 81 81 81 154 154 173 173 
39 54 54 113 113 166 166 166 204 204 204 
79 79 79 79 111 
25 99 99 99 99 146 146 146 

56 56 
9 9 30 
84 189 189 189 
228 
33 33 169 
4 4 4 4 18 18 208 208 208 
84 84 84 100 
118 150 150 150 
84 127 127 183 183 183 
0 0 160 236 236 
205 205 
18 63 


43 110 204 204 
5 5 26 141 239 
66 73 73 84 84 84 248 
100 100 172 172 
156 156 156 
96 96 96 
93 93 143 143 
63 63 137 
5 5 7 7 28 47 47 47 47 47 58 58 58 81 81 86 86 86 88 88 92 92 102 102 143 143 156 220 220 233 251 251 252 252 
83 106 106 106 113 113 113 145 166 166 166 177 177 177 195 195 244 245 245 
29 75 75 75 191 191 
18 18 18 60 90 90 90 120 120 151 167 167 167 170 170 174 
26 
186 186 186 
62 117 166 
70 70 122 
13 
6 6 222 
98 249 
252 
67 67 67 
127 
75 75 75 
7 86 86 86 102 102 102 102 170 170 170 
122 122 122 122 
203 203 251 251 251 
5 5 5 5 5 
6 6 26 33 33 212 
60 152 

152 
7 7 7 124 124 
5 5 12 56 133 133 
8 8 21 81 85 85 131 151 151 153 153 153 153 184 
96 127 127 240 
103 117 
15 15 26 26 
164 
110 203 
5 5 5 26 26 26 102 108 108 108 108 
142 243 243 243 
0 60 60 155 190 190 
20 20 20 20 20 26 26 26 87 87 87 253 253 
55 55 91 91 121 
30 175 196 
66 96 127 127 127 144 229 
93 
63 63 63 63 
5 42 42 42 94 235 235 235 
136 136 204 
43 43 58 58 58 107 151 151 151 204 204 
113 113 
8 8 60 60 60 71 71 
5 197 
26 213 
21 21 21 21 
41 81 81 99 152 152 152 152 152 203 203 220 220 220 
58 58 203 203 214 
87 87 237 237 
5 81 81 81 81 81 
100 
