nodes: 256 edges: 479

21 21 148 153 158 
153 184 184 184 
35 35 55 55 55 
10 10 10 18 18 32 86 
26 42 42 68 68 81 94 98 98 102 103 108 123 143 159 159 196 203 203 221 221 234 234 243 243 248 
132 132 212 
74 86 97 124 130 203 226 
25 25 81 81 135 148 228 247 
182 182 
4 4 4 14 
44 44 106 222 
227 
37 37 
10 18 47 53 53 53 53 138 138 138 152 152 152 180 180 
231 
78 95 95 
84 
4 4 14 27 27 27 34 34 51 61 63 90 90 139 152 152 152 154 154 186 206 206 

166 237 
1 1 45 52 153 153 228 228 228 250 250 250 
204 
34 
152 
8 8 81 153 
5 49 62 72 87 108 108 141 141 166 196 207 207 234 234 234 249 
18 18 18 153 153 155 236 
165 203 203 
67 67 205 
64 64 182 230 239 
38 
4 
44 185 197 
18 18 23 
3 3 53 53 81 81 
58 170 
13 13 122 122 122 169 
31 
127 134 177 177 177 
161 203 
160 251 251 251 
5 5 125 243 243 
69 69 69 195 195 245 245 
11 11 33 59 118 222 
21 153 153 
102 110 
14 152 203 203 
60 60 
26 100 100 
159 159 
18 163 
21 99 99 99 
14 14 14 14 35 35 81 81 
113 177 177 
3 3 3 121 
227 
131 154 154 
36 152 152 203 214 245 252 
44 
48 48 69 69 76 152 152 152 206 206 206 236 236 247 247 
18 120 120 120 
26 
18 192 202 242 242 242 
30 30 
176 176 

29 29 205 215 215 
5 5 
43 43 43 60 60 146 153 153 153 
210 
148 148 151 151 153 153 247 
26 

7 216 
126 126 126 147 203 203 205 217 
60 
122 
16 89 93 
140 178 
137 
5 8 8 25 35 35 53 53 85 85 85 93 93 93 151 153 153 173 176 203 203 228 228 228 238 251 251 251 254 
122 
113 204 
17 109 187 187 189 197 197 
81 81 81 
4 7 203 218 
26 237 237 253 
236 
78 
18 18 152 152 206 242 
238 
226 
78 81 81 81 154 176 176 201 241 
5 112 112 243 
16 16 137 
144 200 229 240 240 240 
7 130 130 202 
5 5 237 237 
52 52 52 146 179 179 179 
49 49 172 172 198 198 

5 46 143 143 143 143 203 203 203 234 
5 231 
129 152 

11 204 
119 152 
5 26 26 234 234 
84 
46 153 
178 
94 94 
54 83 177 204 246 
142 

203 

44 
107 152 
61 61 61 206 
55 238 
37 37 37 77 82 210 219 219 
5 161 196 
7 226 226 226 
42 
75 75 75 135 
39 189 229 229 240 240 
153 
104 
7 97 97 
57 
6 6 
227 227 
39 
8 126 
244 244 244 
80 95 202 
14 14 14 
18 
79 
26 26 
114 159 235 235 235 235 
5 102 102 102 102 165 203 
96 

69 99 152 152 152 
75 
1 8 71 71 153 153 

188 188 
71 71 81 153 153 206 228 
14 14 14 18 18 18 24 47 58 58 60 60 60 90 90 104 107 119 146 146 146 225 251 251 251 251 
1 2 21 21 25 27 27 45 45 69 69 69 71 71 81 81 110 128 148 148 151 151 228 228 228 
18 18 57 57 93 241 
27 236 
199 
165 
1 164 
5 5 50 50 142 
41 190 
40 123 
238 
51 
158 232 
28 143 157 203 
20 26 177 177 204 
173 206 206 

37 185 
36 174 174 206 206 206 218 218 
217 
100 100 198 
81 167 176 176 
170 170 

65 65 81 93 93 173 173 
39 39 39 54 54 113 166 166 
79 111 
99 99 99 
14 14 

9 9 30 
189 
2 2 2 228 
33 169 
18 208 208 208 
84 84 
150 150 
84 127 183 
160 
205 
63 
253 

43 43 204 245 
5 26 123 
33 84 84 248 248 
100 100 172 
156 
96 
93 
63 97 137 
5 5 7 28 28 40 47 47 58 75 75 81 81 86 102 102 102 116 143 165 251 251 251 
22 83 106 113 166 195 244 245 245 
29 67 75 191 
18 18 60 60 60 90 120 151 167 167 170 170 170 
26 26 
186 186 186 

70 122 

6 222 

58 252 
67 67 
74 
75 171 
86 170 170 
122 122 

5 5 
11 44 212 


152 
7 92 124 124 124 
12 56 133 133 
8 21 21 21 81 81 81 151 153 153 153 184 
96 127 127 240 
30 
15 103 
164 

5 5 26 26 26 102 108 108 
142 142 142 142 243 243 243 243 
27 60 60 88 155 
20 87 87 98 98 
81 91 121 162 
30 
96 96 96 127 127 229 
93 154 
63 63 63 90 
5 5 42 42 94 235 235 235 235 
136 136 136 204 
43 43 58 195 204 204 
113 
8 60 60 71 
5 197 197 
26 
21 21 21 
41 41 41 81 81 81 152 152 152 152 203 203 203 
58 214 
87 193 
81 

