nodes: 256 edges: 760
60 190 190 190 236 236 
21 21 105 148 148 148 148 153 158 158 164 232 232 
153 153 184 184 
35 35 35 35 55 55 55 55 55 
10 10 10 18 18 32 32 86 86 86 86 138 146 186 186 186 186 
38 38 38 42 81 103 108 123 133 142 142 143 143 159 203 203 221 227 234 234 238 238 243 
132 132 132 132 212 222 
41 41 74 74 74 81 97 124 124 124 130 138 203 218 226 226 226 
25 25 25 25 25 135 135 228 228 247 
127 
4 4 4 14 78 78 
44 44 222 
227 227 227 
37 37 37 211 
10 18 32 32 47 51 53 53 139 139 152 152 
33 231 231 
78 78 89 89 93 
66 66 66 84 84 
4 4 14 27 27 34 51 51 51 61 90 90 90 139 139 139 139 152 154 186 192 206 206 
62 
237 237 
1 1 45 45 45 52 153 228 228 228 250 250 250 250 250 

34 34 34 34 34 
152 
8 8 8 8 8 153 153 153 179 
33 49 49 59 62 62 70 70 72 72 82 87 87 98 98 122 141 207 207 222 234 237 237 
18 18 153 153 155 236 
88 203 203 203 203 
67 67 67 205 205 
64 175 175 182 196 196 230 230 
38 38 79 152 157 
4 4 14 14 
15 26 44 59 122 122 122 150 169 197 222 222 
18 23 23 23 23 23 192 
3 3 3 3 53 81 
58 170 170 170 170 
13 13 13 122 122 134 134 134 169 
5 5 5 31 31 42 

161 
7 7 138 138 138 160 160 251 251 
5 38 81 125 125 243 
195 245 245 245 
11 11 33 59 59 118 118 118 118 222 
21 21 21 153 
102 110 
14 152 152 203 203 
58 58 58 60 60 60 152 152 
26 26 84 100 100 
77 159 
14 18 18 18 149 153 153 153 163 
21 99 99 99 
14 14 35 81 
113 177 177 177 177 177 
3 3 3 3 3 121 238 238 
181 227 
65 131 131 131 154 154 154 
36 48 48 48 104 104 129 152 152 203 203 203 214 214 252 
26 33 44 44 222 
0 48 48 48 69 69 69 76 146 152 152 152 206 206 223 223 236 247 247 247 
18 120 120 120 
19 26 26 
137 137 192 202 202 202 
30 
57 176 176 176 176 
17 17 17 84 84 84 197 197 
29 29 29 205 215 215 215 215 

60 60 60 146 153 153 
26 26 122 210 
131 131 148 151 151 151 153 153 153 247 
26 26 
109 197 
7 7 7 156 203 216 
126 126 126 147 171 171 203 203 205 217 
60 
50 122 122 
10 10 16 16 89 89 89 93 
31 111 178 178 178 178 

5 7 35 42 53 85 85 85 85 85 93 153 153 160 160 173 173 173 176 228 228 251 251 254 254 254 
26 122 122 122 
113 113 113 204 
17 17 49 66 66 66 100 109 109 127 127 127 187 187 197 
81 81 81 81 81 228 
4 4 4 4 203 203 218 
26 26 115 115 237 237 237 253 253 
28 165 203 203 236 
16 16 78 78 78 
18 18 18 152 152 206 206 242 242 
121 238 
203 226 
16 78 81 154 176 176 201 201 241 241 
112 112 232 243 243 243 
137 
144 144 200 229 229 240 240 240 240 
7 130 130 
26 26 213 237 
52 52 52 146 173 179 179 251 251 
49 49 84 109 109 109 172 187 194 194 198 198 255 
106 106 106 106 106 
46 143 143 203 203 218 218 218 234 
5 230 231 
58 58 129 129 152 
1 164 
101 101 101 101 101 145 145 204 204 204 204 
119 119 152 
5 234 234 234 234 
73 84 84 100 100 100 194 194 194 
46 153 153 233 
79 
94 94 
54 83 83 83 177 177 177 204 246 246 246 

87 87 
203 

44 44 44 44 188 188 188 
107 107 
61 61 61 170 206 206 206 
55 91 238 
26 33 33 33 37 37 70 77 77 82 82 82 210 219 219 
5 161 161 161 
7 7 7 226 226 226 
42 42 
75 75 75 135 135 147 147 
9 84 84 84 187 189 189 189 229 229 229 240 240 240 
153 153 153 153 153 
58 104 104 
7 97 97 
57 57 57 71 71 
6 6 6 6 
5 227 227 227 
37 37 37 
8 8 126 126 
244 244 
63 63 95 202 202 
4 7 41 41 41 
14 14 18 18 18 18 

26 196 
5 5 159 235 235 235 
5 5 102 102 149 201 201 201 203 203 
96 96 240 240 240 
106 106 204 204 246 
4 60 69 99 152 179 179 179 
75 126 126 205 
1 1 1 1 71 153 
51 143 203 203 
33 188 
71 71 71 153 153 228 228 
14 14 18 24 31 47 47 48 48 58 58 60 60 60 90 90 104 107 146 163 163 223 225 251 
1 2 2 21 25 25 25 27 27 45 51 51 51 69 69 71 71 71 81 81 110 110 128 128 128 128 128 148 151 151 228 228 228 
18 57 57 57 93 176 176 241 
27 206 206 236 
74 199 199 199 203 203 
31 165 165 
1 1 164 164 164 
5 50 142 
41 41 81 81 190 
40 123 123 123 
170 
51 152 152 
1 105 158 158 158 232 232 
88 157 157 203 
177 177 204 204 204 209 
173 173 206 

33 37 185 
36 36 36 36 120 162 218 218 218 
75 75 217 
100 198 198 198 
81 81 81 99 167 167 176 176 
206 206 206 
30 30 239 
65 65 65 65 81 93 93 154 154 173 173 224 
54 54 54 54 54 113 113 113 166 166 204 204 
79 79 79 79 
25 99 99 146 146 146 

56 
30 196 
189 
2 2 228 
169 211 
4 4 4 4 18 208 208 208 
84 84 100 127 
118 118 118 150 
127 127 127 183 
0 0 0 160 236 236 236 
205 250 
18 34 63 
207 237 237 237 253 253 
100 100 109 109 109 
43 204 204 204 245 245 
30 30 141 182 239 
33 66 66 73 84 248 248 248 248 
100 100 172 172 172 
156 156 156 
96 
93 93 143 143 143 
63 63 63 137 137 
5 5 7 28 28 28 28 47 47 58 58 58 74 75 75 86 86 88 88 92 102 102 116 143 143 149 149 156 156 165 220 220 233 251 251 252 
83 106 106 106 106 113 145 145 166 166 166 177 177 195 195 195 245 
29 29 67 75 147 191 
18 18 60 60 90 90 120 120 120 155 155 167 174 174 174 250 
26 26 193 
186 186 186 
166 
70 122 
13 185 
6 222 222 
98 249 
58 58 235 252 252 252 
67 67 67 67 
74 
75 171 233 233 
7 86 102 102 102 170 170 170 
122 122 
203 203 251 251 251 
5 
6 11 26 33 33 44 59 212 212 
60 60 152 
176 
152 
7 7 7 92 124 124 124 
5 12 12 12 56 133 133 133 
8 8 21 21 21 81 81 85 151 151 153 153 153 184 
96 96 127 127 127 240 240 
30 30 103 
15 15 103 
1 1 94 164 164 
110 203 217 217 
5 5 26 102 108 108 108 108 
142 142 142 214 243 243 
0 0 27 60 88 155 190 190 190 
20 20 26 26 87 87 87 98 193 193 193 253 253 253 
5 5 55 55 91 121 
175 196 
96 96 96 96 127 127 127 144 144 144 229 229 
93 93 154 
90 90 
5 42 94 94 94 235 235 
136 136 
43 43 43 195 195 204 
113 113 113 145 
8 60 60 60 71 
197 197 197 197 
213 
21 21 21 21 21 191 206 
41 41 81 81 99 99 152 203 203 220 220 220 
58 203 214 214 214 
87 87 193 193 237 237 237 
81 81 81 
100 
