nodes: 256 edges: 461
60 190 
105 105 148 158 158 232 
153 184 184 
35 55 
18 138 138 146 
56 56 68 81 81 81 98 98 98 102 102 103 123 123 133 143 159 203 203 203 221 221 221 227 227 234 235 
132 132 212 222 222 
41 41 74 74 74 81 86 86 124 124 124 203 203 218 218 226 
25 25 81 215 228 
182 182 
14 14 78 78 
106 

37 211 
10 10 18 18 32 47 47 47 51 53 138 139 139 146 146 152 152 152 180 208 
231 
78 78 89 93 95 
66 
4 14 14 27 27 27 34 34 51 51 61 63 63 90 139 152 152 152 154 186 192 192 206 
62 
166 
153 153 250 250 250 
204 
34 34 34 
152 
8 8 81 153 
49 49 59 70 72 82 87 87 98 98 108 108 122 122 141 166 166 166 231 
18 18 18 153 153 155 


64 175 230 239 
38 157 
14 
185 
18 18 23 23 23 192 
3 81 81 
58 170 170 
13 122 134 134 169 
31 42 
127 127 134 177 
161 203 
7 7 138 160 251 
38 81 125 243 
69 69 69 69 195 195 245 245 
118 
153 
110 
14 14 14 152 152 203 203 203 
58 58 60 60 60 60 
26 26 100 100 
123 159 
14 18 18 149 153 
99 99 
14 81 
177 
3 121 
5 5 181 181 243 
154 154 
36 48 48 104 104 152 152 152 203 203 203 245 252 
26 134 222 
0 48 48 48 48 69 69 69 69 76 76 152 152 206 206 206 236 236 
18 120 120 
19 209 
18 18 137 137 242 
30 
176 176 
17 84 197 

5 
43 43 43 43 60 60 60 60 76 146 146 153 153 153 153 
26 122 210 210 
131 148 148 151 151 151 153 153 153 
26 

7 7 7 203 
126 217 
60 60 69 

10 10 16 16 89 89 93 
178 
137 
5 5 5 7 8 25 35 35 42 53 85 93 93 93 151 153 153 153 173 176 203 203 228 251 254 
26 122 122 122 122 
204 204 
66 109 187 189 197 197 197 
81 
7 7 203 203 218 
26 26 

16 78 78 
18 137 152 152 206 242 
121 

16 78 81 81 81 154 176 201 241 
243 
16 
144 200 240 240 
130 130 
5 5 5 26 26 213 
52 52 179 251 
49 49 
106 106 
5 5 203 203 218 218 218 234 234 
5 
58 58 152 152 152 
1 1 164 
11 101 101 
119 
26 26 
84 194 198 198 
46 153 
178 

177 177 204 204 246 


203 

44 
107 152 
61 61 206 
55 91 
26 26 37 70 82 82 82 82 219 219 
5 5 50 161 175 196 
7 7 7 226 
42 217 
75 135 147 147 
39 39 187 229 229 240 
153 

97 97 
71 
6 6 
5 227 
37 37 39 59 
126 

63 63 80 90 
4 4 14 41 
14 14 18 

26 
159 159 159 
5 149 203 203 
96 240 
204 246 
4 14 14 69 69 152 152 152 
126 126 205 
1 71 71 153 153 
51 143 203 
188 
71 71 71 81 153 153 245 245 
14 14 14 18 18 18 24 47 47 58 58 58 60 60 90 90 104 104 104 119 146 146 146 163 163 163 251 251 
2 21 21 25 27 27 45 51 69 69 69 69 71 71 71 81 81 81 110 128 148 148 151 151 228 228 
18 57 57 93 241 
27 236 
203 203 
31 165 
1 1 
5 50 142 142 142 
41 
40 123 
238 238 
152 152 152 
105 
157 
20 26 26 26 177 177 204 204 209 
206 

37 
36 36 174 206 218 
217 

81 176 206 
170 206 
30 123 
65 65 81 93 173 
39 54 113 113 166 166 204 204 
79 111 
99 
14 
56 56 
9 9 
189 189 189 
2 2 228 228 
33 
18 208 
84 127 
150 
84 183 183 183 
0 236 236 
205 
18 18 34 
207 237 253 253 
109 
43 43 245 
123 239 
66 84 84 84 248 248 
109 109 

96 
93 

5 5 5 7 7 40 47 47 47 58 58 58 74 81 81 86 86 102 102 116 143 143 149 156 156 220 233 251 251 251 252 
22 83 83 113 113 145 166 166 177 177 244 245 
147 191 
18 60 60 60 90 120 167 170 173 174 
193 
14 186 
62 166 
70 70 
13 
6 
98 
252 
8 

75 125 171 
7 7 86 102 102 102 170 
122 122 
203 251 
5 5 5 
6 6 59 



7 124 
5 5 133 
8 81 153 153 184 184 
127 127 
30 
15 26 
1 
203 
5 102 102 
5 243 
60 60 155 190 190 
193 
162 162 
30 196 
96 96 127 144 
93 154 
63 90 
42 56 94 235 
204 
43 43 58 151 151 195 204 
113 145 

197 197 

21 21 21 
41 81 99 152 152 203 203 203 220 
58 203 214 
193 193 
81 

