nodes: 256 edges: 776
60 60 190 
21 148 148 148 148 153 153 153 158 232 
153 184 184 184 184 
35 35 55 55 55 
10 18 32 86 86 86 86 86 138 146 186 186 
26 26 38 42 42 42 56 81 81 94 94 94 98 98 98 102 103 108 123 133 133 133 141 142 143 143 143 203 203 221 227 227 234 235 243 244 248 254 
132 132 212 212 222 
41 74 74 81 86 124 130 130 203 203 218 226 226 
25 25 25 81 135 135 135 135 148 228 247 247 
127 182 182 
4 14 14 78 78 78 
44 44 44 44 
227 
37 37 211 
10 10 18 18 32 47 47 47 51 51 53 53 53 139 139 146 152 208 208 
231 231 
78 78 78 89 89 93 93 93 95 95 95 
66 66 84 84 
4 14 14 27 27 51 51 51 90 90 139 139 139 152 152 152 154 154 154 186 206 206 

98 237 237 237 237 
1 45 52 153 153 228 228 250 
204 
34 34 34 
152 
8 8 8 81 153 179 
5 5 33 44 49 49 49 59 59 62 62 62 70 72 72 72 82 98 98 108 141 141 166 166 196 207 207 207 222 231 231 231 234 234 234 234 237 237 237 249 
18 18 153 153 
88 88 165 165 203 203 
67 67 67 205 205 
64 175 175 175 230 230 239 239 
38 38 38 152 152 152 157 157 
4 14 
26 44 73 122 122 150 169 185 222 
23 23 23 192 
3 3 
58 
13 13 122 122 122 134 134 134 169 169 
5 31 31 31 42 42 42 
127 127 134 134 166 177 177 
161 161 161 161 
7 138 138 138 138 138 160 160 251 
5 5 5 38 38 38 81 81 243 243 243 
69 69 69 195 195 245 
11 11 11 11 26 33 118 222 
21 140 153 
110 
14 14 14 152 152 152 203 203 203 203 203 
58 58 60 60 60 60 152 152 
26 26 26 
159 159 159 159 
14 14 18 18 18 149 149 149 149 149 153 153 153 
21 99 99 
14 14 14 81 81 
113 177 177 177 177 
3 3 3 121 121 238 
5 181 227 227 
93 93 131 154 154 
36 48 48 104 129 152 152 203 203 203 214 214 245 245 252 
26 26 
0 0 48 48 48 48 69 69 69 76 152 152 152 206 206 223 247 247 247 
120 120 
26 26 26 209 
137 137 137 192 202 242 242 
30 
93 93 176 176 176 
17 17 84 84 84 197 197 
29 29 29 205 215 215 215 215 

43 43 43 60 60 60 153 153 153 153 
26 122 210 
131 131 148 148 148 148 151 151 151 153 153 153 247 247 
26 26 26 
33 197 
7 7 156 203 203 
147 171 171 171 203 205 217 217 217 
60 

10 10 10 16 16 16 89 89 
111 140 178 178 178 178 
137 137 
5 5 7 8 25 42 42 53 53 85 85 85 93 93 93 153 153 160 173 173 173 176 176 176 203 228 228 251 251 254 254 254 
26 122 122 122 122 
113 113 204 204 
17 17 66 66 66 109 187 187 187 187 189 197 197 197 197 197 222 
81 81 81 228 
4 4 4 4 4 7 203 203 203 218 218 218 
115 115 237 237 253 
28 28 165 203 
16 16 78 78 
18 18 152 152 152 152 206 242 
121 121 121 238 
203 203 
16 16 16 57 57 65 65 81 81 81 111 154 154 154 176 176 201 201 201 
5 5 5 232 243 243 243 243 
16 16 16 
144 200 200 229 229 240 
130 130 
5 5 5 20 26 26 237 237 237 
52 52 146 179 179 179 179 251 
109 109 109 172 172 194 198 198 255 255 
106 106 106 106 106 
5 143 203 203 218 218 218 218 234 234 
5 
58 129 152 
164 
101 101 101 101 101 145 145 204 204 204 
119 152 
5 26 234 234 234 234 
84 100 100 100 127 127 194 198 198 
46 153 153 
79 93 178 

54 83 83 177 177 204 204 246 246 246 

87 87 
203 

44 188 188 188 
107 152 
61 61 170 170 170 206 
55 55 91 91 91 238 
33 33 37 37 37 70 82 82 82 82 
5 161 196 
7 226 226 226 

135 147 203 
9 39 39 109 109 187 189 229 240 
153 153 
58 104 
7 7 97 97 
57 71 71 228 228 228 
6 6 
5 5 5 160 
37 37 37 39 39 169 
8 8 8 8 126 
244 244 
63 63 63 80 80 202 202 202 
4 41 41 41 41 41 
14 14 18 18 18 
45 79 
5 26 26 
5 159 235 235 235 
5 5 5 102 149 149 165 165 201 201 201 203 203 203 
96 240 240 240 
106 106 204 204 204 246 
4 14 99 152 152 152 179 179 179 
75 126 205 
1 1 1 1 8 71 71 71 71 153 
51 51 51 51 51 143 143 203 
33 188 188 
71 71 71 153 153 206 228 228 245 245 245 
14 18 18 18 24 31 31 31 47 47 47 48 48 58 58 60 60 60 90 90 90 90 104 107 119 146 146 146 225 251 251 251 251 
1 1 1 2 21 21 25 27 27 45 51 51 51 69 69 69 69 71 71 71 81 81 110 110 128 128 148 151 151 228 228 
18 18 18 57 57 93 93 93 176 241 241 
206 206 
74 199 
31 31 165 165 165 
1 164 164 164 
50 50 50 50 142 
41 41 81 133 190 
40 40 40 40 123 
238 

105 158 158 158 232 
28 28 88 143 143 157 157 157 
26 26 39 177 177 204 204 204 204 204 209 209 
173 206 206 206 
215 
33 37 37 134 
120 120 120 218 218 218 
75 75 75 217 
100 100 198 198 198 198 
81 81 81 167 176 206 
206 
30 30 30 
65 65 65 81 81 81 93 93 154 173 
39 39 54 54 54 54 113 113 166 166 204 
79 79 79 79 111 
25 99 99 99 99 146 146 146 

56 
9 9 196 196 
189 189 189 189 
2 2 2 2 228 
33 
4 4 18 208 208 208 
84 84 84 84 127 
118 118 118 150 150 
84 127 183 183 183 183 
0 160 236 236 
205 
34 63 
237 
100 109 
43 43 204 204 245 245 
26 123 182 182 239 
66 66 73 84 84 84 84 84 248 248 
100 100 109 109 172 172 172 172 
156 
96 96 
93 93 93 143 143 143 
63 137 137 137 
5 5 7 7 28 28 47 47 47 47 47 58 58 58 74 74 75 81 86 86 86 88 92 92 102 102 116 126 143 143 143 149 233 233 233 251 251 252 252 
22 83 83 106 106 106 113 113 145 145 145 166 166 166 166 166 177 195 195 245 245 
29 29 67 75 147 191 
18 18 60 60 90 120 151 155 155 167 167 167 173 174 250 
26 26 26 
14 14 186 186 186 
62 166 166 
70 
13 
6 6 222 222 
249 
58 58 235 252 
67 67 67 67 168 

75 75 75 171 233 
7 86 86 86 102 102 102 102 170 170 170 

251 
5 
6 26 33 44 84 212 212 
60 

152 
7 7 124 124 124 
5 5 12 56 56 
8 21 21 81 81 85 131 131 131 151 151 153 153 184 
96 96 127 240 
30 30 
15 15 26 26 26 
1 94 164 
203 203 203 217 
5 26 26 26 26 102 102 108 108 108 108 
5 142 142 142 214 243 243 243 
190 190 
20 20 20 20 26 26 26 87 87 98 98 98 193 253 253 253 
55 91 121 162 
30 30 196 
96 127 144 144 144 229 
154 154 
63 63 90 
5 42 42 42 94 94 94 94 235 235 235 
5 136 136 
43 58 58 151 151 151 195 195 204 204 
113 113 113 145 
8 8 60 60 60 71 71 
5 197 197 
26 213 
21 206 
41 81 81 99 152 152 152 152 203 203 220 
58 203 203 214 
87 237 237 237 
5 81 81 81 
100 100 
