nodes: 256 edges: 460
190 236 
21 105 148 148 148 153 232 
184 184 184 
35 55 
10 18 86 86 86 138 146 186 186 
26 26 38 38 81 81 102 123 133 141 141 142 142 143 143 159 203 203 221 221 227 227 234 234 238 238 243 244 244 248 248 254 254 
132 212 212 
41 81 86 86 97 124 138 203 203 218 226 
135 228 247 
182 
4 14 78 
33 33 44 

37 
10 18 18 32 47 53 53 53 138 138 146 152 180 180 208 
33 
78 78 89 93 95 
66 
4 14 14 27 34 51 51 90 90 90 139 152 152 152 192 192 206 
62 
166 237 
1 52 153 153 153 228 

34 

81 153 
5 5 33 59 70 87 98 108 122 166 166 196 207 231 237 237 249 
18 153 153 155 
88 165 203 203 203 203 
67 205 
175 196 
38 79 152 157 
14 
11 11 15 26 73 150 169 169 172 197 197 
18 23 
3 81 162 
170 
13 134 
5 5 31 42 
127 127 177 
161 203 
7 138 138 138 160 251 251 
38 81 243 243 
195 195 245 
11 118 118 

110 
14 152 157 
60 
84 
123 159 159 
18 18 153 153 153 
21 
14 14 14 81 
177 177 
3 121 
181 205 227 243 
65 154 
104 104 129 152 203 214 
26 
48 69 69 69 69 76 146 152 152 206 206 223 223 236 247 247 247 
120 120 
19 209 


57 176 176 
17 
29 215 215 

60 60 60 60 146 153 153 153 153 
26 122 
131 131 151 153 153 247 

33 109 
203 
126 147 147 171 171 205 205 217 
60 

10 16 16 89 93 93 
31 111 178 178 
137 
5 5 7 25 35 42 53 85 85 85 93 93 93 151 153 153 176 203 203 228 228 228 238 238 251 251 254 254 254 
122 122 
204 204 204 
49 100 109 127 127 183 187 187 189 189 197 
81 81 81 228 228 
4 4 4 7 7 203 218 
26 115 237 237 253 
28 165 236 
16 78 
18 18 18 206 206 206 
121 
226 
16 78 78 81 81 81 176 176 241 
243 243 
16 
200 229 229 240 
7 130 
26 213 
146 179 
84 109 109 109 172 
106 
5 143 203 203 218 218 234 

58 58 129 152 
1 164 
101 145 204 204 
119 
26 234 
73 84 100 100 100 127 
46 195 
79 178 

177 204 246 246 

87 

209 230 
44 44 188 
107 152 
61 61 170 206 206 
55 91 
26 70 82 82 219 
5 50 196 
7 226 

75 147 147 
39 39 84 84 109 189 240 
153 153 153 
58 104 
97 
71 71 228 
6 
5 227 
37 
8 
244 
80 202 
4 7 14 14 41 41 41 
18 

5 5 196 
5 5 159 235 
5 5 102 165 165 165 

106 204 204 246 
4 14 60 69 99 152 152 179 
75 75 126 126 
1 1 1 153 153 
203 203 
33 188 
71 81 153 206 228 245 245 
14 18 18 18 31 47 58 60 60 104 119 146 146 163 225 225 251 251 251 
1 21 21 21 25 27 27 51 51 51 69 69 69 69 71 71 81 81 128 128 128 148 148 151 228 228 
57 176 
27 206 
199 199 203 
31 47 165 
164 
5 50 50 142 
41 190 
40 
35 238 
152 
105 158 232 
28 88 143 143 143 157 203 203 
20 26 26 177 204 204 209 209 
206 206 

33 33 
36 120 206 218 
75 75 
33 100 198 222 
206 
206 206 
30 
65 65 81 93 93 154 224 
39 54 54 113 166 
79 79 111 
99 146 
14 14 
56 
9 
84 189 189 
2 2 2 228 
211 
4 4 208 
84 84 
118 150 
84 84 127 183 183 
0 160 
205 
18 18 
237 

43 43 110 245 
26 30 123 141 
33 33 84 
172 
156 156 
96 

137 
5 5 7 7 28 28 28 28 40 58 74 81 81 86 102 102 149 149 156 165 165 220 233 233 251 251 251 252 
83 83 83 106 106 113 145 145 166 166 245 245 
29 56 75 75 191 
18 60 60 90 90 90 120 120 151 155 167 167 170 173 174 174 
26 
14 186 
62 117 166 166 

185 
6 6 
98 
58 252 
67 67 

75 
7 86 102 102 170 
122 
203 251 
5 5 
172 
60 60 
176 
152 152 
7 92 124 
5 5 56 133 
8 21 81 81 81 85 85 131 151 153 153 184 
96 96 240 
117 
26 
1 164 
203 203 
5 5 102 108 
142 243 243 243 
0 60 88 
20 26 26 87 87 193 
5 5 81 81 162 

96 127 229 
93 

5 42 42 56 94 94 235 235 235 
5 5 136 
43 151 151 195 204 204 
113 113 145 
8 60 60 60 71 
5 5 
26 

41 41 81 81 152 152 152 203 203 203 220 
203 214 
87 
5 5 81 81 81 

