nodes: 256 edges: 782
60 190 190 236 
21 21 105 153 153 158 158 158 164 232 232 
153 153 153 184 184 184 184 
55 55 55 
10 18 18 18 86 86 138 138 186 186 
26 38 38 42 42 56 68 68 81 81 81 102 102 103 123 142 142 143 143 159 203 203 203 221 227 227 227 243 243 244 248 248 248 254 
132 132 132 132 212 212 222 222 
74 81 86 97 97 124 124 130 138 203 203 218 226 226 226 
25 25 81 81 148 215 228 247 247 247 
182 182 
4 14 14 78 
33 44 44 44 106 222 
227 227 227 
37 37 
10 10 18 32 32 47 47 51 51 53 139 152 152 152 180 180 
33 
78 89 89 89 95 95 95 
66 66 84 
4 4 4 14 27 27 27 34 34 51 51 63 63 90 90 90 137 139 139 139 152 152 152 154 154 154 186 192 192 206 206 
62 62 
98 98 98 166 237 237 
1 1 45 45 52 153 153 228 250 250 250 250 
204 
34 34 34 34 

8 8 81 153 
5 33 44 49 49 49 59 59 62 62 62 70 72 72 84 84 87 87 87 98 98 108 122 122 122 141 141 141 166 166 166 166 196 196 207 207 222 231 234 234 234 234 234 237 237 249 
18 18 18 153 153 236 
88 88 165 165 203 203 203 
67 67 67 205 205 
64 135 175 182 182 182 
38 38 152 152 157 157 
14 14 
11 15 26 73 172 185 185 
18 18 23 23 23 23 
53 81 81 81 162 
58 170 170 170 170 
13 13 122 169 
5 5 31 31 
127 127 127 127 127 134 166 177 177 177 
161 161 161 
138 138 160 160 160 251 251 251 
5 5 81 243 243 243 
69 69 69 69 195 195 245 245 
11 11 11 26 59 59 118 118 
21 21 153 153 153 
110 
14 14 152 152 203 203 203 203 
58 58 58 60 60 152 152 
26 26 26 
123 159 159 159 
14 14 18 18 149 149 149 149 149 153 153 153 153 153 
21 99 99 
14 35 
113 177 177 177 177 
3 3 3 121 121 238 
5 181 181 227 227 
65 131 154 154 154 
36 48 48 48 104 104 152 152 203 203 214 214 245 245 252 
26 26 44 44 134 222 
0 48 48 63 69 76 146 152 152 206 206 223 223 223 223 223 236 247 247 
120 120 120 120 120 
19 19 26 26 26 
18 18 60 137 137 192 202 202 202 242 242 
30 
57 176 176 176 176 
17 17 84 84 197 197 197 240 
29 29 29 215 
5 5 
43 43 43 43 60 76 146 146 153 153 153 
26 122 122 210 
131 148 148 148 148 151 151 151 151 153 153 153 153 247 
26 26 
33 
7 156 156 203 
126 126 126 147 147 171 171 205 205 217 217 
60 69 

10 16 89 93 
111 140 178 178 178 
137 137 137 
5 5 5 7 8 8 25 35 35 35 42 85 85 85 93 93 151 153 153 153 160 160 160 173 173 176 176 203 203 228 251 251 251 254 254 254 254 254 
122 122 
113 113 204 204 
17 26 26 66 66 109 183 183 187 187 189 189 189 197 197 
81 81 81 228 
4 4 7 203 203 203 218 218 218 
26 26 26 115 237 
28 28 165 165 203 203 236 
16 16 16 78 
18 18 18 137 152 152 152 152 206 206 206 
121 121 121 
203 
78 81 81 111 176 201 201 
112 243 243 243 243 243 
16 16 16 137 
144 144 200 229 240 240 
7 7 130 
20 20 20 26 26 213 237 237 237 
52 52 179 179 
172 172 172 194 198 198 255 255 255 
106 106 106 106 106 
5 5 143 143 143 143 203 203 218 218 218 218 
5 
58 58 
1 164 
11 101 101 101 101 101 145 145 145 204 204 204 204 
119 119 119 152 152 
26 234 234 234 234 
84 127 127 194 
46 153 195 233 
79 93 
94 
54 83 83 177 177 177 204 204 204 246 246 

87 
203 
230 
44 44 188 
107 107 107 
61 61 61 61 61 170 170 170 206 
55 55 91 91 91 238 238 
26 26 26 37 70 70 82 82 210 210 219 219 
5 50 161 161 161 175 
7 7 226 226 
217 
75 75 75 135 135 147 147 147 147 147 
39 39 39 39 39 109 109 187 
153 153 153 

7 97 
57 71 
6 6 6 6 
227 
39 59 169 
30 126 126 
244 244 
18 63 63 80 80 80 90 95 202 202 
4 4 7 41 41 
14 18 18 18 
79 
26 26 26 
5 5 159 227 235 235 
5 5 102 102 102 102 149 149 203 203 203 
96 96 240 240 240 
106 106 106 204 204 204 
60 69 69 152 152 179 179 
75 75 126 126 126 126 126 205 
8 71 71 71 71 153 153 
51 51 51 51 51 143 143 203 203 
188 188 188 188 
71 71 71 71 81 153 206 228 228 245 245 245 245 245 
14 14 14 18 18 18 31 31 47 47 48 48 58 58 60 60 90 90 90 90 107 107 146 146 163 163 223 225 225 251 251 251 
1 1 2 2 2 21 21 25 27 27 45 45 45 51 51 51 51 51 69 69 69 71 71 71 71 81 81 81 110 128 128 128 148 148 151 228 228 228 
18 18 18 57 57 57 176 176 241 
206 206 206 
74 74 199 199 199 203 
31 31 165 165 
1 1 1 164 164 
5 50 50 50 142 
41 41 41 81 81 81 
40 40 40 123 123 123 
35 
152 152 
1 105 158 158 232 232 
28 28 88 88 157 157 
20 26 26 26 26 39 177 204 204 204 204 209 209 209 
173 173 206 206 
215 
37 134 
36 36 36 36 120 120 120 174 206 206 218 218 218 218 
75 75 
33 100 100 100 198 198 
81 81 167 167 206 
170 
30 123 239 
65 65 65 65 81 81 93 154 154 
39 39 39 54 54 54 54 113 113 113 166 204 204 
79 79 79 
99 99 146 146 
14 14 
56 56 
9 9 30 30 30 
84 84 189 189 189 189 
2 2 2 2 228 
33 33 
4 4 18 208 208 208 208 
84 84 127 
118 150 150 150 150 
84 84 84 183 183 183 183 
0 0 236 
205 205 
18 18 63 
237 253 253 253 
100 109 
43 43 110 204 245 
26 26 239 
66 66 66 84 84 
100 100 172 172 
156 156 156 
96 
93 93 
63 63 63 137 137 
5 5 5 7 7 28 28 28 47 47 47 47 58 58 74 81 81 86 86 86 88 88 92 102 102 116 143 143 143 149 149 156 233 251 252 252 252 
22 83 83 106 106 106 106 113 113 113 145 145 145 166 166 166 166 177 177 195 244 245 
29 29 75 75 147 191 191 
18 18 60 60 90 90 90 120 151 155 155 155 167 167 170 170 173 
26 26 
186 186 186 186 
166 166 166 
70 122 122 249 

6 6 222 222 222 
98 
58 58 252 252 252 
8 67 168 
229 
75 75 125 
7 86 86 86 102 102 102 102 170 170 170 170 
122 122 
251 
5 
6 6 11 26 59 212 212 212 
60 60 60 60 60 152 

152 152 
7 7 7 124 124 
5 5 5 12 12 12 56 56 133 142 
8 21 81 85 151 151 153 153 153 184 
96 216 
117 
26 
1 1 164 164 
110 203 
26 26 26 26 26 108 108 108 108 
142 142 
0 27 60 88 190 
20 20 26 26 87 98 98 98 193 253 253 
55 121 121 
175 196 
66 96 96 144 144 144 
154 
63 63 
5 5 42 42 42 94 94 94 94 94 
5 136 136 204 
43 43 58 58 151 151 151 151 151 195 204 
113 113 
8 8 8 60 60 71 
5 5 5 
26 210 
21 21 21 21 
41 41 41 81 81 81 152 152 152 203 220 
58 203 203 203 214 214 214 
193 193 193 237 237 
5 81 81 81 81 81 
100 100 100 
