nodes: 256 edges: 455
60 190 190 236 236 
21 21 105 105 148 153 158 158 232 

35 55 55 
10 18 18 86 86 146 186 
26 42 42 81 94 98 103 123 133 133 141 159 203 221 221 227 235 243 244 248 254 
132 132 212 
74 81 97 130 138 203 203 218 218 226 
25 81 135 135 228 247 
182 
4 14 14 
33 44 106 
227 
37 37 
10 10 18 18 32 47 47 47 51 53 152 208 
231 
78 89 93 
66 
4 4 14 14 27 34 51 51 90 139 152 152 152 192 192 206 
62 
98 98 166 166 237 
1 1 45 45 52 153 153 228 250 250 



8 81 81 153 
5 33 33 33 44 49 70 72 82 82 84 87 98 166 166 166 207 222 231 234 234 237 237 249 
18 153 
88 165 203 203 
67 205 
64 175 175 175 230 
38 38 152 157 157 
14 
11 26 26 26 59 73 150 169 197 222 222 
18 
3 81 81 162 
170 170 
13 13 122 134 134 134 
31 31 42 
134 177 177 
161 161 
138 160 160 160 251 
5 5 38 125 125 125 243 
195 195 245 
11 26 59 118 118 
21 21 140 153 153 
110 
14 14 14 152 203 203 203 
58 60 60 
26 84 100 100 
77 123 
14 18 18 149 149 149 149 153 
21 99 99 99 
14 
177 177 
3 3 238 

65 93 131 154 
48 104 152 152 203 203 203 214 245 
33 44 
0 48 48 63 69 69 76 146 152 152 206 223 
120 120 
19 209 
60 137 202 242 
30 
57 176 
17 197 240 
29 205 

60 60 76 146 153 
26 210 210 
131 148 148 151 151 153 153 247 247 
26 
33 
7 156 203 203 
203 203 205 
60 69 
50 
16 89 89 93 93 
111 178 
137 
5 7 8 25 25 35 35 85 93 151 153 153 160 160 173 173 203 228 228 251 
26 26 
204 
26 49 127 197 197 
81 228 228 
4 4 203 218 
26 237 237 237 253 
28 165 203 203 
16 78 78 
18 152 152 152 206 242 

226 
16 57 78 78 81 111 111 154 154 176 201 201 241 
5 112 243 

144 144 200 200 200 229 240 240 240 
7 130 
5 20 20 26 213 
52 52 52 
49 49 109 172 172 172 187 194 198 255 

203 203 218 218 
5 
58 129 152 
1 1 
11 204 

234 234 
100 127 194 
46 233 
79 93 93 
94 
177 204 
142 

203 203 

44 44 188 
152 
61 61 206 206 206 

37 249 
5 50 196 
226 
42 42 42 
135 135 147 203 
84 109 189 189 240 240 
153 153 
104 
7 97 
57 71 228 
6 6 
5 5 160 
37 37 37 39 
8 8 126 126 
244 
63 80 
7 41 
18 
45 
5 196 
114 159 235 235 
149 
96 96 240 240 
204 
4 60 69 179 
126 
1 71 71 153 
51 51 51 51 143 203 203 
33 188 188 
71 71 81 153 228 245 
14 18 18 18 31 47 58 58 60 60 90 90 90 104 119 163 225 251 251 251 
1 21 21 25 27 45 45 51 69 71 71 81 81 128 128 148 151 
57 93 93 176 
206 
74 203 
31 31 165 
1 1 164 164 164 
5 142 
41 41 41 81 81 133 190 
40 40 
35 238 238 238 
152 
158 158 158 232 
28 88 157 
20 20 26 26 26 204 204 209 209 
173 

33 
36 36 174 174 

100 100 100 198 198 
81 81 167 176 176 206 
170 170 
30 30 30 
65 93 154 173 173 
39 39 54 54 113 204 
79 
146 


9 
189 189 189 
228 228 

4 208 
100 
118 150 150 
127 127 183 183 183 
0 0 160 
205 205 205 
18 18 
253 
100 109 
43 43 245 
123 141 239 
33 66 84 84 248 248 
100 172 172 

96 96 96 
93 93 
63 
5 7 7 28 28 47 47 47 58 58 58 74 74 75 75 81 86 88 88 102 102 116 116 126 149 149 156 233 233 
83 106 113 145 166 166 177 245 
29 67 75 191 191 191 
18 60 90 120 120 120 155 173 
26 
14 186 
62 166 166 
70 70 

6 222 222 
98 
58 252 


233 233 
7 7 86 102 102 

251 
5 5 
26 33 33 212 212 
60 

152 
7 92 124 
5 12 
8 21 81 81 85 85 131 151 184 184 
96 
30 
15 26 
1 164 
110 203 203 217 217 
26 26 108 108 
5 142 142 243 243 243 
0 0 
20 26 26 87 87 87 253 253 
55 162 162 162 
196 
66 96 96 96 127 127 144 144 
93 
63 90 
5 42 94 235 235 235 
5 136 
43 58 151 195 204 

8 71 71 
5 197 197 
26 122 
21 21 
41 81 152 152 152 220 
214 
87 193 237 237 
5 
100 
