nodes: 256 edges: 478
60 60 190 
21 105 105 153 153 158 158 232 
184 
35 35 55 55 55 
10 18 18 86 86 86 138 186 186 
26 38 56 56 68 81 81 94 94 123 123 133 133 143 221 221 234 234 235 243 248 248 248 254 
132 132 132 212 
41 74 81 97 97 130 130 138 203 226 226 
25 25 81 81 81 135 135 135 135 228 228 
182 182 
4 78 78 
106 
227 227 

18 47 53 138 138 146 146 152 152 180 208 
231 231 
78 89 93 
66 
4 4 14 27 34 34 51 51 61 137 137 139 139 154 154 186 192 192 206 

237 
1 45 250 
204 
34 34 
152 152 
8 8 153 153 
5 33 33 44 49 59 62 72 84 87 87 98 98 98 108 108 122 141 141 196 207 207 231 234 249 
18 155 
203 203 
67 67 205 
175 175 182 196 230 230 
79 152 152 

26 26 59 122 150 169 172 172 197 197 222 222 
18 18 23 23 
3 3 53 81 81 162 

122 122 122 134 134 169 169 
5 

161 161 
7 138 138 160 251 251 
81 125 125 

26 118 118 118 222 
21 153 

14 52 203 203 

26 100 100 100 100 
159 159 
18 18 149 149 153 153 153 
47 99 99 
14 35 81 81 
113 177 177 177 
3 3 3 
5 5 227 227 
93 131 131 131 154 154 
104 129 152 214 214 
26 33 222 
0 0 63 69 69 76 146 152 206 206 223 236 247 
18 120 120 
26 
60 137 242 242 


17 84 197 197 197 
29 29 205 215 
5 
60 60 76 
210 
151 151 153 247 
26 
109 
7 203 216 
126 171 203 205 217 
60 69 
122 122 
10 10 16 89 93 
31 140 178 178 178 

5 5 7 8 8 8 35 35 42 53 53 153 173 176 203 228 238 238 251 254 254 
122 122 
204 204 
26 66 100 109 127 127 187 187 189 189 197 197 197 222 

4 4 4 203 
26 26 115 115 237 237 
203 236 
16 78 
137 152 206 
121 121 238 238 
203 203 
16 57 78 111 111 154 176 
5 5 112 243 243 

144 229 240 240 240 
7 7 130 
26 26 26 213 237 
52 52 146 251 
49 49 49 49 84 172 172 172 172 187 194 198 255 
106 106 106 106 
143 218 218 234 
231 
58 129 129 
1 1 
11 101 101 101 101 204 204 204 204 
119 
26 26 234 
73 84 127 127 127 194 194 198 
153 
93 93 
94 
54 177 246 
142 
87 87 


44 44 44 188 
107 152 
61 61 170 206 
91 91 
26 33 37 37 37 77 77 82 82 210 249 
5 5 
226 
42 42 
75 135 135 147 147 203 
84 84 109 109 109 189 229 240 240 240 

58 104 104 
7 7 97 
57 57 57 
6 6 6 
5 5 
37 37 
8 8 8 8 126 126 
244 
18 18 63 90 
4 7 14 14 41 41 
18 18 
79 
26 26 
114 159 159 235 235 
5 102 201 203 
96 240 
204 246 
14 14 60 99 152 152 179 179 
126 126 
153 153 
51 51 203 
33 188 
71 71 153 
14 14 24 24 31 31 58 60 90 119 146 146 163 223 225 251 251 251 
1 1 25 25 45 51 51 51 71 81 110 148 148 151 228 228 
18 18 57 57 93 176 241 
27 206 
199 199 203 
165 165 
1 1 164 
50 50 142 142 
41 
40 40 
35 170 238 
152 
158 232 
157 157 203 203 
177 204 204 209 209 
206 206 
215 
33 37 37 185 
120 162 206 218 
75 
33 33 100 100 100 100 198 198 
81 
206 
30 30 
81 93 154 224 
54 54 54 113 166 204 
79 79 79 
146 146 
14 

9 9 30 
189 189 
2 
169 
4 4 18 208 
84 84 100 
118 150 
84 84 127 183 183 
0 236 
205 250 
18 18 
207 253 253 
100 109 109 
204 204 204 245 
26 30 239 
33 33 66 66 66 84 84 84 
100 109 172 172 
156 156 

143 

7 28 28 47 47 74 75 81 86 88 92 92 126 143 149 156 165 165 220 220 252 252 
22 83 83 106 106 106 106 145 166 166 177 195 195 195 244 245 
29 67 75 191 
18 60 60 90 120 155 167 167 170 174 
26 26 193 
14 186 
166 166 
70 122 

6 222 222 222 
98 
58 58 252 
67 168 
74 229 
75 
102 102 170 

203 203 251 
5 5 
33 33 44 59 84 212 212 212 
60 152 
176 
152 
7 7 124 
12 12 56 56 
8 8 81 153 153 
96 127 216 240 
30 30 
15 15 26 103 
1 164 

5 5 26 102 108 
5 142 142 243 
60 88 190 
20 87 87 98 253 
81 81 91 91 162 
196 
96 96 96 127 127 127 144 229 
154 
63 63 
5 94 94 235 
136 204 
195 204 
113 145 
60 71 
5 5 5 
26 122 
21 191 
41 41 81 99 152 152 152 220 
203 203 214 
193 193 237 
5 81 81 
100 
