nodes: 256 edges: 475
190 190 236 
21 105 153 158 232 232 
184 184 184 184 
55 55 55 
18 32 86 86 146 
26 42 56 68 81 81 94 94 98 108 133 141 143 196 196 203 203 203 221 234 234 235 238 243 243 254 
132 212 222 
41 74 74 81 86 86 203 203 203 
25 81 135 215 228 228 
182 182 
78 78 78 78 
44 44 44 106 222 
227 227 
37 
18 18 32 47 51 51 139 139 146 152 152 180 
231 
78 93 95 

4 14 14 27 27 51 51 51 63 137 137 139 139 152 152 152 154 186 192 206 206 

98 98 166 166 237 237 
1 45 45 153 153 153 228 250 

34 
152 152 
8 
5 33 59 59 62 62 62 70 70 72 98 108 122 122 141 166 166 166 166 222 231 234 237 237 
18 18 236 

67 205 205 
64 182 182 182 196 230 
38 38 152 157 
4 14 
26 59 73 150 222 
23 
53 53 
170 
13 122 134 134 169 
31 31 
127 134 177 
161 161 203 
7 138 138 160 160 
5 81 125 125 
69 69 195 245 
11 11 11 118 222 222 
21 21 
102 
14 152 157 203 203 203 
60 60 60 152 
84 
159 159 
14 14 18 18 18 149 153 153 153 163 
99 
35 35 81 
113 177 177 
3 3 3 121 121 
5 181 181 227 243 
93 131 
104 152 203 203 214 214 245 245 252 
26 26 33 
48 48 48 63 69 69 69 76 146 152 152 206 223 236 
120 
26 26 26 
18 60 137 202 202 
30 
93 176 176 176 
197 
29 
5 
43 43 60 60 60 153 153 
26 26 210 
131 131 148 148 151 151 151 153 153 247 247 
26 
33 
7 7 156 
126 126 126 126 126 147 171 203 217 217 
60 
122 122 
10 10 10 10 16 89 89 93 
178 
137 
5 5 7 8 42 53 85 85 85 93 93 93 153 153 153 160 160 173 203 203 228 228 228 238 251 
122 122 122 122 
113 204 
49 100 100 109 127 183 197 222 
81 81 81 228 
4 4 7 7 203 203 203 218 
237 237 253 
165 
78 78 
152 206 206 242 
121 

16 57 65 78 81 81 81 111 111 154 176 176 201 201 
5 5 243 
16 
200 229 240 

5 20 20 26 213 237 
52 179 179 251 251 
84 84 109 109 172 172 172 187 194 
106 106 
46 234 

58 129 152 
1 164 
11 101 101 145 145 204 204 
119 119 152 
5 26 234 
84 100 100 194 194 

93 93 

54 83 177 177 204 246 246 


203 

44 188 188 
107 107 152 
61 170 170 
55 55 91 
26 26 37 77 77 82 82 82 82 210 219 
196 
226 226 
42 42 
75 75 75 75 75 135 147 147 
39 84 229 240 240 240 
153 
104 

57 71 71 
6 
5 227 
37 37 39 
8 126 
244 
18 18 63 80 
41 41 
14 14 18 18 

5 26 
235 235 235 
5 149 165 201 203 

106 106 204 204 204 246 
4 14 60 152 152 179 179 
75 126 126 
71 71 
51 143 203 
33 188 188 
71 71 71 153 228 228 228 245 245 
14 14 18 18 18 24 24 31 47 48 58 60 60 90 104 107 119 146 146 163 163 223 251 251 
1 21 21 21 51 51 51 69 69 71 71 81 81 81 128 151 228 228 
18 93 176 241 
206 
74 
31 47 165 165 
1 164 
50 50 
41 41 81 81 
40 40 

51 152 152 
105 158 232 232 
88 143 157 157 
20 20 26 26 26 26 209 
173 

37 
36 120 120 174 218 218 218 
75 
100 100 100 198 198 
81 167 206 
170 
239 
65 65 65 93 93 154 
39 54 54 113 113 204 
79 243 
99 99 146 146 
14 
56 56 
9 9 30 30 30 
84 
2 2 2 2 
211 
18 208 208 
100 
118 118 150 150 

0 0 236 236 
205 
18 
237 237 253 
100 109 109 
43 245 
5 5 30 123 
66 84 248 248 
172 172 

96 
93 93 143 
63 63 
5 5 5 7 7 7 40 47 47 47 58 58 75 81 81 86 86 86 116 143 149 220 220 233 233 251 251 
83 106 106 113 145 145 145 177 
29 29 191 
18 18 60 90 90 155 173 250 

186 186 
166 
70 122 
185 
6 
98 249 
58 58 
8 

75 75 233 
86 170 170 170 
122 
203 203 
5 
6 11 26 33 44 44 84 
60 152 


124 124 
12 12 56 133 
8 8 21 81 81 81 85 151 151 151 153 153 
96 127 
30 
15 26 
1 1 164 164 
203 203 217 
5 5 26 102 108 
5 142 142 142 243 243 
0 27 60 190 190 
20 20 26 26 87 87 98 193 193 
5 81 
175 
96 127 127 127 
154 
90 
5 5 56 94 178 235 235 
136 
43 58 58 151 151 195 
113 113 145 
71 71 
197 197 
213 
21 206 
81 99 99 152 152 203 203 
58 
87 193 
5 

