nodes: 256 edges: 762
60 190 190 236 
21 21 105 148 148 148 148 153 158 164 232 
153 184 184 184 184 
35 55 55 55 55 55 
10 10 18 18 32 32 86 138 138 186 
42 42 56 56 56 68 94 133 142 159 221 227 227 235 254 
132 132 132 132 212 212 212 222 
41 41 74 81 86 97 130 138 203 203 218 218 226 226 226 
25 25 81 81 135 148 215 215 228 228 247 247 
182 
4 4 78 78 
33 44 44 44 44 
227 227 227 
37 37 37 
18 18 18 32 47 47 51 53 53 53 138 138 152 180 180 
231 231 
89 89 93 95 95 
66 66 84 84 
4 4 14 14 14 27 27 34 34 34 51 51 61 61 63 63 63 90 90 137 137 139 139 139 152 152 154 154 154 186 192 192 206 206 206 
62 62 
98 98 166 237 237 
1 1 45 45 52 52 153 153 153 228 228 250 250 
204 
34 34 
152 152 
8 8 81 81 153 153 
33 33 49 49 70 72 72 82 84 84 87 98 98 108 122 166 166 166 166 166 207 222 231 234 234 237 237 237 249 
18 18 153 153 153 155 236 
88 165 165 203 203 203 203 203 
67 205 
64 64 64 196 196 239 
38 38 38 152 157 
4 4 14 
11 26 26 59 122 122 150 169 197 222 
18 18 18 23 23 192 
3 81 162 
170 
13 13 13 122 122 134 134 134 169 
31 31 31 42 
127 127 127 134 134 134 166 177 177 177 177 
161 161 203 
7 7 138 160 160 160 160 251 251 251 
5 5 38 243 243 
195 195 195 245 245 
11 11 11 11 118 118 222 
21 21 153 153 
102 110 
14 14 203 203 203 203 
58 60 60 60 60 
26 26 84 100 100 
123 159 159 159 
14 18 18 149 149 149 153 153 153 153 
21 21 99 99 99 
14 14 14 81 
113 177 177 177 
3 3 3 3 3 121 121 
5 5 5 181 181 205 227 227 
65 131 131 131 
48 104 104 203 214 252 252 
33 134 
0 48 48 48 48 69 69 69 76 146 152 206 206 223 223 223 236 236 247 247 247 
18 18 120 
19 19 209 
18 18 18 202 
30 30 30 
57 176 
17 17 84 197 197 197 197 
29 215 215 215 215 
5 
60 60 60 76 146 146 153 153 153 
26 122 210 
131 148 148 151 153 153 247 247 
26 26 

7 203 203 
126 126 126 126 171 171 171 171 203 205 205 217 217 217 
60 69 

10 10 89 89 89 93 93 
111 140 178 178 178 178 
137 137 137 
7 8 8 25 25 35 53 85 85 85 93 93 151 153 153 153 160 160 173 173 176 176 176 203 203 228 238 238 238 251 251 
26 122 122 122 
113 204 204 204 
17 17 26 26 49 66 100 100 100 109 109 127 127 183 187 187 187 197 197 197 222 
81 81 81 
4 7 203 203 218 
26 115 115 115 237 253 253 253 
28 165 165 203 203 
16 16 78 78 78 
18 18 137 152 152 152 242 
121 121 238 
203 
16 78 78 81 81 111 154 176 176 201 201 201 241 241 
5 112 112 112 243 243 
16 16 
144 144 144 200 229 229 229 240 240 240 240 
7 130 130 202 
20 20 26 26 213 237 
52 52 52 179 251 251 251 
49 49 84 84 84 109 109 172 172 172 172 194 194 194 198 255 255 
106 106 
46 143 143 143 203 203 203 218 218 218 
230 
58 58 129 152 
1 164 
101 101 145 204 204 204 
119 119 119 152 
26 234 234 234 
84 84 100 100 127 127 194 194 194 198 198 
46 153 153 233 
79 93 
94 94 94 
54 83 177 177 177 204 204 204 246 246 
142 
87 87 87 
203 
209 230 
44 44 188 188 
107 107 107 152 
61 206 206 206 
55 55 91 91 238 238 
26 33 33 37 37 70 82 82 82 210 210 219 219 249 
50 161 196 
226 226 226 226 
217 
75 75 75 75 135 147 147 147 203 
39 39 39 84 84 109 109 187 187 189 216 
153 153 153 
104 
7 97 97 
57 57 57 71 228 
6 6 6 6 
5 227 
37 37 37 39 39 39 59 
8 126 
244 244 244 244 
18 18 80 80 80 90 202 202 
4 4 7 14 14 41 
18 18 18 
79 

5 114 159 235 235 235 235 
102 102 102 149 149 165 165 165 201 201 203 203 203 
96 96 96 240 240 
106 204 204 204 246 
60 69 69 152 152 179 179 179 
126 126 126 205 
1 1 1 1 8 71 71 153 153 153 153 
51 51 51 143 143 203 203 203 
33 188 188 188 
71 81 153 153 153 228 
14 18 18 24 24 31 60 90 90 90 104 107 119 146 146 163 163 223 225 251 251 251 
1 2 21 21 21 25 25 27 27 27 45 45 51 51 51 51 69 69 69 71 71 81 81 81 110 110 128 128 128 148 148 148 148 151 151 151 228 228 228 228 
18 18 18 93 241 
27 206 206 236 
199 199 203 203 203 
31 158 165 165 165 165 
1 157 164 164 164 
5 50 50 50 142 
41 41 41 41 81 81 
40 40 123 
35 170 238 238 
152 152 
1 105 158 158 158 232 232 
28 28 88 88 143 143 143 157 157 157 157 203 203 
20 26 26 26 26 26 39 177 177 177 204 204 209 209 
173 206 206 206 206 

33 37 185 
36 162 174 174 174 206 218 218 
75 75 75 75 217 
100 100 100 100 198 198 198 
81 81 167 176 
170 170 170 206 

65 81 81 81 93 93 173 224 
39 39 39 39 54 54 54 113 113 113 166 166 166 204 
79 79 79 79 
99 146 146 146 
14 14 
56 56 
9 196 196 
84 189 189 
2 2 2 2 228 228 
169 211 
4 18 208 208 
84 84 84 127 127 
118 118 150 150 150 
127 183 183 
0 0 236 
205 205 
18 18 34 
207 253 
100 100 100 109 109 109 
43 43 43 204 204 204 245 
30 30 123 182 182 239 
33 66 66 66 66 84 84 84 248 
100 109 109 172 172 172 
156 156 
96 
93 93 93 143 143 
63 97 137 137 
7 7 28 28 28 28 28 40 47 47 47 47 58 74 74 75 81 81 86 86 88 88 92 102 102 102 116 126 143 143 143 149 149 149 156 156 156 165 165 220 220 233 251 252 
22 83 83 83 106 106 106 113 113 113 145 145 145 166 166 177 195 195 195 245 
29 56 75 75 147 191 191 
18 18 18 60 60 120 120 120 155 155 167 167 167 167 170 174 250 
26 193 
186 186 
62 117 166 166 
70 122 122 
185 
6 6 6 222 222 222 222 
98 249 
58 252 252 
8 8 67 67 67 67 
127 229 
75 75 75 125 171 
7 7 86 102 102 102 170 170 
122 122 
203 203 251 
5 
6 26 33 44 84 212 212 212 212 
60 60 60 152 
176 
152 
7 7 7 124 124 124 124 
5 5 12 12 12 56 56 133 
8 8 21 21 81 131 151 153 153 153 153 184 184 
96 96 96 216 
103 117 
15 15 26 
1 164 164 
110 203 
26 26 108 108 108 
5 142 142 142 142 243 
0 27 60 60 155 190 
20 20 26 26 26 87 98 253 253 253 
81 81 81 91 121 121 162 162 
30 196 
96 96 96 96 144 144 
93 93 154 
90 
42 42 94 94 235 
136 136 136 136 
43 43 195 204 
113 113 145 
8 8 60 60 60 71 71 
197 
26 122 213 
21 21 206 
41 41 41 81 81 99 99 99 152 152 152 203 220 
58 58 203 214 214 
87 87 87 193 237 237 237 
5 
100 100 
