nodes: 256 edges: 456
190 236 236 
148 153 158 158 232 
184 
35 55 
10 10 18 138 146 
26 26 38 42 42 56 68 81 81 102 102 103 103 123 142 142 159 203 203 203 221 227 227 234 243 244 244 244 248 248 254 
132 132 212 222 222 
41 41 74 81 86 97 130 138 203 203 203 226 
81 81 135 228 247 247 
182 
4 4 14 14 78 78 
44 44 106 
227 227 

10 10 18 18 47 51 53 139 152 152 180 208 
33 231 231 
78 89 93 93 
66 
4 14 14 27 27 27 34 51 61 63 90 139 139 152 152 154 154 154 186 192 206 206 
62 
98 166 237 237 
45 52 153 153 228 250 250 

34 34 

81 81 153 
5 5 33 49 87 98 108 108 141 207 222 222 231 231 237 237 
18 18 18 153 153 155 
203 203 203 
205 205 
64 182 196 239 
38 38 38 79 152 157 157 

15 26 44 73 169 172 185 197 222 
18 23 23 
3 53 81 

122 122 134 134 134 169 
5 31 31 31 
127 134 166 177 177 
161 
7 7 138 138 138 251 251 
5 5 125 
69 69 69 195 
11 11 33 118 
21 153 
110 
14 52 152 203 
58 58 58 60 
26 84 100 100 
159 
14 18 153 153 
21 47 99 
14 35 
177 
3 238 
5 181 243 
93 131 
48 48 48 104 152 152 203 214 
134 
48 63 69 69 76 146 152 152 206 206 206 247 
18 120 120 120 120 
19 209 
18 60 137 192 
30 
176 
17 84 84 
215 
5 
43 43 43 60 60 76 146 153 153 153 
210 
148 151 153 153 153 247 

33 197 
7 156 156 203 
126 147 171 171 203 205 
60 69 
122 
10 10 16 89 89 89 
31 111 178 178 

5 5 7 8 8 25 25 35 85 93 93 153 153 160 160 176 203 203 228 238 251 251 
122 
113 204 204 
49 66 66 109 187 189 
81 228 
7 203 203 218 
26 115 237 
165 203 203 
16 78 78 78 
18 137 152 
121 

16 16 57 81 81 154 201 
112 243 243 

200 229 229 
7 130 130 
20 26 
52 179 179 251 251 
49 49 172 194 255 
106 
5 5 143 203 203 203 
5 5 230 
58 129 129 152 152 

11 101 204 204 
119 119 152 
26 26 234 
84 127 194 194 
46 153 153 153 233 
79 
94 
83 177 204 
142 
87 

209 230 
44 188 
107 107 152 152 
61 61 61 61 170 206 
91 
37 37 77 82 219 249 
5 161 175 196 
226 
42 
75 135 147 147 203 
39 109 189 240 240 240 
153 153 153 153 153 
104 104 
7 97 97 
57 
6 6 

37 37 37 39 59 
8 126 
244 
63 90 
4 7 41 41 41 
14 18 18 

26 
5 5 114 159 159 235 
102 149 165 165 203 203 


4 60 69 152 152 179 
75 126 126 
1 71 
143 203 
188 188 
71 153 206 228 228 245 245 
14 14 18 18 31 47 58 58 60 60 90 104 104 107 119 119 146 146 163 223 225 251 251 
1 21 21 25 27 27 45 51 51 69 69 69 71 71 71 81 81 110 110 110 128 128 128 128 128 151 228 
18 18 18 93 176 176 176 241 
27 206 
74 74 203 203 
31 31 165 
1 1 164 
5 50 142 142 
81 81 
40 123 

152 
158 
88 143 143 157 
20 39 177 177 209 
206 

33 37 185 
120 174 206 218 218 
75 75 217 
33 100 198 
176 206 
170 206 
123 
65 81 154 154 154 173 224 
39 39 54 113 166 166 204 
79 79 
99 99 146 
14 
56 
9 30 196 196 

2 228 
33 169 
18 208 
84 
118 150 150 
84 127 
0 236 
250 
18 63 
207 237 253 
100 109 109 
43 204 245 
30 123 182 182 
33 73 
172 

96 
93 

5 5 5 7 7 7 28 28 28 47 58 74 75 81 81 86 86 88 88 102 102 102 126 143 143 149 156 156 233 251 251 252 
83 83 106 106 113 177 195 245 
29 29 75 
18 18 60 60 60 120 151 155 167 170 173 174 250 
26 193 
14 186 
62 117 166 
70 

6 222 222 
249 
58 252 252 
67 

171 233 
86 170 170 
122 

5 
6 6 26 26 33 212 212 
152 
176 
152 
7 124 
5 5 12 12 
8 21 81 85 151 151 153 184 
96 96 240 
103 117 
15 15 26 26 
1 
110 203 217 
5 108 
142 
0 0 190 
20 20 26 26 87 193 
55 81 
30 
127 127 127 229 
154 

5 56 94 94 
5 5 5 136 
151 151 195 204 

8 8 60 71 
5 5 
122 213 
21 21 191 206 
41 41 81 81 99 99 152 152 203 203 
203 214 214 
193 
5 
100 
