nodes: 256 edges: 459
190 
21 105 148 148 148 158 158 158 164 232 232 
153 184 
35 35 55 55 
10 86 186 
26 38 56 68 68 81 81 94 98 98 133 142 142 143 159 203 203 221 227 238 244 254 
132 132 212 212 
41 74 74 74 81 86 86 97 124 203 203 203 218 226 
81 148 215 228 247 

4 78 
44 44 44 222 


18 18 47 51 51 138 138 139 146 152 180 180 
33 231 
78 89 89 93 95 
66 66 84 
14 14 27 34 51 51 61 137 152 152 152 154 206 

98 166 166 237 
1 52 153 153 228 250 250 

34 34 
152 
179 
5 44 49 62 72 72 87 108 166 166 166 196 196 196 207 234 
18 153 
88 
67 67 
64 175 182 182 239 
38 

15 44 222 222 
18 23 23 
3 3 53 81 
58 170 170 
134 134 
5 31 
127 127 127 134 166 177 
161 161 
7 160 251 
81 
69 245 245 
11 11 11 26 33 118 118 222 


14 152 152 152 203 203 203 
60 60 
26 
159 159 159 
14 14 18 18 149 153 153 153 153 
21 99 
35 81 
177 
3 3 121 121 238 238 
5 227 
93 93 131 154 
36 104 152 152 203 203 214 214 252 

48 48 63 69 69 146 152 152 206 206 206 223 236 247 
18 
26 
60 137 137 137 242 
30 
93 176 176 
17 17 84 197 197 197 
29 29 205 215 215 215 
5 5 
43 60 60 76 146 153 153 
210 
131 131 148 148 153 153 153 153 247 
26 26 

7 7 7 156 156 
126 126 126 171 171 217 217 217 
69 
122 
10 16 89 93 
111 140 178 178 178 
137 137 
5 5 7 8 35 42 53 85 93 93 93 153 153 153 160 160 160 176 176 203 203 228 228 228 238 251 251 251 254 
122 
113 204 
17 66 127 183 187 197 222 
81 228 228 
4 7 7 203 203 218 218 
26 237 
28 203 
16 16 78 
137 206 206 
121 121 238 238 

16 57 57 65 78 81 81 81 154 154 176 201 201 241 
5 
16 
144 200 200 240 240 
7 
5 5 20 
52 251 
172 172 187 
106 
143 218 218 234 

58 129 152 
1 
101 204 204 204 204 
119 119 152 152 
26 
194 198 
153 
79 

83 177 246 246 
142 



44 44 
107 107 152 
170 
55 55 91 91 238 
77 82 210 219 249 
161 
7 226 226 226 

75 75 75 135 135 203 
39 39 39 84 229 240 
153 153 153 
104 

57 71 71 228 228 228 
6 6 
5 227 
37 37 39 
126 126 
244 
18 63 63 63 80 80 90 
14 14 
14 
79 
196 
5 5 114 
5 102 149 201 201 203 203 
96 240 
204 204 
14 60 69 152 179 
205 
1 1 1 8 71 71 153 
51 143 203 203 
188 188 188 
153 153 206 228 228 228 245 
14 18 18 18 24 47 47 47 58 58 60 60 104 107 107 119 146 225 251 
2 21 21 27 51 51 51 51 69 69 71 71 71 71 81 81 81 110 128 128 128 148 151 151 228 228 228 
18 57 93 93 176 241 
206 
74 74 199 199 
165 165 
1 1 1 164 
5 50 50 50 
41 81 81 81 
40 40 123 


1 158 232 
157 157 
20 20 26 26 26 39 177 177 209 
173 173 206 206 


36 36 120 174 206 206 218 218 
75 75 217 
100 100 
167 167 206 
170 206 206 
30 239 
65 65 81 81 93 154 224 
39 54 113 166 166 204 204 
79 79 79 
25 146 
14 14 

30 30 196 
84 
2 

4 208 208 208 
84 100 
150 150 150 

0 236 236 236 
205 205 

253 
109 
204 204 245 
26 26 26 141 182 
66 66 66 84 
109 
156 156 
96 96 
93 93 143 143 

5 5 7 7 7 47 47 47 58 58 81 81 86 86 88 126 143 143 149 149 233 251 251 252 
83 106 106 106 106 145 145 177 177 195 195 244 245 245 
67 147 191 191 
18 60 60 60 90 90 151 155 167 167 170 170 173 174 174 250 
26 
186 186 186 
166 
70 122 

6 6 222 

58 58 252 252 
8 67 67 67 

75 75 75 171 
7 86 86 102 102 170 170 
122 
251 
5 
11 33 33 44 84 212 
60 
176 
152 
7 124 124 124 
5 56 133 
8 21 81 81 81 85 85 131 131 131 151 151 151 153 153 153 
127 240 

15 
1 1 164 
203 
26 102 
243 243 
60 190 190 190 
20 87 
5 55 55 81 91 91 121 
30 175 
96 96 127 144 229 
93 154 
63 
235 235 
5 136 204 
43 43 151 195 204 204 
113 113 
8 60 71 

122 
21 21 206 
41 81 81 81 99 152 203 203 220 
58 203 214 214 
193 
5 81 

