nodes: 256 edges: 472
190 190 190 236 
105 148 148 158 158 158 232 
153 153 184 184 
35 35 35 55 55 
10 18 86 186 186 
26 38 42 42 68 68 81 94 98 98 102 103 108 123 142 143 143 203 203 221 221 221 227 234 234 238 243 243 243 254 
212 212 
41 74 81 130 130 130 203 203 226 226 226 
25 81 148 228 
182 182 
4 
33 44 44 44 
227 
37 37 211 
18 32 32 53 138 138 146 152 152 152 

78 89 93 93 95 95 
66 66 
4 14 34 34 51 51 51 61 61 63 63 90 137 137 139 139 139 152 152 152 154 154 186 206 
62 
98 237 
45 45 153 228 250 250 250 
204 
34 
152 152 
8 81 
5 49 49 59 62 70 70 98 108 122 166 207 222 231 234 237 249 
155 
88 203 203 
205 205 
64 64 175 182 196 239 239 
38 157 157 
14 14 
11 44 73 122 122 169 222 
18 18 23 192 
3 3 3 53 162 
58 170 
13 13 169 
5 31 42 
127 127 177 177 
161 
7 138 138 160 160 160 251 251 251 
5 5 38 243 
69 69 195 195 195 195 245 245 
11 11 11 33 118 
21 21 140 

203 203 203 
58 58 152 
26 26 100 
123 159 
18 18 18 149 153 153 153 
99 
14 35 
177 177 177 
3 3 121 238 238 
181 205 227 
93 131 131 154 154 
36 48 48 104 104 152 152 203 245 252 
26 134 
69 69 69 152 223 236 247 247 247 
18 18 120 120 120 120 
19 26 
18 18 202 242 242 
30 30 
176 176 176 
17 17 84 84 197 
205 215 215 
5 5 
43 43 60 60 60 146 153 
26 26 122 210 210 
131 148 151 151 153 153 153 247 

33 109 
7 156 203 216 
171 203 205 217 217 217 217 


16 89 
140 178 178 
137 
5 7 8 25 85 93 93 151 153 153 160 173 173 203 203 228 228 228 238 251 251 
122 122 122 
113 113 
66 66 109 187 
81 
4 203 
115 253 253 
28 203 203 
16 78 
18 152 152 206 242 242 
121 238 
226 
16 16 57 81 81 154 176 201 241 
5 112 243 243 
16 16 137 
144 229 229 240 
130 130 
5 5 20 26 
52 146 179 179 179 251 
49 109 198 255 
106 106 
5 203 218 218 
5 
58 58 152 152 
1 
101 101 145 145 204 204 
119 
5 26 234 234 
73 84 100 127 194 198 
153 153 195 

94 
83 83 177 177 204 

87 
203 

44 188 188 188 
107 
61 61 61 61 206 
55 91 
26 33 33 70 82 82 82 
5 50 161 
226 226 226 

135 135 
39 39 109 187 240 240 240 240 
153 

7 7 7 97 97 
57 57 71 


59 
126 126 
244 
18 18 80 95 202 
14 14 41 41 
18 18 18 
45 79 
196 
5 159 235 235 235 
5 5 165 203 
96 240 
106 106 
14 69 99 152 179 
205 
1 1 8 71 
51 
188 188 188 188 
71 71 81 228 
14 14 14 18 18 18 24 24 48 58 58 60 90 90 104 104 146 163 163 223 225 251 251 251 
2 2 21 51 51 51 69 71 71 71 81 81 110 110 128 228 228 
18 18 57 57 93 176 
27 206 206 
74 203 
31 31 
1 1 1 
50 142 
41 41 41 81 
40 123 
35 
152 152 
232 
143 203 
26 177 204 204 204 
206 206 

33 37 
36 174 174 
75 217 
198 
81 81 176 
170 170 206 
30 
65 65 65 93 154 173 
39 39 54 54 54 113 113 166 204 204 
79 79 
99 99 99 146 

56 
9 9 30 196 196 
189 
2 2 228 

4 4 18 208 
84 127 
118 118 118 150 150 150 150 
183 
0 0 0 236 
205 205 205 
34 
207 237 253 253 
109 
43 43 43 43 110 204 204 245 
30 141 182 182 239 
66 248 248 
100 109 172 


93 
63 137 
5 5 7 7 28 28 47 47 47 58 74 75 81 81 86 88 88 102 116 143 156 165 233 251 251 252 252 
22 106 106 113 166 166 166 177 177 195 195 245 
29 29 56 67 75 147 191 191 191 
18 90 120 155 155 167 167 174 
26 193 
186 

70 70 
13 
6 6 222 

252 
67 67 
74 
75 75 75 75 171 
102 102 


5 5 5 
26 33 212 
60 152 

152 
7 7 7 92 124 124 124 
5 12 56 
8 21 81 81 81 151 153 153 184 
96 96 

26 
1 164 
203 
5 5 26 108 108 
142 142 142 243 
0 60 190 
20 26 193 253 
5 55 55 81 91 
30 30 196 
96 127 127 127 127 144 
93 
63 63 90 90 
5 5 5 42 94 94 235 
136 
43 43 58 195 204 

60 60 60 71 
197 197 
26 
21 21 21 
41 41 41 81 81 99 152 152 152 203 203 
58 203 203 214 
87 87 193 193 237 
5 
100 
