nodes: 256 edges: 780
60 236 236 
21 105 105 105 148 148 148 153 158 158 164 232 
153 184 184 
35 35 35 35 55 
18 18 32 86 86 138 146 186 186 
26 26 26 38 38 42 42 68 81 81 81 98 98 102 103 103 108 123 123 133 141 141 143 143 143 159 159 196 203 203 221 221 234 235 238 238 243 244 248 
132 132 132 212 
41 41 41 74 81 86 86 86 97 124 138 203 203 203 218 218 218 226 
25 25 25 81 81 81 135 135 135 148 228 228 247 
127 182 
78 
44 44 44 44 
227 227 
37 37 211 
18 18 32 47 47 47 51 53 53 138 138 138 146 152 152 152 180 180 208 208 
33 
78 78 78 89 95 95 
66 66 84 
4 4 14 14 27 27 27 34 51 51 51 61 63 137 139 139 139 139 152 154 154 154 154 186 192 192 206 206 206 
62 62 
166 237 237 
1 45 45 153 153 228 228 228 250 250 250 
204 
34 34 34 34 
152 
8 8 8 81 81 153 153 
5 5 5 33 33 44 49 49 49 59 62 62 62 70 70 70 72 72 72 82 82 82 84 87 87 87 98 98 108 122 122 141 166 166 166 166 196 196 207 207 207 222 231 234 237 237 237 249 
18 18 18 153 
88 165 165 203 
67 
64 175 175 182 239 239 
38 38 152 152 157 
4 14 
15 26 26 122 185 
18 23 23 23 23 192 
3 3 3 3 53 53 162 
170 170 
13 13 134 134 
5 5 31 31 42 42 
127 127 134 134 177 
161 161 161 161 
7 7 7 138 160 160 160 251 251 
5 5 38 38 243 243 
69 69 69 69 195 245 245 
11 11 11 11 26 59 
21 21 
102 
14 14 14 152 152 203 203 203 
58 58 58 60 152 152 
26 26 26 84 100 100 100 
159 159 159 159 
14 18 18 18 149 149 149 149 153 153 153 153 163 
99 99 99 
14 14 35 35 
113 177 177 177 177 177 
3 121 121 238 
181 181 227 227 227 
131 131 154 154 
48 48 48 104 104 104 152 203 203 214 245 245 252 
26 44 134 
0 48 63 69 69 69 69 76 76 152 152 206 206 206 223 223 223 236 247 247 
18 120 120 
19 19 26 26 26 
18 60 242 242 242 242 
30 
93 93 176 176 176 
17 17 84 197 197 197 
29 205 215 215 215 215 
5 
43 43 43 43 60 60 60 60 146 153 153 153 153 
26 26 26 122 122 122 210 210 
131 131 148 148 148 148 148 151 151 153 153 153 153 247 247 
26 26 26 
109 
7 156 203 
126 126 147 171 171 205 217 
60 60 
122 
10 16 16 16 89 89 93 93 
111 140 178 178 178 
137 137 
5 5 5 7 8 8 8 25 25 85 85 93 93 93 151 153 153 153 160 160 173 176 203 228 228 238 238 251 251 254 254 254 
26 26 26 122 122 122 122 
113 113 204 
17 26 49 66 100 100 183 183 187 189 197 197 222 
81 81 228 228 
4 4 7 7 7 203 203 203 218 218 
26 26 26 115 115 237 237 253 253 
28 165 165 203 203 203 236 
16 78 78 
152 152 152 206 206 206 
121 238 
226 
65 65 78 78 81 81 81 154 154 176 176 201 201 241 241 241 
243 243 243 
16 16 
144 144 144 200 200 229 240 240 240 
7 130 130 202 
5 5 26 26 213 213 
52 52 52 146 179 179 179 179 179 
49 49 49 84 84 109 172 172 187 194 198 198 255 
106 106 106 
5 46 143 143 143 203 203 203 218 218 218 234 
5 5 231 
58 58 58 152 152 
1 1 1 
101 101 101 145 204 204 204 
119 119 152 
5 26 234 234 234 234 234 
73 100 127 194 194 198 198 198 
153 153 195 
79 178 

54 83 83 177 204 204 204 246 

87 87 
203 203 
209 230 
188 
107 107 152 
61 61 170 170 206 206 
55 55 91 238 
26 26 33 70 70 70 77 82 82 82 82 210 210 219 219 
5 5 161 196 
7 226 226 226 
217 
75 75 147 147 147 
9 39 39 109 187 187 189 
153 153 153 153 153 

97 97 
57 57 71 71 228 228 
6 6 6 
5 160 
37 37 39 39 59 169 
8 8 8 
244 244 244 
18 80 80 202 
4 7 14 14 14 41 
18 18 18 18 
79 
5 5 26 
227 235 235 
5 5 5 102 102 102 149 149 149 165 165 165 201 201 201 203 203 203 
96 96 96 240 240 
106 204 204 204 246 
4 14 69 99 152 152 152 179 179 
75 126 126 126 205 
1 1 1 8 71 71 71 71 71 153 153 
51 51 51 51 143 143 143 203 203 203 
188 188 
71 71 81 153 153 206 228 228 228 245 245 245 245 245 
14 14 14 18 24 31 31 47 47 48 48 58 60 60 90 90 90 104 104 107 119 146 146 146 163 163 163 163 223 251 251 251 251 251 
1 2 21 21 25 25 27 51 51 51 51 69 69 69 69 71 71 71 71 81 81 81 110 110 128 128 128 128 128 148 148 151 151 228 228 228 228 228 
18 18 18 18 57 57 93 93 176 241 
206 206 
74 199 199 203 
31 165 165 165 165 
1 1 164 164 
5 5 50 50 50 50 
41 41 41 81 81 133 190 
40 40 40 40 123 
35 238 
51 152 152 152 152 
1 158 158 232 232 
28 28 88 88 143 143 143 157 157 157 157 203 
20 26 26 26 26 177 177 204 204 209 209 
173 173 173 206 206 

134 
36 36 120 120 174 206 206 206 218 218 218 218 
75 75 217 
100 100 198 198 198 198 
81 167 167 167 
170 206 206 
30 30 
65 65 65 81 93 93 154 
39 54 54 54 54 54 113 166 166 204 204 
79 79 79 111 
99 99 99 99 99 146 146 
14 14 
56 56 
9 30 196 
84 84 189 189 
2 2 228 
33 211 
4 4 18 208 208 208 
84 100 127 127 
118 150 150 
84 127 183 183 
160 
205 205 
18 18 34 
237 253 253 
100 109 109 
43 110 204 245 
5 26 26 123 182 
66 66 66 84 84 248 
100 100 109 109 109 172 172 172 172 
156 156 
96 96 
93 93 143 143 143 
97 137 
5 5 7 7 7 28 47 47 47 58 58 74 81 86 86 86 88 88 88 102 102 102 116 116 143 143 143 149 149 149 156 165 220 233 233 233 251 252 252 
22 83 106 106 106 113 113 113 145 145 145 166 166 177 177 195 244 245 
67 75 147 191 191 
18 18 18 60 60 60 90 90 90 120 120 151 155 155 167 167 170 170 170 174 174 250 250 
26 26 26 
14 14 186 186 186 
117 166 166 
70 70 122 122 249 
13 185 
6 222 222 222 222 
98 98 
58 252 
67 67 67 67 

75 125 171 
7 7 7 86 86 102 102 102 170 170 170 170 
122 122 
203 251 251 251 
5 5 
26 84 212 212 212 212 
60 60 60 152 


7 92 124 124 124 
12 12 56 56 56 142 
8 8 21 21 21 81 81 85 85 131 131 151 151 151 153 153 153 153 153 184 
96 
117 
26 103 
1 164 164 
203 203 203 
5 26 102 108 108 108 108 108 
5 142 142 243 243 243 243 
0 0 60 88 
20 20 26 26 26 87 87 193 253 
5 5 55 81 81 91 121 162 
30 30 
96 96 96 144 144 
93 93 93 154 
63 63 63 63 
5 42 42 94 94 94 235 235 235 235 
5 136 136 136 204 
43 43 58 58 151 151 151 151 151 195 204 
113 145 
8 60 60 71 71 
5 197 
26 210 
21 21 21 206 206 
41 41 81 81 152 152 152 152 152 203 220 220 220 
58 203 203 214 
87 87 193 193 237 
81 81 81 
100 
