nodes: 256 edges: 463
190 236 
21 105 148 158 
184 
35 55 55 55 
86 146 
26 81 123 141 142 143 159 196 203 221 227 243 244 248 248 
132 
41 74 81 86 86 97 97 124 124 203 218 218 
25 81 228 
182 
14 14 

227 
37 211 
10 10 18 32 47 47 51 53 53 138 146 152 152 

78 78 89 93 95 
66 66 84 
14 27 27 27 34 34 51 51 90 139 152 152 154 192 206 206 

98 98 237 
1 45 153 153 250 

34 
152 
8 179 
5 33 33 44 49 49 49 49 49 62 70 72 82 87 98 122 122 166 166 196 207 222 
18 18 18 153 
165 203 
67 67 205 205 
64 135 175 182 182 230 239 
38 38 38 38 152 157 157 
14 
26 26 59 122 122 150 222 
18 18 23 192 
3 53 81 
58 170 170 
13 122 134 169 169 
31 31 31 31 
127 134 177 177 
161 
7 138 138 138 160 160 251 251 
125 
69 69 195 195 
26 118 
21 153 
102 
14 14 152 203 
58 58 58 60 60 152 
26 26 26 26 26 
159 159 
14 18 18 149 153 153 153 153 
99 99 99 99 
14 14 35 81 81 81 
177 177 177 177 
3 3 3 121 238 238 
181 205 
93 131 131 
36 48 48 48 104 104 152 152 203 245 252 
33 
48 48 63 69 69 69 69 152 152 206 206 223 223 223 236 247 

26 
60 137 192 202 242 242 
30 
176 176 176 
17 17 84 84 197 197 
29 29 215 

43 43 60 60 60 60 76 153 153 153 
26 210 210 
151 151 153 153 153 247 
26 
197 
7 156 216 
126 171 203 205 205 217 
69 

16 16 89 89 93 
140 178 
137 137 
5 7 8 35 53 53 53 85 93 93 153 153 203 203 228 228 228 238 251 251 251 
26 122 
204 
17 66 66 109 127 183 183 189 197 197 
81 228 
4 7 7 203 218 218 
26 115 237 253 
165 203 
16 78 78 
18 152 152 152 206 
121 121 238 

16 57 78 81 81 111 176 
112 243 243 243 
16 137 
144 200 229 240 
7 7 130 130 
20 20 26 237 
52 52 52 52 179 
109 109 172 172 194 194 194 198 255 255 255 
106 106 106 
46 143 203 
230 
58 58 152 
1 
101 101 101 204 204 


84 100 100 127 194 198 198 198 
153 153 
93 
94 
177 177 204 246 

87 
203 203 

44 

170 206 206 206 
55 91 91 238 
26 26 33 33 37 82 210 
5 
7 7 226 226 
42 
75 135 135 135 147 147 
39 84 109 189 189 229 240 
153 153 

97 97 
57 57 
6 

37 39 169 
30 126 126 126 
244 244 
63 80 80 95 202 202 
14 41 41 41 
18 
79 
5 196 
5 159 235 235 
5 102 201 203 
96 240 240 
204 
4 14 152 179 
126 126 
1 153 153 
51 203 
33 188 188 
71 71 153 206 228 228 245 
14 14 18 18 24 31 47 48 58 58 60 60 90 90 90 104 146 163 163 223 223 225 251 251 251 251 
21 21 27 45 51 51 51 51 69 69 69 71 71 71 81 81 110 110 128 128 148 148 151 228 228 228 
18 241 

74 199 199 
31 31 165 
1 
5 50 50 142 
41 41 
40 
238 
152 152 
232 
28 88 157 203 203 
26 26 177 177 204 204 209 
206 

37 37 134 185 
36 36 120 174 206 206 206 218 
75 217 
100 100 
176 176 
170 206 
30 
65 65 65 93 173 173 
39 39 54 54 54 54 113 113 166 166 
79 
25 99 146 

56 
9 30 30 
84 84 189 
2 228 
169 
208 208 

150 150 
84 127 127 183 
0 236 
205 250 
18 34 63 
253 
100 100 100 109 
43 43 245 
5 26 141 
66 66 73 84 84 
100 109 109 109 
156 156 
96 
143 
63 137 137 
5 7 28 47 58 75 81 81 86 88 102 116 116 143 149 165 165 220 220 233 251 251 251 252 252 
83 106 106 113 145 166 166 
29 29 56 75 75 191 
18 18 60 60 90 120 120 120 151 167 170 170 170 174 250 
26 
186 186 
166 
70 70 122 249 
13 
222 
249 
252 252 
67 
74 
75 171 233 
7 7 86 86 170 

203 203 
5 
26 33 212 
60 60 60 152 152 

152 
124 124 
5 12 
8 81 81 81 85 151 151 153 153 153 184 
96 127 240 240 
30 103 

164 
203 217 

142 142 
0 60 190 
20 87 98 253 253 
55 55 81 91 121 162 
30 
96 127 144 144 229 229 
154 
63 63 
5 94 94 94 
5 136 136 
58 151 195 
113 
60 71 
5 5 
210 213 
21 191 206 
41 41 81 81 81 152 152 152 152 203 203 203 
58 203 203 214 214 
87 193 237 237 

100 100 100 
