nodes: 256 edges: 789
190 236 
21 21 105 148 148 153 153 153 158 158 158 
153 184 184 184 
35 35 35 35 55 55 55 
10 18 18 18 86 86 86 86 138 138 138 186 186 186 186 
26 26 26 38 38 38 42 42 68 68 81 81 94 98 98 102 103 108 108 123 123 133 133 141 142 142 142 143 143 143 159 159 159 196 196 203 203 221 221 221 221 227 227 235 235 238 238 244 248 248 248 254 
132 222 222 
41 41 74 81 86 86 86 130 138 203 218 218 226 
25 25 25 25 25 81 81 135 135 148 228 228 247 247 247 
127 182 182 182 
4 78 78 78 
33 44 106 

37 211 
18 18 18 32 32 47 47 51 53 53 53 53 53 138 138 139 139 146 152 152 180 
231 
78 78 93 95 95 95 

4 4 4 14 14 14 27 27 51 90 90 137 139 139 139 139 152 154 154 154 192 206 206 
62 62 
98 98 166 166 237 237 
1 1 45 45 45 153 153 228 228 250 250 
204 
34 34 34 34 
152 
8 8 8 8 8 81 153 179 
5 5 5 33 33 44 49 49 49 59 59 62 70 70 70 72 72 82 82 84 87 87 87 98 98 108 108 108 122 122 122 141 141 166 166 196 196 207 222 222 231 231 234 237 237 
18 18 153 153 153 155 
165 165 203 203 
67 67 67 67 67 205 
64 64 175 182 196 196 239 
38 38 152 152 157 157 
14 14 
11 26 26 59 122 150 150 169 172 197 222 222 
23 23 23 23 192 
3 3 3 3 53 53 81 
170 170 170 
13 122 134 134 134 134 169 169 
5 5 5 31 31 42 
127 127 134 134 166 177 177 
161 161 
7 7 138 138 138 160 160 160 160 160 251 251 
5 5 38 81 81 81 125 243 243 
69 69 195 195 245 245 
11 26 59 118 118 
21 21 21 153 153 

14 14 52 152 152 152 203 203 203 203 
58 58 58 60 60 60 152 
26 26 26 100 
123 159 
14 18 149 149 149 153 153 153 163 
47 99 99 
14 14 14 14 14 35 35 81 81 
113 177 177 177 
3 3 3 238 
181 181 205 227 227 
93 131 
48 48 48 104 152 152 203 214 214 245 252 
26 26 33 44 
48 48 48 69 69 69 76 152 152 206 206 206 223 223 223 223 223 247 247 247 247 
120 120 120 120 
19 19 26 209 
137 192 202 242 242 242 
30 30 
93 176 176 
84 197 197 
29 29 29 29 29 205 215 
5 5 
43 43 60 60 60 76 146 153 153 
26 26 26 122 122 122 210 210 
131 148 148 148 148 148 151 151 151 153 153 153 247 247 
26 26 
197 
7 156 156 156 
126 126 126 126 147 171 171 203 203 
60 69 
122 
10 10 10 16 16 89 
111 111 178 178 178 
137 137 137 
5 5 7 8 8 25 35 42 42 42 53 53 85 85 85 85 93 93 93 151 153 153 153 160 160 160 173 203 203 228 228 228 238 251 251 251 254 254 
26 26 122 122 122 
204 204 204 
26 66 100 127 127 183 183 187 187 187 187 189 197 197 197 197 
81 81 81 81 228 
4 4 4 4 7 7 7 203 203 203 218 218 218 
26 26 26 115 237 253 
165 203 236 
78 
18 18 137 152 152 152 152 152 206 206 206 242 
121 121 121 238 238 
226 
16 57 65 81 81 81 154 154 154 176 201 241 
5 243 243 243 
16 16 16 
144 200 200 240 240 240 
130 202 
5 5 20 20 26 26 213 213 237 237 237 
52 52 173 179 179 179 
49 84 109 109 172 172 172 194 194 198 255 
106 106 106 106 
5 143 203 203 218 218 218 218 
5 
58 129 152 152 
1 164 
11 101 101 101 101 145 145 145 204 204 204 204 204 
119 119 152 152 
5 5 26 26 26 234 234 234 234 
100 100 127 198 198 
195 233 
79 79 178 

54 177 177 204 204 

87 
203 
209 
44 44 188 
107 107 152 152 
61 61 61 61 170 206 
91 91 91 238 
26 26 26 33 37 70 70 70 77 82 82 82 219 219 219 219 219 
5 5 50 161 161 175 196 
226 226 226 226 
42 
75 75 75 75 147 147 147 
9 39 39 84 84 109 189 189 216 240 240 240 240 
153 153 153 153 
104 
7 97 
57 71 228 228 
6 
5 5 227 227 
37 37 37 37 39 39 169 
8 8 
244 244 244 
18 63 80 80 80 90 202 202 202 
4 4 4 7 14 14 41 41 41 
14 14 18 18 18 18 

5 26 26 
5 5 5 159 235 235 
5 5 5 102 149 149 165 165 201 201 201 201 201 203 203 203 
96 240 240 240 
106 106 106 204 204 
14 69 152 179 179 
75 126 126 126 
1 1 8 71 71 71 71 71 153 153 
51 51 51 143 143 203 203 
33 33 188 188 188 
71 71 71 81 153 153 153 206 228 228 245 245 245 245 
14 14 18 24 31 31 47 47 47 48 58 58 60 60 90 90 90 90 90 104 104 107 107 119 119 146 163 163 223 251 251 251 
1 1 1 2 21 21 25 27 27 27 45 45 51 51 51 69 69 71 71 71 81 81 81 128 128 128 128 148 148 151 151 151 228 228 
18 18 18 93 93 93 176 176 241 241 
27 206 206 206 
74 74 74 199 199 
31 31 165 165 
1 1 1 164 
5 5 5 50 142 
41 41 41 41 41 81 81 81 
40 40 123 123 
238 
51 152 152 
105 158 232 232 232 
28 28 88 143 143 157 157 203 203 
20 20 26 26 39 177 177 177 204 204 204 204 
173 

33 37 37 134 
36 36 36 120 174 206 218 218 
75 75 217 
33 100 100 100 
81 99 167 176 
170 206 
30 123 
65 65 93 154 154 173 224 
39 39 54 54 54 113 113 166 166 166 
79 79 79 111 
25 99 99 99 146 146 
14 
56 56 
9 9 9 30 196 
84 84 189 189 
2 2 2 228 
211 
4 4 4 4 208 
84 84 84 84 
118 150 150 150 
84 127 127 183 183 
0 236 236 236 
205 
18 34 63 
207 237 237 253 253 
100 100 
43 43 110 204 204 204 245 245 
5 5 26 26 30 30 123 182 239 239 
33 66 66 73 84 84 84 84 248 248 248 
100 109 109 
156 156 
96 96 
93 143 143 143 143 143 
63 97 137 137 137 
5 5 7 28 28 47 47 47 47 58 75 75 81 81 86 86 86 88 102 102 116 143 143 143 149 149 165 165 220 233 233 233 251 251 252 252 
22 83 83 83 106 106 106 106 106 113 113 145 145 166 166 166 166 195 195 195 244 245 
29 56 67 191 
18 18 60 60 60 90 90 90 120 151 155 155 155 170 174 250 250 
26 193 
186 
62 117 
70 70 249 
13 185 
222 
98 98 
58 58 252 252 
67 
127 
171 
7 7 86 86 86 102 102 102 102 170 170 
122 122 122 122 122 
203 251 
5 5 5 5 
6 6 26 26 33 33 212 
60 60 60 60 60 152 
176 

7 92 124 124 124 124 
5 5 56 56 133 133 
8 8 21 21 81 81 81 85 131 131 151 151 153 153 184 
240 

15 26 26 
164 164 164 
110 203 203 203 
26 108 108 108 108 
5 5 142 142 
0 88 190 190 190 
20 20 26 26 87 98 98 98 193 193 253 
5 5 55 81 91 91 121 162 
30 196 196 
96 96 96 127 127 127 127 144 144 144 229 
93 154 154 
63 63 63 90 
42 42 94 94 94 
5 136 136 136 204 
43 43 58 151 151 151 151 195 195 204 

8 8 8 60 60 60 60 71 71 
5 5 5 197 197 197 
210 
21 21 206 206 
41 41 81 81 81 152 152 152 203 203 220 
58 203 203 214 214 
87 193 193 237 
5 81 81 
100 
