nodes: 256 edges: 482
190 
105 105 148 148 148 153 158 158 158 
153 184 
35 35 
10 32 86 138 146 186 186 
38 38 38 42 56 56 81 81 94 94 102 103 108 123 143 159 203 203 221 227 227 234 235 243 243 248 254 
132 132 132 212 212 222 
41 41 81 97 124 130 203 203 218 226 226 
25 25 135 135 135 215 215 228 247 247 
127 182 
4 78 

227 
37 
18 32 47 47 53 53 53 138 138 139 152 152 180 
231 231 
78 89 95 95 
66 
14 27 27 34 51 63 63 90 137 137 139 139 139 152 152 154 154 154 186 192 206 206 


45 153 153 228 228 250 250 

34 

8 8 81 
33 33 49 59 62 70 70 82 82 98 122 122 122 141 207 237 237 237 
18 18 
88 165 165 203 203 203 
67 67 205 
64 182 230 230 
38 79 152 157 
4 14 
26 26 73 150 169 169 169 185 222 
18 23 
3 3 53 81 
58 170 170 170 
13 134 
5 5 5 31 
134 134 
161 161 
7 7 138 138 160 160 251 251 251 251 
5 81 125 243 

59 118 118 
21 
102 110 
14 14 152 203 203 
58 60 
26 100 
159 159 159 159 
18 149 153 163 
99 
14 14 14 35 81 
113 177 177 177 
121 238 
5 5 181 227 
93 154 
36 48 104 203 203 252 252 
26 44 222 
48 69 76 146 152 152 206 206 223 247 247 247 
120 120 120 
26 
18 18 202 
30 
93 176 
17 84 197 197 
29 29 205 215 215 

60 76 146 153 
26 26 122 210 
131 131 148 148 148 151 153 

33 
156 156 
171 171 171 171 205 217 217 217 
60 69 
122 122 
10 16 93 
31 111 140 178 
137 137 
5 5 7 25 35 42 53 85 93 153 153 160 173 173 203 203 228 238 251 251 254 254 
26 26 122 
113 113 204 
66 100 127 183 187 189 197 197 197 
81 
4 203 203 
115 115 237 237 253 
28 165 165 
16 
18 242 
121 
203 
57 65 78 81 111 111 154 176 241 241 
5 5 
16 16 
144 200 200 200 229 229 240 240 240 
7 130 202 
26 237 
52 179 179 179 
49 84 109 172 172 194 255 255 
106 106 106 106 
5 46 218 234 234 
5 231 
58 129 152 
1 1 
101 101 101 101 204 
119 152 152 
5 
100 127 194 198 
46 153 153 
79 93 93 178 

54 83 83 177 177 177 204 204 246 246 

87 87 
203 

44 44 
107 
61 61 61 206 
55 91 238 
26 26 26 70 77 77 82 210 210 219 219 249 
5 161 175 196 
7 226 226 
42 
135 147 
9 84 109 187 189 216 229 240 240 
153 153 
104 
7 97 
71 71 228 
6 6 6 
227 227 
37 39 39 
8 8 8 126 
244 244 244 
18 18 80 80 202 
4 14 14 41 41 
14 18 18 18 
79 
26 
227 235 
5 149 149 165 201 201 203 
96 240 
204 
4 60 69 179 179 
126 205 
1 1 1 71 71 71 153 
51 143 143 
33 188 
71 153 153 228 
14 14 18 18 31 47 60 60 104 107 107 163 163 223 223 225 225 251 251 
1 2 21 21 51 69 71 81 81 110 110 128 128 148 151 151 228 
18 18 18 57 93 176 
206 
74 74 203 
31 165 165 
1 1 1 164 
5 50 50 50 50 
41 41 81 
40 40 123 
238 238 
51 152 152 
158 
28 28 88 88 143 157 157 203 203 
204 204 204 204 204 209 
173 173 

33 33 33 
36 36 36 
75 75 75 75 
100 100 198 
81 81 167 167 176 

123 
65 93 154 173 224 
54 54 54 113 113 113 
79 111 
99 99 99 146 146 
14 
56 
9 30 196 
84 189 
2 228 228 
33 211 
4 4 18 208 208 208 
84 127 
150 
84 127 183 
0 236 236 

18 
253 
100 109 
204 204 
123 182 239 239 
66 66 84 84 84 
109 172 

96 96 96 
143 143 
63 97 137 
5 5 7 7 28 28 28 47 47 58 58 81 81 86 86 92 116 143 156 165 165 220 233 
83 106 113 113 145 166 166 166 166 166 195 195 
29 67 75 147 
18 18 60 60 120 155 250 
26 
186 186 186 
166 
70 122 122 249 
185 
6 6 222 222 


8 8 67 67 
127 229 
75 75 75 233 
7 102 
122 122 
203 251 
5 240 
6 33 59 212 212 
60 152 152 
176 
152 152 
7 7 124 124 
5 5 12 56 133 133 142 
8 21 21 81 131 151 153 184 184 
96 96 127 216 
30 30 
15 15 103 

203 217 
5 102 102 
5 142 243 243 
190 190 
26 26 26 87 87 98 253 
55 81 121 162 162 
196 196 
96 96 96 127 127 144 221 
93 93 
90 
5 5 42 235 235 
136 136 136 

113 113 
8 8 60 60 60 
5 
122 210 
21 21 206 
41 41 41 41 81 81 152 152 220 
58 58 
87 193 237 
5 81 81 
100 100 
