nodes: 256 edges: 779
60 190 
148 158 158 158 158 158 232 232 
153 153 184 184 184 184 184 
35 35 35 55 55 55 55 
10 10 10 10 18 86 86 138 138 146 186 186 186 
26 26 26 38 42 42 56 68 68 81 81 81 98 98 102 103 103 108 133 141 141 142 143 143 143 159 203 203 203 221 221 234 243 243 248 248 254 
132 212 212 222 
41 41 74 81 86 86 86 97 124 124 138 203 218 218 218 226 226 
25 81 81 81 135 135 135 228 228 228 
182 182 
4 4 4 4 14 14 78 
33 44 44 106 
227 
37 37 37 211 
10 10 18 18 18 32 32 47 47 47 51 53 53 53 138 138 138 139 146 152 152 152 180 208 
33 231 231 
78 89 93 93 93 95 95 
66 84 
4 14 14 14 27 27 34 51 51 90 90 137 139 139 139 139 139 152 152 152 186 206 206 
62 62 
166 166 237 237 
45 45 228 228 250 250 
204 
34 34 
152 152 
8 81 153 
5 5 5 33 33 44 49 49 49 59 59 70 70 72 72 82 82 82 84 87 87 98 98 108 108 108 122 122 122 141 166 166 166 166 196 196 207 207 207 222 222 234 234 234 234 237 249 
18 18 153 153 236 
88 165 165 203 203 203 
67 67 67 67 67 205 205 205 
64 64 175 175 182 196 230 
38 38 38 157 157 
14 14 
11 15 26 26 73 150 169 185 
18 23 23 
3 3 3 162 
58 170 170 170 170 
13 13 13 122 122 134 134 134 169 
5 31 31 31 42 
127 127 127 134 166 177 177 
161 161 
7 7 138 138 138 160 160 160 251 251 251 251 
5 5 38 81 81 125 125 243 
69 69 195 195 195 195 245 245 
11 11 26 59 59 118 118 
21 21 153 

14 14 14 152 152 152 203 203 203 
58 60 152 
26 26 26 100 
123 159 
14 18 18 149 149 149 149 153 153 153 153 153 163 
99 99 99 
14 14 14 81 81 
113 177 177 177 
3 3 3 3 121 121 238 
5 181 227 227 
65 93 93 131 131 
36 48 104 152 152 152 203 214 214 245 245 245 252 
26 26 44 44 134 
0 48 69 69 69 76 76 76 152 152 152 206 206 206 223 247 247 247 
120 120 120 120 
19 19 209 
137 137 202 242 
30 30 
57 176 176 176 176 
17 197 197 197 
29 29 29 29 29 215 215 215 215 215 
5 5 
43 43 60 60 60 146 146 153 153 153 153 
26 26 122 122 122 210 210 210 
131 131 148 148 148 148 151 151 151 151 151 153 153 153 153 153 247 247 247 
26 26 
33 197 
7 156 203 
126 126 126 147 205 205 217 217 
60 60 60 
122 
10 16 89 89 
111 111 140 178 178 
137 137 137 
5 5 5 7 8 8 8 25 42 42 53 53 85 85 85 93 93 151 153 153 160 160 176 203 203 228 228 228 251 251 251 254 254 254 254 
26 26 26 122 122 
113 113 204 
17 26 100 127 183 187 187 187 187 189 197 197 197 
81 81 81 
4 4 7 7 7 203 218 
26 26 115 237 237 237 253 253 
28 165 203 203 
16 78 78 
18 18 152 152 152 152 206 206 242 
121 121 121 238 238 
203 
16 16 16 57 57 81 81 154 176 176 241 
232 243 243 
16 16 
144 144 200 200 229 229 240 240 240 
7 130 130 202 
5 5 26 26 213 237 
52 52 52 179 179 179 179 251 
49 84 109 172 172 172 194 194 255 
106 106 106 106 
5 143 143 143 203 203 218 218 234 234 
5 5 
58 129 152 152 
164 
11 101 101 101 101 145 204 204 204 
119 119 119 152 152 245 
5 26 26 26 234 234 234 234 
100 194 194 198 198 198 
153 195 
79 79 178 

54 83 83 177 177 204 246 246 
142 
87 

230 
44 44 188 188 
107 107 107 152 152 
61 61 61 61 170 170 170 
55 55 91 91 91 238 238 
26 26 26 37 37 70 70 70 77 82 82 210 
50 161 161 161 175 
7 7 226 226 
42 42 
75 75 75 135 147 147 147 147 147 
39 39 39 84 187 187 229 240 240 
153 153 153 
104 
97 97 
57 57 71 71 
6 
5 227 
37 37 37 39 59 
8 8 8 126 
244 244 
18 63 63 80 80 80 
4 4 7 14 14 14 41 41 41 
14 18 18 18 18 18 
79 
5 5 26 196 
5 114 159 235 235 
5 5 5 102 102 102 149 149 165 201 201 201 203 203 203 
96 96 
106 204 
4 14 69 69 152 152 
75 126 126 126 126 126 
1 71 71 71 71 153 153 153 
51 51 51 51 143 143 203 203 
33 
71 71 71 71 71 81 153 153 206 228 228 228 245 245 
14 14 14 18 18 18 24 24 47 47 47 48 58 58 58 60 60 60 90 90 90 90 104 104 107 107 119 119 146 146 163 163 163 163 223 223 225 225 251 251 251 251 
2 2 25 27 27 45 51 51 51 51 51 69 69 69 69 71 71 71 71 71 81 81 110 128 128 128 148 148 148 151 151 228 228 228 228 228 
93 176 241 

74 199 203 
31 31 165 165 
1 1 1 1 1 164 164 
5 50 142 
41 41 41 81 81 
40 40 123 123 123 
35 238 238 
51 152 152 152 152 
105 158 158 
28 28 88 143 157 157 
20 20 26 26 26 26 39 177 177 177 204 204 204 204 204 209 209 209 
206 
215 
33 37 185 
36 36 36 36 120 120 120 174 174 206 218 218 

100 100 100 198 198 198 198 222 
176 
170 170 206 206 
30 30 123 239 
65 65 65 65 81 93 93 154 173 
39 39 54 54 54 113 113 166 166 166 204 204 204 
79 79 111 
99 99 99 99 
14 
56 
9 9 30 196 
84 189 189 
2 2 2 2 2 228 
33 169 
4 4 4 18 208 208 208 208 
84 84 84 84 127 127 
118 118 
84 183 183 
0 236 236 236 
205 

207 237 253 253 253 
100 100 109 109 
43 43 43 43 110 204 204 245 245 
26 26 30 141 182 239 
66 66 66 73 84 84 84 248 248 248 
109 109 109 172 172 172 172 
156 
96 96 
143 143 143 
63 97 
5 5 5 7 28 28 28 47 47 47 58 74 81 81 86 88 88 92 102 102 143 143 143 149 149 156 220 220 220 233 233 233 233 233 251 251 252 252 
22 83 106 106 106 113 145 166 166 166 166 166 177 177 177 195 195 244 245 245 
29 29 29 75 75 191 
18 18 60 60 60 90 90 151 167 170 174 174 
26 26 26 193 
14 186 186 186 186 
62 166 166 166 
70 70 70 122 249 
13 
6 6 222 
98 249 
58 58 252 252 
67 67 67 67 67 168 

75 75 
7 7 7 86 102 102 170 170 

203 203 203 251 251 251 
5 5 
6 26 26 172 212 
60 152 152 

152 152 
7 7 124 124 
12 56 56 133 
8 8 8 21 21 81 81 81 151 151 151 153 153 153 153 153 184 
96 96 127 240 
30 117 
15 15 
1 1 94 
203 203 203 203 203 
5 26 26 26 26 102 102 108 108 108 108 
142 142 243 243 243 243 243 
27 190 190 190 
20 20 26 87 87 87 98 193 253 
55 91 91 121 121 162 162 
175 196 
96 96 96 127 127 229 
93 154 
63 90 
5 5 42 94 94 235 235 235 235 235 
136 136 204 
43 43 58 58 58 107 151 151 195 195 204 204 
113 113 
60 60 60 71 71 71 
5 5 197 197 197 
26 210 213 
21 21 
41 41 41 41 81 81 81 99 152 152 152 152 203 203 220 220 220 
58 203 203 214 214 
87 87 193 193 193 237 
5 81 81 81 81 
100 
