nodes: 256 edges: 762
60 190 190 236 236 236 
105 105 148 148 148 148 153 158 158 232 232 
153 184 184 
35 35 35 55 55 
10 18 18 32 86 86 86 186 186 
38 42 68 81 81 81 98 98 102 102 103 108 123 123 142 143 143 143 203 203 203 221 221 221 234 234 238 238 243 
212 
41 41 74 86 97 130 130 203 203 218 218 
25 25 25 25 81 81 81 135 135 135 135 228 247 
127 
4 14 14 14 78 
33 33 44 44 106 
227 
37 211 
10 10 10 18 18 18 32 47 47 47 51 51 53 138 139 146 146 152 152 180 208 208 
231 
78 78 89 93 93 95 95 95 
66 66 66 84 
4 4 14 14 14 27 27 34 51 51 51 61 90 90 90 137 139 139 139 139 139 152 152 152 154 154 154 154 154 206 206 206 
62 62 
98 237 237 237 
45 45 45 52 153 250 250 250 
204 
34 34 34 34 
152 
8 8 8 8 153 153 179 
33 33 33 49 49 49 59 59 62 70 70 70 72 72 82 82 98 98 98 108 108 108 122 122 122 141 166 166 166 166 207 207 222 222 231 231 234 234 234 237 249 
18 18 153 153 
88 203 203 203 203 203 
67 67 67 67 67 205 205 
64 64 64 175 182 182 230 230 230 239 239 
38 38 38 152 157 157 
4 14 
11 11 26 26 26 122 169 169 185 222 
18 23 23 23 23 
3 3 3 53 53 81 
170 
13 134 134 134 
5 31 31 31 42 42 
127 134 134 134 166 177 177 
161 161 161 161 
7 7 138 138 138 160 160 160 251 251 
5 38 38 81 
69 69 69 195 195 195 195 245 245 245 
11 11 118 118 118 
21 21 21 153 153 

14 14 14 203 203 203 
58 58 60 60 60 60 152 152 
26 26 26 100 100 
77 159 159 159 
14 14 18 18 18 149 149 149 153 153 153 153 153 
21 99 99 99 
14 35 35 
113 177 177 177 177 177 
3 3 121 
181 227 227 
65 93 131 131 131 154 
48 48 104 129 152 152 152 203 203 203 214 245 245 252 252 
26 26 
0 48 48 48 48 69 69 69 69 69 76 146 152 206 223 223 
18 120 120 120 120 
19 19 26 209 
137 137 137 202 242 
30 30 30 
57 93 93 176 176 176 
17 17 17 84 
29 29 29 29 29 205 215 215 
5 
43 43 43 60 60 60 60 60 146 153 153 153 
26 26 26 122 122 210 210 
131 131 148 148 151 151 151 151 153 153 153 153 153 247 247 
26 26 
197 
7 156 156 156 203 
126 126 126 126 147 171 171 171 205 217 217 217 
60 
50 
10 16 16 89 93 93 
111 140 178 178 178 178 
137 137 137 
5 5 5 8 8 8 35 42 85 85 93 93 93 151 153 153 153 160 160 173 173 173 176 176 203 203 228 228 238 238 251 254 254 254 254 254 
26 26 122 122 
113 113 113 204 204 204 
17 66 109 127 183 187 
81 81 228 
4 4 4 7 203 203 203 218 218 
115 
28 165 165 236 
16 78 
18 18 18 152 152 152 152 206 206 206 
121 121 238 238 
203 226 
16 16 57 65 65 78 78 81 81 81 154 154 176 176 176 201 
112 112 112 243 243 
16 16 16 
144 200 229 229 240 240 240 
7 130 130 
5 5 20 26 26 26 237 237 
52 52 52 179 179 179 251 
49 49 109 172 172 172 172 172 194 255 
106 106 106 106 
5 5 143 143 143 203 218 
5 
58 129 129 
1 1 164 
11 101 101 101 101 145 145 145 204 204 204 
119 119 119 152 152 152 245 
5 26 26 26 234 234 234 
84 100 194 194 194 
153 195 
79 
94 94 94 
54 83 83 83 177 177 204 246 246 

87 
203 203 
209 
44 44 44 188 188 
107 107 107 
61 61 61 61 206 206 206 
55 91 91 
26 26 26 33 70 70 82 82 219 219 219 219 
5 5 161 196 
226 226 
217 
75 75 75 75 147 147 
9 39 84 187 187 189 189 229 240 240 240 
153 153 153 
58 104 104 
7 7 97 97 
57 57 57 71 71 228 

165 227 227 
37 37 37 39 39 39 
8 8 8 8 
244 244 244 244 
18 63 63 63 80 80 80 202 
14 41 41 41 
14 18 18 18 18 18 
79 
26 
5 235 235 235 235 235 
5 5 5 102 102 102 149 149 165 201 201 201 201 203 203 203 
96 240 240 240 
106 106 106 204 204 246 
14 14 60 69 152 179 179 
75 126 126 
1 1 1 1 71 71 153 
51 51 51 143 143 203 
188 188 
71 71 71 71 81 153 153 206 228 228 228 245 245 245 245 
14 14 18 18 18 24 31 48 48 58 58 58 60 90 90 90 90 107 107 107 146 225 225 251 251 251 251 
1 2 21 25 25 27 27 45 45 51 51 51 51 51 69 69 69 71 71 71 71 71 81 81 81 110 128 128 128 148 151 151 228 228 228 
18 18 18 18 18 57 93 93 176 176 241 241 
236 
74 74 74 199 199 203 
31 31 165 165 165 165 
1 1 164 164 164 
50 50 50 
41 41 41 81 81 
40 40 40 40 123 
238 

105 158 158 158 232 232 232 
88 88 133 143 157 157 157 157 203 
26 26 26 26 39 177 177 204 204 204 204 204 209 209 209 
173 173 206 206 
215 
33 33 185 
36 206 206 206 218 218 218 
75 75 75 217 
100 100 100 100 100 198 198 222 
81 81 81 167 167 176 176 
206 
30 239 
65 65 65 81 81 93 93 93 154 154 173 173 224 
39 39 54 54 54 54 54 113 113 166 166 204 204 
79 79 79 79 
25 99 99 99 146 146 
14 
56 
30 30 
84 189 189 189 
2 2 228 228 
33 169 
4 4 208 208 208 
84 127 127 
118 118 150 150 
127 127 183 183 183 
0 0 236 236 
205 

207 253 
100 109 109 109 
43 43 43 43 110 204 204 204 245 245 
123 
73 248 248 248 248 248 
172 172 
156 156 
96 
93 143 143 143 143 
63 137 
5 5 5 7 7 28 28 28 28 28 47 47 47 58 58 58 74 81 81 86 86 86 92 102 116 116 143 143 143 149 156 165 233 233 251 251 251 252 
22 83 83 83 106 106 106 113 145 145 166 166 166 166 166 177 177 195 195 195 244 245 245 
29 29 67 75 191 
18 18 18 60 90 90 90 120 120 120 151 167 167 170 170 170 174 250 250 
26 26 193 
14 14 186 186 186 
62 117 166 166 166 
70 70 
13 
6 222 222 222 222 

58 235 252 
67 67 168 

75 75 75 125 171 
7 7 86 86 102 170 170 170 
122 122 122 122 

5 5 5 
26 26 33 172 212 212 212 212 
60 60 
176 
152 152 
92 124 124 
12 56 56 133 133 
8 81 81 85 131 151 151 151 153 153 153 184 184 
96 96 127 
30 30 30 
15 26 26 
1 1 164 164 164 
203 203 
5 5 26 26 26 108 108 108 
142 142 142 142 142 214 243 
0 0 0 88 155 190 190 
20 20 20 26 98 98 253 253 253 
5 5 81 81 91 91 162 
30 30 175 
96 96 96 127 127 127 144 144 144 
154 154 
63 
5 94 94 235 
136 136 136 136 204 
43 43 43 58 58 107 151 151 151 151 195 195 204 204 
113 113 145 
8 71 71 
197 197 197 197 197 
26 
21 21 21 206 206 
41 41 81 99 152 152 152 152 203 203 203 
58 58 203 214 
193 237 237 237 
81 81 81 81 81 
100 
