nodes: 256 edges: 760
60 190 236 236 236 
21 21 105 148 148 153 153 153 158 158 164 232 
153 153 184 184 184 184 
35 35 55 55 
10 10 18 18 32 32 86 86 86 86 138 138 186 
38 42 42 42 68 68 94 94 103 133 133 142 142 142 159 221 221 221 221 221 227 238 243 243 243 
132 132 132 132 212 212 222 222 222 
41 74 86 97 97 124 124 124 130 203 203 218 218 226 226 
25 25 25 25 81 135 135 135 135 148 215 228 228 228 247 
182 182 182 
4 4 14 78 78 78 
33 33 44 44 222 
227 
37 37 37 
10 18 18 32 32 51 51 53 53 53 138 138 139 139 146 152 152 180 208 208 

78 78 78 89 89 93 93 93 
66 66 84 
4 4 14 14 27 27 34 34 34 51 61 63 137 137 139 139 152 152 154 154 154 186 192 206 206 
62 62 
98 98 237 237 237 
1 1 45 45 45 153 153 153 228 228 228 250 250 250 

34 34 
152 
8 8 8 8 81 153 153 
44 49 49 59 62 70 70 70 72 72 82 84 87 87 87 98 98 108 108 122 122 141 141 166 196 196 207 207 207 222 234 237 249 
18 18 
165 203 
67 67 205 205 
64 64 175 196 196 230 239 239 
38 38 79 157 157 
4 4 14 14 
11 11 44 122 150 150 169 169 172 197 222 222 
18 18 18 23 23 192 
3 3 53 81 162 
170 170 
13 13 13 122 134 134 134 169 169 
5 31 31 
127 127 127 134 134 
161 161 161 203 203 
7 138 138 138 138 160 160 160 251 251 251 
5 5 5 125 243 243 
195 195 
11 11 26 33 59 59 118 118 118 222 222 
21 21 21 140 153 153 
102 110 
52 152 203 203 
58 60 60 60 
26 26 84 100 100 
159 159 
14 14 18 149 149 149 153 
47 99 99 
14 14 14 35 81 81 
113 177 177 177 
3 3 238 238 
181 181 227 243 
65 93 131 131 154 154 
48 104 104 104 129 152 203 214 
26 44 44 222 
0 48 48 48 63 69 69 69 76 76 76 152 206 223 223 223 236 236 247 247 
18 120 
19 19 26 
18 60 137 137 192 202 202 242 242 
30 30 
57 93 176 176 176 176 
17 17 84 84 84 197 197 197 197 240 
29 29 215 215 215 
5 5 
60 60 60 76 146 153 153 153 
26 26 26 122 210 210 210 
131 148 148 148 148 151 151 153 247 
26 26 

7 156 156 156 203 203 203 
126 126 171 171 203 205 217 217 
60 60 60 69 
122 
10 10 10 16 16 16 93 93 
31 111 178 178 178 
137 
8 25 35 53 53 85 85 85 85 93 153 160 160 160 173 173 203 203 228 228 251 254 254 
26 122 122 
113 
17 26 49 66 66 66 100 100 109 127 127 183 187 187 189 189 197 197 
81 81 81 81 228 
4 4 4 4 7 203 203 203 218 
26 26 26 115 115 253 253 
165 165 203 203 
16 16 
152 152 206 206 242 242 
121 121 238 
203 203 226 
16 16 16 57 65 78 78 81 111 154 154 201 241 
5 5 243 243 243 243 

144 200 200 229 229 240 240 240 
7 7 
20 20 26 26 213 213 213 237 
52 52 146 179 179 179 179 251 251 251 
49 49 84 84 109 172 172 172 172 187 194 198 198 255 255 
106 106 106 
46 143 143 143 203 203 218 218 218 
5 230 
58 58 58 129 129 152 152 
1 164 
101 101 101 145 145 145 204 204 204 204 
119 119 152 
26 26 234 234 234 
84 100 194 194 198 198 
46 153 
79 93 178 

54 83 177 177 204 246 
142 
87 87 
203 203 
230 
44 44 44 188 188 188 
107 107 152 152 
61 170 170 206 206 
91 91 238 238 
26 26 33 37 70 77 82 82 219 219 219 219 
196 
7 7 7 226 226 
42 
75 75 135 135 147 203 
39 39 39 84 84 216 229 229 240 240 240 240 
153 153 153 
58 104 104 
7 
57 57 71 228 228 
6 6 6 6 
5 5 227 227 227 
37 37 37 39 39 169 
8 8 8 8 126 126 
244 244 244 244 
18 18 63 63 80 202 202 
4 4 14 14 41 41 41 41 
14 14 18 18 
45 
26 26 196 
5 5 5 114 159 159 235 235 
102 102 102 149 165 201 203 203 203 
96 240 
106 106 106 204 204 204 246 
14 69 99 152 152 179 
126 205 
1 1 8 71 71 71 71 153 153 153 153 
51 51 51 143 
33 33 188 188 188 188 
71 71 153 153 206 228 228 228 
14 14 18 18 24 47 58 60 90 90 104 104 107 119 119 146 146 163 225 251 251 251 251 251 
1 1 1 2 2 21 21 21 25 25 45 45 51 69 69 69 71 81 110 128 128 128 148 148 148 148 151 151 228 228 228 228 228 
18 18 18 57 57 93 93 176 241 
206 206 206 236 
74 74 74 199 199 203 203 
31 31 165 
1 1 164 164 
5 50 50 142 142 
41 41 41 81 81 81 
40 40 40 
35 238 238 
152 
1 105 158 158 232 232 
28 88 88 143 157 203 203 
26 177 204 204 204 209 209 
173 173 206 206 206 206 
215 
33 33 37 37 134 185 
36 36 120 120 174 206 206 218 218 
75 75 217 
33 100 100 100 100 198 198 198 198 
81 81 167 167 176 206 
170 206 206 206 
30 
65 65 65 65 154 173 
54 54 54 113 113 166 204 204 
79 79 79 111 
99 99 99 99 146 
14 
56 56 
9 9 9 196 
84 189 189 189 
2 2 2 2 228 228 
169 
4 18 208 208 208 
84 84 100 
118 118 118 150 150 150 150 
84 84 183 183 183 
0 236 236 
250 
18 34 63 
207 
100 109 109 
43 43 204 204 
26 26 30 30 123 141 182 239 
33 66 66 66 66 84 84 248 248 
100 100 109 109 172 172 172 172 
156 156 
96 96 
93 143 
63 63 137 137 
7 7 28 40 40 47 47 58 74 74 74 75 81 81 86 86 86 88 88 92 92 102 102 116 116 126 143 143 143 156 156 165 165 220 220 233 233 233 251 251 
106 106 106 106 113 145 145 145 166 166 166 177 177 195 195 245 245 245 
29 29 75 147 
18 18 60 90 90 120 120 151 155 155 155 167 167 167 167 170 170 173 174 174 174 250 
26 26 26 193 
14 14 186 186 186 
166 166 
70 70 70 249 

6 6 222 222 
98 98 98 249 
58 252 252 252 
8 67 67 67 168 
127 229 
75 75 171 233 
7 7 86 102 102 102 170 170 
122 122 122 122 
203 203 251 
5 5 5 5 5 
6 6 6 11 26 33 33 44 44 59 212 212 
60 60 60 

152 
7 7 92 124 124 
5 12 56 133 133 133 
8 8 8 21 21 21 81 81 85 131 131 151 151 151 153 153 153 153 153 184 184 
96 96 127 127 216 240 240 
30 103 117 

1 164 164 
203 203 203 217 
26 108 108 108 
142 142 243 243 243 
0 0 0 60 60 155 190 190 
20 20 20 26 98 253 253 
5 55 55 91 121 121 162 162 
30 30 196 
66 96 96 96 127 127 127 127 144 229 229 
93 154 
63 63 90 90 
5 5 5 42 42 56 94 94 94 94 235 235 235 
136 136 136 136 
204 204 204 
113 145 
8 60 60 71 
197 197 
26 210 213 
21 21 21 191 206 
41 41 41 81 99 99 99 152 152 152 152 152 203 203 220 
214 214 214 
87 87 237 237 
81 81 
100 100 
