nodes: 1024 edges: 3178
107 107 310 310 899 901 
9 9 1002 
329 329 329 
414 414 452 
212 212 212 368 
61 61 167 167 167 185 185 250 250 263 263 328 328 328 331 341 341 342 342 342 531 531 531 569 569 678 686 686 710 710 767 767 767 954 954 954 992 
759 759 759 
278 278 278 799 
229 229 229 231 300 366 366 366 553 896 896 896 
1 1 648 
943 943 
160 160 160 748 
19 82 240 240 240 285 781 
212 212 825 
51 51 51 178 178 787 787 954 
69 147 147 
954 954 
82 240 643 643 643 
21 21 21 436 725 725 927 927 
12 82 82 
229 398 766 766 766 
18 18 18 574 574 922 927 968 968 
84 117 117 117 117 
110 120 235 308 308 308 879 1005 
31 351 351 728 728 
478 478 478 780 971 971 
244 422 422 876 
447 447 
463 463 
121 853 
146 146 224 224 224 417 884 954 954 954 
24 351 351 782 
229 405 405 462 603 603 746 746 746 998 998 
77 77 442 1016 
176 949 949 949 
965 965 1005 1005 
166 166 229 
462 602 628 628 628 751 751 842 842 842 842 937 954 
229 
990 
497 497 497 802 802 954 954 954 
77 77 77 82 82 
277 277 
497 954 954 
91 559 559 712 712 712 1003 1003 1003 
62 62 62 399 399 399 399 399 
176 176 176 451 855 855 855 855 1019 1019 
324 324 324 
701 720 720 720 
903 
277 277 555 555 555 700 700 1004 
14 14 14 178 647 647 837 837 837 998 998 998 
452 708 708 708 708 
336 502 502 502 532 532 721 721 721 838 838 838 838 874 874 874 936 936 
279 279 279 279 308 551 879 
954 954 954 954 
220 220 275 651 651 942 942 
79 146 146 146 344 344 524 524 524 524 880 880 
458 458 458 458 985 
159 159 159 903 903 903 
366 399 399 
5 5 328 686 686 686 686 799 799 799 799 954 954 
45 45 45 109 
154 154 382 382 382 
229 277 407 407 407 
274 449 
435 435 786 786 877 877 903 903 903 903 
229 229 461 
382 382 810 
15 472 925 
325 325 325 589 589 589 
448 

229 229 445 445 
179 179 564 646 717 717 839 879 
810 810 810 
194 194 958 958 
33 33 41 41 41 229 544 
366 
57 111 229 229 229 611 611 611 781 819 819 866 880 905 
536 954 
472 472 472 472 606 761 761 761 761 
12 17 19 19 41 41 147 147 197 197 197 209 209 267 283 283 343 353 353 355 355 366 500 500 513 513 537 537 537 593 593 643 643 643 657 657 657 657 657 699 699 728 728 728 787 787 787 991 
741 741 741 1006 1006 
22 419 419 430 
123 462 462 462 780 780 
170 170 376 376 376 661 661 661 661 799 799 799 799 
674 
569 658 658 

692 692 692 
44 241 241 
403 403 403 403 403 479 479 479 691 691 1010 1010 1010 
649 649 649 649 736 736 902 
277 277 473 902 
667 667 667 667 798 798 866 1006 
601 714 

739 
760 760 760 760 
318 318 436 
125 488 756 756 843 843 
324 324 324 397 397 414 414 480 480 980 980 980 
410 410 
113 113 113 113 318 358 739 739 
660 660 660 986 986 
392 517 517 517 
0 0 171 310 310 310 633 633 661 837 901 901 954 954 981 
366 409 607 607 
62 229 229 229 775 1021 1021 1021 
23 1005 1005 
79 778 778 778 778 
154 154 154 
104 104 104 104 162 162 162 
366 366 750 750 750 750 980 991 
150 229 233 632 632 654 654 654 963 963 963 963 
238 326 326 326 326 326 
22 22 22 22 138 138 
128 855 855 
162 227 227 227 739 739 739 797 
23 225 225 225 225 
29 395 529 529 529 569 569 744 744 744 744 
189 189 189 189 323 323 323 
85 168 168 435 435 435 780 780 863 995 995 
367 367 
101 250 250 509 509 509 569 923 923 946 
640 833 833 
402 402 402 860 973 973 973 
118 954 
265 477 486 498 498 498 498 688 688 898 898 1023 
554 554 554 554 932 954 954 
132 271 286 
131 271 873 
298 298 298 497 
954 954 954 
199 199 571 571 571 740 
252 270 270 
284 954 954 
117 117 242 242 421 421 1009 
541 
181 181 181 
245 245 245 245 734 734 
262 400 624 624 959 959 
857 857 857 
407 
169 169 505 505 1017 
30 30 57 57 57 417 884 884 884 
15 15 82 82 235 235 235 497 501 501 512 536 699 699 699 737 940 940 940 954 
208 208 208 
399 399 399 999 999 
115 1006 1006 
202 202 202 309 407 
432 432 432 432 432 
357 603 603 
63 63 112 112 112 252 252 360 360 360 617 856 
193 193 699 
389 533 589 589 589 640 
173 173 173 205 494 632 632 632 954 954 
277 277 375 375 
59 59 59 210 582 700 700 942 954 
11 11 11 748 
541 689 
113 113 113 119 204 204 229 277 277 303 303 321 321 439 439 472 572 647 647 715 715 715 739 758 758 797 903 903 903 925 925 
954 954 
569 673 
569 569 660 673 
36 36 256 256 635 
5 5 5 328 328 580 
123 123 435 525 858 858 858 
145 145 366 366 592 592 
86 86 287 1017 1017 1017 
107 210 210 215 215 215 588 588 954 
267 576 718 718 718 
157 157 157 205 205 339 339 617 
471 471 471 585 585 585 702 702 702 780 
239 347 507 507 509 780 780 780 807 832 943 969 
34 46 46 46 511 660 754 754 
432 486 486 486 498 498 498 696 861 861 
14 14 51 772 
74 74 308 

140 140 140 266 562 562 562 831 
229 329 329 329 387 796 796 994 994 
277 858 

5 5 
516 516 704 704 704 799 799 954 954 
434 434 488 962 
502 635 773 
122 122 122 122 277 277 277 846 872 872 903 903 
234 382 382 
328 601 601 601 601 
239 239 239 239 354 354 354 354 391 391 391 
155 155 363 699 939 939 939 939 
76 76 958 958 958 
223 223 481 481 481 481 978 
199 199 199 229 571 571 571 581 678 678 681 681 681 694 694 694 869 869 954 
82 82 82 355 
954 
135 135 196 196 196 203 571 794 

340 
151 151 151 584 
199 571 571 
162 162 303 303 
157 173 173 954 
277 478 
596 596 596 596 
148 148 148 361 714 811 811 811 811 1006 
82 82 905 905 905 905 
159 171 171 215 215 215 215 
241 241 241 241 284 284 284 689 689 
4 4 4 13 13 884 912 912 912 912 
314 683 929 929 929 954 
575 575 611 611 611 670 880 880 
171 171 171 210 210 210 210 
329 329 
365 425 451 451 500 500 594 594 610 
954 954 
887 887 
56 56 437 437 437 521 651 
229 377 478 
787 
195 195 816 816 
30 30 30 508 
120 120 120 120 537 537 537 879 
388 388 388 388 
119 119 119 632 
699 699 699 699 741 1000 
8 8 8 20 32 36 38 64 67 67 73 73 77 79 79 79 109 109 109 115 162 182 196 221 230 230 230 241 241 241 277 277 320 323 323 323 358 366 368 368 368 398 405 405 405 407 407 408 424 427 427 430 442 446 446 485 485 500 500 500 500 534 534 544 544 600 600 603 603 614 632 632 655 681 681 691 706 706 706 719 719 722 722 722 722 730 752 752 766 775 776 776 780 780 809 829 829 829 829 830 830 869 871 880 885 886 886 891 948 949 954 954 954 987 987 994 994 998 1011 
229 229 229 719 719 880 
8 442 554 554 
820 916 916 916 916 916 
115 632 
190 631 631 642 642 642 642 810 810 810 834 891 891 956 956 956 956 
23 147 147 147 
775 775 

116 309 309 609 609 609 660 922 
175 192 192 192 192 366 366 391 391 671 950 950 950 954 954 954 954 
12 12 12 17 602 602 907 907 
91 91 211 211 211 211 229 229 229 524 524 524 524 765 765 
138 138 
671 671 671 
26 642 642 
141 141 141 141 313 800 800 800 800 800 
1009 1009 1009 1009 
596 596 596 
362 362 362 397 397 816 
568 568 568 568 909 1017 1017 1017 
5 5 125 125 569 954 954 
343 343 
136 154 154 376 376 
335 335 335 335 366 393 
677 677 
382 382 382 597 
166 166 
545 
791 791 
295 850 966 966 
607 607 607 607 

142 363 363 366 412 412 412 563 563 624 624 624 660 660 799 959 959 959 1017 1017 1017 
5 5 384 384 
362 577 577 
129 898 
181 739 739 739 822 
82 172 718 860 991 
877 978 
487 487 954 954 
136 136 539 
131 132 407 583 1012 
366 407 
302 302 542 542 542 926 926 926 
65 366 366 402 407 407 779 
56 
479 769 769 769 
42 42 50 50 64 94 94 158 158 162 162 183 189 189 189 206 229 229 298 298 323 323 323 323 323 324 324 339 346 346 383 383 419 423 439 449 459 475 529 529 529 533 533 541 541 543 558 558 666 707 758 758 802 802 837 837 837 852 858 858 868 868 872 874 874 903 941 941 954 957 1018 1018 
7 7 7 345 387 387 387 387 387 
54 54 54 54 
725 725 745 745 804 804 

744 744 884 884 
82 82 353 429 429 954 954 
137 211 211 211 619 619 619 619 954 
12 407 407 407 723 725 
131 547 765 782 
170 673 673 
553 921 921 956 956 
355 355 546 647 647 780 780 780 780 
314 491 955 955 
847 847 847 847 
954 954 954 
362 362 
469 469 
259 966 966 
802 802 
545 545 620 620 620 745 745 
133 133 133 277 277 
642 
8 510 740 740 740 740 
684 892 892 892 
273 273 732 732 926 
162 162 204 204 

602 602 602 602 602 954 
385 385 419 901 901 
326 777 777 
23 23 23 54 179 814 814 814 814 814 964 964 
151 238 238 
0 0 107 107 107 317 317 317 454 456 456 711 711 954 954 954 
577 922 922 
760 760 803 803 825 825 825 
245 502 502 529 529 529 
213 290 491 683 683 683 
648 648 648 648 
379 379 379 903 
310 310 310 781 781 781 781 
100 100 104 416 954 963 963 
831 831 
229 476 476 781 785 
162 162 
503 660 878 938 938 938 938 938 
122 122 122 229 229 229 277 277 277 277 277 357 357 357 706 706 744 744 827 827 864 
47 47 47 102 102 102 277 277 346 558 846 903 903 
70 70 70 762 
116 116 116 116 116 307 660 
1006 
5 5 5 61 167 167 191 331 331 331 580 580 686 
2 2 2 182 182 182 216 216 796 
879 879 983 
5 328 328 328 509 625 625 686 686 686 
616 616 616 706 

366 530 530 530 
253 253 253 253 480 502 
53 800 800 966 
810 921 956 956 956 956 
825 919 919 924 1001 
173 173 277 617 1020 
201 418 418 418 684 
5 5 597 954 954 992 992 992 
5 5 5 767 825 853 853 
82 251 251 
57 57 450 611 611 619 
278 387 
277 277 324 
175 733 832 832 
988 988 
399 399 823 
428 428 758 
24 24 31 31 457 460 460 460 460 469 469 469 592 782 782 810 810 
922 
82 82 283 429 429 
192 192 192 192 954 954 1007 1007 
82 82 197 289 289 
780 780 850 
153 323 323 323 
104 229 
502 528 528 528 659 
154 154 154 684 684 755 
208 410 410 410 714 714 714 
248 248 248 264 293 293 502 502 518 615 615 788 788 788 788 816 984 
193 262 262 366 366 790 790 944 
586 586 586 
217 451 451 
8 8 8 60 78 82 108 114 114 169 169 229 239 239 253 262 272 274 274 334 363 363 372 372 393 407 407 409 441 441 441 450 450 470 470 476 476 502 502 510 523 523 607 616 616 657 660 660 660 668 688 688 700 700 700 719 745 745 763 763 790 847 847 871 871 871 871 889 922 922 950 950 950 963 963 980 980 980 981 999 1017 1017 1017 1022 1022 
124 124 
4 229 229 229 487 487 733 733 733 878 878 878 878 

737 737 737 954 
520 680 680 
366 366 523 523 523 817 817 963 
605 605 605 
954 954 
158 158 988 
86 86 86 252 252 513 513 513 513 513 
221 442 442 
618 618 879 879 
316 316 316 713 
843 
419 988 988 988 
63 63 63 68 68 190 190 255 255 255 810 810 810 
277 277 852 
263 263 396 684 684 684 684 767 
306 306 419 419 988 988 988 
524 524 722 722 736 787 
182 278 278 278 278 278 345 
226 226 226 226 426 426 924 924 1002 1002 1002 
156 
400 805 805 
192 192 192 239 239 950 950 950 950 954 
106 406 406 517 517 517 527 
253 366 466 466 
451 451 770 770 770 
121 805 
384 767 767 
102 102 248 248 802 816 816 
20 229 
45 45 45 45 45 60 60 149 149 149 349 349 594 594 594 594 627 750 750 823 981 981 
142 390 
645 645 645 732 732 732 732 757 757 843 949 1013 
127 127 127 274 736 
92 92 92 92 92 
603 
32 32 229 229 229 565 565 869 
392 392 527 
64 64 64 144 151 229 229 271 272 274 274 285 285 285 366 366 427 427 583 583 584 894 894 894 894 
229 
108 366 652 652 904 904 904 
103 103 361 361 361 526 526 660 
492 492 903 903 990 990 990 
262 262 262 
586 946 
3 3 102 102 891 950 954 997 
960 960 960 1007 
318 664 
30 146 591 591 636 636 
340 340 340 
84 84 277 306 381 385 385 988 
573 573 642 642 642 866 
138 138 
26 26 561 
277 449 
229 
217 539 539 
388 388 653 1002 
229 229 407 407 483 583 583 583 695 780 780 826 826 826 854 918 975 975 975 
350 350 431 486 486 486 498 557 557 684 684 755 755 843 861 861 934 937 937 
283 283 353 353 
84 229 
428 902 
152 152 152 152 152 177 486 486 780 780 
954 954 
187 187 515 515 515 640 756 756 768 768 820 820 954 954 954 
66 66 123 123 123 168 550 550 550 786 786 877 877 877 995 995 
18 100 
220 220 220 686 887 887 
733 733 733 913 913 913 1007 
162 162 277 603 603 603 

366 366 366 
33 229 231 377 377 
708 708 708 726 726 747 747 894 
539 539 
73 73 
229 229 885 885 885 885 
27 27 
71 
65 277 423 
344 366 366 
46 217 217 365 365 394 394 770 780 
3 52 
550 903 903 
310 661 661 

310 310 
351 592 592 592 592 
58 58 58 58 777 777 985 985 985 985 
277 
351 351 351 351 575 575 575 575 782 875 875 875 875 
67 954 
32 37 85 85 85 546 546 546 
28 28 623 623 623 623 623 709 709 
779 779 988 
954 
393 393 909 
639 639 639 639 815 815 888 895 895 895 954 954 997 
475 502 
294 294 351 351 351 806 806 806 810 810 810 
366 366 
174 174 174 
69 81 81 81 81 162 735 735 761 761 925 
94 902 967 967 967 967 
929 929 929 1012 1012 
277 468 802 802 802 837 914 
320 320 366 366 745 745 781 781 
129 736 1023 1023 
25 25 25 206 221 971 971 971 
92 92 92 276 491 518 954 954 1010 1010 1010 
102 102 335 502 
195 195 195 195 712 712 784 784 
855 855 958 958 
427 780 780 840 840 840 840 
889 950 950 
229 229 783 
129 177 177 177 428 428 428 432 432 696 861 861 861 
269 269 368 368 714 714 714 771 771 771 771 862 862 862 1006 1006 1006 
101 187 693 693 
747 747 
797 
290 314 479 955 955 955 
411 411 920 
982 
157 
568 568 
563 563 957 959 
40 40 40 43 133 147 817 817 940 940 954 
129 129 129 129 177 177 177 428 861 898 898 898 898 898 
530 530 568 
82 82 217 217 229 229 229 229 820 820 820 820 820 
147 147 504 
53 53 53 188 313 313 335 359 362 362 366 366 468 480 532 532 556 607 659 659 659 674 685 685 685 685 731 763 763 763 773 836 922 922 953 966 966 966 984 984 
322 
501 993 1007 1007 1007 1007 
145 145 885 885 885 
622 622 756 
175 175 662 662 969 969 969 969 
224 
125 125 125 175 331 946 946 946 1017 1017 1017 
300 366 700 
176 878 
147 719 719 789 789 789 789 789 
82 82 376 376 376 376 376 787 787 
758 925 
434 434 434 820 820 961 961 
186 186 954 
106 106 106 392 392 392 527 537 537 537 
362 479 548 577 954 954 
727 727 727 780 
371 680 680 759 
220 595 595 595 626 
530 530 530 
366 366 372 372 372 817 817 817 
57 57 57 57 241 241 241 241 386 386 736 736 889 
168 
410 410 767 767 844 954 979 
392 406 517 
359 359 359 
121 121 121 277 277 277 313 313 313 954 954 954 
334 334 334 499 499 522 522 522 555 555 789 954 954 954 
5 5 5 992 992 992 
53 53 502 502 650 692 692 
156 277 277 739 928 1006 
229 229 636 948 
592 592 592 
80 147 
82 82 82 225 225 225 517 517 517 
1003 1003 
270 425 425 444 444 808 856 856 856 856 

139 161 277 277 
273 273 273 926 926 
277 744 884 884 884 884 884 
77 229 229 
257 297 297 562 562 922 922 978 
289 462 462 462 647 647 647 647 647 780 835 835 835 
286 857 954 
518 792 835 954 954 956 956 
667 714 1006 
435 435 435 453 858 
54 879 964 
601 810 810 956 956 
8 288 
130 130 130 130 231 231 
50 50 50 530 530 698 
502 731 
428 428 861 877 877 937 937 947 
277 277 324 619 619 619 619 
44 44 712 712 712 784 922 
676 676 
422 584 584 584 
181 181 181 545 545 922 922 
262 262 496 496 959 
74 
405 405 
978 978 
876 876 876 876 
249 249 249 249 495 495 499 1002 
5 5 88 121 121 125 164 165 165 250 673 673 673 767 983 983 
957 957 
135 135 135 196 196 196 199 203 203 881 881 881 881 
162 
420 420 
21 21 709 709 709 709 968 968 968 968 
214 214 460 460 460 460 653 886 886 
172 670 670 670 915 915 
264 264 311 518 

851 851 851 
167 328 328 648 
196 
159 587 942 942 950 950 954 954 
271 407 407 427 427 427 
202 407 561 561 561 
174 174 174 702 702 
364 364 364 413 689 689 
582 681 681 681 
171 171 
70 70 70 156 156 156 954 954 
926 926 
417 417 
169 169 351 457 457 457 457 535 535 535 746 746 746 810 
82 82 699 
217 217 399 399 399 399 640 
521 521 521 
207 207 207 207 247 247 247 805 805 922 
255 341 992 992 
819 
879 879 879 
229 229 871 871 
96 191 191 191 191 552 801 801 801 805 805 878 954 954 
37 240 240 305 305 305 305 305 907 954 954 954 
32 32 153 153 229 229 404 439 439 439 
1006 1006 
373 373 373 
81 
108 108 260 260 260 260 366 502 612 612 612 675 790 790 790 790 790 
759 759 759 
238 238 238 
217 820 945 
79 79 79 214 214 214 344 344 819 819 880 880 880 
607 607 607 660 675 675 675 
753 753 753 988 988 
229 620 620 620 620 745 745 745 830 830 830 
362 362 
332 332 332 366 366 663 663 687 982 
154 173 339 642 
378 378 
284 284 284 284 344 558 558 558 558 714 714 1006 
297 297 297 614 614 614 614 745 745 
887 887 887 
506 506 632 632 632 951 
463 463 463 463 463 780 780 780 
142 142 262 262 262 959 959 959 
331 331 
521 734 
399 
37 37 37 
695 695 908 908 908 
888 888 888 
234 234 
115 115 157 157 157 227 229 229 233 622 622 622 951 951 
107 107 823 

166 188 857 857 
417 417 534 
705 705 705 705 852 852 852 852 
679 679 679 831 
467 467 467 467 888 895 
126 156 434 594 833 833 954 
954 991 
234 234 234 234 244 244 299 420 420 420 617 
17 17 17 82 82 82 

401 401 401 886 1014 1014 
74 717 
51 51 162 162 289 289 546 546 546 546 546 737 737 737 
9 315 315 315 315 580 664 935 935 935 
93 93 93 93 736 736 
532 
56 56 220 694 694 791 791 791 
409 409 
426 575 780 780 886 
115 115 115 896 896 896 
229 864 864 
969 969 969 969 969 
82 82 82 82 82 366 
88 88 810 810 
359 502 502 502 762 762 763 763 784 
105 105 105 165 176 238 262 262 322 326 366 366 366 410 612 673 673 673 678 705 705 733 733 805 805 878 878 878 919 919 922 922 954 954 959 959 959 
86 86 86 86 107 454 454 837 837 
507 507 
616 616 982 
416 648 
989 989 989 
277 852 852 
95 95 95 95 549 676 
366 
864 864 
214 576 576 576 
239 243 243 243 697 
710 710 710 710 1000 
164 165 287 287 569 569 569 660 660 660 791 791 
87 502 692 692 
607 612 612 612 793 793 
560 560 667 1006 
254 254 
5 196 196 660 
638 638 638 831 831 
371 371 520 520 
196 196 196 229 229 587 587 587 722 722 722 954 954 
756 756 756 954 954 
213 314 314 314 865 865 865 955 
301 340 360 360 384 384 384 384 428 428 755 937 937 954 954 954 
502 502 502 502 
5 5 61 61 61 61 328 331 331 331 437 
616 982 982 1016 
129 129 366 366 999 999 999 999 
161 211 211 586 586 946 

92 92 229 
90 90 90 532 532 674 674 
488 488 
196 196 196 651 651 791 
427 629 629 812 
177 486 
671 1016 1016 1016 
555 756 756 
82 82 147 147 147 155 193 228 228 228 228 593 745 745 745 897 897 939 939 
50 50 159 159 366 366 366 510 772 1004 1004 1004 
48 841 
174 174 174 585 585 
886 886 886 1017 
186 186 186 954 954 
637 637 637 637 660 660 
229 229 229 323 323 332 
277 949 1018 
52 52 52 52 443 443 443 726 726 726 730 730 730 
463 463 574 574 574 574 920 
5 5 672 672 672 672 954 954 954 
310 310 817 
44 44 44 481 481 559 559 559 784 784 845 845 845 
379 1006 1006 1006 
96 208 361 361 361 487 487 487 549 619 619 790 790 790 790 790 974 974 1006 
162 162 162 797 797 
1004 
74 74 646 839 839 
172 172 172 267 
229 229 230 230 366 512 512 
48 48 48 773 773 836 836 836 
53 53 53 841 841 841 841 841 954 
229 229 229 229 386 386 681 681 681 
285 803 803 803 803 954 
812 
18 18 280 280 285 954 954 
443 443 708 708 708 730 730 747 747 
519 519 519 902 902 902 
24 24 82 82 82 

229 708 708 708 726 726 747 747 
502 556 738 738 738 738 
302 302 401 401 401 401 1014 
347 368 368 368 438 438 438 660 660 954 954 
141 141 626 
472 472 973 973 973 
93 93 386 402 477 524 524 649 649 954 1023 1023 
147 370 370 370 647 647 647 
731 731 731 731 966 
98 104 104 119 119 119 162 266 266 266 533 
135 300 300 300 300 886 886 
83 83 83 228 826 826 975 975 1006 1006 
907 907 

121 121 121 121 282 282 323 323 543 827 
280 280 297 297 366 366 476 476 614 614 614 620 620 699 699 699 
32 32 32 592 592 592 
443 443 489 489 726 726 730 730 
11 160 
841 
114 114 114 114 399 399 961 
37 37 
229 229 
613 613 613 988 988 
176 176 
360 428 428 684 758 771 
101 101 434 434 506 682 682 682 698 698 768 768 954 954 
401 401 949 
162 162 277 277 350 514 755 
6 6 6 520 608 608 608 
99 99 99 99 312 312 803 803 803 
81 81 81 81 472 472 
325 659 659 763 
366 366 502 502 502 659 659 762 
943 
241 241 286 965 
20 20 20 229 
5 5 5 342 384 396 396 526 526 569 853 954 954 1023 
434 434 756 756 
276 276 276 780 780 
394 394 394 451 780 780 
487 487 487 487 755 
178 700 954 
188 502 720 720 
783 928 
109 229 236 236 933 
229 229 
307 307 458 458 
111 111 111 111 805 893 893 893 
274 464 464 
25 85 85 123 123 174 175 175 175 229 229 289 289 289 289 356 356 427 427 432 432 451 483 483 519 546 623 623 623 653 653 769 769 770 770 812 840 840 854 875 875 886 886 967 1015 
12 79 317 317 317 317 320 476 476 964 
31 286 351 351 460 795 795 795 
485 774 860 860 860 
481 481 559 659 712 712 
320 
66 66 435 435 890 890 
14 14 82 82 82 222 386 513 513 
362 362 362 362 845 845 
512 512 512 512 512 530 
363 363 366 607 607 607 607 607 714 714 714 714 714 
258 258 651 651 651 673 673 694 1019 
548 
675 675 
199 
782 782 782 835 835 1001 1001 
182 182 329 
119 162 490 715 715 
95 95 1006 
7 61 61 61 61 86 86 86 86 186 186 262 
245 245 245 245 245 336 336 
601 601 601 954 1006 1006 1006 
40 40 277 277 296 296 397 475 475 475 816 816 816 816 
312 312 723 723 723 723 760 760 760 825 
280 280 846 846 846 
390 390 395 596 596 601 601 660 660 778 878 878 878 954 954 954 
469 469 469 810 810 934 934 934 934 
175 
539 
229 906 906 906 1011 
68 75 75 75 234 234 234 337 351 351 382 382 382 469 469 469 552 552 592 658 658 806 806 917 917 917 956 
208 208 208 208 
695 724 780 1019 1019 1019 1019 
922 922 
308 308 308 308 308 
467 467 888 
223 223 248 362 397 397 802 802 802 802 
372 372 497 497 523 523 523 711 

79 79 598 611 611 1009 
232 434 434 500 500 500 500 500 515 515 610 

266 
349 399 633 
963 963 
13 312 312 312 338 342 803 
427 427 427 741 741 1006 1006 1006 
323 323 744 
922 978 
229 229 229 229 954 954 954 
229 229 614 614 614 844 844 844 
181 319 319 638 679 679 959 
175 347 347 
126 126 640 640 
234 
546 546 546 548 795 795 1001 1001 1001 
502 720 720 720 859 
51 51 51 107 277 277 277 475 661 661 
53 53 53 53 952 954 954 
74 717 717 974 
483 483 483 483 780 780 
701 721 721 721 721 721 749 930 946 946 954 
37 37 37 37 
101 101 380 401 428 
526 830 830 830 
712 712 712 788 788 
189 324 804 804 804 
291 291 291 291 366 366 919 1017 
1005 

259 356 905 905 966 966 
579 579 579 
277 383 637 637 637 637 666 666 954 
29 342 342 767 
427 780 
46 46 46 46 118 118 482 482 958 
154 539 539 539 539 
143 143 143 547 635 635 
168 168 168 183 277 277 550 903 1016 1016 1016 
836 988 
127 267 783 783 783 973 973 973 973 991 
177 177 428 428 486 486 486 498 557 
487 487 487 
123 
323 655 655 669 669 
683 683 683 
79 95 420 1009 
935 935 935 
277 277 937 
196 196 229 405 
937 937 954 954 
229 366 366 366 366 600 600 
189 189 277 
132 
53 53 53 277 277 900 900 900 
460 460 460 460 780 780 886 886 
26 567 567 567 567 
66 66 268 435 435 435 557 557 890 
322 368 368 368 368 511 601 660 660 660 805 805 805 945 945 945 945 
23 54 74 225 330 330 378 378 551 599 599 599 964 964 1005 
57 57 79 214 214 229 230 611 611 611 996 996 
571 571 571 571 902 
907 

30 146 146 146 212 282 282 543 543 543 543 543 
229 446 446 446 446 505 505 505 
229 229 575 575 645 653 703 703 703 740 740 780 780 875 875 
219 219 437 437 621 621 621 
467 630 630 630 639 815 
366 484 524 950 950 950 950 950 976 
786 786 877 
229 234 234 414 
301 301 301 
778 778 778 
407 407 407 407 443 
467 467 467 639 
8 8 8 654 654 654 
699 699 
129 129 265 498 498 498 498 498 
0 
874 874 874 
0 107 107 306 306 
93 94 431 473 727 727 727 881 908 
49 59 59 59 66 66 66 66 162 162 162 189 189 277 316 324 324 411 411 453 453 858 972 972 
409 409 409 
79 209 209 209 209 850 850 966 966 966 
809 809 809 
240 240 602 742 742 882 
629 629 629 902 
249 466 


212 212 212 212 
438 438 438 
475 
576 576 
232 232 232 232 232 
810 810 810 
427 
338 338 660 660 847 
492 709 
288 288 337 
21 238 311 311 352 366 366 502 502 545 545 559 562 562 596 660 660 813 813 828 978 
125 125 
338 388 388 1002 
69 162 162 472 514 
273 273 273 302 542 542 590 590 
18 18 21 
533 774 
213 213 213 474 474 474 954 
841 

130 
775 1019 1019 1019 1019 
428 806 806 806 806 
648 648 648 867 867 867 1006 1008 1008 1008 
53 53 
37 428 428 557 557 684 684 868 870 870 954 954 954 1023 
322 322 322 322 322 
193 193 193 193 699 699 
147 147 147 497 497 
277 277 
56 56 159 582 582 
10 10 175 764 967 
363 980 
610 878 878 878 878 
125 413 509 509 509 689 841 841 1017 1017 1017 
557 
229 534 
34 34 34 229 401 707 757 1013 
239 239 239 366 366 366 391 391 391 391 414 484 484 582 582 889 889 889 889 889 954 
622 632 632 
838 954 
502 
5 5 5 14 16 16 30 30 30 37 40 40 40 43 43 55 55 55 55 61 61 80 107 107 128 130 130 134 134 134 137 137 147 157 157 159 163 163 171 186 186 196 198 205 213 218 218 229 229 229 239 239 239 239 250 250 269 269 277 283 283 284 292 292 292 305 310 310 310 318 341 341 354 354 370 374 374 391 414 433 433 434 434 434 461 465 467 467 479 479 497 516 518 518 526 529 529 529 530 530 530 547 548 548 582 582 589 589 601 601 602 602 602 640 641 660 660 681 681 682 682 684 684 684 704 704 710 710 710 721 723 725 725 733 733 736 756 756 767 767 772 801 805 805 805 829 829 829 838 838 841 852 870 870 929 937 937 937 950 952 963 963 963 1006 1006 1007 1023 1023 
290 290 491 491 491 683 
234 234 234 234 288 288 337 337 337 337 548 548 552 552 810 
277 496 570 570 
76 76 194 194 194 482 482 855 
142 142 262 262 262 496 563 624 624 624 660 660 660 831 
415 415 415 
515 515 750 
187 
115 115 115 115 318 318 366 366 372 824 824 954 954 954 
308 308 551 781 879 879 
35 35 765 
259 259 295 295 336 502 502 502 738 850 850 905 905 905 
473 473 473 473 780 943 
21 21 574 574 574 574 993 
175 507 507 507 507 656 656 656 656 656 

25 25 478 478 478 
903 903 
127 127 127 735 735 735 860 860 860 860 
714 714 839 
427 427 427 741 741 
889 

195 268 545 566 566 828 922 
526 
102 102 102 114 366 366 366 944 
107 366 399 399 
493 616 663 687 687 
330 569 569 
362 502 502 
58 458 458 458 458 
105 105 
229 229 
348 348 375 381 381 381 385 385 385 419 464 613 613 753 753 859 
665 665 665 
39 411 411 411 
82 114 267 641 860 
5 341 341 341 531 531 531 597 597 
504 968 
182 182 229 229 
123 123 435 435 
880 880 
414 467 
32 32 51 51 51 229 
149 149 366 688 688 688 688 
228 672 1013 1013 
338 795 795 835 835 835 
1 388 388 388 426 568 924 1006 1008 
44 44 44 538 538 
50 700 700 700 716 
23 35 35 110 110 848 879 
83 83 95 150 150 208 327 487 487 487 533 549 604 604 619 676 713 713 713 714 741 741 798 801 801 801 826 826 826 935 954 954 1002 1009 
354 354 415 438 504 504 504 504 954 
935 935 935 1002 
138 246 246 246 246 819 866 1006 
92 92 92 479 479 479 
229 809 
271 474 474 
401 949 1000 1000 
645 645 732 
780 
33 687 697 697 697 858 858 858 
145 170 170 170 249 249 249 262 262 262 366 366 366 509 509 509 703 847 946 946 946 
277 277 707 
46 46 791 812 812 812 812 933 933 933 933 
339 
109 109 109 
366 366 
129 477 477 736 736 767 937 954 954 
