nodes: 1024 edges: 3161
107 107 258 258 310 901 
9 9 648 648 664 
329 329 
414 414 414 452 452 915 
212 
61 61 61 167 167 185 185 185 250 263 328 328 331 341 341 342 531 678 686 686 710 767 767 767 767 954 992 
759 759 759 
278 278 278 278 
229 229 231 300 366 366 366 553 553 553 896 
1 1 648 
943 
160 160 748 748 
82 240 240 240 240 240 781 
212 803 803 825 
51 51 178 178 178 178 787 954 1005 
69 147 
107 815 954 954 954 
82 82 643 643 
21 21 436 725 927 927 927 927 
82 
229 229 766 766 
18 18 284 574 574 574 922 922 922 927 968 
84 117 117 
235 308 617 879 879 1005 
351 351 728 728 
478 478 780 780 971 971 971 
244 422 453 
447 447 531 
463 463 463 
121 121 853 853 
146 146 224 224 417 417 884 884 954 954 
548 548 
229 405 405 405 405 405 462 603 603 746 822 998 998 998 
77 77 77 442 442 442 1016 1016 
949 
879 965 965 1005 
229 
462 602 628 628 751 751 751 842 842 842 842 937 937 954 954 954 
229 
990 
497 497 802 802 802 954 954 
77 77 77 
98 
497 497 497 954 954 954 
538 538 559 559 712 712 712 845 845 1003 1003 
399 399 981 981 981 981 
451 451 451 451 451 1019 
189 324 324 324 
701 701 720 720 
903 903 
277 277 555 555 555 700 700 855 1004 
14 14 178 647 647 647 647 837 837 837 837 837 998 998 998 
452 530 708 708 
502 502 721 838 838 838 838 874 874 874 936 936 936 
279 279 
954 954 954 954 
220 220 275 275 275 275 582 582 651 651 651 942 942 942 942 
79 79 146 146 344 344 524 524 524 524 880 880 880 
458 458 985 
903 
366 366 399 399 399 650 
5 5 5 328 328 328 686 686 686 686 799 799 954 
109 109 109 
154 154 154 220 382 382 382 626 
229 229 277 277 407 407 
272 449 449 449 449 
435 435 786 786 877 903 
461 776 776 
382 810 810 810 
15 925 925 925 
325 325 325 589 
448 
876 
445 445 614 644 
160 179 179 179 564 564 646 646 646 839 954 954 
810 810 
194 194 958 958 
33 33 33 41 41 41 
366 
57 57 99 229 229 241 420 420 611 611 611 819 880 905 
536 954 954 
472 472 604 604 604 761 761 761 761 
12 17 17 19 147 147 197 197 209 209 209 267 267 267 283 283 343 353 355 355 366 500 500 513 513 537 593 593 643 643 643 699 699 728 728 787 991 
741 741 
22 277 277 419 430 
123 462 462 462 462 502 780 863 863 
170 170 170 376 376 376 661 661 799 799 799 799 799 1017 1017 
674 
569 658 

532 692 692 692 
241 241 
403 479 691 691 691 1010 1010 
649 649 736 736 736 902 
277 277 473 473 902 
798 798 798 866 866 
974 
928 928 
42 739 739 
79 760 760 760 760 804 
318 436 436 436 436 963 963 
488 756 756 843 843 843 843 
324 324 324 362 397 397 397 397 414 414 414 414 980 980 980 
410 
113 113 113 113 113 358 358 358 358 
986 
392 392 517 517 517 517 
0 0 16 171 310 310 310 633 633 661 661 837 837 954 
409 458 458 
62 62 62 1021 1021 
1005 1005 
420 778 778 
154 
104 104 104 104 104 
366 366 399 448 750 750 750 980 980 980 980 991 991 
150 229 229 229 233 632 654 654 654 718 963 963 963 985 
238 238 238 326 326 326 
22 22 
128 128 128 
227 227 797 797 
225 225 225 
29 29 529 529 529 553 569 744 744 744 744 
189 323 323 323 
85 168 168 435 435 525 525 546 550 780 780 863 995 995 1004 

250 250 509 509 569 946 
399 640 833 833 833 
402 402 736 736 860 860 860 973 973 973 973 
118 118 118 954 954 954 
265 477 486 498 498 498 498 557 688 688 688 688 898 898 
554 932 954 954 
132 132 132 132 271 271 
131 131 131 131 271 873 
298 298 298 298 
916 916 916 916 954 954 954 
199 199 567 571 571 
252 270 270 270 
284 284 284 684 684 684 954 954 954 
242 421 1006 1006 1009 
277 541 

245 245 660 660 660 734 734 
262 262 262 959 
857 
407 407 
169 169 169 169 169 325 1017 1017 1017 
30 30 57 57 417 884 884 884 
15 82 82 235 235 257 497 497 497 501 501 501 699 699 699 714 737 737 939 954 954 954 
208 
366 399 399 399 723 981 
115 826 
202 285 407 407 407 407 
432 432 432 432 432 756 
357 357 603 
63 63 63 112 252 252 252 360 360 360 617 617 856 
193 279 279 
389 533 589 589 589 989 
173 173 173 205 205 494 632 632 954 954 
277 375 375 
582 700 700 700 700 954 954 
11 11 74 646 646 646 748 748 748 748 748 
689 
204 204 229 292 303 303 321 392 439 439 472 472 472 472 637 647 715 715 715 739 758 903 903 903 
954 954 
569 569 
569 569 673 
256 635 635 
5 5 328 328 580 580 
123 123 525 525 858 858 858 858 
145 145 145 145 145 366 366 366 366 592 592 592 
86 86 86 287 1017 
107 210 215 215 588 954 954 
576 576 718 718 718 718 915 
157 157 157 205 205 339 617 617 617 617 
471 471 471 585 585 780 
507 507 507 507 769 780 780 780 807 807 807 832 832 832 943 943 969 
511 660 754 
428 486 486 498 498 498 861 861 
14 14 14 14 51 273 683 954 
74 74 74 308 

266 266 266 266 266 562 562 562 831 
229 796 994 994 
277 858 858 
573 
5 5 5 
516 516 704 704 799 799 799 799 954 954 
434 756 962 
502 502 773 
47 122 277 846 846 846 903 903 
234 234 382 382 382 
328 328 601 601 601 
239 239 239 354 354 391 391 
155 363 699 
76 76 919 
223 223 223 481 481 481 978 978 978 
218 229 229 571 678 678 678 681 681 681 681 681 694 694 694 694 794 869 869 954 954 
82 82 
954 954 954 
135 135 203 

340 340 
151 274 407 407 584 
199 571 571 
162 162 303 
157 157 173 173 954 954 
277 277 277 478 
596 596 596 
148 361 811 811 811 1006 
82 82 82 366 905 905 954 
171 215 215 215 215 723 
241 241 241 284 284 689 689 772 
4 13 470 470 825 825 884 912 912 
683 683 929 
575 575 575 575 611 611 670 880 
171 171 210 210 210 210 
329 329 
365 434 451 451 500 500 500 500 515 594 594 594 594 
196 

56 56 63 437 437 521 521 521 521 521 595 
229 478 478 478 
513 787 
195 195 195 694 816 816 816 
30 30 508 
120 120 120 537 537 879 
388 388 388 709 
119 119 
699 1000 1000 1000 
8 8 20 20 32 36 38 64 64 79 79 115 115 115 162 182 196 196 221 241 241 277 281 300 320 320 320 323 345 358 366 366 366 398 405 407 407 407 408 408 427 427 427 430 464 464 464 476 476 500 500 534 544 578 578 600 600 600 603 614 614 630 632 632 681 681 691 706 719 722 726 726 730 752 766 775 775 776 776 780 809 809 818 818 829 829 829 829 830 863 864 864 864 869 869 869 871 871 871 880 885 886 886 891 891 891 906 948 949 949 954 998 998 1013 
719 719 
8 366 554 
916 916 916 
115 252 632 632 689 
190 190 631 631 642 642 642 810 810 810 834 834 834 891 891 891 956 956 
23 147 147 
775 775 830 

116 116 116 309 609 609 660 890 922 
192 192 192 273 273 366 366 366 366 366 391 391 391 671 950 950 950 954 954 954 954 
12 12 12 12 12 602 602 907 
79 91 91 211 211 211 229 229 524 524 524 524 765 765 765 765 765 
138 1013 
583 583 671 671 671 671 
26 617 617 
141 141 313 800 800 
536 536 536 1009 
596 596 
362 397 397 397 
568 568 909 909 1017 1017 
5 125 125 621 954 954 954 
343 343 
136 154 154 154 233 376 819 856 
335 335 335 393 
677 677 1011 1011 
382 
166 
147 
0 0 791 791 791 
502 850 850 850 966 
607 607 714 
366 
142 142 142 363 366 412 440 563 660 660 799 799 799 959 959 959 1017 1017 
5 271 
288 518 577 
129 898 898 898 
181 181 181 181 181 277 277 739 739 822 822 822 822 
82 82 82 718 783 860 991 
877 978 978 
487 487 954 954 954 
136 136 136 376 539 
131 131 132 263 407 407 1012 
65 407 407 407 
178 239 239 302 302 926 926 
202 402 407 779 
56 56 56 56 666 
479 769 769 769 
50 50 64 64 84 84 94 94 139 158 183 189 206 206 206 229 266 266 323 323 323 323 324 339 339 354 383 419 419 439 439 439 453 453 453 459 459 459 473 529 529 533 543 558 558 570 570 666 697 697 707 739 739 802 837 837 837 837 852 852 858 868 872 872 876 876 900 902 902 903 903 954 957 960 960 988 1016 1016 1018 
7 7 7 7 387 
54 54 155 155 722 
745 745 745 804 
229 759 759 854 
744 744 744 876 876 884 884 
82 82 429 954 954 
21 137 137 137 211 211 619 619 619 619 954 954 
151 407 
547 547 765 782 782 782 954 954 
170 673 673 673 
264 553 553 553 921 956 
355 355 355 355 546 647 647 780 780 780 
314 491 955 
366 847 847 847 
162 954 954 
362 362 
469 469 898 

802 802 802 
545 620 620 745 745 745 745 
133 133 133 133 
642 
8 229 366 740 740 740 740 
684 684 684 892 
273 273 732 732 732 926 926 
162 162 204 

602 602 602 602 954 954 1012 
419 901 901 901 
326 777 777 777 
23 179 814 814 838 964 
238 
0 107 107 107 317 317 454 456 456 711 711 711 954 954 954 
577 
760 803 825 
245 502 502 502 529 529 529 529 529 
290 491 683 683 
411 648 648 648 648 648 935 
903 903 
310 310 781 
100 416 954 954 
831 831 
229 229 229 420 476 781 781 
162 
503 878 878 878 938 938 938 
122 122 122 229 277 277 277 277 357 706 706 744 827 864 864 864 
47 47 47 102 102 102 277 346 346 346 558 558 903 903 903 
70 70 70 145 355 589 762 
116 116 116 307 660 660 
549 1006 1006 
5 5 61 61 61 167 167 191 191 331 580 686 
2 2 216 216 796 
378 879 
5 328 388 486 509 625 686 686 
616 616 616 

366 366 530 530 530 530 999 
253 253 253 480 
800 800 
810 810 810 921 956 956 956 956 956 
880 919 919 919 924 
173 277 277 
201 201 418 684 684 
5 5 597 597 597 954 992 
5 767 853 853 853 
82 251 251 
57 57 611 611 611 773 
229 
324 324 324 407 
733 832 832 832 
568 988 988 
399 399 823 
428 428 428 758 758 758 758 758 
24 24 457 460 460 469 469 548 592 592 592 782 782 
922 922 
82 429 429 
192 192 277 749 954 954 1007 1007 
82 82 289 289 289 289 325 
780 780 850 850 
153 153 323 
104 104 104 104 229 
502 528 528 528 
154 154 154 684 684 684 755 755 
208 410 410 410 714 
102 248 293 293 502 518 518 518 518 743 743 788 788 816 816 984 
193 262 366 366 366 
586 586 946 946 979 
217 451 
8 8 8 60 60 78 82 114 114 149 169 169 169 169 209 229 229 229 231 239 239 239 239 239 261 262 291 300 334 334 363 363 363 372 393 393 393 399 399 407 407 441 450 470 470 470 470 476 476 502 502 502 510 657 660 660 668 668 688 700 719 719 763 777 777 777 790 847 847 871 871 871 889 889 922 922 950 950 963 980 980 981 981 999 1017 1017 1017 1022 

487 487 487 733 733 878 878 878 
937 937 
737 954 954 954 
680 680 680 797 
366 523 523 817 817 963 963 
605 605 605 605 
954 954 954 954 
158 158 988 988 
86 86 86 252 270 513 513 513 820 
442 442 442 
330 618 618 618 879 
502 
843 
419 988 988 
63 63 63 68 190 190 190 255 810 810 810 956 
277 852 852 
396 396 684 684 767 
988 
524 524 524 722 736 787 918 
278 
226 226 226 331 426 426 568 568 924 924 924 1002 1002 
156 
400 400 778 
192 192 239 239 239 950 950 950 950 954 
106 106 162 406 406 517 527 527 
253 366 366 366 466 466 
451 451 
530 
384 384 767 
102 102 102 102 248 248 248 802 816 
229 706 706 
45 45 60 60 60 114 126 149 149 149 349 349 366 366 594 594 594 650 650 750 823 981 981 981 999 
390 390 
645 645 645 697 732 732 757 1014 
127 127 274 477 736 736 736 
92 954 954 954 

32 32 32 32 32 229 
392 392 527 527 
64 64 144 144 151 151 151 151 202 202 229 229 229 271 271 272 272 272 274 285 346 366 366 427 427 427 583 583 583 584 584 894 894 894 
229 229 909 
108 652 652 904 904 904 
103 361 361 361 526 526 526 660 660 919 919 
315 492 492 903 
262 
586 841 946 946 
3 3 3 102 102 102 102 950 954 954 954 954 
960 960 960 960 1007 
318 664 963 
30 30 146 636 636 
340 
84 277 277 306 381 707 
79 79 111 320 642 642 642 
138 
26 579 584 
449 

539 
388 388 653 653 653 
229 229 229 407 407 407 474 474 483 483 583 583 604 695 780 780 780 826 826 826 826 975 975 1012 
177 350 350 350 431 431 455 463 486 486 486 486 498 498 557 557 557 628 684 684 755 861 937 937 
283 353 353 966 
84 229 551 
428 428 755 902 902 902 902 
152 152 152 152 152 486 486 780 
954 954 
187 217 640 768 768 768 954 954 
66 66 123 123 550 550 550 877 
18 100 100 100 100 922 
220 220 887 887 887 
733 733 1007 1007 
162 162 277 277 277 603 603 603 603 855 
262 563 609 609 660 660 
366 
33 33 33 377 377 377 
708 708 726 747 747 894 
539 539 539 
73 73 811 
885 885 885 
27 27 709 
71 114 
65 65 65 65 423 
366 
46 46 46 46 46 217 217 365 394 394 770 780 780 
3 3 52 530 530 
26 277 277 277 550 550 903 903 963 
310 899 899 
428 
310 310 
351 592 592 592 
58 58 108 108 985 985 
277 277 277 
351 351 575 575 575 875 875 875 
67 566 949 949 949 954 
32 37 85 85 85 85 
28 28 28 428 623 623 
229 229 229 779 779 988 
954 954 954 
393 393 909 909 909 
639 639 815 895 954 997 
475 
294 294 351 351 511 806 806 810 810 
212 212 366 366 366 366 
174 174 174 
81 81 162 162 162 162 735 761 925 925 
94 94 277 902 902 902 967 967 967 
427 427 929 929 929 929 1012 1012 
468 
229 229 320 366 366 781 
129 402 486 736 
25 25 206 221 221 221 971 971 
92 276 491 491 518 518 518 954 954 954 1010 
335 502 502 
195 195 195 712 712 784 
855 958 958 958 
427 427 780 840 840 
889 

129 177 177 331 428 428 428 428 432 432 477 696 861 861 
269 269 368 368 368 540 714 714 771 771 771 1006 1006 
101 693 

797 797 797 797 
290 314 479 479 954 954 
411 411 
982 982 
157 
568 
563 563 957 959 959 
40 40 43 43 43 147 147 147 817 940 954 954 954 
129 129 129 129 177 177 177 428 428 861 861 898 898 898 898 
530 530 789 
82 82 217 217 217 217 229 229 820 820 820 
147 147 147 
53 53 85 188 188 259 313 313 313 359 362 366 366 366 379 480 480 528 528 532 556 607 607 659 659 674 685 720 763 763 773 773 859 922 922 922 953 984 984 
322 
1007 1007 
885 885 
622 622 632 756 810 
175 175 175 175 662 662 969 969 969 969 
224 662 
125 125 331 946 946 946 1017 1017 1017 
366 700 700 700 700 
176 469 878 
789 789 789 789 789 
82 82 222 376 376 376 787 787 
758 758 
217 820 820 961 961 961 
186 186 954 954 954 
106 106 106 106 392 527 537 537 537 537 537 
264 362 362 362 362 479 479 479 577 577 954 954 954 
727 727 727 727 780 
680 680 759 759 
220 220 220 220 220 595 595 595 595 
530 530 530 530 
372 372 817 
57 57 57 57 241 241 241 241 386 386 386 736 736 736 889 
123 123 168 168 
410 410 410 767 767 844 844 954 979 979 979 979 
392 392 406 406 517 
359 359 359 502 502 836 
121 121 121 277 277 313 313 313 313 313 954 954 
52 334 334 334 334 395 452 452 499 499 522 522 522 522 555 954 
5 27 992 992 992 
90 502 692 721 796 
156 277 739 739 739 1006 
229 948 948 
592 592 592 592 
80 246 246 246 
82 225 225 517 517 517 517 517 
44 44 1003 1003 
270 425 444 444 444 808 808 856 856 856 856 856 
487 
139 
840 840 
277 744 884 884 884 884 
229 998 998 
297 596 922 922 939 
123 289 647 647 647 835 835 
286 286 857 954 954 
31 31 351 792 792 792 810 810 810 835 954 954 956 956 956 
327 714 1006 
123 435 435 435 453 453 858 858 858 
430 879 879 964 964 964 
601 810 810 810 956 956 
8 8 8 121 288 288 288 
130 231 
50 50 50 530 698 698 698 
502 731 1021 
129 428 428 428 861 861 861 877 877 937 947 947 
277 277 324 324 619 619 619 619 
44 44 712 712 922 922 922 
676 
584 687 
181 181 181 922 
262 440 496 496 959 959 
74 74 

461 978 
135 876 876 876 
249 249 348 388 388 495 621 621 1002 1002 
88 121 125 164 164 165 165 673 673 673 673 767 767 767 931 931 931 983 
277 277 
135 135 196 203 203 

184 
21 21 21 684 684 709 968 968 968 968 
214 214 214 214 460 460 460 653 653 886 886 
172 172 670 670 670 
264 311 518 518 
229 229 
422 851 851 
167 167 328 648 

56 56 159 587 587 880 942 950 954 
243 243 407 407 407 427 427 
202 407 407 422 561 979 
174 174 702 702 
364 364 413 689 884 946 946 946 
582 582 
171 
70 156 156 156 325 954 954 954 
926 926 

169 169 169 351 351 351 457 457 457 535 535 535 535 746 746 746 746 746 810 
82 82 699 699 
217 217 217 217 399 399 399 640 640 855 
220 521 521 521 521 
207 207 207 247 247 545 805 805 
341 341 341 992 992 992 
819 
879 879 879 
229 229 229 871 871 
191 191 191 552 801 805 954 954 
37 240 240 305 305 305 305 907 907 907 954 954 
32 32 153 229 439 439 439 439 
81 81 81 427 683 
373 373 373 373 

260 260 502 502 612 612 675 790 790 
759 759 
238 238 440 440 660 660 678 754 
820 820 
79 79 79 214 214 344 344 344 819 880 880 
607 607 660 675 675 675 
753 753 753 988 
73 229 229 620 620 620 620 745 745 830 830 830 

332 332 332 663 687 687 687 982 982 982 982 
23 154 154 173 173 173 173 244 244 642 642 
378 378 378 
284 284 284 284 558 558 558 558 714 714 1006 
297 297 614 614 614 614 745 745 745 
250 568 568 
506 506 632 951 951 
463 463 780 
959 
331 
63 

37 37 428 
695 695 908 908 908 
229 634 888 888 888 
234 234 956 
115 157 157 229 229 233 233 506 622 951 
107 107 823 997 
630 680 
166 166 857 857 857 
417 417 
162 705 852 
679 679 
467 467 888 888 895 895 
126 434 594 594 833 833 954 954 954 
954 991 
234 234 234 299 420 420 420 617 617 
17 17 82 82 82 
73 747 
401 401 401 1014 1014 1014 
74 74 74 160 160 160 717 
51 51 51 51 162 289 289 546 546 546 737 737 737 737 
1 1 9 315 315 315 315 315 580 664 935 935 
93 93 736 
60 399 399 
56 56 56 694 791 791 
409 409 777 777 
426 426 426 575 575 780 780 840 886 
115 115 115 896 896 
864 
969 969 969 
366 
88 810 810 
502 502 762 763 763 784 784 
141 141 141 176 238 262 262 326 326 366 366 410 410 440 440 609 609 612 673 705 733 734 734 805 805 805 878 883 883 919 919 919 922 922 954 954 959 
86 86 107 107 837 837 
507 507 508 
616 
1 416 648 
989 
275 277 852 852 852 852 852 
676 
366 366 
864 
214 576 576 576 
239 243 243 243 243 
1000 1000 
165 287 287 287 569 569 569 569 660 791 
87 502 692 692 
607 612 612 612 793 793 
560 667 1006 
254 254 
5 196 196 196 609 
638 638 831 831 831 
371 371 371 520 520 634 
196 196 196 196 196 229 229 722 722 954 954 
756 756 954 
178 213 213 314 314 604 865 865 955 
137 137 137 301 301 301 340 340 360 360 360 384 384 428 428 574 574 755 755 892 892 937 954 
502 
5 5 61 61 61 61 328 331 331 
561 616 616 616 982 
129 129 129 129 366 868 999 999 999 999 
161 211 211 233 586 946 946 
844 
92 92 92 229 
90 90 90 532 674 674 
488 
196 196 196 196 223 651 791 791 791 
427 629 629 724 724 812 812 
486 
277 277 401 1016 1016 1016 
555 555 555 756 
82 82 147 147 147 193 228 593 593 745 745 897 897 
50 50 159 159 159 159 366 510 510 510 510 950 1004 1004 
48 48 841 841 841 
585 585 
886 1017 
186 186 954 954 954 
637 660 
229 323 323 398 398 871 871 
277 419 949 949 949 949 1018 
52 52 443 443 726 730 730 730 730 730 
226 447 574 920 920 
5 954 954 954 
310 310 310 817 
44 44 44 481 481 559 559 784 845 922 922 922 
1006 
147 260 361 487 487 549 619 619 790 790 790 974 974 
162 162 162 

646 839 839 
115 172 172 172 172 267 
229 230 230 366 366 939 
48 48 502 773 773 
53 532 841 954 954 
229 279 386 681 681 
149 210 803 954 
695 695 
18 954 
229 229 443 708 730 747 747 894 894 
519 519 519 519 902 
24 24 82 82 

229 708 708 708 708 708 726 747 747 
556 738 738 738 
302 302 302 401 401 1014 1014 
347 368 368 438 438 660 787 954 954 954 
141 141 660 660 
472 
93 93 93 127 127 386 402 402 402 477 524 524 524 649 954 954 1023 1023 1023 
147 147 370 647 647 647 647 954 954 
731 731 731 966 966 
98 98 162 266 266 277 277 533 533 533 
300 300 300 300 780 789 886 886 
83 83 826 826 975 975 975 1006 
907 907 
362 362 
121 121 121 121 282 282 282 323 543 827 827 
280 280 280 297 297 297 297 614 614 620 620 620 699 699 
32 592 592 592 592 592 
443 443 644 726 726 730 730 
11 11 160 160 160 160 160 
354 841 841 841 
114 114 114 399 961 
37 37 37 
229 
613 613 613 988 
176 609 
360 360 428 431 684 684 758 771 771 
101 101 152 187 506 682 682 698 768 954 
401 949 
162 350 350 350 350 350 514 514 755 
6 6 6 281 281 520 520 608 608 
99 99 99 99 312 803 803 
81 81 81 81 472 
325 659 763 
366 502 502 659 659 762 

241 241 241 241 241 286 
20 20 229 
5 5 5 5 342 384 396 526 526 569 569 569 830 830 830 830 853 954 954 1023 
434 434 434 756 
175 276 276 276 
451 780 
487 487 487 755 755 
211 954 
188 344 502 502 720 720 
783 928 928 
229 229 236 236 933 933 933 
67 67 229 229 
307 307 307 366 366 366 652 652 
111 111 390 893 
274 464 464 
25 25 85 123 123 174 175 175 175 229 289 289 289 356 356 427 427 427 432 451 451 483 519 623 653 653 740 770 840 840 849 849 875 875 886 886 886 943 943 943 969 969 1015 1015 
12 317 320 320 476 964 
286 286 286 351 351 795 795 
267 774 860 860 860 
481 659 659 712 
956 
66 66 890 890 890 
14 82 222 386 513 513 733 
362 362 845 845 845 
499 512 512 512 512 512 740 
366 607 607 714 714 714 
258 258 258 651 651 673 694 694 694 1019 1019 
548 548 548 
675 675 
196 
782 782 835 835 1001 1001 
182 329 532 
119 119 371 490 490 490 490 
95 95 95 
61 61 86 86 86 86 86 186 186 186 186 262 262 262 1017 1017 
245 245 336 336 
601 954 1006 1006 1006 1006 1006 
40 40 40 277 296 296 296 397 816 
13 13 312 723 760 760 
99 280 846 846 
596 596 601 660 660 660 878 878 954 954 
469 469 810 810 934 934 934 934 
175 175 175 832 832 
539 539 
229 229 906 906 906 
68 68 68 75 75 234 234 234 337 337 337 382 382 382 469 469 506 548 548 548 552 552 552 592 658 658 806 806 917 917 956 
208 208 208 445 
695 695 1019 1019 
922 922 
308 308 
16 467 841 
223 223 223 362 362 397 802 
372 372 497 523 711 
229 229 
79 252 598 611 
376 500 500 500 515 515 610 610 916 

32 266 266 266 266 
349 399 633 

13 212 212 312 1001 
150 427 427 427 427 741 741 903 1006 1006 
323 744 744 
922 978 978 978 
229 229 229 229 954 954 
229 236 614 614 614 767 767 767 767 844 844 844 844 864 
181 319 319 679 679 679 911 911 911 
175 175 175 347 347 347 807 807 
126 126 126 640 640 
234 234 234 
546 546 548 795 795 1001 1001 1001 
528 
51 51 51 51 51 107 107 277 277 277 277 661 661 
53 53 53 53 308 952 952 954 954 1020 
74 717 717 
483 483 542 542 653 780 780 
413 701 701 701 721 749 749 749 815 930 
37 37 37 37 
101 101 101 101 380 
526 526 690 830 830 830 830 
44 44 712 788 788 788 
189 189 189 804 804 
291 291 291 366 366 919 
1005 1005 
780 780 
259 259 259 356 356 905 966 
579 579 
277 277 383 383 637 666 666 666 666 666 954 
29 29 342 342 342 767 
281 
50 439 482 594 958 958 
154 252 539 539 539 539 539 
143 547 635 635 635 
168 168 168 168 183 183 277 550 550 550 903 1016 1016 1016 
502 988 988 988 988 
127 127 127 267 783 783 783 991 991 
177 177 428 486 486 498 498 557 557 557 

85 85 123 229 
229 229 229 323 323 323 655 669 830 
683 683 
95 95 
935 
277 688 937 
196 196 229 229 229 
937 937 954 954 954 954 
229 229 229 366 366 366 600 600 706 706 
277 277 
132 
53 53 53 900 
460 460 460 780 780 886 
72 277 277 282 282 567 567 567 
66 268 435 557 557 890 
322 322 322 368 368 368 511 660 805 805 945 945 945 945 
23 23 35 225 330 378 551 551 599 599 599 964 1005 
57 57 57 79 214 229 338 582 611 611 
902 
907 907 907 
660 660 
30 30 146 146 146 212 282 282 543 543 543 543 586 
229 446 446 446 505 505 
229 229 575 575 653 703 740 740 780 780 780 875 
437 437 437 
630 630 630 639 639 
366 366 484 524 950 950 950 976 
238 786 786 786 877 
229 229 229 234 234 234 
301 684 684 
778 
407 407 407 443 726 726 
467 639 639 
8 654 654 981 
699 699 
129 129 265 265 265 294 498 498 498 498 
454 454 
277 874 
0 306 306 306 
93 94 277 277 431 431 431 431 473 473 473 727 881 
49 49 59 66 162 162 162 189 189 277 277 316 316 324 324 324 411 453 453 826 858 972 
409 409 409 
79 209 209 850 948 966 966 966 
229 809 809 809 
240 602 602 602 742 742 882 882 882 954 954 
629 629 629 
249 249 408 466 466 466 

831 831 831 
212 212 


3 172 
134 134 134 134 232 232 232 820 
810 810 
386 
194 338 338 338 410 410 660 660 660 847 
709 709 
288 337 956 956 
21 21 21 238 352 352 366 366 436 502 502 502 545 545 559 559 559 562 660 660 712 712 712 813 813 828 968 978 978 

338 388 388 388 1002 1002 
69 69 69 472 472 
273 273 302 302 590 590 
18 18 18 18 21 
97 97 774 774 935 935 1006 1006 
213 474 474 474 474 954 954 
841 
569 569 569 
130 
775 775 775 963 1019 1019 
806 806 806 806 
315 648 648 867 928 928 975 1002 1002 1002 1006 1006 1006 1008 
53 53 53 
37 37 369 369 428 428 557 684 868 870 870 954 954 1023 1023 
322 322 322 
147 545 719 
497 

56 56 56 56 582 
10 175 175 780 780 780 967 
991 
878 878 878 878 
125 364 364 413 413 509 509 509 586 586 586 689 689 1017 
557 557 
229 534 534 905 
34 229 229 461 461 461 707 707 707 707 757 1013 1013 
239 239 239 366 366 391 391 391 391 414 582 700 889 889 889 954 
622 622 632 
838 838 954 954 954 
502 
5 14 16 16 16 30 30 37 37 37 40 40 43 43 43 55 55 55 55 61 74 74 80 80 107 128 128 128 130 130 134 134 134 137 137 137 147 147 147 157 157 159 159 163 163 171 171 178 186 186 196 196 198 198 198 205 205 209 229 239 239 239 239 250 250 250 269 269 269 277 283 283 284 284 286 286 292 292 305 305 310 310 310 318 318 341 354 354 370 370 370 374 374 374 374 391 403 403 403 414 414 414 414 433 433 434 434 461 465 465 465 467 479 479 479 491 491 497 497 497 516 516 516 518 518 518 526 529 529 530 547 547 548 548 582 589 589 589 601 601 602 602 640 640 640 641 660 660 681 681 682 684 704 704 704 710 710 710 721 721 723 725 733 733 733 736 736 737 737 756 767 767 772 801 805 805 829 829 838 838 852 870 870 870 870 907 907 929 929 937 937 950 952 952 952 963 1006 1006 1007 1007 1007 1023 
290 683 
234 234 288 337 337 337 337 337 382 548 548 548 552 552 631 785 810 921 921 
277 496 
76 76 482 482 482 855 855 
142 262 262 262 496 496 563 563 624 660 
277 277 415 415 415 415 
515 515 515 750 
187 
100 100 115 115 115 366 372 372 416 453 933 954 
308 551 551 551 781 879 
35 35 
259 429 738 738 850 905 905 905 
473 473 473 943 
21 574 574 574 574 922 993 
175 507 507 507 507 656 656 656 780 780 

25 25 25 478 478 
903 
127 127 127 127 
96 714 714 
427 427 741 741 741 935 1012 1012 
889 980 980 

195 195 195 268 268 566 828 828 828 922 922 
364 526 526 526 526 584 
102 102 102 114 114 114 114 366 366 976 976 
45 45 45 45 149 366 366 399 399 399 896 
493 493 616 616 616 616 687 
569 
362 502 502 
58 115 458 458 
105 

277 348 348 375 375 381 381 385 464 613 753 859 859 859 859 
156 665 
39 
82 114 114 267 641 860 860 944 
5 341 531 531 531 597 597 597 
968 
182 182 
123 123 

467 633 
32 32 32 51 51 51 229 229 544 544 
334 366 399 688 688 688 688 
228 228 228 672 672 1013 
795 795 825 835 835 835 
388 388 568 568 924 924 935 935 935 1006 1006 1008 1008 
44 44 538 538 
50 123 700 700 
14 23 35 110 110 848 848 879 
138 138 208 327 327 487 487 533 549 619 676 713 741 801 801 801 801 801 826 826 928 928 935 935 935 954 954 1002 1002 1009 1009 
354 354 415 438 438 504 504 954 954 954 
935 1002 1002 
138 246 1006 1006 
92 92 479 
254 254 
271 305 427 474 474 975 975 
229 242 949 949 1000 
401 645 645 645 732 732 
780 780 
33 33 277 277 697 697 697 858 858 858 
86 86 145 145 145 170 249 249 262 262 366 366 366 509 509 509 703 799 799 946 
277 707 
46 791 791 812 812 933 933 
838 
109 109 556 
366 
736 736 736 767 937 937 954 
