nodes: 1024 edges: 1906
310 310 
1002 1002 
329 329 
414 452 
212 
61 61 167 250 263 328 328 341 342 569 569 678 686 686 767 
759 759 
278 278 
229 229 300 300 366 553 896 
648 
943 943 
160 748 
19 240 240 240 240 
212 825 
51 51 178 787 954 
147 147 
954 

21 927 927 
12 82 
162 162 229 
18 922 927 
277 
74 110 308 308 617 879 
31 351 728 728 
478 780 971 971 
244 244 244 422 584 584 
886 

121 121 853 
146 417 417 884 954 954 
24 351 
229 229 405 746 822 
442 1016 
949 
647 965 965 1005 1005 
166 166 229 229 
602 602 628 842 842 842 842 937 
229 

497 802 802 802 
77 77 77 

954 954 954 
91 559 559 712 845 845 1003 1003 
62 62 62 981 981 981 
176 451 855 1019 
189 189 324 

903 
277 555 855 1004 
14 14 837 
530 530 708 708 
336 336 502 502 502 532 721 838 838 838 874 
279 279 308 

220 220 275 275 582 651 651 942 
79 79 146 524 524 880 880 
458 
159 159 903 
366 399 399 399 
5 5 328 686 686 954 
45 45 45 
154 154 220 382 382 626 
229 277 407 407 
272 274 449 449 
435 877 903 903 903 
229 776 
382 810 810 
925 925 
589 
448 448 
277 277 282 876 
229 229 
23 179 179 179 564 646 717 717 717 879 879 
810 810 
194 
41 41 41 229 

57 57 99 99 99 229 241 420 611 866 880 880 
536 954 
604 604 761 761 
19 147 147 209 209 267 283 343 353 353 355 500 537 537 537 593 643 657 657 728 787 787 991 
741 
419 430 
123 462 502 780 863 
170 170 661 661 799 
674 
569 658 658 
427 
692 692 
44 241 
403 479 691 1010 
649 649 736 736 902 902 902 
277 473 902 902 
667 866 866 866 
714 974 

739 
79 79 79 760 804 
436 963 
125 756 843 
397 397 397 414 414 414 414 980 980 
410 410 410 
113 358 358 739 
986 
392 517 517 
171 310 310 633 661 837 837 954 
458 607 607 
229 775 1021 
23 1005 
778 
154 154 
104 
366 399 750 750 980 980 980 991 
229 229 632 632 632 963 


128 128 128 128 855 
162 227 227 739 739 941 1007 
225 225 
29 29 529 529 569 744 744 744 744 

85 168 435 435 550 780 863 995 

101 923 
833 
465 736 736 860 860 860 973 973 
118 118 118 118 954 
486 498 498 557 557 557 688 1023 
554 
132 271 271 407 407 
131 873 873 
298 298 497 
916 954 
199 571 740 919 

284 284 284 684 954 
242 1006 1009 1009 
277 277 361 
181 
245 245 660 
262 


169 169 169 505 505 
30 57 417 884 884 
15 15 82 82 501 699 737 
208 
399 399 981 
826 826 826 1006 
285 309 407 407 
432 432 756 
323 357 603 
63 63 112 112 252 360 617 856 856 
193 193 193 279 279 699 
589 640 989 
494 857 954 
375 375 
59 59 582 587 681 700 954 
11 646 748 
541 
20 20 119 229 229 277 277 277 303 439 439 439 472 472 490 647 647 715 739 739 797 903 903 903 

569 673 
569 569 673 
36 36 256 
5 328 328 576 580 
123 435 525 858 858 
145 145 145 366 592 592 592 999 
86 86 192 287 
107 210 954 954 
267 718 718 718 
339 617 
471 471 702 702 780 780 
239 347 347 347 507 764 769 769 780 780 832 832 943 
46 511 511 660 660 754 
486 
14 273 273 772 954 
74 74 74 
856 
140 266 562 831 831 
387 796 
858 858 
573 

516 704 799 954 954 

502 635 
47 47 277 277 846 846 872 903 903 903 
382 956 
328 328 328 601 
170 239 354 354 391 
155 155 155 699 939 
76 
223 481 481 481 
199 229 229 571 678 678 681 681 681 694 694 694 694 869 869 869 954 
355 
954 954 
135 196 203 571 571 

340 340 
274 
199 571 571 
303 303 
954 954 954 
277 277 315 
247 596 596 
148 361 811 811 1006 
82 82 366 905 905 
171 723 
241 241 284 689 
4 13 470 470 884 912 
314 683 954 
575 611 611 670 880 

329 
365 434 434 594 
869 954 954 1002 
887 887 
56 56 63 521 521 595 595 651 
377 478 

195 694 816 

120 120 465 537 879 
388 388 
119 119 
741 
8 8 20 32 32 36 36 38 64 67 73 73 77 79 109 115 115 162 162 196 196 230 230 277 277 281 320 323 323 366 368 398 407 407 408 408 424 424 427 427 430 442 464 464 476 485 485 500 500 534 534 544 544 600 600 603 691 706 719 722 722 722 722 722 730 747 752 776 780 780 809 818 818 829 830 830 869 880 880 886 891 891 948 949 954 987 994 1013 
229 229 719 719 
442 554 
820 916 
632 
642 891 891 956 956 956 956 

775 
966 
609 609 660 660 922 
175 192 273 366 366 391 391 950 954 954 
12 12 12 12 602 
79 91 211 211 524 765 
138 

26 26 26 617 642 642 642 642 
141 141 313 313 800 800 
536 1009 1009 
207 596 596 

568 568 
5 621 621 954 

154 376 376 856 856 
335 393 393 393 
677 
382 382 597 
166 

791 791 
502 502 502 850 
607 607 607 
366 
142 363 366 624 660 799 959 959 1017 
5 
362 518 
898 898 898 
181 277 277 822 822 
82 172 860 991 
978 978 
487 487 487 954 954 
376 376 539 539 
131 131 407 583 
65 
178 178 239 302 542 926 
65 202 366 366 407 407 
56 56 
769 
22 50 64 72 72 94 139 139 162 162 162 189 189 206 206 229 229 266 266 298 323 323 324 324 346 383 419 419 423 423 439 439 439 453 529 533 543 558 570 666 697 707 739 739 802 837 837 852 852 858 858 874 876 876 900 902 902 903 988 988 1016 1016 1018 
7 7 345 387 387 
54 54 155 155 722 722 
725 
229 
72 884 
82 429 954 
137 137 137 211 954 
151 407 725 
765 782 782 
170 673 673 
553 553 921 921 
647 647 647 780 780 780 780 
955 
847 
954 
362 362 
469 469 898 


545 545 620 745 745 
133 133 277 
642 
8 8 
684 892 892 
273 926 
162 204 204 

602 602 602 
901 901 901 
777 
23 23 54 814 964 964 
151 
0 0 107 107 456 456 456 711 954 954 
577 
760 760 825 
245 245 502 502 529 
213 
206 935 1006 
903 
781 
416 954 954 963 
831 831 
229 

503 660 660 878 938 938 
153 229 229 277 277 706 706 706 864 
47 277 277 558 903 903 


1006 1006 
5 5 61 167 167 191 191 191 331 384 531 686 
2 2 216 796 
879 
328 


530 530 
253 480 502 
53 53 
810 956 956 

173 
201 201 684 684 
5 597 597 992 
5 
82 
611 611 
278 
277 
175 175 175 733 832 832 

399 399 823 
428 758 758 758 
24 31 457 457 460 460 460 469 548 592 592 592 782 782 782 810 

82 82 429 
192 192 995 1007 
82 197 
850 850 
153 
104 104 
528 528 
154 684 
139 208 
264 293 293 502 502 743 984 
262 366 916 944 
586 946 979 
217 
8 60 114 169 209 229 239 239 261 262 274 274 363 372 372 393 399 399 407 407 441 470 502 523 607 657 668 688 700 700 700 719 763 763 777 777 790 847 871 871 889 922 922 950 963 976 981 1017 1017 1017 

229 487 878 878 

737 

366 366 523 523 

954 954 954 
158 158 
252 252 270 270 513 513 
221 442 442 
618 

843 
419 419 988 
63 63 68 190 255 255 
277 852 852 852 852 
328 396 684 684 684 767 767 
419 419 988 
524 722 722 736 
182 278 278 
226 226 426 924 1002 

400 778 805 
192 239 239 950 
106 406 517 
253 253 253 366 

805 
384 767 
102 102 102 802 
229 706 
60 60 60 114 149 149 349 349 366 366 594 594 750 750 816 823 981 
390 
645 732 732 732 757 757 843 949 1013 1013 
477 
92 954 954 
603 
32 869 869 
392 
64 64 131 131 151 151 229 229 271 274 274 285 366 366 427 427 583 583 584 584 894 
229 229 909 
652 652 904 
103 103 103 526 526 526 678 919 919 977 977 
492 492 903 903 

586 
3 102 102 102 102 950 954 954 997 

318 
30 30 146 636 636 636 

84 277 277 381 381 385 385 
79 642 642 642 

26 561 579 
277 277 449 
229 229 
539 
388 653 1002 
89 229 229 407 407 583 695 695 780 826 826 826 854 975 975 
350 431 431 498 498 684 684 755 843 937 937 
283 353 966 
84 229 
428 428 902 902 
152 152 486 486 780 780 780 
954 
217 217 640 756 756 756 820 820 954 
66 123 123 168 550 786 786 995 995 
100 922 
887 887 887 
733 733 913 913 1007 1007 
162 162 162 277 277 277 603 603 
609 609 660 
366 
33 229 231 377 377 
708 726 726 747 894 


885 885 885 

71 71 802 
65 65 423 

46 
3 530 
277 903 963 
899 

310 310 310 
351 351 592 592 
58 108 777 777 
957 
351 351 351 575 575 875 
805 949 949 
85 546 
709 
229 229 988 
127 225 
909 909 909 
639 815 954 
475 
294 294 351 806 
212 212 366 
174 174 
162 162 735 
94 902 
929 929 
468 802 
229 745 745 781 781 809 
402 736 
25 221 971 
92 491 491 518 954 
335 502 
195 195 195 712 784 
855 855 855 958 958 
840 
889 950 950 
229 229 
129 177 432 432 696 861 861 
269 269 269 368 714 714 862 1006 
756 
747 
162 797 
479 479 545 954 954 
411 411 

157 

563 
40 133 817 817 954 
129 129 428 428 898 
530 530 568 789 
82 229 229 820 820 
147 504 
53 53 53 85 188 259 259 259 313 313 335 362 362 366 480 532 532 532 607 607 773 773 836 836 859 922 922 966 966 
322 
501 1007 1007 
145 145 885 885 885 
632 632 756 
175 
662 
946 946 1017 
700 700 700 
176 176 878 
789 
376 376 787 
758 758 
820 961 
186 954 954 
106 106 392 527 537 
264 479 
727 727 780 
680 759 
220 220 595 595 
530 530 
366 372 372 817 967 
57 57 241 386 736 889 
168 
410 410 410 767 954 979 979 
517 
359 359 
121 121 277 313 954 
52 52 334 334 452 499 499 522 522 555 954 
328 992 
53 502 502 502 650 692 721 
277 1006 
229 229 636 

80 246 571 
82 82 82 225 517 

270 270 425 856 856 

161 
273 840 840 
277 884 
229 229 
297 297 491 596 596 922 939 978 978 
462 647 647 780 780 835 835 835 
857 954 
351 792 810 810 835 954 954 956 956 
667 667 667 667 714 1006 1006 
123 435 858 
964 964 
810 810 956 
8 288 288 
130 231 
50 530 698 698 698 1003 
1021 
129 129 129 861 877 877 937 937 947 
277 324 619 619 619 862 
44 44 712 784 784 922 
676 1006 
422 584 584 
181 
496 959 
74 

978 
876 
249 249 499 621 621 1002 1002 
5 5 88 121 164 165 165 673 673 673 767 767 931 
277 
135 196 199 199 203 203 536 881 

184 
684 684 937 968 968 
214 460 460 653 653 
167 670 670 670 
311 

422 851 
167 

56 159 587 587 880 954 954 
271 407 407 427 
26 26 407 407 561 561 979 
702 
364 413 
159 582 582 

70 156 954 


169 169 169 351 351 351 457 457 746 746 
82 699 699 
217 399 399 640 640 
220 220 521 521 
207 207 247 247 545 545 805 805 922 922 
255 341 341 917 917 992 


229 229 
191 801 805 878 
37 37 240 305 305 305 954 
153 229 404 439 439 
81 81 1006 

903 
108 108 260 260 260 366 502 502 612 612 790 790 790 
759 
238 238 440 440 660 660 678 
820 
79 214 214 344 344 819 819 880 880 
607 607 660 660 675 805 
753 988 
620 830 

687 982 982 
23 154 173 244 642 
378 
558 558 558 714 714 714 
297 614 745 
250 250 568 568 887 
951 

262 959 

63 

37 

634 888 

115 115 115 233 506 506 
107 997 
630 680 
188 857 857 857 
417 417 417 534 
852 
679 831 
467 895 
156 434 594 594 
991 
234 244 244 244 244 299 420 420 420 617 
82 

401 
74 160 
35 162 162 289 289 289 546 546 737 737 737 
9 664 
93 93 736 
532 
56 56 220 694 791 
409 409 
426 575 575 780 886 
896 
864 
969 
82 82 366 
88 88 810 810 
762 
141 176 176 238 238 262 322 322 440 609 609 612 612 673 673 678 705 733 805 814 878 919 922 922 922 954 954 959 959 
86 86 107 
508 
982 
648 
989 
277 852 
95 549 549 549 549 676 676 
366 

214 576 576 576 

710 710 
164 165 287 287 569 569 569 660 660 791 791 
87 692 692 844 
612 
560 667 667 1006 
254 
5 196 196 410 609 660 
638 831 
520 634 
159 196 196 196 722 
756 756 756 954 954 
213 865 
137 301 340 340 360 384 384 384 428 428 574 574 755 755 892 954 954 

5 5 61 61 328 
616 982 
129 366 999 999 
211 946 
844 
92 229 
90 90 532 674 674 

196 196 196 196 223 651 
427 427 812 812 
486 
277 1016 1016 1016 1016 
555 555 555 
147 155 193 593 593 745 897 939 
159 366 366 366 510 510 510 772 950 1004 

174 174 585 
886 
186 954 
660 
229 323 323 323 398 871 871 
277 949 949 949 
52 52 443 726 726 
463 920 920 
672 672 
310 
44 481 559 784 922 922 
1006 
96 487 487 549 619 619 619 790 790 1006 1006 
162 925 
1004 
74 74 74 
172 172 172 
229 230 230 366 

53 532 841 841 954 
229 229 229 229 229 279 279 386 386 681 
210 
812 
280 285 954 
443 443 708 708 730 730 747 894 
519 519 
24 24 82 

229 726 726 747 
738 738 
401 401 401 1014 1014 
347 438 438 660 954 954 

472 973 
93 93 127 127 386 477 524 649 954 1023 1023 
147 370 647 647 647 954 954 954 
731 731 966 
98 104 119 119 162 162 277 277 
135 886 
83 228 826 975 975 

362 801 
121 121 121 121 827 
297 297 476 476 620 699 
32 592 592 
229 443 489 726 730 
11 160 

114 114 399 399 

229 
613 
176 
428 684 684 
101 152 434 434 434 488 506 682 682 682 768 954 954 
401 401 949 
350 350 350 514 514 
6 6 520 608 
99 312 312 
81 81 
659 763 
366 366 762 
175 
241 286 

5 384 384 396 526 569 569 830 830 830 
756 
175 175 276 780 780 

989 
178 700 
502 502 
928 
109 236 933 
67 229 
307 366 366 458 458 
111 390 

25 85 123 174 174 175 175 229 229 289 289 289 289 427 432 432 432 519 546 546 653 769 769 840 849 875 875 886 886 943 943 967 1015 1015 
317 476 476 
286 286 351 351 351 
860 860 860 
481 559 559 712 
956 
435 435 
14 82 82 513 

499 512 
366 607 607 607 714 714 
258 258 651 673 673 
548 


835 
182 329 
162 490 

86 186 262 1017 
245 245 
601 743 954 1006 1006 1006 
40 40 40 277 397 448 475 816 
825 825 
99 846 846 
390 395 461 596 596 601 612 660 878 893 893 954 
469 810 934 934 
832 

229 476 906 1011 
68 68 75 75 337 351 548 548 552 552 658 658 806 917 917 917 
208 208 
695 695 724 1019 1019 1019 

308 660 
467 888 
223 399 802 
497 497 523 
229 229 
611 611 1009 1009 
232 434 434 500 500 515 610 916 
966 
32 266 266 
349 399 
963 
13 312 803 803 1001 
150 150 150 427 427 427 741 1006 1006 
744 
922 978 
229 
229 229 614 767 767 767 844 844 864 
181 181 319 319 638 679 911 911 959 
175 175 347 347 807 
126 

546 546 546 548 795 1001 1001 1001 
502 502 
51 107 107 277 277 
53 53 53 952 952 954 1020 
974 
483 542 542 780 
721 721 888 930 946 954 954 954 
37 37 37 37 
101 380 401 428 
674 690 830 830 
44 44 
189 189 804 804 
291 366 909 919 

780 
259 356 356 905 
579 
277 277 383 383 383 383 637 666 954 
29 
427 
46 50 118 482 482 482 
154 154 180 252 252 539 539 
157 547 635 635 635 
168 168 183 183 277 277 550 903 903 1016 1016 1016 
502 988 
127 127 127 267 783 783 783 973 991 991 
486 486 557 
487 558 
85 123 
323 655 830 
683 954 
79 95 95 95 
935 

196 196 196 218 229 405 405 
954 954 
366 366 706 706 
189 
132 132 
53 277 900 
460 780 780 
72 277 277 567 
66 557 557 890 
322 368 368 511 601 660 805 945 945 
23 74 74 225 330 1005 
57 57 79 79 214 229 229 582 611 611 996 
571 902 
907 

30 146 146 212 282 543 
446 446 446 505 505 505 
27 229 653 703 740 780 780 
219 219 437 437 437 621 
630 815 841 
366 484 524 950 
877 
229 229 234 234 
301 301 684 
805 805 
407 443 726 
639 
8 654 
699 
265 265 265 294 498 
454 
277 874 
306 306 306 
93 93 93 94 94 277 277 431 431 473 881 908 908 
49 59 66 66 66 162 162 162 189 189 189 277 316 324 324 411 411 453 606 858 858 
409 
209 209 850 966 
809 
882 954 
902 902 
408 466 466 466 847 

831 831 
212 
438 438 


134 232 363 820 
597 597 810 810 810 

135 410 410 660 847 
709 709 
288 288 
21 238 366 366 436 502 502 545 559 596 596 660 660 660 712 712 828 968 
125 
388 
69 69 715 
273 302 
18 18 21 
774 935 
474 474 954 
841 
569 

775 963 1019 
806 806 
315 867 928 1002 1002 1006 1006 

37 428 428 557 557 574 954 1023 
322 322 
193 545 699 

119 
56 
10 10 175 780 780 967 
363 980 
878 878 
364 509 509 689 841 1017 
557 
229 
34 229 401 461 461 707 707 707 757 1013 1013 
239 366 391 414 484 484 700 889 
622 
838 838 

14 16 30 30 43 43 43 61 80 107 128 134 137 157 159 171 171 178 186 186 196 198 198 205 205 205 213 218 218 229 239 239 250 269 269 283 284 292 310 310 318 318 374 374 374 403 403 414 414 433 434 467 479 491 491 497 516 516 526 529 530 547 548 548 582 582 589 602 660 660 682 682 684 684 704 721 725 733 733 736 737 737 737 756 756 801 805 838 841 841 841 852 865 870 870 907 929 937 963 1006 
290 
190 234 234 234 234 337 337 548 548 552 785 
459 
482 482 
262 262 563 624 660 660 831 

515 

100 115 318 366 453 824 933 954 
308 308 551 551 
35 35 
237 429 502 502 738 821 905 
523 780 943 
574 574 922 
656 

25 25 478 

127 127 735 860 
96 839 
427 427 741 741 
366 980 
410 410 
268 268 545 545 566 828 
364 526 526 584 
102 102 114 114 114 944 976 
45 45 45 149 366 399 
616 616 663 687 

362 

105 
229 
277 277 381 385 464 613 859 
156 665 771 

82 114 267 641 860 860 
341 531 597 

229 
123 354 435 435 
880 
414 633 

169 688 688 
1013 
825 835 835 835 
1 1 218 388 426 568 568 935 935 1006 1006 1006 1008 1008 
44 44 555 
50 700 716 
35 35 110 879 
138 150 208 315 327 327 487 533 549 549 560 604 676 713 714 714 801 801 801 826 826 935 935 954 1002 1002 1002 
119 354 438 438 504 504 
1002 1002 
138 138 246 246 819 819 
92 
809 

229 401 401 949 949 1000 
732 732 
780 780 
33 277 277 697 697 697 697 858 858 858 
262 366 366 366 509 799 946 
277 
46 812 812 812 933 
838 
109 556 

129 736 736 937 
