nodes: 1024 edges: 3142
107 107 107 258 310 310 901 
9 648 648 1002 1002 1002 
329 329 
414 414 414 414 452 452 
212 
61 61 61 167 167 185 185 250 263 263 328 328 328 331 331 341 341 342 531 569 569 686 710 767 767 767 767 954 992 
759 759 
278 278 278 
229 229 231 231 300 366 366 366 896 896 
1 648 
347 943 943 
160 160 160 748 748 
82 240 240 
212 212 803 825 
51 51 178 178 178 787 787 954 954 
69 
954 954 954 
82 172 643 
21 725 725 927 927 927 927 
82 82 82 
229 398 766 766 
18 574 574 574 574 927 968 968 
117 117 277 277 
110 110 308 308 308 617 617 617 879 879 1005 
31 351 351 728 728 728 728 
478 478 780 780 
244 422 453 584 584 876 
447 447 886 886 

121 121 121 
146 146 417 884 884 954 954 
24 351 351 351 548 548 
229 405 405 405 405 462 603 603 746 822 
77 77 77 442 442 442 1016 1016 
949 
647 965 965 965 1005 1005 
166 166 166 229 229 
462 462 462 462 602 602 628 628 751 751 842 842 954 
229 229 
990 
497 497 802 802 802 954 954 965 
82 
98 
497 954 
538 559 559 712 845 845 
62 62 62 399 399 399 399 981 981 981 981 
451 451 451 451 855 855 855 855 1019 1019 1019 1019 
189 189 324 
701 720 720 720 

555 700 1004 
14 14 647 647 647 647 837 837 998 998 998 
452 452 530 530 708 
502 502 502 532 721 721 721 838 838 838 874 874 936 936 936 
279 279 551 879 879 
954 
220 275 275 275 582 582 582 651 651 651 942 942 
146 344 344 524 524 524 880 880 880 880 880 
458 458 458 458 985 
159 159 159 159 903 
366 366 399 399 
5 5 5 686 686 686 686 799 799 954 
45 45 45 109 109 109 109 109 
154 154 220 382 382 382 626 
229 229 229 277 407 407 407 407 
272 274 449 449 449 
435 786 786 877 877 877 903 
229 776 
382 810 810 
15 472 472 925 
325 325 325 
448 448 
277 277 277 876 
229 644 
179 179 646 646 717 839 839 879 879 879 954 954 954 
810 810 810 
194 766 958 
33 33 33 229 
366 
99 99 111 229 229 241 611 819 866 880 
536 536 536 954 954 
472 761 761 826 826 
12 17 19 19 19 41 147 147 197 209 209 267 283 283 353 355 355 366 500 500 500 513 513 537 593 593 593 643 643 657 657 657 657 699 699 728 787 787 
741 1006 1006 
277 277 419 430 
123 462 502 780 863 863 
170 376 376 376 531 799 799 799 1017 1017 
674 674 674 
658 658 
422 427 
532 692 
241 241 241 241 
403 403 403 403 479 1010 1010 
649 649 736 902 902 
277 902 902 
667 798 798 798 866 866 866 866 
601 714 
928 928 
42 739 739 
79 79 
318 318 436 436 436 436 963 
488 488 756 756 756 843 843 843 843 
324 397 414 414 414 480 480 558 980 980 980 
410 410 
113 113 318 358 739 
660 660 673 986 986 986 
392 517 517 
0 0 0 171 310 310 310 633 837 837 954 
366 366 409 409 409 458 458 458 607 
62 62 62 62 62 775 
23 23 1005 1005 1005 
79 778 778 
154 154 
104 104 162 162 
366 366 399 448 750 750 750 750 980 980 980 991 991 991 
150 229 632 632 632 963 963 963 985 
238 326 
22 22 1009 
128 
227 227 227 739 797 797 941 
225 225 225 
29 29 29 553 569 744 744 
189 189 189 323 
85 168 435 435 525 525 546 550 780 780 863 995 1004 1004 1004 

250 509 569 923 923 946 
399 640 833 
402 736 736 860 973 
118 954 954 
265 486 486 498 498 688 688 1023 
554 554 554 554 932 932 954 954 954 
132 132 271 271 271 407 452 
131 131 271 873 873 998 
497 497 497 
916 916 916 916 954 954 
571 740 
252 270 270 
284 284 684 684 954 954 954 954 954 
242 242 242 421 421 
277 1018 
153 181 181 181 
245 245 245 245 734 734 
262 262 262 959 
857 
407 
169 169 169 505 1017 1017 
30 30 57 884 
82 82 235 235 497 497 501 501 536 699 699 699 714 737 737 737 940 940 940 940 940 954 954 
208 208 
366 399 399 399 723 999 999 
115 700 826 1006 
202 202 285 285 407 407 407 
432 432 432 432 756 756 
140 323 357 603 603 
63 63 112 112 252 252 360 360 617 617 
193 279 699 
389 589 589 589 
173 205 494 494 632 632 857 857 954 954 
375 375 375 375 
59 59 59 59 681 700 716 942 954 954 
11 11 11 646 646 748 748 748 
541 
113 113 229 229 277 303 321 321 321 439 472 472 572 572 637 715 739 739 752 758 797 903 903 903 925 925 
954 954 954 
569 569 
569 569 660 
36 36 36 635 
5 5 328 576 580 
123 435 525 525 858 
145 145 145 366 366 366 592 592 592 999 999 
86 1017 1017 1017 
107 215 588 588 954 954 
17 267 267 576 576 718 718 718 718 915 
157 205 617 617 617 617 
585 585 585 702 702 780 
347 507 507 507 507 509 764 764 769 769 780 807 807 807 832 832 943 943 969 
511 511 754 754 754 
428 486 498 498 861 
14 14 14 273 954 954 
74 74 308 308 
856 
140 140 140 562 562 831 831 911 911 
387 387 796 796 
858 858 
573 
5 5 
516 516 704 704 704 799 799 799 954 954 
434 488 756 756 
502 502 
47 47 122 122 122 277 846 846 872 872 872 903 
234 382 382 956 
328 328 328 601 601 601 
239 239 239 239 354 354 391 
155 939 939 939 
76 
223 223 223 481 978 
199 218 229 571 581 678 678 681 681 681 681 694 694 694 694 794 869 869 869 954 
82 
882 954 954 
196 203 571 571 
568 
340 340 340 360 
151 151 274 407 407 584 
199 
303 
157 173 
277 277 315 478 
247 596 596 596 596 
148 148 361 361 714 714 811 811 
82 82 366 905 954 
215 723 
241 241 241 284 284 689 689 689 689 
4 13 13 470 470 825 912 912 912 
314 683 954 954 
575 575 575 670 880 880 880 
171 210 
329 329 
425 425 434 451 451 500 500 500 515 594 610 
196 954 954 1002 
887 887 887 
56 63 437 521 521 595 651 
229 229 478 
513 787 
195 195 195 694 816 

120 120 120 465 537 537 537 
388 388 388 388 
119 119 119 632 
699 699 1000 
8 8 20 32 36 36 38 38 64 64 64 67 73 77 79 79 115 162 162 196 221 221 230 230 241 241 277 281 300 320 320 323 345 345 366 366 368 398 398 405 407 408 408 424 424 424 427 427 427 430 442 442 442 446 446 464 464 476 485 485 500 500 534 534 534 544 544 544 578 578 600 603 603 614 614 630 632 632 632 655 655 681 691 691 691 706 719 719 719 722 722 722 722 726 726 730 747 747 752 766 775 775 780 796 796 809 830 863 864 864 864 869 871 880 880 886 891 891 891 906 948 948 949 954 954 987 994 994 998 1011 1011 
229 229 
8 8 366 442 554 
820 916 916 916 916 
252 632 689 
190 631 642 642 642 810 834 891 891 956 956 
147 147 308 
775 775 830 
966 966 
116 309 309 609 660 660 922 922 
192 192 192 192 273 273 273 366 366 391 391 671 950 950 954 954 
12 12 602 602 602 602 602 907 
79 91 91 91 91 211 211 211 229 229 524 524 524 
138 138 138 
387 583 583 671 671 
26 617 642 642 642 
141 141 141 141 313 313 800 800 800 800 
536 1009 1009 1009 1009 
207 596 596 
362 362 397 816 
568 568 568 568 568 909 909 962 
5 125 569 686 954 954 
343 343 343 
136 154 154 233 376 
335 335 335 
677 1011 
382 382 382 


0 791 791 791 
532 850 850 850 850 
607 607 714 
366 366 
142 142 142 363 366 412 412 440 440 563 660 660 799 959 959 1017 1017 
5 5 271 384 384 396 
362 362 577 
129 898 
277 822 822 822 822 
82 172 172 654 718 860 860 860 991 
978 
487 954 954 989 
136 136 376 539 539 
131 131 131 132 263 407 583 583 583 1012 1012 1012 
65 366 407 
178 239 239 239 542 
65 202 366 402 407 407 779 779 
56 56 56 666 
479 479 769 769 
22 22 64 72 72 72 84 84 94 139 162 189 206 206 229 266 298 323 323 323 323 324 324 339 354 383 383 383 419 419 423 423 439 439 449 453 453 453 459 473 529 529 533 541 541 558 570 570 697 707 739 758 758 802 802 837 837 852 852 852 858 858 858 858 868 868 872 872 874 876 900 900 902 902 903 903 903 941 954 954 960 1016 1016 
7 7 7 345 345 387 387 387 
54 54 155 
725 745 745 745 
229 759 854 
744 744 744 884 935 
82 82 353 
137 137 211 211 619 954 954 
151 151 407 407 723 723 723 
547 782 782 782 954 954 954 954 
673 
553 553 553 921 921 
355 355 546 546 647 647 780 780 780 780 
314 314 314 491 491 955 955 
366 847 847 847 
954 954 
362 
469 469 
966 
802 802 802 802 
545 620 620 745 745 745 745 
277 
642 642 642 
8 229 366 366 740 740 740 

732 732 926 926 926 
162 204 

602 602 954 954 1012 
385 385 419 419 419 901 901 901 
326 326 777 
23 23 23 179 179 235 838 964 
238 238 
0 0 107 107 107 317 317 454 456 711 711 954 954 
922 922 922 
760 760 803 803 825 825 
245 245 502 502 529 529 
213 290 290 290 491 491 683 683 683 
206 411 648 648 648 935 
379 379 903 903 
310 310 724 781 781 
100 100 104 416 416 954 963 963 
831 831 
229 229 476 476 781 
162 162 162 
503 660 878 938 938 938 938 
122 153 229 277 277 277 277 357 485 744 744 827 827 864 910 
47 102 277 277 346 346 558 558 846 903 903 
70 70 70 589 762 
116 307 307 660 777 777 777 
1006 
5 5 5 167 191 191 191 331 384 531 580 686 
2 2 216 216 
378 879 983 
5 5 328 509 625 686 686 
616 616 616 706 

530 999 
253 253 253 502 
800 800 966 
810 956 956 
825 825 919 919 919 919 
277 617 1020 
201 201 201 418 
5 5 597 597 954 954 
5 767 853 
251 251 251 
57 57 450 611 611 
229 229 278 278 387 
324 324 
10 175 832 832 
568 568 988 
399 823 823 
428 428 428 758 758 
24 24 31 31 31 457 457 457 460 460 469 548 592 782 782 782 810 
922 922 922 
82 283 429 429 429 
192 192 277 954 995 1007 
82 82 289 289 
780 780 850 850 850 
153 323 
104 
528 528 
154 154 201 684 755 755 755 
208 208 410 410 
248 248 264 264 293 502 518 518 518 518 615 743 788 788 816 816 816 984 
262 366 366 944 
586 586 946 946 979 
391 451 451 451 
8 8 8 60 60 78 82 108 108 114 114 149 169 169 169 209 229 229 231 239 239 261 261 262 272 274 291 300 300 363 363 372 372 372 393 393 399 409 441 441 450 470 470 470 476 476 502 502 510 523 523 607 607 616 616 660 660 668 668 668 688 688 688 700 719 719 745 763 790 790 847 847 847 847 871 889 922 922 922 950 950 963 980 980 981 981 981 999 1017 1017 1022 

229 487 487 487 487 733 878 878 878 878 
937 
737 954 
520 680 680 680 
366 366 366 523 817 817 
605 605 
954 954 954 
158 158 158 158 988 988 
86 86 86 252 270 513 513 526 
442 442 
330 618 879 
316 316 

419 988 988 
63 63 63 68 190 190 255 255 255 
277 277 277 852 852 
263 263 328 396 684 684 767 
306 306 988 
722 722 722 736 787 
182 182 243 278 278 278 345 
226 226 226 226 426 426 568 634 924 924 
156 954 
400 400 
192 239 239 365 950 950 950 954 
106 406 517 517 517 527 
366 366 466 466 466 
451 770 770 
805 805 
263 384 767 
102 248 802 816 
20 229 229 706 
45 45 45 45 60 60 114 126 149 149 149 349 366 594 594 650 650 823 823 981 981 999 999 
390 390 
645 732 843 949 949 1013 1013 1014 
127 274 736 736 736 736 
92 92 92 92 
603 603 
32 32 32 32 229 565 565 565 869 
392 527 527 527 
64 64 64 64 131 144 151 151 151 202 202 229 271 272 274 274 285 285 427 583 583 583 584 584 894 
229 229 909 
108 108 108 366 572 652 652 652 652 652 904 904 904 
103 103 361 361 526 526 526 526 526 660 660 919 
315 492 492 903 903 990 
262 262 
586 841 946 
3 3 3 3 102 102 102 891 954 954 
960 960 960 1007 1007 
318 318 
30 591 591 636 636 884 
340 
84 277 277 306 306 306 381 988 988 
573 573 573 642 642 
138 138 
26 89 561 561 579 579 579 584 
277 277 
229 229 229 
217 217 539 539 539 
388 388 653 653 1002 1002 
89 229 229 229 407 474 483 483 583 583 583 583 604 695 780 780 780 826 826 826 854 854 975 975 1012 
177 350 350 350 431 431 455 486 486 486 557 557 684 684 755 843 861 934 937 937 
353 353 353 
84 229 
428 428 755 902 902 902 902 902 
152 152 152 152 486 486 
954 954 
187 217 515 515 640 640 756 756 768 768 820 820 954 954 
66 123 123 168 550 550 550 786 877 877 877 995 995 995 
100 100 100 100 922 
220 887 887 887 887 
733 733 913 913 913 913 1007 1007 
162 277 277 603 603 855 855 
262 262 563 609 609 660 
366 366 
33 33 33 229 229 229 231 377 377 
708 708 726 726 894 
539 539 

229 229 885 
27 27 709 709 
71 71 114 
65 65 65 277 777 
344 366 
46 46 46 46 217 217 365 365 365 394 770 780 780 780 1015 
3 3 52 52 131 530 530 
26 277 277 277 550 550 550 903 963 
310 661 661 899 
428 
310 
351 351 351 592 
58 58 58 58 108 108 108 777 985 985 985 
277 957 
351 351 575 575 575 575 875 875 875 875 
949 949 954 
32 37 37 37 37 85 546 546 
623 709 709 
229 229 779 779 779 988 988 
225 
393 393 393 909 909 
639 639 639 815 815 888 895 895 997 
475 475 502 1010 
294 294 351 511 806 806 810 810 
212 212 366 366 366 
780 780 
69 69 81 162 162 735 735 925 925 
277 881 881 902 967 967 967 
427 929 929 929 1012 
468 468 802 914 
229 320 320 366 366 745 745 781 781 
1023 
25 25 206 221 971 
92 276 276 491 491 518 518 954 954 1010 
102 102 502 
195 712 712 712 750 784 784 784 
855 855 855 855 919 958 958 958 
427 427 780 840 840 
889 
229 229 323 783 
129 129 177 428 428 428 432 432 696 861 861 861 861 861 
269 368 368 368 368 540 714 771 771 771 771 862 862 862 1006 
101 101 187 693 

797 797 
290 290 314 314 479 479 545 954 954 955 
411 411 920 
982 982 
157 157 
568 568 
563 563 957 959 
40 40 43 133 133 133 147 147 817 817 817 940 940 954 954 
129 129 177 177 898 898 898 
530 568 789 789 
82 82 82 217 217 217 229 229 820 820 820 
147 147 504 
53 53 53 85 188 188 313 313 335 362 366 366 468 480 556 556 607 659 674 685 720 773 836 836 836 859 859 859 922 922 922 953 953 966 984 984 
322 
501 1007 1007 1007 
145 885 885 
573 622 622 632 632 756 756 756 
175 175 175 175 662 662 969 969 969 
662 662 
125 175 331 946 946 1017 1017 
366 700 700 700 
176 176 469 878 
789 
82 82 222 376 376 787 
925 
217 434 434 820 820 820 961 
186 186 954 
106 106 392 392 392 527 527 537 537 
362 362 362 362 479 479 548 577 577 954 
727 727 727 727 780 
371 680 680 680 
220 220 595 595 595 
530 
366 366 372 817 817 817 967 
57 57 57 241 241 241 736 736 889 
123 123 168 168 
376 410 410 410 410 410 767 767 767 844 954 954 954 979 979 
392 406 406 406 517 517 
359 359 836 
277 277 313 313 954 954 
52 52 334 452 452 499 522 555 555 954 
5 86 328 992 992 
53 90 259 692 692 796 
277 739 739 928 
229 229 229 948 948 
592 592 592 
80 80 80 147 246 
82 225 225 225 517 517 
44 
270 270 425 425 425 444 444 808 808 808 856 856 
487 
161 277 277 
273 840 840 
884 884 941 
229 229 229 998 998 
297 491 562 562 596 596 922 922 939 978 978 
123 289 289 462 462 647 647 780 780 835 835 
286 857 954 
31 31 351 518 792 792 810 810 810 835 835 956 
667 667 714 1006 
123 435 435 435 453 453 453 858 
54 879 879 964 
810 956 956 956 
121 288 288 288 
130 130 130 130 231 
50 530 530 698 698 698 
502 502 1021 
428 428 861 861 877 877 877 937 937 947 947 947 947 
102 277 324 324 619 619 619 862 
44 44 784 922 922 922 
676 
422 422 584 584 687 
181 181 545 545 729 
262 440 496 496 959 959 

405 405 405 
978 978 
876 876 876 876 876 
200 249 249 249 249 249 348 348 388 495 495 499 621 621 621 
5 5 121 125 164 164 165 165 250 673 673 767 931 931 
277 277 957 957 
135 196 199 199 881 881 881 
162 162 409 
184 420 420 420 506 
21 21 21 21 684 709 709 968 968 968 
214 214 214 460 460 460 460 653 653 886 886 
167 172 172 670 670 670 915 915 
264 518 518 
229 229 
422 422 422 851 851 
167 328 
196 
56 56 56 587 880 950 954 954 
243 243 271 271 271 407 407 407 427 427 427 427 
26 26 202 407 407 422 561 561 979 979 
174 174 174 656 702 702 
364 364 413 689 946 946 
582 681 
171 171 
156 156 156 325 954 954 954 
926 
417 417 
169 169 169 351 457 535 535 535 746 746 746 810 
82 82 82 699 
217 399 399 627 640 855 
220 521 521 521 
207 207 207 207 247 247 545 545 712 805 805 922 
341 341 917 992 
819 819 
879 879 879 
229 871 
96 191 191 191 801 805 878 954 
37 37 240 240 240 240 240 305 305 751 907 907 907 954 954 954 
32 32 153 153 229 229 404 404 439 439 
427 683 1006 1006 1006 
373 373 
903 
108 260 260 366 366 502 612 612 612 612 675 790 790 
759 759 
238 440 440 754 
217 820 820 945 
79 344 344 819 880 880 
607 607 607 607 660 675 675 
753 753 988 988 
229 229 620 620 620 620 620 745 745 745 830 
362 
332 332 332 366 366 687 982 982 982 
23 23 23 154 154 173 173 173 173 244 339 642 
378 
284 558 558 558 714 714 
297 297 614 614 614 614 614 745 
568 568 568 887 
506 506 632 632 
463 780 780 
959 959 
331 
63 
594 
37 37 937 937 937 
695 695 908 908 908 908 908 
229 888 888 888 888 888 
234 956 
115 115 115 157 157 227 229 229 229 233 506 506 622 622 951 951 
107 
388 
166 857 857 857 
417 417 
162 705 705 705 
679 
467 467 467 888 895 895 895 
126 434 434 594 833 954 954 
954 963 991 
234 234 234 244 244 244 299 299 299 420 420 617 
17 82 82 
73 
401 886 1014 1014 
74 74 160 160 717 717 717 
35 51 51 51 51 289 289 546 546 737 737 737 737 
1 1 9 315 315 315 935 935 935 
93 93 736 
399 399 
56 56 56 220 694 694 791 
409 409 409 409 409 777 777 
426 426 575 575 780 840 886 
267 896 896 896 896 
229 229 864 864 864 
585 969 969 
82 82 82 82 
88 88 810 810 810 
502 762 762 763 763 763 784 784 784 784 784 
105 105 165 238 238 262 262 322 326 366 366 410 410 440 612 673 678 705 733 805 878 878 878 883 883 883 919 919 922 922 959 959 959 
454 454 837 837 
507 507 508 508 717 
982 


275 852 852 852 
95 549 549 676 676 
366 366 366 
864 
214 576 576 576 
239 243 243 697 
709 710 710 1000 
105 287 569 569 660 791 913 
87 87 87 502 692 692 692 
607 612 612 793 793 
560 667 667 1006 1006 1006 
254 
196 196 660 
638 831 831 
371 371 371 520 520 520 
159 196 196 196 196 229 587 722 954 
756 756 756 756 954 954 954 
213 314 314 314 604 
137 137 360 384 384 428 428 574 755 892 892 929 937 937 937 954 
502 
5 61 61 61 61 250 328 331 331 
561 616 982 1016 
129 129 366 366 366 868 999 999 999 999 
211 211 211 211 233 586 946 

229 229 229 
90 532 532 674 674 674 
488 
196 196 196 196 223 651 651 791 874 
427 629 629 724 724 724 812 812 943 
486 
277 671 952 1016 1016 
555 555 555 756 756 756 
82 82 147 147 147 155 228 228 593 745 745 745 897 897 897 
50 150 159 366 510 510 510 950 950 1004 1004 1004 1004 
48 841 841 
174 174 585 585 
886 886 886 886 1017 
186 186 186 954 
637 637 637 660 
229 332 398 871 
277 949 949 1018 1018 
52 443 443 726 730 730 730 
447 447 463 463 574 574 672 920 920 
5 672 672 954 
310 310 817 
44 481 481 481 596 784 784 784 845 922 922 922 
1006 1006 1006 
96 147 208 208 260 487 549 619 619 790 790 790 974 974 974 974 1006 1006 
162 797 925 
159 1004 
74 646 646 646 662 
172 172 172 172 267 
229 229 229 366 366 
48 48 48 502 773 773 836 
53 53 53 841 841 841 841 841 954 
229 229 229 229 386 386 386 681 
149 210 285 285 285 803 803 803 803 950 954 
317 695 695 695 812 
18 18 280 954 
229 229 443 443 708 730 730 747 894 894 
519 519 519 519 902 902 
24 24 24 24 82 
562 
229 708 708 708 726 726 747 747 747 
738 738 738 738 
302 302 401 1013 1014 
368 438 438 660 954 954 
141 141 
472 472 973 
93 127 127 386 402 402 402 402 524 524 649 954 954 1023 
147 147 147 370 647 647 647 647 954 954 
731 731 731 731 
98 98 104 119 162 162 277 533 533 
135 300 300 300 780 780 780 886 
83 826 826 826 975 975 975 975 975 1006 
907 
362 
121 121 282 282 282 323 323 827 827 827 
280 280 280 297 297 297 297 366 476 476 614 614 614 620 699 699 699 
32 592 592 592 
229 229 726 730 730 730 
11 11 160 160 160 
841 841 
114 114 114 114 481 
37 37 602 1006 
162 229 
613 613 988 988 
176 176 176 609 
360 360 360 428 431 684 771 771 
101 101 101 152 152 187 187 434 434 506 506 506 682 682 682 682 698 698 698 768 768 954 954 954 
949 
162 277 277 350 350 
6 6 281 608 608 987 
312 312 803 
81 81 
325 659 659 763 763 
366 659 659 659 762 762 
175 175 943 
881 
20 20 76 229 
5 5 5 5 342 384 396 526 526 526 569 830 830 853 954 1023 
434 434 756 756 
175 175 276 276 780 780 780 
394 394 451 
487 487 487 487 755 755 
954 
502 720 720 
783 928 928 
109 229 229 236 236 933 933 
67 
307 326 326 326 449 458 652 652 
111 111 805 805 893 893 893 
274 274 464 464 464 
25 25 85 123 123 174 175 229 289 289 289 289 356 356 427 427 427 451 451 451 471 471 483 519 546 546 623 623 653 740 740 740 769 769 769 840 840 849 849 854 943 943 943 967 1015 
317 317 320 476 476 964 
286 286 286 351 351 351 795 
485 774 
481 481 481 559 659 659 659 659 659 712 712 712 
956 
66 66 435 890 890 890 
14 14 82 82 222 386 513 
362 362 845 845 845 
499 499 512 
366 366 607 607 714 714 714 
258 258 258 651 673 694 1019 1019 
548 548 
675 675 
196 
782 835 1001 
182 182 229 229 532 
119 119 162 490 490 715 
95 95 95 1006 1006 
61 61 86 86 86 186 186 186 262 
245 245 245 245 336 336 
601 954 1006 1006 1006 1006 
40 40 40 277 277 296 296 296 296 397 475 816 816 816 
13 312 312 723 723 723 723 760 
846 846 846 
395 395 596 596 601 660 778 778 878 893 954 
469 469 810 934 934 934 
175 175 175 832 
539 539 539 
229 906 906 906 1011 1011 1011 
68 68 75 75 75 234 337 351 469 469 548 548 548 552 592 658 658 658 806 917 917 956 956 
208 208 
695 695 724 1019 
922 922 

467 467 841 888 888 
223 248 362 362 362 397 802 802 802 
372 372 497 497 497 523 523 523 711 

79 598 598 611 1009 1009 
232 434 434 500 500 500 515 515 515 610 610 
966 966 
32 266 266 266 266 
349 349 399 399 
963 963 
13 212 312 312 338 338 1001 
81 81 150 427 427 427 741 741 741 1006 
323 323 744 744 744 
922 922 978 
954 
229 236 614 767 767 844 844 
181 181 319 319 679 679 959 959 
175 175 347 347 807 
126 640 
234 
546 546 548 548 795 1001 1001 
502 502 502 528 720 859 
51 51 107 107 277 277 661 661 
53 53 53 308 952 952 952 954 954 1020 1020 
74 74 
483 483 542 542 653 780 780 
413 701 701 721 721 721 721 721 749 749 815 888 930 946 954 954 
37 37 
101 101 101 101 401 428 
526 830 830 
44 44 712 788 788 788 
189 189 324 804 804 804 
291 291 291 366 366 366 366 
1005 
780 780 
259 259 259 259 356 356 356 905 905 905 
579 579 
277 277 277 383 383 666 666 666 954 
342 767 
281 427 427 780 
46 46 46 46 439 439 482 482 482 482 594 958 958 958 
180 539 539 
143 157 157 547 635 635 635 
168 183 183 277 277 277 277 550 903 903 1016 1016 1016 1016 
502 502 502 836 988 988 988 988 
127 267 267 267 973 991 991 991 
177 428 486 486 486 486 486 557 557 
487 487 487 558 
85 85 123 229 
229 229 229 323 655 655 655 669 

79 95 95 95 95 
935 
277 277 688 937 
196 196 196 229 405 
937 937 954 954 954 954 
229 366 600 706 
189 189 189 277 277 
132 132 
53 53 277 694 900 
460 460 460 460 886 
26 72 277 567 567 567 567 567 
66 66 66 435 435 435 557 557 557 1023 
322 368 368 368 368 511 601 660 660 660 805 945 945 945 
23 23 54 54 74 74 74 330 378 551 551 599 599 599 964 
57 57 57 57 57 79 214 214 214 229 229 582 611 611 996 996 
473 473 571 571 571 765 
198 907 
660 660 660 
30 30 146 282 417 543 543 
446 505 505 
27 27 229 575 575 645 653 703 703 703 703 740 875 
219 219 219 437 437 437 437 621 
467 630 630 630 630 630 639 815 815 841 
366 484 524 950 950 950 
786 786 786 
229 229 229 234 234 414 
684 684 
778 778 778 805 
407 443 726 726 
467 467 639 639 639 
8 8 654 654 654 654 
699 699 699 
265 498 498 498 
454 
277 277 874 
0 306 306 306 
93 93 94 94 277 277 431 431 431 431 431 473 727 727 
59 66 162 162 162 189 277 277 277 316 316 324 324 411 411 453 606 858 858 972 
409 409 409 
209 850 850 850 948 966 
229 809 809 809 
240 602 602 602 742 882 954 954 
629 629 629 629 629 
249 249 408 466 466 
323 
181 181 
212 212 212 
438 438 438 438 673 
475 
172 576 576 
134 134 134 134 232 232 232 232 
597 810 810 

338 338 338 338 410 482 660 660 
492 709 709 
288 288 956 956 
238 238 311 311 311 352 352 352 366 366 366 436 502 502 502 545 545 559 559 559 596 660 660 712 712 712 813 813 828 828 968 968 978 978 
125 125 
388 388 1002 1002 1002 
69 162 162 472 472 514 715 
302 302 302 590 
18 18 18 18 21 
97 97 533 774 774 935 935 
474 474 474 684 954 
841 
569 569 
130 130 
775 775 1019 1019 1019 1019 
428 806 806 806 
282 315 648 648 648 867 928 928 975 1002 1002 1006 1006 
53 53 53 
369 428 428 557 557 628 628 628 684 684 684 868 870 870 954 954 954 1023 1023 
322 322 322 322 
193 193 193 545 
147 147 147 147 147 497 497 
119 277 543 
56 56 159 
10 10 175 175 695 764 780 780 780 967 967 967 
363 991 
610 878 878 878 
125 364 364 413 509 509 586 586 689 841 1017 1017 1017 1017 1017 
557 557 557 557 
229 229 534 534 905 
34 229 401 401 461 461 707 707 757 
239 239 366 366 391 391 391 582 700 700 723 889 889 889 954 
632 632 
697 838 838 838 954 954 
502 502 
5 14 14 16 16 16 30 30 37 40 40 43 55 61 74 74 74 80 80 107 128 128 130 130 130 134 134 137 137 137 137 137 147 147 157 157 159 159 163 163 163 171 171 178 178 186 186 196 198 198 209 213 213 218 218 229 229 239 239 250 250 269 269 277 277 284 284 286 286 286 286 292 292 305 305 310 310 318 341 341 354 370 374 374 374 389 391 414 414 433 433 434 434 461 479 479 491 491 497 497 516 518 526 526 526 529 529 530 547 582 582 589 589 589 601 602 602 602 640 640 641 681 682 682 682 684 704 710 721 723 725 733 733 736 736 737 737 756 756 756 767 772 801 805 829 838 838 841 841 852 870 870 870 870 907 907 929 937 937 937 950 952 952 963 1006 1006 1006 1007 1007 1023 1023 1023 
290 290 491 
190 234 234 337 337 548 552 552 552 631 785 810 810 921 921 
459 496 570 570 
76 482 482 482 855 855 855 
142 262 262 496 563 563 624 624 660 660 660 831 831 
277 415 415 415 
515 
249 
100 115 115 115 318 318 366 453 641 824 824 954 
308 551 781 879 
35 35 35 40 
237 237 295 336 502 821 821 905 
473 473 473 523 780 943 943 943 
21 21 574 574 574 922 922 
175 507 507 507 656 656 

478 
903 
127 735 860 
714 714 714 714 
427 427 741 741 741 741 741 935 1012 1012 
980 

195 268 545 545 566 566 828 922 922 
364 526 526 584 584 
102 102 102 114 114 114 366 366 976 
45 45 45 45 366 366 366 399 399 
493 493 616 616 616 663 687 
330 
362 502 502 
58 115 458 458 458 
105 105 105 
229 759 
348 375 375 381 381 385 419 419 464 464 613 613 753 753 859 859 859 859 
269 
39 411 
114 114 114 267 641 860 860 860 944 
5 531 531 597 

229 229 
123 354 435 435 435 
880 880 
467 
51 51 51 132 229 544 544 
149 149 169 169 334 366 399 399 688 688 688 688 
228 672 
795 825 835 835 
1 1 1 218 426 426 924 924 924 935 935 1006 1006 1006 1008 1008 

50 123 123 123 700 700 700 700 716 
23 35 35 110 110 110 848 
83 83 150 327 487 549 604 604 604 676 676 676 713 713 713 714 714 741 751 798 798 801 801 801 801 826 935 935 954 954 954 1002 1002 1002 1009 
354 415 415 438 438 504 504 504 954 954 
1002 1002 
117 246 246 246 246 819 819 1006 
92 92 468 479 
229 229 254 809 809 809 
271 271 271 305 427 474 975 975 
401 401 732 
401 645 645 732 
451 780 
33 33 277 277 687 697 697 858 858 858 858 
86 86 145 145 170 170 170 262 262 366 366 509 509 703 946 946 946 946 946 
139 707 707 
46 46 46 46 791 791 812 933 933 933 933 
339 838 838 
556 
366 
129 477 736 767 877 937 937 954 954 954 
