nodes: 1024 edges: 1888
107 258 310 901 
9 648 648 849 
329 
414 452 915 
212 
61 61 185 250 250 263 263 328 342 569 569 686 686 710 767 767 954 954 

278 799 
229 231 300 366 553 553 
1 
943 943 
160 748 
82 240 240 
212 825 
51 51 178 787 954 1005 
147 
815 
82 643 643 
927 927 
82 
162 398 
574 922 927 
117 117 
74 110 110 110 120 235 308 308 617 879 
31 351 351 351 

422 584 
447 447 886 

121 121 
146 224 884 954 954 954 
24 351 
229 229 405 462 603 998 
442 442 1016 
949 949 
647 879 879 965 965 
166 166 229 229 
462 462 462 628 628 842 842 937 954 954 
229 229 

802 954 
77 77 77 77 82 82 
98 277 
497 954 
91 559 559 712 1003 
62 62 62 62 399 399 399 981 
176 176 855 1019 
189 189 324 324 324 324 
701 720 720 

277 555 555 700 855 1004 
14 14 647 647 647 837 998 998 
452 530 530 708 708 
336 502 502 721 721 838 838 
279 879 
954 
275 275 582 582 942 942 
79 146 146 344 344 524 524 880 

159 159 903 903 
366 366 399 399 
5 5 328 328 686 686 954 
45 45 45 45 109 109 
154 154 220 382 
229 229 407 
272 449 
435 786 
229 461 776 
382 810 
472 755 
325 589 
448 
277 876 
445 614 644 644 
23 179 179 179 179 646 879 954 

194 194 766 958 958 
41 41 41 41 
366 366 
57 99 111 229 229 241 241 611 611 781 819 866 880 880 905 
536 
472 472 604 761 761 761 
12 17 19 41 41 147 197 209 267 283 283 353 355 355 500 500 537 657 699 699 728 728 787 991 
741 1006 
419 
123 462 462 502 780 863 
170 376 661 799 799 

658 

532 692 
44 241 241 241 
403 403 691 691 1010 
266 649 736 736 736 
277 
866 
714 974 
928 
42 739 
79 804 
318 436 963 
756 843 
324 397 414 414 414 414 
410 
113 
660 
392 517 517 517 
0 171 633 901 
366 409 458 
62 62 229 229 775 
23 23 23 1005 
79 420 420 778 778 

104 
366 399 399 750 750 750 980 991 991 
150 229 233 233 632 963 985 
238 326 338 
22 22 138 138 
128 855 
162 227 227 739 941 
23 225 225 225 
29 29 529 529 
189 323 323 
85 168 550 780 863 
367 
509 509 923 946 
640 833 
402 465 736 736 860 860 973 
118 954 
477 477 477 498 557 688 688 898 

132 132 271 271 407 
131 131 873 873 
497 
916 
199 571 740 
270 
684 684 954 954 954 
117 117 242 421 1006 

181 
245 245 245 
400 624 624 959 
857 
407 
169 169 505 1017 
30 57 57 417 884 884 
15 82 235 497 497 699 699 714 737 940 940 954 954 

399 999 999 999 
115 1006 
309 407 
432 432 
323 522 
63 63 252 617 617 617 
193 193 279 279 629 699 
533 640 640 640 
173 173 632 632 857 857 857 954 954 
277 277 375 
59 59 171 210 700 700 700 954 
11 646 646 748 839 
541 689 
20 119 204 229 229 277 303 392 439 439 490 572 637 637 647 715 739 739 752 758 797 903 925 
954 
569 673 
569 673 
36 36 256 
576 580 580 580 
123 435 858 
145 145 366 366 366 592 592 999 
86 192 1017 1017 1017 
107 159 215 215 588 954 954 
915 
157 157 339 617 
585 585 702 
239 764 769 780 780 832 943 943 
46 46 511 660 754 
486 498 861 
14 273 954 
74 74 74 74 308 

140 562 831 911 
229 229 329 387 796 796 994 
858 
333 
5 
704 704 799 799 954 

635 773 773 
47 47 122 277 846 903 
234 382 
601 
170 239 239 354 354 391 391 
155 155 699 939 939 
76 76 
223 481 677 
199 199 218 571 581 678 678 678 681 681 694 694 794 869 954 
82 355 355 

135 196 196 

340 340 340 360 684 
285 407 715 
571 571 
162 

277 315 
247 596 
811 811 
82 366 367 954 
159 
241 284 284 689 689 689 772 
4 13 470 470 470 825 
314 683 954 
575 611 880 
171 171 

365 500 500 500 594 594 594 594 
196 954 

63 437 437 521 521 651 
229 478 478 
787 787 
195 
30 508 
120 120 120 537 537 
388 388 
119 119 632 
741 
8 32 32 36 36 38 38 64 64 67 79 79 109 109 115 162 162 182 182 221 241 241 277 281 320 320 323 323 323 345 345 358 366 368 368 407 407 407 424 427 427 446 464 464 476 476 485 485 500 500 534 534 578 603 630 632 632 632 681 681 691 706 719 766 766 776 780 780 780 796 818 818 818 829 830 864 869 871 880 880 891 948 949 949 954 987 998 1011 1011 1013 1013 
719 
8 
820 
115 115 
190 891 956 956 
23 147 

966 
116 609 609 922 
175 192 192 273 273 273 273 366 391 391 
12 12 602 602 602 602 907 907 
79 79 91 91 91 211 229 229 524 524 765 
138 
583 583 671 
617 617 642 642 
141 141 141 800 800 
536 
207 
362 816 816 816 
568 568 909 909 1017 
5 5 954 
343 
154 376 856 
335 366 366 393 
677 
382 597 
166 

0 791 791 
502 850 850 
607 
366 
363 363 363 366 412 563 624 660 799 959 959 1017 1017 
5 5 384 396 
288 362 362 577 

93 277 739 822 
82 860 860 860 
978 
487 487 487 954 
136 376 376 
131 131 583 1012 1012 
65 407 
178 239 239 239 239 542 926 
366 366 779 779 
56 56 
479 769 769 
42 50 72 94 158 158 162 189 206 229 266 323 323 323 324 339 354 423 423 439 449 459 459 529 529 543 558 666 697 707 707 739 739 802 802 837 837 858 858 872 874 876 902 902 903 941 954 954 960 988 988 988 1016 1018 
7 387 
54 155 155 722 
745 
229 759 
744 
82 82 353 
211 211 619 
202 407 407 723 723 
547 782 782 954 954 954 

264 553 553 921 
355 355 546 647 
955 955 
366 
954 
362 
469 
966 
802 802 
620 745 745 

642 
8 366 
684 684 892 
732 
162 

602 602 954 

326 777 777 
23 23 179 814 814 814 964 
151 
0 317 456 711 954 954 
577 922 922 

502 529 529 
213 491 683 
206 411 648 935 
379 903 
310 781 781 
100 416 954 954 963 963 
831 
229 229 420 476 781 781 

395 938 
122 122 153 229 229 229 277 277 277 357 357 706 706 706 744 744 827 
47 47 47 47 102 277 558 558 846 903 903 
70 355 
116 307 777 
1006 
5 61 61 331 331 384 531 580 686 
2 182 
879 
328 328 625 686 686 

184 
366 
253 502 873 
53 966 
810 956 956 
116 825 825 825 825 919 924 924 
173 277 617 
201 201 201 
597 597 954 954 992 
5 825 
251 
57 57 611 611 611 611 773 
229 229 
422 616 
832 832 
568 568 568 988 
399 399 823 
758 
24 24 24 31 457 457 457 460 469 548 548 592 782 

82 283 429 
192 192 277 954 
82 82 197 197 289 289 325 
780 780 850 850 
323 323 
229 
502 528 659 
201 755 755 
410 714 
248 264 264 293 502 615 743 743 788 788 816 984 
262 262 262 366 790 790 
946 
217 391 451 451 920 
8 60 60 78 78 108 114 169 169 169 209 229 239 253 253 261 262 274 274 291 300 334 363 372 372 372 393 399 407 441 450 470 476 502 510 523 660 688 700 719 745 763 790 847 889 922 922 950 963 980 981 1017 1022 
124 209 
229 229 487 733 733 733 878 878 
937 

520 
366 366 366 523 523 817 963 
605 
954 954 
158 988 
86 252 270 270 513 513 513 513 820 
442 442 442 442 
618 879 879 
316 

419 419 
63 68 190 255 
852 
263 328 396 767 
988 
524 524 722 736 
182 278 
226 226 426 426 568 924 924 1002 

400 778 805 
192 192 239 239 365 950 950 954 
106 162 
253 366 466 466 466 
451 770 770 770 770 
322 
263 384 767 
102 802 816 
20 706 706 
45 45 45 60 60 114 114 149 349 349 366 594 594 627 650 750 823 981 999 999 999 
142 390 
645 697 732 843 949 949 949 1014 1014 
127 
92 92 

32 
527 527 
64 131 144 151 202 229 229 229 272 285 285 366 422 427 583 584 584 584 894 894 
909 
108 652 904 
103 361 660 919 919 977 
315 492 903 990 
262 
586 841 946 946 
3 102 102 102 102 891 950 954 954 997 
960 
318 963 
146 636 636 636 636 

84 381 381 707 988 
111 111 320 642 642 642 
138 
26 346 407 584 
277 277 
229 579 

388 388 653 653 1002 
229 229 407 474 474 583 583 583 695 780 780 826 826 826 826 854 975 975 
431 486 498 498 557 557 628 684 755 934 
353 966 
774 
428 902 
152 152 486 486 486 780 
954 
756 768 820 954 
66 168 550 550 786 877 877 995 
100 
220 220 686 

162 162 277 855 
563 660 660 662 
366 
33 33 377 377 377 377 690 
726 894 
539 
73 
229 
27 27 709 
71 
65 277 
366 976 
365 365 394 780 
3 52 
550 903 


310 
351 351 351 592 
108 777 985 985 
277 277 
351 575 575 875 
67 805 949 
32 37 37 37 85 85 546 
623 623 709 
229 229 779 988 988 988 
127 954 954 
393 393 393 909 909 909 
639 
475 475 
294 351 
212 212 212 366 
780 780 
69 81 81 
881 
427 427 929 929 1012 1012 
468 468 802 914 914 914 
229 229 320 366 745 745 781 
129 129 129 
221 221 971 
276 518 

195 784 
958 958 
780 780 
889 
229 229 
177 428 432 432 432 696 861 861 861 
269 269 269 368 540 714 714 714 
756 
747 
162 797 797 
314 954 954 955 
411 
982 982 


959 959 
43 133 147 147 954 
129 177 428 428 861 898 
530 
82 82 217 217 217 229 229 820 

53 53 85 259 313 335 359 362 366 528 528 607 659 659 674 685 685 720 763 763 859 922 922 922 953 966 966 

1007 1007 
145 885 885 
573 756 810 
662 662 
224 662 662 
125 125 946 1017 1017 
366 700 700 
176 
719 789 
376 376 376 376 
758 
961 961 

106 106 106 527 537 537 
479 548 
727 727 780 780 
371 680 759 
220 220 595 
153 530 
366 372 372 
57 57 241 241 386 386 736 889 

767 767 954 979 
406 406 517 
359 502 502 
121 121 277 277 313 313 954 
52 52 499 522 555 789 954 
328 992 992 
90 721 796 
156 739 
229 229 948 948 

80 246 
82 225 225 517 517 
1003 
444 856 
487 
161 
273 840 926 926 
277 884 

562 922 922 939 
289 462 647 647 780 780 835 
286 857 857 954 
351 351 518 792 835 956 956 
714 1006 
123 435 435 453 
879 964 
956 
8 8 288 288 

50 50 530 698 698 
731 
129 428 428 861 861 937 937 947 
277 324 324 619 
44 44 712 712 712 

584 
181 545 
262 440 


978 
876 
249 249 348 348 348 388 1002 1002 
5 5 164 165 931 
957 957 
135 196 203 203 881 881 
162 
506 
21 709 968 968 
214 460 460 653 653 653 886 
167 915 
264 311 
229 
424 851 
167 167 167 328 
196 
56 56 950 950 954 
243 243 271 407 427 427 427 
26 407 407 407 422 561 
174 174 656 
413 946 
681 
171 
70 954 
926 926 

169 169 351 457 746 746 

217 217 217 217 399 399 627 640 855 
521 
207 712 805 805 
255 341 341 917 992 

879 879 
871 871 
191 801 878 954 954 954 
240 240 240 240 305 305 751 907 907 
32 229 
81 
373 

260 502 612 612 675 790 
759 
238 238 660 660 660 678 

79 79 214 344 344 344 344 880 
607 607 675 
753 988 
73 620 620 620 745 745 
362 
346 663 663 687 982 
23 154 154 154 173 244 244 339 642 
378 
284 558 1006 
297 614 614 614 745 745 
887 887 
632 
463 463 
142 142 262 
331 

399 594 
37 37 428 
155 908 908 908 
229 888 888 

115 157 157 227 229 229 229 622 951 951 951 
107 

188 857 857 
417 417 417 417 
162 162 705 705 
679 
467 
126 156 156 156 594 
991 
244 244 299 420 420 420 617 
17 17 
73 73 
401 
74 160 160 
35 51 51 51 162 289 546 546 737 737 
1 1 315 664 935 
93 736 
399 
220 694 791 
409 777 
426 426 575 575 575 780 840 
896 896 896 
864 
585 
82 
88 810 
359 502 502 762 784 784 784 
105 176 262 366 410 440 440 609 609 609 705 734 805 805 814 878 919 919 919 922 922 954 954 959 
86 837 
440 507 507 508 508 
616 616 982 982 
648 
989 
277 852 
676 



243 
710 1000 
164 165 
502 692 
607 612 793 
667 
195 254 
196 196 196 609 
638 831 
520 
196 196 229 229 587 
756 954 
213 314 
137 137 201 301 301 428 755 755 892 929 937 937 954 954 954 
502 502 
5 5 61 61 328 331 331 437 
616 982 1016 
129 129 366 868 999 999 
161 211 211 211 946 946 946 
442 
92 92 229 
90 674 

196 196 651 791 
427 
486 
277 401 1016 
555 555 756 756 
82 82 147 147 155 193 745 745 745 897 897 897 897 939 
50 159 159 159 366 510 510 950 1004 
48 841 841 841 841 841 
174 
886 
186 186 
637 637 660 
229 323 323 323 398 398 871 951 
277 277 419 949 1018 1018 
52 52 730 
447 463 574 
5 672 954 
310 
44 559 559 559 596 784 784 845 922 922 
1006 1006 
96 147 361 487 487 487 549 790 974 1006 
162 202 925 

839 839 

229 230 366 512 
48 48 502 836 836 
53 53 532 841 841 954 
279 386 
285 285 
812 812 
954 
443 730 894 894 
519 519 902 
82 82 

708 726 
556 738 
302 401 1013 
368 368 368 954 
660 

93 93 93 127 127 386 524 649 954 954 1023 
147 647 647 954 954 
731 966 966 
98 119 162 162 266 277 277 533 
135 780 789 
83 228 975 975 1006 

362 362 
282 323 323 827 
280 297 297 366 476 476 614 614 620 620 699 699 699 
592 592 
489 
11 160 
841 
114 114 114 399 
602 1006 
162 
613 988 
176 
69 360 360 428 684 684 758 771 
101 434 488 506 682 698 698 768 954 

162 350 514 755 
281 520 608 

81 81 81 
659 763 
366 502 502 762 
175 
241 
76 229 229 
5 5 384 396 526 526 830 830 830 853 1023 
434 756 
175 276 276 
394 394 394 394 
755 989 
211 
188 188 344 
430 783 
109 933 933 
67 229 
307 307 326 458 652 
111 111 390 805 
274 274 464 
85 123 175 175 229 229 229 356 356 427 427 432 451 471 471 483 483 519 519 546 546 653 740 840 840 854 854 875 886 943 969 
79 317 317 320 320 476 
286 286 351 
774 860 860 
481 659 659 659 712 712 

66 435 890 
14 82 222 222 
362 362 
512 530 740 
363 363 366 607 714 
258 258 651 694 1019 
548 
675 
196 
835 
182 182 229 532 
162 490 490 
1006 1009 
7 86 86 186 186 262 1017 
245 245 
601 1006 1006 
40 277 277 296 296 397 475 816 816 
825 825 
99 846 
390 461 596 596 660 660 778 878 878 954 954 
810 934 


1011 1011 
68 337 506 658 806 917 917 
208 208 
724 724 1019 

308 308 308 660 
16 
248 248 248 362 397 802 802 
372 
229 229 229 
79 1009 
232 376 434 500 916 
966 966 966 
266 
349 399 

13 212 338 338 338 338 342 803 803 
427 427 427 427 903 1006 1006 1006 1006 
323 744 
978 
229 
229 767 767 767 
181 319 679 911 959 959 
175 347 347 
126 

546 548 795 1001 1001 
720 720 
51 277 277 661 
53 53 952 952 
160 717 717 
542 653 780 780 
413 701 701 701 701 701 721 721 749 888 954 
37 37 
101 401 

712 
189 324 804 
366 919 
1005 
1 
259 259 356 356 966 966 
579 
383 666 
767 
427 780 780 
46 50 118 439 594 958 
252 539 
143 157 157 157 547 547 635 635 
168 183 277 277 903 
502 988 988 988 
127 127 267 267 267 783 783 973 973 
177 486 486 486 498 557 557 

85 123 
229 655 
954 
79 95 
935 935 
688 
196 229 
937 937 
229 600 600 706 
277 
132 132 335 
277 
460 780 886 
72 277 567 
435 435 890 1023 
368 368 601 660 805 805 945 
23 35 35 54 74 330 378 378 551 599 599 964 1005 
57 79 79 214 229 229 611 996 
473 571 571 902 
907 

30 146 146 543 
505 505 
27 575 703 780 875 
621 621 
630 630 841 
366 484 524 950 
786 877 
229 234 414 
301 684 

407 407 443 726 726 

654 654 654 
699 699 699 699 
129 498 


0 107 
277 277 431 727 881 908 908 
59 59 162 189 277 316 324 324 411 453 826 858 972 
409 
79 

240 240 602 602 882 954 
629 629 629 902 902 
249 249 408 466 466 466 

181 831 


475 475 475 
3 172 576 
134 820 
597 810 810 

338 410 410 660 660 660 847 938 938 938 
365 
288 956 
21 238 311 311 366 366 502 502 502 545 545 660 660 712 712 968 978 
125 
338 338 388 388 1002 
162 715 
273 542 542 590 590 
18 18 21 
97 935 935 
474 474 684 954 

569 

775 775 963 963 1019 
428 806 
315 648 867 867 928 928 1006 1006 1008 

37 369 557 557 684 684 870 870 954 1023 1023 1023 
322 919 919 919 
193 193 545 699 
147 147 
119 277 
56 56 
10 10 175 175 780 967 967 

878 
125 364 413 413 509 586 689 689 689 1017 1017 
557 
229 534 534 
34 34 229 229 401 401 401 461 707 
366 391 391 414 582 582 700 889 
632 632 632 706 
838 838 
502 
5 5 14 30 30 30 37 37 40 43 55 61 74 128 137 137 137 147 147 157 157 159 163 171 171 178 186 196 209 213 218 229 250 269 277 277 286 286 286 292 305 310 310 318 318 341 341 354 374 374 391 414 414 433 434 465 465 491 491 497 526 529 530 547 582 589 601 601 601 660 660 682 684 684 684 710 721 725 733 736 736 737 737 756 805 805 841 865 907 929 937 963 963 1006 1006 1006 1007 1007 1007 1023 
290 290 491 
234 234 337 337 548 548 552 921 
570 570 
76 76 482 482 855 
142 262 262 496 496 660 831 831 
277 415 
515 515 

100 115 318 318 366 372 416 933 933 954 954 
308 551 879 
35 35 
237 295 336 429 502 502 738 738 821 821 821 850 850 
943 943 
574 574 922 
780 

478 
903 
127 860 860 
96 714 
427 427 741 741 1012 
450 
410 
268 566 828 922 
526 
114 366 
45 366 399 
493 493 616 663 663 687 

362 
115 458 458 

229 
277 277 277 348 375 385 419 464 464 464 613 753 859 859 859 
665 771 
411 
82 114 114 641 
341 531 531 597 

182 
435 
880 
414 
32 51 51 229 
149 149 149 169 399 399 399 688 688 
672 
835 835 
388 426 568 568 924 1006 1006 1006 1008 1008 
44 538 
50 700 
14 110 848 879 
83 138 150 327 549 619 713 713 714 741 751 798 801 801 826 826 826 826 935 935 954 954 954 1002 1002 1002 1009 
504 504 954 954 954 
935 1002 1002 
798 819 1006 
92 
229 229 809 809 
271 271 474 474 975 
229 229 732 
401 401 

33 277 687 697 
145 170 170 170 249 262 262 366 509 509 799 946 946 
277 707 707 
46 791 812 933 


366 
736 767 877 937 937 937 954 
