nodes: 1024 edges: 3146
107 107 258 258 310 310 899 
9 9 648 664 849 1002 
329 329 
452 915 
212 212 
61 61 167 185 185 250 328 331 341 341 342 569 569 678 710 710 767 767 954 954 
759 759 759 
278 278 
229 229 300 300 366 366 366 553 
1 1 
943 
160 160 748 
82 240 240 240 240 285 
212 212 212 803 803 825 825 
51 51 51 178 178 787 954 954 
69 147 
107 815 954 954 954 
82 172 643 643 
21 21 21 725 927 
82 
162 229 229 766 766 766 
18 18 18 922 927 927 968 968 
117 117 
120 235 308 308 617 617 
31 31 351 351 351 351 728 728 728 
478 478 478 971 971 
244 244 244 422 453 584 
447 447 531 886 
463 463 463 
121 121 853 
146 146 146 224 224 224 884 884 954 954 954 
24 24 351 351 351 548 548 548 782 
229 229 229 405 405 405 405 405 603 746 746 822 822 998 998 
77 442 442 1016 1016 
949 949 
647 879 879 965 965 1005 1005 1005 
166 166 166 
462 462 602 628 628 628 628 751 842 842 937 954 

990 
497 497 802 802 802 802 954 
77 77 77 77 77 82 
98 277 
497 954 
559 559 712 1003 
62 62 62 62 62 399 981 981 981 981 
176 451 451 855 855 855 1019 1019 1019 
189 324 324 324 324 
701 701 720 720 
161 903 903 903 
555 555 700 1004 1004 1004 
14 14 14 178 647 647 647 647 647 837 837 837 837 998 
530 708 708 
502 502 502 532 721 721 721 838 838 838 874 874 874 936 936 
279 279 279 308 879 
954 954 954 
220 220 275 275 582 582 651 942 942 942 
79 79 146 146 344 524 524 880 880 880 
458 458 458 458 458 610 985 985 
159 
366 366 399 
5 5 328 328 686 686 799 799 799 799 799 954 954 
45 45 45 45 45 109 109 
382 382 626 
229 229 229 277 277 407 407 407 407 
272 272 272 449 449 449 449 
435 435 435 877 903 
229 461 776 
810 
15 
325 325 325 

277 876 876 
229 445 445 445 614 644 
160 646 646 717 839 879 954 
810 
194 958 
33 41 41 41 41 41 229 

57 57 229 229 241 241 420 611 611 819 819 905 
536 536 954 
472 472 604 604 604 606 761 761 761 761 
12 17 19 41 147 147 147 197 197 197 197 267 267 283 283 283 283 343 353 355 355 355 500 500 500 537 593 643 657 657 699 699 699 728 728 787 787 
741 741 1006 
277 277 419 419 430 
123 123 462 780 863 
170 376 376 376 376 661 661 799 799 799 799 1017 1017 
674 674 
569 658 658 658 658 658 
427 427 
692 692 692 692 692 
241 
403 479 691 691 691 691 1010 
266 649 649 736 902 
277 277 473 902 902 
667 667 667 798 798 866 866 866 866 
974 
928 
42 739 
760 760 760 
318 436 
488 488 756 756 843 
324 324 324 324 362 397 397 397 397 414 414 414 414 980 
410 
113 113 113 113 358 358 
986 
517 
0 0 16 171 171 310 310 310 310 633 633 661 661 837 837 954 954 
366 458 458 458 607 607 
62 62 775 1021 1021 1021 
1005 
420 778 778 778 
154 
104 104 104 104 162 
366 399 399 750 750 750 980 991 991 991 
229 632 632 654 963 963 963 963 963 
238 326 326 326 338 
22 22 138 138 
128 128 128 128 855 
227 227 739 797 797 941 1007 
23 225 225 225 225 
29 29 529 529 529 553 569 
189 189 
85 85 168 168 168 435 525 546 550 780 995 1004 1004 1004 
367 367 
250 509 509 923 946 
640 833 
402 860 860 860 860 973 973 
118 118 118 118 954 954 
265 477 477 486 486 498 498 498 688 688 688 898 
554 554 554 932 932 
132 132 132 271 271 271 286 407 
131 131 131 873 998 
298 298 298 497 497 
916 916 916 954 954 
199 567 571 571 919 
252 270 270 270 270 270 
284 284 284 284 684 684 684 954 954 954 
117 117 242 242 242 421 421 421 
361 541 
181 181 181 
245 245 245 245 245 734 734 
262 262 262 262 262 400 624 624 651 959 959 959 
857 857 
407 407 407 
169 169 169 169 1017 1017 1017 
30 30 30 57 57 417 884 884 884 884 884 
15 82 82 82 235 235 235 497 497 501 512 536 699 699 714 737 940 940 940 954 954 
208 
399 399 399 399 723 981 999 999 
1006 
202 202 285 407 407 407 407 
432 432 432 432 756 
323 522 603 603 
112 252 252 252 360 360 617 
193 279 279 629 
389 589 589 640 640 989 
173 173 173 205 205 205 494 632 857 954 954 
375 375 375 
59 210 582 587 681 700 716 942 954 954 
11 11 74 646 646 646 748 748 839 
49 541 
20 113 229 229 277 277 439 439 472 472 472 572 572 637 647 715 715 715 715 739 739 739 758 903 903 925 
954 954 954 
569 569 569 569 
569 569 569 660 673 
36 36 36 256 635 
5 328 576 580 580 
123 123 123 435 435 525 525 858 858 858 
145 145 145 145 366 592 592 592 999 999 
86 192 287 1017 
107 107 210 210 215 215 215 588 954 954 954 
17 576 576 576 718 718 718 718 
157 157 157 205 205 205 339 339 617 617 
471 585 702 702 780 
239 347 507 507 507 507 509 764 769 807 832 832 832 832 969 
46 511 511 754 754 
428 428 432 486 498 498 498 861 861 
14 14 51 
308 308 308 
856 
140 140 140 266 266 562 562 831 911 
387 796 796 
277 858 858 
333 573 
5 5 
516 516 516 704 799 799 799 954 954 
756 
502 502 773 
47 122 122 277 846 903 903 
382 956 
328 328 328 601 
170 239 239 239 239 391 
155 699 939 939 
76 958 958 
481 481 677 978 
199 218 218 229 229 229 571 678 678 678 678 678 681 681 681 694 694 694 694 869 869 869 954 954 954 
82 82 82 82 355 
882 954 954 
135 196 203 203 297 

340 340 340 360 684 
151 151 274 407 407 715 
199 199 571 

157 157 157 173 173 173 954 954 
277 315 
247 596 596 596 
148 361 549 714 811 811 811 1006 
367 905 954 
159 171 171 215 723 
241 241 689 689 772 
4 4 13 13 13 470 470 825 825 912 912 912 
683 683 929 929 954 954 954 
575 575 575 611 880 880 
171 171 171 210 
329 329 329 
425 425 434 434 451 451 500 500 500 594 594 594 594 594 610 
196 196 954 1002 
887 
56 56 437 521 521 521 595 
377 377 478 478 478 478 
513 787 
816 816 
30 30 30 508 
120 120 120 120 465 537 
388 388 388 
119 119 
699 699 1000 
8 8 20 20 32 32 32 64 64 64 67 73 77 79 79 115 162 162 196 196 196 230 241 241 241 277 281 320 323 323 323 345 366 368 368 368 405 407 407 407 408 408 408 424 427 427 430 446 446 476 476 500 500 500 534 534 544 544 544 544 544 578 578 578 600 600 603 603 614 630 632 655 681 691 691 691 706 706 706 719 719 719 722 722 722 722 730 766 775 776 780 780 780 796 796 818 829 829 830 830 830 864 864 864 869 869 869 871 871 880 886 886 906 948 948 948 949 949 954 994 998 998 998 1011 1013 1013 
229 719 719 880 
554 554 554 
916 916 916 916 916 
632 632 689 
631 642 642 642 810 810 834 834 891 956 956 956 
23 147 147 147 308 
775 775 775 830 

116 309 609 609 609 609 660 660 814 922 
175 192 192 192 192 273 273 366 366 366 366 366 391 391 391 950 950 950 954 954 954 
12 12 12 12 602 602 602 
79 79 91 211 211 229 229 229 524 765 
138 138 138 
671 671 671 671 671 
26 26 26 617 642 642 
141 141 141 141 141 313 313 313 800 800 800 800 
536 536 1009 1009 1009 1009 1009 
207 596 
362 
568 568 568 568 909 909 
5 125 621 621 686 954 954 
343 343 343 
136 154 154 154 376 856 
335 335 335 335 335 366 366 393 
677 677 1011 
382 382 382 382 
166 
545 
0 0 
295 532 532 850 850 850 
607 
366 366 366 
142 142 142 142 142 363 363 366 366 366 440 563 563 624 624 660 799 799 799 959 959 1017 1017 
384 384 
288 362 362 518 577 
129 898 898 
93 181 181 277 739 739 822 822 822 822 
82 82 783 860 860 991 
877 978 
487 487 487 487 487 954 954 954 954 
136 136 136 136 136 
131 131 131 583 1012 1012 1012 1012 
65 65 65 407 
239 239 302 926 
202 366 366 402 407 407 779 
56 56 666 
479 769 769 769 
42 64 64 72 84 84 94 94 162 162 183 189 206 229 266 298 298 323 323 323 323 323 324 324 354 383 383 383 423 439 449 453 459 475 529 529 529 533 541 558 570 570 666 666 697 697 707 707 707 739 739 739 758 758 802 802 837 837 837 852 852 852 858 858 858 858 868 868 874 874 874 876 876 900 902 902 903 903 903 941 941 954 954 957 988 1016 1016 1018 1018 1018 
7 7 345 387 387 387 
54 54 54 155 155 722 
725 725 745 804 
229 759 
744 876 884 884 884 884 
82 82 82 82 954 
137 137 137 137 619 619 619 954 
12 151 407 407 723 723 
131 782 782 954 954 954 
170 673 
264 553 553 553 553 553 921 921 956 
355 355 546 780 780 780 
314 314 491 955 
847 847 
954 

469 469 
259 

199 545 620 620 620 745 745 745 745 
133 133 133 277 277 
642 
8 8 366 740 740 
684 892 892 892 
273 732 926 926 


602 602 602 602 602 954 954 
385 419 419 419 419 419 901 
326 326 777 
23 23 54 179 179 179 235 814 814 814 814 838 964 
238 
0 0 107 107 107 107 317 454 456 711 711 711 954 954 954 
922 
760 760 803 803 803 825 
245 245 245 529 
290 290 683 683 683 683 
206 411 648 648 648 648 
379 379 903 
310 781 781 781 781 
100 416 416 416 416 954 963 963 963 
831 831 
229 476 781 785 

395 503 503 503 660 938 938 938 
153 229 229 229 277 277 277 277 277 357 357 706 706 706 827 864 
47 47 47 47 102 102 102 102 277 277 346 346 346 558 558 903 
70 70 70 355 355 762 
116 116 116 307 307 660 777 777 

5 61 61 167 191 191 191 331 531 580 
2 2 216 216 216 796 796 

5 328 486 625 625 625 686 
616 706 
184 
366 366 530 530 530 999 
253 253 253 253 253 502 502 873 
800 
810 810 956 956 956 956 
116 919 919 919 919 924 
173 173 1020 
201 201 201 418 684 684 684 
5 5 597 597 772 954 954 992 
5 767 767 825 853 853 
82 251 251 251 
57 611 611 611 619 773 
229 278 387 
324 324 324 616 
175 733 832 832 832 
568 568 568 988 
399 823 823 823 
428 428 758 758 
24 24 24 24 31 31 31 457 460 460 469 469 548 592 592 782 782 782 810 810 810 
922 922 
82 429 429 429 
277 954 995 
82 82 82 197 289 289 325 325 
780 780 850 850 
323 323 
104 104 
528 659 
154 154 201 684 684 684 755 755 755 
139 208 714 714 
102 248 264 264 502 518 518 518 615 743 743 788 788 788 816 816 
262 262 366 366 366 790 790 944 
586 946 946 
451 451 451 451 
8 8 8 60 60 108 114 169 229 239 239 239 239 239 253 253 261 261 261 262 262 262 274 274 300 334 334 363 363 363 393 393 399 399 399 407 407 409 409 409 441 441 450 450 470 470 476 476 502 510 510 607 657 660 660 668 668 668 688 688 688 700 700 719 745 745 763 763 790 847 847 871 871 871 871 889 922 950 950 950 963 976 980 980 981 981 999 1017 1017 1017 1017 1022 
124 124 209 
229 229 229 487 487 487 487 487 733 733 878 878 878 878 

737 737 954 
680 680 680 
523 817 963 
605 605 605 605 
954 954 954 
158 158 158 
86 86 86 86 252 513 513 513 513 513 526 
221 221 442 442 

316 316 
843 
419 988 
63 63 190 255 255 255 255 956 
277 277 277 
263 263 396 684 684 
306 419 419 988 988 
524 524 722 722 722 
182 278 278 278 345 577 
226 226 226 426 426 426 634 924 924 924 
156 
778 
192 239 239 239 950 950 950 954 
406 517 517 527 527 527 
253 366 366 466 
451 451 770 770 
322 805 
384 767 
102 102 102 102 816 816 

45 60 114 114 149 149 149 149 349 366 366 366 594 627 816 823 981 999 999 999 
142 
645 645 645 732 732 732 757 757 757 1014 1014 
127 274 477 736 736 
92 954 954 
603 
32 32 32 32 32 229 565 565 869 869 
392 527 
64 64 64 64 131 144 144 144 151 151 151 151 202 202 229 229 229 272 274 274 285 285 366 366 422 427 427 584 584 584 584 894 
229 229 229 
366 366 366 572 652 652 652 652 904 
103 526 526 526 660 660 678 919 919 977 
315 492 492 903 903 990 990 

586 841 946 946 
102 102 102 102 950 950 954 954 954 954 954 997 997 
960 960 960 960 1007 
318 318 318 318 963 
146 591 591 636 
340 
84 84 306 306 306 306 306 381 385 385 707 988 988 
79 111 573 866 
138 138 138 
26 407 561 561 579 579 
277 449 
229 
217 217 539 539 539 
388 388 388 653 653 653 1002 
89 89 229 229 407 407 474 474 483 483 583 695 695 695 780 826 826 826 826 854 854 918 975 975 975 1012 
177 177 350 350 431 431 455 486 486 486 486 498 557 557 557 628 684 684 755 755 843 861 861 934 937 937 
353 353 353 
84 229 774 
428 428 755 902 902 902 
152 152 152 152 177 486 486 780 780 
954 954 
217 217 515 515 640 640 756 768 768 820 820 820 954 954 
66 66 66 123 168 168 550 786 786 877 877 995 995 995 
100 922 
220 887 887 887 
733 913 913 913 1007 1007 1007 
162 162 277 603 603 855 855 
262 609 660 660 660 662 
366 366 
33 33 377 377 690 
708 708 708 726 747 747 894 
539 539 
73 73 73 
229 229 885 
27 27 

65 65 65 65 277 423 
366 366 976 
46 46 217 217 365 365 365 365 394 394 770 780 780 780 1015 1015 1015 
3 530 530 
26 277 550 550 903 903 
310 661 661 899 
428 
310 
351 592 592 592 
58 58 58 58 58 108 108 108 777 985 985 985 
277 
351 351 575 575 575 575 782 875 875 
67 566 805 949 
37 37 85 546 
28 28 28 623 623 623 623 
779 779 988 988 988 
225 954 954 954 
393 909 909 909 909 
639 815 815 815 888 895 895 895 997 
475 1010 
294 294 351 351 511 806 806 810 810 
212 212 366 366 
174 780 780 
81 81 162 162 162 735 735 761 925 
94 881 902 967 967 967 967 
427 427 929 929 1012 
277 468 802 802 914 914 
229 229 320 366 366 745 745 781 781 781 
129 129 402 486 736 
25 25 25 221 221 221 221 971 971 
92 276 491 491 518 518 954 954 954 

195 195 712 712 784 
855 855 958 958 958 958 
427 427 780 840 840 
889 950 

129 129 177 331 428 428 428 428 432 432 477 861 861 
269 269 269 269 269 368 368 368 368 368 540 714 714 714 771 771 862 862 1006 1006 
101 101 693 693 693 756 
747 747 
797 797 
290 479 479 954 954 955 
411 411 
982 
157 
568 
563 563 563 957 959 
40 40 43 133 133 147 147 954 954 
129 129 129 177 177 177 428 861 
530 530 789 
82 82 82 217 217 217 229 229 229 820 820 820 820 820 
147 
53 53 53 188 188 335 335 362 366 528 659 763 922 922 966 966 
322 322 322 
1007 1007 1007 
885 885 
622 622 622 632 632 756 756 810 
175 175 175 175 662 662 969 
224 662 662 
125 125 175 946 1017 1017 
366 366 700 700 
176 176 469 
147 719 789 789 789 789 789 
222 376 376 376 376 376 787 787 
758 758 758 925 
434 434 820 820 
186 186 186 954 
106 392 392 537 537 546 
264 362 362 362 479 479 577 954 954 954 
727 727 780 780 780 
680 680 680 759 
220 220 220 595 595 595 
153 530 
372 817 817 817 967 
57 57 241 386 386 736 
123 168 168 
376 410 410 410 767 767 954 979 979 979 
392 392 392 406 
359 502 
121 121 121 277 277 277 313 954 
52 334 334 334 452 452 499 499 522 555 954 954 
27 328 992 992 
53 259 259 692 
277 739 739 928 
229 229 636 948 
592 592 592 592 
80 80 147 246 246 571 
82 225 517 517 
1003 
425 425 425 444 444 808 856 856 856 
487 
139 161 277 
840 840 840 
884 884 884 884 
229 229 229 229 229 998 
257 297 596 596 939 
123 289 462 517 647 647 647 647 780 835 835 835 835 
857 857 857 857 954 954 
31 31 31 351 792 792 792 810 835 835 954 954 954 956 956 956 
208 667 714 1006 1006 
123 435 453 453 858 858 858 858 
879 964 
601 810 810 956 
8 121 288 288 288 288 288 
130 130 130 231 231 231 
50 50 530 698 698 698 698 698 
731 1021 
428 428 428 861 861 877 877 937 937 937 947 947 947 947 947 
277 324 324 619 619 619 619 619 
44 44 784 
676 676 676 
422 422 584 584 687 
181 181 922 922 922 
262 262 496 496 496 959 

405 405 
461 978 
135 876 876 876 
249 249 249 249 348 348 348 495 621 621 621 
5 5 88 121 164 164 164 164 165 165 165 673 673 673 767 931 931 931 983 983 
277 277 957 957 
135 135 196 203 536 881 881 881 
162 162 409 
184 420 
709 709 937 968 968 968 968 
214 214 214 460 460 460 460 653 653 886 
167 172 172 172 670 670 670 670 915 915 
264 387 518 
229 229 229 
422 422 851 851 
167 167 328 648 

56 56 159 942 950 954 954 954 
271 427 
26 407 407 407 407 561 561 979 
174 656 702 
364 413 689 946 946 946 
159 681 
171 
156 156 954 954 954 
926 926 
417 417 
169 169 169 351 351 457 457 457 535 535 535 535 746 746 746 810 
82 699 
217 217 217 217 217 399 627 
220 521 521 521 
207 207 207 247 545 545 712 
341 341 917 992 
819 819 819 
879 879 
229 229 871 871 
191 552 801 805 805 878 954 954 954 
37 240 240 240 305 305 305 305 305 751 907 907 907 907 954 954 
32 153 153 229 229 404 439 439 
81 81 81 683 1006 
373 373 373 373 
81 
108 108 260 366 612 612 612 612 790 790 790 790 790 

238 238 238 238 440 660 660 754 
58 217 820 945 
79 79 214 344 344 344 819 819 880 880 880 
607 607 607 607 660 660 675 
753 988 988 988 988 
73 229 620 620 620 620 745 745 830 830 
362 
332 346 663 687 982 982 982 
23 23 154 173 173 244 642 642 

284 284 284 344 558 558 558 558 558 714 714 714 714 
297 297 297 614 614 614 614 745 745 745 
250 250 568 568 568 887 
506 506 506 951 
463 463 463 463 
142 142 262 262 959 
331 331 331 
63 
399 594 
37 37 37 37 428 937 937 937 
155 908 908 908 
229 888 888 
234 956 
115 115 157 229 233 233 506 506 951 951 
107 107 997 
388 
166 857 
417 534 
162 705 705 705 852 852 
679 679 679 831 
467 888 888 895 895 
126 156 156 434 434 954 954 
954 991 
234 234 234 244 244 299 617 617 
17 17 82 
73 
401 401 401 1014 
74 74 160 160 160 717 717 
35 51 51 51 51 51 162 546 546 546 546 737 737 737 737 737 
1 315 315 315 315 580 664 935 935 
93 93 736 736 

56 142 694 791 
409 409 409 409 777 
426 426 426 575 575 780 780 886 
115 896 896 896 896 896 
229 
585 969 969 969 969 
82 82 366 
88 88 88 88 88 810 810 810 
359 502 762 763 
165 238 238 262 322 326 366 366 410 410 440 440 440 609 609 612 612 673 673 673 705 705 705 733 733 734 814 878 878 883 919 919 919 922 922 954 959 959 959 
86 86 107 107 454 454 837 837 837 
440 507 507 508 508 
616 982 
1 648 
989 989 
275 277 277 852 
95 95 95 549 676 676 
366 366 366 
864 
576 576 576 576 
243 243 243 243 243 
1000 1000 1000 
165 287 569 569 569 660 660 660 791 791 
87 87 692 692 
612 793 793 
560 560 560 667 667 
195 254 254 
5 196 196 196 196 196 410 
638 638 638 831 831 
371 371 371 520 520 520 
159 196 196 196 229 587 722 954 954 
756 954 954 954 954 
213 213 314 314 314 314 604 865 
137 137 137 201 301 340 340 340 360 360 360 384 384 428 428 755 929 937 937 954 954 

61 61 250 331 
561 616 982 1016 
129 129 129 366 366 366 868 999 999 999 999 
211 211 233 586 946 946 
442 844 
92 92 92 92 229 229 229 
90 90 90 90 90 532 674 674 
488 488 488 
196 196 196 196 651 791 791 874 
427 427 427 724 724 724 812 812 812 943 

277 277 1016 1016 1016 1016 
555 555 555 555 555 756 756 
82 82 82 147 147 193 228 228 593 745 745 745 745 897 
50 159 366 366 510 510 950 950 1004 1004 
48 48 841 
174 174 585 
886 886 1017 
186 954 
637 637 637 660 660 660 
229 229 229 323 323 323 332 871 
277 277 277 419 949 949 1018 1018 1018 
52 52 443 443 443 726 730 730 730 730 
574 574 920 
5 5 954 954 954 
310 310 310 817 
44 481 481 596 784 784 
1006 1006 1006 
147 208 361 361 487 487 487 549 619 619 619 619 790 974 1006 
162 162 162 162 202 797 
159 1004 
74 646 646 839 839 839 
172 172 172 172 
229 229 229 230 230 366 512 970 
48 48 773 836 836 
53 53 53 841 841 841 841 954 954 
229 229 229 229 279 386 386 386 681 
149 210 285 285 803 950 954 
695 695 695 812 812 
18 280 280 954 954 963 
443 708 730 747 894 894 
519 519 902 
24 24 24 82 82 

229 708 708 708 708 726 747 747 
556 738 738 
302 401 401 401 1013 1014 1014 
347 368 368 438 660 660 954 954 
141 141 660 
472 472 973 
93 402 402 477 524 649 649 954 954 1023 1023 1023 
147 370 370 647 647 647 647 647 954 954 954 
731 731 966 966 966 
98 119 162 162 162 266 266 277 277 277 533 533 
300 300 780 780 780 789 886 
83 83 826 975 975 1006 
907 
362 362 
282 827 827 827 
280 297 297 297 297 366 366 476 476 614 614 620 620 620 699 699 699 699 
32 32 592 592 592 
443 443 489 489 726 730 730 
11 160 160 
841 841 841 
114 114 114 961 
37 602 

613 988 
176 176 609 
360 360 360 428 428 431 684 771 771 771 
101 101 152 187 434 488 506 506 682 698 698 954 
401 401 401 
162 277 277 350 350 514 514 514 
6 6 6 281 520 987 
99 99 99 312 312 803 
81 81 81 81 472 
325 659 763 
366 366 502 659 762 
175 
241 881 
20 20 20 229 
5 5 342 342 396 526 526 569 830 830 853 954 
434 434 
175 276 276 276 780 936 
394 394 451 780 780 
487 487 755 755 755 
211 341 
188 344 720 
430 928 928 
109 229 236 236 236 933 933 933 
67 229 
307 326 326 458 652 
111 111 111 390 
274 464 464 
85 123 174 229 229 229 289 289 289 356 356 427 432 432 451 451 451 471 471 483 519 519 519 546 653 653 740 740 740 769 770 770 812 840 875 886 969 1015 1015 
317 317 317 317 320 476 476 476 964 964 
31 286 286 351 351 351 460 795 
267 860 860 860 
481 559 712 712 
320 956 
435 435 890 890 890 
14 82 82 222 513 513 
362 362 362 845 845 
499 512 512 512 512 512 740 
363 363 366 607 607 607 607 607 714 
651 673 673 694 694 1019 1019 
548 548 548 
675 675 

782 835 835 
182 182 229 229 329 329 
119 119 490 490 715 
95 95 1006 1009 
61 61 61 61 61 86 86 86 86 186 186 186 262 262 262 1017 1017 
245 245 245 245 336 
601 954 1006 1006 
40 40 40 40 277 277 475 475 816 816 816 816 
13 13 312 312 312 723 760 825 825 825 
280 846 846 846 846 
395 461 601 601 878 878 893 893 954 954 954 
469 469 934 934 934 
175 832 832 832 
539 
906 906 1011 1011 
68 75 234 234 337 337 351 351 351 469 469 506 548 552 552 592 658 658 658 917 917 917 917 956 956 
208 208 208 
695 695 695 724 724 780 1019 1019 
922 922 
238 308 308 308 308 660 
16 467 467 467 888 888 
223 223 362 362 397 397 399 802 802 802 802 
372 523 523 523 711 
229 
79 79 598 598 598 611 611 1009 1009 
434 434 434 500 500 500 500 500 515 515 610 916 
966 
32 32 266 266 266 266 
349 349 349 399 
963 963 
13 13 212 212 312 342 803 803 803 1001 
427 427 427 427 741 903 
323 744 744 744 
922 978 978 978 
229 229 954 954 
229 229 229 236 614 614 767 767 844 844 844 
181 319 319 638 679 679 911 911 959 959 
175 175 175 175 347 347 347 807 807 807 
126 
234 234 
546 546 546 546 548 548 795 795 1001 1001 1001 1001 1001 
720 720 
51 51 51 51 107 107 277 277 277 661 661 661 
53 53 53 308 952 952 952 954 954 1020 
74 160 717 717 717 
483 483 542 542 542 780 
413 701 721 721 721 721 749 749 749 946 946 954 954 
37 37 
101 380 428 
690 830 830 830 
788 788 
189 804 804 804 804 
291 291 366 366 909 
1005 1005 
1 
259 259 259 356 356 905 966 966 966 
579 579 
277 277 277 637 637 666 
29 342 342 767 
427 427 
46 46 46 118 439 439 482 482 
180 252 539 539 539 
143 143 157 547 547 547 547 635 
168 168 168 183 183 277 277 277 277 550 550 550 550 903 903 1016 1016 1016 1016 
988 988 988 
127 127 127 127 267 267 783 783 783 973 973 991 991 991 
177 177 428 428 486 486 498 557 557 
487 487 
85 
229 229 229 323 669 
683 
95 95 95 95 420 

277 277 688 937 
196 196 196 229 229 229 405 405 
954 954 
229 229 366 366 366 366 600 600 706 

132 335 
53 53 53 277 277 277 694 900 900 900 
460 460 780 886 886 
72 72 277 277 282 567 567 567 
66 268 435 435 557 557 1023 
368 368 368 368 601 660 660 805 805 945 945 
35 35 54 74 551 599 599 964 964 1005 
57 57 57 214 214 229 230 611 611 611 996 
473 571 571 571 765 902 
198 907 
660 
30 30 146 146 146 146 146 282 282 282 282 543 543 543 543 
446 505 505 
27 229 229 575 653 703 703 740 780 875 875 
219 437 437 437 621 
467 630 630 639 639 815 815 
366 484 950 950 
786 786 786 
234 
301 301 301 
805 805 
407 443 726 726 
467 467 467 639 639 
654 654 654 654 654 
699 
129 265 265 
0 454 
277 874 874 874 
306 
93 94 94 277 277 431 431 431 473 727 881 
49 49 49 66 162 162 189 189 277 277 277 316 324 411 411 453 453 826 858 858 972 972 
409 
79 209 850 966 
229 809 809 
602 602 602 602 742 882 954 954 
629 629 629 
249 249 466 466 466 466 847 

181 831 831 
212 212 212 
438 438 438 
475 475 
3 576 576 
134 134 134 232 232 232 232 232 820 
597 810 810 810 810 
427 
135 338 338 338 338 410 410 660 660 660 
709 
288 288 956 956 
21 238 311 352 352 366 436 502 502 562 562 562 660 660 813 813 828 968 968 978 
125 
338 388 388 388 1002 
162 472 514 
273 302 302 590 590 
18 21 21 
97 533 774 774 935 1006 1006 
213 213 474 474 684 954 954 954 

569 569 569 
130 130 
775 775 775 963 1019 1019 1019 1019 
428 806 806 806 
648 648 928 975 1002 1002 1002 1006 1006 1008 
53 53 769 
37 428 428 557 557 557 574 628 628 628 684 684 868 954 954 1023 1023 1023 
322 322 322 
193 193 545 
147 147 147 
119 277 277 
56 56 56 159 582 
10 695 967 967 967 967 
363 980 980 
610 878 878 
125 364 364 413 413 509 586 586 586 689 689 841 841 
557 557 557 557 557 
229 229 229 534 
34 34 229 229 461 707 707 1013 1013 
239 239 239 366 366 366 391 391 391 414 414 484 582 700 700 723 889 889 954 954 
622 632 632 
838 838 838 954 

5 5 14 14 16 16 16 30 30 30 37 40 43 55 55 55 61 61 74 80 107 107 128 128 134 134 137 137 137 147 147 157 157 159 159 163 163 163 171 171 171 186 186 196 196 196 198 198 205 205 209 213 213 213 218 229 239 239 239 250 250 269 269 269 269 277 277 283 284 286 286 286 292 305 305 310 310 310 318 341 341 354 370 374 374 374 391 403 403 414 414 414 414 414 433 433 434 434 465 465 465 479 479 479 491 491 497 497 516 518 518 518 526 529 530 530 547 547 548 548 548 582 582 582 589 589 589 601 601 601 602 602 640 640 641 660 681 681 682 682 682 682 684 684 704 710 710 710 721 721 723 725 725 733 733 736 736 737 737 737 756 767 801 805 805 805 829 829 838 838 841 841 870 870 907 907 929 929 929 937 937 950 950 952 963 963 963 1006 1007 1007 1023 
290 491 
190 234 234 234 288 337 337 337 337 382 548 548 548 552 631 785 810 810 921 921 
277 496 570 570 
76 194 194 482 482 482 482 
142 142 142 262 262 496 563 624 660 660 660 831 831 
415 415 415 415 
750 

115 115 115 115 115 318 318 318 366 372 416 725 824 824 933 954 954 954 
308 551 781 781 879 879 
35 35 
502 502 738 738 738 821 850 850 850 905 
473 473 473 473 523 943 943 943 943 
21 21 574 574 574 574 922 922 
175 507 656 656 656 656 780 
719 
25 25 478 478 
903 903 
127 127 735 860 860 
96 714 
427 427 427 741 741 935 1012 1012 
366 450 
410 
195 268 566 828 828 828 922 
526 526 526 584 
102 114 366 366 944 944 
45 45 45 45 149 366 366 399 
493 616 616 616 663 687 
569 569 

58 58 458 458 458 
105 
759 
277 348 381 385 385 419 419 464 464 464 613 613 613 613 753 859 859 859 
156 665 665 
39 411 411 
114 114 114 267 641 860 860 860 
341 531 531 597 

229 
123 354 435 435 435 
880 
414 414 467 633 
32 32 51 132 229 229 229 544 
149 149 169 169 334 366 399 399 399 688 688 688 688 
228 672 672 672 1013 
825 835 835 835 835 835 
1 218 426 924 935 935 935 1006 1006 
44 538 
50 50 50 123 123 123 700 700 716 
35 35 35 110 848 848 879 
83 150 208 487 487 549 549 604 713 713 713 714 741 798 801 801 928 928 935 935 954 1002 1002 1009 1009 
119 415 438 438 438 504 504 504 954 954 
935 
246 246 246 246 246 798 819 819 1006 1006 
92 468 
229 254 809 809 
271 271 271 271 427 474 975 975 
229 229 732 949 949 1000 
401 401 645 732 732 
451 451 451 780 780 
33 33 277 277 687 697 697 697 697 858 858 858 858 
86 86 145 145 145 170 262 262 366 366 366 366 509 509 703 799 799 
277 277 277 707 707 707 
46 46 46 791 791 812 812 933 933 933 933 
339 838 
109 109 109 556 
366 
736 736 736 877 937 937 937 954 
