nodes: 1024 edges: 3145
107 107 258 258 258 258 310 310 901 901 901 
9 9 648 648 648 648 1002 
329 
414 414 414 414 452 915 
212 
61 61 61 185 250 250 263 263 263 328 328 331 341 341 342 531 531 569 569 678 686 710 767 767 954 954 992 
759 759 759 
278 799 
229 366 
1 1 648 648 

160 160 160 748 
82 82 240 240 240 240 
212 803 825 825 
51 51 51 178 178 787 787 954 954 1005 
147 147 
107 815 954 
240 643 
21 21 21 725 927 927 
82 82 
162 162 766 766 766 
18 18 18 574 922 927 968 968 
84 117 117 117 
110 120 120 235 308 308 617 617 1005 
31 351 351 351 351 728 728 728 728 
971 
244 244 
447 447 447 531 886 886 
463 463 
853 853 853 
884 954 
24 351 351 548 782 
229 229 405 405 462 603 603 746 746 822 998 998 
77 442 442 442 442 442 1016 1016 1016 1016 
532 949 
965 965 965 965 965 
166 
462 462 462 628 628 628 751 842 842 842 842 842 937 954 954 
229 
990 
497 497 802 802 802 954 965 
77 77 77 82 82 
277 
497 497 954 
91 538 712 845 1003 1003 1003 
62 62 399 981 981 
176 451 451 451 855 855 855 1019 1019 
324 324 
701 720 720 
161 903 903 
277 555 555 700 700 700 1004 1004 1004 
14 14 14 647 647 647 837 837 998 998 
452 452 530 708 708 708 
336 502 502 502 532 721 721 721 838 838 874 874 874 874 874 936 
279 279 279 279 308 551 879 879 
954 954 
220 220 275 275 275 582 582 582 582 651 651 942 942 942 
79 146 146 344 344 344 524 524 524 524 880 880 880 
458 458 458 985 
159 159 159 159 903 
366 366 399 399 650 
5 5 5 328 686 686 686 799 799 799 799 799 954 954 
45 45 109 
154 154 382 382 382 382 626 
229 229 229 277 277 277 407 407 407 
274 274 449 449 
435 877 877 903 903 
229 776 
810 
472 472 472 925 925 925 
325 325 589 
151 151 448 
277 876 876 
445 644 644 
179 179 179 564 564 564 839 839 839 879 879 954 
810 810 810 
958 
33 41 41 41 544 

57 99 99 99 111 229 420 420 611 611 819 866 880 880 905 
536 954 
472 472 472 604 606 761 761 761 761 761 826 
12 12 19 19 41 41 147 147 197 209 267 267 283 353 355 366 500 500 500 513 537 593 593 643 657 699 699 728 787 991 
741 741 741 1006 1006 1006 
22 277 419 430 
123 123 462 462 462 462 502 780 863 863 
170 170 376 376 376 376 531 661 661 661 661 799 799 799 1017 
674 
658 

692 692 692 692 
44 241 241 241 
403 403 403 403 479 691 691 
649 649 649 736 
473 
667 667 798 798 798 798 798 866 866 
714 714 974 
928 928 

79 79 79 760 760 
436 436 436 436 436 
488 756 756 756 
324 324 324 397 397 414 414 480 558 980 980 980 
410 410 
113 113 113 358 739 
660 660 660 673 986 
517 517 517 
0 0 16 171 171 310 310 310 633 633 661 661 837 837 837 901 954 954 
409 458 458 458 607 
62 775 775 
23 1005 1005 
79 778 778 778 
154 
104 104 104 
366 366 366 399 399 750 980 980 980 991 991 991 991 991 
150 229 229 233 233 632 963 963 963 963 985 
326 326 326 
22 22 22 138 138 138 1009 
128 128 128 
162 227 227 227 797 797 797 797 
23 23 
529 529 529 553 569 744 744 
189 189 323 323 
85 85 435 525 550 863 863 995 1004 
367 
250 509 509 509 923 
399 640 833 833 
402 595 736 736 860 860 860 973 973 
118 118 118 954 
265 265 477 486 486 498 498 557 557 688 688 688 898 898 1023 
554 554 954 954 
132 132 132 271 271 407 
131 131 131 271 873 873 
298 298 298 
916 916 954 
199 571 571 571 740 
519 
284 284 284 684 684 954 954 
117 117 117 242 242 421 1006 1006 1009 
277 361 541 541 541 
181 181 
245 245 660 660 
262 262 262 262 959 
857 857 857 

169 169 325 505 505 1017 
57 57 417 417 884 884 884 
15 15 82 82 235 235 235 257 497 497 512 699 699 699 714 737 737 940 940 954 954 954 
208 208 208 
399 399 399 723 981 999 999 
115 826 826 
71 71 202 202 285 407 
432 432 432 432 432 756 

63 63 112 252 252 252 360 617 
193 193 279 279 279 279 
389 533 589 589 640 
173 173 205 205 494 632 632 632 632 954 
277 277 375 
59 59 59 59 171 210 582 587 681 700 700 716 954 
11 11 11 748 748 748 748 
49 541 541 541 
20 20 119 229 277 277 277 292 303 439 439 472 472 572 637 637 647 647 715 715 715 758 758 758 797 
954 954 954 954 954 
569 569 673 
569 569 673 673 
36 256 256 635 
328 580 
435 435 525 525 858 858 858 
145 145 366 366 366 366 592 592 592 999 
86 86 287 1017 
107 107 159 210 215 215 215 588 954 954 954 
267 267 718 718 718 718 915 915 
157 157 205 339 617 617 617 
273 471 471 702 702 
347 507 507 764 769 769 769 807 807 832 832 832 943 943 969 969 
46 511 511 660 754 754 
428 428 432 486 486 498 498 498 498 696 861 
14 14 273 273 954 954 
74 74 74 
856 
140 140 266 266 831 831 
329 387 387 796 
277 858 858 858 
573 
5 
516 516 704 704 704 799 799 799 799 954 954 
434 756 756 
502 502 773 773 
122 122 277 277 872 872 903 
234 382 382 
328 328 328 601 
239 239 354 354 354 391 391 391 
155 155 363 699 939 939 
958 958 
223 223 223 223 481 677 978 
199 218 229 229 229 571 571 571 678 678 681 681 681 694 694 694 694 869 869 954 
82 355 
882 954 954 
135 196 203 203 297 794 
568 
340 340 340 360 684 
151 151 274 407 407 715 
199 199 571 571 
303 303 
157 157 173 954 954 
277 277 315 
247 596 596 596 596 
148 148 148 714 811 811 
82 905 905 905 954 
159 171 215 215 723 723 
241 241 284 284 689 689 772 
4 13 470 470 825 825 825 912 
314 683 929 954 954 
575 575 611 611 880 880 
171 171 171 210 210 
329 329 
365 425 425 434 434 451 451 451 451 500 500 500 500 515 594 594 594 610 610 
196 954 954 1002 
887 887 
56 56 437 437 521 521 595 651 
377 478 478 
787 
195 195 195 195 816 816 816 816 
508 
537 537 537 537 
388 634 
119 119 119 632 
699 699 699 741 
8 32 32 38 64 64 64 67 79 115 115 162 196 196 196 230 230 241 241 241 277 277 277 300 320 320 323 323 358 366 366 368 368 398 405 407 407 408 408 408 424 427 427 442 446 464 464 500 500 500 500 500 534 534 534 544 578 603 630 632 632 655 655 691 691 706 706 719 719 719 722 722 726 726 752 775 775 776 776 780 780 780 809 829 829 829 830 830 863 864 864 869 869 871 880 880 885 886 891 891 891 948 949 949 954 994 994 998 998 1011 1013 
229 229 719 719 880 
366 554 554 
916 916 916 
115 115 632 632 689 
190 642 642 810 810 810 834 834 891 956 956 956 956 956 
23 147 147 147 
775 775 830 

309 309 309 660 660 890 922 922 922 
192 192 273 366 366 366 366 391 391 391 950 950 954 954 954 
12 12 12 12 17 602 602 602 907 907 907 
91 91 91 211 211 229 229 229 524 524 524 524 524 765 765 
138 138 1013 
583 671 671 
26 26 617 617 617 642 
141 141 313 800 800 800 
536 536 1009 1009 1009 
207 596 
362 397 397 816 816 
909 909 1017 1017 
5 5 125 621 954 954 
343 
154 154 154 376 376 
335 335 335 366 393 393 
677 677 677 1011 
382 382 382 597 
166 166 
147 
0 0 0 0 791 791 
532 532 850 850 850 850 966 
607 607 607 714 
366 366 366 
142 142 142 142 363 363 366 366 412 440 563 660 799 959 959 959 1017 1017 
5 5 5 
362 577 577 
129 129 898 898 898 
181 181 822 822 822 
82 82 172 172 860 860 
978 
487 487 487 954 954 954 954 
376 376 539 
131 131 132 407 583 583 
407 407 
174 178 178 239 542 542 926 
65 65 202 402 407 779 779 
56 56 56 666 
769 769 769 
42 50 64 64 64 72 84 139 158 158 162 162 162 183 189 189 206 206 229 229 229 298 323 323 323 323 324 324 324 339 339 346 346 383 423 423 439 439 453 453 453 459 529 533 541 543 558 558 558 570 570 666 707 739 739 758 758 758 802 802 837 837 837 837 837 852 852 852 858 858 868 872 872 874 876 900 900 900 902 903 903 941 941 954 957 957 960 988 1016 1018 1018 
7 387 387 
54 54 54 54 155 155 155 155 722 
725 745 745 745 804 
759 759 759 
744 744 744 876 884 884 
82 353 429 429 954 954 
137 137 137 211 211 619 619 619 619 954 954 954 
151 407 407 407 723 723 
765 782 782 782 782 782 954 954 
170 
553 553 553 553 553 
355 355 546 647 647 780 780 
491 491 955 955 
847 847 
162 954 954 954 

469 469 898 

802 802 802 
199 545 545 620 620 620 620 745 745 
133 133 133 277 
642 642 642 
229 366 510 740 740 740 
684 892 
732 732 732 
162 204 204 

602 602 954 
385 419 419 419 419 
326 326 326 777 777 
23 23 54 814 814 964 
238 238 238 
0 0 107 107 107 317 454 454 456 711 711 954 
922 
803 825 
245 502 502 502 529 529 
213 491 683 683 683 683 
206 648 648 648 935 935 
379 379 379 903 903 
310 781 781 781 781 
416 954 954 954 963 
831 
229 229 476 476 785 

395 503 503 503 878 878 938 938 938 
122 122 229 229 277 277 277 277 357 485 706 706 744 744 744 910 
47 47 102 102 102 277 277 277 558 558 903 
70 70 145 355 762 
116 116 116 307 307 307 660 660 660 
549 1006 1006 
5 5 61 167 191 191 191 331 331 384 580 580 686 
2 182 216 216 
378 879 879 
5 328 328 486 686 
616 616 

366 530 530 530 530 530 999 
253 253 253 502 502 
53 800 
810 810 810 956 956 956 
825 919 919 919 919 924 924 924 
173 277 277 617 
201 201 201 418 
5 5 597 954 954 
5 767 825 
251 
57 57 57 450 611 611 611 611 619 773 

277 277 407 
175 832 832 
568 568 568 568 
399 823 823 
428 758 
24 24 24 24 31 31 460 460 469 548 548 548 592 592 592 782 782 810 

82 283 429 429 429 429 
192 192 192 749 954 995 1007 
82 197 289 289 325 
780 780 850 850 
323 
104 229 
502 659 
154 201 684 684 755 755 755 
139 410 410 410 714 714 
248 264 502 518 518 615 615 743 788 788 788 788 816 816 984 984 
193 262 262 366 790 790 916 944 
946 
217 391 451 451 
8 60 60 82 114 114 114 169 169 169 169 229 229 231 239 239 239 239 253 261 261 261 262 262 300 334 363 372 393 393 399 407 441 441 450 470 470 476 476 476 502 502 510 523 607 607 660 660 660 668 668 688 688 700 700 719 719 719 745 745 745 763 777 790 790 847 871 871 889 889 922 922 922 963 980 980 981 981 999 1017 1017 1017 1017 1022 1022 
124 
229 229 487 487 733 733 733 878 
937 
737 954 954 954 
520 680 680 797 
366 523 523 817 817 817 963 963 
605 
954 954 954 954 954 
158 988 988 
86 86 86 86 252 252 270 270 513 513 513 820 
221 442 442 
330 618 618 618 879 879 
316 316 316 502 

988 
63 63 63 63 190 190 255 255 255 810 810 956 
277 852 
328 396 684 684 767 767 
306 419 988 
524 524 524 722 722 736 
182 182 278 278 
226 426 426 568 568 924 1002 1002 
156 954 
400 778 
192 192 192 239 239 239 365 950 950 950 
406 406 406 517 517 527 527 
253 253 366 366 466 
451 451 770 770 
322 530 
384 767 
102 102 248 248 816 
229 706 
45 60 60 114 114 126 149 149 149 349 366 594 594 594 627 650 650 816 823 823 944 981 981 999 
390 
645 697 732 732 757 1013 1014 
127 274 477 736 736 
92 92 92 92 954 
603 603 
32 32 229 869 869 
392 392 392 527 527 527 
64 64 64 131 151 202 202 229 229 271 272 272 274 285 285 285 346 366 422 422 427 427 583 583 584 584 894 894 894 894 
229 229 229 
108 652 652 652 652 904 904 
103 103 361 361 361 526 526 526 526 526 660 660 919 919 
492 492 492 903 903 990 990 990 
262 
586 841 841 946 
3 3 3 3 102 102 950 950 954 954 997 997 
960 960 960 960 1007 
318 664 
146 146 636 636 884 
340 
84 306 306 306 306 385 707 988 988 
79 79 573 642 642 
138 
407 407 561 579 584 584 
277 277 449 
229 
217 217 539 539 
388 388 653 653 653 653 1002 1002 
229 229 407 407 474 474 583 583 583 604 695 695 780 780 826 826 826 854 975 1012 1012 
177 177 350 455 463 486 486 486 486 498 557 557 684 684 755 755 843 861 861 937 937 
283 283 353 353 353 353 966 
84 
755 902 902 902 902 
152 152 152 152 152 177 486 780 780 
954 954 
187 217 217 515 640 640 768 768 820 820 820 954 954 954 
66 123 168 168 550 550 550 550 786 786 786 877 995 995 
100 100 100 100 100 922 
220 220 887 
733 913 913 913 913 
162 162 277 277 603 
262 609 609 609 660 660 662 
366 366 
33 33 33 33 33 229 377 377 690 
708 708 726 747 747 
539 539 
73 
229 885 885 
27 27 27 709 
71 
65 65 423 
344 366 976 
46 46 46 217 217 217 217 365 365 394 394 780 780 
3 52 52 530 
277 277 277 903 903 
310 310 661 661 899 
428 
310 
592 592 592 
58 58 58 108 108 108 777 777 985 985 
277 957 
351 351 575 575 875 875 875 875 
566 949 
32 37 37 37 85 85 85 85 546 546 
28 28 428 623 709 
229 229 779 779 988 988 988 
954 
393 909 909 
639 639 639 815 888 895 895 954 
475 
294 294 351 511 806 806 810 
212 212 366 366 
174 174 780 780 
69 69 69 81 81 81 162 162 761 761 
94 967 967 967 
427 427 929 929 929 1012 
468 914 914 914 
320 320 366 366 366 745 745 781 809 
129 402 486 736 1023 1023 
221 221 971 971 
92 491 491 518 954 1010 1010 
102 502 
195 712 750 
855 919 958 958 958 958 958 
780 780 840 840 840 840 
889 889 950 
323 
129 129 177 177 331 428 428 428 428 432 477 696 696 861 861 861 
269 269 269 368 368 540 714 714 771 771 771 1006 
101 693 756 
747 747 
797 797 797 797 797 
290 290 314 479 479 954 955 955 
411 411 411 920 
982 982 982 
157 

521 563 706 959 
40 40 43 43 147 147 817 940 940 954 954 954 
129 129 177 177 177 177 428 861 898 898 
530 530 530 568 789 789 789 
82 82 82 217 217 217 217 229 229 229 229 229 820 820 
504 
53 53 53 85 188 188 313 313 313 335 335 359 362 366 366 379 480 528 556 607 607 607 659 659 674 685 685 720 731 763 763 773 773 773 836 836 859 859 922 922 922 953 966 984 
322 322 322 
501 
145 145 885 885 885 
573 622 622 632 632 632 756 810 
175 175 662 662 969 969 
224 662 
125 125 125 946 1017 1017 
300 366 700 700 700 700 
176 176 469 
147 
82 376 376 376 787 787 

217 434 820 961 961 
186 186 954 954 954 
106 106 106 392 392 527 527 537 537 
362 362 479 548 954 954 954 
136 727 727 727 780 780 
371 680 680 759 759 
220 220 496 595 595 595 595 595 
530 
366 372 372 817 817 817 
57 57 57 57 241 241 241 241 241 386 386 386 736 736 
123 168 168 
410 410 410 410 410 767 767 844 844 954 954 979 979 
392 392 406 406 406 517 517 
502 836 
121 121 121 277 313 313 
52 334 334 334 334 334 395 452 499 499 499 522 555 555 555 555 555 954 
5 5 27 86 992 992 992 
34 53 259 259 692 
156 277 739 739 739 739 1006 
229 229 229 636 948 948 
592 592 592 
80 246 246 
82 225 225 225 225 517 517 
44 1003 
270 425 425 444 444 808 808 808 856 
487 
139 139 139 161 161 161 277 
273 273 840 840 840 926 
277 744 884 884 884 
77 229 998 998 
297 297 562 562 922 922 
289 462 462 647 647 647 780 780 780 835 
857 954 954 954 
31 351 351 351 518 792 792 810 810 810 835 835 954 954 956 956 
327 667 667 714 1006 
123 435 435 435 435 858 
54 879 964 964 964 
810 956 956 956 
121 288 288 288 288 288 
130 130 231 231 
50 50 530 530 530 530 530 698 698 698 698 
502 
129 129 428 428 861 861 877 877 877 877 877 937 937 937 947 947 947 947 
102 277 277 277 324 324 619 619 619 862 
712 712 922 922 
676 676 1006 1006 
422 584 584 584 
545 545 922 922 
262 496 959 
74 74 74 

461 978 978 
876 876 
200 348 348 348 348 388 388 499 621 621 621 1002 
5 5 121 164 164 165 165 673 673 767 767 767 931 
277 277 957 957 
135 135 135 196 196 196 203 203 881 881 881 
162 
184 420 506 
21 709 709 709 937 937 937 968 
214 214 460 460 653 653 653 886 886 886 
670 670 670 915 915 
264 264 
229 
422 851 851 
167 328 328 

56 56 56 56 159 587 880 942 950 950 950 954 954 954 
243 271 271 407 407 427 427 427 
407 407 422 422 561 561 561 979 979 979 
702 
413 689 689 946 946 
159 582 681 681 681 
171 
70 156 156 954 
926 

169 169 169 351 351 351 457 457 457 535 535 535 746 746 
82 82 699 
217 217 217 399 399 399 640 855 
127 220 521 521 521 521 521 
207 207 207 207 247 712 805 922 
255 341 992 
819 819 
879 879 879 
871 871 
191 801 805 954 954 954 
240 240 240 305 305 907 907 907 954 
32 32 229 404 404 439 
81 427 
373 
81 903 
108 260 260 260 366 366 502 502 502 612 612 612 612 675 790 790 790 790 
759 
440 440 440 660 
217 217 820 945 
79 79 214 214 344 344 344 344 880 
607 607 607 607 660 675 805 
753 753 988 988 988 
620 620 620 745 745 745 830 830 
362 362 
332 332 663 982 982 
23 23 154 173 173 173 244 244 244 339 642 
378 378 378 
284 284 284 284 344 558 558 558 714 714 714 
297 297 297 297 614 614 614 745 745 
250 568 568 568 887 
506 506 951 
463 780 780 780 
959 

63 
399 
37 37 37 937 
695 695 908 908 908 908 908 
229 634 888 
956 
115 157 157 157 157 227 229 229 233 233 506 506 506 951 951 
107 107 
226 630 680 
166 857 857 857 857 857 
417 417 534 
162 162 705 705 852 
679 679 831 
467 467 467 888 888 895 895 
126 156 434 434 594 833 954 954 954 
991 
234 234 244 299 299 299 420 420 617 
17 82 
73 73 
401 1014 1014 1014 
717 717 717 
51 51 51 162 162 289 289 546 546 546 737 737 
1 1 1 1 9 9 315 315 315 935 935 
93 93 93 736 736 
60 399 399 
56 56 220 694 694 694 791 791 
409 409 409 409 777 
426 426 426 426 575 575 575 780 780 
896 896 896 896 
229 229 864 
969 969 969 
82 
88 810 810 
359 502 502 762 763 763 784 784 784 784 
105 105 105 141 141 176 238 238 262 326 326 326 366 366 366 410 410 440 440 609 612 673 673 678 705 705 733 733 734 734 805 814 878 919 919 922 922 922 954 959 959 
86 86 86 86 107 107 454 454 837 837 837 
440 507 507 508 
616 982 982 982 
416 
989 989 989 
275 277 852 852 852 
95 95 549 549 676 
366 366 
864 
576 576 576 
243 243 
709 710 710 710 710 1000 
105 164 165 165 569 569 660 660 791 791 791 
87 502 692 692 
607 612 793 
560 560 667 1006 1006 
195 254 254 254 
5 196 196 660 
638 638 831 
371 371 520 520 634 
159 196 196 196 587 587 587 722 722 722 954 954 954 
756 756 954 954 
213 314 314 314 314 865 865 955 
137 137 201 301 360 360 384 384 428 428 755 755 892 929 937 954 954 
502 502 
5 61 61 61 328 331 
982 982 1016 
129 129 129 366 366 868 999 999 999 
211 211 233 586 586 946 946 
442 844 
92 92 229 229 
90 90 90 90 532 674 674 
488 
196 196 196 196 651 651 651 791 791 791 874 
427 427 629 629 724 812 
177 486 486 
401 952 1016 1016 1016 
555 555 555 555 756 756 
82 82 147 147 147 193 228 228 228 593 745 745 897 897 897 897 939 939 
50 50 50 159 159 366 366 510 510 510 510 772 1004 1004 1004 
48 841 841 841 
174 174 585 
886 
186 186 186 954 954 954 
637 637 660 660 
229 229 323 323 398 496 871 871 871 951 
277 419 949 949 
52 52 52 443 443 726 726 726 726 730 730 730 
447 463 574 574 574 672 920 920 
5 672 672 672 672 954 954 
310 310 
44 481 559 559 596 784 845 845 922 922 
1006 1006 
96 96 147 208 260 361 361 487 487 549 619 619 619 790 790 974 974 974 1006 
162 162 162 202 
159 1004 
646 646 646 839 
172 172 172 172 
229 229 229 230 230 366 366 366 939 970 
48 48 502 773 836 836 
53 53 53 841 841 841 841 954 954 
229 229 279 386 386 681 681 681 
149 210 210 285 285 803 950 954 
695 
18 280 954 
229 229 443 708 708 708 708 730 730 747 747 747 894 
519 519 519 902 902 
24 24 24 24 82 

708 708 708 726 726 747 747 747 
502 738 738 
302 302 302 401 401 1013 1013 1013 1014 1014 1014 
368 368 368 438 660 660 954 
660 660 
973 
93 127 127 386 402 402 477 524 524 649 649 954 954 1023 
147 147 370 647 647 954 
731 731 
104 277 277 533 533 533 533 
135 300 300 300 789 886 
83 83 83 228 826 826 975 975 1006 
907 907 
362 
121 121 282 282 282 323 323 323 543 
280 280 280 297 297 366 366 366 476 476 614 614 614 620 620 699 699 
32 32 592 592 
443 443 489 489 726 726 726 730 730 730 
11 160 160 160 160 
354 841 
114 481 
37 1006 
229 
613 613 988 988 
176 176 
360 360 360 428 428 431 684 684 771 843 
101 101 101 152 187 187 488 506 682 682 698 698 768 954 954 
401 949 949 
162 162 162 277 277 277 350 
6 6 6 281 281 281 520 520 608 
99 99 803 
81 81 81 81 81 472 472 
325 659 763 763 
366 502 502 659 659 762 762 
175 
241 241 286 965 
20 20 20 
5 5 342 384 384 396 526 526 569 569 569 830 830 830 954 954 1023 
434 434 756 
175 175 175 276 276 276 780 780 
394 394 
487 487 487 755 
211 700 954 
188 188 344 502 502 502 720 
783 928 
109 109 229 229 236 236 933 933 933 
67 229 229 
307 307 366 458 458 652 
111 111 111 390 893 893 
274 274 464 464 
85 229 229 229 289 289 356 356 427 427 432 432 451 451 471 471 483 483 519 519 546 546 546 623 623 623 653 653 769 769 840 840 849 849 854 875 875 875 886 886 943 943 943 1015 
317 317 317 317 476 964 964 964 
31 286 286 286 286 286 351 351 795 795 
774 860 
659 659 659 659 712 
320 956 
435 435 435 890 
14 14 82 222 513 513 
362 362 362 362 845 845 
499 499 499 740 
363 363 366 366 607 607 607 607 714 714 
258 258 651 651 673 673 673 694 694 694 1019 1019 
548 548 
675 
199 
782 782 835 835 1001 
182 
119 119 119 119 162 371 490 490 490 490 490 
95 95 95 95 95 1009 
7 61 61 61 61 61 86 86 86 186 186 186 186 262 1017 1017 1017 
245 245 245 336 
601 954 954 1006 1006 1006 
40 40 40 277 277 296 296 296 816 816 816 
13 312 723 760 825 825 
280 846 846 846 846 
596 601 612 660 954 954 
469 469 810 934 934 
175 175 832 832 
539 539 539 
229 476 906 906 906 906 
68 75 75 75 234 234 234 337 337 337 351 382 382 469 506 548 548 548 552 658 658 806 917 917 917 917 956 956 
208 208 
695 1019 
922 922 
308 308 660 
16 467 888 
223 223 223 223 248 248 362 362 397 399 802 802 802 
372 372 372 497 523 523 523 

79 598 598 1009 1009 1009 
376 434 434 434 500 500 515 610 916 
966 
32 266 266 266 
349 349 399 399 

13 13 212 212 212 312 338 342 803 803 1001 
81 150 150 427 427 427 741 741 1006 1006 1006 1006 

922 922 978 978 
229 229 229 954 954 
229 229 236 614 614 767 767 767 844 844 
181 181 319 638 679 911 911 
175 175 175 347 347 807 807 
126 126 640 
234 234 
546 548 548 795 795 1001 1001 1001 
502 502 528 720 720 859 859 
51 51 107 107 107 277 277 277 277 277 661 661 661 
53 53 952 952 952 954 954 954 1020 
74 74 74 717 974 
483 483 483 483 542 542 542 780 780 
413 413 701 701 701 721 721 721 721 749 888 930 930 930 946 946 954 954 954 
37 37 37 37 37 
428 755 
526 526 690 830 830 
44 712 712 788 788 
804 804 804 804 
291 291 366 909 1017 

780 780 
259 259 259 259 356 356 905 
579 579 
277 277 277 383 637 666 666 666 
29 29 29 
427 780 
46 46 46 482 594 958 958 
180 539 
143 143 143 547 635 635 635 635 635 
168 168 168 183 183 183 277 277 550 903 1016 
502 502 836 836 988 988 988 
127 127 127 267 267 783 973 973 973 991 991 
177 428 428 486 486 486 498 557 557 
558 
85 85 123 123 229 
229 229 655 669 
683 683 954 
79 95 95 1009 
935 935 
277 688 
196 196 229 229 405 405 
937 954 954 954 954 
229 366 366 600 600 706 706 706 
189 189 277 277 
132 132 
53 53 53 53 53 277 694 
460 460 460 460 780 780 780 886 
72 72 277 282 567 567 
66 66 435 557 557 557 557 557 890 
322 322 368 660 945 945 945 
54 54 74 74 330 330 378 378 551 599 599 599 964 964 964 964 1005 1005 
57 57 57 79 79 214 214 229 229 230 582 611 
571 571 571 902 
198 907 907 

30 146 146 146 282 282 417 543 543 543 
229 446 446 505 505 505 
27 27 229 575 575 575 703 740 780 780 875 
219 219 437 621 
467 630 639 639 815 841 
366 366 484 484 950 950 950 
238 786 877 
229 229 229 234 
301 684 
778 778 
407 407 407 407 726 
467 467 639 639 
654 654 654 654 
699 699 699 699 
129 129 265 265 265 294 498 498 
454 
277 277 277 
0 0 0 107 
277 431 431 431 431 727 727 881 
49 49 59 66 66 189 277 277 316 316 324 411 411 453 453 606 858 972 972 
409 409 
79 209 209 209 850 966 966 
809 809 809 809 
240 240 240 602 602 602 742 742 882 882 954 954 954 
629 629 629 629 629 
249 249 466 466 847 
323 
831 831 
212 
438 438 438 438 
475 475 475 
3 172 172 576 576 
134 134 232 232 232 363 820 
810 810 810 810 

338 338 338 338 410 410 482 660 660 938 
492 709 709 
956 956 
21 238 238 238 311 366 366 366 436 502 502 502 545 545 559 559 562 562 596 660 660 660 712 712 813 813 828 828 978 
125 
338 338 338 388 1002 1002 1002 
69 69 69 
273 542 590 
18 18 21 
97 97 774 935 1006 1006 
213 474 474 474 684 954 954 
841 841 841 
569 

775 775 775 963 1019 1019 1019 
806 806 
315 315 648 648 867 867 928 1002 1006 1008 
53 
37 369 428 428 557 557 557 574 574 574 628 684 870 954 
322 322 322 919 
193 193 699 699 719 
147 147 497 497 
277 277 
56 56 56 582 
175 175 780 780 780 967 
363 399 980 980 991 
610 878 878 878 
364 413 509 586 586 689 689 841 841 1017 1017 
557 557 557 557 
229 534 534 
34 229 229 461 707 707 757 757 1013 1013 
239 239 391 391 391 414 414 484 582 582 582 723 889 889 889 954 954 954 
622 632 632 706 
697 838 838 838 954 
502 
5 5 14 14 16 30 37 37 40 43 55 55 61 61 74 80 107 107 128 130 130 134 137 137 147 147 147 157 159 163 163 163 163 163 171 171 171 178 178 186 186 196 198 198 205 205 209 213 213 218 218 229 239 239 239 250 250 269 269 269 269 277 283 283 284 284 284 286 286 292 292 292 305 310 318 318 318 341 341 354 370 370 370 374 374 374 374 374 389 403 414 414 433 433 434 434 434 465 467 479 491 497 497 497 516 516 516 518 518 518 526 526 530 547 547 547 548 548 582 582 582 589 601 601 601 602 640 640 640 660 681 681 681 682 682 684 684 704 704 704 710 710 721 721 723 725 733 736 736 737 756 756 767 767 772 801 801 805 805 829 829 838 838 838 841 841 841 865 870 870 870 870 907 907 907 929 929 937 950 950 950 952 963 963 1006 1006 1007 1023 1023 1023 
290 290 491 491 683 
234 234 234 234 234 337 337 337 382 548 548 552 552 552 631 785 810 810 921 921 
277 277 459 570 570 
76 194 194 482 482 482 482 482 855 855 
142 262 262 262 496 563 624 660 660 986 
277 415 415 415 415 
515 515 

115 115 115 115 318 366 372 372 933 954 954 
308 551 551 551 781 781 781 879 879 879 879 
35 35 35 35 35 40 765 
259 429 502 821 905 905 
473 473 473 943 
21 21 574 993 
175 175 507 507 656 656 656 
719 
25 478 478 
903 903 
127 127 735 860 860 860 
96 714 714 714 839 
427 741 741 1012 1012 
450 980 980 

195 268 566 566 828 828 922 
526 526 584 584 584 
102 102 102 114 114 114 366 366 944 944 976 976 
45 45 149 366 366 399 399 
493 493 493 616 616 663 663 663 687 687 

362 362 502 
58 115 458 458 
105 959 

277 375 375 381 385 419 419 464 464 464 613 613 613 753 753 859 859 859 
665 665 665 
39 411 411 411 
82 114 114 114 114 114 641 860 860 944 
5 531 531 531 597 
968 
229 229 
123 354 435 435 

414 414 
32 32 51 51 229 229 544 544 
149 149 169 334 366 399 688 688 688 
672 1013 1013 
795 825 835 835 835 
1 218 388 388 426 426 568 924 924 924 935 1006 1006 1008 1008 
44 44 44 538 
50 50 50 123 700 700 700 716 
14 23 110 110 879 879 
83 83 83 138 138 327 327 487 533 549 560 560 676 676 713 713 714 741 751 801 801 801 826 826 826 826 928 928 935 954 954 1002 1002 1009 1009 
354 415 954 
935 1002 1002 
117 138 246 246 246 798 819 819 819 866 1006 1006 
479 479 
229 254 
427 427 474 975 975 
229 242 401 732 732 732 949 949 1000 1000 
401 645 645 645 732 732 732 
780 
33 33 33 33 277 687 697 697 697 858 
86 145 170 249 249 262 262 366 366 366 366 509 509 799 799 799 847 946 946 
277 277 
46 46 791 791 812 933 933 933 
838 

366 366 
129 477 477 736 767 954 954 954 
