nodes: 1024 edges: 1933
258 258 899 901 
648 
329 329 
414 452 452 

167 167 185 185 250 328 331 342 531 569 686 710 767 767 767 954 954 992 
759 759 

229 229 229 366 553 553 896 
648 
943 943 
160 160 
19 240 240 
825 
51 178 954 
147 
107 954 
82 240 
21 21 436 804 927 
12 
162 766 766 
18 18 284 574 574 922 927 
117 277 277 
110 110 120 235 308 617 617 855 879 
728 728 
478 478 780 
244 244 422 584 


853 853 
146 417 954 
351 548 782 
229 405 462 603 822 998 998 
77 77 442 442 1016 1016 
532 949 
965 965 1005 
229 
462 462 462 602 628 751 842 842 842 937 954 954 

990 
497 497 802 802 
77 82 
98 
497 954 
91 538 559 712 845 845 845 1003 
62 62 399 981 
176 451 451 451 855 855 1019 
189 324 324 
701 

277 277 1004 
14 647 
530 708 
502 502 532 721 721 838 838 874 874 936 
279 279 
954 
220 275 275 275 582 651 651 942 942 
79 79 79 146 344 344 880 
458 985 985 
159 159 159 903 
399 
328 328 799 799 799 954 
45 45 109 
154 154 220 382 
277 407 407 407 
274 
435 786 877 877 
229 776 776 
382 810 
472 755 925 
325 
151 
277 876 
445 
160 179 179 179 179 564 564 564 646 839 879 954 954 

194 958 958 
33 33 41 229 544 

57 57 57 99 229 229 229 241 241 611 611 866 866 880 880 905 
536 536 
472 472 606 761 826 
17 41 147 197 209 209 209 283 343 343 355 355 366 593 699 787 787 
741 1006 1006 
419 419 430 430 
123 123 462 462 780 863 
170 170 661 661 799 799 1017 
674 674 674 
569 
427 
692 
44 241 
403 403 1010 1010 
649 736 736 736 736 902 
902 
667 798 798 866 866 
714 974 

42 739 
79 
436 
488 756 756 843 
324 324 324 362 397 397 397 414 414 414 480 980 
410 
113 318 358 739 
660 986 986 
517 
16 171 310 310 310 310 633 837 837 901 954 
409 409 458 607 
62 1021 1021 
23 23 
778 
154 
104 
366 366 366 399 399 399 448 750 750 750 750 980 991 
229 229 233 632 654 963 963 963 985 
326 338 
22 
128 128 855 855 
227 227 227 739 797 
23 225 225 
395 529 553 569 744 744 
189 189 323 323 
85 85 168 435 525 550 780 995 995 995 1004 1004 

509 
833 833 
595 736 860 973 973 973 
118 118 
265 498 557 688 
932 
132 
131 998 
298 
916 916 
199 571 919 
252 252 270 
284 284 684 954 954 954 
421 1006 1006 1009 
277 
181 
660 660 
262 959 
857 857 

169 505 1017 
30 57 417 417 884 
15 82 235 235 235 497 497 497 501 501 512 699 699 714 737 737 940 

366 399 399 723 
700 826 826 
71 407 
432 432 
323 357 
63 63 112 252 856 856 
193 279 279 
533 589 640 640 
173 173 494 632 857 857 954 
375 375 
59 59 59 210 582 700 700 700 942 954 954 
11 11 74 646 748 748 
541 
20 229 277 277 303 321 321 439 490 637 647 647 715 715 739 758 797 903 925 
954 954 
673 
569 660 
256 635 
5 5 576 580 
123 525 858 858 
145 366 366 366 592 592 
86 86 192 287 1017 
107 215 215 588 588 954 
267 718 915 
157 157 205 205 339 617 617 
471 585 
507 507 507 769 780 780 807 807 
46 511 511 754 
428 428 498 696 861 861 
14 954 
74 74 74 74 308 308 308 
856 
140 266 
229 796 796 
858 

5 5 
516 704 704 799 799 954 

502 635 773 
47 122 122 846 846 903 

328 601 
170 354 354 354 391 
155 939 939 
76 958 
978 978 
218 229 229 571 678 678 681 694 694 794 954 
82 355 355 

135 203 203 571 

340 340 340 
407 407 
199 199 
303 303 303 
173 173 954 

247 
811 
82 82 82 905 905 905 
159 215 723 723 723 
241 241 284 689 
825 912 
683 683 954 
575 575 611 670 880 880 
171 171 210 
329 329 
365 425 434 500 500 500 515 594 594 594 
196 
887 887 
56 63 437 521 521 521 651 
229 478 478 
513 
816 816 

120 120 537 537 537 879 
388 388 
119 119 119 
699 699 699 1000 
8 8 8 32 36 67 77 79 79 79 115 115 162 182 196 196 221 230 230 241 241 277 277 320 323 323 366 366 368 398 405 407 407 407 424 427 427 427 430 442 464 500 500 500 544 544 544 578 600 600 603 603 630 632 632 655 655 691 706 722 730 730 752 752 766 776 776 780 780 780 809 818 830 830 869 871 885 886 891 906 948 949 949 994 998 1011 1013 
229 229 719 880 
442 554 
820 
115 252 632 
631 642 642 810 810 834 834 891 891 956 
23 147 147 147 308 
775 

309 309 609 609 922 
273 366 366 366 391 391 950 950 954 
12 12 17 602 602 
79 79 91 211 211 229 229 765 

583 583 671 671 
26 26 
313 313 
536 536 1009 1009 1009 
207 596 
397 816 
568 568 568 568 909 1017 
5 569 954 
343 343 
136 136 154 233 376 376 376 856 856 
335 335 366 366 
677 
382 
166 
545 
0 0 791 
502 532 850 850 850 
607 607 714 
366 
142 363 363 366 366 412 412 440 440 624 624 660 799 799 959 1017 
271 384 
518 
129 
181 277 739 739 822 
172 654 
978 
487 487 487 954 
136 
263 583 1012 
407 
239 542 542 542 
65 366 779 
56 56 56 666 
769 769 
22 22 50 50 64 72 139 162 162 229 229 266 323 323 324 324 346 419 419 439 439 459 473 475 529 533 543 558 558 570 666 707 739 739 758 837 837 837 868 868 876 876 876 900 902 903 903 954 954 954 988 988 1016 1016 
387 387 387 
54 54 155 155 722 
804 
759 759 854 
744 744 744 876 876 884 935 
82 954 
21 137 137 211 619 954 
407 723 723 725 
547 547 782 954 
170 

355 355 355 647 647 780 780 
491 955 
366 

362 362 362 
469 898 
966 966 

745 745 
133 
642 
366 366 740 740 740 
892 892 
732 
162 204 204 204 

602 602 954 
385 901 

23 179 179 179 235 814 814 
238 238 
107 107 107 107 317 317 454 711 711 711 954 954 
922 
760 760 825 
245 245 502 529 529 529 529 
491 683 
648 648 935 

310 310 724 781 781 
104 416 416 954 963 963 
831 
229 476 781 
162 162 
503 938 
122 122 153 229 229 277 277 706 706 744 864 864 
47 47 102 102 102 277 277 346 903 
70 355 
116 660 660 660 
727 1006 
5 61 61 191 331 580 
2 2 216 216 796 

5 328 388 625 625 
706 

366 530 530 999 
253 253 502 
800 800 821 966 
921 956 956 
116 825 825 919 924 
173 1020 
201 201 201 418 418 684 
597 772 954 992 
5 767 
82 82 251 251 
57 57 611 

277 324 

568 568 988 
823 
428 758 758 
31 457 457 460 460 469 548 548 548 592 
922 922 

192 192 192 954 1007 
82 82 197 197 289 289 289 325 
850 850 850 
153 
104 
528 528 659 
755 755 755 
714 714 
102 293 293 293 502 518 518 615 788 788 788 816 816 816 984 984 
262 262 366 366 790 790 
586 
217 451 451 
8 82 114 114 114 149 169 169 169 229 229 239 239 239 253 253 261 262 262 274 291 300 300 334 363 363 372 399 399 407 407 409 441 502 502 510 510 523 607 616 660 660 688 688 700 700 700 745 745 763 777 777 790 790 847 922 922 950 999 1017 1017 1022 1022 

229 487 733 733 733 878 878 
937 937 
737 954 
520 680 680 680 797 
366 523 
605 
954 954 
158 158 
252 252 252 526 
442 442 442 
618 879 879 

843 
988 988 
63 68 255 
852 852 
263 684 684 684 767 
306 
524 787 
278 278 278 
226 226 331 426 426 568 924 1002 

400 805 
192 239 239 950 950 954 


451 451 770 
121 805 
767 
102 102 102 248 816 
229 
45 60 114 114 114 149 149 366 366 594 627 816 981 999 
390 
645 732 757 843 949 1013 1013 1014 
477 736 736 
92 92 

32 229 869 
527 
64 64 64 151 202 202 229 229 229 272 285 366 366 422 427 583 583 583 584 894 
909 
108 108 366 904 
103 526 526 660 919 977 

262 262 
841 841 
3 102 102 102 954 997 
960 960 960 
318 318 
30 146 146 591 884 
340 340 
84 84 277 277 707 988 
642 866 
138 
26 407 579 
449 
229 
217 
388 388 653 653 1002 
89 229 229 229 407 583 695 780 780 826 854 918 975 
177 177 350 455 463 486 486 498 557 684 755 843 861 934 937 

84 84 229 774 

152 152 486 486 

217 515 640 756 768 768 820 954 
66 123 550 550 995 
18 100 922 
220 887 887 
913 
162 277 277 603 603 603 603 855 855 855 
262 262 660 660 662 
366 
33 33 229 231 377 377 377 
708 708 747 747 

73 811 
885 885 885 
709 
114 
423 

46 46 46 365 365 394 394 770 780 780 1015 
3 3 
550 550 550 
310 899 899 
428 

351 351 592 
58 108 
277 957 
351 351 575 782 875 
949 
32 37 37 37 85 85 
428 623 709 709 
229 779 779 
954 
909 909 
639 815 
475 
294 351 806 806 810 810 

174 
69 81 81 735 735 925 
277 881 902 967 967 

277 468 802 914 
320 781 
402 736 1023 
25 25 221 221 
491 491 
102 502 502 
712 
855 958 958 958 
840 840 

783 
428 428 432 432 696 696 861 861 
269 269 269 368 540 540 714 771 1006 1006 1006 
101 693 
747 
162 797 797 
290 314 479 479 954 955 

982 
157 
568 568 
563 
40 40 43 147 147 147 817 940 954 
129 177 428 
530 530 
217 217 217 229 229 229 820 
147 147 504 
53 53 188 259 313 335 362 366 366 480 480 528 607 607 674 685 763 773 836 859 922 922 922 966 984 
322 
501 1007 1007 1007 
145 885 885 
756 
175 175 175 662 662 969 969 
662 
125 946 1017 
366 366 700 
176 176 
147 
222 787 
758 
217 434 820 961 
186 
106 546 
264 362 362 577 
727 727 727 727 780 780 
371 680 
220 220 220 595 595 

366 372 817 
386 736 736 889 
123 168 
376 410 410 767 767 767 954 954 979 
406 
359 359 502 836 
121 277 313 313 313 313 954 954 954 
52 334 334 499 499 555 954 954 
5 992 992 992 
34 53 259 650 692 721 
156 277 739 
636 
592 592 592 592 
80 80 246 246 
225 225 225 
44 1003 1003 
808 808 856 856 
487 487 
161 
273 273 273 840 926 
277 884 
77 229 229 229 998 998 
257 596 596 922 922 978 
517 647 647 780 835 835 835 
286 286 857 954 
31 351 351 351 792 792 954 956 
714 
123 435 435 453 453 453 858 858 858 
964 
601 956 956 
8 8 121 
231 
530 698 698 

129 428 861 937 937 947 947 947 
277 277 619 619 862 
44 712 784 784 922 922 
676 1006 
584 584 
729 
496 
74 74 74 

978 
876 
249 249 249 249 348 348 388 495 495 1002 
5 88 121 165 250 673 767 767 983 
277 
135 196 199 881 881 881 


21 21 709 709 709 937 937 937 968 968 
214 214 460 886 886 886 
167 670 915 915 
518 
229 
422 851 
167 328 648 

56 159 942 942 
243 243 271 407 407 407 427 
26 407 561 561 
174 
364 946 946 

171 171 
156 954 954 
926 
417 
169 169 351 457 535 535 535 535 746 746 746 
82 699 
217 217 217 399 
127 521 521 
247 545 545 712 805 805 
341 917 992 992 
819 
879 
229 229 
191 552 801 
37 240 240 305 305 907 954 954 
32 229 229 439 439 439 439 
1006 
373 
81 903 
108 260 260 366 502 502 790 790 790 
759 759 759 
238 238 754 

79 79 214 344 819 819 880 
660 
753 753 988 
620 620 745 745 
362 
366 687 982 982 
23 23 173 173 
378 
284 558 558 1006 
614 614 745 745 

632 951 
463 780 780 
262 262 959 959 
331 331 
734 
399 
37 937 937 
908 908 
229 888 
234 
115 157 229 229 233 622 
107 

166 188 857 
534 
162 705 705 852 852 852 852 
679 679 
467 888 
156 156 434 954 
963 
234 234 299 420 


401 
74 160 717 
51 162 162 289 289 546 546 737 
1 9 315 315 580 935 935 935 935 
93 736 
532 
56 56 220 791 
777 
426 426 780 886 
115 267 896 896 896 
229 229 864 864 
969 969 969 

810 
359 762 784 784 
105 141 141 165 262 326 326 326 366 366 410 440 440 612 673 678 733 805 814 878 878 883 919 922 922 922 954 954 959 959 959 
86 86 837 
440 507 507 508 



275 277 
95 676 

864 864 864 
214 576 
243 243 

164 569 660 791 
87 87 87 502 844 
793 
560 667 1006 
254 
196 196 660 
638 638 831 
371 371 371 520 
196 722 954 
756 756 954 
213 213 314 865 
137 340 384 384 384 428 755 892 929 937 954 
502 
5 
616 1016 
129 366 366 999 
211 946 

229 
90 532 
488 
196 196 791 791 
427 943 
177 486 486 
1016 
555 555 756 756 756 
82 147 147 228 228 228 593 745 897 
150 159 159 159 366 366 366 510 1004 1004 
48 841 


186 186 
637 637 
229 323 323 332 871 
277 419 949 1018 1018 
52 443 443 726 730 
447 463 463 574 574 574 
5 
310 310 310 
44 481 559 596 784 845 845 922 
1006 
96 147 260 361 361 487 549 790 790 790 974 974 
162 162 
1004 
646 
172 
230 
773 773 836 
53 53 532 841 841 954 
229 279 681 
149 210 210 210 285 285 803 950 
317 812 
285 954 954 954 963 
708 730 730 747 
327 519 519 519 519 902 
24 24 
562 
229 229 708 726 726 747 
738 738 
302 401 1014 
368 368 368 660 954 
626 
472 472 
93 93 93 93 127 402 402 477 524 524 649 954 1023 
147 147 370 647 954 954 
731 731 
98 104 119 162 266 266 277 277 533 
300 300 300 
83 975 975 975 975 

801 
121 121 282 282 282 323 827 
297 297 366 366 614 614 620 620 699 
592 592 592 
443 443 489 726 730 
160 160 
841 
114 114 114 114 
37 
229 229 
613 613 988 988 
176 609 
69 360 360 360 428 684 758 771 
101 101 434 506 682 682 698 698 698 768 954 
401 
162 277 350 350 514 755 
6 6 281 281 608 608 608 
312 312 
81 
659 763 
366 502 762 

241 881 965 
20 20 229 
5 5 5 342 384 396 526 526 526 569 569 830 830 853 954 1023 
434 434 756 
175 276 276 780 780 
394 451 780 780 
487 755 
341 954 
188 502 720 720 
430 928 928 
236 933 
67 67 229 229 
366 366 652 
111 805 893 
274 464 464 
25 85 123 175 175 229 229 229 289 289 427 427 451 451 519 519 546 623 623 653 769 769 770 770 812 854 875 886 886 1015 1015 
317 317 320 476 964 964 964 964 
31 286 460 795 795 
485 860 
559 559 659 659 712 

66 
82 82 386 513 
362 362 362 

363 363 366 366 607 607 607 714 714 714 
258 651 673 694 694 1019 
548 548 
675 
196 
782 782 835 835 1001 
182 182 329 
119 162 371 490 490 
95 95 1006 
61 61 61 86 86 186 186 262 262 1017 1017 
336 336 
601 743 954 1006 1006 1006 
40 40 475 
723 
18 280 846 
390 395 596 596 660 778 878 878 878 893 893 893 954 954 
469 469 810 934 934 
175 175 
539 539 
229 906 906 
68 234 234 469 469 658 806 917 917 917 
208 445 
724 780 1019 1019 1019 

308 308 660 
467 
223 223 248 362 362 362 397 399 
497 523 
229 
598 611 611 1009 
232 434 500 515 
336 966 
32 266 
349 

13 212 312 338 338 
81 150 150 427 1006 
744 
922 978 

229 229 767 767 844 
319 679 911 959 

126 126 
234 234 
546 546 546 795 795 1001 
502 528 720 859 859 
107 107 277 277 277 661 
53 53 954 
74 
483 483 542 
413 413 701 721 721 749 888 946 
37 37 37 
101 380 401 428 
674 830 
44 44 44 712 712 
189 189 804 
366 1017 


259 259 259 356 356 356 966 966 966 
579 
383 383 637 637 637 637 
29 29 767 
281 427 780 
23 46 46 118 118 439 439 439 482 958 958 
154 154 180 252 252 539 539 
143 143 157 157 547 635 
168 168 183 550 550 550 903 903 1016 
502 836 836 988 
127 783 973 973 
177 177 428 486 486 557 
558 
85 
323 323 655 655 669 669 669 
683 954 
79 79 95 95 420 
935 
277 277 937 
229 405 

229 706 


53 53 
460 780 886 
72 277 277 277 282 282 567 
66 66 1023 
368 368 660 660 805 805 805 945 
23 74 225 378 378 599 1005 
57 79 79 214 214 230 611 996 
473 571 571 571 765 

660 
146 282 417 543 
229 446 446 446 505 505 
229 575 575 575 653 780 780 875 
219 219 437 437 
630 639 841 
524 950 950 950 

229 234 234 
301 301 684 
778 805 805 805 
407 

8 654 654 654 981 
699 
294 
0 454 454 
277 
0 107 306 
93 94 277 473 727 908 
59 162 189 277 277 324 606 858 858 972 
409 
79 209 209 209 
229 809 809 
602 954 
629 629 902 
249 408 466 466 

831 
212 
438 
475 
172 576 576 
134 134 
597 810 810 810 
427 
135 338 410 660 938 938 

337 
21 238 311 352 352 366 366 436 502 502 502 545 545 559 559 660 660 660 712 828 968 

338 388 1002 1002 
69 162 472 
542 590 
18 21 
774 774 1006 
684 954 954 


130 
775 963 1019 
428 806 806 
282 315 648 648 648 648 867 1006 1008 
53 
37 369 369 428 557 557 574 574 574 628 628 684 868 954 1023 
322 919 919 
193 193 
147 497 

56 56 159 582 582 
10 10 695 967 
991 
878 
509 586 586 689 841 1017 1017 1017 
557 557 557 
229 
34 229 229 401 461 707 
239 239 366 391 391 723 889 889 889 954 954 
622 
954 954 

5 5 14 16 30 37 37 43 55 61 74 74 107 137 137 137 157 159 159 163 163 171 178 186 196 205 213 239 250 269 277 277 277 283 284 286 305 310 310 318 341 354 370 374 374 391 414 434 465 491 497 526 526 529 529 529 530 530 547 548 589 589 602 602 640 660 660 681 682 684 721 725 725 725 733 736 737 737 756 767 772 801 805 805 838 865 907 929 929 937 950 950 952 952 963 963 1006 1006 1007 1007 1007 1023 1023 1023 
290 491 
234 337 337 548 552 552 
459 
76 76 194 482 482 482 855 855 993 
142 262 624 624 660 660 660 831 
415 415 415 
515 

115 115 115 318 318 641 725 933 954 954 
551 781 781 781 781 
35 35 765 
295 295 336 502 821 850 850 850 
473 473 943 
574 574 922 
507 507 656 656 656 


903 
127 127 127 860 860 
96 714 714 
427 741 741 741 741 
980 
410 
195 195 268 545 566 828 
526 
102 114 976 
45 399 896 
493 616 616 
569 
362 362 502 
58 58 115 
105 105 

277 277 348 381 381 419 613 753 753 859 

39 
114 944 
5 341 531 531 531 597 597 
958 
229 
123 123 123 435 
880 
414 
32 32 132 229 544 544 
334 366 399 688 
228 1013 
795 835 
388 426 568 924 924 1006 1006 
44 538 538 
50 123 123 700 700 716 
35 879 
83 83 138 138 327 487 487 487 560 604 619 676 713 798 801 801 801 826 928 935 954 954 1002 1002 
354 504 504 504 954 954 954 
935 
138 246 246 246 819 
92 92 
229 
271 
229 401 401 1000 
401 732 
451 780 780 
33 33 277 277 687 697 858 
86 145 170 249 262 366 366 509 799 799 847 946 946 946 
707 707 
46 791 812 812 812 933 
339 
109 109 
366 366 
477 736 767 877 937 954 954 954 
