nodes: 1024 edges: 3154
107 107 310 310 901 
9 9 648 648 664 849 
329 329 
452 452 452 
212 368 
61 61 185 185 185 250 263 263 328 328 331 331 341 342 342 531 569 686 710 767 954 
759 759 759 
278 278 
229 229 366 366 553 553 
1 1 648 648 
347 
160 160 160 748 
82 82 240 285 
212 803 825 
51 51 51 51 178 178 178 787 787 954 954 
69 147 
107 954 954 
82 82 240 643 
21 436 725 927 927 927 927 
82 82 
162 229 398 766 766 766 
18 284 574 574 574 922 922 927 
84 117 117 117 277 
110 110 235 308 308 879 879 1005 1005 
31 31 351 351 728 728 728 
478 780 971 
244 244 244 422 453 584 876 
447 447 447 531 886 886 
463 
121 121 
146 224 224 224 884 954 
24 24 351 548 548 782 
229 405 405 405 603 746 746 746 822 
77 442 442 
176 532 949 949 
647 879 965 965 965 1005 1005 
166 229 229 229 
462 462 602 628 628 628 628 751 751 842 842 842 954 954 954 
229 
990 
497 497 802 802 802 954 954 965 
77 77 77 77 82 82 
277 
497 497 497 954 954 
538 538 538 712 845 1003 1003 
62 62 399 399 399 981 981 
176 176 451 451 451 855 855 855 1019 1019 1019 1019 
189 324 324 324 
701 720 720 
161 
277 277 277 555 555 700 700 1004 1004 
14 14 14 14 647 647 647 837 837 837 837 998 
452 452 530 530 708 708 
336 336 502 532 532 532 721 838 838 838 874 874 874 936 936 936 
279 279 308 308 551 
954 954 954 
220 275 275 275 582 582 582 582 942 942 942 942 942 
79 79 344 344 524 524 524 880 880 
458 458 458 
159 159 159 159 159 903 903 903 
366 366 399 399 399 650 
5 5 328 328 328 686 686 686 799 799 799 954 954 
45 45 109 109 109 
154 154 382 382 382 626 
229 277 277 277 278 407 
272 272 272 449 449 
435 435 435 786 786 877 903 903 
229 229 776 776 
382 810 
15 472 472 472 925 925 
325 589 589 
151 151 151 448 448 
876 
229 229 229 614 644 
160 160 179 179 179 179 179 564 564 717 717 839 879 
810 810 

33 41 41 41 41 
366 366 
57 57 99 111 111 229 241 611 866 880 880 905 
536 536 536 954 
472 472 472 472 604 761 761 761 761 
12 12 17 17 19 19 41 41 147 147 147 197 209 267 283 283 283 353 353 355 366 500 500 500 513 513 537 537 593 643 657 657 657 657 699 699 699 728 728 728 787 787 787 991 
741 741 741 
22 277 277 277 419 430 
123 123 462 462 462 780 863 863 
170 170 170 170 170 376 376 376 376 531 661 661 799 799 799 799 
674 
569 658 658 658 658 658 
427 427 
692 692 692 692 
241 
403 403 403 479 691 691 691 691 691 
649 649 649 649 736 736 736 902 
277 473 902 902 
667 798 798 798 866 866 866 
714 974 
928 
739 
79 760 760 
318 436 436 436 963 963 
488 756 843 843 843 
324 324 324 362 397 397 414 414 414 980 980 980 
410 
113 113 113 113 358 358 739 
660 660 660 986 
392 517 517 517 
0 0 16 171 310 310 310 310 633 661 661 661 901 901 954 981 
366 458 458 458 607 607 607 
62 62 62 775 1021 
23 23 1005 1005 
79 79 420 778 778 

104 104 104 104 
366 366 399 448 750 980 980 991 991 991 
229 229 233 233 654 654 654 718 963 963 985 
326 326 326 
22 22 22 138 
128 128 128 855 
227 227 739 739 797 797 797 797 
225 225 
29 29 529 529 553 569 744 744 744 744 
189 189 323 323 323 
85 85 168 168 168 435 525 525 550 780 995 995 1004 1004 1004 
367 
250 250 509 509 569 923 923 
640 640 833 833 833 
736 860 973 973 973 973 
118 118 118 954 
477 486 498 498 498 557 688 688 688 1023 
554 932 932 932 954 954 
132 132 132 132 271 271 271 286 407 
131 131 131 131 873 998 
497 497 497 
916 916 916 954 954 
199 199 571 571 740 
252 252 270 270 270 
284 284 284 684 954 954 954 954 
117 242 242 421 421 1009 
541 
181 181 181 181 
245 245 245 734 734 
262 262 400 624 959 959 
857 857 857 857 857 
407 407 
169 169 169 
30 417 417 884 884 884 
15 82 82 82 235 257 501 512 699 699 699 714 940 940 940 954 
208 
366 399 399 399 399 981 999 999 999 
700 826 826 1006 1006 
71 71 71 202 202 202 309 407 
432 432 432 756 756 
323 323 323 357 357 603 
63 63 252 252 252 252 360 617 
193 193 279 279 279 699 
533 589 640 989 
173 205 494 632 632 632 632 954 954 
375 375 
59 59 59 59 59 681 700 700 700 700 716 954 
11 11 11 74 74 646 646 748 
49 541 541 541 
20 204 229 229 277 277 277 303 303 439 439 490 637 637 647 647 647 715 715 739 758 758 797 797 903 903 903 
954 954 954 954 
569 673 673 
569 569 660 673 
36 256 256 635 
576 
123 123 123 435 435 858 858 858 858 
145 145 145 366 366 366 366 592 592 592 592 999 999 
86 86 86 86 86 192 1017 1017 1017 
107 210 210 215 215 588 588 954 
267 267 718 718 718 718 915 
157 205 205 339 617 617 
471 585 585 702 702 780 
347 347 507 509 764 769 769 807 807 832 832 943 943 
34 46 46 660 660 660 
432 486 696 861 861 
14 14 14 273 273 954 
74 74 74 74 74 308 

140 140 140 140 266 266 266 562 562 562 562 562 831 
229 796 796 796 994 
858 

5 5 5 
516 516 704 799 799 799 954 
434 434 
502 502 635 773 
47 122 122 846 872 903 
234 234 382 382 382 382 382 
328 328 328 601 601 601 
170 239 239 354 354 391 
155 155 363 699 699 939 939 939 939 939 
919 958 958 958 
223 223 223 481 677 978 978 
199 218 218 229 229 581 678 678 681 681 681 694 694 694 694 869 954 954 
82 355 355 
954 954 
135 135 196 203 571 571 794 

340 340 340 360 684 
151 151 151 274 407 715 
199 571 571 571 
162 303 303 
157 173 173 
277 
596 
148 714 811 811 811 811 
82 905 905 905 954 954 
171 171 215 215 215 723 
241 241 241 241 241 284 689 689 689 
4 13 470 470 470 825 825 825 912 912 
683 683 929 929 954 
575 575 575 575 611 670 880 880 
171 171 210 210 210 
329 329 329 
425 425 425 425 434 434 451 451 500 500 500 500 515 594 594 594 610 
196 196 869 954 1002 
887 887 887 
56 437 437 521 595 
229 229 478 
787 
195 195 195 816 816 
30 30 30 
120 120 537 537 537 795 879 
388 388 388 634 
119 119 
699 699 699 1000 1000 
8 8 20 32 36 36 36 38 64 67 67 73 73 73 79 115 115 162 162 182 196 196 221 221 230 230 241 241 241 277 277 323 323 345 345 358 358 366 366 366 368 398 405 405 407 407 407 408 424 427 427 442 464 464 476 485 500 500 500 534 534 544 544 544 578 603 614 614 632 632 706 719 722 722 726 747 752 775 775 776 780 780 780 796 809 809 809 818 818 829 829 830 864 869 869 869 871 880 880 886 886 891 948 949 954 954 987 998 1011 1013 1013 
229 229 719 
554 554 554 
820 916 916 916 
115 115 632 
190 190 631 631 642 810 834 891 891 956 956 956 956 
23 147 
775 775 830 

309 609 609 609 609 660 890 922 922 
192 192 273 273 366 366 366 366 391 391 391 950 950 950 954 954 954 
12 17 602 602 602 907 
79 91 211 211 211 211 211 229 229 229 524 524 524 
138 138 
583 671 671 671 671 
26 26 26 617 617 642 642 642 
141 141 141 313 313 800 800 800 
536 1009 1009 
596 596 
362 362 397 397 816 816 
568 568 568 909 1017 1017 
5 125 125 954 
343 343 
136 136 154 154 154 154 376 819 
335 335 366 366 
677 677 677 1011 1011 
382 382 382 382 
166 166 
147 545 
791 791 791 791 
295 502 502 532 850 850 850 
607 714 
366 
142 142 363 363 363 366 366 412 440 563 563 660 959 959 959 1017 1017 
5 5 384 384 384 
288 362 362 362 518 577 
898 
181 181 181 277 277 822 822 822 822 
82 172 172 718 783 860 860 
978 
487 487 487 487 954 954 954 954 
136 136 136 539 
131 131 131 407 583 583 1012 1012 
65 65 65 366 
178 178 239 239 302 302 542 542 542 926 
202 407 627 779 779 
56 56 56 666 
479 769 
22 42 50 50 50 64 64 64 84 84 84 94 162 162 162 206 229 229 266 266 298 323 324 324 339 339 339 346 354 383 383 383 419 439 439 439 453 453 453 533 558 570 570 666 697 758 758 758 758 802 802 837 837 837 837 852 852 858 858 858 868 868 872 874 874 874 876 900 900 900 902 903 941 954 954 957 960 960 988 1018 1018 
7 7 64 345 345 387 387 387 
54 54 155 155 155 722 
725 725 745 745 745 745 745 
759 759 
884 884 935 
82 82 82 353 429 429 954 
21 137 137 137 211 619 619 954 954 
12 723 
131 547 547 765 782 782 782 954 954 
673 673 673 
264 553 921 956 
355 355 355 546 647 647 647 780 780 
314 314 491 955 955 
366 847 847 847 847 
954 954 954 

469 469 898 
259 966 966 
802 
545 620 620 620 745 745 745 
277 
642 642 642 
366 510 740 740 
684 892 892 892 
273 273 732 732 732 926 
162 162 204 204 
1015 
602 602 602 602 954 
385 385 419 419 419 419 901 901 
326 326 777 777 
23 23 54 54 179 814 838 964 
151 238 
0 0 107 107 107 107 317 454 454 711 711 711 711 954 954 
922 922 
760 803 803 825 825 
245 245 529 
290 290 491 683 683 
648 648 648 935 
379 379 903 
310 781 
100 416 416 416 
831 831 831 
781 

503 660 938 938 938 938 
122 122 122 153 153 153 229 229 277 357 706 744 827 827 864 910 
47 47 47 102 102 102 277 277 346 346 558 558 558 903 
70 355 762 
116 116 116 307 307 777 777 777 
727 
5 5 61 61 61 191 191 191 331 331 580 580 686 
2 2 216 216 216 796 
378 879 
5 5 328 328 388 625 625 686 
616 

366 366 530 530 530 530 999 
253 253 480 502 502 873 
53 53 800 800 800 821 
810 810 810 956 956 956 
825 825 825 919 919 919 924 1001 
173 277 277 277 617 
201 201 201 418 418 684 684 
5 597 597 772 954 954 992 992 
5 5 767 767 853 853 
251 251 
57 57 450 611 
229 229 278 278 387 
277 324 324 407 
10 175 175 832 832 832 
568 988 988 988 988 
399 823 823 
758 758 758 
24 24 31 457 460 460 460 460 469 469 548 548 592 592 782 810 
922 922 922 
82 82 283 429 429 429 
192 192 277 749 954 1007 1007 
82 197 197 289 289 289 325 
780 850 850 
153 153 323 
104 104 229 229 
528 528 659 
154 201 684 684 684 684 755 755 
410 410 410 714 714 714 
102 248 248 264 264 264 502 502 518 518 518 518 615 615 743 984 984 984 
193 262 262 262 366 366 790 916 
586 586 946 946 979 
451 451 451 
8 8 60 60 78 78 82 108 114 114 149 169 169 169 169 229 229 229 239 239 239 239 253 253 261 262 262 272 291 300 334 334 363 363 372 372 393 399 399 399 407 407 409 409 450 470 470 476 476 502 502 502 510 523 523 607 616 616 660 660 660 668 668 700 700 700 745 745 777 790 790 847 847 871 871 871 889 922 922 950 950 950 963 963 980 980 980 981 999 1017 1017 1022 
124 
4 229 487 487 487 487 733 733 733 878 878 
937 937 
737 737 954 954 954 
680 680 680 
366 366 523 523 817 817 817 963 963 
605 605 605 
954 954 
158 158 
86 86 86 86 252 513 526 
442 442 442 
330 618 618 879 
316 316 

419 988 988 
63 63 63 68 190 190 190 190 190 255 255 255 255 810 
277 277 277 852 852 852 
263 263 263 396 396 684 684 684 767 767 
306 306 419 419 988 
524 736 787 918 
278 278 278 345 
226 226 226 331 426 426 568 568 568 634 924 924 1002 1002 

400 400 400 778 778 805 805 
192 239 239 239 950 950 950 950 954 
106 406 406 517 527 
366 466 466 
770 770 
530 805 
384 384 767 
102 102 248 248 802 816 
20 229 706 
45 45 45 60 60 60 114 149 149 149 149 349 366 366 366 594 594 594 594 594 627 650 750 816 823 944 981 981 999 999 999 
142 390 390 390 
645 645 732 732 732 757 757 949 1013 1013 1014 
736 736 736 
92 92 92 
603 603 
32 32 32 229 229 869 869 
392 392 527 527 
64 131 144 144 151 202 229 229 229 271 274 346 366 366 427 427 427 583 583 584 584 584 584 894 
229 
366 366 572 652 652 652 652 904 
103 361 361 361 526 526 526 660 977 977 
492 492 492 
262 
586 841 841 841 841 946 946 
102 102 102 950 950 954 954 954 954 954 
960 960 960 960 1007 1007 
318 318 318 664 
146 146 591 591 636 636 
340 340 
84 277 306 306 306 306 381 385 385 707 988 
111 573 642 642 642 642 
138 138 
26 561 579 579 584 

229 
217 217 217 217 539 
388 388 653 653 653 1002 1002 
89 89 229 229 407 407 407 483 483 483 583 695 780 826 826 826 854 975 
463 486 486 498 557 557 628 684 684 755 755 843 843 861 934 937 
283 283 353 353 353 966 
84 
902 902 
152 152 152 177 486 780 
954 
187 187 217 217 515 640 756 756 768 820 820 820 954 954 954 
66 66 66 123 168 168 550 550 786 877 877 995 995 
18 100 100 100 922 922 
220 220 887 887 887 887 
733 733 913 913 913 1007 1007 1007 
162 162 277 277 277 603 603 855 855 855 
262 609 609 660 

33 33 229 377 377 377 690 
708 708 708 708 726 747 747 747 894 
539 
811 
885 885 885 885 
27 27 27 
71 71 114 
65 65 777 
344 366 
46 46 46 217 217 365 365 365 780 780 1015 1015 
3 3 3 52 52 530 
26 277 277 277 550 903 903 963 
310 310 661 661 899 


351 592 592 592 592 
58 58 58 108 108 108 777 985 985 985 
957 957 
351 351 351 351 575 575 575 575 782 875 875 875 
566 805 949 949 949 954 
37 37 85 85 85 
28 428 623 623 623 623 
229 229 779 779 988 
954 
393 393 909 
639 815 815 888 895 895 954 954 
1010 
294 294 351 351 511 806 806 806 
212 212 212 366 366 
174 780 780 
69 69 69 81 81 81 81 735 761 925 925 
94 881 881 902 902 967 967 
929 929 929 929 
802 802 914 914 
229 366 366 745 745 781 781 
129 486 736 
25 221 971 
92 276 491 491 491 518 518 954 954 1010 
335 502 502 
195 712 784 
855 855 855 855 958 958 
427 427 427 840 840 840 
889 889 950 
229 
129 177 428 428 432 477 696 696 861 861 
269 269 269 269 368 368 368 368 540 714 771 771 771 1006 
101 693 756 
747 
162 797 797 797 
290 314 479 479 479 954 954 955 
411 411 411 
982 982 
157 
568 568 
563 563 563 959 
40 40 43 43 43 133 133 133 817 817 817 817 940 940 954 954 
129 129 129 428 898 
530 
82 82 82 217 217 217 217 229 229 229 820 820 
147 504 
53 188 188 259 259 335 335 362 362 366 366 366 480 480 528 532 532 532 607 607 607 659 674 685 685 685 773 773 836 859 922 966 984 984 984 
322 
501 1007 1007 1007 
885 885 885 885 
573 756 756 810 
175 662 969 969 
662 662 
125 125 175 946 1017 
300 366 700 700 700 
469 
147 789 
82 82 376 787 
758 758 925 
217 434 820 961 961 
186 186 954 954 
106 106 106 392 537 537 
264 362 362 362 362 479 479 548 577 577 577 954 
727 727 780 780 
680 680 680 759 
220 595 595 595 595 
530 530 530 
366 366 372 372 
57 57 57 241 241 241 386 736 736 889 
123 123 
376 410 410 410 767 767 844 844 844 954 954 979 979 
392 406 406 
359 359 502 836 
121 121 313 
52 52 334 334 334 334 395 452 499 522 522 522 555 555 555 789 789 
5 27 86 992 
34 53 53 53 259 502 502 502 692 721 
156 277 739 739 1006 
229 229 948 948 
592 592 
80 80 80 246 571 
82 82 225 225 225 517 517 
44 44 44 1003 1003 
270 425 444 808 808 856 
487 
139 161 161 161 
273 273 273 840 840 926 
884 884 884 941 
229 229 229 998 
257 297 562 562 596 922 922 922 978 
289 647 647 780 780 835 835 835 835 
286 286 857 857 954 954 
31 31 351 351 518 792 792 810 810 835 835 954 954 956 956 956 
667 667 667 667 714 
123 435 435 453 858 858 858 858 858 
54 879 879 964 964 
956 956 
8 8 121 288 
130 231 231 231 
50 50 530 530 530 698 
731 1021 
129 428 428 861 877 877 947 947 947 947 
277 324 324 324 619 619 862 
712 712 784 922 
676 1006 
422 584 584 584 687 
181 181 181 181 181 545 545 922 
262 262 496 496 496 959 959 959 
74 74 

461 978 978 
876 876 876 876 
249 249 249 348 388 388 388 495 495 621 621 621 621 1002 1002 
5 88 121 125 164 165 165 673 673 673 767 767 767 983 983 
277 277 957 957 957 
135 135 199 199 203 203 203 536 881 881 881 
409 
420 506 
21 21 21 684 709 709 968 968 
214 214 214 214 460 460 460 460 653 653 886 
167 670 670 915 915 915 
264 518 518 518 
229 
422 422 
328 328 
196 
56 56 56 56 587 587 880 954 
243 271 271 407 407 427 
26 407 407 407 407 422 561 561 561 979 979 
174 174 702 
364 364 413 884 946 
582 582 681 
171 171 
70 70 156 954 
926 
417 417 
169 169 169 169 351 351 457 457 457 457 535 535 746 746 746 
82 699 699 699 
217 217 217 399 399 399 399 399 627 
220 521 521 521 521 
207 247 247 545 805 805 805 805 922 
341 341 917 992 
819 819 819 
879 879 879 

191 191 191 801 801 805 954 954 
37 240 240 240 305 305 305 305 907 907 954 
32 153 229 404 404 439 439 
81 683 1006 
373 373 373 
903 
108 108 108 260 366 502 502 502 790 790 
759 759 
238 238 238 238 440 440 660 660 678 754 
217 820 820 
79 214 344 819 
660 675 675 675 805 
753 753 988 
73 229 229 620 620 620 620 745 830 830 830 
362 362 
332 366 366 663 663 663 687 982 982 
154 173 173 244 244 339 642 
378 378 
284 284 558 558 714 1006 
297 297 297 614 614 614 614 745 
568 568 568 568 887 
951 951 
463 463 463 463 780 780 
142 959 959 
331 331 
63 734 
274 399 594 
37 37 37 37 428 937 937 
695 695 908 908 908 908 
634 888 888 888 
234 234 956 
157 157 157 157 229 229 233 951 
107 823 997 
226 388 630 
166 188 857 
417 417 
162 162 705 705 705 705 852 852 852 
679 679 831 831 
467 895 
126 126 156 434 833 954 954 
954 963 
234 244 244 244 299 299 299 420 420 420 420 617 
17 82 
73 747 
401 401 1014 1014 
160 160 
35 51 51 51 162 162 162 289 289 289 546 546 737 737 737 737 
1 1 9 9 315 315 315 664 935 935 935 
93 93 93 93 736 736 
60 399 
694 694 791 791 
409 409 409 409 
426 426 426 575 575 780 886 886 
115 115 115 896 896 896 
864 
969 969 969 969 
82 82 82 82 
88 88 88 88 88 810 810 
359 502 763 763 763 784 784 
105 105 105 165 176 176 176 238 262 322 366 366 366 410 440 609 609 612 673 673 673 678 705 705 705 733 734 734 734 805 805 878 878 878 883 883 922 922 922 954 954 959 959 959 
86 86 107 107 107 454 454 837 837 
507 508 508 717 
616 616 616 982 982 982 
1 416 648 

275 277 852 852 
95 549 549 549 549 676 676 676 
366 366 
864 
214 576 576 
243 243 243 243 
709 710 710 710 710 1000 
164 164 165 287 287 287 569 569 569 660 660 660 791 
87 502 692 692 692 
612 612 612 793 793 
560 667 667 667 1006 1006 
195 254 254 254 
196 196 609 660 
638 638 831 
371 371 371 520 520 520 
159 196 196 196 587 722 954 
756 756 954 954 954 954 
213 213 314 314 604 865 865 955 
137 201 301 340 340 360 360 360 360 384 384 384 428 428 574 755 929 937 937 937 954 954 
502 502 502 
5 61 61 61 328 331 
561 616 982 1016 
129 129 129 999 999 999 999 
211 211 211 
442 
92 92 92 92 92 
90 90 90 90 532 674 674 674 
488 
196 196 196 196 651 651 791 791 874 
427 629 629 724 724 812 812 812 943 
177 486 486 
277 952 1016 1016 1016 1016 
555 756 756 756 756 756 
82 82 82 147 147 147 155 193 193 228 228 228 593 593 593 745 897 897 897 
50 50 150 159 159 159 159 366 366 366 510 510 510 950 950 950 1004 1004 1004 1004 
48 841 
174 174 585 
886 886 1017 
186 
637 637 637 637 660 660 660 
229 323 398 871 
419 949 1018 1018 
52 52 443 443 443 443 726 730 730 
574 574 672 920 920 
5 672 672 672 672 954 954 
310 310 310 310 
44 481 559 559 784 784 845 845 845 
1006 1006 1006 1006 
96 147 208 260 361 361 361 487 549 619 790 790 790 974 974 1006 1006 1006 
162 162 202 797 797 
159 
74 74 662 839 
115 172 172 172 172 267 
229 230 939 970 
48 48 773 836 836 836 
53 532 841 841 954 
229 229 279 681 
210 285 803 803 950 
695 695 812 812 812 
18 280 280 954 954 954 963 
229 443 708 730 747 747 747 894 894 894 
327 519 519 
24 24 24 82 82 82 

708 708 726 747 747 747 
556 738 738 738 
302 302 302 401 401 401 1013 1013 1014 
368 368 368 438 438 660 954 
141 141 626 660 660 660 
472 973 
93 93 93 127 386 402 402 402 477 524 524 649 649 954 954 954 1023 1023 1023 
370 370 647 647 647 647 954 954 954 
731 731 731 966 
98 104 119 119 162 533 533 
135 300 300 780 789 886 
83 83 83 826 826 975 975 1006 1006 
907 907 
362 
121 121 121 121 323 827 
280 280 280 280 280 297 297 297 366 366 476 476 614 620 699 
32 32 32 592 592 592 
229 443 443 443 489 644 726 726 726 730 730 730 
11 160 
354 
114 399 
37 37 1006 
229 
613 613 988 
609 
360 360 428 428 684 758 771 771 
101 152 152 434 434 488 506 506 682 682 698 698 698 698 698 768 768 954 954 954 
401 401 949 
162 162 277 277 277 277 350 350 350 514 514 755 
6 6 6 281 281 520 608 608 
99 99 312 803 
81 81 81 81 472 
325 763 763 
659 659 659 762 762 
175 943 
286 881 
20 20 20 
5 342 342 384 384 396 526 526 569 569 569 830 830 830 830 853 853 954 954 1023 
434 756 756 
175 175 276 
394 394 780 
487 487 487 755 755 
341 
188 502 502 720 
928 928 928 
109 229 229 236 236 933 933 933 
67 67 229 
307 307 326 326 326 366 449 458 
111 111 390 390 805 893 
274 274 464 464 
25 85 123 174 229 229 229 289 289 356 427 432 451 451 471 471 519 519 546 546 623 623 653 740 770 840 849 849 854 854 854 875 875 943 1015 1015 
317 320 476 476 964 964 964 
31 286 286 286 351 460 
267 860 860 860 
481 559 659 659 712 712 

66 66 435 890 
14 14 82 82 82 222 386 513 
845 845 
512 530 530 740 
363 366 366 607 607 714 714 714 
258 258 258 258 651 651 673 694 694 1019 1019 1019 
548 548 
675 675 
199 
225 1001 1001 
182 182 182 229 329 
119 119 119 119 162 162 490 490 490 715 715 
95 95 95 1006 1006 
61 61 61 86 86 86 86 186 186 186 1017 1017 1017 
245 245 245 336 336 336 
601 601 1006 1006 1006 
40 40 40 277 277 296 397 475 475 816 816 816 
13 312 312 723 723 760 825 
846 846 
390 390 395 461 596 596 596 596 601 612 660 660 778 878 878 893 893 954 954 
469 469 469 810 934 934 934 
175 175 832 832 
539 539 
229 229 229 906 906 1011 
68 75 75 234 337 337 337 351 382 506 548 548 658 658 806 917 917 917 956 
208 208 208 208 445 
695 695 695 724 724 724 
922 
308 
467 467 
223 223 248 248 397 399 802 802 802 
372 372 372 497 497 497 497 
229 229 
252 598 598 598 611 1009 1009 1009 
232 434 434 434 500 500 515 610 610 916 916 
336 966 966 
32 266 266 266 266 
349 349 399 633 
963 963 
13 212 212 212 312 312 338 338 338 803 
150 150 427 427 427 741 741 1006 1006 
323 323 744 
922 922 978 
229 229 954 
229 236 614 614 614 767 767 767 767 844 844 844 864 
181 319 319 319 638 638 679 911 911 911 
175 175 347 347 347 807 807 
126 126 126 640 
234 
546 546 546 546 548 548 1001 1001 1001 
502 528 720 720 720 859 
51 51 51 51 277 277 277 277 661 661 
53 53 53 308 952 952 952 954 954 1020 
74 717 
483 483 483 542 542 780 
413 413 413 413 701 721 721 888 954 
37 37 37 
101 101 101 428 428 
526 526 526 830 830 830 
44 712 712 712 788 788 
189 804 804 
291 291 291 291 366 366 1017 
1005 1005 
1 780 780 
259 259 259 356 356 905 905 966 966 

277 277 383 383 383 637 637 637 666 666 
342 342 767 767 
427 780 780 780 
46 46 46 118 439 439 439 482 482 482 482 958 958 
539 
143 143 143 143 143 547 547 635 
168 168 168 168 183 277 277 277 550 550 550 550 550 903 903 1016 1016 1016 1016 
502 836 988 988 988 
127 267 267 783 783 783 973 973 973 991 991 
177 177 428 486 486 557 
558 
85 85 
229 323 655 669 830 
683 683 954 
79 95 95 95 
935 
277 277 937 
196 218 229 229 229 405 405 
937 954 954 954 
229 366 366 366 706 
189 277 
132 335 
53 53 53 277 277 277 694 900 
460 460 460 780 780 886 886 
26 72 277 567 567 567 567 
66 435 435 557 557 
368 368 660 660 660 805 805 945 945 
23 23 35 74 225 330 378 551 551 599 599 599 964 964 964 1005 1005 
57 57 79 79 214 214 229 229 582 982 
473 473 571 571 571 765 902 902 902 
907 
660 660 
30 146 146 146 282 282 543 543 543 586 
446 446 446 446 505 505 505 505 
27 27 229 229 575 653 653 703 703 740 875 875 
219 219 219 437 437 437 437 621 
467 630 630 630 841 
366 484 484 524 950 950 950 
238 786 
229 234 234 
301 301 301 
778 805 805 
407 443 726 726 726 
467 467 639 
654 654 654 981 
699 699 699 
265 294 498 
454 
277 277 277 874 
0 107 107 306 306 
93 94 94 277 431 431 473 473 881 881 881 908 
59 59 59 66 66 162 162 162 189 277 316 324 453 453 606 858 858 
409 
79 209 209 209 850 850 966 966 966 
809 809 
240 602 602 742 742 882 954 
629 629 629 629 902 
249 466 
323 
831 831 831 
212 212 
438 438 438 
475 475 
172 576 576 576 
134 134 134 232 232 232 363 820 820 
597 810 810 810 
386 
194 338 338 338 938 938 
709 709 
288 956 
21 21 238 238 311 311 352 352 352 366 366 436 436 502 545 545 545 559 562 596 660 660 660 813 828 828 978 978 
125 125 
338 388 388 
69 69 472 472 514 
273 302 542 590 
18 18 18 18 21 
97 774 774 774 935 935 935 
213 213 474 474 474 474 684 954 


130 130 130 
775 775 775 963 1019 1019 
428 806 806 806 
282 315 648 648 648 867 928 928 928 1002 1006 1008 1008 
53 53 53 
369 369 428 628 628 684 684 684 868 870 954 954 1023 1023 
322 322 322 322 919 919 
193 193 193 193 193 719 
147 147 147 497 497 
277 543 
56 56 56 56 56 
175 175 695 764 780 967 967 
399 980 
878 878 
364 364 413 413 509 586 1017 1017 1017 1017 1017 
557 557 557 557 
229 534 534 
34 34 229 401 461 461 461 707 757 1013 1013 
239 239 239 366 366 366 391 391 391 391 414 414 484 700 700 700 723 889 889 889 954 954 
622 622 632 
697 838 838 838 

5 14 14 16 16 30 37 37 37 40 40 43 43 55 55 55 61 61 80 107 128 130 130 134 134 137 137 137 137 147 157 157 159 163 163 163 163 171 178 186 196 196 198 198 209 209 213 218 229 229 239 239 239 250 269 269 269 269 277 277 283 284 284 286 286 292 292 292 305 310 310 341 341 354 370 370 370 374 374 391 414 414 414 414 414 433 434 434 434 461 465 467 467 479 479 491 491 497 497 516 516 518 526 526 547 547 548 548 582 589 601 601 602 640 640 641 660 660 681 682 682 682 682 684 684 710 710 721 725 725 725 733 736 736 736 737 737 737 756 756 756 767 767 805 805 829 838 838 841 865 870 870 870 907 929 937 937 950 950 963 963 963 1006 1007 1023 
290 290 491 683 
234 234 234 234 288 337 337 337 548 548 548 552 552 631 810 921 
277 459 459 570 570 570 
194 194 194 482 482 855 855 993 
142 142 262 262 262 496 563 563 563 624 624 660 660 660 986 
277 277 415 415 415 415 
515 515 

100 100 115 115 366 366 372 372 453 641 725 824 824 933 954 954 954 
308 551 551 781 781 781 879 879 879 
35 35 35 40 
295 295 429 502 738 821 821 850 850 905 905 905 
473 473 943 943 
574 574 
507 507 656 656 656 656 
719 
25 478 

127 127 127 127 735 860 860 860 
96 714 714 
427 741 741 1012 1012 
980 980 
410 410 
195 195 268 545 566 566 828 922 922 
364 526 526 584 584 
102 102 102 114 114 366 366 366 944 976 976 
45 45 107 149 366 399 399 896 
493 493 616 616 663 663 663 687 880 
569 569 
362 362 362 502 502 502 
115 458 458 458 
105 959 
229 
277 348 348 348 348 381 381 385 419 464 613 753 859 859 859 
156 
39 
82 114 114 114 860 860 
341 341 531 597 
958 
182 
123 123 435 435 

633 
51 132 229 544 
149 149 149 169 169 334 366 399 399 399 688 688 688 688 
228 228 672 1013 1013 1013 
338 795 795 835 835 835 
218 388 388 426 426 568 568 935 1006 1006 
44 44 538 538 
50 50 123 123 123 700 700 700 700 
23 23 35 35 110 110 848 848 879 879 
150 150 487 533 560 604 619 676 676 713 713 713 713 714 714 714 741 741 751 798 798 801 801 801 826 826 935 954 1002 1002 1009 
354 354 415 415 438 438 438 504 504 504 954 
935 935 
138 246 246 819 819 819 1006 
468 479 
229 254 254 809 
271 271 975 975 
229 229 401 401 732 732 949 949 1000 1000 1000 
401 645 645 732 
304 451 451 780 780 
687 697 697 697 697 858 858 858 858 
170 170 170 249 249 262 262 366 366 509 703 799 799 799 847 946 946 946 946 946 
277 277 707 707 
46 46 46 46 791 791 791 933 933 
838 
109 556 
366 
129 736 736 736 767 937 937 954 
