nodes: 1024 edges: 1911
310 310 899 
664 1002 1002 
329 329 
414 414 

61 185 185 185 328 331 341 342 569 686 710 710 767 767 954 

278 278 799 
231 231 300 300 366 366 553 896 

943 
160 748 
240 
212 803 825 
51 51 178 178 178 787 787 
147 147 147 
815 954 
82 82 240 
436 725 804 927 927 
82 
162 229 398 766 
574 922 922 927 
277 
74 110 120 235 308 617 
31 351 351 728 
478 

447 531 

121 853 
884 884 954 
24 351 351 548 782 
405 462 746 822 822 
442 442 442 1016 1016 
176 
879 965 965 965 965 
166 229 
602 628 751 842 842 937 937 954 954 
229 

497 802 954 
77 
98 
497 954 954 
91 538 712 845 1003 
399 399 981 981 
855 855 1019 1019 1019 
189 

903 
277 277 700 700 1004 
14 14 647 647 837 837 837 998 
452 452 530 530 708 
336 336 502 532 721 721 838 838 874 936 936 
279 879 
954 954 
220 275 275 582 582 651 651 651 942 
79 79 79 146 524 524 880 880 
458 985 
159 903 
366 399 399 
5 328 328 686 686 799 799 954 
109 
154 382 382 626 
407 
272 274 449 449 449 
903 

382 810 
472 
325 
448 448 
277 876 
445 445 644 
23 179 179 564 717 839 879 879 879 954 
810 810 810 
194 766 
41 229 

57 57 57 111 229 229 611 781 819 819 866 
954 
472 472 761 761 761 
17 17 19 147 147 197 209 209 267 283 283 283 355 355 366 500 513 513 513 537 643 643 657 699 699 699 728 728 728 787 
741 
277 430 
123 123 462 863 863 
170 661 661 661 661 799 799 799 
674 
658 
422 427 
532 692 
44 241 241 
691 1010 
649 649 736 902 
277 902 902 
798 866 866 
714 974 

42 
760 760 
318 318 436 436 436 963 
488 756 843 843 
362 414 414 414 980 980 980 
410 410 
113 113 358 358 739 739 
673 986 
392 392 
310 310 633 661 661 661 837 837 901 901 954 
366 366 409 409 458 607 607 
62 775 1021 
23 
79 420 420 778 778 
154 
104 104 
366 366 366 399 448 750 980 991 
150 229 632 654 963 963 
238 238 326 326 
138 138 
128 855 
162 227 227 797 797 
23 225 
29 529 529 744 
323 
85 85 168 168 525 525 546 780 780 995 
367 367 
509 923 
640 
595 860 973 
118 954 954 
265 477 477 486 557 688 898 1023 
554 954 
132 132 407 452 
131 131 873 
298 298 
916 916 954 954 
740 
270 270 
284 284 954 954 
117 117 242 1006 1009 

181 181 181 
245 
262 651 959 
857 857 
407 
169 169 505 505 
57 884 884 
15 15 15 82 82 235 257 497 501 699 699 714 737 940 940 954 954 

399 999 
115 700 826 826 1006 
202 285 407 
432 432 756 
357 
63 112 252 360 360 617 617 856 
279 699 
389 589 989 
173 205 632 632 632 857 857 954 
277 375 
59 582 700 954 
11 646 839 
541 541 689 
20 119 204 229 229 277 277 292 321 392 439 490 637 637 647 647 715 739 739 758 758 797 903 903 925 
954 954 
569 673 
569 660 673 
36 256 256 635 
580 
123 123 858 858 
145 145 366 366 592 592 999 999 
86 192 
210 588 954 
718 
157 205 339 
471 
239 507 507 764 769 769 832 969 969 
34 511 660 754 
486 498 861 
14 14 14 
74 74 

140 140 140 266 266 562 562 831 831 911 
229 229 329 387 796 
277 277 858 
333 
5 5 5 
516 799 
488 756 756 756 
773 
47 277 903 

328 328 328 601 
170 239 239 239 354 391 391 
363 939 
76 
223 481 978 
199 229 229 229 571 581 678 678 681 681 694 794 869 954 
82 355 355 
954 
196 203 571 

340 360 
151 407 407 407 715 
199 571 571 571 
162 
157 173 954 954 
315 
596 596 
714 811 811 
82 82 366 905 954 
171 215 215 215 215 723 
241 284 284 689 689 689 
13 825 912 912 912 
929 954 
575 611 
210 210 210 210 
329 
365 425 434 451 451 500 500 515 610 
954 954 1002 
887 
56 437 521 595 651 651 
229 377 478 478 478 
787 
195 816 

120 537 537 879 
388 388 388 709 
119 119 
699 699 1000 
20 36 38 77 79 79 115 162 162 182 182 196 196 196 221 230 241 241 277 320 323 323 345 345 366 368 368 405 407 407 408 427 442 446 464 476 485 485 500 500 534 578 603 614 630 655 655 681 691 706 706 722 722 722 730 775 775 780 780 796 818 829 830 830 863 864 871 871 871 880 885 886 886 891 891 949 949 954 994 998 998 1013 
229 719 
8 8 442 554 
916 
252 632 689 
642 
23 147 

966 
116 116 609 814 922 
175 192 192 192 273 273 366 391 950 950 
12 17 602 
91 91 211 229 229 524 
138 1013 
671 671 
617 642 
141 313 800 
536 1009 

397 397 816 
568 568 568 909 1017 
621 621 

154 233 376 376 
335 366 393 
677 1011 
382 
166 166 
147 545 


607 607 714 

142 363 366 563 624 660 799 959 959 959 1017 
271 384 396 
288 362 362 577 
129 
181 181 277 739 822 
82 783 783 860 860 
978 
954 954 954 954 
136 136 539 
263 407 407 1012 
65 407 407 
239 239 
65 402 779 779 
56 56 
769 
22 50 50 72 84 94 158 162 162 183 183 189 229 266 323 323 323 324 324 339 354 419 439 449 453 459 459 533 533 541 543 558 558 697 707 758 758 837 837 858 858 868 868 876 902 903 903 941 941 954 988 1016 1016 
7 7 
54 155 722 
725 804 804 804 
759 854 
744 744 744 876 884 
82 82 82 
137 137 211 211 619 619 
151 723 723 723 725 
782 782 954 954 

264 553 553 553 921 
355 355 355 546 647 780 780 780 780 
314 314 491 491 955 
366 847 
162 954 

469 

802 
545 620 745 
133 133 

8 8 366 740 
684 



602 602 954 954 
385 385 419 
326 777 
23 

0 0 107 107 317 317 454 456 954 
922 
760 825 
245 502 529 529 
290 290 683 
206 648 648 935 1006 

310 310 724 781 
100 100 416 
831 
229 476 781 785 
162 
395 503 503 938 938 
122 229 229 277 277 277 357 485 744 
277 277 346 346 558 846 903 903 
70 355 762 
116 116 307 660 660 

5 61 61 191 191 191 686 
2 2 182 216 796 
378 879 879 983 
5 486 686 

184 
366 530 530 
253 502 
53 53 
956 
825 919 919 919 924 
173 277 
201 418 684 
5 954 
5 767 767 825 853 

450 611 619 
229 229 
324 324 407 
832 
568 988 988 
823 
428 
24 24 31 31 457 460 469 548 782 
922 
429 
192 277 749 954 1007 
82 82 197 197 289 289 289 325 
780 850 850 
153 323 
104 104 
502 528 528 
154 154 201 684 755 755 
410 410 410 714 714 
102 264 264 502 518 518 788 788 788 984 
193 262 366 366 790 916 
586 
217 391 451 451 
8 8 60 82 108 108 114 114 114 169 169 209 229 239 253 262 291 300 334 363 363 372 407 407 407 450 450 470 470 502 502 523 607 616 668 668 688 700 700 719 719 745 763 777 777 790 847 847 871 871 889 889 922 922 950 963 963 980 981 981 1017 1017 1017 1022 
124 124 
229 229 487 487 487 733 878 878 878 
937 937 
954 
520 
366 523 817 817 963 

954 954 
158 988 
252 252 513 820 
221 442 
330 


419 988 988 
63 63 68 255 810 810 
852 
263 396 684 767 767 
306 306 419 
524 
182 
226 226 226 426 
156 
400 778 805 
192 192 239 365 
106 106 162 406 517 
253 
451 770 770 
322 805 
263 384 767 767 
248 248 
20 
45 45 60 60 114 149 594 594 594 594 981 999 
390 
645 697 757 949 949 1013 1014 1014 
274 736 
954 

32 229 565 565 869 869 
392 527 527 
64 131 144 151 202 202 202 229 229 271 271 272 272 346 366 366 366 422 427 427 427 583 583 
229 
108 108 904 
103 103 361 361 361 526 526 678 919 
492 

586 841 841 946 
3 3 102 102 102 891 950 954 997 997 
960 
318 664 963 
591 591 636 884 
340 
277 306 381 385 988 
111 111 642 

89 407 579 579 


217 
388 653 1002 1002 1002 
89 229 407 407 407 483 583 695 780 780 780 854 1012 
350 486 684 684 684 755 861 861 937 
353 966 
84 
902 902 
152 152 486 486 486 780 780 
954 954 
217 515 640 768 954 
550 786 786 877 
18 100 100 100 922 922 
220 887 887 
913 
162 277 603 603 855 855 
609 

33 33 33 229 231 377 
708 726 747 

73 73 
229 885 885 
27 709 709 
71 71 114 
65 65 65 277 
344 366 366 
217 217 365 365 394 780 780 780 1015 
52 52 131 
277 
310 

310 
351 
58 108 985 
277 277 
351 575 575 782 875 875 
805 949 949 
32 85 546 546 546 
709 
229 779 779 988 
954 
909 
639 888 895 895 954 954 
475 475 502 1010 
294 351 806 810 
366 366 
174 
69 81 81 735 735 761 925 
881 902 967 967 967 

468 468 802 837 914 
229 320 745 781 809 
129 129 486 736 1023 
25 221 221 221 971 971 
518 954 954 1010 

195 712 784 
855 855 855 958 958 
427 

229 229 323 
129 177 331 428 432 432 432 477 
368 368 368 714 714 771 1006 1006 
101 187 
747 747 
162 797 797 
290 290 545 954 955 
411 920 


568 568 
957 959 959 959 
40 43 147 817 940 940 954 
177 861 898 898 
789 
82 217 217 229 229 820 820 
147 
53 313 335 359 362 366 366 468 528 532 532 556 556 607 607 659 720 731 763 763 773 922 922 922 953 
322 322 
1007 1007 1007 
145 145 885 
622 632 756 756 
175 175 969 969 969 

125 946 946 
700 700 
176 878 
789 
82 82 82 376 787 

217 434 820 961 961 
186 954 954 954 
392 537 
362 362 479 577 577 
727 780 780 
371 680 759 
220 
530 530 
366 372 817 
57 57 241 386 736 736 
123 123 
410 410 767 844 954 979 979 
406 406 
359 359 502 836 
121 121 313 313 954 954 
52 52 334 334 522 522 555 954 954 
27 992 
53 90 502 502 796 
277 277 
229 636 
592 
246 571 
82 225 225 517 
44 
270 808 856 856 

161 161 277 
840 926 
277 884 884 884 
998 
257 297 491 562 596 978 
123 289 462 462 462 647 647 780 780 835 
857 
31 351 792 792 810 954 956 
667 714 714 1006 
435 858 
964 

8 288 288 288 
130 231 
530 
502 502 
129 861 861 937 937 947 947 
277 277 324 619 619 619 
712 712 

584 584 584 
181 181 545 922 922 
262 
74 
405 405 
978 
876 876 876 
249 249 249 348 495 495 621 621 1002 1002 
5 164 165 673 673 
957 957 
196 199 203 203 203 536 881 881 


21 684 709 709 937 937 968 968 
214 460 460 653 653 653 
670 670 670 915 
264 518 518 
229 
422 422 851 
167 648 
196 
56 56 159 587 942 950 950 
407 407 427 
561 561 561 979 
702 702 
364 413 946 946 
582 
171 
156 954 
926 
417 417 
169 169 535 746 810 
699 699 
399 399 399 399 
127 220 
207 207 545 805 922 
917 
819 819 
879 
871 871 
191 801 801 878 
37 240 305 305 751 907 954 954 
229 439 439 
683 1006 


108 108 260 260 366 502 502 612 612 790 790 
759 
238 440 
217 820 945 
79 214 344 819 880 
607 607 660 675 675 
988 
229 620 745 745 745 

366 663 687 687 982 982 
23 154 154 244 642 

284 284 344 558 558 558 714 1006 
297 614 
250 250 568 568 887 
506 951 
780 
262 959 

63 734 

37 937 937 
695 
229 634 888 

115 157 157 157 233 506 
107 
630 680 
166 
417 534 
162 162 852 852 852 
831 
467 888 895 895 
126 434 833 
991 
234 244 420 617 
82 82 
73 747 
401 886 1014 
160 717 717 
51 51 162 162 289 546 546 737 737 
315 315 580 935 
93 93 720 736 736 

56 56 56 142 220 220 694 694 791 791 
777 
426 575 575 575 780 780 886 
115 896 
229 229 
969 969 
82 
88 810 810 
502 762 784 
165 176 262 326 326 612 673 673 705 705 705 705 733 733 805 805 878 883 919 919 922 922 954 954 959 959 
86 86 86 86 107 107 107 837 837 

616 
1 416 


549 
366 366 

576 576 576 
243 243 
709 710 1000 1000 
105 164 165 569 569 660 660 791 
87 692 
612 612 793 
1006 
254 
196 196 410 
831 
520 634 
196 196 229 722 722 954 954 
756 954 
314 604 955 
301 340 360 384 428 428 428 574 755 755 929 937 937 954 

5 61 61 328 331 
616 616 
129 366 999 
161 211 211 211 233 946 

92 229 
90 674 

196 651 651 791 791 
427 629 724 812 812 943 

277 401 
756 756 756 
82 82 82 147 147 155 228 228 593 593 745 745 897 
50 50 150 159 366 366 510 510 950 950 1004 
841 841 
585 585 
886 886 
954 954 
660 660 660 660 
229 229 871 871 951 
277 
52 443 726 730 730 730 
226 447 447 463 574 574 672 920 
5 5 672 954 954 954 

44 481 559 559 784 845 922 922 
1006 1006 
96 147 208 260 361 361 487 487 549 549 619 1006 
162 202 797 
1004 1004 
74 646 646 
172 
230 366 366 939 
502 649 836 
53 53 841 841 841 954 954 
229 229 229 279 681 681 
210 285 285 285 
317 695 812 812 
18 280 285 954 
443 708 747 747 
519 902 
24 82 82 82 

229 708 708 708 747 747 
502 738 738 
1013 1014 1014 
368 660 660 954 954 
626 
472 472 
93 402 477 524 524 649 649 954 954 954 1023 1023 
147 647 647 
731 731 966 
104 104 162 162 266 
135 300 780 789 886 
83 826 826 975 975 


121 282 282 282 323 827 
297 366 476 614 614 614 699 699 
32 592 
443 489 489 644 726 726 730 730 
11 
354 841 
114 
37 602 


176 
360 360 428 684 684 758 
101 152 187 187 187 506 506 682 698 698 698 768 
401 
162 162 277 277 755 
281 520 608 
99 99 312 
81 81 81 472 
325 659 
366 502 502 
175 

20 76 
5 5 342 342 384 384 396 396 526 830 830 830 
434 756 
175 175 276 780 
394 394 
487 989 

188 502 
783 
109 229 229 933 933 933 

307 366 366 652 
111 111 390 805 893 
274 274 464 464 
123 123 229 229 289 289 289 289 356 427 427 427 432 432 451 451 451 519 519 546 546 623 653 653 740 769 849 886 943 967 969 969 1015 1015 
79 317 320 476 964 964 
31 286 286 351 460 795 
267 267 774 860 860 
481 659 712 
320 
435 435 890 890 
14 14 82 222 513 
362 362 362 845 
499 512 740 
363 366 607 607 
651 651 673 694 694 1019 
548 548 
675 
196 
782 
182 229 329 532 
119 119 162 490 490 715 
95 1009 
7 61 61 86 86 86 186 262 1017 
245 
601 601 1006 1006 1006 1006 
40 296 475 
13 825 
18 280 280 280 846 
390 395 461 596 660 660 778 893 954 
469 934 934 
832 
539 
476 906 906 1011 1011 
68 75 75 75 382 382 469 548 592 658 658 917 917 956 
208 208 
695 695 724 724 
922 
238 
16 841 
223 248 
372 372 497 523 
229 
79 79 598 598 611 1009 
376 500 500 515 610 916 

32 32 266 
349 

13 212 312 338 342 803 
150 150 741 741 903 
744 
922 978 
229 954 
229 229 767 767 767 844 844 844 844 
181 181 319 638 679 959 959 
175 347 807 
640 

546 1001 1001 
528 720 
51 51 51 107 107 277 277 475 661 661 
53 53 952 954 1020 
74 160 
542 
413 413 701 701 721 721 721 749 815 930 946 946 954 954 
37 37 
101 101 
526 830 830 830 830 
44 712 788 
324 804 
291 366 366 919 

780 
356 356 905 
579 
383 637 637 637 
29 342 
281 427 
46 46 118 439 439 482 482 482 
154 539 539 
143 143 157 157 547 
168 168 183 277 277 550 903 903 1016 
988 988 
127 267 267 783 783 991 
177 428 428 498 557 557 

85 85 229 
229 

79 95 95 
935 
277 277 937 
196 405 405 
954 
229 229 229 366 366 600 600 706 706 

132 
53 900 900 900 
460 460 886 
72 277 282 567 567 567 
435 1023 
368 368 368 511 601 660 945 945 945 
35 54 74 74 74 225 330 330 599 964 964 964 1005 
57 57 229 611 982 996 996 996 
473 571 571 902 
907 907 
660 
30 30 146 146 282 417 543 543 543 
229 446 446 505 
229 229 645 653 703 703 740 780 875 
219 437 437 621 
467 630 639 
366 366 
786 786 
229 229 414 

778 805 

467 467 639 639 
8 654 981 
699 
129 498 498 
0 
874 874 874 
107 107 
93 94 94 277 431 431 473 727 881 
49 59 66 162 162 189 277 277 324 324 826 858 858 972 
409 
209 850 948 
809 809 
602 882 882 954 954 

249 466 

181 
212 212 212 
438 
475 
576 
134 134 232 363 820 
597 810 810 

338 338 338 410 660 660 847 
492 709 
288 956 
21 21 238 311 352 366 366 436 436 502 502 502 562 562 596 660 660 712 712 813 828 978 978 
125 
338 
162 472 
542 590 
18 18 21 
1006 
213 684 954 954 
841 


775 775 775 1019 1019 
806 806 
315 648 867 975 1002 1002 1006 1006 1008 1008 
53 53 
37 37 369 369 428 557 557 574 574 628 628 684 684 868 954 
322 322 
193 719 
147 147 497 497 
277 277 
56 582 
10 695 780 967 967 
980 
610 878 878 878 
413 509 509 586 586 689 841 841 1017 1017 1017 
557 557 
905 
229 229 401 401 461 461 1013 1013 
239 239 366 414 582 582 700 700 954 954 
622 706 
838 
502 
5 16 30 37 37 40 43 43 55 55 61 74 80 107 128 128 130 134 134 137 137 147 147 157 159 163 163 171 196 198 205 205 209 213 218 218 229 269 269 269 269 277 286 286 292 305 305 310 341 354 370 374 374 403 414 433 433 434 465 467 467 479 479 491 497 516 516 516 526 529 529 530 530 548 589 602 602 660 660 681 681 682 684 704 704 710 710 710 721 721 725 733 733 736 736 736 805 829 838 841 841 870 907 907 929 929 937 950 950 1006 1023 1023 
290 491 683 
337 548 810 921 
496 570 570 
482 482 
142 262 262 262 496 496 496 624 660 660 831 831 
415 
515 515 

100 115 115 366 366 372 416 
551 781 781 879 879 879 
35 35 35 35 
237 429 738 
473 473 473 780 943 943 
574 574 
175 175 507 507 507 656 656 780 780 

478 478 
903 
127 
96 
741 741 935 


195 268 545 566 828 922 922 
526 526 584 
102 102 102 114 366 944 
45 45 366 366 399 896 
616 616 880 
330 
362 
58 458 
105 

277 348 348 375 381 381 419 464 613 859 859 
156 771 

114 641 860 
531 

229 
123 
880 880 880 
414 414 
51 229 229 544 
149 169 169 399 688 
228 672 672 
835 835 
1 1 218 426 426 426 568 568 935 935 1006 1006 1006 1008 
44 
50 700 716 716 
879 
138 150 315 487 487 549 604 619 676 713 713 714 801 801 801 801 928 935 935 954 1002 1002 1002 1009 1009 
354 504 504 504 
935 935 1002 
138 246 798 819 1006 1006 
92 468 479 
254 809 809 
271 427 
229 242 401 732 949 949 
401 401 645 732 732 
451 780 780 
33 33 277 277 858 
249 262 366 366 366 799 946 946 946 

46 46 46 791 933 933 
838 
109 
366 
129 477 736 736 877 954 954 
