nodes: 1024 edges: 3165
107 310 899 901 
648 648 648 664 849 1002 1002 
329 329 329 
414 414 414 414 915 

61 61 167 185 185 185 185 185 250 263 263 328 328 328 331 331 331 341 341 342 342 531 569 569 686 710 767 767 954 954 954 992 
759 
278 278 278 799 
229 366 553 553 553 896 896 
648 
943 943 
160 160 160 748 748 
19 82 240 240 285 781 

51 51 178 178 178 787 787 954 954 
147 
815 954 
82 643 643 
21 21 21 436 725 725 804 927 927 927 
12 82 
162 162 229 229 398 766 766 766 766 766 
18 18 18 574 574 574 922 927 968 968 
84 117 117 117 
74 110 110 120 308 879 879 1005 1005 1005 
31 31 351 351 351 728 728 
971 971 
244 244 244 422 422 584 
447 447 447 
463 
121 121 121 853 
146 224 417 954 
24 24 351 351 782 
229 405 405 462 603 603 746 746 746 998 
77 77 442 442 442 1016 1016 
949 949 
647 965 965 965 965 1005 
166 166 229 229 
462 602 602 602 628 628 751 842 842 937 937 954 954 

990 
497 497 802 802 954 954 954 
77 77 77 77 82 82 
98 277 
497 497 954 
91 538 538 712 712 845 1003 1003 
62 62 399 399 981 
176 176 451 451 451 855 855 
324 324 324 
701 720 720 720 
903 
277 555 700 700 700 1004 1004 1004 1004 
14 14 178 647 837 998 
452 530 708 708 708 
336 502 532 721 838 874 874 874 936 936 
279 279 879 
954 954 954 
275 275 275 582 582 582 582 651 651 942 942 942 942 
79 79 146 146 146 146 344 524 524 880 880 880 
458 458 458 985 
159 159 159 903 903 
366 399 
5 5 328 328 686 686 686 799 799 799 954 954 954 
45 45 
154 154 382 382 
229 277 277 407 407 407 407 
272 272 274 274 449 
435 786 786 877 877 903 903 903 
229 229 776 
382 382 810 810 
472 925 
325 325 589 
151 151 448 
277 277 277 282 876 876 
229 445 445 614 614 644 644 644 
23 160 179 179 179 564 717 839 839 879 879 879 879 954 
810 810 
194 766 958 
33 33 41 41 41 41 229 
366 
57 57 111 229 229 241 241 420 420 611 781 866 880 
536 536 954 954 
472 472 472 472 604 606 761 761 761 826 
12 17 19 41 41 147 147 147 197 197 209 209 267 267 283 283 283 283 343 343 353 353 353 355 355 366 500 500 500 513 513 537 537 593 593 643 643 657 657 657 657 657 699 699 728 787 
1006 
22 419 419 430 430 430 
123 123 462 462 780 780 863 863 
170 170 376 376 531 661 661 661 799 799 799 1017 
674 674 
569 658 658 
422 427 427 
532 532 692 692 
44 241 
403 403 403 479 479 479 1010 1010 1010 
649 649 736 736 902 
277 277 277 473 473 902 
667 667 667 798 798 866 866 
714 714 
928 928 
42 739 739 
760 760 760 760 
318 318 436 436 
488 756 756 756 756 843 843 
324 324 324 362 397 397 414 414 480 980 980 980 

113 113 113 358 358 358 739 
660 986 986 986 
392 392 517 517 517 517 517 
0 171 310 310 633 661 837 
366 366 458 458 458 458 607 
229 775 775 1021 
23 23 
79 420 420 778 778 
154 154 154 
104 104 104 
366 448 750 991 
229 229 632 632 654 654 985 985 985 
238 326 326 326 333 
22 22 22 138 1009 
128 128 855 
162 162 227 227 227 739 797 797 797 797 1007 
23 225 
29 29 29 395 529 529 529 569 744 744 744 744 
189 189 
85 85 168 168 435 525 546 550 780 780 863 995 1004 
367 367 
250 509 509 509 923 
640 833 
402 402 736 736 860 860 860 860 973 973 
118 118 954 
265 477 477 477 486 498 498 498 498 557 688 688 688 688 688 898 898 1023 
554 554 554 554 554 932 932 932 
132 132 132 271 271 271 286 
131 131 131 873 873 998 
298 298 298 497 497 
916 916 916 916 954 
571 571 919 
270 270 270 519 
284 684 954 954 954 954 954 
117 242 421 1006 
277 361 541 1018 
153 181 181 181 
245 245 245 660 734 
262 262 262 262 959 
857 857 857 857 
407 407 
169 169 169 169 505 1017 
30 57 57 57 57 884 884 884 884 884 
15 82 82 82 235 235 235 497 497 497 512 536 699 737 939 940 940 940 940 954 
208 
366 399 399 999 999 
700 826 826 1006 1006 
71 71 202 285 407 407 407 
432 432 756 756 756 
140 357 357 
63 63 112 112 112 252 252 252 252 360 617 856 
193 193 193 193 279 279 279 699 
589 640 
173 173 173 205 205 494 494 494 632 632 632 632 857 954 954 
277 277 
59 59 59 582 700 700 700 700 954 
11 11 11 74 646 646 748 748 748 748 
541 541 
20 20 119 119 204 204 204 229 229 277 277 277 303 303 439 439 472 472 472 572 647 647 715 739 739 758 797 903 903 
954 954 954 
569 569 569 569 
569 673 673 
36 36 635 635 
5 580 580 580 
123 123 525 525 858 858 858 858 
145 145 145 145 366 366 366 592 592 592 592 592 
86 86 192 
107 210 215 215 215 215 954 954 
267 576 576 718 718 718 718 718 
157 157 157 205 617 617 
273 471 471 585 585 780 
347 347 507 509 764 769 769 780 780 807 807 832 832 943 943 969 
46 46 511 660 660 754 754 
428 432 486 486 498 498 498 498 696 861 861 861 
14 14 14 51 273 772 954 954 
74 74 74 308 308 
856 
140 140 140 266 266 266 266 562 562 562 831 831 
229 329 796 796 796 994 
277 277 858 858 858 
333 573 
5 5 5 5 5 
516 516 704 799 799 799 799 954 954 
434 962 
502 635 
122 122 277 846 872 903 903 
234 382 382 382 
328 328 328 601 
170 239 239 239 354 354 354 391 
155 155 155 155 363 939 939 939 
76 958 958 958 
223 223 223 481 978 
199 229 571 581 581 678 678 678 681 681 681 694 694 694 694 794 869 869 869 954 954 
82 82 
954 954 954 
196 297 571 
568 
340 340 340 340 360 684 
151 285 407 407 
571 
162 162 162 303 303 
157 157 173 954 954 954 

596 596 596 
148 361 714 811 811 811 811 
82 82 366 367 905 954 954 
171 215 215 
241 241 241 284 284 689 689 689 
470 912 912 
314 314 683 929 954 954 
575 575 575 575 611 611 880 880 
171 171 171 171 210 210 
329 329 
425 434 451 451 500 594 610 
954 954 954 
887 
521 521 521 595 651 
229 229 377 377 478 478 478 
513 
195 195 195 816 816 816 
30 508 
120 465 537 
388 388 634 
119 119 119 632 
699 699 699 1000 1000 
8 20 20 32 36 36 64 67 67 73 77 79 79 109 115 115 162 162 182 196 221 221 230 230 230 241 241 241 277 277 300 320 323 323 368 368 398 398 405 405 407 408 408 424 424 427 427 446 446 464 464 476 485 485 500 500 544 544 578 600 603 603 614 630 630 632 632 632 655 681 691 706 719 719 722 722 722 747 752 752 766 766 775 775 775 776 776 780 780 780 809 818 829 829 830 864 864 869 869 869 871 871 880 880 885 886 886 891 891 906 906 948 954 954 954 987 994 998 998 998 1011 
229 229 229 719 719 880 
554 554 
820 916 916 916 916 
632 689 
190 631 631 642 810 834 891 891 956 956 956 
147 147 147 308 
775 775 775 
966 
116 609 609 609 660 890 922 922 
192 192 192 366 366 366 391 391 391 950 954 954 954 954 
12 12 602 602 602 907 
79 79 91 211 211 211 229 229 229 524 524 765 765 
138 
583 583 583 671 671 
26 26 26 617 642 642 642 
141 141 141 313 313 800 
536 1009 1009 1009 
596 596 596 
816 816 
568 568 568 909 909 962 1017 1017 
5 125 621 954 954 
343 343 
154 154 154 154 856 
335 366 366 366 393 393 
677 677 1011 
382 382 382 382 

545 
791 791 
502 532 850 850 850 850 966 
607 607 607 607 607 
366 366 
142 142 142 142 363 363 366 366 412 440 563 660 660 799 959 959 1017 1017 
5 5 384 384 
362 362 362 518 
129 898 898 898 
181 181 181 181 739 822 822 822 
82 82 172 654 783 860 860 
877 978 978 978 
487 487 954 954 954 
136 136 136 376 376 376 539 539 
131 131 131 407 407 583 583 1012 1012 
65 65 366 407 407 
174 178 542 542 542 926 926 926 
65 65 366 402 407 407 
56 56 56 666 
479 769 769 
42 50 64 64 72 72 72 94 94 94 139 158 158 162 162 162 183 183 189 229 229 298 323 323 324 339 346 354 419 419 423 439 439 453 459 459 473 475 529 529 529 533 533 541 543 558 558 570 666 666 697 707 739 758 758 758 758 802 802 802 837 837 852 852 858 868 868 868 872 872 872 876 876 900 900 902 902 903 903 903 941 941 954 954 954 957 1018 
7 7 7 345 387 387 387 
54 54 155 155 155 722 722 722 
725 725 745 804 804 804 
759 
72 744 744 884 
82 82 82 82 353 429 954 954 
137 211 211 619 619 619 954 
12 151 202 407 723 723 723 725 
131 547 765 782 782 782 782 782 954 954 954 954 
673 673 673 
553 553 921 956 956 
355 355 355 546 546 546 647 780 780 780 
314 314 491 491 491 955 
366 847 847 847 
954 
362 362 362 
469 
966 
802 802 
199 545 545 620 620 745 745 745 
133 133 133 277 
642 642 642 
229 366 510 740 740 740 
684 892 
732 732 732 926 
162 162 204 204 

602 1012 
385 385 419 419 419 901 901 
326 326 777 
23 179 179 235 814 814 814 814 838 

0 107 107 317 454 454 456 456 456 711 711 711 711 954 954 
577 922 
760 760 803 803 
245 245 502 502 502 529 529 
213 213 290 290 491 683 683 683 
648 935 935 
379 
310 724 781 781 781 781 
100 100 416 954 954 963 963 
831 831 831 
229 420 476 476 476 785 

503 503 660 938 938 938 
229 229 277 277 357 357 485 827 864 910 
47 47 47 102 102 102 277 346 346 346 558 558 558 846 903 
70 70 355 355 355 
116 116 116 307 307 660 777 777 777 
727 1006 
5 5 5 61 61 191 191 191 331 331 331 384 531 580 625 686 
2 2 2 182 216 216 796 796 796 
378 879 
5 5 5 328 328 328 509 625 625 625 686 686 
616 616 
116 184 
366 366 530 530 
253 480 502 502 
53 800 800 821 
810 810 956 956 956 
825 825 825 825 919 919 919 919 1001 
277 1020 
201 201 201 201 418 418 684 684 
5 5 597 772 954 954 992 992 
5 5 767 767 767 825 853 853 853 
82 82 251 251 
57 611 611 611 619 773 
278 387 
277 324 324 324 422 616 
175 175 832 832 
568 568 988 988 
399 399 823 
428 758 758 
24 24 24 31 31 457 460 460 460 460 469 469 548 548 592 782 782 810 810 
922 922 
82 82 82 283 429 429 
192 192 192 277 954 954 1007 1007 
82 82 289 289 289 325 325 325 
780 850 850 850 
153 153 323 323 
104 104 104 
502 502 528 528 659 
154 201 684 684 755 755 755 
139 208 410 410 410 714 
102 264 264 264 293 293 293 502 502 518 518 615 615 615 743 743 788 788 788 788 816 816 984 984 
193 262 262 366 366 790 790 790 916 
586 586 946 946 979 
391 451 451 451 
8 60 78 82 108 108 114 149 169 169 169 209 239 239 239 253 253 253 261 261 262 262 272 274 291 300 334 334 363 363 372 393 393 399 399 407 407 407 441 450 450 470 470 476 476 476 502 502 510 523 523 616 657 660 668 668 688 688 700 700 745 763 763 790 847 847 847 847 871 871 871 871 889 922 922 963 963 963 980 980 981 981 981 999 1017 1017 1022 1022 1022 
124 124 209 
229 229 487 487 487 487 487 733 878 878 878 

737 954 
797 797 
366 523 523 523 817 817 963 
605 605 
954 954 
988 988 
86 86 270 270 270 513 526 
221 221 442 442 
330 618 618 879 879 
316 502 

988 988 988 988 988 
63 63 68 68 190 190 190 255 255 255 255 810 810 
852 852 852 
263 263 328 396 684 684 684 767 767 
306 306 419 419 419 988 
524 722 736 787 918 
278 278 278 345 
226 226 426 426 568 924 1002 1002 

778 805 
192 239 239 239 365 950 950 950 950 954 954 
106 106 406 406 406 527 527 527 
253 253 366 366 466 466 466 
451 451 770 770 770 
121 805 805 
384 767 
102 102 
20 229 229 706 706 
45 45 60 149 149 349 349 366 366 594 627 627 650 750 823 944 981 981 999 999 999 

645 645 757 757 949 1013 1013 1014 
127 127 274 736 736 
92 92 92 954 
603 603 
32 32 229 229 565 565 869 
392 392 392 527 
64 64 64 64 144 144 151 151 151 202 202 229 271 271 272 272 274 274 285 366 366 366 422 422 427 584 584 894 894 894 
229 229 
652 652 904 904 904 
361 361 361 526 526 526 526 660 660 660 919 919 919 977 977 977 
492 903 990 
262 
586 586 841 841 841 946 946 946 
3 3 3 3 102 102 891 950 950 954 954 954 954 
960 960 1007 1007 
318 664 
30 591 636 636 636 636 636 884 
340 340 
84 84 277 277 306 306 306 385 385 385 707 988 
79 79 111 111 320 573 642 642 
138 
26 26 89 346 407 407 561 561 584 
277 449 
229 229 579 
217 
388 388 653 653 653 653 1002 1002 
89 89 229 229 407 474 483 483 583 695 780 780 780 826 826 854 975 975 1012 
177 350 431 463 463 463 486 486 486 486 557 684 684 755 755 843 861 861 
283 353 353 
84 84 84 
428 755 
152 152 177 486 486 486 780 

187 217 756 768 768 768 820 954 
66 123 550 550 550 550 786 995 995 
18 100 100 922 
686 887 887 887 887 887 
913 1007 1007 
162 162 277 277 603 603 855 
262 563 609 609 609 660 662 
366 
33 33 33 377 377 
708 708 708 726 747 894 
539 539 539 
73 73 
229 229 885 885 885 885 
27 27 27 709 709 
71 114 
65 423 777 
366 366 
46 46 46 217 217 365 365 365 394 394 770 780 780 1015 1015 
52 530 
277 503 550 963 
310 310 

310 310 310 
351 592 592 592 
58 58 58 108 108 108 108 777 777 985 985 985 
277 277 957 
351 351 351 351 575 575 575 782 875 875 875 
949 949 954 
32 37 85 85 546 
28 428 428 428 623 623 
229 229 779 779 779 779 988 988 988 988 
225 954 
393 393 393 909 909 909 
639 639 815 815 888 888 895 997 
1010 
294 351 351 806 806 806 810 810 
212 366 366 
174 174 
69 81 81 81 81 162 162 162 735 761 761 
94 94 277 881 881 881 902 967 967 
427 929 929 929 929 929 1012 
277 914 914 
229 320 320 320 366 366 366 745 745 
129 129 129 486 1023 
221 221 221 971 
92 92 92 276 491 518 518 518 954 954 954 
102 335 502 
195 750 784 
855 958 958 958 
427 427 780 840 840 840 
889 950 950 
229 229 323 783 
129 177 177 428 428 428 428 432 432 432 477 861 861 
269 269 368 368 368 368 368 540 714 714 771 771 771 862 1006 
101 693 756 
747 747 
797 797 797 797 
290 290 290 314 479 954 954 955 955 
411 920 

157 157 157 
568 
563 563 563 959 
40 40 43 43 133 133 147 147 147 817 817 
129 129 129 129 177 177 177 177 861 861 898 
530 789 789 
82 82 82 217 229 229 820 820 820 
504 
53 188 259 313 313 313 335 335 359 359 362 362 366 366 379 480 607 607 659 674 685 685 685 685 720 763 773 836 836 859 922 922 922 953 966 984 
322 322 453 
501 993 1007 1007 1007 
145 885 885 
573 632 632 756 
175 662 662 969 969 969 
224 662 662 
125 125 125 175 331 946 946 1017 1017 
300 366 700 700 700 
176 
147 719 789 789 789 
82 82 222 376 787 787 
758 758 925 
820 961 961 
186 186 954 
106 106 106 106 106 537 537 537 537 
264 362 362 479 479 479 548 577 954 954 
136 727 727 727 780 
759 759 
220 220 220 595 595 595 595 626 
530 530 530 
366 366 372 372 372 817 
57 57 241 241 386 736 889 
123 168 168 
376 410 410 410 410 767 767 844 954 979 979 979 979 
392 392 392 406 
359 359 
121 121 121 277 277 277 313 313 954 
52 334 334 452 499 522 522 522 555 555 789 954 954 
5 86 328 992 992 992 992 
53 90 90 259 650 692 796 
277 277 739 739 739 739 928 1006 
636 
592 592 592 
80 80 147 246 571 
82 82 225 517 517 517 517 
44 44 1003 1003 
270 270 444 444 444 808 808 856 856 
487 
139 161 161 277 
273 273 273 840 840 
277 884 884 941 
229 229 
257 297 297 562 596 922 922 978 978 
123 289 289 289 462 647 647 647 647 647 780 780 835 835 
286 857 857 857 857 857 
351 351 518 792 792 792 810 835 835 954 956 956 
667 667 667 667 667 714 714 714 1006 1006 1006 
123 435 435 435 435 453 858 858 858 
879 879 964 964 
601 810 810 956 956 956 
8 8 8 288 288 
130 130 130 130 130 231 231 
50 530 530 698 
731 
129 428 861 861 861 877 877 877 937 947 947 947 947 
277 277 324 324 324 619 619 619 619 
712 712 712 784 784 
1006 
422 422 584 584 584 
181 181 181 545 729 
262 440 496 496 496 
74 
405 405 
978 978 978 
876 876 
200 249 249 249 348 348 388 495 621 1002 
5 5 88 121 164 164 164 164 165 673 673 767 767 931 
277 957 
135 135 196 199 203 536 881 881 
162 
184 420 506 
21 21 21 684 709 709 709 937 968 968 968 
214 214 214 214 460 460 460 653 653 653 653 886 
172 172 670 670 915 915 
311 518 
229 
424 851 851 851 
167 167 167 328 648 
196 196 
56 56 56 56 159 880 950 950 954 954 
243 243 243 271 271 427 
26 407 407 422 561 561 561 979 
174 174 702 
364 364 413 413 689 884 946 946 
681 681 681 

70 156 954 
926 926 926 
417 
169 169 169 169 169 351 457 457 457 535 535 535 746 746 746 746 746 810 
82 82 699 699 
217 399 627 640 855 
220 521 521 521 521 
207 207 207 247 247 247 545 
341 917 917 992 992 
819 819 819 
879 879 
229 871 871 
191 552 801 805 954 954 954 
37 37 37 240 240 240 305 751 907 954 
32 32 229 229 404 404 439 439 
81 1006 1006 1006 
373 373 706 
81 
108 260 260 260 260 260 502 502 612 612 675 790 790 790 790 
759 759 
238 238 238 440 440 440 678 754 
217 820 820 
79 214 214 344 344 344 819 819 819 880 880 
607 607 660 660 675 675 
753 988 988 
73 73 229 620 620 620 745 830 
362 362 362 
332 332 346 366 982 982 982 982 
154 173 173 244 
378 378 
284 284 284 344 558 558 558 558 714 714 714 1006 
297 297 614 614 614 745 
250 568 887 
632 632 951 951 
463 463 780 

328 331 331 331 
521 734 
399 399 594 
37 37 937 937 
908 908 908 
229 229 888 888 888 
234 234 
115 115 157 157 157 157 227 229 229 229 233 506 506 622 622 951 951 951 
107 823 
226 680 
166 166 188 857 857 
417 417 417 417 417 534 
705 705 852 852 
679 679 831 831 
467 467 888 888 895 
126 156 594 954 
991 
234 244 244 244 299 299 299 420 420 
17 17 82 82 
73 73 73 
401 401 1014 1014 
160 160 
35 51 162 162 289 546 546 546 546 546 
1 1 1 9 315 580 935 935 
93 93 720 736 736 736 
399 532 
56 56 220 694 791 791 
409 409 777 
426 426 426 426 575 575 575 575 780 780 886 886 
115 115 267 896 896 896 896 
229 864 864 
969 969 969 
82 82 82 82 82 366 
88 88 810 810 810 
359 502 762 762 763 763 763 
105 141 176 176 238 262 262 322 326 366 410 410 410 440 612 612 673 678 705 705 705 705 734 734 805 805 878 878 878 878 883 919 919 919 922 954 959 959 
86 86 86 107 837 
440 507 507 508 508 
982 982 
1 416 
989 989 989 
275 277 277 852 852 852 852 
95 95 95 549 549 549 549 549 676 676 
366 366 
864 
576 576 
243 243 697 
709 710 1000 1000 
165 165 287 287 287 569 569 660 791 
87 87 502 692 692 692 692 
607 612 612 793 
667 667 
254 254 
196 196 196 609 660 
638 638 831 831 
634 
196 196 196 229 587 587 587 722 722 722 954 954 954 
756 756 756 954 954 
213 314 314 314 865 955 
137 201 301 340 340 360 360 384 384 384 428 428 574 755 929 937 954 
502 502 502 502 
5 61 61 61 328 331 331 437 

129 129 129 129 129 366 366 999 
211 211 211 233 586 946 946 946 

229 
90 90 532 674 674 674 674 
488 
196 196 196 196 651 791 791 791 874 
427 724 724 812 812 
177 
277 671 952 1016 1016 1016 
555 756 756 
82 82 147 155 228 228 228 593 593 745 745 897 897 897 897 939 
50 50 50 150 159 159 159 159 366 366 510 510 510 772 950 1004 1004 1004 1004 
48 841 
585 
886 886 1017 
186 954 954 
637 637 660 660 660 660 
229 398 398 605 871 871 
277 419 949 1018 
52 52 52 443 443 443 
447 447 574 574 574 672 920 
5 672 954 954 
310 310 310 310 
44 44 559 559 559 784 784 784 845 845 
1006 1006 1006 1006 
96 96 208 361 487 487 549 549 549 619 619 619 790 790 790 974 974 974 1006 1006 
162 797 797 
1004 
74 839 839 
172 172 172 172 172 
229 229 230 230 512 970 
48 48 48 502 649 773 773 836 836 
53 954 
229 229 229 279 279 279 386 681 681 681 
285 285 285 803 803 803 803 803 954 
317 695 695 812 
18 18 280 280 285 963 
443 747 894 894 894 894 
327 519 519 519 902 
24 24 82 
562 
747 747 747 747 747 
556 738 738 
302 302 302 1013 1014 
368 787 954 954 954 
141 626 660 660 
472 973 
93 93 127 127 386 402 402 524 649 649 649 954 954 1023 
147 370 
731 731 966 
98 98 104 119 162 162 266 277 533 533 533 533 
300 300 300 780 789 886 
826 826 826 975 1006 

362 362 
121 121 121 121 282 282 
280 297 297 297 366 476 476 614 620 699 699 
32 32 32 592 592 592 592 592 
229 443 489 489 726 730 730 730 730 730 
11 11 160 160 160 160 

114 399 481 961 
37 602 1006 
229 229 
613 988 988 
176 176 609 
360 360 360 428 428 431 684 771 771 843 
101 101 101 101 152 152 152 434 488 506 682 682 682 698 698 768 954 
401 401 949 949 
162 277 277 277 277 350 350 514 514 
6 281 520 520 608 608 987 
99 99 99 99 312 312 
81 81 81 472 472 
659 659 763 
366 366 502 659 659 659 762 
175 
241 241 286 965 
20 20 20 20 20 76 229 229 
5 5 342 342 342 384 384 396 526 526 569 569 830 830 830 853 853 954 1023 
434 434 434 756 
175 175 276 276 780 780 780 
394 394 394 451 780 
487 487 487 755 755 989 
178 341 700 954 
344 502 720 720 
928 
109 109 229 229 229 236 236 236 933 933 933 
67 229 229 
307 326 326 326 449 458 458 652 
111 111 390 893 893 
464 464 464 464 
85 85 123 123 174 175 175 229 229 229 289 289 289 356 427 427 427 432 451 451 483 519 546 546 623 653 653 740 769 769 769 770 840 840 849 854 854 854 875 886 886 943 943 
12 79 317 317 317 317 964 964 964 
31 286 286 286 286 286 351 351 460 795 
267 485 860 860 860 860 
481 559 559 712 712 712 
320 956 
66 66 435 890 
14 14 82 386 513 513 733 
362 362 362 362 845 845 
499 499 512 512 512 530 740 
363 363 363 366 607 607 607 607 714 714 714 
258 258 651 651 673 694 694 694 1019 
548 548 548 
675 
196 
782 835 835 1001 
182 182 182 329 329 329 532 
119 119 119 119 162 371 371 490 490 490 490 715 715 
95 95 1006 1006 1009 
7 61 61 61 86 86 86 186 186 186 186 262 1017 1017 
245 336 336 
601 954 1006 1006 1006 
40 40 277 277 277 296 296 816 816 816 
312 312 723 723 723 723 723 825 825 
18 280 280 280 846 846 846 846 
390 395 395 601 660 660 954 954 
469 469 469 810 810 934 934 
175 175 832 
539 539 
229 906 906 906 906 
68 68 75 75 234 337 337 351 351 382 382 469 469 548 552 552 592 658 658 658 806 806 917 917 917 917 956 
208 208 208 208 
695 695 724 1019 1019 1019 
922 
308 308 308 308 
16 467 467 888 888 
223 223 223 248 248 362 362 802 802 802 
372 372 497 497 523 
229 
598 598 598 611 611 611 1009 1009 1009 1009 
232 434 500 500 500 515 610 610 916 916 
336 966 966 
266 266 266 
349 399 633 
963 
338 338 338 338 342 803 803 1001 
81 150 150 427 427 741 741 741 903 
323 
922 978 978 978 
229 229 954 954 
229 614 767 767 767 844 844 864 
181 181 319 319 319 638 638 679 679 911 911 
175 175 347 347 807 
126 
234 
546 546 548 548 795 795 1001 1001 1001 1001 
502 502 720 720 
51 107 277 277 661 
53 308 952 954 954 1020 
74 74 717 717 
483 483 483 542 542 780 780 
413 413 413 701 930 946 946 954 
37 37 
101 101 428 755 
526 830 830 
44 712 712 788 788 
189 324 804 804 804 804 
291 291 291 366 366 366 366 1017 
1005 
1 780 
259 259 259 259 356 356 356 966 966 
579 579 579 
277 277 383 383 383 637 637 666 666 666 666 
29 342 342 342 767 767 
427 780 780 780 
46 46 118 439 482 594 
154 180 252 539 539 
143 143 143 143 157 547 547 547 547 547 635 635 
168 168 168 168 183 183 183 277 550 550 550 903 903 1016 1016 1016 1016 
502 988 988 
127 127 127 127 267 267 783 783 783 783 991 991 
177 177 177 428 428 486 486 498 498 557 557 557 
487 
85 85 123 
229 229 323 655 655 669 830 
683 
79 95 95 
935 935 
277 277 277 
196 196 196 229 229 229 405 
937 954 954 954 954 
229 229 366 366 366 366 600 600 706 706 
189 277 277 277 
132 132 
53 53 53 694 900 900 
460 460 460 780 886 886 886 
72 72 277 277 567 567 
66 66 268 557 557 557 
368 368 368 660 660 660 660 945 945 945 
23 23 54 74 74 74 74 330 378 378 551 551 599 599 964 964 964 
57 57 57 79 214 214 229 229 230 582 611 611 982 996 996 
473 473 473 571 571 902 
907 
660 
146 146 146 146 146 282 417 543 543 586 
229 446 446 446 446 505 505 
229 229 575 653 653 703 703 740 780 780 875 875 875 
219 437 437 437 437 437 621 
467 467 630 630 630 639 639 815 815 
366 484 524 950 950 950 976 
238 786 
229 229 234 234 414 
301 
778 778 
407 407 407 443 726 726 726 726 
467 639 
8 8 654 654 654 654 
699 699 699 699 
129 129 265 265 265 498 
0 
277 277 874 874 
0 306 306 
93 94 277 277 473 727 881 908 908 
49 59 59 66 66 66 162 162 189 189 277 277 277 324 411 826 858 858 972 972 
409 409 409 
209 948 
229 229 809 809 809 809 
240 602 882 
629 629 629 902 902 
249 249 466 466 466 
323 
831 831 
212 212 
438 
475 475 
3 576 576 
134 134 134 134 232 232 232 232 363 820 820 
597 597 810 810 810 810 
386 
135 338 338 338 338 410 410 410 660 660 660 938 938 
492 709 
288 956 
21 238 238 311 352 352 366 366 436 502 502 502 545 545 660 813 828 968 968 978 
125 
388 1002 1002 1002 
69 514 
273 273 273 302 590 590 590 
18 18 18 21 
97 97 533 774 935 
213 474 474 474 474 474 684 954 954 
841 
569 
130 130 130 
775 775 775 963 963 1019 1019 
806 806 
315 315 648 648 867 867 928 1008 1008 
53 53 
37 37 557 574 628 628 684 870 954 954 1023 1023 
322 322 322 919 919 
147 193 193 193 699 
147 147 147 147 
277 277 543 
56 56 56 56 
10 10 175 175 780 780 967 967 
399 980 
878 878 878 
364 364 413 413 413 509 509 586 586 689 689 689 841 841 1017 1017 1017 
557 557 557 557 
229 905 
34 34 401 461 461 707 757 757 1013 
239 391 391 391 391 414 414 484 484 582 582 700 889 889 889 954 954 
622 622 632 632 632 
697 838 954 
502 
5 5 5 14 14 16 30 37 37 40 40 40 43 55 55 55 61 61 61 74 80 80 128 134 137 137 137 137 137 147 157 157 159 163 163 163 171 171 178 178 186 186 196 196 198 198 198 205 205 205 209 209 213 213 218 218 218 229 229 229 239 239 239 239 250 250 269 269 269 277 277 277 283 283 284 286 286 286 286 292 310 310 318 318 341 341 354 354 370 374 374 391 391 403 414 414 414 414 434 461 465 479 479 479 491 491 516 518 518 526 529 530 530 548 582 582 589 601 601 601 602 640 660 681 681 681 682 682 684 704 704 710 710 721 723 733 733 733 736 736 756 767 772 801 805 805 829 829 838 838 841 870 870 870 870 929 929 937 937 950 950 952 963 963 1006 1006 1023 1023 1023 
290 491 491 683 
234 234 234 288 288 337 337 337 548 548 552 552 552 785 810 921 
277 459 570 
76 194 194 194 482 482 482 
142 262 262 496 660 660 
415 415 
515 515 750 
187 249 
318 318 366 366 366 372 453 725 824 933 933 954 954 
551 551 781 781 781 879 879 879 
35 35 35 35 765 
237 259 295 502 738 821 821 850 850 
473 473 943 943 
21 21 574 574 574 922 922 993 
175 507 507 507 656 656 656 
719 
25 25 478 
903 903 
127 127 735 
714 714 714 
427 427 741 1012 
889 980 980 
410 410 410 
195 268 268 268 545 545 566 566 566 828 828 828 922 
364 526 526 526 526 584 
102 102 102 366 366 944 976 976 
45 366 366 366 399 399 
616 616 616 616 663 663 880 

362 362 502 
58 115 115 115 458 458 458 
105 105 105 
229 759 
348 348 375 375 381 381 381 381 381 385 419 464 464 464 464 613 613 753 753 859 859 
665 665 665 771 
39 411 
114 641 860 860 
5 341 341 531 531 531 531 597 597 
504 968 
182 229 
123 435 435 
880 880 
467 
32 51 132 229 229 229 
149 149 366 399 399 399 688 
228 228 672 672 
338 795 825 835 835 835 835 
1 1 388 388 426 426 568 924 924 924 1006 1008 
44 44 538 538 
50 50 50 50 123 700 700 700 700 716 
23 23 23 35 848 
83 138 150 150 327 487 533 549 549 549 560 604 604 604 619 713 713 713 713 714 714 741 751 798 798 801 801 801 954 954 1002 1009 1009 
119 354 354 415 415 438 438 504 504 504 
935 935 1002 
117 246 246 246 798 819 819 819 819 1006 1006 
92 92 92 468 
229 254 
271 271 305 427 474 975 
401 401 732 949 
401 645 645 732 
451 451 
33 33 697 697 697 858 858 858 858 
86 145 249 249 262 262 366 366 509 509 703 799 799 847 946 946 946 
139 277 707 
791 812 812 812 933 933 
339 838 
109 
366 366 366 
129 477 736 767 937 937 954 954 954 
