nodes: 1024 edges: 3148
107 107 258 258 310 310 899 
9 9 648 648 1002 1002 
329 
414 414 414 414 452 452 915 
212 212 212 
61 61 61 167 167 185 185 250 250 250 263 328 328 341 341 341 342 531 531 569 678 686 710 710 710 767 767 767 954 954 992 

278 
229 229 231 300 366 896 896 
1 1 648 648 648 
347 943 943 
160 160 160 748 748 
82 240 240 781 
212 212 803 803 825 
51 51 51 178 178 954 954 
147 147 
107 815 954 954 954 
240 643 
21 21 21 21 436 804 927 927 927 
82 
162 229 398 766 766 766 766 
18 18 18 18 574 574 574 574 922 922 927 968 
117 117 117 
617 879 1005 
351 351 351 351 351 728 728 728 728 
478 780 971 971 
244 244 422 453 876 
447 447 531 886 886 

121 853 853 
146 146 224 417 884 954 
351 351 548 548 
229 229 405 405 405 462 603 746 746 746 822 998 
77 77 442 1016 1016 

879 965 965 965 965 965 
166 229 
462 462 462 602 602 628 628 628 628 751 842 842 954 954 954 
229 229 
990 
497 497 802 802 802 954 954 
77 77 77 82 
98 
497 497 954 
538 538 538 559 559 712 712 845 845 1003 1003 
62 62 981 
176 176 451 451 855 855 1019 1019 

701 720 
161 903 
277 277 277 555 700 700 700 1004 1004 1004 
14 14 14 837 837 837 837 837 998 998 998 
452 452 452 708 708 708 708 
502 502 502 721 721 721 838 838 838 874 874 874 936 
279 
954 954 
220 275 275 275 582 582 582 582 651 651 942 942 
79 79 146 146 146 146 344 344 524 524 524 524 880 880 880 
458 458 458 610 985 
159 159 159 159 903 903 
366 366 399 399 399 
5 5 5 328 328 686 686 799 799 954 954 954 
45 45 109 109 109 
154 154 382 382 382 382 626 
229 229 229 277 277 407 407 407 
272 274 274 449 449 
786 786 786 877 877 903 903 903 
229 229 
382 382 810 810 
472 755 925 925 
325 325 325 
448 
277 282 876 876 
229 229 229 445 614 614 644 
179 179 179 179 564 717 717 717 839 954 
810 810 810 
194 958 958 
33 33 41 41 41 229 229 
366 
57 57 99 99 111 229 241 241 420 781 819 866 880 880 
536 
472 472 472 604 604 606 761 761 826 
12 19 41 147 147 197 197 197 197 209 267 267 283 283 343 353 353 355 355 500 513 513 537 593 593 643 643 657 657 657 657 699 728 787 991 
741 741 1006 1006 
277 277 419 419 430 
123 123 462 462 462 502 780 780 863 863 
170 170 170 376 376 376 531 799 799 799 1017 1017 

658 658 
422 427 427 427 
692 692 692 692 
241 241 241 
403 479 691 691 1010 
649 649 649 736 902 
902 902 902 
667 667 667 798 798 798 798 866 866 
714 974 

42 739 739 
79 79 804 
318 318 436 436 
756 756 843 843 
324 397 397 397 414 414 480 558 980 980 
410 410 
113 113 318 358 358 358 358 739 
660 660 660 673 986 
392 517 517 517 517 
0 0 16 171 310 661 661 837 837 901 901 954 954 981 
409 409 409 607 607 
62 62 62 229 775 1021 

79 420 420 420 778 778 778 
154 154 
104 104 162 
366 366 366 399 750 750 980 980 991 991 
150 229 233 632 632 654 718 963 963 963 963 985 985 985 
238 326 326 
22 22 22 138 1009 
128 128 128 855 
227 227 739 739 739 797 941 1007 
225 
29 529 529 529 569 569 
189 189 323 323 323 
85 85 168 435 525 525 780 863 863 1004 1004 
367 367 
250 250 250 509 509 509 
833 
402 736 736 860 860 860 860 973 973 
118 118 118 954 954 954 
265 265 486 498 498 498 498 557 557 688 688 898 898 
554 932 932 954 954 954 
132 407 
131 873 873 998 998 
298 298 298 497 
916 916 916 954 954 954 
199 571 571 571 740 919 
252 270 270 270 270 
284 284 684 684 954 954 954 
117 242 1006 1006 1009 1009 
541 541 
181 181 181 181 
245 660 734 734 
262 262 624 959 959 959 
857 
407 407 
169 169 505 1017 1017 
30 30 57 57 57 57 417 884 884 
15 15 82 82 235 235 501 501 512 536 699 737 737 939 940 940 954 954 

399 399 399 999 999 
115 700 826 1006 1006 1006 
202 202 285 309 407 407 407 
432 432 432 756 756 
323 357 357 522 603 
63 63 112 112 252 252 252 360 617 856 
193 193 629 699 
389 589 589 589 589 640 
173 173 173 205 205 494 632 632 632 857 857 954 954 954 
277 277 375 375 
59 59 59 59 700 700 942 954 954 
11 11 11 748 748 748 
49 541 689 
20 113 229 229 229 277 277 303 303 439 439 472 472 472 637 647 647 715 715 715 739 739 739 758 797 797 903 903 903 925 
954 954 954 954 
569 569 569 569 673 673 
569 
36 256 635 
5 5 580 580 580 
123 435 525 525 525 858 
145 145 366 366 366 592 592 592 592 592 999 999 
86 86 86 192 287 1017 1017 
107 210 215 215 588 954 954 954 
576 576 718 718 718 718 
157 157 157 205 205 205 205 339 617 617 617 
471 585 585 702 702 780 780 780 
347 507 769 780 780 807 832 832 943 943 969 
46 46 660 660 660 754 754 
428 428 432 486 486 696 861 861 
14 14 954 
74 74 74 74 308 
856 
140 140 140 140 266 266 266 562 562 831 831 911 
229 229 229 329 329 387 387 796 994 
858 

5 5 
516 516 704 799 799 799 799 954 954 
434 434 488 756 
502 773 773 
122 122 277 277 846 846 872 903 903 
382 382 382 956 
601 601 
170 239 239 239 354 354 354 354 391 
155 155 699 699 939 939 939 
76 919 958 958 958 
223 223 481 481 481 978 
199 199 218 218 229 229 229 571 571 581 581 678 678 678 681 681 681 681 694 694 694 869 869 954 
82 82 82 82 355 
954 954 954 
135 196 196 203 203 297 571 571 794 

340 684 
151 151 274 285 407 407 407 
199 199 571 571 
303 303 
157 157 173 173 173 173 954 954 
277 277 478 
247 247 
361 714 714 811 811 811 
82 366 905 905 954 
171 723 723 
241 241 241 241 284 689 689 689 689 772 
4 4 4 13 13 470 470 470 825 825 884 912 912 
314 
575 575 575 611 611 880 880 
171 171 
329 
365 365 425 425 425 425 434 434 451 451 500 500 500 500 594 594 594 594 594 610 610 
196 196 954 954 1002 
887 887 887 
56 595 
229 229 478 
787 
195 195 816 816 816 816 
30 508 
120 465 537 537 795 879 
388 634 709 
119 119 
699 741 1000 1000 
8 8 20 32 32 36 38 38 64 64 64 67 67 73 73 73 77 77 79 109 115 162 162 162 182 182 182 196 196 196 221 221 230 241 241 277 277 277 320 320 320 323 345 345 345 358 358 358 366 368 368 398 398 405 407 408 408 427 427 430 442 446 464 464 464 476 485 500 500 500 534 534 544 578 603 603 614 630 630 655 655 681 691 706 706 719 719 722 722 722 726 730 747 747 752 766 766 775 775 780 780 796 796 809 818 829 829 829 830 830 863 864 864 871 885 886 886 891 906 949 949 954 954 987 987 994 998 998 998 1011 
229 719 880 
8 554 554 
916 916 916 
115 
631 642 642 642 642 810 810 810 834 834 891 891 891 956 956 956 
147 147 
775 775 775 
966 966 
116 309 609 609 609 609 609 660 922 922 
192 192 192 366 366 366 366 391 391 391 950 954 954 954 
12 12 17 602 602 602 907 907 
79 79 91 91 91 211 211 211 211 229 229 524 524 524 524 765 
138 1013 
583 583 671 671 
26 26 617 642 
141 313 313 313 800 800 
1009 
207 207 
362 816 
568 568 568 1017 1017 
5 5 5 125 125 125 621 621 621 954 954 954 
343 343 
136 154 154 154 376 376 856 856 
335 335 335 366 393 393 
677 677 
382 382 
166 
545 
0 0 791 
295 502 850 850 850 966 
607 607 607 714 
366 366 
142 142 363 363 366 366 440 563 563 624 799 959 1017 
5 384 384 
288 362 362 362 362 362 518 577 577 
129 129 898 898 
181 181 181 739 739 
82 82 654 783 860 860 991 991 

487 487 487 487 954 954 954 989 
136 136 136 136 376 376 539 
407 583 583 583 1012 1012 1012 
65 366 407 407 
302 302 542 542 
65 65 202 366 366 407 407 627 
56 56 56 666 
479 479 769 769 769 
50 50 50 64 64 72 84 84 158 158 162 162 189 189 206 206 229 229 229 323 323 323 324 346 383 383 419 439 439 449 453 453 459 459 475 475 529 533 541 570 570 666 666 697 697 707 707 707 739 739 739 758 802 837 837 837 837 837 852 852 852 852 852 858 858 868 868 872 874 876 876 900 902 903 941 941 954 957 957 960 988 1016 
7 345 345 
54 722 722 
725 725 745 745 745 804 
759 759 
72 744 744 744 876 
82 82 353 429 429 954 954 
137 137 211 619 619 954 954 
151 202 407 407 407 723 723 725 
547 765 782 782 782 954 954 
170 673 673 673 
264 553 553 921 921 
355 355 355 546 546 546 647 647 647 780 780 780 780 780 
314 955 955 
366 847 847 
954 954 
362 362 
469 469 469 
259 966 
802 802 802 
199 545 620 620 620 745 745 745 745 
133 133 133 
642 642 642 
8 366 366 740 740 740 740 
684 684 892 892 
273 273 732 732 926 
162 162 204 204 
1015 
602 602 602 954 954 1012 
385 419 419 901 901 901 901 
326 777 
179 814 814 814 838 964 964 964 
151 238 
0 0 107 317 317 454 454 456 711 711 954 954 
922 922 
760 760 760 803 803 825 825 825 
245 245 245 529 529 
213 290 683 
411 648 648 648 935 935 1006 
379 
310 310 781 781 
100 100 104 416 954 954 954 963 
831 831 
229 229 229 420 781 785 

503 660 878 938 
122 122 122 153 229 277 277 277 357 357 485 706 706 744 744 827 827 827 864 864 
102 277 346 903 903 903 
70 70 70 355 
116 116 307 660 
727 
5 5 61 61 331 384 531 531 580 580 
2 182 182 216 
879 879 983 
328 388 486 509 625 686 686 686 686 
616 616 

366 366 530 530 999 
253 253 253 480 502 873 
800 800 821 
810 810 921 956 956 956 
825 825 825 825 825 919 919 924 
173 
201 418 418 
5 5 5 597 772 954 954 992 992 992 
5 767 767 825 853 853 
82 251 251 
57 57 611 611 611 773 
229 229 229 278 278 
277 324 422 
10 175 
568 568 568 988 
399 823 823 
758 758 758 758 
24 24 24 24 24 31 31 457 457 457 460 460 460 469 469 469 548 548 548 592 592 782 782 810 
922 922 922 
82 82 283 429 429 
192 192 192 192 749 954 954 1007 
82 82 197 289 289 289 325 
780 850 850 
153 153 323 323 
104 104 104 104 229 229 229 
502 502 528 528 659 
154 684 684 755 
208 410 410 410 714 714 
248 264 264 264 264 264 293 293 502 502 502 518 518 518 615 615 743 743 788 788 788 788 788 816 816 984 
262 262 790 944 
586 946 
217 217 391 451 451 451 920 
8 60 60 78 114 114 114 169 169 169 209 229 239 239 239 239 253 261 261 262 262 272 274 274 291 300 300 334 334 372 372 372 393 399 399 399 407 407 409 409 441 450 450 450 470 470 476 476 476 502 502 510 523 523 523 607 616 657 660 660 668 688 688 688 700 700 719 719 745 745 763 763 777 777 790 790 847 871 871 889 889 980 980 981 999 1017 1017 1017 1017 1022 
124 124 
229 229 487 487 487 733 733 733 878 878 878 878 
937 
737 954 954 
680 680 797 
366 366 366 523 523 523 817 963 
605 605 605 605 
954 954 954 
158 158 
86 86 86 252 252 270 270 513 513 526 820 
442 442 

316 713 

988 
63 63 63 63 68 68 190 190 190 255 255 810 810 956 
277 277 852 852 
263 263 328 684 767 767 
306 988 
722 918 
182 182 
226 331 426 426 426 568 924 924 1002 1002 
156 954 
400 778 778 
192 239 239 239 365 950 950 954 954 
106 406 517 517 
253 253 366 
451 770 770 770 770 
530 805 805 805 
767 
102 102 102 802 816 816 816 
20 229 229 706 
60 60 60 114 149 149 149 349 366 366 366 594 627 627 650 650 816 823 944 981 981 999 
390 
645 645 732 732 757 949 1013 1013 
127 477 736 736 736 
92 954 954 
603 
32 32 32 229 565 565 
392 527 
64 64 64 131 144 144 151 151 151 202 202 202 229 271 272 272 274 274 285 285 285 366 366 422 422 422 427 427 583 583 584 584 584 584 894 894 
229 229 
108 108 108 366 366 904 904 904 
103 103 361 361 361 526 526 526 660 660 678 919 977 
315 492 492 903 

586 586 841 841 946 
3 3 3 3 102 102 891 950 950 954 954 
960 960 960 1007 
318 664 
30 146 636 636 
340 340 
84 84 277 306 306 707 988 
79 111 111 111 320 642 642 642 

26 89 346 407 407 407 561 561 561 584 584 

579 
217 217 217 217 
388 388 388 653 653 1002 1002 1002 
89 89 89 229 229 407 407 474 483 583 604 695 695 695 780 780 780 826 826 854 975 
177 177 431 463 486 486 486 498 498 557 628 684 684 755 755 861 934 937 
283 283 353 353 
84 229 
428 902 902 902 902 
152 152 152 177 486 486 780 780 

187 187 217 217 515 640 640 756 756 768 820 820 954 954 
123 168 550 550 550 550 786 877 995 995 
18 100 100 
887 887 887 887 
733 733 913 913 1007 1007 1007 
162 162 277 277 603 603 603 855 
262 609 609 660 
366 
33 229 377 377 
708 708 708 726 894 
539 539 
73 
229 885 
27 27 709 709 
71 
65 65 277 
366 366 366 
46 46 217 217 365 365 365 394 1015 
3 3 52 52 52 530 530 530 
26 277 277 503 550 550 903 903 
310 310 661 899 899 

310 
351 351 351 592 592 592 
58 58 58 985 985 
277 277 
351 351 351 575 575 575 575 575 875 875 
805 949 949 949 954 
32 37 37 37 85 85 85 546 546 
428 623 623 709 709 
229 229 229 779 988 988 
225 954 954 
909 909 
639 639 815 815 888 954 997 
475 475 502 
294 294 294 351 351 351 806 810 
212 212 212 366 366 
174 780 
69 81 81 81 162 162 162 735 735 761 925 925 
881 881 967 967 
427 929 929 929 
277 277 468 468 802 802 914 
229 366 366 366 745 781 
402 486 736 1023 
25 206 221 971 971 
92 276 276 491 518 518 954 954 1010 1010 
102 335 502 
195 195 195 712 712 712 750 
855 855 958 958 
427 840 840 840 
889 889 
229 323 783 
129 177 177 331 428 428 428 432 432 477 696 861 861 861 
269 269 269 269 368 368 368 540 714 714 771 862 1006 1006 
187 693 693 756 

797 
479 545 954 954 955 955 955 
411 411 920 
982 
157 
568 568 
521 563 563 563 706 
40 40 43 43 133 817 940 940 954 954 
129 129 129 129 428 428 861 861 898 898 898 
530 789 789 789 
82 217 217 217 217 229 229 229 820 820 820 820 
147 147 504 
53 53 53 85 188 259 335 359 359 362 362 362 366 366 468 480 532 532 556 607 607 659 659 674 685 685 685 685 720 763 773 836 859 859 922 922 922 953 984 984 
322 453 
501 1007 1007 1007 1007 1007 
145 885 885 885 
622 622 622 632 632 756 756 810 
175 969 969 
224 
125 125 125 331 946 946 1017 1017 1017 
366 700 
878 
147 789 789 789 
82 82 376 376 787 787 787 
925 
434 820 820 961 961 
186 186 954 954 
106 106 106 106 392 392 527 527 537 537 
264 362 362 362 479 479 577 954 
727 727 727 780 780 780 
680 680 680 680 759 
496 595 595 626 
153 530 530 530 
366 366 366 372 372 372 817 
57 57 57 57 241 241 241 241 736 736 
123 123 168 168 168 
376 410 410 410 767 767 767 844 954 954 979 979 
406 517 517 
359 359 
121 121 121 277 313 313 954 954 
334 334 395 452 452 452 499 522 522 522 555 555 555 789 789 954 954 954 
5 5 27 86 328 328 992 992 992 
502 502 650 721 796 
277 739 739 739 928 1006 
229 229 948 948 
592 592 592 
80 147 
82 225 225 517 517 
44 44 44 1003 1003 1003 
270 444 444 808 856 856 856 856 
487 
139 139 161 277 
273 273 840 840 840 926 
744 884 884 884 884 884 
229 
257 297 491 562 562 596 596 596 922 922 922 939 978 
289 289 289 462 462 647 780 780 780 835 835 835 
286 
31 31 351 351 351 792 810 810 835 835 835 954 954 956 956 956 
1006 1006 1006 
435 435 435 435 453 453 858 
879 879 964 
601 810 810 956 956 
288 288 
130 231 231 
50 530 530 530 698 698 698 
502 
129 129 428 861 861 877 937 947 947 
102 619 619 619 862 
44 44 712 712 784 922 922 
1006 1006 
422 422 422 584 584 584 
181 181 545 545 922 922 
262 262 496 496 496 959 
74 
405 405 
978 978 
876 876 
249 249 249 348 348 348 388 495 495 621 621 621 1002 1002 1002 
5 121 121 164 164 164 164 165 673 673 673 983 983 
277 277 957 957 
135 135 135 196 196 199 199 203 203 881 881 881 


21 21 21 21 684 684 709 709 709 937 937 968 968 968 
214 214 214 460 460 460 460 460 653 653 653 
172 172 670 670 915 915 915 
264 264 518 
229 
424 851 
167 167 167 328 328 
196 196 
56 56 56 56 587 587 942 942 950 950 
243 243 271 271 271 407 407 427 
407 407 407 407 422 422 561 561 561 
174 174 656 702 702 
364 413 413 946 946 946 946 
582 582 681 681 
171 
156 156 156 156 954 954 954 
926 926 926 

169 169 169 169 169 351 351 457 457 457 535 535 535 746 746 746 746 746 810 
82 82 699 699 699 
217 217 217 217 217 399 640 
220 521 521 
545 545 545 805 805 805 
341 917 992 992 992 
819 
879 

191 191 552 801 805 805 878 954 954 
37 37 240 240 240 305 305 305 907 954 954 
32 153 229 229 404 439 439 439 
81 81 427 
373 373 373 373 706 
81 903 
108 108 260 260 260 366 502 502 612 612 612 612 790 790 
759 
238 238 238 238 238 440 440 660 660 
58 217 217 820 
214 214 344 344 344 819 819 819 880 
607 607 607 607 660 660 675 675 675 805 
753 753 988 
73 73 229 620 620 620 
362 362 
332 332 366 687 982 
23 154 173 173 173 244 642 

284 284 558 558 558 714 714 714 1006 
297 297 297 614 614 614 745 745 745 
250 250 250 568 568 568 887 
506 506 506 951 951 951 
463 463 780 780 
142 262 959 959 
331 
63 521 
274 399 399 
37 37 37 37 428 937 937 
155 695 908 908 
229 229 888 888 888 
234 956 
115 115 157 157 157 506 506 951 
997 
226 
166 857 857 857 
417 417 
162 705 705 705 852 852 
679 
467 467 888 888 
156 434 434 594 833 954 954 
954 963 
234 234 234 234 244 299 299 299 420 420 420 617 
17 82 82 
73 
401 401 886 1014 
717 717 717 
162 162 289 289 289 546 737 737 737 737 737 
1 1 9 9 9 315 315 315 935 
93 93 93 720 736 
399 399 532 
56 56 694 694 791 791 
777 
426 426 575 575 575 780 780 840 886 886 
115 267 896 896 
229 229 
585 969 
82 82 82 82 366 
88 88 810 810 
359 502 502 762 762 763 763 763 784 784 784 
105 105 105 141 176 176 176 238 322 326 366 366 410 410 440 609 609 612 612 673 678 705 733 733 733 734 805 805 878 878 878 883 919 922 954 959 959 
107 107 454 837 
717 
982 982 
416 
989 989 989 
275 277 277 852 852 852 
95 95 95 676 
366 
864 
576 576 
243 243 
709 710 710 
105 164 164 287 287 287 569 569 569 660 
502 692 692 692 692 
612 612 612 793 793 
667 
254 254 
5 196 196 196 410 660 
638 831 831 
371 371 520 520 520 520 
196 196 196 196 229 587 587 722 954 
756 756 756 954 
314 865 865 865 
137 137 201 301 301 360 360 384 428 428 574 574 755 755 892 937 937 954 954 954 
502 502 502 502 
5 61 61 331 331 331 331 
616 982 982 
129 129 366 366 366 999 999 999 
161 211 211 211 211 946 

92 92 229 
90 90 90 90 674 674 674 674 
488 488 
196 196 196 651 651 791 
427 427 427 629 724 724 812 812 
177 486 
277 277 952 1016 1016 1016 1016 1016 
555 555 555 
82 147 155 193 193 228 593 593 593 745 745 745 897 897 897 897 897 939 
50 50 50 150 159 159 366 366 510 950 1004 1004 1004 1004 
48 841 841 841 
174 174 585 585 
886 1017 
186 954 954 
637 637 637 660 
229 229 323 323 398 496 605 951 
277 277 277 419 949 949 1018 
52 52 52 52 443 443 443 726 726 730 730 730 
226 447 447 463 463 574 574 574 672 
5 5 5 672 672 954 954 
310 310 
44 44 481 481 481 559 559 784 784 845 845 922 
379 1006 
96 208 208 260 361 361 487 487 619 619 619 790 790 1006 1006 
162 162 162 797 797 797 925 

74 74 74 646 646 646 662 839 
115 172 172 172 172 
229 229 230 366 366 939 970 
48 502 649 773 836 836 836 836 
53 53 53 532 841 841 954 
229 229 229 279 279 386 681 
210 210 285 285 803 954 
695 695 
280 280 285 954 963 
229 443 708 708 730 747 747 894 894 894 894 
327 519 519 519 902 902 902 
24 24 24 24 82 

229 708 708 708 726 747 747 747 747 
738 738 738 738 
302 302 401 401 1013 1014 
368 368 368 438 438 660 660 660 787 954 954 
141 141 660 
472 472 973 973 
93 127 127 402 402 402 477 524 524 649 954 954 954 1023 1023 
147 147 370 647 647 647 647 647 954 
731 731 731 731 
98 98 104 119 119 119 162 162 162 266 266 277 277 277 533 533 533 
135 300 300 300 300 780 780 886 886 
83 83 228 826 826 826 975 975 975 975 975 1006 
907 907 
362 362 
282 282 282 323 323 543 827 827 
280 280 280 297 297 297 297 366 366 476 620 620 620 699 699 699 
32 32 32 592 592 592 592 592 
229 229 726 726 730 730 730 730 
11 11 160 160 160 
354 841 841 
114 114 481 961 
37 
229 
613 613 988 988 
176 176 
69 360 428 428 684 684 758 771 771 
101 101 152 152 187 434 434 488 506 506 682 682 682 768 768 
401 949 949 
162 277 350 350 350 350 755 
281 281 520 608 
312 312 312 803 803 
81 81 472 
659 659 763 
366 366 502 659 659 659 762 

241 286 
20 20 20 20 229 229 
5 5 5 342 342 384 384 396 526 526 526 830 830 830 830 853 954 954 
434 756 756 
175 276 276 276 780 
394 394 394 394 
487 755 755 
211 341 954 
188 188 344 502 720 
783 928 
109 229 229 236 236 236 933 933 933 

307 366 366 652 
111 111 111 390 390 805 893 
464 
25 85 85 123 174 174 174 175 175 229 229 289 289 289 289 289 356 427 427 427 432 432 471 519 519 519 546 546 546 623 623 653 653 740 740 769 840 875 886 886 943 967 967 1015 
12 79 317 317 320 476 964 
286 286 286 351 351 795 
267 485 774 860 860 860 860 860 
559 659 659 659 712 712 
320 956 956 
66 66 66 435 890 890 
82 222 513 513 513 733 
362 362 362 362 362 845 
499 499 499 512 512 512 530 530 
363 366 366 607 607 714 714 
258 651 651 694 1019 
548 
675 675 
199 
225 782 835 835 835 
182 229 229 532 
119 162 162 371 490 715 715 715 
95 95 95 95 1006 
61 61 86 86 86 186 186 186 186 262 1017 
245 245 336 336 
601 954 1006 1006 1006 
40 40 40 277 296 296 296 397 475 475 816 816 816 
13 13 312 312 723 760 760 825 825 825 
18 99 280 846 846 846 
395 395 395 461 596 596 596 601 601 612 660 660 778 893 893 954 954 954 
469 810 934 
175 832 
539 
229 906 906 906 
68 68 75 75 75 234 234 234 337 337 351 382 382 469 506 548 548 552 552 592 658 658 806 917 917 917 917 917 956 956 
208 208 208 
695 695 1019 

308 308 308 
16 467 467 888 
223 223 223 223 248 362 362 397 397 397 399 802 802 802 
372 497 523 
229 
79 598 611 611 611 1009 1009 
376 434 434 500 500 500 500 515 515 610 
336 966 966 966 
32 
349 349 399 

13 212 212 312 312 312 338 338 338 338 338 342 803 803 803 
81 150 427 427 741 741 741 1006 1006 1006 
323 323 323 744 744 
922 978 978 
229 229 229 954 954 
229 229 767 767 767 767 844 844 844 864 
181 181 319 319 679 679 911 959 959 
175 175 807 
126 640 
234 234 
546 546 546 548 548 548 795 795 795 1001 1001 1001 1001 
502 720 720 720 720 
51 51 51 51 51 107 107 277 277 277 277 277 661 
53 53 53 308 952 952 954 954 1020 
74 717 
483 483 483 542 542 542 653 780 
413 413 701 701 701 721 721 749 749 888 930 946 946 954 954 
37 37 
101 101 
526 830 830 830 
44 44 712 712 788 
189 189 804 804 804 
291 291 366 919 1017 
1005 1005 1005 

259 259 259 356 356 966 966 
579 
277 277 277 277 277 383 383 637 637 666 666 666 954 
29 29 342 342 767 
427 
46 46 118 439 482 482 
154 180 252 252 539 539 539 539 
143 157 157 635 635 635 
168 183 277 277 550 903 903 1016 1016 1016 
502 502 988 988 
127 127 127 127 267 267 783 783 783 783 783 973 973 973 991 991 991 
177 177 428 486 486 486 498 498 557 557 
487 558 
85 85 123 123 229 
229 229 323 323 669 830 
683 683 683 
79 95 95 1009 
935 935 935 
277 277 937 
196 196 
937 954 954 954 
229 366 366 
189 277 
132 132 335 
53 53 53 277 900 
460 460 780 886 886 
26 72 72 277 277 282 567 567 
66 66 435 557 1023 
322 368 368 368 368 511 601 660 660 660 945 945 
23 35 225 330 330 551 551 599 964 964 964 1005 
57 57 57 79 79 214 214 230 611 996 
473 473 571 571 571 902 

660 
30 146 146 212 543 543 543 543 543 
229 446 505 505 505 
27 27 229 229 645 653 653 703 740 740 780 780 875 875 
219 219 219 437 437 437 437 621 
467 630 630 630 639 639 815 841 
366 366 484 484 950 950 950 950 
786 786 
229 234 234 234 414 
301 301 684 
778 805 805 
407 407 443 726 726 726 726 

8 8 654 654 981 
699 699 699 699 699 
129 129 265 265 498 498 498 
0 454 454 
277 874 
107 107 306 306 306 306 
93 94 94 94 277 431 431 431 431 727 727 727 881 908 
49 59 59 66 66 66 162 162 162 189 189 277 324 324 324 411 453 453 606 858 858 
409 409 409 
209 209 966 966 
229 809 809 809 
240 240 602 742 742 954 954 
629 629 902 
466 466 

181 831 
212 212 
438 438 
475 
3 576 576 576 
134 134 134 232 232 232 
597 810 810 810 810 810 
386 
135 194 338 338 410 660 847 938 938 
365 492 
288 288 337 956 
21 21 238 238 311 311 352 352 352 502 502 502 545 545 545 559 559 562 562 660 712 828 968 968 978 978 

338 388 388 1002 1002 
69 69 162 472 472 514 715 
302 542 590 590 590 
18 18 18 21 
533 774 935 935 935 1006 1006 
474 474 474 954 954 
841 

130 130 
775 775 775 963 1019 1019 1019 1019 
428 806 
315 315 648 867 867 867 928 928 928 1002 1006 1008 1008 
53 
369 428 557 574 574 628 628 684 684 868 870 954 954 1023 1023 
322 919 919 
147 193 193 193 545 699 719 
147 147 497 497 
119 277 277 
56 56 159 582 582 
10 10 175 175 780 967 967 967 
363 399 980 991 
878 878 
364 413 509 509 586 586 586 586 689 841 841 1017 1017 
557 557 
534 534 
229 229 401 461 461 461 707 707 757 757 1013 1013 
239 391 391 414 414 582 582 700 889 889 889 889 954 
622 622 622 632 706 
697 838 838 954 
502 
5 5 14 14 16 16 16 30 37 37 37 40 40 43 55 55 61 61 61 74 107 107 128 128 128 130 130 130 134 134 134 137 137 137 147 147 157 157 157 159 159 163 163 163 163 171 171 171 178 186 186 196 198 198 198 205 205 209 218 218 229 229 239 239 239 250 250 250 269 269 269 277 283 283 284 284 286 286 292 292 305 305 310 310 318 318 318 341 341 354 354 370 370 374 374 374 389 391 391 403 403 414 414 434 434 461 465 465 467 479 479 491 491 497 497 516 516 518 526 526 529 529 530 530 530 548 548 589 589 589 601 601 602 602 640 640 641 660 681 682 684 684 684 704 704 710 710 721 723 725 733 733 736 736 736 737 767 767 772 801 805 805 805 829 829 838 838 841 841 852 870 870 870 907 907 929 929 937 937 950 952 963 1006 1006 1007 1007 1007 1023 1023 1023 
290 290 491 491 491 
190 234 234 234 337 337 337 382 548 548 548 552 552 631 785 785 810 810 921 
277 277 570 570 
76 76 194 194 194 482 482 
142 142 142 262 563 624 624 660 660 831 831 986 
277 415 415 415 
515 515 750 

115 115 115 115 318 372 641 725 933 954 
308 308 308 551 781 879 879 879 
35 35 35 35 35 
237 237 259 295 821 821 821 850 850 905 905 
473 473 780 780 943 943 943 
21 574 574 574 922 922 
175 507 507 656 
719 
25 25 478 478 

127 127 735 735 860 860 860 
96 
427 741 741 741 741 741 1012 1012 

410 
195 545 566 566 828 828 922 922 
526 526 
102 102 114 114 366 366 944 
45 107 366 399 399 896 
493 616 663 663 687 687 
330 569 569 
362 502 502 
58 115 115 115 458 458 
105 959 
229 229 
277 348 381 385 419 464 464 613 753 753 859 859 
269 665 665 665 
39 
82 114 114 267 267 860 860 860 944 
5 341 341 341 531 531 531 597 597 597 

182 229 
435 435 
880 
467 633 
32 51 51 51 132 132 229 229 229 
149 149 169 169 334 366 399 688 688 688 
228 228 
835 835 835 835 
1 1 218 388 388 426 426 426 568 568 568 924 924 935 1006 1008 
44 44 538 538 538 
50 50 50 123 123 700 700 700 700 
23 848 848 848 879 
83 83 138 138 150 150 150 315 487 487 533 549 549 549 560 560 619 713 714 714 741 798 801 801 801 826 826 826 928 928 935 954 954 1002 1009 1009 
119 354 415 438 438 438 504 504 504 504 504 954 954 954 
935 935 1002 
117 138 138 246 819 819 866 1006 1006 
92 479 479 
229 
271 271 271 305 975 975 
242 401 401 732 949 949 
645 732 
304 451 780 
33 33 277 697 697 697 697 697 858 858 858 
86 86 145 145 170 170 249 249 262 366 366 366 366 509 509 509 703 799 847 946 946 
707 
46 46 791 812 933 933 933 933 
838 
109 
366 
477 736 736 877 937 937 954 954 954 
