nodes: 1024 edges: 1909
310 310 310 
9 648 
329 
414 452 

61 167 167 185 250 328 331 331 341 341 342 569 569 569 678 710 767 767 954 954 992 
759 
278 278 
229 231 231 300 366 553 896 
1 
347 943 
160 
240 285 
803 803 825 825 
178 787 787 787 1005 
147 
107 954 954 
82 240 
21 21 927 
82 82 
766 
18 18 574 922 968 968 
84 277 
74 110 120 235 308 617 617 855 879 
351 351 728 
971 971 
244 
447 531 886 886 
463 
121 121 
146 146 417 417 884 
351 
229 405 998 
442 1016 1016 1016 
949 
965 
166 
462 462 462 602 842 937 954 


497 802 954 954 
82 

954 
538 538 538 712 712 845 1003 
399 399 
176 176 451 451 855 1019 
324 324 
701 

277 277 555 555 555 700 700 
647 998 998 
452 452 708 708 
532 721 838 874 874 936 936 936 936 
279 279 279 879 
954 954 
275 582 582 582 942 
79 146 344 524 524 880 
458 985 
159 159 159 903 903 
366 366 366 399 399 
5 328 686 686 686 799 954 
109 
154 154 382 382 382 
229 
274 449 449 
435 435 903 
776 
382 810 
755 
325 589 
448 448 
277 
445 445 614 644 
23 160 179 564 646 646 839 879 879 954 


544 
366 
57 99 99 229 229 241 241 420 611 781 819 880 
954 
761 
17 19 19 41 147 147 197 209 283 283 353 353 366 500 500 537 537 699 728 787 991 
1006 1006 
22 277 419 419 430 
123 462 502 780 
376 1017 

658 
427 

241 
403 691 691 
649 649 736 736 
277 277 902 
667 798 

928 
739 
79 79 760 
436 436 436 
488 
324 324 397 414 414 414 414 
410 
113 358 358 
660 660 660 
517 
16 171 310 633 661 661 901 954 954 981 
366 458 458 458 607 
62 229 775 775 775 
23 1005 
778 
154 154 154 
104 
366 399 750 750 750 991 991 
229 632 654 963 963 963 985 
238 238 326 326 326 338 
138 
128 128 855 855 
227 227 739 739 797 
23 225 
29 29 529 529 569 744 744 
189 189 323 323 
85 525 546 780 780 863 995 1004 

250 509 509 569 946 
640 640 833 
402 402 402 595 736 860 860 860 973 973 
118 118 954 
265 265 477 498 498 557 688 688 688 898 
554 954 
132 271 271 407 
131 998 
298 298 298 
916 916 954 
567 571 571 571 
270 
684 954 954 
117 421 421 1009 
277 541 
181 181 
245 734 
262 959 959 
857 

169 169 
30 30 57 884 884 884 
15 82 82 235 497 501 699 699 714 737 737 940 940 954 954 
208 

700 1006 1006 
202 407 
432 432 756 756 
323 323 603 603 
63 63 112 112 112 360 617 856 856 
193 193 629 699 
589 
173 494 632 632 954 
277 375 
59 59 59 210 582 587 700 954 954 
11 74 748 748 
541 689 
229 229 277 277 277 303 439 472 472 572 637 647 647 647 715 739 758 758 758 903 903 
954 954 
673 

36 635 
5 5 328 
858 858 858 
145 145 366 592 592 
192 287 
107 215 954 
576 718 
157 617 
702 
239 347 507 507 507 509 764 769 769 780 832 943 969 
46 46 511 660 754 754 
428 498 861 
14 772 
74 308 308 308 

140 140 266 266 266 266 562 562 562 831 831 911 
229 229 796 
858 

5 
704 799 799 
756 
502 502 773 
122 122 846 872 903 
382 382 

170 239 391 
155 155 699 939 
958 958 
223 223 
218 229 681 681 681 694 694 694 869 
82 355 
954 
571 794 


151 407 407 584 
571 571 571 
303 303 

315 
596 
148 361 811 
82 905 905 
159 215 723 
241 772 
470 470 470 884 912 912 
314 683 929 929 954 954 
575 575 611 880 880 
171 210 
329 
365 425 434 451 451 451 451 500 500 500 515 594 594 594 
196 1002 

521 521 
229 478 

195 195 816 816 
508 
120 465 537 537 
388 634 
119 119 
699 699 741 
8 32 64 79 79 109 115 162 162 182 182 196 221 241 241 241 277 277 358 366 368 398 398 405 405 407 407 408 408 427 464 464 485 500 534 534 544 544 603 603 630 630 632 681 681 719 719 722 722 722 747 776 780 809 818 829 829 829 830 864 869 871 880 880 885 886 891 948 949 954 1013 
719 719 
8 8 366 
916 
252 632 632 
631 642 810 810 834 891 956 956 
23 147 
775 
966 
116 116 309 609 609 609 660 922 
175 192 273 273 366 366 950 950 950 
12 17 
79 79 91 211 229 229 229 524 524 524 524 765 765 


26 617 617 642 
141 313 800 
536 1009 
596 
816 816 
909 1017 
5 125 569 621 621 
343 
233 376 856 
393 
677 
597 

545 
791 
532 850 850 850 966 
607 607 
366 
142 363 363 363 366 366 440 624 660 799 959 1017 1017 1017 
384 
362 362 518 577 577 
129 129 898 
181 181 181 181 277 739 739 822 822 822 
654 783 783 991 
877 
487 487 487 487 
136 376 
131 131 1012 
366 
239 239 542 542 
65 779 
56 666 
479 769 769 769 
22 50 50 72 84 94 94 139 158 162 162 162 229 229 266 298 323 323 323 324 324 324 339 346 354 419 419 423 439 439 453 453 459 459 473 475 529 533 543 558 666 666 707 707 739 739 758 837 837 837 852 852 852 858 858 872 876 900 902 903 903 903 954 957 957 988 988 1016 1016 
7 7 387 387 387 
54 54 54 722 
725 745 804 
759 
744 744 876 884 884 
82 82 429 954 
619 619 619 954 
12 407 407 723 723 723 725 
782 954 
170 673 
553 553 921 
355 355 355 546 780 780 
314 491 
366 847 
954 
362 362 
469 

802 
620 745 745 
133 133 133 277 
642 642 
8 366 510 740 
892 
732 926 
162 204 204 
1015 
602 602 
901 901 
326 326 777 
23 179 179 179 814 814 814 814 964 
238 
0 0 0 107 317 454 954 
922 
760 760 803 825 825 
245 529 
213 290 683 683 683 
206 935 1006 
903 
310 781 781 781 
954 963 963 
831 
476 781 

395 503 660 878 
122 122 153 153 277 277 277 485 706 744 744 864 
47 47 102 102 277 277 277 558 903 903 
70 
116 116 116 307 307 660 
1006 1006 
5 61 167 384 580 580 580 
2 216 796 796 
879 
5 5 486 625 625 686 


366 530 530 530 530 
873 
821 966 
810 956 
116 880 924 1001 
277 
684 
5 5 992 
5 767 767 853 
251 
57 611 

277 407 
10 175 832 
568 568 
823 
428 428 
24 24 31 457 460 469 469 548 548 592 782 782 
922 
82 82 429 
277 749 954 1007 
197 289 289 289 
850 850 

104 104 229 
502 528 
154 684 684 684 755 755 
208 410 
264 264 293 293 502 518 518 518 743 743 788 984 
262 262 262 366 366 916 

217 451 451 
8 60 60 60 78 82 108 114 169 229 231 239 239 261 262 262 272 291 300 334 363 363 399 407 407 407 441 470 476 502 502 510 510 523 607 607 616 660 660 660 688 688 700 719 719 745 745 763 763 777 790 847 871 871 922 922 922 950 950 963 976 980 980 981 999 1017 1017 1017 1017 

229 487 487 487 733 733 878 878 

954 
520 680 797 
817 817 963 
605 605 
954 954 
158 
86 252 270 513 820 
442 442 
618 618 879 


988 988 988 
63 63 63 68 190 190 810 
852 852 
263 328 396 684 684 684 
419 
722 736 
278 278 278 
226 426 924 1002 

400 805 
192 950 950 954 
406 406 517 517 527 
253 466 466 
770 
322 805 
384 767 
102 802 816 
229 229 
45 45 60 60 114 366 594 594 594 650 981 999 
390 
645 949 949 1013 1014 
127 127 127 
92 954 
603 
32 229 229 869 869 
392 392 
131 151 202 202 229 229 285 285 346 366 366 366 422 427 427 583 583 583 584 894 894 
229 229 

103 361 526 919 977 
903 990 990 

586 946 
3 102 102 102 102 950 954 954 997 
960 1007 
963 
30 30 591 591 636 884 

84 84 277 277 385 707 988 
79 642 
138 138 
407 579 
277 449 

217 539 
388 653 653 1002 
89 229 407 407 474 583 583 695 780 780 780 918 975 975 1012 
177 350 350 486 486 557 628 684 684 861 861 934 937 937 
283 353 966 
84 
902 
152 152 486 780 780 
954 954 
217 515 640 640 756 820 820 
66 66 
100 100 100 
887 
913 913 1007 
162 277 277 603 
262 660 660 662 
366 
33 377 377 
726 

73 73 

27 709 
71 71 
65 65 423 777 

46 46 217 217 217 217 365 365 770 780 1015 
3 52 52 530 
277 277 503 550 903 903 
310 


351 592 
58 108 108 108 777 985 
277 277 
351 875 875 875 

37 37 37 85 546 546 
28 623 623 709 709 
229 229 779 779 988 
225 
393 393 909 
815 888 954 

294 351 351 806 810 810 
212 212 212 366 
780 
162 162 
277 881 881 967 967 967 
427 929 1012 
277 802 914 914 
320 366 745 781 
129 
221 971 
276 518 954 1010 

712 750 
958 
780 840 840 840 840 

229 323 783 
331 428 428 432 861 861 
269 269 269 269 368 368 368 714 771 771 771 771 1006 
101 693 693 

797 797 
290 545 955 


157 
568 
563 563 706 959 
40 147 817 
129 129 177 861 861 898 898 898 898 
530 568 789 789 
82 82 217 217 217 229 820 
147 
85 188 188 359 362 366 366 532 607 607 607 659 685 685 731 731 763 763 836 859 922 922 966 984 984 
322 453 
993 1007 
885 
573 622 622 622 632 756 
175 175 175 969 969 969 
224 662 
125 125 175 946 
300 366 366 700 
176 878 
789 789 
376 787 
758 758 758 925 
217 434 820 961 
954 954 954 
106 392 392 537 537 
264 362 362 362 479 548 
727 727 
371 680 
220 220 595 595 595 

366 
57 57 241 241 241 241 736 
123 
410 767 767 954 979 
392 
359 
121 121 277 313 954 
334 334 334 334 452 499 555 555 954 954 954 
27 992 
53 259 502 650 796 
277 739 
229 229 948 948 
592 
246 571 
82 82 225 225 517 517 
44 44 44 1003 
425 808 808 856 856 

139 161 
273 273 840 840 840 926 
277 884 884 941 
77 229 229 998 
257 491 562 922 978 978 
123 289 462 462 647 647 647 780 
857 954 954 
351 351 518 792 792 810 835 835 835 954 954 956 
667 667 714 1006 
453 858 
879 
601 956 
8 288 288 
130 
50 50 50 530 530 1003 
731 
129 428 861 937 947 
277 324 619 
712 712 
676 676 1006 1006 
584 584 584 687 
181 181 181 545 922 
496 496 
74 

978 
135 876 
348 348 495 499 1002 1002 
5 5 5 121 125 250 673 767 983 
957 
135 135 135 199 203 203 203 536 881 881 
162 
506 
21 684 684 709 709 937 937 968 968 
214 214 653 653 886 
172 670 
264 264 

422 851 851 
328 328 328 

56 56 56 159 587 880 942 942 
407 407 407 427 427 
202 407 561 561 561 979 979 
656 702 
413 689 
159 582 681 

70 156 954 
926 926 
417 417 
169 169 351 457 535 746 746 746 

217 217 217 399 399 399 640 855 
127 521 521 521 
207 247 712 805 805 805 922 
255 917 917 
819 
879 879 
871 
552 801 878 
37 305 305 751 907 907 954 954 
153 153 229 229 404 439 
683 
373 373 

108 260 260 366 366 502 502 502 790 790 790 
759 759 
238 238 238 660 660 678 
820 945 
79 214 344 819 880 
660 805 
753 
73 620 620 745 745 

366 982 
23 23 154 173 244 244 642 
378 378 
284 284 284 558 714 
297 614 614 
250 250 887 
506 506 506 632 951 951 
463 463 
262 959 
331 331 


428 937 
155 695 908 
229 229 634 888 888 888 
234 956 
115 157 157 229 233 233 506 622 951 
107 
226 630 
166 
417 
162 705 705 705 852 
831 
895 
126 126 434 434 594 954 
991 
234 244 299 299 420 617 

73 
401 1014 
74 74 
51 162 162 162 546 546 546 737 737 
1 664 935 935 
93 93 
399 532 
791 791 

426 426 575 575 780 
115 267 896 
864 864 
585 

88 810 
502 762 784 784 
105 105 105 176 238 262 322 326 366 366 366 440 440 609 609 612 673 673 673 733 734 805 878 878 878 922 922 954 
107 107 837 837 837 
440 508 
982 
648 
989 
275 277 277 
95 549 549 676 


576 

709 710 1000 
164 287 569 660 660 660 791 913 
844 
793 793 
560 560 667 1006 1006 
254 
5 609 
831 
371 520 
196 196 196 229 229 587 722 722 954 
756 954 954 
213 314 314 314 604 955 
137 340 360 360 360 384 384 384 428 428 574 574 755 937 937 954 954 
502 502 
61 61 61 331 
561 
129 129 129 366 366 999 999 
161 586 946 

92 92 

488 488 
196 196 196 791 
427 629 724 

1016 
756 756 756 
82 147 147 155 193 228 228 745 745 897 897 897 897 
50 50 150 159 366 510 1004 
48 
174 585 
1017 
186 
637 637 637 
323 496 871 871 
277 277 419 949 1018 1018 
52 52 726 730 730 730 730 
447 463 463 574 574 672 920 
5 672 954 954 954 

44 44 481 559 559 596 845 922 922 922 

147 487 549 619 790 1006 1006 
162 797 925 
1004 
839 839 
172 
229 229 230 230 366 366 970 
773 773 836 
53 841 841 954 
229 229 229 279 386 681 681 
210 285 285 285 803 803 954 
695 
280 285 
443 708 730 730 894 894 894 
519 519 902 902 
24 82 

708 708 708 708 726 726 747 
502 502 556 738 738 
302 1014 
368 368 660 954 
141 660 
973 
93 93 127 386 524 954 1023 
147 147 647 647 954 954 
731 731 
98 119 119 162 266 266 277 277 533 
300 780 780 
228 826 826 826 975 975 1006 

362 362 801 
121 121 282 282 323 323 827 
280 297 297 366 366 476 614 614 699 699 
592 592 592 
229 730 
160 160 
354 841 
114 114 114 481 
602 

613 988 988 
176 176 
69 360 360 684 771 843 
152 152 187 434 506 682 698 698 698 768 
949 
162 162 162 277 514 514 514 
6 281 608 608 
99 312 312 
81 
659 
366 366 502 502 
175 943 
241 241 
20 
5 5 342 342 396 526 526 569 830 853 954 1023 
756 
175 175 276 276 276 780 936 
394 451 780 780 780 
487 487 487 487 755 
178 211 
188 720 720 
783 928 928 
109 109 109 236 933 
67 229 
307 366 449 458 
111 
274 464 464 
85 123 123 175 229 289 289 427 427 427 432 432 451 471 483 546 653 740 740 769 770 770 770 812 840 849 849 854 875 875 886 943 969 1015 1015 
79 317 317 317 320 476 
286 351 351 795 
267 267 485 774 860 860 
659 659 

890 
14 14 14 82 513 
362 
499 499 512 512 
366 607 607 607 714 
258 651 651 673 694 1019 1019 
548 548 
675 675 
199 
782 
182 329 329 532 
119 371 490 490 715 
95 1006 
61 186 186 262 1017 
245 
601 743 1006 1006 
40 296 397 475 816 
13 13 312 723 723 825 
280 846 
390 395 596 596 596 612 660 878 878 954 
469 810 810 934 934 934 934 

539 539 
229 1011 
68 234 234 337 382 469 469 548 658 806 806 956 
208 
780 1019 
922 
308 308 308 308 
467 888 
223 223 248 248 397 802 
372 372 497 
229 
79 598 611 1009 
376 434 434 500 515 610 
336 
266 266 266 
349 

13 13 312 312 803 
741 741 741 903 1006 
744 
978 978 
229 229 229 
229 767 844 864 
181 181 319 638 679 911 911 959 959 
175 347 
126 
234 
548 548 548 
502 720 859 
277 277 277 661 661 661 
53 954 954 1020 1020 
74 717 717 
483 483 483 483 542 542 542 780 
721 721 749 888 930 930 946 946 954 954 
37 
755 
674 830 
44 712 
189 804 
291 366 909 919 

780 780 
259 259 259 356 356 966 966 
579 579 
277 277 277 383 383 637 
342 767 
780 
23 46 118 118 594 958 
154 154 252 539 539 
143 547 
168 168 168 183 277 277 550 903 1016 
502 836 988 988 
127 127 127 783 783 973 973 991 
177 428 428 486 486 498 498 557 

123 
229 323 655 655 830 

1009 
935 935 

196 229 405 405 
937 954 
229 366 366 600 706 706 
189 277 
335 
53 53 
460 460 460 780 780 886 
277 282 567 
268 
322 368 368 511 601 660 660 660 805 805 945 
23 54 74 74 330 378 551 599 599 964 964 964 1005 
57 79 214 214 229 229 338 582 611 996 996 
473 473 571 571 
907 907 907 

30 146 146 146 212 282 282 417 543 543 
229 505 
27 27 229 575 780 875 
437 621 
467 630 630 630 815 841 
976 
786 
229 234 
301 

407 407 726 726 726 
639 
8 654 981 
699 699 699 699 
129 265 498 498 498 498 

277 
107 306 306 
94 277 431 727 727 
59 59 66 162 162 189 277 277 277 316 324 324 411 453 453 826 858 972 

209 209 948 966 

602 602 882 882 882 954 954 
629 
249 466 847 

181 831 831 
212 212 
438 438 673 
475 475 

134 134 232 363 
597 597 
427 
410 847 
709 
288 
21 238 311 352 366 366 366 502 502 545 562 596 660 660 712 712 712 813 968 968 978 978 

338 388 1002 
514 715 
302 542 590 590 
18 
97 774 774 1006 
213 213 474 
841 841 


775 963 963 1019 1019 1019 
428 806 806 806 806 
315 648 648 867 867 975 1002 1002 1006 
53 53 53 53 769 
37 428 428 557 574 574 628 684 684 870 954 954 1023 1023 

193 
147 147 
543 
56 582 582 
10 175 764 780 967 
980 980 980 991 
610 878 
125 413 509 689 841 841 1017 
557 
229 534 534 905 
34 229 401 401 707 757 1013 
239 239 239 366 366 391 391 414 954 954 
622 622 632 


5 5 16 16 37 40 40 43 55 55 61 74 80 107 107 128 130 134 137 137 147 147 157 159 159 163 163 171 198 213 213 229 277 283 284 286 292 310 318 354 370 374 374 391 403 414 414 433 433 467 479 516 516 516 526 529 530 530 530 547 547 548 548 589 602 602 640 660 681 682 682 684 684 710 710 710 721 723 733 736 737 737 767 805 838 838 841 841 870 907 907 937 937 950 950 963 1006 1006 1023 1023 
491 683 
234 234 337 548 552 631 810 
277 277 570 
194 194 482 855 
142 142 262 496 624 831 831 
415 
515 

115 115 115 318 318 366 372 416 933 933 954 
308 879 879 879 
35 
237 259 336 429 502 850 850 905 
473 473 473 943 
21 21 574 574 922 922 
175 507 507 507 780 
719 
25 25 478 
903 
127 127 735 860 860 

427 427 741 741 935 
366 889 980 
410 
545 545 566 828 828 922 922 
526 584 584 
366 366 944 944 944 976 
107 366 399 896 
616 663 
569 
362 502 502 
58 115 458 


277 277 381 381 381 419 464 753 753 859 859 
665 
411 411 
82 114 114 267 641 860 944 
5 341 531 
504 

123 
880 880 
414 
32 51 51 132 544 
366 399 688 688 
672 1013 
338 
218 388 426 568 568 924 935 935 1006 1006 
44 538 555 
123 700 716 
14 110 879 
83 83 150 150 315 327 327 487 549 560 560 676 676 714 714 741 798 801 801 826 928 935 954 954 1002 1002 
354 415 438 504 

138 246 819 866 
479 
809 
271 427 474 
229 401 949 1000 
401 645 732 
304 451 780 780 
33 33 33 277 277 697 858 
86 249 262 262 262 366 366 366 366 703 799 946 
707 707 
46 791 791 812 933 933 933 
838 838 


736 767 937 937 954 954 
