nodes: 1024 edges: 1922
107 258 310 901 901 
648 1002 
329 329 
414 414 452 452 
368 
167 185 250 263 328 328 331 331 341 342 342 569 678 686 767 767 954 992 
759 
278 278 799 
366 553 
648 

160 160 
82 240 240 240 
803 825 825 
51 51 178 787 787 787 954 
147 

82 643 
21 21 21 21 927 
82 82 
162 162 229 766 
18 18 18 18 574 574 927 968 
117 117 
110 308 617 879 879 
351 351 728 728 
478 478 780 780 971 
244 422 584 
886 
463 463 
121 853 
146 224 417 954 954 

229 405 405 822 998 
77 442 1016 1016 
532 
879 879 965 965 1005 
166 
462 842 842 937 954 954 


497 497 
77 82 
98 
497 497 954 
538 559 712 
62 981 981 
176 176 451 855 1019 
189 324 324 324 
701 720 

277 555 700 700 700 855 1004 1004 
14 14 178 837 837 998 
530 708 708 708 708 
336 336 502 502 721 838 838 838 874 936 936 
279 
954 954 954 954 
275 275 582 582 582 651 651 942 942 942 
344 344 524 524 
458 458 
159 159 903 903 
650 
686 686 686 686 799 799 954 
45 109 
154 154 382 382 
277 277 407 407 
272 449 449 449 
435 
229 461 776 
810 
472 925 925 
325 325 325 
151 448 448 
277 876 876 
229 229 445 445 445 
160 564 646 717 879 954 
810 
766 958 
33 41 229 

111 229 229 241 420 611 819 880 

472 604 761 826 
12 17 19 19 41 197 197 267 283 283 283 343 355 366 513 513 593 593 643 657 699 699 728 991 
741 741 1006 

123 123 462 780 
170 170 170 799 799 799 799 1017 
674 
658 

692 
241 
403 691 691 1010 
649 736 736 736 902 902 

667 798 798 798 866 
714 714 974 974 

42 739 739 
760 760 760 
318 318 436 436 963 
756 756 756 843 
324 362 397 414 480 480 980 

113 113 113 113 358 739 
660 986 
392 517 
0 171 310 837 901 954 981 
366 409 409 409 458 
62 775 1021 
23 
79 778 
154 
104 104 104 104 162 162 
366 399 399 750 980 991 
229 632 632 718 963 963 963 985 
238 238 326 326 338 
22 22 138 138 
128 855 
227 227 227 227 797 1007 
225 
29 529 569 744 
189 189 323 323 
85 85 168 546 550 780 1004 

250 923 

465 736 860 
118 954 954 
486 498 498 557 688 688 898 
554 554 954 
132 132 132 132 271 
131 131 131 131 271 873 873 
298 298 497 
916 916 954 
199 199 571 740 919 
252 270 
284 684 684 954 954 
117 117 242 242 1009 
277 277 
153 181 
245 660 660 
262 400 624 
857 857 
407 
169 169 325 505 1017 
30 417 417 884 884 
15 235 257 501 699 714 737 940 
208 
399 723 
826 
71 202 407 407 407 407 
756 
140 323 357 
63 63 112 252 360 360 
193 193 193 629 699 
589 989 
173 205 205 494 632 857 954 
277 
59 59 587 681 700 716 
11 11 74 748 748 
689 
20 20 113 113 204 204 277 277 439 439 472 637 647 647 739 752 758 758 797 797 797 903 903 925 925 
954 
569 
569 569 673 
36 256 635 
5 580 
123 435 525 525 858 858 
145 145 366 366 592 999 
86 86 86 287 1017 
107 210 215 588 954 
267 576 718 
157 205 339 617 
273 585 585 702 
507 769 780 780 807 807 832 832 969 
46 46 511 660 660 754 754 
432 696 861 861 861 861 
14 51 273 683 772 
308 

140 562 562 562 
994 994 
277 
333 573 
5 
516 799 954 954 
434 434 756 
502 502 
47 122 122 277 277 872 872 903 903 
234 382 382 382 
328 328 328 601 601 
239 239 354 354 
155 155 155 939 939 939 939 

223 223 223 481 677 
199 229 229 571 678 678 678 678 681 681 681 681 694 694 694 694 794 869 954 
82 82 
954 
135 135 196 203 203 

340 
151 407 
199 199 571 
162 162 
157 157 173 

247 247 596 
148 811 811 1006 
366 367 
171 215 723 723 
241 284 284 
470 825 912 912 
683 
575 575 611 611 880 
171 210 

365 434 451 451 500 594 594 610 
954 
887 887 
521 521 521 595 651 
229 478 478 
513 787 
195 195 195 
30 
120 537 879 
388 634 
119 119 119 119 
699 
20 32 67 73 73 77 79 79 115 196 196 221 241 241 277 277 277 320 320 323 358 366 366 368 368 398 405 407 408 408 424 427 427 430 464 464 476 485 485 485 500 534 544 578 578 614 614 630 630 632 706 719 722 722 726 726 747 752 752 752 766 776 780 796 829 864 871 880 880 886 886 891 906 949 949 954 954 987 994 998 1013 1013 1013 

442 
916 
689 
190 631 642 642 810 810 891 956 
147 308 
775 830 

116 116 609 660 660 890 922 922 922 
192 192 273 366 366 366 366 391 950 950 954 954 
12 12 12 602 602 907 907 
79 91 211 229 229 524 524 
138 138 
583 671 671 
26 642 
141 313 800 
536 536 1009 
207 207 
362 397 816 816 
568 568 1017 
5 125 569 621 621 686 954 
343 
136 154 376 
335 335 335 335 

382 382 
166 
147 
0 791 791 791 
502 532 532 
607 607 607 

142 363 412 440 624 660 799 959 1017 1017 1017 
5 384 396 
362 362 362 362 518 577 
898 898 
277 822 822 
82 172 783 
877 978 
487 954 954 
136 376 539 539 
131 132 407 407 
65 
174 178 239 302 926 
366 366 402 407 407 
56 56 666 
479 479 769 769 769 769 
50 64 64 72 139 139 158 162 162 183 189 189 229 229 229 266 298 323 323 323 323 323 324 324 324 339 419 423 439 453 453 475 529 533 541 543 558 558 558 570 697 739 739 758 758 802 837 837 852 852 852 858 858 868 868 874 874 876 876 900 902 902 903 903 903 941 954 954 957 957 988 1016 1018 
7 7 387 387 387 
54 722 
745 
759 
884 
82 82 82 429 429 954 
137 211 211 954 
407 725 
547 782 782 954 954 
170 673 673 
553 553 553 921 921 
355 355 647 780 780 780 780 
314 955 
847 
954 
362 
469 
966 
802 
620 620 
133 133 277 

366 510 740 740 740 
892 
273 732 732 926 926 


954 
901 
777 777 
23 179 235 814 814 814 814 814 964 964 964 

0 107 454 711 711 
577 922 
760 803 825 
245 502 502 502 529 529 
290 491 683 
411 648 648 935 
903 
781 781 
100 100 416 954 
831 
229 229 476 


122 122 153 229 277 277 277 277 277 744 744 827 827 864 
47 47 47 102 277 277 277 558 
70 70 70 145 
116 116 660 660 777 
1006 
5 5 191 191 191 331 686 
2 2 
879 
5 5 328 486 625 686 
616 706 
184 
530 530 999 
253 253 253 253 
53 53 800 
810 810 956 956 
116 825 919 924 
173 277 
201 684 684 684 
5 992 992 
5 5 853 
82 251 
57 57 611 611 611 

407 616 

988 

758 758 
24 24 457 469 548 548 592 810 

429 
192 192 954 1007 1007 
82 289 289 
780 850 850 
153 
104 229 
528 
154 154 
714 
102 248 264 264 264 264 293 502 502 518 615 743 788 816 
262 366 366 790 790 
946 979 
217 451 451 
8 82 108 114 169 169 209 229 229 239 239 239 239 274 274 300 363 363 372 393 399 399 407 470 470 470 502 502 510 660 660 668 668 688 700 719 745 763 763 790 790 847 847 871 871 889 922 963 963 980 981 999 999 1017 1017 1017 
209 
4 229 229 733 733 878 878 

737 954 954 
680 
366 523 817 963 963 
605 605 
954 

252 270 513 820 


502 

988 988 
63 63 190 190 190 255 255 810 956 
852 
263 396 684 684 684 767 
419 
524 524 524 787 
278 278 278 
226 426 426 568 568 1002 

778 
239 
106 406 517 
366 
451 451 770 770 770 
530 805 805 
263 384 767 767 
102 248 816 
229 706 
114 114 149 366 366 594 981 981 999 999 
142 
645 757 757 949 949 1013 
274 477 736 736 
92 954 

32 32 229 565 
392 527 527 527 
64 64 144 151 151 151 151 202 229 271 271 274 274 285 346 366 422 583 584 584 584 894 894 
229 229 
108 108 108 904 904 
526 526 660 678 977 977 
315 492 903 990 990 
262 
586 586 
3 3 102 891 950 954 
960 960 
318 
30 146 146 636 636 636 884 

277 385 707 707 988 
79 573 642 

26 407 561 
277 
229 
539 539 539 
388 388 1002 1002 1002 
229 229 474 583 583 604 695 695 826 975 1012 
463 486 486 557 557 628 684 684 755 843 843 861 861 861 934 937 
283 283 353 
229 551 
755 902 
177 486 780 

187 187 217 640 756 820 954 954 
66 168 550 786 877 995 
100 100 922 
887 
913 913 1007 
162 162 277 603 855 
262 563 609 

33 231 
708 708 726 747 

73 73 73 811 
885 885 885 

71 71 802 
65 65 65 

46 217 217 365 365 394 394 1015 1015 1015 
3 3 530 
277 277 503 550 903 963 
310 661 899 


351 
58 58 108 985 985 985 
957 
575 875 875 
67 949 
37 85 
28 28 428 709 709 
229 229 988 988 988 988 
127 954 
909 909 909 
639 639 815 888 954 
475 475 502 
294 351 511 810 
212 366 366 366 

69 81 162 735 735 
902 902 967 967 967 967 
427 929 929 929 1012 
277 468 468 802 837 914 
229 320 781 781 
402 1023 1023 
25 25 221 221 971 
276 276 491 954 954 1010 1010 
102 102 
195 712 784 
958 
780 840 840 840 
950 950 
229 229 229 
129 331 428 428 432 696 861 861 
269 540 540 714 771 771 771 1006 1006 
693 693 


314 479 545 
411 
982 982 
157 

521 959 
40 40 43 43 133 817 
129 129 898 898 
530 530 568 
217 229 
147 
53 53 188 188 259 313 313 313 362 362 366 366 379 468 532 607 607 659 685 685 685 763 773 836 836 859 922 922 966 966 984 
453 
993 1007 1007 
145 885 885 
573 632 756 
175 
662 662 
946 946 1017 
300 366 700 
176 469 

82 82 222 376 
758 758 
820 820 
186 954 
106 392 527 527 537 
264 362 548 954 
780 
759 
220 220 220 496 595 595 
530 
372 
57 57 241 241 386 386 386 736 736 889 
168 168 
410 410 
406 406 406 517 517 
359 
121 277 313 313 954 
52 334 334 395 452 499 499 522 555 789 

34 259 259 502 650 692 692 
277 739 
229 948 948 
592 
246 246 571 
225 517 
44 
270 270 425 425 425 808 856 
487 487 
277 

277 884 884 
229 998 
491 596 922 939 
123 835 835 835 
286 857 
351 351 518 792 792 810 954 954 954 956 956 956 
714 
123 435 453 858 858 
430 
601 
8 288 288 288 
130 130 
50 530 698 1003 
731 1021 
129 428 428 861 877 937 937 
277 277 277 324 619 
44 712 784 

422 584 
181 181 181 922 
440 959 
74 
405 
978 978 978 
876 
249 249 388 388 499 621 621 1002 1002 
5 121 164 165 165 250 673 767 767 983 983 
277 957 957 
135 196 203 536 881 

184 420 506 
21 21 684 709 709 937 937 968 
214 214 460 653 886 886 
172 915 
264 311 
229 229 
851 851 
167 648 

56 56 56 942 950 950 
243 407 427 427 
26 407 407 407 561 
174 174 656 
413 413 884 
159 
171 
156 954 954 


169 351 535 746 810 
82 82 699 
217 217 399 627 
220 521 521 
207 545 805 805 922 922 
917 992 992 
819 819 
879 
871 
191 191 552 805 954 
240 240 751 
439 
81 427 683 1006 1006 
373 373 706 
903 
260 260 260 502 502 612 612 790 

238 440 754 
217 945 
79 214 214 344 344 344 880 880 
607 607 660 660 675 675 805 
988 988 
229 229 745 830 830 
362 
332 346 
23 173 642 

558 1006 
297 297 745 
250 250 568 568 
632 

142 262 959 959 
331 
734 
594 
428 
155 695 908 
229 229 888 888 
234 
115 115 157 229 506 622 951 951 
823 
226 
166 
417 417 417 
162 852 
679 
467 467 895 895 
434 954 
954 963 
234 234 244 420 617 
17 82 

401 
74 
162 162 289 737 737 737 
1 9 315 315 580 935 
93 720 
60 532 
56 56 220 694 
777 
575 780 780 840 
896 896 
864 
585 969 
82 
88 810 
502 762 763 784 
105 141 141 176 176 238 238 262 326 326 366 366 410 612 612 673 678 705 733 733 734 805 805 878 883 883 919 919 922 922 954 959 
454 
508 508 
982 


275 852 
95 676 
366 366 
864 864 

243 243 
709 710 710 1000 
165 287 287 569 660 791 913 
87 692 692 844 
612 612 793 
667 
195 
5 196 196 196 196 410 660 
638 831 831 831 
371 
159 196 196 196 196 722 722 954 
756 954 
178 213 314 604 865 865 
137 137 340 340 340 384 384 384 428 428 574 937 937 954 954 
502 502 502 
5 61 61 61 61 250 328 331 

129 129 366 999 999 
161 233 946 

92 92 
90 532 532 674 674 
488 488 
196 196 196 196 651 791 
427 427 629 724 
177 486 
277 1016 1016 1016 1016 
555 756 756 
82 82 147 155 228 593 745 745 897 
50 50 50 159 366 510 950 1004 1004 
48 841 
174 
886 886 886 1017 

660 
229 332 398 605 871 
419 419 1018 
52 52 52 52 443 443 726 730 730 730 
463 463 574 574 672 920 920 
672 672 954 
310 310 817 
44 481 559 784 845 
1006 1006 1006 1006 
96 96 147 361 487 549 790 790 974 1006 
797 797 925 
159 1004 1004 
74 839 839 
115 172 
229 366 
48 649 
53 841 841 841 954 
229 229 279 681 681 
149 210 210 803 803 803 954 
695 
285 
229 229 443 708 747 894 

24 24 82 

708 708 708 747 
556 738 738 
302 302 1014 
368 368 660 660 
626 660 
472 472 973 
93 93 93 127 402 402 524 524 954 954 954 
147 370 647 647 647 954 
731 731 
98 98 104 162 277 277 533 
135 300 300 300 780 789 886 
83 83 826 975 975 1006 1006 

362 
121 323 323 827 827 
280 366 614 620 699 699 
592 
229 443 726 730 
160 160 
841 
114 961 
602 1006 
162 229 229 229 
988 988 
176 176 609 
428 431 771 
101 101 101 152 187 434 506 682 698 698 
401 401 
162 162 277 277 350 350 514 514 
6 281 520 
99 99 99 312 
81 
659 
366 366 502 659 


20 76 229 
5 5 384 396 396 569 569 830 830 830 954 

175 276 276 276 276 780 780 936 
394 394 394 
487 487 487 755 989 
178 
502 

109 236 933 
67 229 
307 307 326 652 
111 390 893 893 

25 25 85 123 175 175 229 289 289 289 289 356 432 483 519 653 653 740 769 769 840 849 849 849 854 854 875 875 886 943 967 969 1015 
317 317 476 476 
286 286 795 
267 860 860 
481 559 659 712 

435 890 
14 14 14 222 386 
362 845 
530 740 
363 363 366 366 607 714 714 
258 258 258 673 694 1019 
548 548 
675 
196 
782 
229 
119 162 162 162 715 715 
95 95 95 1009 
7 61 61 86 86 86 86 186 262 1017 
245 336 
1006 1006 1006 
277 296 448 475 816 816 816 816 
13 312 723 723 723 825 
846 
395 395 596 596 601 612 660 660 878 878 954 
934 934 
175 175 832 
539 
906 906 906 1011 1011 
68 75 234 234 337 337 351 382 469 548 592 658 917 917 956 956 
208 208 445 

922 922 
308 308 308 308 308 
467 841 
248 248 362 397 802 802 802 802 
372 497 711 

79 598 598 1009 
376 434 515 515 

32 266 266 
633 
963 
13 13 212 312 338 803 1001 
81 150 427 741 1006 
323 323 744 744 
978 
229 954 
236 614 614 767 767 767 844 
319 679 679 679 911 959 
175 175 807 


546 546 546 1001 1001 
502 502 859 
51 51 107 277 277 475 
53 53 53 952 954 954 
717 717 
483 483 483 653 780 
701 721 721 721 749 815 930 946 946 946 
37 37 
101 428 428 
674 830 
712 788 
804 
291 366 366 909 919 

780 780 780 
356 356 905 905 966 966 966 
579 579 
277 277 277 383 637 666 
29 342 
780 780 
46 50 118 439 
539 
143 143 157 547 
168 168 277 277 550 550 903 
502 836 988 
127 783 783 973 973 973 
177 177 177 177 428 428 428 486 486 557 


229 323 655 669 669 
683 683 
95 
935 
277 277 
196 

229 366 366 600 706 
189 189 
132 132 
53 277 277 900 900 
460 460 780 780 886 
72 72 277 277 567 
268 435 557 
368 368 660 805 805 945 
23 23 35 35 74 225 330 599 964 1005 
79 214 229 229 611 611 996 
571 
907 907 
660 660 
146 146 282 417 543 543 586 
446 446 446 505 505 
27 229 229 575 575 703 703 703 740 780 875 
219 219 437 
467 630 630 
366 524 
238 786 
229 234 414 
301 
778 778 
407 407 726 
639 639 
654 654 
699 
129 265 265 498 498 
454 
277 874 874 
0 0 107 306 
93 93 277 277 431 473 473 908 
59 59 162 162 189 189 277 277 277 316 411 453 606 858 
409 409 
850 850 948 966 
229 809 809 809 
240 240 882 882 954 954 
629 902 
466 466 466 847 

831 
212 212 
438 438 673 
475 
576 
134 134 232 
597 810 810 

135 338 660 660 847 
709 709 
288 288 956 
238 238 238 311 366 436 502 502 545 562 596 596 660 660 813 813 968 978 
125 
338 1002 
69 69 162 162 715 
273 302 302 
18 21 
935 935 1006 1006 
474 474 474 954 954 
841 


775 963 1019 1019 1019 
428 806 806 
315 648 867 928 928 1006 1006 1008 
53 53 769 
37 428 557 557 574 574 684 684 1023 

193 193 193 193 545 
147 
277 
56 56 56 582 
780 967 
980 
610 878 
364 509 509 689 841 841 841 1017 1017 

534 534 905 
229 229 401 401 461 
239 239 414 484 484 582 582 700 954 
632 632 
838 954 

5 14 30 30 37 37 43 55 55 55 55 61 74 107 128 128 130 134 137 137 157 163 171 186 186 196 198 218 229 229 239 239 250 269 269 277 277 283 284 286 286 292 305 318 354 370 370 374 403 414 434 434 465 467 479 479 516 518 529 548 548 548 589 589 601 640 641 660 681 682 684 684 710 721 723 736 736 736 737 767 805 829 838 838 907 907 929 929 950 952 963 1006 1006 
290 
234 337 337 382 548 548 548 810 810 921 
277 277 459 570 570 
76 482 
262 496 563 624 624 660 831 
415 415 
750 

100 115 115 115 366 366 372 372 453 641 824 933 954 
308 308 308 879 
35 35 
295 502 502 850 850 850 905 
473 473 473 473 780 943 
21 574 922 
175 656 780 

25 478 

735 860 860 860 
96 96 714 
427 741 741 

410 410 
268 566 566 566 828 922 
364 
102 114 366 944 
45 45 107 366 399 399 
493 493 663 
569 569 
502 
115 458 458 458 
105 
229 
277 348 381 381 419 464 464 464 464 613 613 753 753 859 
156 771 
411 411 
82 114 
5 341 341 597 597 
504 
182 182 229 
435 
880 

32 51 229 544 
169 334 366 366 399 399 688 688 
672 1013 
825 835 835 
1 388 426 426 426 568 568 924 1006 1006 
555 
50 50 123 700 700 716 716 
35 879 
83 208 327 487 487 604 604 619 713 713 713 713 714 741 741 751 801 801 801 826 928 928 935 935 954 954 1002 1002 1009 
119 354 354 438 504 504 
935 
138 246 798 819 1006 
92 479 479 
809 809 
427 474 
229 229 229 401 1000 
732 
451 451 451 780 
33 33 277 697 697 697 697 
86 145 170 249 262 262 262 366 366 366 509 703 799 946 946 
277 707 
46 791 933 933 933 

109 556 

477 477 937 
