nodes: 1024 edges: 1910
258 258 310 310 899 
648 664 849 
329 329 329 
414 
212 
61 185 185 263 263 328 341 341 531 531 569 569 710 710 710 767 954 954 954 

278 
300 366 896 
648 
347 943 943 
748 
285 
212 825 
51 51 51 178 787 787 954 
147 
954 
240 643 
21 21 436 725 725 927 
82 82 
766 
18 18 574 574 968 
84 117 117 277 
74 110 308 308 617 879 879 1005 
351 728 728 
478 780 
244 244 244 244 422 584 876 
447 447 447 

121 853 
146 224 224 884 954 
548 
603 822 998 998 
77 1016 1016 
532 
647 879 879 1005 
166 
462 462 602 628 628 751 842 937 937 
229 

497 954 954 965 
77 77 77 


559 559 712 845 1003 1003 
62 62 399 399 981 981 
1019 
189 
720 720 
903 903 
277 555 555 700 700 1004 
14 14 14 647 837 998 
452 708 
336 502 502 721 721 721 838 838 874 874 936 936 
279 279 
954 
220 220 582 942 942 
79 146 344 524 524 880 880 
458 458 985 
159 159 903 903 
366 366 
5 686 686 
45 45 109 109 109 
154 382 382 382 382 626 
229 229 277 278 407 407 
274 449 
435 435 786 877 903 903 903 

382 810 
472 925 925 
325 325 
448 448 
277 876 
229 445 614 614 
23 160 179 179 179 564 839 954 
810 810 
194 958 
33 41 41 41 229 

57 99 111 111 229 420 781 819 880 
536 
604 604 604 606 826 
19 19 147 147 209 267 267 283 283 343 343 353 355 366 500 513 537 643 657 699 787 
741 
22 430 
123 462 780 
170 170 376 376 799 799 799 
674 674 
658 658 
427 

241 241 
403 479 479 691 691 691 1010 
266 649 
277 277 473 902 
667 798 798 866 866 

928 

79 760 760 760 804 
436 436 436 
125 488 488 756 756 756 843 843 
324 324 324 397 397 397 397 414 414 480 480 980 980 980 
410 410 
113 113 358 739 
660 
392 517 517 517 
171 171 310 310 633 837 837 901 901 954 954 981 
409 409 458 
62 62 62 1021 
23 1005 
79 79 420 778 778 778 
154 
104 104 162 162 
399 399 991 
150 229 229 233 233 632 654 963 963 
238 238 238 326 333 
22 22 
128 
162 227 227 739 797 

29 529 569 744 744 
189 323 323 
85 435 435 550 863 995 995 1004 
367 
101 569 923 
640 
402 402 973 
118 
265 477 486 498 498 498 898 898 
932 932 
132 132 407 
131 131 271 
298 497 
916 916 916 916 954 954 
199 199 919 
270 270 519 
284 684 954 954 
242 421 1006 
277 541 541 
181 181 
245 245 734 734 
262 262 624 624 
857 857 

169 325 
30 57 417 417 
15 82 82 235 235 699 714 940 940 954 954 
208 
399 723 999 999 
115 700 1006 
202 202 202 407 407 
432 756 
357 522 603 
63 112 252 252 252 360 856 
279 279 279 
389 589 589 589 640 640 
205 205 494 632 632 954 
277 277 
59 59 582 587 681 700 954 
74 
541 
113 113 119 204 229 229 277 277 439 472 472 472 472 490 647 647 715 739 739 739 752 758 797 797 903 
954 954 954 
569 
660 
36 256 635 635 

435 525 525 858 
145 366 592 
86 86 192 
107 107 210 215 215 215 215 588 588 954 
718 
205 205 339 617 617 617 
471 471 
239 347 507 507 509 764 780 832 943 969 
660 660 754 
486 498 498 696 
14 772 
74 74 74 

140 140 562 831 831 831 
329 387 387 994 
277 
333 
5 5 
516 704 799 799 799 799 
434 434 756 
502 502 635 
47 122 846 846 872 903 
382 
328 601 
170 239 354 354 
699 939 
76 958 958 
481 
199 199 218 229 229 571 581 678 678 694 694 794 869 

882 954 
135 135 196 196 571 794 

340 340 
151 151 151 

162 
157 157 173 173 954 
478 
247 596 596 
148 714 714 811 1006 
82 366 367 905 905 954 
171 215 215 215 723 
241 284 689 689 
4 13 470 825 912 912 912 
683 929 954 
575 575 670 880 880 
171 171 171 171 210 210 210 

365 425 434 434 500 594 594 
196 954 954 1002 
887 887 
56 56 437 521 595 595 651 651 
229 229 478 478 

816 
30 30 
879 
388 388 634 709 
119 119 
1000 1000 1000 
38 64 64 73 77 79 115 115 162 162 196 196 221 221 230 230 241 241 277 281 320 323 323 323 345 358 358 366 366 368 368 407 407 408 408 408 427 442 442 446 464 500 534 578 600 603 614 614 632 655 655 706 719 719 719 726 766 775 780 780 818 830 830 869 871 886 886 948 949 954 994 994 994 998 998 
229 229 719 880 
554 554 
916 
115 115 252 
642 810 810 810 834 834 956 956 
147 147 
775 775 
966 966 
116 116 116 309 609 609 609 814 890 922 
175 192 273 366 391 671 950 
17 602 602 907 907 
91 91 211 229 229 765 765 
138 
583 583 
26 26 26 26 617 617 642 
141 141 800 
1009 
207 596 
362 397 
568 909 1017 
569 621 621 
343 
154 154 154 233 856 856 
335 335 366 

382 597 
166 

0 0 791 791 
532 966 
607 607 
366 366 366 
142 142 363 363 363 366 412 412 440 624 959 959 1017 
5 5 
288 362 
129 898 898 
93 277 277 739 822 
82 82 654 783 991 
877 978 978 
487 487 954 
136 136 539 539 
132 407 1012 1012 1012 
366 407 407 
239 302 
65 627 779 
666 
769 769 769 769 
22 50 64 72 94 94 139 158 158 162 162 183 229 266 266 298 323 323 323 339 346 354 383 419 423 423 439 449 475 475 475 533 541 541 543 570 570 697 707 707 739 739 758 758 802 837 852 852 852 858 858 868 872 872 874 874 876 902 903 903 903 954 954 954 1016 1016 
7 64 345 387 
54 54 155 155 155 722 722 
725 745 745 804 
229 
744 876 884 
82 82 429 954 
137 211 619 954 
12 407 723 
782 782 954 

264 921 
355 546 
955 955 

954 954 
362 
469 898 

802 
545 620 745 745 
133 277 

8 366 740 
684 892 
273 732 926 926 


602 
419 419 419 
777 
23 23 814 814 838 964 
238 
0 0 107 107 454 454 711 711 
922 

502 
683 
648 935 

781 781 781 
416 954 954 
831 
229 476 

395 503 660 878 938 938 
122 122 229 229 229 277 277 277 357 827 
102 102 102 903 903 
70 70 145 355 355 762 
116 777 
727 1006 1006 1006 
5 191 331 531 580 
2 2 2 182 796 796 
879 983 
328 686 
616 
116 184 
366 366 530 
253 253 502 873 
53 800 821 
810 956 956 
825 919 
173 277 617 
201 201 418 684 684 
5 5 772 954 954 
767 767 
82 82 251 
57 450 611 611 611 611 
229 278 
277 
10 175 

399 399 
428 
24 460 460 469 548 
922 922 
82 
192 192 277 954 995 1007 
82 289 325 325 
780 780 
153 323 
104 229 229 
502 502 528 528 
154 684 684 684 755 755 755 
410 410 714 
248 264 293 502 502 502 518 518 615 743 788 816 984 
262 262 262 366 916 
586 
217 391 451 451 451 451 
8 60 60 82 169 209 229 229 239 253 261 261 261 262 272 300 334 334 363 393 399 407 407 441 476 476 502 502 523 616 616 660 660 668 668 688 700 719 719 745 763 790 871 871 922 922 922 980 981 981 1017 1017 1017 1022 1022 
124 209 
229 229 487 487 733 733 878 878 
937 937 
954 954 
680 680 680 
523 523 817 963 963 

954 

86 86 513 513 526 
442 442 442 



419 
63 63 63 63 68 190 255 810 
277 
684 767 767 

722 722 918 
182 182 278 
226 226 568 924 1002 1002 1002 
156 
778 
239 365 950 950 950 
106 527 
366 466 
770 
322 

102 102 102 102 248 816 816 

45 45 114 114 149 349 349 366 594 594 750 816 823 981 981 999 

732 757 757 757 
127 127 736 736 736 
92 954 
603 603 
565 565 869 
527 
64 64 131 151 151 229 229 271 272 272 285 366 366 427 583 583 584 584 584 894 
229 229 229 909 
108 108 652 904 
103 103 361 361 526 526 526 526 660 660 919 977 
492 492 990 
262 262 
586 841 841 841 946 
3 102 102 891 950 954 954 954 
960 1007 
318 664 963 
146 146 
340 
277 306 306 306 381 707 
79 111 573 642 642 642 
138 
26 561 561 
277 277 449 

217 
653 653 653 
89 229 407 583 583 604 695 780 780 826 826 854 1012 
350 431 486 486 498 628 755 755 861 934 937 937 
283 
84 
428 755 902 902 
152 486 780 

187 187 217 217 515 515 768 768 820 954 
66 66 123 123 168 550 550 550 877 
18 100 100 100 922 
220 
733 913 913 1007 1007 
162 277 603 603 603 855 
262 660 660 
366 
229 229 377 377 377 
708 708 747 
539 
73 
229 
27 27 27 
71 71 
65 277 423 777 
344 
365 365 365 365 780 
52 530 
503 903 
310 310 


592 
58 58 108 777 985 985 
957 957 
351 351 575 575 575 875 875 
805 949 949 
37 37 85 
623 623 
229 779 988 988 988 
954 
393 909 
815 815 888 
475 502 
294 351 
212 
174 174 
69 162 162 162 162 735 
94 902 967 967 
929 929 929 1012 
277 277 277 468 
320 366 366 745 745 781 781 
129 
25 206 221 221 971 971 
92 92 491 518 
102 102 
195 712 712 
855 855 
840 
889 

129 177 428 428 432 861 
269 269 368 368 540 714 714 771 771 771 771 862 1006 
101 101 756 
747 
162 797 797 797 
479 955 
411 411 

157 

706 959 
40 133 817 940 
129 129 129 177 177 428 861 898 898 
530 568 789 789 
82 217 229 820 820 

53 53 188 188 313 335 359 359 362 362 362 366 366 468 659 674 685 685 685 720 731 731 763 836 836 859 859 922 922 953 953 966 966 
322 453 
1007 
885 885 885 
622 622 632 
175 175 662 969 
662 662 
175 
700 700 700 

789 
82 376 376 787 
758 925 
434 434 
186 
106 106 106 527 537 537 
362 362 479 954 
136 727 
680 
220 595 
153 530 530 
366 372 372 817 817 
57 57 
168 168 
376 410 410 410 410 767 844 844 954 954 
392 406 517 
359 359 
121 
334 452 499 522 522 555 789 954 
5 5 328 992 992 992 
34 259 650 
277 739 
229 

80 
82 517 517 

270 270 444 808 808 856 856 856 
487 
139 139 161 277 277 
926 
277 884 884 

297 562 596 
289 647 647 780 835 835 
857 
31 351 792 792 810 810 835 954 956 
667 667 
123 435 435 435 858 
964 964 
956 956 

231 231 
50 50 530 698 

877 937 947 947 
619 862 
44 44 712 784 784 
676 1006 
422 422 
181 545 922 922 
959 
74 
405 405 
978 978 

249 388 499 621 621 
5 5 121 125 164 250 673 673 767 931 
277 277 
196 199 881 881 

420 
21 21 684 684 709 709 937 937 968 
214 214 460 460 460 653 
670 670 915 

229 

328 
196 
56 159 587 880 942 950 954 954 
243 243 407 407 427 427 
26 407 407 407 979 
702 
364 413 689 946 
159 582 681 681 
171 171 
156 156 156 954 
926 926 

169 457 
699 
217 217 399 399 640 640 855 
220 220 521 
207 207 247 545 922 
255 
819 

229 871 
191 878 954 
37 240 240 305 907 907 
32 153 229 404 404 439 439 439 
81 81 81 427 683 1006 1006 

81 
260 260 612 675 790 
759 
238 238 238 660 
945 
344 344 344 344 819 819 880 880 
607 660 660 675 675 805 
753 988 
73 73 229 229 745 745 745 
362 
332 366 366 687 
23 173 173 173 244 244 339 642 642 

284 558 714 
297 745 
250 250 568 568 
506 506 951 951 951 
463 463 
142 142 262 959 

63 
274 
37 37 428 937 
695 
634 888 888 
956 
115 157 157 229 506 951 
107 
226 630 
166 166 188 857 

705 705 852 852 
679 831 831 
888 
126 156 156 594 594 833 954 954 
954 991 
234 244 420 420 420 617 617 
17 82 

1014 1014 

35 51 162 162 546 546 737 
1 9 315 664 935 
93 736 736 
532 
220 220 694 694 791 791 
409 777 
426 426 426 575 
115 267 896 
229 229 864 
969 969 
82 
88 88 810 810 
502 762 762 784 784 
105 165 176 176 322 366 366 410 410 440 440 609 612 612 673 673 673 705 733 733 734 805 878 883 954 959 
837 837 
507 508 508 717 
982 982 
1 416 648 
989 
275 852 
95 549 549 
366 366 
864 864 
214 576 576 
239 697 
709 1000 1000 
569 569 660 660 660 
87 87 502 
607 612 612 
560 1006 1006 

196 196 
638 
371 371 371 520 
159 587 587 722 954 
756 756 756 954 
213 314 604 865 955 
137 301 340 340 360 360 360 384 574 574 755 929 954 
502 502 502 
61 61 331 
616 
366 868 
211 211 586 

92 92 92 


196 196 651 651 791 791 874 
427 629 812 812 
177 
277 671 952 
555 756 756 
82 147 193 593 745 745 745 897 897 939 
50 50 150 159 366 510 510 510 772 950 
841 841 
585 
886 886 
186 954 954 954 
637 637 660 
229 496 871 871 
277 277 419 949 1018 1018 
52 443 443 726 730 
226 574 574 672 920 
5 5 5 
310 310 
44 481 481 559 784 845 

147 208 208 361 487 487 619 790 974 974 1006 
162 797 925 
1004 
662 839 
172 
229 229 229 230 366 366 970 
48 48 502 773 773 836 836 
53 53 53 841 841 
279 279 386 386 681 
149 210 285 
812 812 
18 18 280 954 963 
229 708 
327 519 902 902 
24 24 

708 747 
502 502 738 
302 401 1013 1014 
368 368 438 660 660 787 954 954 
141 141 660 
472 
402 402 402 649 649 954 1023 1023 
647 
731 
104 119 162 162 162 266 277 277 533 
300 780 780 
83 826 826 826 826 1006 

362 
121 121 282 827 827 
280 280 297 297 366 476 476 614 614 614 620 699 699 699 

443 489 730 
11 
841 
399 
37 
162 
613 988 988 
176 
360 360 360 428 428 431 684 771 
101 101 101 152 187 488 682 682 682 698 698 768 954 954 954 
401 401 401 949 949 
162 277 277 514 
608 
99 99 99 

325 659 659 763 763 
366 502 762 762 
175 
241 241 881 
20 229 
5 342 342 384 384 526 569 853 954 954 
434 434 756 
276 276 276 276 780 
394 
487 487 487 487 755 
178 341 700 954 
720 720 

229 236 236 

307 326 449 458 652 
111 111 111 390 805 
274 464 
25 85 175 229 229 356 356 427 427 432 451 546 740 740 769 840 840 849 849 854 875 886 886 967 969 969 
79 317 317 317 476 476 
286 286 795 
267 860 860 
559 559 659 659 712 
956 
66 890 890 
14 14 82 513 733 
362 845 845 845 845 
499 499 512 530 
366 607 714 
258 258 651 651 694 694 1019 
548 548 

196 199 
782 835 835 
329 329 
119 162 162 490 490 490 715 
95 95 1006 1009 
86 86 86 186 186 186 186 1017 
245 336 
954 1006 
277 296 816 
825 825 
99 280 846 846 
461 612 660 778 878 878 954 954 
934 934 

539 539 
906 906 906 1011 1011 
68 75 75 234 234 234 337 382 548 548 658 658 917 917 917 917 956 
208 
695 695 724 724 1019 1019 1019 
922 
238 308 308 
467 467 841 888 
223 362 397 397 399 802 
372 497 523 523 
229 
79 598 611 611 
434 500 500 916 
336 966 
32 266 
399 

13 212 338 803 803 1001 
81 427 427 741 741 741 741 903 1006 
323 744 744 
978 

229 229 844 844 864 
181 181 181 319 638 638 
175 
640 
234 234 
546 546 548 795 795 1001 
502 502 720 720 859 859 
51 107 107 277 661 661 
53 53 308 954 954 1020 
74 717 974 
483 780 780 
413 413 413 701 701 721 721 749 815 954 
37 
101 101 
526 526 830 830 
44 712 788 788 788 788 
189 189 804 804 
909 
1005 
1 780 780 
966 

277 277 277 637 637 666 
29 767 
427 780 
439 482 482 594 958 958 
154 252 252 539 539 539 
143 143 547 635 
168 277 277 550 903 903 903 
502 502 836 836 988 988 988 
783 783 973 991 991 
428 486 498 
487 558 
123 
655 669 669 830 
683 954 
95 95 1009 

277 688 
196 229 405 
937 937 954 
229 366 366 600 706 706 
189 277 277 
335 
53 53 277 277 694 900 
460 460 780 
26 72 277 282 
66 268 435 557 1023 
322 368 368 601 660 805 805 945 945 945 
23 23 35 35 225 330 964 964 1005 
57 57 79 214 214 230 582 611 611 996 
571 571 765 902 
198 907 
660 
30 282 543 543 
505 505 505 
229 229 703 703 780 780 
219 219 
467 630 630 639 815 
484 950 
238 786 786 
414 
301 

407 

8 654 981 
699 699 
129 129 265 265 294 498 498 
0 
874 
107 107 
94 277 431 431 473 727 727 881 
49 49 59 59 66 66 66 162 189 277 277 277 324 324 453 826 858 858 858 
409 
209 209 948 
809 809 809 
240 240 602 602 882 

249 408 466 847 


212 212 212 
438 438 

576 
134 134 134 134 232 363 820 
810 810 810 810 
386 
135 338 410 938 
709 
288 956 
238 311 352 352 366 366 366 436 502 502 562 562 596 813 968 978 
125 
388 1002 1002 
69 69 514 715 
302 302 542 590 590 
18 
97 1006 
213 474 474 474 684 954 

569 
130 130 
1019 1019 1019 
428 806 806 
315 648 1002 1006 1008 1008 
53 53 
37 37 369 369 428 428 557 574 574 628 870 870 954 1023 
322 322 919 
193 699 
147 147 497 

56 56 582 
10 10 175 967 967 
980 
610 878 878 878 
413 586 1017 1017 
557 557 
229 905 
229 461 461 707 757 757 1013 
239 391 391 391 414 582 700 889 
622 622 622 632 
697 
502 502 
5 5 5 14 16 30 40 40 55 74 107 107 134 134 137 137 147 147 157 159 163 163 163 171 198 205 209 213 218 218 229 269 277 277 277 283 284 286 292 292 318 318 341 341 354 370 370 374 403 414 414 414 434 465 518 526 526 530 548 582 582 589 601 640 640 641 660 681 682 684 704 704 704 725 733 733 736 756 756 756 767 767 772 801 805 805 838 838 841 865 870 929 937 963 1006 1007 1007 1007 1023 
290 290 491 683 
234 234 337 337 548 552 552 631 785 810 921 
459 459 
76 194 194 855 855 
262 262 496 563 624 660 986 
415 


115 115 372 372 416 725 954 
308 551 551 879 879 
40 
237 237 259 502 502 821 850 
473 473 780 943 943 
21 574 922 993 
175 507 656 656 780 780 
719 
478 478 

127 860 
714 714 839 
1012 

410 
268 268 566 566 828 922 
584 
102 102 102 366 944 
45 45 107 366 366 399 399 896 
663 663 
330 
362 
58 458 458 
959 

464 464 464 613 753 753 859 859 859 
665 
411 
114 267 641 860 860 
531 531 531 
968 
182 229 229 229 
123 123 354 
880 

32 32 51 229 229 
149 149 399 
228 228 228 672 672 1013 1013 
825 835 
218 388 388 388 924 924 935 1006 1006 1006 
44 44 
50 123 716 
23 35 110 848 879 
138 150 208 327 327 327 487 560 604 604 676 676 714 741 798 801 826 928 935 954 1002 1002 1002 
354 415 438 438 504 954 954 954 
935 935 
246 798 866 
92 
809 809 
271 271 271 427 474 975 
732 949 1000 1000 
645 645 732 

33 33 277 277 
249 262 366 366 366 799 946 946 
707 707 
46 791 812 812 812 933 933 933 
838 
109 
366 366 
736 736 877 937 954 
