nodes: 1024 edges: 1929
258 258 310 310 899 901 901 
648 664 

414 414 452 
212 
263 263 328 331 331 341 342 531 569 569 569 767 767 767 954 
759 759 

229 300 366 366 
648 
347 943 

19 82 240 
212 803 
51 51 178 178 178 954 
147 
815 
82 82 240 
436 927 927 927 
12 82 82 
162 162 229 229 766 766 766 
284 922 927 968 
117 117 277 
308 617 1005 1005 
31 351 728 728 728 
478 780 780 780 971 971 971 
244 244 422 584 
447 886 886 
463 
121 
146 146 146 884 884 954 
24 351 351 782 
229 405 603 746 998 
442 442 
176 
647 1005 
166 229 
462 462 462 628 628 842 842 937 954 
229 
990 
802 954 954 
77 77 82 

497 
91 559 712 712 712 1003 
62 981 
451 855 855 1019 
189 324 324 324 
701 701 
161 
277 277 700 700 1004 1004 
14 14 647 647 837 837 998 998 
452 452 530 530 
336 502 502 532 532 721 838 838 874 874 874 
279 279 279 
954 
220 220 275 275 275 582 942 
524 880 880 
458 985 

366 399 
328 686 686 799 954 954 
45 109 109 
220 626 
229 277 278 407 
272 449 
435 435 786 877 877 903 903 903 

382 810 
472 925 
325 589 
151 151 
876 876 876 
614 644 
179 564 564 564 717 839 839 879 879 954 

194 958 958 
41 41 229 
366 
99 111 229 229 420 781 819 819 866 880 
536 536 
472 761 
12 17 17 19 19 41 197 283 283 283 355 366 500 500 537 593 643 643 657 657 657 699 
741 741 1006 

123 123 462 462 462 863 
170 170 170 531 799 

569 

532 532 
44 
403 479 479 691 691 1010 
649 736 736 736 902 
277 277 902 902 902 
667 667 866 866 
974 

739 
79 760 760 
436 
488 843 843 843 
324 362 397 397 414 414 414 480 980 
410 
113 358 358 739 
660 660 986 
392 392 517 
310 633 661 901 
409 458 458 458 458 
62 62 
1005 
79 420 778 778 
154 154 
104 
366 366 399 980 991 
150 229 229 632 632 963 985 
238 238 
22 22 138 138 
128 855 
739 797 797 797 
225 
29 529 744 744 
189 189 189 323 323 
85 85 168 435 435 525 550 780 780 780 995 995 1004 
367 
509 509 509 923 
640 833 833 833 
736 860 860 973 973 
118 954 
265 265 477 477 486 498 498 688 688 898 898 1023 
554 932 
286 407 452 
271 873 873 998 998 
497 
916 916 916 916 954 954 
199 919 
252 270 270 
284 684 954 
117 117 242 242 242 
277 361 
153 181 181 181 181 
245 660 
262 262 262 959 
857 
407 
169 1017 
30 30 30 417 884 884 
15 235 497 714 737 940 940 954 
208 
399 399 723 981 999 999 
115 826 1006 1006 
71 71 309 407 407 
432 
140 323 357 
112 112 252 252 252 360 617 856 
193 
589 
173 205 494 632 857 857 
277 
587 681 700 700 942 
646 646 748 748 748 
49 541 
20 20 204 229 229 277 277 277 292 439 439 637 637 647 715 739 758 797 903 903 925 
954 
569 569 
569 
36 
328 580 
123 525 858 
145 366 366 592 999 999 
86 86 86 287 1017 
215 215 588 
267 267 576 718 718 915 
157 205 339 617 617 
471 702 
347 507 764 769 780 780 807 832 943 969 
34 511 511 660 754 
428 498 861 861 
14 14 14 954 954 
74 308 

140 140 140 140 266 831 831 911 
329 796 
858 858 
573 

704 704 799 954 
434 756 
502 635 773 
47 122 122 122 277 277 872 
382 382 
328 601 601 601 601 
239 239 239 
155 939 
76 958 958 
223 223 
229 229 571 678 681 681 681 694 794 954 954 954 
82 355 
954 954 
135 571 794 
568 
340 
407 407 407 715 
571 
162 
157 173 954 954 
315 
247 596 596 596 
148 714 811 811 811 
905 954 954 
215 215 723 723 
284 
4 13 470 825 884 
683 929 954 
575 880 880 
171 171 210 210 

365 425 434 451 451 500 500 515 594 594 610 610 


56 56 63 437 521 651 
229 229 
513 
195 195 816 

120 465 537 
388 388 634 

699 1000 
8 20 20 32 36 38 64 77 79 79 115 115 162 162 196 196 221 221 230 230 241 241 241 277 277 277 320 323 345 345 358 366 368 398 407 407 408 408 424 424 424 427 427 427 442 464 464 476 485 500 500 500 500 534 544 600 603 614 630 632 632 681 681 691 706 719 722 722 726 730 730 747 752 775 776 776 780 780 780 796 796 829 830 864 869 869 871 871 886 891 906 949 954 994 998 998 1011 
229 229 719 
554 
916 
252 632 
642 642 810 810 891 
147 308 
775 775 830 
966 
116 116 660 660 922 922 922 
192 192 192 273 391 950 950 954 
12 17 602 602 907 
229 229 229 524 524 524 524 765 
138 138 138 
583 671 671 671 
26 26 642 642 
141 800 
536 1009 1009 
207 596 

909 962 
621 

136 154 154 154 233 376 376 819 
335 366 366 393 
677 1011 
382 382 382 


0 0 
295 502 
607 607 714 
366 
142 142 142 363 363 366 412 412 412 440 563 799 959 1017 
5 5 384 396 
362 518 577 
129 129 898 898 
181 277 277 822 
172 172 654 718 860 
978 
487 487 954 954 
136 136 
132 583 1012 1012 
65 407 407 
239 302 
366 402 407 
56 56 56 

22 50 50 64 94 94 139 158 162 162 162 189 189 229 229 229 266 266 323 323 323 324 346 346 383 419 419 423 439 439 449 453 459 459 475 529 533 558 739 758 802 802 837 837 837 858 858 858 872 872 874 876 902 903 988 988 1016 1018 
64 387 
54 54 54 722 
745 745 745 
759 759 759 854 
744 744 884 884 
82 82 82 353 429 
21 137 211 619 619 954 954 954 
407 723 
131 547 765 782 954 
170 673 
553 553 553 
355 355 355 355 546 647 780 780 
314 314 955 955 
847 
162 

469 
259 
802 802 
545 620 620 

642 
8 510 740 
684 892 
273 732 732 926 


602 1012 
385 419 901 901 
326 326 
23 179 235 814 814 964 964 
151 
0 0 107 317 317 456 711 954 


502 502 502 529 529 
290 290 491 683 
206 648 648 648 935 935 
379 379 903 
310 310 781 
954 963 963 

229 476 

878 938 938 
122 122 153 229 277 277 277 357 485 706 827 864 
47 47 47 102 277 558 558 
70 355 355 589 
307 307 
727 1006 1006 
5 61 167 191 331 531 531 580 
182 796 
378 879 
5 5 328 625 686 686 
616 

530 
253 480 502 873 
53 800 821 
810 956 
825 924 1001 
173 617 
201 418 
5 597 597 772 992 
5 767 825 

450 611 611 619 
229 229 
277 277 616 
10 175 
568 568 568 
399 399 823 823 
428 428 758 758 
24 31 31 460 460 469 469 782 782 810 810 

283 429 
954 995 1007 1007 
82 197 289 289 289 289 325 325 
780 850 
153 323 
104 104 229 
528 659 
154 684 684 755 755 
139 410 714 
102 264 502 518 518 615 743 743 788 788 788 816 
262 262 366 790 916 
586 946 
217 451 451 920 
8 8 60 78 82 114 114 169 169 229 253 253 261 262 274 363 407 409 409 441 441 450 450 470 470 476 502 510 523 523 607 616 660 660 668 688 719 745 763 777 847 847 871 871 889 922 950 963 976 980 981 999 1017 1017 1017 1022 
124 
229 487 733 733 733 878 

737 954 
680 797 

605 605 
954 954 

252 252 526 
442 
330 
316 316 502 713 

419 419 988 988 
68 190 190 255 255 255 810 956 
277 852 852 852 
263 684 767 
306 419 988 
524 524 
278 
226 226 426 634 924 


239 950 
106 106 406 517 
253 
451 

263 
102 102 816 816 
229 706 
60 114 149 149 349 349 594 594 627 823 981 

949 949 1013 1014 
274 736 
92 
603 
32 
392 
64 131 144 151 151 202 202 202 229 229 272 272 274 285 366 427 427 583 894 894 894 894 
229 229 
108 366 366 652 652 
103 361 526 526 526 919 919 
492 492 903 
262 262 262 
586 946 
3 3 102 102 102 950 954 
960 960 
963 
146 636 636 884 
340 
277 277 306 381 381 385 707 988 
79 111 573 642 

26 561 561 579 
277 449 
229 229 229 
217 539 
388 653 653 1002 
229 229 229 407 407 474 483 695 695 780 826 826 975 
177 350 350 463 486 498 557 557 684 684 861 861 937 
283 353 966 

755 902 
152 486 780 780 
954 954 
187 217 515 640 
66 66 123 123 550 550 877 877 995 
18 100 
220 887 887 
913 913 913 913 1007 1007 1007 
162 162 277 277 603 
262 609 662 
366 366 
33 33 229 377 690 
708 708 708 726 747 747 894 
539 

885 
27 

65 277 423 
344 366 366 
46 217 217 365 365 394 770 780 780 1015 
3 52 52 131 
277 550 903 963 
661 661 899 

310 
592 592 
58 108 108 108 108 777 777 985 
277 277 
351 351 575 575 875 
805 949 949 
37 37 37 85 85 85 
28 428 623 623 
229 229 779 779 779 988 
225 954 
909 
639 639 815 888 895 
475 1010 
294 351 351 806 810 
212 366 366 
174 780 
69 81 761 925 925 925 
881 967 967 
427 929 929 929 
277 468 802 837 
229 320 366 781 781 809 
129 129 1023 
25 
92 92 491 518 518 
102 335 
784 
855 855 855 855 958 958 958 
427 840 
889 889 950 
229 323 783 
129 428 432 696 861 
269 269 368 714 714 771 1006 1006 
101 693 693 756 
747 
797 797 
314 479 954 
411 411 

157 
568 
563 957 959 
43 133 147 817 
129 129 177 428 861 898 898 
568 
82 82 217 217 229 229 229 229 820 

53 53 188 259 313 313 313 335 362 366 379 528 532 607 607 674 685 720 731 731 773 836 836 859 922 922 966 984 

993 1007 1007 
885 
622 622 622 632 756 810 
175 969 969 

125 125 125 946 1017 1017 
300 366 700 700 
176 176 
789 789 
222 787 
758 
217 434 961 961 
954 954 954 
106 392 527 537 546 
264 362 362 479 479 577 954 
727 727 727 
680 759 
220 595 
530 
366 366 
57 241 241 241 241 386 386 
123 168 
376 410 410 410 767 844 954 954 979 
517 
359 502 
121 277 313 313 954 954 
52 52 334 522 555 555 555 789 954 954 
5 86 328 328 992 
53 53 90 90 502 650 692 
277 739 739 
229 948 
592 592 
80 80 246 
82 225 517 
1003 
425 444 808 856 856 

161 
840 926 926 
941 
229 
297 562 922 978 978 
289 517 647 647 780 780 780 835 835 835 
286 954 
792 810 810 810 954 956 
667 667 
123 435 435 453 858 
964 

288 288 288 
130 231 
530 530 530 698 698 
1021 
428 428 877 877 937 937 947 
277 324 324 619 
44 712 922 
676 
422 422 584 687 
545 
262 496 959 959 
74 74 74 

978 
876 
200 348 348 348 495 499 621 621 621 621 1002 
5 5 5 88 164 164 165 673 767 
957 957 
196 199 203 

184 420 
709 937 937 937 968 
214 460 460 653 886 
172 670 670 915 
264 518 

422 
167 328 

56 587 587 880 942 950 
243 271 407 
26 561 979 979 
656 
364 413 689 884 946 
159 582 582 
171 
70 156 325 954 
926 926 

169 457 457 535 535 746 746 
82 699 699 
217 217 399 399 640 640 
521 
207 207 207 247 805 922 
341 341 917 917 992 
819 819 
879 
229 871 
191 191 191 191 801 805 
240 240 305 751 954 
32 229 404 439 
1006 
373 373 

260 260 366 502 502 612 612 
759 
440 660 660 678 754 
217 217 945 
344 344 880 
607 607 660 675 675 675 
988 988 
73 229 620 620 745 830 
362 
332 346 366 663 687 982 
23 154 173 173 339 642 

284 284 344 558 714 1006 
297 297 614 614 745 
250 568 568 568 568 887 887 
506 506 506 632 
463 463 780 

331 
63 
399 
37 37 
695 695 908 
229 634 

115 115 157 229 229 233 506 622 
107 
226 388 630 
188 857 857 
417 417 
162 162 705 705 852 
679 679 831 
467 467 
126 434 594 594 954 
954 
234 234 244 244 299 420 617 
82 82 
73 

160 160 717 717 
35 51 51 162 289 546 546 737 737 
1 9 315 315 315 664 935 935 
93 736 736 
532 
220 694 
409 409 777 777 
426 426 575 886 
267 896 

585 969 969 969 969 
82 82 82 
810 810 
359 763 763 784 784 
105 105 141 176 238 238 366 366 609 609 612 673 673 678 733 733 805 878 878 919 919 919 922 922 954 959 959 
107 454 454 837 837 
440 
616 982 
1 648 

852 852 
95 95 549 549 676 676 676 
366 
864 864 864 
576 576 
243 243 243 697 
710 710 
287 569 660 660 
502 692 692 
612 612 612 793 
560 667 667 667 
254 
196 609 660 
638 638 831 
371 520 
159 196 196 196 229 229 954 
756 756 756 756 954 
213 314 865 865 
137 301 360 360 384 428 428 929 937 937 954 
502 
61 61 331 331 
561 616 982 
129 129 366 999 999 
586 946 
442 844 
92 92 229 
532 674 674 
488 488 
196 651 791 
427 427 629 629 724 724 943 
486 
671 
555 555 756 756 756 756 
82 228 593 593 745 745 897 939 939 
50 50 159 159 510 510 950 
48 48 
174 

186 186 954 
637 637 
229 323 398 871 
419 949 949 1018 
443 443 443 726 
574 920 
672 672 954 
310 
44 44 44 559 784 845 922 922 
379 1006 1006 
147 208 260 361 487 487 619 790 1006 
162 202 
1004 1004 
74 646 646 839 
172 172 267 
229 230 366 939 
502 773 836 
53 841 841 841 954 
229 229 279 
149 210 210 285 803 803 954 
695 695 812 
954 
229 443 708 730 730 
327 519 519 519 
24 24 24 

229 229 726 726 747 
502 502 738 738 
302 302 1014 
368 368 368 660 660 

973 973 
93 93 93 127 402 649 649 1023 1023 
147 370 647 647 954 
731 731 966 
98 104 119 162 277 533 533 
300 780 
83 83 975 975 1006 
907 
362 362 
121 121 282 282 827 
280 280 280 366 614 620 699 699 
32 592 592 
229 443 443 489 730 
160 160 160 


602 
229 

176 609 
360 360 431 
187 488 506 682 682 682 682 698 698 698 698 954 
949 949 
162 277 350 350 514 
6 6 281 281 281 520 608 
99 99 803 803 
81 472 
763 
366 659 659 762 
175 
241 286 
20 20 20 
5 5 5 342 384 526 569 853 1023 

175 780 
451 780 
487 989 
341 954 
188 502 720 
928 928 
229 236 236 
229 229 
366 458 458 652 652 
111 111 893 
464 464 464 
25 25 25 123 123 123 175 175 229 229 229 289 289 356 427 432 432 451 451 471 546 546 546 623 740 769 770 849 849 875 886 943 969 1015 
79 317 476 476 
31 286 351 351 795 795 
485 860 860 860 
481 659 659 712 
956 
66 890 890 890 
513 
362 362 362 
512 512 530 
363 714 
694 
548 
675 
196 199 
782 782 835 
182 229 229 329 
119 119 119 162 371 490 490 
1006 1009 
61 86 186 262 1017 1017 1017 
245 336 
601 1006 1006 1006 
40 277 277 296 296 475 
13 723 723 760 760 
846 846 
461 596 601 660 893 893 954 
469 810 810 934 934 
175 832 
539 
476 906 906 
68 234 234 337 351 351 382 469 506 548 548 548 658 658 806 806 917 
208 208 208 
724 1019 1019 1019 

308 308 
16 467 841 
223 362 397 397 
497 

79 79 252 598 598 1009 1009 
500 
336 966 
266 
349 349 399 
963 
212 338 342 1001 
150 427 427 903 1006 
323 744 
922 
229 954 
229 236 614 844 844 
181 181 638 679 911 
175 807 
126 126 126 

546 546 546 795 1001 1001 
502 502 720 859 859 
51 51 277 277 277 475 661 661 
53 53 952 952 952 954 954 1020 
74 74 717 
483 542 
721 721 721 815 946 946 954 954 
37 37 
101 101 101 
526 690 830 830 
712 
804 804 
291 366 366 919 

780 780 
356 966 966 966 

383 383 383 637 666 666 
767 
281 
46 46 118 482 482 482 482 958 
154 539 539 
143 157 157 635 635 
168 183 183 277 277 277 550 903 903 903 1016 1016 1016 
502 836 836 988 
127 127 267 783 783 783 991 991 
177 177 428 428 486 498 

85 
229 323 669 669 669 
683 683 954 
79 95 95 
935 

229 229 
937 937 954 954 
229 229 366 366 600 706 
189 277 277 
132 132 335 
53 53 53 277 900 900 
460 780 886 
72 72 72 277 567 
66 66 435 435 557 557 
322 368 660 660 945 
74 74 330 599 964 964 1005 
57 57 79 214 214 582 611 996 
473 902 
907 

30 30 146 146 212 282 282 417 586 
446 505 
27 27 229 575 653 780 875 
437 437 621 621 
467 
366 484 484 950 950 
786 786 786 
229 234 
301 
778 805 805 
407 407 407 407 443 
467 
654 981 
699 
129 129 265 265 498 498 
0 454 
874 874 
0 0 107 306 306 
93 94 94 94 277 431 881 908 
66 66 66 162 162 277 316 411 453 826 858 858 858 972 

209 966 966 
229 809 809 
240 742 882 954 
629 902 
249 466 

181 831 

438 438 438 438 

172 576 
134 134 134 134 232 363 
597 597 810 

135 410 410 660 660 660 847 
365 709 
956 956 
21 238 238 238 366 502 502 545 559 596 660 660 712 712 828 978 978 978 
125 
338 388 1002 
69 162 472 472 472 
302 542 542 590 590 
18 18 18 21 
774 774 935 
213 474 474 474 684 954 954 


130 
1019 1019 1019 
806 806 
315 315 648 648 867 928 975 1006 1008 1008 

37 428 557 557 574 574 574 684 684 870 870 1023 
322 322 
193 699 699 719 
147 147 
543 
56 159 582 
10 175 695 780 967 
980 
610 878 
364 413 509 586 689 841 841 1017 1017 
557 
534 
229 401 401 461 461 707 707 757 757 1013 
239 239 366 391 414 484 582 700 889 889 954 954 

838 838 838 

5 14 30 37 40 40 55 61 61 74 128 134 134 137 147 163 178 178 186 196 196 196 198 198 205 205 209 209 213 229 239 269 269 284 284 284 286 310 318 354 370 374 374 414 433 433 465 491 516 516 516 518 526 526 529 529 530 530 547 548 589 602 640 641 660 681 682 684 704 710 721 723 725 737 756 772 805 829 838 838 841 841 865 870 870 907 929 929 950 950 963 1007 1007 1007 
290 290 
337 382 548 785 921 921 
496 570 570 
76 76 194 194 482 482 482 855 993 
142 262 496 563 563 660 660 
415 415 
515 515 
249 
115 318 318 366 416 453 824 954 
308 308 551 879 879 

237 429 502 738 821 850 850 850 905 905 
473 473 943 
21 574 
175 507 507 656 656 656 656 780 

25 25 25 
903 
127 127 735 735 
96 
427 741 741 935 
366 

268 545 545 566 922 922 922 
526 584 584 
102 114 366 944 
45 149 366 399 896 
616 663 687 

502 
58 115 458 
105 

277 277 381 381 385 419 464 613 613 859 
771 
39 
114 860 860 
341 531 597 
504 958 
229 
123 123 354 435 
880 

32 51 51 132 132 229 229 
149 149 169 169 366 688 688 
228 1013 
338 825 835 835 
426 568 924 1006 1006 1008 
44 538 
50 50 123 716 716 
23 23 35 110 879 
83 150 150 327 327 487 487 604 619 713 713 714 741 798 801 801 801 826 935 1002 1002 
354 354 438 438 438 504 504 954 954 954 
935 935 1002 
246 246 798 819 819 
92 468 
229 254 
271 271 305 
401 949 1000 
401 732 
451 780 
277 858 858 858 
145 170 262 366 366 366 509 509 799 799 799 946 946 
277 707 
46 812 812 812 933 933 933 
838 
556 
366 
129 477 736 736 767 937 
