nodes: 1024 edges: 3166
258 258 258 899 901 901 
9 9 648 648 
329 329 329 
414 414 452 
212 212 
61 61 167 167 185 185 185 250 263 263 263 328 328 328 331 331 331 341 341 342 686 686 710 710 767 767 954 992 

278 278 278 
229 229 231 231 366 366 553 553 553 
1 1 648 
943 943 
160 748 
19 82 82 240 240 240 240 240 
825 825 
51 51 51 51 178 178 178 787 787 787 954 954 954 
147 
107 954 954 
82 643 
21 21 21 436 725 927 927 927 927 927 
12 82 
162 162 162 229 229 398 766 766 766 766 
18 18 18 284 574 922 922 927 927 
117 117 117 117 117 277 
74 110 235 308 617 879 879 1005 1005 1005 
31 351 351 728 728 728 728 
478 478 478 971 
244 422 453 876 
447 531 886 886 
463 463 463 
121 121 121 121 121 853 853 
146 224 417 954 954 
24 351 351 351 782 
229 405 405 462 603 603 746 822 998 998 
442 442 442 
532 949 949 
879 879 965 
166 166 229 229 
462 462 602 602 628 751 751 751 842 842 937 954 954 
229 
990 
497 497 497 802 802 954 954 954 
77 77 77 77 82 82 
98 
497 497 954 954 
91 538 538 559 712 712 845 845 1003 1003 
62 62 399 399 399 981 981 
176 176 451 451 451 451 855 855 855 1019 1019 1019 
189 324 324 
701 701 720 

277 277 277 555 700 700 1004 1004 1004 
14 14 14 14 647 647 647 647 837 837 998 998 998 
452 530 530 708 708 
336 502 502 532 532 721 721 721 721 838 838 838 874 874 874 936 
879 
954 954 954 
220 275 582 582 582 582 582 651 651 651 942 942 942 942 942 
79 79 344 524 524 524 524 880 880 
458 458 985 985 
159 159 159 903 903 
366 366 366 399 399 399 
5 5 328 328 686 686 686 799 799 799 799 954 954 
45 45 109 109 
154 382 382 382 
229 229 277 277 407 407 407 
272 272 272 274 274 449 449 449 
435 435 786 877 877 903 903 903 903 

382 810 
472 925 925 
325 325 
151 
277 876 
229 229 229 445 614 644 644 
23 160 179 179 564 717 839 879 879 
810 810 
194 958 958 958 
41 41 41 41 229 
366 366 
57 57 99 99 111 229 229 229 241 241 420 611 611 819 819 866 880 880 905 
536 954 
472 472 604 761 761 761 761 826 826 
12 12 17 19 41 41 147 147 197 197 209 267 267 283 283 343 343 343 353 353 353 355 355 500 500 500 537 537 593 593 657 657 657 657 699 699 728 728 728 787 787 787 
741 741 741 1006 
277 277 277 
123 123 123 462 462 780 
170 170 170 376 376 661 661 799 799 
674 
658 658 

692 692 692 
44 241 
403 479 479 691 691 1010 1010 
266 649 649 649 649 736 736 736 902 
277 277 473 473 902 
667 667 667 798 866 866 
601 714 974 974 
928 
42 739 739 
79 79 760 760 760 
318 436 436 436 963 
488 756 756 756 756 843 
324 324 362 397 397 414 414 480 558 980 980 980 
410 
113 113 113 113 113 358 358 739 
660 660 660 673 
517 517 
16 171 310 310 310 310 310 633 661 661 837 901 901 901 954 954 981 
366 366 366 409 458 458 
62 62 229 229 229 775 1021 1021 
23 1005 
79 778 778 778 778 
154 
104 104 104 104 104 162 162 
366 366 399 399 448 750 750 750 980 980 980 991 991 
229 233 632 654 963 963 963 963 985 985 
326 326 333 
22 22 22 22 22 138 138 138 
128 855 855 
162 162 797 797 797 
225 225 225 225 
29 29 29 29 29 395 529 529 529 569 569 
189 189 189 323 323 
85 85 85 435 435 525 525 546 550 780 780 863 863 995 1004 
367 367 367 
509 509 509 569 923 923 923 
399 640 833 833 
402 402 595 736 860 860 973 973 973 973 973 
118 954 954 
265 265 477 477 486 486 498 498 498 688 898 
554 554 554 932 932 932 954 
132 132 132 271 271 271 407 452 
131 131 131 271 873 998 998 
298 298 298 497 497 
916 916 916 954 954 
199 571 571 571 740 
270 270 270 519 
284 284 284 684 684 954 954 
117 117 117 421 1006 1009 1009 
277 277 541 
181 181 181 
245 245 660 660 734 
262 651 959 959 
857 857 
407 
169 169 169 169 505 1017 
30 417 417 884 884 884 
15 82 82 497 497 501 501 699 699 714 737 940 940 940 940 

366 399 399 399 723 999 999 
826 1006 
71 202 202 285 309 
432 432 432 756 756 756 
323 323 323 
63 112 252 252 252 360 360 360 617 
193 193 193 193 279 279 279 279 279 629 
589 589 589 640 640 640 
173 173 173 173 173 205 494 494 494 632 632 632 857 857 857 954 954 
277 375 
59 59 59 587 681 700 700 700 954 954 
11 74 748 748 839 
541 689 
20 20 20 113 113 119 119 204 229 229 277 277 277 303 303 321 321 439 472 472 472 572 637 637 637 647 647 715 715 739 739 752 758 758 797 903 903 903 925 
954 954 
569 569 673 673 
569 569 569 
36 36 256 256 635 635 
5 5 328 328 580 580 
435 525 525 525 858 858 858 858 
145 145 145 145 366 366 366 592 592 592 592 
86 86 86 1017 
107 210 215 215 215 588 588 588 954 
576 718 718 718 718 915 915 
157 157 157 157 157 205 205 339 617 617 
273 471 585 585 702 702 
347 507 507 764 769 769 780 807 832 832 969 
46 46 511 660 754 754 
428 428 432 486 498 498 498 498 861 861 861 861 
14 14 14 273 683 772 954 
74 74 308 308 
856 
140 140 140 562 562 562 831 831 911 911 
329 387 387 796 796 796 994 994 
277 277 277 
333 573 
5 5 5 
516 516 799 954 954 
434 434 488 756 756 756 
502 502 502 502 635 773 
47 122 122 122 277 846 846 872 903 903 903 
234 382 382 382 956 
328 601 601 601 
239 239 354 354 391 
155 155 155 155 363 939 939 939 
76 919 958 958 958 
223 223 223 223 677 
199 218 229 229 229 571 571 581 581 581 678 678 678 681 681 694 694 694 794 794 869 869 954 
82 82 355 
882 954 954 
135 196 203 297 

340 360 
151 151 285 407 407 584 
199 571 571 
162 303 303 
157 173 173 954 954 954 
277 315 
247 
361 549 714 714 811 811 811 
82 366 367 905 905 954 
171 215 215 215 215 723 
241 284 284 284 689 689 772 
4 4 470 825 912 912 912 
314 683 683 683 929 929 954 954 954 
575 575 575 611 611 611 880 
171 171 171 210 210 210 210 
329 
365 425 425 434 500 500 500 500 515 594 
196 869 954 954 954 1002 
887 887 
56 437 437 521 521 521 595 
229 229 377 377 
513 
195 195 195 195 816 816 
30 508 
120 120 120 120 
388 388 388 388 634 

699 699 699 699 1000 1000 
8 8 20 20 32 36 36 38 64 64 73 73 73 77 79 79 79 109 109 109 115 162 162 196 196 196 221 221 230 241 241 277 277 277 281 320 320 323 323 345 345 345 358 358 366 366 366 368 398 405 407 408 424 424 424 427 430 442 442 446 446 476 476 485 500 500 500 534 544 544 578 600 603 614 614 630 632 655 681 681 691 706 706 706 719 719 722 722 730 747 747 752 752 752 766 775 776 780 780 796 809 809 818 829 829 829 830 863 864 869 869 869 871 871 880 885 886 906 906 906 948 949 949 949 954 954 954 994 998 998 1011 1011 1013 
229 719 880 
8 8 554 554 
820 916 
115 632 
190 631 631 642 642 642 810 810 810 810 834 834 834 891 891 956 956 
23 
775 775 775 775 830 

309 609 609 660 814 922 922 
192 192 273 273 366 366 391 391 950 950 950 954 954 954 
12 12 12 12 12 602 602 602 602 907 
79 79 91 211 229 229 524 524 524 524 765 

583 
26 617 617 642 642 642 
141 141 313 800 800 
536 1009 
207 
362 362 397 816 816 816 
568 909 
5 621 621 

154 154 154 376 
335 335 335 335 366 366 366 393 393 393 
677 677 677 
382 382 382 597 
166 166 
545 
0 0 0 791 791 
295 502 502 532 532 850 850 966 966 

366 
142 363 363 363 366 366 412 412 412 440 440 624 799 799 959 959 1017 1017 
5 5 5 384 384 
362 518 577 577 
129 129 898 
93 277 277 739 739 822 822 822 822 
82 82 654 783 860 991 
978 978 978 
487 954 954 954 989 
136 136 136 539 
131 131 131 132 407 407 583 1012 1012 1012 1012 
65 65 65 366 407 
174 178 239 239 542 542 926 
65 65 366 366 402 407 407 627 779 779 
56 666 
479 479 769 769 769 
22 50 50 50 64 64 72 84 84 84 94 94 139 139 158 162 162 162 183 183 183 189 206 229 229 229 266 266 298 323 323 323 323 323 324 324 339 346 354 383 419 419 423 439 439 449 453 453 459 459 473 475 475 529 529 529 533 533 541 541 543 543 558 558 570 666 697 697 707 707 739 758 758 758 802 802 837 837 837 837 852 852 852 852 858 858 872 876 900 902 902 902 903 941 941 954 957 957 960 988 988 1016 1016 1016 1018 1018 
7 7 7 345 345 387 
155 155 155 155 155 722 722 
725 725 745 745 745 
229 759 759 
744 744 744 744 744 876 884 
82 82 353 429 954 954 
21 137 137 137 211 211 211 619 619 954 954 
151 202 407 407 723 723 723 723 725 
547 765 782 782 782 782 954 954 954 954 
673 
553 553 921 921 921 956 
355 647 647 780 780 780 
314 491 955 
847 847 847 847 847 
954 
362 362 
469 469 469 
259 966 
802 
199 745 745 745 
133 133 133 277 
642 642 642 
366 366 510 740 740 740 740 740 
892 892 892 
732 926 
162 162 204 204 

602 602 954 954 1012 
385 419 419 419 419 419 901 901 901 901 
326 326 
23 179 179 814 964 
151 238 
107 107 107 107 107 317 454 454 454 711 954 954 954 
922 
760 760 760 803 803 
245 502 
213 290 491 491 683 683 683 683 683 
206 411 648 648 935 1006 
903 
310 724 781 781 781 781 
100 416 416 954 954 
831 
229 229 420 785 
162 162 
503 503 878 938 938 938 938 
122 122 153 153 153 229 229 277 277 277 277 277 357 357 706 864 864 
47 47 102 102 277 277 346 346 558 903 903 
70 70 355 589 762 
116 116 307 307 660 660 660 777 
727 1006 
5 5 5 61 61 167 167 191 331 384 531 580 580 580 
2 2 2 182 216 796 

5 5 5 328 388 509 625 625 686 686 686 
616 616 
116 184 
366 366 530 530 530 530 999 
253 253 253 253 
53 821 
810 810 921 956 956 956 956 
880 919 919 919 924 924 1001 
173 277 617 
201 684 
5 5 597 597 772 954 954 992 
5 825 853 853 
82 82 82 
57 450 611 611 611 611 773 
229 229 229 278 278 
277 324 324 407 
175 733 832 
568 568 988 988 988 988 
399 823 
428 428 758 758 
24 24 31 31 31 457 460 460 460 469 469 548 548 548 592 592 782 782 782 810 810 
922 
82 82 82 283 429 429 429 429 
192 192 277 954 1007 1007 
82 82 197 289 325 
780 780 780 850 850 
323 323 
104 104 229 229 
528 
154 154 154 201 684 684 755 755 755 
208 410 410 410 714 714 
102 248 248 264 293 293 502 502 518 518 518 615 743 788 788 788 816 984 984 
193 262 262 262 366 790 
586 979 
217 451 451 
8 8 60 60 60 78 78 108 108 108 114 114 149 169 169 169 209 229 229 229 239 239 253 253 253 261 262 262 272 274 274 300 300 334 334 363 372 372 393 393 399 399 407 407 409 409 441 450 470 470 470 476 476 476 510 523 523 607 657 660 660 660 668 668 688 700 700 719 719 745 763 777 777 790 847 847 847 847 871 871 871 889 889 922 922 922 950 950 963 963 980 980 981 981 981 999 999 1017 1017 1022 1022 
124 124 124 209 
229 487 487 733 733 878 878 878 878 878 

737 737 954 954 
680 680 680 
366 366 523 523 817 963 963 963 
605 605 605 605 
954 954 954 
158 988 
86 86 252 513 513 526 
221 221 442 442 442 
618 618 
713 

988 
63 63 63 68 190 190 190 255 255 255 810 810 810 956 
277 852 852 852 
263 263 328 396 396 684 684 684 
306 419 988 988 
524 722 722 736 787 918 
182 182 278 
226 226 226 226 331 426 426 568 924 1002 

400 805 
192 239 239 950 950 954 
406 406 517 
253 253 253 366 366 466 466 
451 451 451 
121 805 
384 384 767 
102 102 248 816 
20 229 706 706 
45 45 45 60 60 60 114 114 126 149 149 149 349 366 366 594 594 594 594 627 650 650 750 750 816 823 823 944 981 981 999 999 
390 
645 645 645 732 732 732 757 757 949 949 
127 127 274 477 736 736 
92 954 
603 
32 32 229 565 565 869 
392 392 527 527 
64 64 64 131 144 202 202 229 271 271 272 274 274 285 285 346 366 366 422 427 427 427 583 583 584 584 894 894 894 894 
229 909 
108 366 366 572 652 652 904 904 904 904 
103 361 361 361 526 526 526 660 919 919 977 977 
315 492 903 990 990 990 
262 262 262 
586 841 946 
3 3 102 102 891 950 950 954 954 954 954 997 
960 1007 
318 318 664 
30 146 146 591 591 636 636 636 884 

277 277 306 306 306 306 306 385 707 707 988 
79 320 573 642 642 642 866 
138 
26 407 579 584 
277 449 
229 229 229 579 
217 217 539 539 
388 388 653 1002 1002 1002 
229 407 407 407 474 474 483 483 583 583 604 780 826 826 826 826 918 1012 
177 177 350 350 431 463 486 486 498 557 557 628 684 755 843 843 861 937 
283 353 353 353 353 966 
229 
428 755 902 902 902 902 
152 152 152 177 486 486 486 486 
954 
187 187 217 515 640 640 768 768 820 820 820 954 
66 66 123 123 168 550 550 877 995 995 
18 100 100 100 922 922 922 
220 220 887 887 887 
913 913 913 913 
162 277 277 603 603 603 855 
262 262 609 609 660 660 660 
366 
33 33 33 229 229 377 377 377 690 
708 726 726 747 894 894 
539 
73 
229 229 885 885 885 885 
27 709 
114 802 
65 65 65 277 423 
344 366 976 
46 46 46 46 365 365 394 394 394 1015 
3 52 131 530 
26 277 277 550 550 903 903 
310 310 310 661 899 


351 592 592 592 
58 58 108 108 777 985 985 985 
277 277 957 
351 351 351 575 575 575 782 875 875 
566 805 949 949 
32 37 37 85 85 546 
28 28 28 428 623 623 623 623 709 709 
779 779 779 988 988 
954 954 
393 393 909 909 909 
639 639 639 815 888 888 895 954 997 

294 294 294 351 351 810 810 
212 366 366 366 
174 780 780 
69 81 81 162 162 162 925 925 
94 94 277 881 902 967 967 967 
427 427 929 929 929 1012 1012 
277 277 802 914 914 
229 229 366 366 366 745 781 809 
129 129 402 486 1023 
25 25 25 971 
92 92 276 276 491 491 491 518 518 1010 1010 
102 502 
784 784 
855 855 855 958 958 958 
427 427 780 840 840 840 
950 950 
229 
129 129 177 428 428 432 432 432 432 477 696 861 861 
269 368 368 714 714 714 771 771 771 771 1006 1006 
101 187 
747 747 
797 797 797 
290 314 314 479 479 479 545 955 955 
411 920 
982 
157 157 157 
568 568 568 
563 563 706 957 959 
40 40 40 43 43 133 133 147 147 817 817 817 817 817 940 
129 129 129 177 177 177 177 428 861 861 861 898 
530 530 789 789 
82 82 82 217 217 217 217 229 229 229 820 820 
147 147 504 
53 53 188 188 188 188 259 259 313 362 362 480 532 532 607 607 685 731 731 731 763 836 836 859 922 922 922 966 966 984 984 984 
322 322 
501 1007 1007 1007 
145 885 885 
573 622 622 622 632 632 756 810 
175 175 662 969 969 
224 662 662 662 
125 125 125 331 946 946 1017 1017 
300 366 700 700 700 700 
176 
719 719 789 789 
222 376 376 787 787 
925 
217 434 820 961 
186 186 954 954 954 
106 106 392 527 527 527 537 537 537 537 
264 362 362 362 479 479 954 954 
136 727 727 727 
680 680 759 759 759 
220 220 220 595 595 595 
530 530 530 
366 366 372 372 967 
57 57 57 57 241 241 241 241 386 736 736 736 889 
123 123 168 168 168 
376 410 410 410 767 767 844 979 
406 406 517 517 517 
359 
121 121 121 277 277 277 954 954 
52 52 334 334 334 334 452 499 499 522 522 522 555 555 555 789 789 789 
27 328 992 992 992 
34 53 53 259 259 502 502 692 692 721 796 
277 277 739 739 739 928 1006 
229 948 
592 592 
80 246 571 
82 82 517 517 517 517 
44 44 1003 
270 425 425 444 808 856 856 856 856 

139 161 277 277 
273 273 840 840 840 840 926 926 
277 277 744 884 884 884 884 884 941 
229 229 998 
257 491 922 922 922 939 978 
123 462 647 647 647 780 780 835 835 
286 857 857 857 857 857 954 
351 351 351 810 810 835 835 835 954 956 956 956 
208 714 1006 1006 
123 435 435 453 453 858 
879 879 964 
601 810 810 956 956 
8 8 8 288 288 
130 130 130 231 231 
50 530 530 530 698 698 698 1003 

428 428 861 861 861 877 877 877 877 937 937 937 947 947 
102 277 277 324 619 619 
44 712 922 
676 676 1006 
584 584 584 
181 181 181 729 
496 496 959 959 
74 
405 405 
461 978 
876 876 
249 348 348 388 495 495 495 621 621 1002 
121 121 125 164 164 165 165 165 673 673 673 673 767 767 931 931 983 
277 957 957 
135 135 135 196 196 203 203 536 
162 409 
184 420 506 
21 709 709 709 937 937 968 968 968 968 
214 214 214 460 460 460 653 653 653 653 886 
172 670 670 915 915 915 
264 264 
229 
422 424 851 
167 167 328 328 328 
196 196 196 
56 56 56 56 56 587 942 942 950 950 950 954 
243 271 407 407 427 427 
202 407 407 422 561 561 561 979 979 979 
174 174 656 702 
364 413 689 884 946 946 946 946 
159 582 681 681 
171 171 171 
156 156 156 325 954 
926 926 
417 417 
169 169 169 169 351 351 457 457 457 535 535 746 
82 82 699 699 699 
217 399 399 399 399 627 640 640 
127 220 521 521 521 
805 805 922 922 
255 341 341 917 917 992 992 
819 819 819 
879 879 879 879 
229 
96 191 191 191 552 801 805 878 954 
37 37 240 240 240 240 305 305 907 907 907 907 907 954 954 954 
32 32 229 404 439 439 439 
81 427 1006 
373 373 373 373 
903 
366 502 502 612 612 612 612 675 790 790 790 790 790 
759 759 
238 238 440 440 660 678 
820 
79 79 214 214 214 344 344 344 344 880 
607 607 607 607 660 675 805 
753 988 988 
73 229 229 620 620 620 745 745 830 830 
362 
332 332 663 687 982 982 982 982 
23 154 173 173 244 244 339 642 642 
378 378 
284 284 558 558 714 714 714 714 1006 
614 614 614 745 745 745 
250 250 568 568 887 
506 506 506 
463 463 463 463 780 780 
262 959 959 
331 331 

274 399 594 
37 428 937 
155 695 908 908 908 908 
229 634 888 888 888 888 
234 234 
115 157 157 157 229 233 506 506 
107 823 
226 630 680 
166 166 188 857 857 
417 417 417 
162 162 162 705 705 852 852 
679 831 
467 467 467 888 888 895 
126 156 156 156 434 434 594 594 833 833 954 954 
954 
234 234 234 244 244 244 299 299 299 420 420 420 617 617 
17 
73 73 
401 401 401 886 1014 1014 1014 
717 
51 51 51 51 162 162 289 289 546 546 546 737 737 737 
1 1 9 315 315 935 
93 93 93 93 736 
399 399 
56 56 56 142 694 694 791 791 791 
409 409 
426 575 575 575 575 780 886 886 
115 267 896 896 896 896 896 
229 864 
585 969 
82 82 82 82 366 
88 88 810 810 
762 762 763 763 784 
105 105 105 141 141 176 238 326 326 326 366 366 366 410 440 440 440 609 612 673 673 678 705 733 734 734 805 805 805 814 878 919 919 922 922 954 959 959 959 959 959 
86 86 107 107 454 837 837 
507 508 508 508 
616 982 
416 
989 
275 277 852 852 
95 95 95 676 
366 366 
864 864 
576 576 

710 710 710 
105 164 164 287 569 569 569 569 660 660 791 913 
87 692 
607 612 793 
560 560 667 1006 
195 254 254 254 
196 196 196 609 660 
638 831 831 
371 371 371 520 520 634 
159 196 196 229 229 587 587 722 722 954 954 
756 756 756 954 
178 213 213 213 314 314 314 314 314 865 865 865 955 
137 137 340 360 360 384 384 384 428 755 892 892 929 937 937 
502 
5 5 61 61 61 331 331 331 
616 
129 366 999 999 
161 211 211 586 946 
442 
92 92 229 
90 90 90 532 532 674 

196 196 196 651 651 791 791 791 874 
629 724 724 
486 
277 277 952 1016 1016 1016 
555 555 555 756 
82 82 147 147 228 228 228 228 593 593 593 745 745 745 745 897 897 897 
50 50 159 159 159 366 366 510 510 510 510 950 1004 1004 1004 
48 48 841 841 841 
174 174 585 
886 886 886 

637 637 660 
229 229 229 323 398 398 496 871 
277 277 419 419 949 1018 
52 52 443 726 726 726 730 730 
447 463 463 574 574 574 920 920 920 
5 5 672 672 672 954 
310 
44 44 559 784 784 922 922 
379 1006 1006 1006 
96 147 208 208 361 361 487 487 487 549 619 619 619 619 790 790 790 974 1006 1006 
162 162 797 797 
1004 
74 646 
172 172 172 172 
229 229 230 366 366 512 512 
48 836 
53 53 53 53 532 841 841 841 954 954 954 
229 229 279 279 386 386 681 681 
149 210 285 285 285 285 803 803 803 803 950 
317 695 695 812 
18 280 280 285 
443 443 708 708 708 894 
327 519 519 519 902 902 
24 24 24 24 82 82 82 
562 
229 708 708 747 
502 502 502 
302 401 401 401 1014 1014 1014 
347 368 368 660 787 954 954 954 
141 660 660 
973 
93 93 93 127 386 402 402 524 524 524 649 954 1023 1023 
147 370 370 647 647 647 954 954 954 
966 
98 98 104 162 162 266 266 277 533 533 533 
135 300 300 300 300 300 780 780 780 789 886 
83 83 83 826 826 975 975 1006 1006 
907 
362 801 
282 282 282 282 282 543 827 827 
280 280 280 297 297 297 366 476 614 614 620 620 620 699 699 699 699 
32 592 
229 229 443 489 489 730 
11 160 160 
841 
114 114 114 399 399 
37 37 37 1006 
162 229 229 229 
613 988 
176 176 
360 360 360 428 431 684 758 771 
101 101 101 101 152 152 152 187 187 187 506 682 682 682 698 768 768 954 954 954 
401 401 
162 162 277 277 277 350 350 755 
281 281 520 520 520 608 608 
99 99 99 312 312 312 
81 81 81 81 
325 659 659 
366 502 659 659 
175 
241 286 
20 20 20 20 229 
5 5 396 526 526 569 569 830 830 830 954 
434 434 756 756 
175 175 276 276 276 780 
780 
487 487 487 487 755 
178 211 341 954 
188 344 

109 229 236 236 236 236 933 933 933 933 933 
229 
326 366 366 458 
111 111 111 111 
274 274 464 464 464 
85 123 123 175 229 229 289 289 289 356 356 356 427 471 471 483 546 546 623 623 653 740 740 740 769 770 854 854 875 886 886 943 943 967 967 1015 
317 317 317 317 476 
31 286 286 286 286 351 351 351 460 795 795 
267 860 860 860 
481 481 659 712 712 
320 956 956 
66 890 890 
14 14 14 82 82 82 386 513 513 733 
362 362 362 845 
499 499 512 512 530 530 530 740 
363 366 607 607 607 607 607 714 714 714 
258 258 651 651 651 673 694 694 694 1019 

675 
196 196 
782 782 835 835 1001 
182 182 182 229 329 532 
119 119 119 162 490 490 490 715 715 
95 1009 
61 61 61 61 86 86 186 262 262 1017 
245 245 
601 743 954 954 1006 1006 1006 
40 40 277 277 296 448 475 816 816 816 816 
312 312 723 723 723 723 825 
846 846 846 
390 395 461 596 596 601 612 660 660 660 878 878 893 954 954 954 
810 810 934 934 
175 832 832 
539 
229 229 476 906 906 906 1011 1011 1011 
68 75 75 234 234 234 234 337 337 351 351 382 382 382 469 469 506 548 548 552 552 658 658 806 806 917 917 956 956 
208 208 208 
724 1019 1019 1019 1019 
922 
238 308 660 
467 841 888 888 
223 223 248 248 248 362 397 399 802 802 802 802 
372 497 497 497 497 497 
229 
79 79 598 598 598 1009 
232 434 434 434 500 500 515 610 916 
336 966 
32 266 266 266 266 
349 399 399 633 
963 
13 13 212 342 803 
81 81 150 427 427 427 427 741 741 1006 
744 744 

229 229 229 
229 236 614 614 767 767 767 844 864 
181 181 319 638 679 679 911 911 
175 175 347 807 807 
126 126 640 640 
234 234 234 
546 546 548 548 548 795 795 
502 502 720 
51 51 107 277 277 277 277 661 661 
53 53 53 952 952 954 954 954 
74 160 
483 483 483 542 542 542 542 
413 701 701 701 721 721 721 749 815 888 930 930 946 954 
37 37 
101 428 428 
526 830 
44 44 788 
189 189 804 804 804 
291 291 291 291 291 366 366 366 366 1017 
1005 1005 

259 259 356 356 905 905 966 
579 
277 277 277 277 383 383 383 637 637 666 666 954 
29 29 342 342 
780 780 
46 46 46 118 118 439 482 482 482 
180 539 539 539 539 
143 143 157 157 157 547 547 547 547 547 635 635 
168 168 168 168 277 277 550 903 1016 1016 1016 1016 
502 988 988 
127 127 267 783 783 783 973 973 973 991 
177 177 177 177 428 486 486 498 498 498 557 557 557 

123 123 229 
229 323 323 655 669 669 830 
683 683 683 
79 95 95 420 
935 

196 196 218 229 229 229 405 
954 954 954 
229 229 366 366 366 706 
189 277 
132 
53 53 53 694 900 900 
460 460 780 886 886 886 
26 72 277 282 567 567 
66 66 435 557 557 557 557 
322 368 368 368 368 368 601 660 805 805 945 
23 23 35 35 54 74 74 551 551 599 599 599 599 964 964 964 
57 57 79 79 214 229 230 338 611 996 
473 902 
198 907 

146 146 146 282 417 543 543 543 543 543 586 
229 446 446 446 446 505 505 
27 27 229 575 645 653 653 703 703 703 740 780 780 875 875 875 
219 219 437 437 437 621 
467 467 630 630 630 630 639 639 815 815 841 
366 366 524 950 950 950 950 976 
786 786 
234 234 414 
301 301 301 684 684 
805 
407 407 407 407 443 443 726 
467 639 
654 654 654 654 654 981 
699 699 699 
129 265 498 
0 454 
277 874 874 
0 0 107 107 107 306 306 306 306 
93 94 277 277 277 431 431 431 431 473 727 727 881 
59 59 66 66 66 66 162 162 162 189 189 189 277 316 324 324 411 453 453 606 858 
409 409 409 409 
79 209 209 850 850 948 
229 229 229 809 809 809 
240 602 602 602 602 602 742 882 954 954 
629 629 629 629 
249 408 466 466 466 

181 181 831 831 
212 212 212 
438 438 438 438 673 
475 475 
172 172 576 576 576 
134 134 134 232 820 
597 597 810 810 
386 427 
194 338 338 338 410 410 660 660 
492 709 709 709 
288 288 288 337 956 
21 21 238 238 311 352 366 366 366 436 436 436 502 502 502 545 545 545 559 596 596 660 660 712 712 813 968 978 978 
125 125 125 
338 338 388 1002 1002 
69 69 162 472 472 514 
273 302 542 542 590 590 
18 18 18 18 18 21 21 
97 533 1006 1006 
213 213 474 474 474 684 954 954 
841 841 
569 569 
130 130 130 
775 775 775 775 775 963 963 1019 1019 1019 
806 806 
315 648 867 1002 1002 1006 1006 1006 1008 
53 
37 428 557 557 557 574 574 628 684 684 954 954 954 1023 1023 
322 322 322 322 
193 193 193 545 
147 147 147 147 497 
277 277 543 
56 56 56 56 56 582 582 
10 10 780 780 967 967 
399 980 980 
878 
413 509 509 586 586 586 586 689 841 1017 1017 1017 1017 
557 557 
229 534 905 
34 34 229 229 229 401 401 461 461 707 1013 1013 
239 239 239 366 366 391 391 414 414 484 484 582 582 582 700 723 889 889 889 889 954 

697 838 838 954 954 

5 14 14 14 16 16 30 30 37 37 40 40 40 43 43 55 55 55 61 61 80 107 107 128 128 130 134 134 137 137 157 157 159 159 163 163 171 178 186 186 196 198 198 205 205 205 209 213 213 213 218 218 218 229 229 229 239 239 239 269 269 269 277 283 283 284 284 286 286 286 286 292 305 305 310 310 310 318 318 341 341 354 370 370 374 374 374 391 403 414 414 414 414 433 434 465 465 467 516 516 516 518 518 529 529 547 548 582 589 601 602 602 602 640 640 641 660 681 681 682 710 721 721 721 733 733 733 736 737 737 737 756 756 756 767 772 801 801 805 805 805 838 838 838 841 852 870 870 870 907 907 929 929 937 937 937 950 952 952 963 1006 1006 1007 1007 1023 1023 
290 491 491 683 
190 234 234 288 337 337 337 337 382 548 548 548 552 552 785 785 810 810 921 
277 277 459 496 570 570 
76 76 76 194 194 194 482 482 482 993 
142 142 262 262 496 563 563 624 624 660 660 660 660 660 
277 415 
515 

100 115 115 115 115 366 366 372 372 372 824 933 933 954 
308 551 879 879 879 
35 
259 259 295 429 502 502 738 821 850 
473 473 473 523 780 780 943 943 
574 574 574 574 922 
175 507 507 656 

25 478 

127 127 127 127 127 735 860 860 860 
96 96 714 
741 741 1012 
450 889 980 980 
410 410 
268 268 268 545 566 922 922 
364 526 584 584 584 
102 102 102 114 114 114 366 366 944 944 976 976 
45 45 107 366 366 366 399 399 896 
493 616 616 616 616 663 
569 
362 362 502 502 502 
58 58 115 115 458 458 458 


277 277 348 348 348 348 375 381 385 385 419 464 464 613 613 753 859 859 
269 665 
39 411 411 411 
114 114 267 860 
5 341 531 531 531 597 597 
958 
182 182 229 
123 435 435 
880 
414 467 
32 32 51 51 51 132 132 229 229 544 
149 149 334 366 366 399 399 688 688 
228 228 1013 1013 1013 
338 795 
218 388 426 426 426 568 924 924 935 935 1006 1006 1008 
44 44 538 555 
50 50 50 123 700 700 700 716 
23 23 23 110 848 848 
83 138 150 315 327 487 487 533 549 549 560 604 619 676 713 713 713 714 714 741 741 751 801 801 801 826 928 928 935 935 935 954 954 1002 1002 
354 354 415 504 504 504 954 954 
935 1002 
138 138 246 798 819 
92 92 479 479 
229 229 809 809 809 
271 271 271 271 305 427 474 474 975 
229 949 949 1000 1000 1000 
645 645 645 732 732 732 
451 780 
277 277 277 697 697 697 858 858 858 858 
145 170 262 262 366 366 509 509 799 847 946 946 946 946 
277 277 707 
46 46 46 791 812 812 812 812 933 933 933 

109 109 
366 366 
477 736 736 937 937 954 954 
