nodes: 1024 edges: 1913
258 258 310 310 310 899 901 
664 
329 329 329 
414 

61 167 250 328 331 569 686 710 767 767 954 954 992 
759 
278 799 
229 231 366 366 553 553 896 
648 
347 943 
160 160 748 
240 240 285 
803 803 825 
51 51 51 178 1005 

107 
82 643 
21 21 
82 
162 229 229 766 766 
18 18 574 574 922 927 
84 117 117 277 
74 855 879 
31 351 351 351 728 

244 876 

463 463 
121 121 853 
146 224 884 884 954 954 
24 351 548 548 782 
229 405 822 998 
77 77 1016 1016 1016 1016 
532 949 

229 
462 462 462 602 628 628 842 842 937 937 954 
229 229 

497 802 802 802 954 954 
82 
98 277 
954 
538 559 712 712 845 1003 
62 399 981 981 
176 451 451 855 855 855 
189 189 
701 720 720 720 

277 277 277 
14 14 14 647 647 837 837 998 998 
452 
336 502 721 838 874 936 
279 879 879 
954 
220 220 275 582 582 651 651 942 942 
79 146 146 524 880 880 880 
458 458 458 
159 159 
366 366 399 399 
5 686 686 799 799 799 954 
45 109 109 
154 382 
229 277 407 
272 272 449 
435 786 903 
461 776 


325 325 589 
151 448 
277 282 876 
614 614 644 644 
23 179 179 879 879 879 954 954 
810 
194 766 
33 33 229 
366 366 
57 111 229 229 241 611 819 819 866 866 905 
536 954 954 
472 472 604 604 826 
17 19 41 147 147 197 209 267 267 283 283 343 343 353 355 366 500 513 513 537 537 657 657 657 699 728 991 
1006 
22 277 277 419 
123 462 863 863 
170 376 799 799 799 799 
674 674 
569 658 
422 427 
532 

479 1010 1010 
266 649 736 902 902 
277 277 902 902 
667 1006 
714 714 714 974 
928 
42 
760 804 
318 
125 488 
324 324 324 362 397 397 397 414 414 414 414 480 558 980 980 

113 113 358 358 739 

392 517 517 517 517 
16 171 310 310 837 981 
366 409 607 
62 62 775 1021 
1005 1005 1005 
79 420 778 778 
154 
104 104 
366 366 980 991 
233 632 632 632 654 718 
326 326 333 
22 22 138 
128 855 
227 227 227 739 739 
225 
29 29 395 529 553 569 744 744 744 
189 323 
85 435 525 546 780 863 863 995 1004 
367 
101 250 509 946 
833 
402 595 736 860 973 973 
118 954 
265 265 486 486 498 498 557 898 1023 

132 132 271 407 452 
131 131 998 
298 298 
916 954 954 
567 571 571 
270 270 270 
284 284 684 684 
117 242 421 421 1009 

181 
245 245 245 734 734 
262 262 624 
857 857 
407 
169 505 1017 
30 57 57 884 
82 82 497 536 699 940 954 954 
208 208 
366 399 399 
826 1006 
71 202 285 309 407 
432 432 756 756 
357 357 
63 112 252 252 617 617 
193 193 279 699 
533 589 989 
173 173 173 205 494 494 632 632 857 857 954 
277 375 
59 59 171 582 681 700 700 954 
11 11 646 646 748 839 
541 541 
20 229 277 277 277 321 321 439 472 472 490 637 637 647 715 758 797 903 903 903 925 925 
954 954 
569 673 
569 569 660 673 
256 635 
5 328 576 580 
435 525 858 
145 366 366 366 592 999 
86 192 
107 159 215 215 588 954 954 
267 718 
157 157 157 205 205 339 617 617 
471 702 702 780 780 
780 943 
46 511 511 660 
696 861 
14 273 
74 74 
856 
140 266 562 562 562 831 
387 994 994 
858 


516 704 799 799 799 
756 
502 773 
47 47 122 846 872 
234 382 382 
328 328 601 
170 354 354 
155 155 939 
76 958 
223 
229 571 581 678 678 681 681 694 694 794 869 
82 
954 
203 794 

340 360 
151 274 
199 571 571 571 
303 
157 173 173 
277 
596 
148 148 714 714 811 811 811 
82 367 905 954 
215 215 
241 241 241 284 284 689 689 689 
470 470 470 825 825 884 912 
683 683 
575 575 611 
171 171 210 210 

365 451 451 500 500 500 515 594 594 594 
954 1002 

56 56 595 595 
229 478 

195 694 816 
30 
120 465 537 
388 388 
119 119 119 
699 699 1000 
8 20 20 32 36 38 38 64 77 79 79 162 196 221 241 277 320 323 323 323 345 358 366 368 405 407 407 408 424 427 427 446 464 464 476 476 500 500 544 544 600 600 614 614 632 632 655 681 722 747 752 766 766 775 776 776 776 780 780 780 830 864 871 880 886 886 891 891 949 954 954 994 1011 1013 

8 554 554 
916 916 
115 632 632 
190 642 810 834 891 956 

775 775 

609 660 814 922 
273 273 366 366 391 954 954 954 
12 12 602 
79 211 211 211 229 524 524 765 
138 
583 671 
26 617 642 642 
141 141 141 
536 536 1009 
596 
362 816 816 
568 568 568 962 
5 125 621 621 686 954 954 
343 343 
154 154 376 856 
335 366 393 
677 677 1011 

166 
545 545 
0 0 791 
502 532 966 
607 607 607 

142 142 366 412 440 563 624 624 660 660 799 959 959 
396 
288 362 577 
129 129 
93 181 277 277 277 739 822 822 822 
82 82 172 718 783 860 

487 487 487 954 954 954 
136 136 136 376 539 
131 407 1012 1012 
65 65 407 
178 239 239 302 926 926 
202 407 
56 666 666 
769 769 
22 42 50 50 50 64 72 84 84 94 94 158 162 162 162 206 229 266 266 266 323 323 339 346 383 419 419 423 439 453 453 475 529 529 541 543 543 558 707 739 739 802 837 858 858 868 872 872 874 902 903 903 941 957 957 960 988 
7 387 
54 155 722 
725 725 725 745 745 

72 744 884 884 
82 82 429 954 954 
137 137 211 211 619 619 619 954 954 
12 151 407 723 
765 782 954 
673 
264 553 921 921 956 
355 355 546 647 647 647 780 780 780 
314 491 
847 847 847 
954 954 

469 

802 802 
545 545 745 
133 133 
642 642 
366 366 740 740 
684 
273 732 732 926 926 
204 

602 602 602 
901 
777 
838 964 964 
151 
0 0 0 107 107 317 454 711 954 
922 
760 803 
502 529 
290 491 491 
648 648 648 935 1006 
379 379 
310 781 
100 954 

229 
162 162 
503 503 660 938 
122 229 229 229 277 277 357 744 864 
102 102 102 346 558 558 846 903 
70 70 
116 116 660 777 
727 1006 1006 1006 
5 167 191 191 331 531 531 580 686 
2 2 2 
879 983 
5 328 388 625 686 686 686 686 

116 
366 366 530 999 
253 
53 821 
956 956 
825 825 825 880 919 919 919 
173 277 617 
201 418 
597 772 992 
767 853 
82 82 251 251 

229 
277 324 407 
10 832 
988 988 
399 399 823 823 
428 428 758 758 
24 24 24 31 460 460 548 592 810 

82 429 
192 192 954 995 1007 
82 289 289 
780 850 
153 153 323 
104 104 229 
528 
201 684 684 755 755 
410 410 714 
102 248 264 502 502 502 518 518 615 615 788 816 
366 366 366 916 
586 979 
217 451 451 451 
8 8 60 60 78 78 82 108 114 114 149 169 169 169 229 239 239 253 262 300 300 334 334 363 363 363 399 399 407 407 407 450 450 470 476 502 502 502 523 523 616 616 616 660 660 668 688 700 745 763 763 777 790 847 847 889 922 922 950 963 963 963 976 981 981 981 999 999 1017 1017 1017 
124 209 
229 487 733 878 878 878 

737 954 
680 797 797 
817 963 
605 605 
954 
158 
86 252 270 513 526 820 
442 
618 618 879 
316 316 

988 988 988 988 
63 190 190 810 810 956 
277 852 
684 684 767 

524 524 722 722 736 
182 278 
226 226 331 426 426 568 634 924 
954 
400 400 
239 954 
106 517 527 527 
253 
451 770 
121 530 
263 767 
102 102 102 816 
706 706 
45 60 60 149 149 349 349 366 366 594 594 650 750 816 981 
390 390 
645 732 732 732 757 757 949 1013 
127 
954 
603 
32 229 565 869 
527 
64 131 144 151 229 229 271 272 274 285 346 366 366 366 427 427 583 584 584 584 584 894 
229 
108 904 
361 361 526 526 660 977 
492 990 
262 
586 946 946 946 
3 102 102 102 102 954 
960 960 960 1007 
664 
591 591 
340 
84 277 277 
111 642 642 866 
138 138 
89 561 579 
277 
229 579 

388 388 653 
89 229 229 407 407 483 483 583 695 780 780 826 826 854 975 975 1012 
350 350 431 455 463 486 486 486 498 557 628 684 755 861 934 937 
283 353 966 

428 755 902 902 
152 152 486 486 780 

515 515 640 756 820 954 
66 123 168 550 550 550 786 786 995 

686 887 
913 913 1007 
162 277 603 603 855 
262 563 660 660 662 

377 
708 708 708 726 726 747 
539 

229 885 
709 
71 
65 
366 366 
46 46 217 217 365 365 365 394 780 780 780 1015 
52 131 530 
277 277 550 903 903 903 963 
310 661 661 899 899 
428 

592 
58 58 58 777 777 985 985 
957 
351 351 575 575 575 875 
67 949 
37 37 37 85 546 546 
28 28 428 623 
229 229 779 779 988 988 
225 954 
909 909 909 
639 639 888 895 954 954 

294 806 810 810 
212 212 212 366 
174 
81 81 162 162 735 925 
881 881 902 967 
929 
277 
229 229 366 781 809 
736 
221 
92 491 518 
102 502 
712 
855 855 958 958 958 958 
427 427 780 780 840 840 840 
889 

129 129 428 428 428 432 432 696 861 
269 269 269 368 540 540 714 714 771 771 771 862 1006 1006 
101 

162 797 
290 314 314 479 954 
411 
982 
157 157 

563 563 959 959 
40 147 817 954 
129 129 428 861 861 898 
530 568 789 
82 217 217 217 229 229 

53 188 259 313 362 362 362 366 366 366 480 528 532 532 659 674 685 731 763 763 922 922 953 953 966 966 966 
322 322 
1007 1007 1007 
145 885 885 
622 622 622 632 632 756 
662 969 969 969 969 
662 662 
125 946 946 
700 700 
176 176 
719 789 
82 82 376 787 
758 
217 434 434 820 
186 954 954 
106 106 106 106 392 527 527 537 537 
362 362 479 548 577 577 
727 727 780 
680 680 759 
595 595 
530 530 
366 366 
57 241 241 386 386 
123 168 
376 410 410 767 767 979 979 
392 392 406 517 517 
359 502 836 
121 277 277 313 954 
334 395 452 499 522 522 555 954 
328 328 992 
34 90 259 502 502 692 721 796 
156 
948 
592 
80 147 246 246 571 
82 82 225 517 517 
44 1003 
270 444 808 808 
487 487 
161 161 277 
840 840 926 
277 277 884 941 
229 229 
257 257 297 297 562 922 922 978 
123 289 462 462 647 780 780 

31 31 351 518 792 792 792 810 954 956 
667 667 1006 
435 435 435 453 
964 
956 
8 8 121 288 
231 231 
530 698 698 1003 
731 
129 428 877 937 937 937 947 947 947 
102 277 324 324 
44 712 712 712 712 784 922 

422 584 
181 181 181 545 922 922 
262 440 496 496 959 959 

405 
978 
135 876 876 876 
249 249 249 388 499 621 621 1002 
5 88 121 164 165 165 673 673 931 
957 
135 135 196 203 203 203 536 881 


21 21 684 709 937 968 968 
214 214 460 460 460 653 886 
167 670 670 915 
264 518 518 

422 424 851 
167 328 
196 
56 56 159 880 942 950 950 954 
243 407 427 
407 407 407 407 561 979 979 
656 
364 413 689 689 946 
681 
171 
70 156 954 
926 
417 417 
169 351 457 535 746 746 810 

217 217 217 399 399 640 
127 220 220 521 521 
207 247 712 805 805 
341 992 992 

879 
229 229 
191 805 954 
37 240 305 305 305 751 907 907 907 954 
404 439 439 
81 81 683 1006 
373 373 

108 260 260 260 612 790 
759 
238 

79 214 819 880 880 
607 675 805 
753 988 
73 73 229 229 620 620 620 745 745 745 745 745 830 
362 362 
366 366 366 663 687 
154 154 173 173 244 339 
378 378 
284 284 284 714 1006 
614 614 614 
250 250 568 568 
506 506 506 632 951 951 
463 
142 262 262 
331 


37 37 428 937 
908 908 908 
888 888 888 

115 115 115 157 157 229 229 233 233 506 506 622 951 
997 
388 
166 857 

162 162 705 705 705 705 852 
679 679 831 831 
467 467 895 
434 594 833 
954 
234 244 244 299 299 420 420 
17 
73 73 
401 
160 160 717 
51 51 162 289 289 289 546 737 
9 315 315 315 
93 736 
399 
56 56 

426 575 
115 896 896 
229 
585 969 
82 82 82 
88 810 
502 763 784 784 
165 176 238 262 262 322 326 366 366 410 440 440 673 673 678 705 733 734 805 805 805 878 878 878 919 919 954 959 959 959 959 
454 454 837 
440 507 508 508 717 
616 982 
1 416 
989 
275 275 852 
95 549 549 
366 

576 576 
243 
1000 
164 165 287 569 569 660 660 791 791 791 
87 87 502 692 692 692 
612 793 
1006 
254 254 
196 196 660 
638 638 831 831 
371 520 520 
159 196 196 229 587 
756 756 756 954 
213 213 604 865 865 
137 137 301 360 360 384 384 428 574 755 755 755 929 954 
502 
5 61 61 250 328 331 331 331 331 437 
616 982 982 
366 999 999 
211 211 211 586 586 946 


532 674 674 674 

196 196 223 874 
427 724 724 943 
177 486 
952 
555 555 756 756 
82 147 155 228 228 745 745 897 939 
159 159 366 510 510 1004 
48 
174 174 
1017 
186 954 
637 637 637 637 660 
398 398 871 
277 949 949 1018 
443 443 443 730 
447 574 920 920 
5 
310 
44 44 481 559 559 559 559 596 784 
1006 
96 96 96 208 208 361 487 487 619 790 790 1006 1006 
162 797 
1004 1004 
646 662 
115 172 267 
512 939 
48 48 48 773 773 836 836 
53 532 841 841 954 954 
229 279 386 386 
285 803 803 950 
695 695 
280 280 280 954 
443 443 747 
327 519 519 902 
24 82 

708 747 
502 556 
302 302 401 401 401 
368 660 
141 141 660 
472 
93 127 386 477 649 954 1023 
370 647 
966 
104 119 119 266 277 277 
300 300 886 
826 975 975 1006 1006 


121 121 121 282 323 
280 280 297 366 614 614 614 614 614 699 699 
592 592 
229 443 726 730 
11 160 

399 961 
602 1006 
229 
613 988 

360 360 428 431 684 684 684 758 
152 152 187 434 506 682 682 682 698 698 954 
401 401 
162 350 350 514 755 
6 520 608 
99 312 803 

763 
366 366 502 502 659 762 

241 286 
20 20 76 229 229 
5 5 342 384 396 526 526 830 853 

276 276 780 
394 
487 487 487 
341 
188 720 720 

109 229 236 236 933 933 
67 229 229 229 
307 326 366 458 458 
111 111 
464 464 
123 174 174 175 229 229 229 289 289 289 356 427 427 432 451 451 451 483 483 519 546 546 769 840 840 849 849 854 886 967 969 
317 476 964 
31 286 795 795 
267 
559 659 659 712 
956 
66 435 435 890 
513 
362 845 
499 512 
366 607 714 714 
258 673 673 673 1019 1019 
548 548 548 
675 
196 199 
782 782 835 835 
532 
162 371 371 490 715 

7 61 61 61 86 86 86 86 186 186 186 262 1017 1017 

954 1006 
40 40 40 277 296 296 816 
13 13 312 723 723 760 
99 846 
596 596 601 612 660 660 660 954 954 
469 810 810 
832 
539 539 
476 906 1011 
75 234 351 382 382 469 469 548 592 658 806 806 956 956 
208 208 208 
1019 

238 
888 888 
223 248 248 362 397 399 802 
372 497 

79 79 611 1009 
376 434 515 916 
336 
32 266 266 266 
349 349 

13 212 212 338 338 338 1001 
81 150 427 427 741 903 1006 1006 

978 
954 954 
229 614 767 844 844 864 
181 638 638 679 679 959 
347 807 
126 640 
234 
795 795 1001 
528 720 720 
51 51 107 277 661 
53 308 954 1020 
160 
483 483 483 542 542 780 780 
721 721 946 946 954 954 954 
37 37 

830 830 
44 788 
189 324 804 
291 291 291 366 366 919 

780 780 
356 905 966 966 
579 
383 637 666 
29 342 767 
427 780 
23 46 46 46 118 439 482 482 
180 252 
143 143 157 157 635 
168 183 277 277 903 903 903 

127 267 973 973 991 
177 428 486 498 498 
487 
85 85 123 123 
229 323 830 
683 683 954 
79 79 420 
935 935 
277 
196 405 
954 954 954 954 
229 706 
189 277 277 

53 277 694 900 
460 886 
26 72 567 567 567 
557 1023 
368 368 368 660 660 660 945 
23 54 54 74 74 74 330 378 599 1005 
57 57 57 229 338 582 611 611 
473 473 571 


30 30 146 212 282 282 543 
446 505 505 
229 229 575 740 780 875 
437 
467 630 630 630 815 815 
366 484 950 950 950 
786 
229 229 234 


407 
467 639 
8 654 654 981 
699 
129 498 
0 454 454 
874 
0 306 
93 93 94 94 277 431 431 473 727 908 
66 162 162 162 277 277 324 453 453 453 826 858 858 858 972 
409 
79 209 850 
809 
602 602 602 
629 629 629 902 
466 466 466 


212 
438 438 

576 
134 232 232 363 820 


338 338 338 660 660 847 
709 709 
288 288 956 
21 238 311 366 366 502 502 545 545 559 562 562 968 978 

388 1002 
162 162 472 
273 273 302 302 542 590 
21 
97 935 935 1006 1006 
474 684 954 954 954 

569 

775 775 963 963 1019 
428 
315 867 867 928 928 1002 1006 
53 
37 37 428 557 557 557 574 628 954 954 1023 1023 
322 
193 699 719 
147 
277 543 
56 56 582 
10 175 695 967 967 
980 980 
878 
125 413 413 413 509 509 586 689 841 841 1017 1017 
557 557 557 
534 
34 229 401 461 707 707 1013 
366 582 582 723 889 889 889 954 954 
622 622 632 
697 954 954 
502 502 
5 5 30 30 37 40 40 43 55 61 74 74 80 80 128 134 134 147 147 157 159 163 163 171 171 198 209 218 229 229 239 239 239 250 250 269 269 269 283 283 284 284 286 292 292 310 318 354 370 374 389 391 403 414 434 465 467 467 491 497 516 516 529 530 548 582 589 601 602 641 660 682 684 704 721 721 725 736 756 801 805 805 829 829 838 841 841 841 865 870 870 870 870 929 929 929 937 937 950 950 952 952 963 1007 1023 

234 288 337 337 382 548 552 785 810 810 921 
277 277 459 570 
194 482 482 482 482 
262 262 496 496 563 563 660 660 660 660 831 
277 415 415 415 
750 
249 
366 366 366 372 453 933 933 954 
308 308 551 781 

259 429 502 502 502 738 850 850 
473 780 943 943 
574 574 922 993 
507 507 507 507 656 780 


903 
127 127 860 860 
96 
427 427 741 741 1012 
366 980 
410 
545 566 828 922 
364 526 526 584 584 
102 102 114 944 944 976 
45 45 107 366 366 366 399 896 
493 663 687 687 
330 

458 458 


277 348 348 381 381 381 381 464 464 613 753 
156 665 
411 
82 114 860 
5 341 531 597 597 
968 
182 182 229 
123 354 435 

633 
32 51 51 132 
169 334 366 366 688 688 
228 672 1013 
825 835 
218 568 924 935 1006 
44 538 555 
123 700 716 716 
14 110 110 110 879 
83 95 150 315 327 327 327 487 487 549 604 619 676 713 714 714 741 741 751 801 826 826 928 928 935 1002 1009 
354 415 438 504 504 504 954 

138 246 819 1006 
92 92 
229 254 809 
271 271 427 975 
229 401 949 1000 

451 
33 33 33 33 
145 366 366 366 703 799 799 946 946 
707 
791 791 812 933 
838 
109 

129 736 877 937 937 954 
