nodes: 1024 edges: 1921
107 107 258 258 901 901 
648 648 1002 1002 
329 329 

212 
61 61 167 185 185 185 328 328 331 341 341 342 569 569 678 686 686 710 767 767 954 954 992 992 
759 759 
278 278 
229 229 229 231 231 366 366 553 896 
648 648 
943 
160 
82 240 240 285 781 
212 825 
51 178 178 178 954 
147 
954 954 
82 82 172 240 643 
21 21 804 927 927 
82 
398 766 766 
18 18 284 574 922 922 968 
84 117 277 
74 617 879 879 1005 1005 
31 351 351 728 728 728 
478 478 478 780 971 
244 244 422 422 584 
531 886 886 
463 
121 121 121 
146 884 
24 351 548 548 
229 405 405 405 603 603 746 746 822 822 998 998 
442 442 442 1016 
949 
879 1005 

462 462 628 628 751 842 842 842 937 954 


497 954 954 
77 77 77 
98 
497 497 954 

62 399 
176 451 855 855 855 855 1019 
189 324 
720 
161 903 
277 555 700 700 855 1004 
14 647 837 837 998 
452 452 530 708 
336 336 502 502 532 532 721 721 838 874 936 
279 279 308 551 
954 
220 275 275 582 582 651 942 
146 344 524 
458 
903 
366 366 399 
5 5 328 686 799 799 954 954 954 
45 109 109 
382 382 382 
229 229 277 407 407 
272 274 449 449 
786 786 877 903 903 

382 
472 
325 589 589 
151 151 448 448 
876 876 
229 229 229 445 614 644 
23 179 179 564 646 717 839 879 879 954 954 
810 
194 958 
41 41 41 229 
366 
99 229 229 229 241 781 819 819 880 

604 761 761 
12 17 17 19 147 197 209 209 283 283 283 355 366 513 537 643 643 657 787 991 
1006 
22 277 
462 462 502 780 780 863 863 
799 1017 
674 674 674 
569 658 
427 
532 692 692 
241 241 241 
403 403 691 1010 1010 
266 649 649 736 736 902 
277 902 
667 667 667 798 798 866 
601 714 714 
928 928 
42 739 739 
79 760 
436 963 
125 488 756 843 843 
324 324 362 414 414 414 480 558 980 

113 358 358 

517 
0 0 310 310 661 837 837 954 954 
366 409 458 458 458 607 
62 62 775 1021 
1005 

154 
104 162 
366 399 750 750 980 991 
229 233 632 632 654 963 985 985 
238 
22 
128 128 855 
162 162 227 797 797 797 
225 
29 29 29 395 529 529 
189 323 
435 435 525 525 780 780 863 995 1004 

101 509 509 509 923 923 946 

402 465 860 973 
118 118 954 954 
477 486 498 498 688 
554 554 554 932 
132 271 
131 998 998 
298 497 
916 954 
567 571 919 
270 270 
284 684 684 954 954 
242 421 1006 1006 1009 1009 
541 
181 181 181 
245 734 
651 

407 407 
169 169 169 505 1017 
30 57 417 884 884 884 
15 82 235 497 699 714 737 737 737 940 940 940 
208 
399 399 723 999 999 
700 1006 
71 71 407 
432 432 756 756 
323 323 357 357 603 
112 252 252 360 360 617 617 856 
193 699 
389 989 
173 173 205 857 954 954 954 
277 
582 681 700 700 954 
11 646 748 
49 541 
113 119 119 277 277 439 439 472 472 472 472 572 637 647 647 647 739 739 758 758 925 
954 
569 673 
569 569 660 673 673 
256 635 
5 328 576 
525 858 858 858 
145 145 145 366 366 592 
1017 
210 588 588 954 954 
17 267 718 718 718 915 
157 157 205 339 339 617 617 617 
471 780 
347 507 507 769 769 832 
46 511 511 660 660 754 
428 428 432 486 498 498 861 
14 14 14 273 683 954 
74 74 308 
856 
140 140 140 831 831 
229 387 994 
858 858 
573 
5 5 5 
516 704 704 704 799 799 799 799 954 954 
434 962 
773 
47 122 277 846 872 872 903 
382 
328 328 601 
354 354 354 354 391 
155 699 939 
76 919 958 
223 
199 218 229 571 571 581 678 681 681 681 681 794 869 954 
82 355 
882 954 954 954 
196 571 571 571 

340 360 684 
407 
571 571 

157 173 
277 315 
596 
148 811 811 
82 82 367 954 
171 215 723 
241 241 241 241 689 689 
4 13 470 470 825 825 912 
314 683 954 954 
575 575 575 611 880 
210 

365 425 434 451 451 451 500 500 515 594 594 610 
196 869 
887 887 
56 437 521 595 651 
377 478 478 
513 
195 816 

120 537 537 
388 388 388 388 634 709 
119 
741 
8 8 8 32 64 64 73 73 73 77 79 79 79 115 182 196 241 277 277 320 366 366 368 407 407 424 427 427 427 464 476 500 500 500 544 544 578 600 600 603 603 614 632 632 655 655 681 681 706 706 722 730 747 752 775 780 780 780 809 809 818 830 863 864 864 869 871 886 886 948 949 987 994 994 998 1011 1013 1013 

8 8 366 554 
916 916 916 
115 252 632 
631 810 834 891 
147 308 

966 
116 309 309 
273 366 391 950 954 954 
12 12 17 602 
79 91 91 91 211 211 211 211 229 
138 1013 
671 
26 26 642 642 642 
141 313 800 
536 1009 
596 
397 397 
568 568 568 1017 1017 
621 
343 343 
154 154 233 376 376 819 856 
335 366 393 393 
677 1011 

166 
545 
0 0 791 791 
295 502 532 850 
607 

363 366 660 660 799 799 959 1017 1017 
384 
362 
898 
93 277 277 739 739 
172 783 860 
978 978 
487 954 954 
136 136 376 539 
131 407 583 
65 366 407 
178 239 542 926 
65 366 627 779 779 
56 56 666 
479 769 769 
22 50 64 84 94 158 162 162 189 206 229 229 266 266 298 298 323 323 324 339 346 383 419 419 439 449 453 453 453 459 473 475 475 533 543 570 570 739 802 802 837 837 852 858 872 874 876 902 954 960 988 988 1016 
7 7 387 387 
54 54 722 
725 745 

744 744 744 884 884 884 935 
82 82 82 429 954 
21 137 619 954 954 
12 407 407 723 
547 782 782 782 954 954 
673 
553 956 
355 355 546 647 780 780 

366 847 847 847 
954 

469 
259 

545 545 620 620 745 745 
133 277 277 
642 642 
366 740 
684 892 


1015 
602 954 1012 
419 901 901 
326 326 
54 179 235 814 
238 238 
107 107 454 711 954 

760 760 803 803 
245 502 502 529 529 529 
213 683 683 683 
206 648 648 1006 
379 
781 
416 963 963 
831 
229 476 476 781 

503 938 
122 153 153 277 277 706 706 827 864 864 
47 102 102 277 346 346 346 558 558 846 903 
70 355 762 
307 307 777 
727 
5 5 61 167 191 191 384 580 
2 2 796 796 
879 879 
5 509 625 686 686 
616 616 

530 
253 502 873 
53 53 
810 956 956 
880 919 924 
173 173 277 
201 418 684 
5 5 597 772 992 
5 767 767 825 853 853 853 
251 251 
57 

277 324 324 324 
175 832 832 
568 988 988 
399 
758 758 
24 24 31 457 460 548 548 592 592 782 810 810 
922 
429 429 
192 192 192 192 749 995 1007 
82 197 289 289 325 
850 
153 153 
104 104 
502 
154 154 201 684 684 755 
410 410 714 
102 264 502 502 518 518 518 615 743 788 816 984 
262 916 
586 
217 451 920 
8 8 60 60 78 82 108 114 169 169 229 229 231 239 253 262 272 274 291 300 372 399 399 407 407 441 450 450 470 476 476 502 502 616 660 688 688 700 719 719 745 745 790 889 922 922 950 963 963 980 999 1017 1017 
209 
229 487 487 733 733 878 878 
937 
737 
520 680 797 797 
366 963 

954 
988 988 
252 252 270 513 513 
221 442 442 
618 618 
316 

988 
63 63 63 68 190 810 
277 852 852 
263 328 684 767 
419 
524 736 787 
182 278 278 577 
226 226 226 226 426 568 568 924 
156 954 
400 805 805 
192 239 950 950 950 954 
517 
253 253 466 
770 
121 805 

248 248 816 
20 
45 60 114 149 149 349 366 366 594 594 650 750 823 944 999 999 
390 
645 732 732 732 843 
127 477 736 
92 92 
603 
32 32 32 869 869 

64 64 144 144 151 202 229 229 271 272 285 285 366 366 427 
909 
108 652 652 
361 361 660 
492 903 903 

586 841 946 
102 102 102 950 954 954 954 997 
960 1007 
318 
146 636 636 636 
340 
277 277 306 385 707 707 
573 642 
138 
26 26 561 579 584 

229 
217 539 
388 653 653 653 
89 229 229 229 407 474 483 583 583 780 826 826 826 826 826 854 975 975 1012 
177 177 431 455 463 557 684 755 843 843 861 861 934 937 
283 353 353 

428 902 902 
152 152 177 486 780 
954 954 
187 217 756 954 954 
123 123 550 995 
100 922 922 
220 887 887 
733 913 1007 1007 1007 1007 
162 162 277 603 603 855 855 
563 609 609 660 662 
366 
33 33 33 377 377 
708 708 726 747 894 
539 
73 

709 709 
71 71 
65 65 277 
366 366 
46 217 217 217 365 1015 
52 52 530 
277 277 277 550 903 903 903 963 
310 661 661 899 
428 

351 592 
58 108 108 108 985 985 985 
277 957 957 
351 575 575 875 875 
949 
37 37 85 85 546 
28 428 623 623 
229 988 988 
127 954 
393 909 
639 815 888 954 954 954 
475 1010 
294 810 810 
212 212 366 
174 780 
69 162 162 162 162 735 925 
277 902 967 
427 929 929 929 1012 
277 277 468 802 837 914 914 914 
229 320 320 366 366 745 745 781 781 
129 402 
25 25 25 221 221 971 971 
276 518 518 954 1010 
102 502 
712 712 784 
855 958 958 
427 780 840 
889 950 
783 
129 177 432 696 861 
269 368 368 540 540 714 862 1006 
101 756 756 
747 747 
797 
955 
411 


568 

40 43 43 133 147 940 
129 129 177 177 898 
789 
217 217 229 229 229 820 

53 53 85 259 313 313 335 359 362 362 366 366 480 532 556 607 659 659 674 731 773 773 859 859 922 922 922 953 966 
322 
993 1007 1007 
145 885 885 
573 632 632 
175 175 662 969 

125 125 125 331 946 1017 1017 1017 
700 700 
176 176 
719 789 789 
82 222 376 376 787 787 
758 758 925 
217 961 
186 
106 392 537 537 537 
362 362 362 479 479 577 954 954 
727 727 
371 
220 595 626 
530 

57 386 736 889 
123 123 168 
767 844 954 979 979 


121 121 313 313 313 954 954 
52 334 452 522 789 954 954 
27 
53 53 90 259 502 721 
277 928 
636 
592 
246 
82 225 225 517 517 517 

270 425 444 808 808 808 
487 487 
139 161 
273 840 840 
277 
229 229 
257 297 297 562 596 922 978 
289 462 647 647 647 780 780 835 835 
286 857 954 
31 31 351 351 810 835 954 956 
1006 
435 453 858 
54 879 879 964 
601 
8 288 
130 130 130 231 
50 698 698 1003 
502 731 
428 861 861 937 937 947 947 
102 324 324 619 862 
712 712 

422 584 
545 922 922 
440 
74 

978 
135 
249 249 249 348 388 388 495 621 
5 5 88 164 165 165 673 673 767 767 983 983 
277 277 957 957 
135 196 196 199 199 199 203 203 
162 
184 420 506 
21 684 709 709 709 937 937 968 968 968 
214 214 214 460 460 653 653 886 
167 670 670 670 
387 518 
229 
422 851 
328 
196 
56 56 159 587 880 950 950 954 
271 427 427 
26 422 561 
702 
364 413 689 946 
582 681 
171 171 
70 70 
926 

169 351 351 457 535 
699 
217 217 399 399 640 
220 521 
207 247 545 805 922 
341 917 
819 819 
879 879 
229 229 871 
96 191 552 801 801 878 954 
240 305 
32 32 153 229 229 404 439 439 
81 
706 

108 260 502 612 612 675 790 790 790 

440 440 660 
217 
214 819 819 819 880 
607 607 660 675 
753 988 
73 229 745 745 
362 
332 332 366 663 663 687 687 982 982 
23 154 154 173 173 173 
378 378 
284 558 714 
297 297 
250 568 887 
951 951 
463 463 

331 
521 
274 
37 37 937 
695 908 
888 888 
234 
115 115 229 229 233 506 506 

226 
166 857 
417 417 417 534 
162 705 705 852 852 

467 895 
594 833 954 
991 
244 244 244 299 299 420 
17 82 82 
73 
401 1014 
74 160 
51 162 162 162 289 546 546 546 737 737 
1 1 9 9 315 315 935 
93 93 
399 
56 142 220 694 694 791 791 
409 409 
426 426 426 575 575 780 840 
115 896 896 
229 229 864 
969 
82 
88 810 
502 502 762 762 763 763 784 
165 176 176 262 262 366 410 440 609 612 673 705 733 805 805 878 878 883 919 919 919 922 922 954 954 959 
107 454 454 
440 507 
616 616 982 

989 989 
275 852 852 852 
95 95 95 

864 
576 576 576 
243 
709 1000 
164 165 165 287 569 569 660 791 
87 87 87 502 692 692 844 
607 612 793 

254 
5 196 
831 
371 
159 196 196 196 196 229 229 587 722 722 954 
756 954 954 954 
178 213 314 314 314 
137 137 201 301 340 360 360 384 428 574 755 892 929 937 954 954 

5 5 61 331 331 
616 616 1016 
129 366 366 868 999 
211 211 586 

92 
90 90 674 674 

651 651 791 
629 
486 
1016 
555 555 756 756 
147 155 193 593 745 745 
50 50 150 159 159 366 510 510 950 

585 
886 1017 
186 186 186 
637 637 660 
229 229 323 323 605 951 
419 419 949 949 949 1018 1018 
52 443 443 726 730 
226 447 447 574 574 574 672 
5 954 
310 817 
481 481 559 559 784 784 784 922 
1006 
96 96 147 361 487 619 790 790 1006 1006 
797 797 925 
1004 
74 
172 172 172 
366 366 512 970 
48 773 836 836 836 
53 53 532 841 841 954 
229 279 681 681 
149 210 285 950 

280 954 
443 708 894 894 
327 519 519 902 902 
24 24 24 

229 708 747 747 747 
502 556 738 738 
401 401 401 1013 1014 
368 368 438 660 787 954 954 
141 
472 
93 93 386 402 524 954 
147 147 147 370 647 647 954 
731 731 966 
98 98 162 162 266 266 277 
300 780 886 
228 826 826 975 975 975 1006 

362 
282 282 282 
280 297 297 366 366 476 476 614 614 699 699 
32 32 
229 443 489 489 730 730 730 
160 
354 
114 114 399 
37 
229 
613 988 
176 
360 428 684 771 771 843 
101 152 152 434 488 488 682 698 698 954 
949 
162 162 350 350 514 514 
6 6 987 
99 312 312 
81 81 
325 659 659 763 
659 659 762 

881 965 
20 20 
5 5 342 342 384 526 569 569 830 954 1023 

175 175 276 276 780 780 
394 780 
755 755 989 
341 
188 502 502 720 
783 
109 229 933 933 933 

326 

274 274 
25 85 85 123 123 174 229 229 229 289 289 427 432 471 483 546 546 653 740 769 769 770 812 840 849 849 854 875 943 969 1015 
12 79 317 320 476 476 964 964 
286 286 286 351 
267 485 774 860 
481 659 712 712 712 
956 
66 66 890 
82 386 513 513 733 
362 
499 512 512 530 
366 607 607 607 714 714 
258 258 651 651 673 694 1019 1019 

675 
196 
835 
329 329 
119 119 119 371 371 490 715 715 
95 95 1006 1006 
61 61 86 186 186 186 186 262 262 1017 1017 
245 
601 601 1006 1006 
277 277 475 
312 312 
18 846 846 
390 390 395 596 660 660 878 878 893 954 954 

832 832 832 
539 539 539 
229 229 906 906 
75 234 337 351 351 382 469 469 548 658 917 917 956 
208 208 
780 
922 922 
308 
467 
223 362 397 
711 
229 
79 79 252 598 598 611 611 611 1009 
500 

32 32 
399 

13 212 212 342 1001 
427 427 427 427 427 741 741 903 1006 1006 
323 
922 922 978 

229 767 844 
181 181 319 679 911 959 
175 347 347 807 807 807 
640 
234 
546 546 548 795 
720 720 720 
51 51 107 107 277 277 475 
53 952 
74 
483 542 542 653 780 
413 721 721 930 946 954 954 
37 37 37 
101 101 401 428 428 755 
526 674 830 

189 324 804 804 
291 291 291 919 
1005 1005 
780 780 
259 356 966 966 
579 
277 383 383 637 637 666 666 666 954 
342 342 342 
427 780 
46 46 46 46 50 118 439 439 482 
154 180 252 
157 547 635 
168 168 168 183 183 277 550 
502 502 988 
127 267 783 973 973 991 991 
177 428 428 486 557 557 
487 558 
85 85 123 229 
229 229 323 323 655 669 

95 

688 
196 218 229 405 405 
937 954 
229 600 
189 189 277 
335 
53 277 
460 460 780 886 886 886 
72 72 277 
66 
368 368 601 660 660 805 805 945 945 
23 23 35 74 74 330 330 551 551 599 599 964 964 1005 
79 214 338 582 611 996 
765 902 902 
198 
660 
30 146 146 146 282 282 282 
505 505 
27 27 229 229 575 703 740 875 875 875 
219 219 437 437 621 
467 630 630 
366 484 524 950 950 950 976 
786 
234 
301 684 
805 
443 726 726 
639 
8 654 654 

265 498 
454 

0 0 306 306 
93 94 277 431 431 473 727 727 881 881 908 908 
49 59 66 66 189 324 411 411 453 453 453 826 972 


809 809 
954 954 
629 902 902 
408 466 

831 
212 
438 
475 475 475 
172 
134 232 232 232 363 
597 810 810 

135 194 338 660 660 660 847 938 938 
365 

21 21 352 366 366 436 436 502 502 502 545 562 562 596 660 660 712 813 813 828 828 978 
125 125 
338 388 1002 
162 472 514 715 
273 590 
18 18 
97 97 533 935 
474 474 474 684 
841 

130 
775 775 775 963 1019 1019 
428 
282 648 928 975 1002 1006 1006 1008 
53 
37 369 428 557 557 574 574 628 684 870 954 954 1023 1023 
322 919 919 
193 
147 147 147 497 

56 
10 780 967 
399 
878 878 
125 413 509 586 841 1017 1017 1017 
557 557 
229 
34 229 461 707 707 707 757 1013 
239 366 391 391 391 414 484 582 582 700 723 889 889 889 954 
622 622 706 
838 
502 
5 5 14 16 16 37 40 40 43 55 61 61 61 74 74 107 107 128 128 134 137 137 157 157 157 159 163 171 171 178 186 186 196 198 198 198 209 213 213 239 239 269 269 277 283 284 284 286 286 292 305 310 374 389 391 414 414 414 433 433 434 434 465 467 467 467 479 518 518 526 529 529 530 530 547 548 582 601 640 660 660 681 682 682 682 684 684 710 721 725 733 733 736 737 756 767 805 805 841 841 852 870 907 907 937 937 950 963 1006 1006 1007 1007 1023 
491 
288 337 337 548 785 810 
459 459 570 570 
76 194 482 482 993 
262 660 831 
277 415 
515 
187 
100 115 318 318 366 366 372 453 933 954 
551 781 781 879 879 
765 
237 502 738 850 850 
473 943 
21 574 574 574 
507 656 780 
719 
25 478 478 
903 
127 860 860 

427 427 741 741 741 935 
889 

268 268 545 566 828 922 
526 526 
102 114 366 

616 616 663 
569 569 
362 
115 115 458 458 458 

229 759 
277 277 348 348 375 375 381 464 464 613 753 859 
156 665 665 771 

82 114 641 860 860 
5 5 341 
504 958 
182 229 229 
123 354 435 
880 
414 
32 32 51 132 132 229 
149 149 366 399 399 688 
672 1013 
825 
1 1 924 935 1006 1008 
555 
50 123 716 
23 23 35 110 848 848 879 
83 138 138 150 315 487 549 713 714 714 741 798 798 801 801 826 826 935 935 954 954 1002 1009 1009 
354 415 438 438 438 438 504 504 954 954 
935 1002 
138 138 246 819 1006 1006 
92 92 468 479 
229 254 
305 427 474 
229 229 242 732 949 1000 
645 732 
304 451 780 
33 277 687 697 
86 145 170 249 249 262 262 366 366 509 509 509 703 799 799 946 946 946 
707 707 
46 791 791 933 933 

109 

767 937 937 954 
