nodes: 1024 edges: 3161
107 258 258 258 899 901 901 
9 648 
329 329 
414 452 452 452 
368 
61 167 185 185 185 185 250 250 263 263 331 341 342 342 531 531 531 569 678 686 710 710 767 767 954 954 992 992 
759 759 759 
278 278 278 
229 229 231 300 366 366 366 553 553 
1 648 648 
347 943 
160 160 748 
19 82 240 240 240 240 781 
212 212 803 825 
51 51 51 51 178 178 178 787 954 954 1005 
69 147 
954 
172 643 643 
21 21 21 725 804 927 927 
12 82 82 82 
162 162 229 229 398 766 
18 18 18 574 574 922 927 927 968 968 
117 117 117 117 
110 110 617 617 879 879 879 1005 1005 
31 351 351 351 728 728 728 728 
478 478 478 780 971 
244 244 244 244 453 876 
447 447 447 447 
463 463 
121 121 121 
146 224 224 417 954 954 954 
24 351 548 782 
229 405 405 603 746 746 822 822 998 998 998 
77 442 442 442 442 1016 1016 
176 949 
647 879 879 879 965 965 965 965 1005 1005 1005 
166 229 
462 462 602 602 602 628 628 628 628 751 751 842 842 842 937 937 954 954 
229 

497 497 497 954 954 954 
77 77 77 77 
98 277 277 
497 497 954 
91 538 559 712 845 1003 1003 1003 
62 62 62 399 399 399 399 981 981 
176 451 451 451 451 855 1019 1019 
324 324 324 324 
701 701 720 720 720 
161 903 903 
277 277 555 555 700 700 700 855 1004 1004 
14 14 14 14 647 647 647 647 837 837 998 998 
452 708 
336 336 532 721 721 838 838 838 838 874 936 936 936 
279 279 308 879 
954 954 954 
220 220 220 275 275 582 582 582 651 651 942 942 
79 146 146 146 146 146 344 524 880 880 
458 610 985 985 
159 159 159 903 
366 366 366 399 650 
5 686 686 686 799 799 954 954 
45 45 45 109 109 
154 220 382 382 382 626 
229 229 277 277 407 407 407 
272 272 274 274 449 449 
435 786 877 903 
229 776 776 
382 382 810 810 
15 925 

151 
277 282 876 
229 229 614 644 
160 160 179 179 179 179 564 646 717 839 839 879 879 879 879 954 
810 810 
194 958 958 958 
33 41 41 41 41 229 229 

57 229 229 229 241 611 611 781 819 880 
536 536 954 
472 472 604 604 606 761 761 826 
12 19 19 19 147 147 197 197 197 209 209 209 267 283 283 283 343 353 353 355 355 500 500 513 513 513 537 593 643 643 657 657 728 728 991 
741 1006 1006 
277 419 419 419 
462 462 462 502 780 863 
170 170 170 170 170 376 376 376 376 376 531 661 661 799 1017 1017 
674 
658 658 
427 
532 532 692 692 692 
44 241 241 
403 403 403 479 691 691 1010 1010 
649 736 736 902 
277 473 902 902 
667 667 667 798 798 798 798 798 866 866 
601 714 
928 928 
42 739 
760 760 760 760 
318 436 436 436 
125 756 756 756 756 843 843 843 
324 324 324 362 397 397 414 414 480 480 558 980 980 980 980 980 
410 
113 113 113 113 113 358 358 
986 
392 517 517 517 517 517 
0 171 310 661 837 954 
366 409 409 458 458 458 607 607 
62 62 229 229 1021 1021 
23 23 1005 
420 420 420 778 778 
154 154 
104 104 104 104 104 162 162 
366 366 399 399 750 750 980 980 991 991 991 
229 229 233 233 632 632 718 963 963 963 
238 326 333 338 
22 22 22 22 138 1009 
128 128 128 855 855 
162 227 227 227 739 797 797 797 1007 
225 225 225 
29 29 29 395 529 529 529 553 569 569 744 744 744 
189 189 189 323 323 323 
168 168 435 435 546 550 780 780 863 995 995 1004 
367 367 
101 250 509 509 923 923 946 
399 640 640 
402 465 860 860 860 860 973 973 973 973 973 
118 118 118 954 954 954 
265 265 265 477 477 477 486 486 498 498 557 688 898 898 
554 554 554 554 932 954 954 
132 
131 873 873 
298 298 
916 916 954 
199 199 571 
252 252 270 270 270 
284 284 684 684 954 954 954 
117 242 1006 1006 1009 
277 541 1018 
181 181 
245 245 660 660 734 
262 624 651 959 
857 857 
407 
169 169 169 325 505 505 1017 1017 1017 
30 57 57 57 57 57 884 884 884 884 
15 82 82 497 501 536 699 737 737 939 940 940 940 940 940 954 954 954 

366 399 399 723 981 999 999 999 
700 826 826 1006 1006 1006 
71 202 202 202 285 285 407 407 
432 432 432 756 
357 357 522 603 603 603 
63 112 112 252 252 252 360 360 856 856 
193 279 279 279 629 699 
533 589 589 640 989 
173 173 205 494 494 632 632 632 632 632 857 954 954 
375 375 375 
59 59 59 171 210 582 700 700 700 700 942 954 
11 11 74 74 646 646 748 748 748 748 748 
49 541 541 
20 20 113 113 119 204 229 229 229 277 277 303 303 321 439 439 472 472 472 572 637 647 647 647 739 739 752 758 758 797 903 925 
954 954 954 954 
569 569 569 569 673 
569 569 660 673 
36 256 256 635 635 
5 328 580 
123 123 435 435 858 858 
145 145 145 366 366 592 592 592 592 592 999 999 
86 86 86 86 86 
107 159 210 215 954 954 954 
17 576 718 915 
157 157 205 205 339 617 617 617 
471 471 585 585 702 
239 507 507 509 764 769 780 780 780 807 807 807 943 969 969 
34 46 511 511 660 
428 428 432 486 498 498 861 861 861 
14 14 14 273 772 954 
74 74 74 74 308 308 308 
856 
140 140 266 266 831 831 911 911 
229 329 329 796 796 796 994 994 994 
277 277 858 
333 573 
5 5 5 5 
516 516 516 704 704 799 799 799 799 799 954 954 
434 756 756 
773 
122 122 122 277 277 277 846 846 872 872 872 903 903 
234 234 382 382 
328 328 328 601 601 601 601 601 
239 239 239 354 354 354 354 391 
155 363 699 939 
76 958 958 958 
223 223 223 481 481 677 978 
199 199 218 229 571 678 678 678 678 681 681 681 694 694 694 869 954 
82 82 82 355 
954 954 
135 135 196 196 571 571 

340 360 684 
151 151 151 285 407 407 407 
571 571 
162 303 303 
157 173 173 954 
277 478 
596 596 
714 811 811 
82 82 82 366 905 905 905 954 954 
159 171 215 215 
241 241 241 284 772 
13 13 470 470 470 825 
314 683 954 954 
575 611 880 
171 210 210 
329 
365 365 434 434 451 451 451 500 594 
196 869 954 954 954 1002 
887 
56 56 56 63 437 437 437 521 521 521 521 521 595 
229 229 229 377 377 478 
787 787 
195 195 195 694 816 816 
30 30 
120 120 120 537 537 537 795 
388 388 388 634 
119 119 119 
699 699 
8 8 20 20 32 36 38 64 64 67 73 73 77 77 79 79 79 109 109 115 115 162 162 162 182 196 221 221 221 230 241 241 277 277 277 281 320 320 323 323 345 358 366 366 368 368 398 398 405 405 407 408 408 408 408 408 424 424 427 430 442 442 446 446 446 464 476 485 485 500 500 534 534 544 544 544 544 578 603 614 614 630 632 655 655 681 681 681 691 691 706 706 719 722 722 722 722 726 726 730 747 752 775 775 775 776 780 780 780 809 818 818 829 829 829 830 864 864 869 869 871 880 880 885 886 891 891 906 906 906 948 948 949 949 954 954 987 987 994 994 998 1011 1013 1013 
229 719 719 
8 366 442 554 554 554 
820 916 916 916 
115 115 632 632 
190 190 631 642 642 810 810 810 834 891 891 891 956 956 956 956 956 

775 
966 966 
116 609 609 660 660 922 922 922 
175 192 192 192 273 273 366 366 391 954 954 954 954 
12 12 12 12 602 602 602 602 907 907 
79 91 91 211 211 211 229 229 524 524 524 524 765 765 
138 
387 671 671 671 671 
26 26 26 26 617 617 617 642 642 
141 141 800 800 800 
536 1009 1009 1009 
596 
362 397 397 816 816 
568 568 568 909 1017 1017 
5 5 125 621 621 686 954 
343 343 
136 136 154 154 154 376 819 856 
335 335 335 366 366 393 
677 677 
382 597 
166 166 
545 545 
0 0 0 791 791 
295 502 502 502 532 532 850 850 850 
607 607 607 714 
366 
142 363 363 366 366 412 412 440 563 624 624 660 799 799 799 959 959 1017 
5 5 271 384 384 396 
362 362 362 577 
129 129 129 
181 181 277 277 277 739 739 822 822 822 
82 783 860 860 991 

487 487 954 954 954 954 
136 136 136 376 376 
263 407 583 1012 1012 
65 65 366 407 407 407 
178 239 239 542 542 926 
65 65 366 407 407 407 779 
56 56 666 666 
769 769 769 769 
42 42 50 50 64 64 72 84 94 139 162 162 183 183 189 189 189 206 229 229 229 266 266 266 298 323 324 339 346 346 354 383 419 419 419 439 439 453 453 459 459 459 473 475 529 529 529 533 543 558 558 558 570 707 707 739 739 739 758 758 837 837 837 837 858 858 858 868 868 868 868 872 872 874 874 900 900 902 903 941 954 954 957 957 960 988 988 988 1016 
7 7 7 387 387 387 
54 54 155 155 155 
725 725 745 745 745 745 804 
229 854 
72 744 744 876 884 884 
82 82 82 353 429 429 429 954 954 
137 137 211 619 619 619 954 
151 151 202 407 407 723 723 725 
547 547 782 782 782 782 954 954 954 

553 553 553 921 956 
355 355 355 355 546 546 647 647 647 780 780 780 780 
314 491 955 

954 954 

469 
259 966 
802 
620 620 745 745 
133 133 277 
642 642 642 642 
8 366 366 740 

732 732 926 926 
162 162 204 204 

602 602 602 602 954 954 
385 419 419 901 901 
326 326 777 777 
54 179 179 179 814 814 964 964 

107 317 317 454 456 456 711 711 954 954 
922 
760 803 825 825 
502 502 
213 290 491 683 683 
648 648 648 935 935 1006 
903 903 903 
310 310 724 781 781 
100 954 963 
831 
229 229 476 476 476 785 
162 
503 878 878 938 938 
122 122 122 229 229 277 357 485 706 744 744 744 827 910 
47 47 47 47 102 102 102 277 558 558 903 903 
145 355 355 355 
116 307 307 660 660 660 777 777 
549 1006 1006 
167 191 191 191 331 331 384 531 531 580 
2 2 182 182 216 796 
879 983 
5 328 328 686 686 686 
616 706 
116 184 
366 366 530 
253 253 253 502 502 502 
53 53 966 
810 810 810 921 956 956 956 956 
116 825 825 825 825 880 919 919 924 
173 277 
201 418 684 684 
5 772 992 992 
5 5 767 853 
82 251 251 
57 611 611 611 773 
229 
277 277 
10 733 832 832 
568 988 988 
823 
758 758 758 
24 24 24 31 457 460 460 469 469 548 548 548 592 592 782 782 782 810 810 810 
922 
82 82 283 429 429 429 
192 192 192 192 277 995 1007 1007 
82 82 197 289 289 289 289 325 325 325 
780 780 850 850 
153 153 323 
104 104 229 
502 528 
154 154 201 684 684 755 755 755 
410 410 714 
102 248 264 264 264 502 502 502 518 518 518 518 518 615 743 743 788 788 816 816 984 
193 262 262 790 
586 946 946 
217 217 451 451 451 
8 8 8 60 60 60 108 114 114 149 169 169 209 229 229 231 239 239 253 253 261 262 262 272 274 300 300 334 334 393 393 393 399 407 409 450 450 470 470 470 476 476 502 607 607 616 616 660 668 668 688 700 700 700 719 745 745 763 763 763 777 777 790 847 847 871 871 871 889 922 922 950 950 963 963 963 980 980 981 981 999 999 1017 1017 1017 1022 
124 124 
4 229 229 487 487 733 733 733 733 878 878 
937 
737 737 954 
680 680 680 
523 523 817 963 963 963 
605 605 605 
954 954 954 954 
158 158 158 988 
86 86 86 86 86 252 270 270 513 513 526 
221 221 442 442 
618 618 879 
713 

419 419 988 
63 63 63 68 68 190 190 255 810 810 
277 852 852 
263 263 328 396 396 684 684 767 767 767 
306 419 419 988 
524 524 524 
243 278 278 278 577 
226 226 226 568 568 634 924 924 924 
954 
400 400 778 778 778 
192 239 950 950 950 950 954 954 
106 517 527 527 
253 366 366 366 466 466 
451 451 770 770 
121 805 
263 384 384 767 
102 102 248 248 802 816 
20 229 229 706 
45 45 45 45 60 114 114 126 149 149 366 594 594 627 650 823 981 981 999 999 
390 390 
732 732 732 757 757 949 949 1013 1014 
127 736 736 
92 92 92 954 954 
603 603 
32 32 229 229 869 869 
527 527 
64 64 64 144 151 151 202 202 202 229 271 272 272 272 274 274 274 285 285 366 422 422 427 427 427 583 583 584 584 894 894 894 
229 229 229 229 229 909 
108 108 366 652 904 
103 361 361 526 526 526 660 660 977 977 
492 990 990 990 
262 262 
586 946 
3 102 102 891 950 950 950 954 954 954 
960 960 960 960 960 1007 

30 591 591 636 636 884 
340 
84 84 84 277 277 277 306 306 381 381 385 385 707 988 988 
111 111 111 573 573 573 642 642 642 

407 407 561 579 579 584 
449 
229 229 579 
539 539 539 
653 653 653 653 1002 1002 
89 229 407 407 407 474 474 474 483 483 483 583 583 604 695 780 826 826 826 975 1012 
177 177 431 486 486 498 557 557 628 684 755 755 843 861 937 937 
283 283 283 353 353 353 966 
229 
428 755 902 902 902 902 
152 152 152 177 486 486 780 780 780 
954 
187 217 217 515 640 640 640 756 756 768 820 954 954 954 
66 123 123 168 168 550 550 877 877 995 995 995 
100 100 100 922 
220 220 220 887 887 887 887 887 
733 913 913 913 913 1007 
162 162 277 277 603 603 603 603 855 855 855 
262 563 609 609 609 660 660 

33 33 33 33 229 229 231 377 377 690 
708 708 708 726 726 747 747 747 
539 

229 229 229 885 885 885 
27 27 27 27 709 
802 
65 65 423 
366 366 
46 46 46 46 217 217 217 365 365 365 394 394 780 780 780 1015 1015 
3 3 3 52 530 530 
26 277 277 550 903 963 
310 661 661 899 899 

310 310 
351 592 592 592 
58 108 108 108 777 985 985 985 
277 277 277 957 
351 351 575 575 782 875 875 
566 805 949 949 954 
37 37 85 85 85 546 
28 28 623 623 
229 779 779 779 988 988 988 
127 954 954 
393 393 909 909 909 
639 639 815 888 954 997 
475 475 1010 
294 351 351 806 806 
212 212 212 366 366 366 
174 174 
81 81 162 162 162 735 761 761 925 
94 277 902 967 967 967 
427 427 427 929 929 1012 
277 468 468 802 914 914 
229 320 320 320 366 366 745 
129 129 129 486 736 1023 
25 25 25 206 221 971 
92 491 491 518 518 954 954 1010 1010 
102 102 502 502 
195 195 712 750 784 784 784 
919 958 958 958 
427 427 427 840 840 
950 950 
229 229 323 
129 129 177 428 428 432 432 477 696 861 861 861 
269 269 368 368 540 540 714 714 714 771 771 771 771 771 1006 1006 1006 
693 756 
747 747 
797 797 797 797 
290 314 479 479 954 
411 
982 982 982 
157 157 
568 
563 563 706 959 959 959 
40 40 40 43 43 147 817 817 817 954 954 954 
129 129 177 177 428 861 861 861 898 898 
530 530 530 
82 82 217 229 229 820 820 820 
147 504 
85 259 259 259 313 313 335 335 335 359 362 362 362 366 480 480 532 556 607 607 607 659 659 674 685 685 685 685 731 731 763 763 773 773 836 836 859 859 859 922 922 953 966 966 984 
322 
501 1007 1007 1007 
145 145 885 885 
573 622 622 632 
175 175 662 662 969 969 969 
662 
125 125 175 946 946 946 1017 
700 700 
176 176 
719 789 789 789 
82 82 82 376 376 787 787 
925 
434 820 820 961 
186 186 186 
106 106 106 106 106 392 527 527 537 537 537 537 546 
362 362 362 362 362 479 479 548 954 954 
727 727 727 727 
680 680 680 759 
220 220 220 220 220 595 595 595 
153 530 
372 372 817 817 
57 241 241 241 241 386 386 386 736 889 

376 410 410 410 767 767 844 844 844 954 954 979 
392 392 406 406 517 517 
359 
121 121 121 277 277 277 
334 452 452 499 499 499 522 555 555 555 789 954 
5 5 5 86 328 328 992 992 
53 90 90 259 259 502 650 692 
156 277 739 739 928 1006 
229 229 948 948 
592 592 592 592 
80 80 147 246 
82 225 225 225 517 517 517 517 
44 1003 1003 1003 
425 425 425 444 808 856 856 856 856 
487 487 
139 161 161 
273 273 840 840 840 926 
277 744 884 884 
229 229 229 229 998 
257 257 596 596 978 978 
123 289 289 462 517 647 647 780 835 835 835 835 
286 286 857 857 857 954 
31 351 351 351 518 792 792 810 835 835 835 954 954 956 956 
327 714 714 714 1006 1006 
123 435 435 453 858 
879 964 
601 810 956 956 
8 8 121 288 288 288 
130 130 130 130 231 231 231 
50 50 530 530 530 698 698 698 
502 1021 
129 428 428 861 861 877 877 877 937 947 947 947 
102 277 277 277 324 324 619 619 619 619 862 
44 784 784 922 
1006 1006 
422 584 584 584 
922 922 
262 440 496 496 959 
74 

461 978 978 
876 876 876 
249 249 249 348 388 388 495 621 621 
5 121 121 164 164 164 164 165 165 673 673 673 767 767 931 983 
277 957 
135 196 199 199 203 203 881 881 
162 
184 420 420 420 506 
21 21 684 684 709 709 937 937 968 968 
214 460 460 653 653 653 886 886 886 
172 670 670 670 915 915 
264 387 
229 
422 422 424 851 851 851 
167 328 

56 56 56 159 942 950 950 954 
271 407 407 427 427 
407 407 422 561 561 561 979 
174 174 656 702 702 702 
364 413 689 946 
681 

156 156 954 954 954 

417 417 
169 169 169 169 169 351 351 457 457 457 535 535 535 535 746 746 746 810 
82 699 
217 399 399 627 640 640 855 
220 521 521 521 
207 207 247 545 545 805 805 805 
255 917 992 
819 
879 

96 191 191 191 191 191 552 805 805 954 
37 37 37 240 240 240 240 305 305 305 305 751 907 954 954 
32 153 153 153 229 404 404 439 439 439 439 
81 81 427 1006 1006 
373 373 373 
81 903 903 
108 108 260 260 260 366 366 502 502 502 612 612 612 675 790 790 790 790 
759 759 
238 238 440 440 440 660 
58 820 820 
79 79 214 344 344 344 819 880 
607 607 607 660 660 660 675 805 
753 988 988 988 
73 229 229 620 620 620 620 620 745 745 745 830 
362 
332 366 366 663 687 687 982 982 982 
23 23 173 173 173 244 244 244 642 
378 378 
284 284 284 558 558 558 558 714 714 1006 
297 297 614 614 614 614 614 
250 250 568 568 887 887 
506 506 632 632 951 951 951 
463 463 780 780 
142 262 262 959 959 

63 
399 594 
37 37 37 37 428 937 
155 908 908 
229 888 888 888 888 
234 956 
115 115 157 157 157 157 157 229 233 233 506 622 622 951 951 
997 
226 388 680 
166 166 857 
417 417 
162 705 705 852 852 852 
679 831 831 
467 467 895 895 
126 126 156 434 434 434 594 594 833 833 954 954 954 
963 991 
234 234 244 244 299 299 299 299 420 420 420 617 
17 17 82 82 
73 
1014 
74 160 160 717 
35 51 51 51 51 162 162 162 289 289 289 546 546 737 737 737 737 
1 9 9 315 315 315 935 935 935 935 
93 720 736 736 
60 399 532 
56 56 142 694 694 791 
409 777 777 777 
426 426 426 426 575 575 575 780 780 886 886 
896 896 896 896 
229 229 864 864 
585 969 
82 82 
88 88 810 810 
502 502 763 784 
141 141 165 176 238 238 262 326 326 326 366 410 410 440 440 609 612 612 612 673 673 678 705 705 733 734 805 805 814 878 878 878 883 919 922 954 954 959 959 959 
86 86 107 454 454 837 837 837 
507 507 508 
616 982 982 

989 
275 275 852 852 852 852 
95 95 95 676 
366 366 
864 864 
576 576 576 
243 243 243 243 
709 710 710 710 710 
164 165 569 569 569 660 660 791 791 791 
87 502 692 692 692 692 
607 612 793 
667 1006 1006 
195 254 254 
5 196 196 196 196 660 
638 831 831 
371 371 371 520 520 520 634 
196 196 196 229 229 229 587 722 722 954 
756 756 756 954 954 
213 314 314 865 
137 137 201 340 340 360 360 384 384 428 574 574 755 892 892 929 937 937 937 954 954 
502 502 502 502 
5 61 61 61 250 331 331 331 
616 616 1016 
129 366 999 999 999 
586 946 946 946 
442 844 
92 92 229 229 
90 90 90 532 674 674 674 674 
488 
196 196 196 223 651 651 791 874 
427 724 724 812 943 
486 
952 1016 
555 555 555 756 
147 155 193 228 228 593 745 745 745 745 897 897 897 897 939 
50 50 50 150 159 159 159 159 366 366 366 510 510 772 950 950 1004 1004 1004 1004 1004 
48 48 841 841 841 
174 585 585 585 
886 886 886 886 
186 186 954 954 
637 637 660 660 
229 229 323 332 398 496 
277 277 419 949 1018 
52 443 443 443 726 726 730 730 730 730 
447 574 574 672 920 
5 5 672 672 672 672 954 
310 310 817 
44 481 784 784 845 922 922 
379 1006 1006 
96 208 260 361 487 487 487 549 549 549 619 619 790 790 974 1006 1006 
797 925 

74 646 839 
115 172 
229 230 230 366 512 939 970 
48 48 48 649 773 773 836 836 836 
53 53 841 841 841 954 954 
229 229 229 229 681 681 
149 285 285 803 803 803 803 950 
317 695 695 812 
18 280 280 285 954 954 954 963 
229 229 443 443 708 708 730 730 747 747 894 894 894 
519 519 519 519 902 
24 24 24 24 82 82 

229 708 708 708 708 726 726 747 747 
502 502 738 738 
302 302 401 401 401 1013 1014 1014 1014 
347 368 368 368 368 438 660 954 954 
141 660 
472 973 
93 93 402 402 477 524 649 649 954 954 
147 147 370 370 647 647 647 647 954 
731 731 966 
98 119 162 162 266 266 277 277 277 533 533 
300 886 886 886 
83 826 975 975 975 1006 
907 907 
362 362 
121 121 121 282 282 323 323 323 543 827 827 827 
280 280 280 280 297 297 366 366 476 614 614 614 699 699 699 699 
32 32 592 592 592 
229 443 443 443 489 489 726 726 730 730 
11 160 160 160 160 160 
841 841 841 
114 114 481 961 
37 37 602 
162 229 
613 988 988 

360 360 360 428 428 431 684 758 771 771 843 
101 101 101 101 152 187 187 434 434 488 682 682 682 698 768 768 768 954 954 954 
401 401 949 
162 162 277 277 350 350 350 755 
6 6 6 520 608 608 
99 99 99 99 312 803 803 
81 81 472 472 
763 
366 366 366 502 502 659 762 
175 943 
241 241 881 
20 
5 5 342 384 384 384 396 526 526 569 569 830 830 830 853 1023 
434 756 756 756 
175 276 276 276 276 780 780 
394 394 
487 487 487 487 487 755 755 
178 211 341 700 954 
188 344 502 502 720 720 
928 928 
229 229 229 236 933 
67 67 229 
307 307 326 326 366 366 458 652 652 652 
111 111 390 390 390 805 893 893 
274 464 464 464 
25 85 123 123 175 175 175 229 229 229 289 289 289 289 356 356 427 432 432 432 451 451 451 546 623 623 653 653 769 769 840 840 849 875 886 886 943 943 943 967 969 969 1015 
12 79 317 317 964 
31 286 286 286 286 351 351 351 460 795 795 
267 860 860 
481 481 481 559 559 659 712 712 
320 956 
66 890 890 890 
14 222 222 513 513 
362 362 845 
512 512 512 530 
363 366 607 607 607 607 714 714 
258 258 651 673 673 673 694 
548 548 
675 

225 782 782 835 835 835 1001 
182 182 182 329 
119 119 119 162 490 490 490 490 715 
95 95 95 95 95 1009 
61 61 86 186 186 186 186 186 262 262 262 1017 1017 
245 245 245 
954 954 1006 1006 
296 397 448 475 816 816 
13 312 723 723 723 723 760 760 825 
18 280 846 
395 461 596 596 596 601 601 612 660 660 778 878 878 878 893 954 954 954 
469 469 810 810 934 934 934 
175 175 175 832 832 
539 
229 906 906 906 1011 1011 1011 
68 68 75 75 234 234 234 337 337 337 351 351 351 382 382 548 552 592 658 658 806 806 917 917 917 956 956 
208 208 
695 724 1019 

308 308 660 
467 
223 223 248 248 362 362 397 802 802 
372 497 497 497 523 523 711 
229 229 
79 252 598 611 1009 
232 434 500 500 500 515 515 610 610 916 

32 32 266 266 266 
349 399 
963 
13 212 312 312 338 338 338 338 803 
81 150 150 427 427 427 741 903 1006 1006 
323 744 744 744 
922 978 978 
229 229 229 954 954 
229 614 767 767 767 844 844 844 844 
181 181 319 638 638 679 679 911 911 911 
347 347 807 807 
640 640 
234 
546 546 546 546 548 548 548 795 795 795 1001 1001 1001 1001 
502 502 720 720 720 859 859 
51 51 107 277 277 277 277 661 661 661 
53 53 53 53 954 954 954 1020 
74 74 717 
483 483 542 542 542 780 780 
701 701 701 721 721 721 749 749 749 930 946 954 954 
37 37 37 
101 101 101 428 755 
526 526 526 690 830 830 830 830 
44 712 788 
189 189 804 
366 366 919 1017 
1005 1005 1005 
780 
259 259 259 356 356 905 966 966 
579 579 579 
383 383 637 637 637 666 666 666 666 
342 767 
281 
46 50 118 118 439 439 439 594 958 958 
154 154 180 252 539 539 539 539 
143 143 157 547 547 547 635 
168 168 183 277 277 277 550 903 1016 1016 1016 
502 502 502 836 836 988 988 
127 127 127 127 267 267 783 783 991 991 991 
177 177 177 428 486 486 486 498 498 498 557 557 
558 
85 123 
229 229 655 655 669 669 
683 954 
95 95 1009 
935 935 
277 277 277 277 
196 218 229 229 405 405 
954 
229 366 366 366 
189 189 189 277 277 
132 132 
53 277 277 694 900 
460 460 780 886 886 886 
26 72 282 567 567 567 
66 435 435 557 557 557 890 
322 322 368 368 660 660 660 805 805 805 945 945 
23 23 23 35 35 35 54 74 74 74 74 330 378 551 599 964 964 964 1005 
57 57 79 214 229 229 338 611 996 996 996 
571 571 765 902 

660 
146 146 146 146 282 282 417 543 543 
229 446 446 446 505 505 
229 575 575 575 653 653 703 703 703 703 740 740 740 780 780 875 875 875 
219 437 437 437 437 437 621 621 
467 630 630 630 630 
366 524 950 976 
786 786 786 877 
229 229 234 234 234 414 
684 684 
778 778 805 
407 407 407 726 726 726 
639 639 
654 654 654 654 
699 699 699 699 
129 129 498 498 
0 454 454 
277 277 874 
0 0 306 306 
93 94 94 277 431 431 431 431 473 727 881 908 
49 49 59 66 162 189 189 277 316 316 316 324 324 453 606 606 826 858 972 
409 
209 209 209 850 948 966 
229 229 229 809 809 809 
240 240 602 742 742 954 954 954 
629 629 902 
249 408 466 466 466 
323 
181 181 831 831 831 

438 438 438 438 
475 475 
172 576 576 
134 134 232 232 232 820 
597 810 810 810 

338 338 482 660 847 938 
709 
288 337 
21 238 238 238 311 352 366 366 436 502 502 559 562 562 660 712 712 828 968 978 978 
125 125 
338 388 388 388 
69 162 472 514 715 
273 302 302 542 
18 18 21 21 
97 97 533 774 774 1006 
474 474 684 954 
841 
569 
130 
775 963 
806 806 806 
315 315 648 648 648 648 867 867 975 1002 
53 53 53 
37 37 369 428 428 557 574 574 628 684 684 684 954 954 1023 1023 1023 
322 322 919 
147 193 699 719 
147 147 147 147 147 
277 
56 56 159 582 
10 175 695 764 780 780 780 967 967 
980 980 
878 878 
125 364 364 413 509 509 509 586 689 689 689 841 1017 1017 1017 
557 557 557 
229 229 534 534 905 
34 229 229 401 401 461 461 707 757 1013 
366 366 391 391 391 391 414 414 414 484 484 582 582 700 700 723 889 954 954 954 
622 622 622 632 632 
697 954 954 954 
502 
5 5 14 14 16 30 30 30 37 37 40 40 40 43 55 55 55 61 61 74 80 107 128 128 128 130 130 134 137 137 137 147 147 147 157 157 159 163 163 163 163 171 171 171 178 186 186 196 198 198 205 209 209 213 213 218 218 218 229 229 239 239 239 239 250 269 269 269 269 277 277 283 283 284 286 286 286 292 292 305 305 310 310 318 370 374 374 374 374 389 391 391 403 403 414 414 414 433 434 434 434 461 465 465 467 479 479 491 497 497 497 518 518 526 526 530 547 548 548 582 589 589 589 601 602 602 640 640 640 660 660 681 682 682 684 684 704 704 710 721 721 725 725 725 733 733 736 736 737 756 756 756 772 801 801 805 805 805 829 829 838 838 838 841 841 865 870 907 907 907 929 937 937 950 950 950 952 952 952 963 963 1006 1006 1007 1023 1023 
290 
234 234 234 234 234 288 337 337 337 337 548 548 552 552 631 785 810 810 
277 277 459 570 
76 76 76 194 194 194 482 482 482 855 855 993 
142 262 262 496 496 496 563 624 624 660 660 660 
277 415 415 415 415 415 
515 750 

115 115 115 318 366 366 366 372 372 372 453 641 725 824 933 954 954 
308 308 551 781 879 879 879 
35 35 35 35 
237 237 295 336 429 502 502 738 850 850 905 
473 473 473 780 943 943 
21 21 574 574 922 
175 175 507 507 507 656 780 780 
719 
25 478 
903 
127 127 127 127 127 735 
714 
427 741 741 741 935 1012 1012 
889 
410 410 
195 545 545 566 566 828 828 922 922 
526 584 
102 102 102 102 102 114 114 366 366 944 944 
45 45 149 366 366 399 399 
493 493 493 616 616 616 663 663 
330 569 
362 502 
58 58 458 458 458 
105 
229 229 
277 277 277 348 348 375 381 385 419 419 464 464 464 613 613 613 753 753 859 859 
156 665 
411 411 411 
82 114 114 114 267 641 860 860 860 
5 5 341 341 531 531 597 
958 
182 182 182 229 229 
123 123 354 435 435 435 
880 880 880 
467 633 
32 32 32 51 51 229 544 
149 149 149 169 169 366 366 399 399 688 688 688 
1013 1013 
795 835 835 835 835 
218 426 426 935 1006 1006 1006 1008 
44 44 44 538 538 538 
50 50 123 700 700 700 700 700 
14 23 23 35 35 35 110 848 848 848 879 
83 83 138 138 150 150 150 315 327 327 487 487 487 533 549 549 560 560 604 604 619 676 676 713 713 714 714 741 801 801 826 826 928 954 954 1002 1002 1002 
119 354 354 415 438 504 504 504 954 
1002 
117 138 246 246 246 798 819 866 
92 92 468 479 479 
229 809 809 809 
271 271 427 474 975 975 
229 229 401 732 949 1000 1000 
401 645 732 732 732 
451 451 780 
33 33 277 687 697 858 858 858 
86 86 145 145 145 249 249 262 366 366 366 509 799 799 847 946 946 946 
139 707 
46 46 812 
838 
109 109 556 
366 
477 767 937 937 937 954 954 
