nodes: 1024 edges: 3141
107 107 258 258 258 310 310 901 901 
9 648 849 1002 1002 
329 329 329 
414 452 

61 61 185 250 263 263 328 328 331 341 341 342 531 569 686 710 767 767 767 767 954 954 992 
759 759 
278 278 278 
229 229 229 231 300 300 366 553 896 896 896 
1 
347 943 943 
160 160 160 748 
82 240 240 240 285 
212 212 803 825 825 
51 51 51 51 51 178 178 787 954 1005 
69 147 147 
107 
82 82 643 643 
21 21 21 436 927 927 927 927 
82 
229 229 766 766 766 
18 18 18 284 574 922 
84 117 117 117 117 277 
110 110 120 120 308 308 617 617 879 879 1005 
31 351 351 351 728 728 728 728 
478 478 971 971 
244 244 244 453 584 
447 447 447 531 886 

121 121 121 121 853 
146 146 417 884 884 954 
24 351 351 548 548 782 
229 229 405 405 603 822 998 998 
442 442 442 1016 1016 1016 
176 532 949 
647 965 965 1005 1005 
166 166 229 229 
462 462 462 462 462 602 628 751 751 842 842 842 842 937 937 954 954 954 
229 229 229 
990 
802 802 954 
77 77 82 

497 497 954 954 
538 559 559 712 712 845 1003 
62 62 62 399 399 399 981 981 
176 176 451 451 451 1019 1019 
324 324 
701 701 720 720 

277 277 555 700 855 1004 1004 
14 14 14 14 14 647 647 647 647 647 837 837 837 998 
452 452 530 
502 532 532 721 721 721 838 838 838 838 874 936 936 936 
279 879 
954 954 
220 220 220 275 275 582 942 942 942 
146 146 344 524 880 880 
458 458 458 610 985 
159 159 159 903 903 903 
366 366 399 
5 5 328 328 328 686 686 686 799 799 799 799 954 954 
45 45 45 109 
220 382 382 
229 229 277 277 407 407 407 407 407 
272 274 449 449 449 449 449 
435 786 877 877 903 903 
229 
382 810 810 
15 472 472 472 925 925 
325 325 589 589 589 
151 448 448 448 
277 876 876 876 
229 445 614 614 614 
179 179 564 646 717 717 717 839 879 879 879 954 954 
810 810 810 
194 194 766 958 958 
41 41 229 229 
366 
99 111 229 229 241 781 819 819 819 866 880 905 
536 954 
472 604 604 606 761 761 761 
12 17 17 19 41 147 147 197 197 209 267 283 283 283 343 343 353 355 366 500 500 513 513 643 643 643 657 657 657 657 699 699 728 728 787 787 991 
741 741 741 
22 277 277 419 419 430 430 
123 462 462 502 780 
170 170 170 376 376 376 376 531 661 661 661 799 799 1017 1017 
674 674 
569 658 658 658 658 
427 427 
692 692 
241 
403 403 403 403 403 479 479 479 691 691 691 1010 1010 1010 
649 649 736 736 736 902 902 
277 277 277 473 902 902 
667 798 798 798 866 1006 
601 714 974 
928 
739 739 
79 760 760 804 
318 318 436 436 963 963 
125 488 756 756 843 843 
324 324 324 362 397 414 480 980 980 980 
410 
113 113 358 358 358 739 
673 986 
392 517 517 517 
0 0 16 171 310 310 837 901 901 901 954 954 981 
366 366 409 409 409 458 458 607 
62 229 775 1021 
23 23 1005 1005 
79 420 778 778 

104 104 
366 399 399 750 750 750 750 980 991 991 991 991 
229 233 632 963 963 963 985 
238 326 326 326 333 
22 22 22 22 138 
128 855 
162 227 227 227 739 739 739 797 1007 
23 23 225 225 225 
29 29 29 29 529 553 744 744 
189 189 189 189 323 323 
85 168 168 168 435 435 550 780 863 863 
367 367 367 
101 250 250 509 509 923 923 
640 833 833 
402 465 595 736 736 860 860 860 973 973 
118 954 
265 265 477 477 477 486 498 557 557 557 688 688 688 898 
554 554 554 932 932 
132 132 271 271 286 407 
131 131 873 873 998 
298 298 298 497 497 
916 
199 199 571 
252 270 270 
284 284 284 684 684 954 954 
117 242 242 421 421 1006 
277 277 361 541 1018 
181 181 
245 245 734 
262 262 400 624 624 959 959 
857 
407 
169 169 169 169 325 505 505 
30 30 57 57 417 884 884 884 884 
15 15 82 82 235 235 257 497 501 501 512 699 699 714 737 939 940 940 940 940 954 954 
208 208 
399 399 999 999 999 
826 1006 
71 202 202 202 285 309 407 407 
432 756 
323 357 603 603 
252 617 617 617 856 
193 193 193 193 279 279 629 699 
389 533 589 589 589 
173 173 205 494 494 632 857 857 954 
277 277 277 375 375 375 
59 59 59 582 681 700 700 700 942 954 
11 11 11 748 748 748 
541 689 
119 204 204 229 229 277 277 292 303 303 392 439 439 637 715 739 739 739 752 797 903 903 903 
954 954 954 954 
569 569 569 569 569 673 
569 569 569 660 
36 36 256 256 635 
328 580 
123 123 123 435 525 525 858 858 858 858 
145 145 145 145 592 592 592 
86 86 86 287 1017 1017 
107 215 215 215 588 588 954 954 954 
267 576 576 718 718 718 915 915 
157 157 205 205 205 617 617 
471 471 585 702 
239 347 347 347 507 507 769 780 807 807 807 832 943 943 
34 46 46 511 660 660 660 754 754 
428 432 486 498 498 498 696 861 861 
14 14 273 683 772 954 
74 74 

140 140 266 266 562 562 562 911 
229 229 229 329 796 796 994 
277 277 858 858 
333 573 
5 
516 704 704 799 799 799 954 
488 756 756 
502 773 773 
122 122 122 122 277 277 846 846 872 872 903 
234 234 382 382 382 956 
328 328 328 601 601 
239 354 354 391 391 
155 155 155 155 363 939 
76 76 
481 481 481 677 978 978 
199 199 218 229 229 571 571 571 581 581 581 678 678 678 678 681 681 681 681 694 694 694 794 869 869 954 954 
82 82 355 
954 954 954 
135 135 196 196 203 203 297 571 571 
568 
340 340 
151 151 151 407 584 
199 199 571 
162 162 303 303 
157 173 173 173 954 

247 596 596 596 
148 148 361 549 714 811 811 811 
82 905 905 905 905 954 
215 215 215 
241 241 241 284 689 689 689 772 
13 13 470 470 470 470 825 825 825 884 912 912 
314 314 683 683 683 954 954 954 
575 611 611 611 880 880 880 
171 171 171 210 210 210 
329 329 
365 425 434 451 451 451 451 451 500 500 594 594 594 594 
196 869 1002 
887 887 
56 56 56 63 437 521 595 595 651 651 651 
229 229 478 478 478 478 

694 816 816 816 816 816 
508 
120 120 120 879 
388 634 
119 119 119 
1000 1000 
8 8 8 20 20 32 32 36 36 38 38 38 64 64 67 73 77 77 79 79 109 115 162 162 182 182 182 196 196 221 221 230 230 241 277 277 281 300 323 323 323 345 358 358 366 366 368 368 398 405 407 407 407 408 408 408 424 427 442 446 446 464 464 476 485 485 500 500 500 534 544 544 578 578 600 600 603 655 655 681 691 691 691 706 719 719 722 722 722 726 726 747 747 766 776 776 780 780 796 796 818 818 818 829 829 829 829 830 830 864 864 869 871 880 885 906 948 948 948 949 949 949 954 954 954 994 998 998 998 1011 1013 1013 
229 229 719 880 
8 554 
820 916 916 916 
115 252 632 632 632 
190 190 631 631 834 834 834 891 891 891 956 
147 147 
775 775 775 
966 966 
116 309 609 609 609 660 660 922 922 
175 192 366 366 391 671 950 950 954 954 
12 12 12 
79 91 211 211 211 229 524 524 524 524 765 765 
138 138 
387 583 583 671 671 
26 26 26 617 617 642 642 
141 141 800 800 
536 536 536 1009 1009 1009 
207 
397 397 
568 568 568 568 909 909 909 962 1017 
5 125 125 621 686 954 954 
343 343 343 
136 154 233 376 376 856 
335 335 335 366 366 393 393 
677 
382 382 382 597 
166 166 
147 545 545 
0 0 0 791 
295 502 532 532 532 850 850 850 
607 607 607 714 
366 366 
142 142 363 366 366 440 563 624 799 799 799 959 1017 1017 1017 
5 5 
362 362 362 362 518 577 
129 129 898 898 898 
181 181 
82 172 654 718 783 783 860 860 991 
978 978 
487 487 487 954 954 
136 136 376 376 376 539 
131 131 407 407 1012 1012 
65 366 
178 302 542 542 926 926 
65 366 407 407 407 627 
56 56 
479 479 769 769 769 
22 50 50 64 64 72 84 84 94 94 94 139 139 158 158 158 162 162 183 183 189 189 229 229 298 323 323 324 324 339 339 346 419 419 439 439 453 459 475 475 475 529 529 529 533 541 541 558 558 570 666 697 707 739 739 758 802 802 802 837 837 837 837 852 852 852 858 858 858 868 874 874 876 876 876 900 900 900 902 903 903 941 941 954 954 954 988 988 988 1018 1018 
7 7 7 345 345 387 387 387 387 
54 155 155 722 722 
725 745 745 745 804 
229 759 759 759 
744 744 876 876 884 884 884 
82 82 82 353 429 429 429 954 954 
21 137 137 137 211 619 619 954 954 
12 151 407 723 723 723 723 
131 547 765 954 954 
170 
553 553 553 553 921 921 956 
355 355 355 355 355 546 546 546 647 647 780 780 780 
314 491 955 955 
366 847 847 847 847 847 
162 954 
362 362 
469 469 469 898 
259 

199 545 545 545 620 745 
133 133 133 277 
642 
8 8 229 366 510 740 
684 892 892 892 
273 732 732 926 926 926 
162 162 204 204 
1015 
602 602 602 954 1012 
385 419 419 419 419 901 901 901 
326 777 777 
23 23 814 814 964 
151 238 
0 0 107 107 317 317 454 456 711 954 
922 
803 825 
502 502 
213 213 290 491 683 683 
648 648 648 935 935 1006 
379 379 379 903 
310 310 724 781 781 781 781 
100 100 416 416 416 954 954 963 
831 
420 781 781 785 

395 503 878 938 938 
122 122 153 229 229 229 277 277 485 706 706 744 744 827 827 864 864 864 910 
47 47 102 102 102 277 277 346 558 558 558 846 903 903 
70 70 145 355 355 762 
116 116 116 307 660 660 660 660 
549 1006 
5 5 61 61 61 167 191 191 191 331 531 531 580 580 625 
2 2 2 182 216 216 796 
378 879 
5 328 388 486 625 625 686 686 686 686 
616 706 
116 184 
366 530 530 530 530 
253 253 253 502 502 
800 800 800 821 
810 956 956 956 956 956 
825 825 880 919 919 924 
277 277 
201 201 418 684 684 
5 5 597 597 772 954 954 954 992 992 
5 767 853 853 853 
82 82 251 251 251 
57 450 611 611 619 
229 278 278 
277 324 407 
10 175 175 175 832 
568 568 988 988 988 988 
399 823 823 
758 758 758 758 
24 24 24 31 31 457 457 460 469 548 592 782 782 782 810 810 
922 
82 283 429 429 429 
192 192 954 995 1007 1007 
82 197 289 289 289 289 289 325 325 
780 780 
153 
104 104 104 229 229 
528 
684 684 684 755 755 755 755 
139 208 410 410 410 
102 264 264 264 264 293 293 502 502 518 518 518 743 743 788 788 788 816 984 984 
193 262 366 366 790 
586 
217 451 451 451 451 
8 60 60 78 82 108 108 114 229 229 239 239 253 253 261 261 262 262 272 274 291 300 334 363 363 372 393 393 399 399 407 407 409 409 441 441 450 470 470 470 470 476 476 502 502 502 510 523 607 616 616 657 660 668 668 688 700 700 700 719 719 745 745 763 763 777 777 777 790 847 847 871 871 889 889 922 922 950 950 950 963 963 963 976 980 980 980 981 999 1017 1017 1017 1022 1022 1022 
124 124 124 
229 229 487 487 487 733 733 733 878 878 878 878 
937 
954 
680 680 797 
366 523 523 963 963 963 
605 605 605 605 
954 954 954 954 
158 158 158 988 
86 86 86 86 252 252 270 270 270 513 513 820 
442 442 
330 618 618 618 879 
316 316 316 
843 
419 419 988 988 988 
63 63 68 190 190 190 255 255 255 810 810 810 
852 852 852 852 
396 684 767 
306 419 
524 524 524 524 722 736 
243 278 278 278 278 577 
226 331 426 568 924 1002 1002 1002 
156 954 
400 400 805 805 
192 192 239 950 950 950 
106 162 406 406 517 527 527 
253 253 366 366 466 466 466 
451 451 
322 530 805 805 
384 767 
102 248 248 802 816 
229 706 706 
45 45 45 60 114 114 149 149 349 366 366 594 594 594 627 650 816 823 981 999 999 999 
142 390 390 
645 732 757 757 949 1013 1013 1014 1014 
127 477 736 736 736 736 
92 92 92 92 92 954 954 

32 32 229 565 565 869 869 
392 392 527 527 
64 64 64 64 64 131 144 151 151 202 229 229 229 271 271 274 274 274 285 346 366 366 422 427 427 583 584 584 584 584 584 894 
229 229 229 909 
108 108 108 366 366 652 652 
103 361 361 361 526 678 919 919 977 
492 492 903 990 990 

586 586 841 841 946 
3 102 950 950 954 954 954 997 997 
960 1007 1007 
318 318 318 963 
30 146 591 636 636 636 636 
340 
84 84 277 277 306 306 306 306 381 381 385 707 707 988 
111 320 573 573 
138 138 
407 561 561 
449 
229 579 
217 539 539 539 
388 653 653 653 653 1002 1002 
89 89 229 407 407 474 474 474 483 483 583 604 695 695 780 780 826 826 826 826 854 854 854 975 975 
177 431 455 463 486 486 498 557 684 684 684 755 755 755 861 861 934 937 937 
283 283 283 353 353 353 
84 84 774 
428 755 902 902 902 
152 177 486 486 780 780 780 
954 954 
217 515 515 515 640 640 640 756 756 756 768 768 768 820 954 954 
66 123 123 168 550 550 550 550 786 877 995 
18 100 100 922 
220 887 
733 913 913 913 1007 1007 
162 162 277 277 603 603 603 603 855 
262 563 662 
366 366 
33 33 33 229 377 377 
726 726 747 747 894 894 
539 
73 811 
229 229 885 
27 27 27 709 709 
71 71 71 
65 65 65 65 65 423 
344 366 
46 46 46 217 217 217 217 217 365 365 365 365 394 394 770 780 780 
3 52 52 530 530 
26 277 550 550 903 963 
310 661 661 
428 
310 
351 351 592 592 592 592 
58 58 58 108 108 777 777 985 985 985 985 
277 957 957 
351 575 575 575 575 875 875 875 
805 949 949 949 
37 37 37 37 37 85 85 546 546 
428 623 623 623 
229 229 779 779 779 988 988 
127 954 
393 393 393 909 909 
639 815 815 895 
475 502 1010 
294 294 294 351 810 810 
212 212 212 212 366 366 366 366 
174 174 
69 69 69 81 925 
94 881 881 902 967 967 
427 427 427 929 929 1012 1012 
277 277 277 468 802 837 914 
229 366 366 745 745 809 
129 129 129 402 486 1023 
25 25 221 221 221 221 971 971 971 
92 92 92 276 276 518 954 1010 
102 502 
195 195 195 784 784 
958 958 958 958 
427 427 780 840 840 
889 889 
229 229 323 
129 177 331 428 428 432 432 477 696 861 861 861 861 
269 269 269 368 368 368 540 540 714 714 771 771 771 862 1006 1006 
101 187 693 756 
747 747 
797 797 797 797 
290 314 545 954 955 
411 411 

157 157 
568 
563 563 706 959 959 
43 43 133 133 147 817 817 817 940 940 954 954 954 
129 177 177 177 428 861 898 
530 530 530 789 
82 82 217 217 229 229 229 820 820 820 
147 147 
53 85 188 259 313 313 335 335 362 362 366 366 366 468 480 528 532 607 607 607 685 685 685 685 720 731 763 773 836 836 859 859 922 922 922 953 953 953 966 966 
322 
1007 1007 
145 145 885 885 
573 622 622 622 632 632 632 756 810 
175 175 662 969 969 969 
224 662 662 
125 125 946 946 1017 
300 366 700 700 
176 878 
147 789 
82 82 376 376 787 
758 758 
434 434 434 820 820 961 961 
186 954 954 
106 106 106 392 537 537 537 537 546 
264 362 362 362 479 577 954 954 
727 727 
680 680 680 759 759 
220 595 626 
530 530 530 530 530 
366 372 372 817 817 967 
57 241 241 241 241 386 386 386 386 736 736 736 
168 168 
410 767 844 844 954 954 954 979 979 979 979 
392 392 406 406 
359 502 
121 277 277 277 954 954 
52 334 334 334 334 395 452 452 499 499 499 522 522 522 522 522 555 555 555 789 789 789 954 
5 27 86 328 328 992 992 992 
34 53 53 259 259 259 502 650 692 
156 277 739 739 739 739 928 
229 948 
592 592 592 592 
80 246 246 246 571 
517 517 517 517 
44 1003 1003 
270 425 425 425 444 808 856 856 856 
487 487 
139 161 277 277 
273 273 840 840 840 840 
884 884 884 
229 229 998 
257 257 297 297 297 491 562 596 596 596 922 939 
289 289 289 462 462 517 647 647 647 647 780 780 780 835 835 835 835 
286 857 857 954 954 
31 31 351 792 792 810 810 835 835 954 956 956 956 
208 327 667 714 714 1006 1006 
123 435 435 435 435 453 453 858 858 858 858 
879 879 
601 
8 121 288 288 288 288 
130 130 130 231 
50 530 530 530 698 698 698 1003 

129 129 129 428 861 877 937 937 937 947 947 947 
277 277 324 324 324 619 619 619 
44 44 712 712 712 784 
676 676 
422 422 687 
181 181 181 545 729 
262 440 496 496 959 
74 
405 405 


200 249 249 249 249 348 348 388 495 621 1002 
5 88 164 164 164 164 164 165 165 165 673 673 673 767 767 931 
277 957 
135 196 196 196 199 199 203 536 881 881 

184 420 420 506 
21 684 684 709 937 937 968 968 968 968 
214 460 460 460 460 653 653 886 886 
172 172 670 670 915 915 
264 387 518 
229 229 
424 851 851 851 
167 328 328 
196 196 196 
56 159 880 942 950 950 950 954 954 954 
243 243 407 427 
26 202 407 407 407 407 407 979 
174 656 702 
364 413 413 689 946 946 946 
681 681 
171 171 
70 70 70 156 156 156 954 954 
926 
417 
169 169 169 351 457 457 457 457 535 535 535 535 746 746 746 746 
699 699 699 
217 217 217 217 399 399 399 640 640 640 
127 220 220 521 
207 207 207 545 545 545 805 805 805 922 
255 341 341 917 992 
819 
879 
229 229 871 871 
96 191 191 552 801 801 805 805 878 954 
37 305 305 305 907 907 907 954 954 
32 153 153 229 439 439 439 439 
81 81 427 683 1006 
373 373 373 373 706 
81 903 
108 260 260 260 366 502 502 502 612 612 612 790 790 790 
759 
238 238 238 660 660 678 
58 945 
214 214 214 344 344 819 819 819 880 880 880 
607 607 607 660 660 675 
753 988 988 988 988 
73 73 73 620 620 745 745 745 830 830 

332 366 366 663 663 687 982 982 982 982 
23 23 154 154 154 173 173 244 244 642 642 
378 378 378 
284 284 344 558 558 558 
297 614 614 745 745 
250 568 887 887 
506 506 506 632 951 
463 463 463 780 780 
142 142 262 959 
328 331 331 
521 
274 399 
37 
155 695 
888 888 888 
234 234 956 
115 157 233 233 233 506 506 506 622 951 951 

226 
166 857 857 
417 417 417 417 
162 705 705 852 852 
679 679 
467 888 
126 434 434 434 594 594 594 833 833 954 
954 991 
244 244 299 617 617 
17 17 82 82 82 
747 
401 1014 1014 1014 
74 717 717 
35 51 51 51 51 51 289 289 546 546 546 546 737 737 737 
1 315 315 315 664 935 935 935 935 
93 93 720 736 
399 532 
220 220 220 694 791 791 
409 409 777 777 
426 426 426 426 575 575 886 
267 896 896 896 
229 229 864 
585 969 969 969 
82 82 82 82 366 
88 88 88 88 810 810 810 
763 763 784 784 784 784 
165 176 176 176 238 238 326 326 326 326 366 609 609 612 612 673 673 705 705 705 705 733 734 805 805 814 878 878 883 919 919 922 922 954 954 959 959 
86 86 86 454 454 837 
440 507 508 508 
616 616 982 982 
648 
989 989 
277 852 852 852 
95 549 676 
366 366 

576 576 
239 243 243 
709 710 710 1000 
105 164 569 569 569 660 660 791 
87 87 692 692 692 692 
612 793 793 
560 560 667 1006 
195 254 
196 196 196 196 410 609 
638 638 831 831 
371 371 520 520 520 
159 196 196 196 196 229 587 587 722 722 954 954 
756 756 756 756 756 954 954 954 954 
178 213 213 213 314 314 604 865 865 955 
137 137 301 340 340 360 360 360 384 428 428 428 574 574 755 929 937 954 954 954 
502 502 502 502 
5 61 61 61 250 331 331 331 331 
561 616 982 1016 
129 129 129 366 868 999 999 
161 211 211 211 586 946 
844 
92 92 92 229 229 229 
90 90 532 674 674 674 674 
488 
196 196 196 223 651 791 791 791 
427 427 629 724 724 812 943 
177 486 
277 1016 1016 1016 
555 555 555 756 756 756 
82 82 147 147 155 593 593 593 745 745 897 897 897 939 939 
50 159 159 159 366 366 366 510 510 950 950 950 1004 
48 48 841 841 841 841 
174 585 
886 886 
186 186 954 
637 637 660 660 660 660 
229 323 323 332 398 398 496 605 871 871 871 951 
277 419 419 949 949 949 1018 1018 
726 726 726 730 730 730 
447 447 574 672 920 920 
5 672 672 954 954 954 
310 817 
44 44 559 559 559 845 845 922 922 
1006 1006 
96 147 208 260 487 487 549 549 790 790 790 974 974 974 1006 1006 
162 797 
1004 
74 74 74 646 646 839 839 
172 172 172 267 
229 229 230 366 366 939 970 
48 48 502 649 773 836 836 
53 53 53 841 841 841 841 954 954 954 
229 229 229 279 279 386 681 681 
285 285 285 285 803 950 
317 695 695 812 812 
280 954 963 
229 229 443 443 708 708 708 747 894 894 
519 519 902 902 
24 24 24 24 82 82 
562 
708 708 708 747 747 747 
502 738 738 738 
302 302 401 1013 1013 1014 
368 368 368 438 660 787 954 954 
141 660 
973 973 
93 93 93 127 127 386 402 402 402 402 524 524 524 649 954 954 1023 
147 647 647 647 954 
731 731 731 
98 98 104 119 119 119 162 162 162 277 277 533 533 533 533 
300 780 780 789 886 886 
83 83 83 975 975 975 1006 
907 907 
362 362 
121 121 282 282 323 323 827 
280 280 280 297 366 366 476 476 614 614 614 620 620 699 699 
592 592 592 592 
229 229 443 443 489 489 644 726 730 730 730 
11 160 160 160 
841 841 
114 114 114 114 961 
37 37 1006 
162 
613 988 988 
176 176 
360 360 360 360 428 428 428 431 684 771 843 
101 101 152 187 187 434 434 434 488 506 682 682 682 682 682 698 698 698 768 768 768 954 
401 401 
277 350 350 350 350 514 514 
6 6 281 281 281 520 520 608 
99 99 803 
81 81 81 
325 763 763 763 
366 366 502 659 659 762 762 762 
943 
241 241 286 881 965 
20 20 20 76 229 
5 5 5 5 342 384 396 526 569 569 830 830 853 954 
434 434 434 756 756 756 
175 276 276 276 780 780 
451 780 780 
487 487 487 755 
178 211 341 
188 188 502 720 
430 783 928 928 
109 236 236 236 933 933 933 
229 229 
307 307 366 366 366 458 458 652 652 
111 111 805 893 893 893 
464 464 464 
85 123 175 229 229 289 289 289 356 356 427 427 432 432 432 451 451 483 546 546 546 623 623 740 740 769 769 770 770 840 840 840 854 854 875 886 943 943 969 1015 
79 317 317 317 317 320 320 964 964 
31 351 351 351 795 
267 267 774 860 860 860 
481 481 559 659 659 659 659 
320 956 956 
66 435 
14 82 82 513 733 
362 362 362 845 845 845 845 
499 512 530 530 530 740 
363 366 607 607 607 714 714 714 
258 651 651 673 694 694 694 1019 1019 
548 548 
675 675 
196 
782 835 835 835 1001 
182 182 229 229 329 
119 162 371 490 490 490 490 715 
95 95 95 1006 
61 61 61 61 86 86 186 186 186 262 262 262 1017 1017 
245 245 336 336 336 
601 601 954 1006 1006 
40 40 277 277 277 397 475 816 816 
13 312 723 760 825 825 
99 280 846 846 
390 390 395 395 461 596 596 596 601 601 660 660 778 878 878 893 954 954 
810 934 934 934 934 934 
175 175 175 832 832 
539 
476 906 1011 1011 1011 
68 68 75 75 75 337 351 351 382 382 382 469 469 506 548 548 658 658 658 806 917 917 956 
208 208 208 445 
695 724 724 1019 1019 1019 
922 
308 308 660 
467 467 
223 223 223 223 223 362 397 399 802 802 
497 497 497 523 523 711 
229 229 229 
79 79 79 598 611 611 611 1009 1009 
232 376 434 500 500 500 515 515 916 
336 966 
32 
349 349 399 
963 
13 13 212 212 212 312 338 338 803 803 
150 427 427 427 427 903 
323 323 744 
922 
229 229 229 229 954 
229 229 614 614 767 767 844 844 844 844 
319 679 679 959 
175 347 807 807 
126 126 640 640 
234 234 234 
546 546 546 546 548 548 795 795 795 1001 1001 1001 1001 
502 502 720 720 
51 51 51 107 277 277 277 277 475 661 
53 53 53 53 952 954 954 954 
74 717 717 
483 483 542 542 542 542 780 780 780 
413 413 701 701 701 701 721 721 721 721 749 749 930 946 946 
37 37 37 37 
101 101 380 755 
526 526 690 830 830 830 830 
44 712 712 788 788 788 788 
189 189 324 804 804 
291 291 291 291 291 366 366 919 1017 
1005 
1 
259 259 259 905 966 966 
579 579 579 
277 277 277 383 383 383 383 637 637 666 666 666 
29 342 342 342 767 
427 427 427 780 780 
50 118 439 958 
154 252 539 539 539 
143 157 157 547 547 635 635 
168 168 168 168 183 183 277 277 277 550 550 550 550 903 903 903 1016 
502 502 988 988 988 
127 127 127 267 267 783 783 783 973 991 
177 177 428 428 486 486 486 486 498 557 
487 
123 123 
229 229 323 323 323 655 
683 683 
79 95 1009 
935 
277 688 
196 196 218 229 405 405 
954 954 954 954 
229 366 366 600 600 706 706 706 
189 189 
132 132 
53 277 277 900 900 900 
460 460 460 780 886 
72 72 72 277 277 277 282 282 
66 66 435 557 
322 368 368 368 368 511 601 660 660 805 805 945 945 945 945 
23 23 54 74 74 74 225 330 378 551 551 599 964 964 1005 1005 
57 57 79 214 214 214 229 230 338 582 611 611 611 996 996 
473 473 571 571 765 902 
907 907 907 
660 
30 30 146 146 146 146 212 282 282 282 543 543 543 
229 446 505 505 
27 575 575 653 703 703 740 740 780 875 
219 219 437 621 621 
630 630 630 639 
366 366 484 484 950 950 950 

234 234 234 
301 301 301 
778 778 778 805 
407 443 443 726 726 
467 
8 8 8 654 654 654 981 
699 699 699 
129 265 265 265 294 498 

277 277 277 874 874 874 
0 0 107 107 107 306 306 306 
93 93 94 94 277 431 431 431 473 727 727 881 908 
59 59 59 66 66 162 162 162 189 277 277 316 324 324 411 453 606 826 858 858 858 972 

79 209 209 209 209 850 
229 809 
602 602 602 742 742 882 882 882 954 
902 
249 249 249 408 466 466 
323 
181 
212 212 
438 438 438 
475 
172 172 576 576 
134 232 232 232 820 
597 810 810 

338 338 410 410 660 660 847 938 
709 709 
288 288 956 956 
21 238 238 311 352 366 366 436 502 502 502 545 596 660 660 712 712 813 828 968 968 978 
125 125 
338 388 
69 69 472 
273 273 302 302 302 590 
18 18 18 18 
97 533 774 774 1006 
474 474 684 954 954 
841 
569 
130 130 
775 775 775 963 963 963 1019 1019 
428 806 806 806 806 806 
315 315 648 648 648 648 867 1002 1002 1006 1006 1008 
53 53 53 
37 37 369 428 428 557 557 557 574 574 684 1023 
322 322 919 
147 193 545 699 699 719 
147 147 147 147 497 497 
277 277 
56 56 56 159 582 
10 10 175 175 695 764 780 780 967 967 967 
980 980 
610 878 878 878 878 
413 509 509 586 586 586 689 841 841 1017 1017 
557 557 557 
229 229 229 534 
34 229 229 229 401 461 461 461 707 707 707 1013 
239 239 366 366 366 391 391 391 414 414 582 582 582 700 700 700 723 889 889 889 954 
622 632 632 706 
838 954 
502 502 502 
5 5 14 30 37 37 37 40 43 43 55 55 61 61 74 74 80 107 107 128 137 137 147 147 157 159 163 163 163 163 171 171 171 178 186 196 196 198 198 198 205 209 213 213 213 229 229 229 239 239 250 250 269 269 277 277 277 283 283 284 284 286 286 292 305 310 318 318 341 341 341 354 370 374 374 374 374 389 403 403 414 414 414 433 433 434 434 465 479 491 497 497 497 516 516 518 518 526 526 526 529 529 530 547 547 548 582 582 582 589 589 601 602 602 640 641 660 660 681 681 682 682 682 682 684 684 684 704 710 710 710 721 721 721 725 733 733 736 736 737 756 767 801 805 805 829 838 838 838 870 870 870 870 907 929 929 950 952 963 963 1006 1006 1007 1007 1023 1023 1023 
290 290 491 683 
190 234 288 337 337 337 337 337 548 548 548 631 785 785 810 921 921 
459 459 570 
76 76 482 482 482 482 855 993 
142 142 262 496 496 563 624 660 660 831 
415 
515 515 750 
249 
100 100 115 115 115 318 366 366 366 372 372 372 416 453 725 824 933 933 933 954 954 
308 781 781 879 879 
35 35 765 
237 237 502 502 821 850 850 
473 473 523 943 943 943 
574 574 574 574 922 922 
507 507 507 656 656 656 780 
719 
25 25 478 478 478 
903 
127 127 735 735 860 
96 714 714 714 
427 427 741 741 741 1012 
366 
410 
195 195 268 268 922 
526 526 526 526 584 
102 102 102 114 366 366 366 944 944 
45 45 107 366 399 896 
616 616 616 616 663 663 687 

362 362 
58 115 458 458 458 458 
105 

277 277 277 348 348 348 348 375 381 381 381 419 464 464 613 613 613 613 753 753 859 859 859 
665 665 
39 411 411 
82 114 114 114 114 267 641 860 
5 341 341 531 531 531 597 
958 
182 229 
354 435 
880 880 
414 414 
32 32 51 132 229 229 229 544 
149 149 149 366 399 399 399 688 688 
228 228 672 1013 1013 
795 835 835 835 835 
1 1 218 388 388 388 426 426 568 935 935 1006 1008 
44 538 538 555 
50 50 700 716 
14 23 35 35 110 110 848 879 879 
95 138 150 315 327 487 487 549 549 604 676 713 713 714 714 741 751 798 801 801 928 935 935 954 954 1002 1009 
119 354 354 415 415 438 438 504 504 954 954 
935 1002 
246 246 246 819 819 866 1006 
92 92 92 468 479 
229 809 809 809 
271 271 305 474 474 975 
229 229 401 401 732 732 949 1000 1000 
401 401 645 645 645 732 
304 780 
33 33 33 687 697 697 697 858 
86 86 170 170 249 262 262 262 366 366 366 509 799 799 847 946 946 
139 277 277 707 707 
46 46 791 791 812 812 812 933 933 

109 
366 366 366 
477 736 937 954 954 954 
