nodes: 512 edges: 944

441 
91 91 91 111 111 189 189 260 260 
142 271 271 

48 48 88 88 184 198 225 225 273 273 279 280 280 441 441 443 443 456 504 504 508 508 508 
195 
233 
313 313 413 413 
203 203 271 298 
240 240 
264 
184 
118 118 229 
117 184 
16 182 182 182 184 184 444 
15 
448 
85 85 85 
287 
102 
31 
108 166 389 421 436 497 497 
176 290 
173 225 
346 408 408 
357 357 408 408 
346 353 353 
178 178 183 183 

180 181 181 
21 155 155 184 184 243 243 315 354 486 489 
496 496 
192 

222 222 309 413 
106 
406 406 
118 199 358 
62 62 159 159 159 206 219 231 231 241 241 267 267 302 330 330 330 402 405 477 
192 
137 137 160 184 354 354 450 450 502 
321 
193 
137 214 214 
76 76 358 358 413 
64 339 339 381 381 
76 268 346 
5 5 

58 

116 345 
377 377 
109 501 
195 236 236 267 
236 304 377 377 438 446 446 474 

50 294 397 397 
192 192 444 

359 359 381 
39 39 241 288 330 
383 463 
46 287 381 
193 362 362 416 
141 362 
298 298 298 347 


259 
330 354 428 
251 251 413 
94 315 398 
76 
463 
45 45 47 74 78 109 109 109 119 184 186 196 207 207 228 242 245 245 292 292 292 299 314 314 314 322 346 353 353 354 354 360 361 410 413 413 413 440 440 456 478 509 

76 
438 
314 
82 184 184 184 261 276 289 329 389 389 389 
81 143 389 
237 237 
85 85 118 348 425 490 
18 18 18 84 84 441 465 475 475 475 
198 508 
306 370 408 412 
5 5 504 
358 

2 2 2 189 
182 182 404 413 
177 236 236 236 415 415 415 
73 216 
276 314 314 
314 

223 441 
156 320 401 401 401 508 
197 197 
170 267 267 267 
20 136 216 
146 379 379 425 
116 116 116 116 134 138 138 236 237 346 346 
184 184 431 
36 190 372 

22 331 414 480 480 480 
54 76 76 76 
176 176 247 
2 2 182 234 234 
418 
289 
294 367 367 
497 
52 104 104 104 104 184 303 
14 136 184 236 236 418 418 
13 13 38 84 292 
76 207 222 222 299 374 413 413 413 508 
239 486 486 489 
130 157 159 171 171 171 389 389 389 
222 353 353 438 
468 468 
154 387 387 454 



413 494 
275 
121 389 
257 

381 381 
104 380 406 406 

102 117 420 
41 41 44 
104 104 164 164 

320 378 378 
66 413 
3 389 389 
82 
282 282 

103 381 

304 452 
250 250 349 
408 408 
354 508 508 508 
175 262 262 262 292 292 364 364 368 
325 390 390 
124 374 
31 31 413 
99 287 287 450 492 492 492 
121 261 
194 194 246 271 348 508 508 508 508 508 
39 39 39 121 177 205 205 231 305 330 402 428 469 477 510 511 
41 272 312 312 498 

208 208 228 

138 138 
329 
22 
220 220 455 455 
390 390 
233 233 265 265 296 296 368 
101 272 371 371 371 
121 121 121 184 

24 
222 335 335 376 413 413 
152 407 407 
23 110 110 247 247 
93 159 414 414 414 415 
28 28 
407 407 
30 222 334 
30 30 216 
15 15 15 92 92 111 220 220 340 385 413 413 
28 28 260 260 
5 12 14 15 15 31 31 41 76 81 81 81 105 105 116 117 171 202 202 213 213 236 236 246 246 258 260 267 267 267 284 289 289 292 292 315 345 354 354 355 366 396 415 426 465 490 490 496 
473 491 
76 328 373 373 440 
382 382 382 

2 2 91 437 
106 372 372 
236 236 267 267 267 268 474 474 474 474 
33 40 59 59 236 298 298 
43 65 270 286 362 362 
158 158 230 230 
6 55 236 404 
76 200 215 350 422 
100 100 372 496 
5 86 386 508 508 
38 207 
196 
236 236 415 
184 184 
9 9 
274 274 274 
159 159 
39 402 
76 76 119 199 337 
162 162 
328 328 413 413 413 
309 

503 505 505 
184 184 
44 44 215 314 314 314 
196 214 314 387 387 434 467 
94 102 181 

327 327 
39 274 427 454 510 
167 167 182 182 
370 
35 35 119 119 122 174 180 314 314 
98 
313 313 350 350 
5 5 24 259 377 377 377 419 441 441 458 458 
292 
343 
76 162 285 
13 295 295 360 
194 194 236 236 236 236 
39 39 159 267 267 267 391 

7 169 169 271 310 374 374 374 375 375 408 505 
111 111 375 503 503 
487 
55 55 56 93 93 93 104 117 117 184 184 191 191 192 195 201 201 230 230 230 230 252 267 267 267 275 283 300 344 356 415 415 415 432 460 460 487 
83 83 104 

120 405 
10 10 
39 39 62 425 
76 260 413 
31 31 413 494 
325 325 358 
76 76 
158 184 184 267 267 267 281 404 
110 176 176 288 288 


149 149 374 374 401 417 
72 72 
236 
330 
415 415 

488 
131 305 
184 
70 225 
2 2 183 183 184 242 
81 157 329 
152 152 152 
315 
11 385 385 
169 169 

39 39 55 101 101 101 184 184 184 191 191 191 231 231 231 236 236 236 246 246 246 268 268 356 378 
47 191 267 267 274 285 
365 365 
193 
3 3 9 158 233 282 287 287 297 297 327 339 354 375 391 401 408 412 427 442 442 442 
160 170 
5 5 354 354 354 472 475 475 475 
204 204 204 219 268 
129 236 
81 95 
338 415 

5 
5 5 467 467 467 
246 421 
144 144 271 427 
236 
184 
228 268 
193 
19 64 156 156 271 271 412 
62 247 247 401 
81 113 184 184 
23 
354 354 426 
76 76 76 118 152 152 184 184 226 423 423 444 
302 408 
58 114 
229 229 323 378 509 
169 169 389 389 
271 271 408 408 
9 67 67 67 192 192 
76 119 
236 

39 293 321 321 463 
116 365 365 365 415 
56 148 
159 257 392 
87 
354 465 
364 364 
35 210 484 484 484 
233 353 353 353 375 375 
348 348 
160 160 
8 8 224 224 
76 76 76 80 95 95 96 214 214 214 215 222 222 317 354 354 354 413 413 434 449 449 449 467 481 
31 73 184 263 486 486 
444 444 
314 
382 413 
429 
99 140 
42 302 302 323 
76 
295 321 359 
508 
153 244 244 358 413 

218 218 271 
186 209 209 
81 165 261 
39 39 39 62 71 159 253 369 369 425 425 
108 
407 413 
339 339 339 339 385 385 413 413 
180 
174 174 

207 
277 
46 46 271 333 333 333 333 381 395 403 403 403 408 408 452 452 470 
182 


227 
236 
52 184 
25 27 47 76 104 104 509 
67 
84 158 311 311 
149 481 
196 224 224 

402 402 477 
27 27 76 76 122 122 310 310 310 
31 41 41 71 76 76 151 184 184 271 273 273 273 291 291 307 314 314 314 396 411 411 426 450 502 508 
184 490 490 490 
236 267 
26 26 431 
38 45 45 89 244 325 466 466 503 
61 61 323 385 495 495 
76 229 
76 
65 65 66 193 193 413 413 
442 
152 152 308 308 
269 269 303 303 303 
184 
114 114 
152 169 442 442 
330 330 
87 221 
170 170 170 
106 190 190 197 449 
186 186 
119 154 233 233 233 250 250 417 417 442 442 468 505 
233 233 234 271 310 310 
174 
53 53 56 56 225 225 225 
140 140 267 295 
103 103 
134 
46 46 61 64 133 133 146 339 395 
187 187 187 318 
63 

182 264 264 333 333 359 
198 
124 124 215 215 434 
474 474 
22 81 81 81 82 121 121 121 130 142 142 296 296 414 421 497 506 506 
153 153 168 168 
231 271 
305 
458 
495 
339 381 
184 354 
58 58 
73 


99 99 99 250 271 288 
39 159 206 352 352 
339 339 339 
92 195 246 453 
39 239 
37 37 134 134 
175 175 179 179 332 413 
25 25 26 26 87 150 150 233 271 293 297 297 339 339 453 453 453 470 470 

76 
354 354 
87 271 287 
8 8 35 45 72 76 76 76 92 119 119 119 128 141 155 174 174 182 182 209 209 209 242 243 314 314 318 325 332 333 333 362 362 407 439 448 455 
108 177 177 177 389 
93 93 93 177 184 201 236 236 236 254 254 277 303 
65 
250 374 374 
112 117 117 
225 
136 441 
22 281 389 435 506 506 
196 
292 292 

84 103 241 330 330 
184 291 354 
219 271 282 
71 159 
319 

105 357 440 496 
236 460 

215 314 387 
421 449 
22 
189 
56 79 122 
413 
76 76 186 431 
1 5 5 85 98 225 225 420 475 
271 271 271 363 368 368 374 374 468 
5 5 
15 59 292 316 316 

56 56 
464 464 
17 413 
314 314 314 372 435 467 
41 41 156 354 460 462 462 

148 339 339 
404 408 408 408 
124 219 
167 167 413 
5 76 491 491 491 

225 225 393 

236 236 432 450 

450 450 
63 75 302 
447 447 
85 184 307 
358 358 
215 280 280 280 314 449 
123 123 374 442 
159 
339 408 408 474 474 474 

273 475 475 
185 
56 191 191 191 191 388 388 470 470 470 
85 85 85 273 273 273 441 472 472 
496 496 
39 159 352 
76 

108 108 108 
314 349 


309 309 309 488 488 488 

31 120 120 315 315 489 
235 236 
256 484 484 484 
31 120 486 
84 184 184 355 355 355 
185 456 456 456 
156 156 156 

128 243 
359 359 394 
32 32 184 197 431 476 476 
22 22 115 389 
160 


54 
41 354 
212 234 234 358 
5 5 88 
212 212 233 374 
389 389 421 421 

5 5 5 86 99 119 151 151 151 158 158 158 158 158 198 198 324 354 
76 295 346 
159 219 
159 
