nodes: 512 edges: 1567
381 
85 85 85 441 
28 92 111 111 182 183 242 260 260 260 
5 142 271 271 271 493 493 493 
454 
3 34 48 48 48 50 50 50 88 88 88 184 184 184 225 225 255 255 273 279 279 279 280 280 280 354 354 400 400 441 441 441 443 443 443 508 
195 195 195 404 
233 233 233 
196 224 224 313 350 413 413 
203 203 203 203 271 271 
240 240 476 496 496 
264 264 
184 202 
118 118 118 229 
117 117 117 184 184 
16 182 182 182 184 184 184 184 444 444 
15 184 
448 448 
85 85 
104 287 

31 
108 115 166 389 389 414 414 421 421 421 436 436 461 461 461 497 497 
176 176 176 
173 225 
346 346 346 408 408 
158 158 357 357 357 408 
122 122 346 353 353 353 353 509 
2 178 178 183 183 183 
487 487 487 
180 181 181 483 483 
21 155 155 155 155 172 184 184 243 243 243 315 315 354 354 
496 
67 84 192 192 
5 
210 309 309 413 
106 
406 406 415 415 
118 326 358 
62 62 62 159 159 159 206 206 206 206 206 219 231 231 232 241 241 267 267 274 302 330 402 402 402 405 405 477 477 485 
67 67 67 192 192 192 249 420 
85 85 85 137 151 151 156 156 184 184 324 354 354 399 445 450 450 450 457 457 
321 
193 
137 137 214 214 214 214 
76 358 358 358 358 413 
64 339 339 381 381 
76 76 346 459 
5 5 5 387 
236 236 420 
5 5 5 58 58 58 92 255 
292 292 
184 345 380 
225 377 377 
501 501 
195 236 
191 191 236 236 304 446 474 474 
146 374 
50 50 50 294 397 
192 192 428 444 

381 381 381 
39 39 39 241 241 288 330 330 430 430 
383 463 
46 287 287 287 287 287 381 381 381 
193 193 362 362 416 416 
141 362 
33 40 40 40 192 281 298 298 298 298 421 
169 179 296 
236 236 344 
184 184 184 246 246 258 259 259 
354 428 428 428 428 
251 251 251 251 251 
94 94 94 
76 413 
383 463 508 508 508 508 508 
45 47 47 74 107 109 109 109 119 184 186 199 207 228 228 228 229 229 242 245 245 292 292 299 299 299 314 314 314 322 322 322 346 353 353 354 354 360 361 361 410 410 413 413 413 423 456 459 478 509 509 
196 196 413 

438 438 
418 418 
82 130 130 130 184 184 184 276 289 289 289 389 389 389 394 
81 143 143 143 389 389 
236 237 
33 118 312 312 312 348 348 348 
1 1 1 18 18 41 41 41 348 348 441 441 441 441 465 465 465 475 475 
198 254 508 508 508 
306 306 306 370 370 370 408 
5 5 5 
358 358 
358 358 
189 189 189 189 
2 50 182 182 182 182 413 413 
177 177 177 236 236 236 236 259 259 259 415 415 415 415 415 
73 73 73 216 315 
276 276 314 314 
224 314 314 
290 290 

156 354 401 401 401 508 
114 197 197 197 476 496 496 
170 170 170 170 267 471 471 471 
117 117 117 135 136 136 136 
146 379 425 
19 116 116 116 116 134 138 138 237 237 237 346 346 346 507 
184 431 431 431 508 
36 190 190 190 372 
76 
22 115 115 115 115 115 331 331 331 331 414 414 414 480 
76 76 76 
176 176 211 401 
2 2 182 182 234 234 234 234 
355 355 355 
237 289 289 
100 294 294 294 294 294 367 
22 108 108 108 108 108 441 461 497 
104 104 104 104 184 184 303 303 303 303 415 415 
14 14 14 102 102 102 136 184 184 236 236 418 
13 13 13 38 84 
76 122 122 222 299 299 339 374 413 508 
239 239 239 239 486 
130 130 130 157 157 159 159 159 171 171 171 389 389 
27 27 119 119 222 222 310 353 353 353 
180 468 468 
387 454 454 454 
136 
185 491 491 491 491 

413 448 448 494 494 
275 275 275 275 342 
81 81 81 121 121 121 389 389 
257 257 257 

381 381 
104 354 354 354 406 406 406 
102 
102 102 102 117 125 
41 44 44 184 184 
104 104 164 164 164 236 236 461 

320 332 332 332 332 378 378 
66 413 
3 143 
82 82 82 142 217 217 
282 282 445 

57 103 238 379 
344 
191 191 304 452 452 452 

248 248 408 408 
41 41 198 198 198 198 281 354 354 354 508 508 508 
175 175 175 175 262 292 292 368 368 368 
325 325 325 390 
374 
31 31 31 31 243 413 
41 41 99 287 287 450 450 492 
121 121 261 
26 26 194 194 271 271 348 408 408 408 508 508 
39 39 39 121 121 121 177 177 177 177 188 188 188 205 205 231 231 330 402 402 428 469 469 477 510 511 
272 312 312 498 498 
390 455 
208 208 208 208 208 
166 
138 138 138 293 293 293 293 
329 
22 163 477 477 477 
220 220 455 455 
209 209 209 209 390 390 390 413 
68 233 233 238 265 265 265 265 296 296 368 368 368 
101 101 101 101 371 371 
121 121 121 290 
31 449 
24 344 
222 335 376 413 
152 152 152 152 262 262 262 407 413 413 
23 23 23 110 110 
93 93 93 159 159 159 159 283 414 414 415 415 415 
28 28 373 373 373 373 
68 407 407 407 
30 123 
30 30 216 216 216 216 
2 15 15 15 92 92 92 92 111 111 340 340 404 413 413 499 
2 28 28 28 260 260 
5 5 5 12 14 14 15 15 15 15 16 31 31 41 41 52 70 70 70 76 81 81 81 105 116 116 117 117 137 137 202 202 202 213 221 236 236 246 258 258 258 258 265 267 267 267 279 284 284 284 289 289 292 315 315 315 324 345 354 354 354 355 355 356 366 366 366 396 396 396 409 409 415 415 426 426 426 465 484 490 496 496 
126 473 473 491 
76 245 245 328 328 373 440 440 
382 382 382 
159 159 159 477 477 477 
91 91 91 91 
106 106 106 372 372 372 
56 56 148 148 236 236 267 267 267 268 446 474 474 474 474 474 
33 33 40 40 40 59 59 67 236 236 236 281 281 298 298 420 432 499 
43 65 65 358 358 358 362 362 413 500 500 
158 158 230 230 230 
6 6 6 55 404 404 404 
8 77 77 200 290 350 373 373 422 422 422 
100 100 100 340 496 496 
86 151 151 151 151 386 508 508 508 
76 207 
196 
236 236 415 415 415 
12 184 184 184 
9 9 9 9 
267 267 274 274 274 
159 159 
39 39 39 39 39 
76 199 337 337 478 478 
162 162 162 162 162 
168 168 168 168 413 413 
35 309 385 
110 236 460 460 460 
233 233 233 310 310 505 505 505 
184 338 338 338 358 
44 44 44 44 215 215 
214 214 314 314 387 387 387 387 387 434 434 
94 181 181 181 181 
143 143 
271 271 271 327 327 327 
39 232 232 402 427 454 
167 167 
184 
119 122 122 174 314 314 376 376 376 413 413 
488 488 488 488 488 
8 8 96 313 
5 5 24 53 377 377 419 441 441 458 458 

257 257 343 392 392 392 
76 76 76 245 285 398 398 
13 76 76 316 360 360 
194 194 194 236 236 236 236 236 303 415 
39 39 159 159 267 267 267 
39 219 219 454 
7 7 7 169 169 212 212 212 238 271 271 310 374 374 374 375 375 375 408 
111 111 111 111 296 375 375 375 
388 430 430 430 487 487 
49 49 55 56 56 69 69 83 93 93 93 93 117 117 138 138 184 184 191 191 192 192 192 201 201 211 230 230 230 230 230 267 267 269 269 269 269 283 300 300 300 344 344 356 356 415 415 415 432 460 460 460 
83 104 104 104 113 
146 169 233 
120 120 120 120 306 306 342 405 405 
10 10 476 
39 39 62 62 425 425 425 425 425 
2 76 260 260 260 413 413 413 
31 31 31 155 311 413 494 
325 325 325 
76 76 186 186 228 
70 70 184 267 267 267 267 281 404 
288 288 288 401 401 
150 150 408 408 
40 
374 401 401 401 401 401 417 
72 72 72 72 72 


86 415 415 
5 5 50 
273 354 354 
131 131 131 227 227 
70 184 184 184 184 409 
70 70 93 93 93 
2 2 2 183 183 242 242 242 
157 329 329 
152 175 175 175 410 

11 11 385 385 385 
169 169 169 169 184 
282 
39 39 101 184 184 184 191 191 191 204 204 231 231 231 236 236 246 246 246 246 268 268 274 356 356 378 471 471 471 
191 267 267 274 274 274 
236 236 236 236 365 365 365 415 

3 3 3 9 9 158 158 218 218 218 233 233 282 282 287 297 297 339 354 354 354 374 374 374 375 391 391 391 401 401 401 401 401 408 408 408 412 427 427 442 453 
160 
5 256 354 354 472 475 475 475 
39 204 204 204 267 268 268 268 402 
129 129 129 129 
81 95 95 410 
371 415 

5 5 5 184 
5 5 5 449 467 467 
67 151 192 192 246 298 421 421 
144 144 266 271 271 427 427 427 
177 236 415 
184 184 184 
228 

19 64 64 64 64 64 156 156 271 412 
62 247 247 247 401 
81 81 81 113 113 184 184 359 
97 97 171 196 480 480 
354 354 354 354 426 426 426 
51 51 76 76 152 152 184 364 364 423 423 423 423 
164 164 164 164 408 408 
58 114 114 114 114 114 397 408 408 
378 378 378 509 
68 169 169 234 389 389 389 425 
271 271 408 408 
67 67 67 67 192 192 281 
76 76 76 119 119 494 
236 236 236 
339 339 
39 321 321 321 321 463 
116 116 116 116 230 365 365 415 415 
56 148 
392 392 392 392 482 482 482 
87 87 87 239 239 370 370 
354 354 354 396 465 465 465 
467 
35 35 210 484 484 
122 212 212 233 353 353 375 375 375 
243 348 
84 84 84 160 160 
8 224 
76 76 76 95 95 96 96 215 215 222 222 317 319 354 354 384 398 398 413 413 418 418 434 434 449 449 449 467 
31 31 94 184 184 184 336 336 486 486 486 
229 444 509 
314 398 398 
413 413 
314 354 429 429 
140 
42 302 302 302 302 323 
76 76 76 
321 359 359 359 
41 184 508 
153 153 153 244 244 244 358 503 
38 
218 218 218 
186 186 
165 261 261 
39 62 62 159 369 425 425 425 425 428 428 
108 108 108 108 
140 140 140 140 407 407 413 413 
385 385 385 413 413 452 452 452 452 
385 385 385 413 
174 
315 315 
207 207 
213 213 213 415 
46 46 119 271 301 301 381 381 403 403 403 403 408 427 427 452 452 470 470 
182 182 197 

129 239 
227 
69 147 173 236 236 447 
52 184 
25 25 25 27 47 76 104 104 104 459 

84 84 84 85 85 158 311 
371 481 
8 196 


27 27 27 27 76 76 122 122 122 310 310 456 456 
5 5 31 31 41 41 71 76 76 99 134 134 134 151 151 151 184 184 184 256 256 271 271 271 273 273 291 291 291 291 307 307 307 314 314 319 396 411 426 450 490 490 502 502 
112 112 112 184 184 388 388 490 
184 236 236 267 267 
26 26 26 367 367 367 431 496 496 
38 45 45 45 45 89 89 90 90 193 193 193 213 325 466 466 500 503 
289 323 323 323 385 495 495 495 
76 229 229 
76 76 
65 65 66 193 193 

292 292 410 410 
269 269 269 303 303 415 
184 184 184 
114 357 357 357 496 496 
152 152 152 169 169 169 442 
330 
87 87 87 306 306 
170 170 277 349 
106 190 190 190 449 449 
178 178 178 178 186 196 196 
57 119 154 233 233 233 250 271 271 271 408 408 417 417 442 468 505 
233 233 233 234 234 234 271 310 310 310 
174 222 222 222 
53 53 225 225 
140 140 267 295 295 295 
103 146 
52 
0 46 46 61 61 61 64 64 64 133 133 339 339 408 408 
187 187 187 413 
63 75 415 415 432 
314 449 
210 264 264 264 333 333 333 334 334 334 359 413 
198 
48 124 215 215 215 215 215 434 434 434 
235 355 355 474 
22 22 81 81 81 82 82 121 121 130 130 296 296 296 421 421 421 497 497 506 506 506 506 
153 161 168 168 168 448 
271 271 271 
227 227 227 305 305 305 305 
429 458 474 474 
81 495 

184 184 184 307 354 465 465 
58 294 
228 228 314 314 317 317 
41 
5 5 
99 99 99 110 247 247 250 250 250 250 250 271 271 271 271 271 288 
39 39 39 159 159 219 274 510 
339 339 339 339 
6 182 195 195 195 246 
39 39 239 239 
37 37 134 134 134 
175 179 179 179 332 332 
25 25 26 87 150 150 158 158 158 233 248 248 271 271 271 293 293 294 294 297 297 339 374 374 381 381 437 470 
184 184 258 
76 76 262 276 364 364 
354 462 462 462 
271 287 458 
8 8 35 45 74 76 76 76 77 92 92 119 128 141 155 168 174 175 175 182 182 193 209 209 222 222 242 242 242 243 314 314 318 318 332 332 333 333 334 382 385 494 494 494 
22 22 108 108 108 177 177 
37 37 93 93 93 93 93 116 116 177 177 177 184 184 201 201 201 230 236 236 236 254 254 269 277 283 303 303 338 365 383 383 432 432 432 463 
65 65 
250 374 374 
80 80 117 314 314 
225 
40 49 192 441 441 
22 22 22 67 281 281 389 389 389 435 506 
196 196 196 
76 292 292 292 292 

103 241 241 241 241 241 296 330 330 330 330 
184 184 184 291 291 291 354 
219 271 271 282 282 282 339 339 
59 71 71 71 71 159 330 330 
319 319 393 
62 62 235 235 235 
105 105 105 357 440 
192 236 383 415 415 415 460 460 460 

215 215 314 314 387 387 387 
421 449 449 
22 22 474 474 474 
408 
79 79 

186 186 431 
1 5 5 5 85 85 85 85 115 225 225 420 420 475 475 475 
271 368 374 468 
5 5 5 
15 15 59 316 
41 144 
56 191 
344 464 464 464 464 464 
17 17 128 128 390 455 455 455 455 
172 280 314 314 314 372 372 384 435 435 467 
41 41 41 156 156 354 460 460 460 460 462 462 

148 148 148 333 333 333 333 339 339 464 464 467 
271 
4 124 124 124 219 232 
161 167 167 448 448 448 448 
76 353 353 
41 41 
225 225 393 412 
47 76 346 
211 211 211 236 236 236 432 432 432 450 450 450 450 
22 22 22 115 138 497 497 497 
411 411 411 450 450 
63 75 302 415 
447 447 447 447 447 452 452 
85 85 85 184 307 307 307 396 396 
358 358 
280 280 308 314 449 452 
123 123 374 442 
159 159 511 511 
339 339 408 474 474 474 
101 101 101 267 267 267 
273 475 
185 185 
56 56 191 191 191 191 191 388 393 393 436 436 436 470 470 470 487 
85 85 273 273 273 441 441 441 472 
10 100 240 496 496 496 
39 39 159 166 166 166 188 188 188 
76 207 207 

108 290 290 
349 
305 305 305 
30 30 
184 309 309 488 488 
39 
120 315 315 315 489 
29 29 29 235 235 474 
223 223 223 223 223 484 484 
486 
184 354 354 355 
126 126 126 126 185 
156 
3 3 3 
128 128 243 299 413 413 413 
359 359 359 394 
10 10 32 100 100 184 184 197 197 357 357 367 367 476 476 476 
22 22 115 389 389 461 461 461 
160 160 
182 192 
193 193 358 
54 54 
354 354 
325 358 

212 212 212 374 
389 389 389 389 421 
104 
5 75 75 75 75 75 86 86 86 99 105 119 151 151 151 158 158 198 198 198 324 
27 76 76 295 316 
159 402 
159 469 469 
