nodes: 512 edges: 1562
381 381 
85 85 85 441 
183 189 242 260 
5 142 271 271 271 493 493 
454 454 
3 34 34 50 88 88 184 198 198 225 273 279 279 280 280 280 354 400 441 441 443 443 443 443 504 508 508 
195 195 195 
233 233 
196 313 313 350 350 
203 203 203 
240 240 240 240 476 496 496 496 
264 264 264 
147 184 184 184 202 202 355 355 
76 76 118 118 229 229 229 
117 117 184 
16 16 182 182 184 184 184 184 444 
15 15 184 184 
390 448 448 
85 85 85 
104 287 
102 102 

108 108 108 115 115 166 389 414 421 421 421 436 436 436 461 497 
171 176 176 290 290 
173 322 
346 346 408 408 408 
158 158 357 357 408 408 408 
122 353 353 509 
178 178 183 
56 
180 180 181 181 181 222 483 
155 172 172 184 184 243 243 243 315 315 354 486 
184 184 496 496 
192 192 192 
5 5 184 
210 210 309 309 413 413 
106 
83 406 
358 
62 159 159 166 166 219 219 231 232 241 241 267 267 274 302 330 330 402 405 405 477 477 485 485 
67 249 249 
85 85 85 137 151 151 156 156 160 184 184 184 324 354 354 399 445 445 445 450 450 450 457 457 
321 321 321 
193 
137 214 214 
76 358 413 439 
64 64 339 381 
76 76 268 346 459 

236 
5 58 92 255 400 
292 292 435 
116 184 184 345 345 345 380 
377 377 377 377 
109 299 466 
236 
29 191 236 236 304 377 377 377 377 446 446 474 487 487 487 
146 415 
50 294 294 294 397 397 
192 428 444 444 

359 381 381 464 
39 288 330 330 330 430 
383 463 463 
46 46 287 381 381 
193 193 362 362 416 416 
141 362 
40 281 281 298 298 298 298 347 347 421 
179 179 296 296 
236 344 
184 184 246 258 259 259 259 259 
428 428 428 428 428 
208 208 208 208 251 325 413 413 
94 94 315 398 
76 413 
383 463 508 508 
13 13 45 47 47 74 78 78 107 109 109 184 186 186 196 196 199 207 207 228 228 229 229 242 245 292 299 299 299 314 322 354 354 354 360 410 410 413 413 423 423 440 456 456 459 478 478 509 
196 196 196 413 
76 76 
438 438 438 
314 418 
82 82 130 130 130 130 184 261 329 389 389 394 394 
81 81 143 389 389 389 
37 236 237 237 
85 118 118 118 312 348 348 425 490 
1 1 1 18 18 18 41 41 41 84 160 348 348 441 441 441 465 465 475 475 475 475 
198 198 198 254 254 254 508 
306 370 408 408 408 412 
5 5 295 504 504 
358 358 
358 
189 189 189 189 
50 182 182 182 404 413 413 491 500 
177 177 236 236 236 236 259 259 259 259 415 415 415 415 
73 73 
276 276 276 276 314 314 314 
224 224 314 314 
171 290 290 
329 441 
156 288 354 354 401 401 508 
114 496 
195 267 267 267 378 471 471 
20 20 117 117 136 136 136 216 216 
146 379 379 379 415 425 
19 116 116 116 134 134 134 134 138 138 236 236 237 346 346 507 
184 184 184 431 431 508 
36 190 190 
76 
22 22 22 115 115 115 331 331 331 414 414 414 480 480 480 
54 76 76 
247 401 401 
182 182 234 234 
355 
184 
100 294 294 294 294 367 
22 22 108 108 108 497 
52 104 104 104 184 303 303 415 415 451 
14 14 102 102 184 236 236 418 418 
13 13 84 84 84 292 
122 122 122 222 222 237 299 374 413 508 
239 239 486 486 486 489 
130 130 130 130 157 157 157 157 159 159 159 159 171 171 171 171 389 389 
27 119 119 119 222 310 341 353 353 353 438 
468 
387 454 454 
136 136 
185 185 
371 
413 494 494 494 
275 275 342 
81 81 81 81 121 121 121 121 389 389 389 
257 

381 381 
104 104 104 104 354 354 380 380 406 406 
473 
102 102 102 125 125 420 420 420 420 
41 44 184 184 
104 104 164 164 236 461 

320 332 378 378 378 
66 
3 165 389 
82 217 
282 282 

57 103 169 238 379 381 
12 236 
191 304 452 452 452 452 
250 250 
248 248 408 408 
41 41 198 198 198 198 198 214 354 354 354 508 508 508 508 
175 175 175 262 262 262 364 364 368 368 
325 325 390 390 
374 
31 243 243 413 
41 41 99 287 287 287 492 492 492 
121 121 121 121 
26 26 194 194 246 271 271 348 408 408 408 508 508 
39 39 121 121 121 121 177 177 177 188 205 205 231 231 231 330 330 402 402 428 433 477 477 511 511 
41 85 236 312 312 498 
390 
208 208 228 228 228 322 322 

138 138 293 
142 329 
22 39 39 477 477 477 
220 220 455 455 
209 209 209 390 390 413 
146 233 233 238 265 265 265 296 296 368 368 368 
371 371 371 
23 97 121 121 121 121 184 290 290 
31 31 
24 344 
335 335 376 376 413 
152 152 152 262 407 407 413 413 
23 23 247 
93 93 159 159 159 283 300 300 414 414 415 
28 28 183 183 183 373 373 373 373 
68 68 
30 30 222 334 334 
30 30 30 216 216 367 
15 15 92 92 92 111 111 220 220 340 340 363 363 404 413 413 444 499 
2 28 178 178 178 260 260 260 260 304 
5 12 12 12 14 15 15 15 15 16 16 31 31 32 32 34 41 41 41 52 52 70 70 76 81 105 105 105 113 116 117 137 137 171 202 202 213 213 221 221 246 246 258 258 260 260 260 265 267 267 279 284 289 292 292 292 307 307 307 315 315 315 324 324 345 345 354 354 355 355 366 396 409 415 415 426 465 465 488 490 
126 126 473 473 
76 76 245 245 328 328 373 440 
382 382 
159 477 477 
2 91 91 91 91 
106 106 372 
56 148 236 236 236 267 268 268 474 474 474 474 474 
33 33 33 59 236 281 298 298 298 420 432 
43 65 65 270 358 362 413 479 500 
158 158 230 230 
6 6 6 101 236 236 404 404 
8 76 76 77 77 77 290 350 350 373 
372 496 
5 5 86 86 86 151 151 151 151 151 386 386 508 508 
76 

211 211 236 236 415 
12 12 184 184 
9 9 9 
267 267 274 274 274 348 
159 159 

76 76 337 337 478 478 
72 72 72 72 162 162 
168 168 168 328 328 410 413 413 413 413 
35 35 309 
201 201 236 460 460 
233 233 233 310 310 505 505 505 
184 184 338 338 338 338 338 358 
44 44 151 215 314 
214 314 387 387 387 434 434 
102 102 181 181 
143 
271 271 327 327 327 327 
39 39 402 427 454 
167 167 182 182 413 413 
184 184 370 370 
30 119 119 122 180 314 314 376 413 413 413 483 
488 488 488 488 
96 96 313 313 350 350 
5 259 259 377 393 419 441 441 458 
292 292 
257 343 343 392 
76 76 162 162 162 245 245 245 398 398 398 398 
13 13 13 76 76 295 295 360 360 360 
194 194 236 236 236 303 405 415 
39 159 159 159 267 267 267 267 
39 454 454 
7 7 169 169 212 212 212 238 238 271 276 310 310 374 374 375 375 408 505 
111 111 375 375 375 375 503 503 
388 430 430 487 
49 55 56 56 69 83 93 93 93 93 104 104 117 117 138 147 160 191 191 191 192 195 195 201 201 211 230 230 230 249 267 269 269 269 269 275 278 300 300 300 344 351 415 415 415 432 432 460 460 487 487 487 
83 83 104 119 
146 169 233 233 412 
120 120 306 306 306 342 342 
10 10 10 10 496 496 
39 39 425 425 425 432 
2 76 260 413 413 
31 31 31 155 155 311 413 413 
325 325 325 358 358 358 
76 186 186 228 228 228 
70 158 184 184 267 267 267 404 
110 176 288 288 288 401 
150 150 412 
40 40 236 
149 149 374 374 401 401 401 401 417 
72 

330 330 330 
86 86 86 415 415 508 
50 
273 273 273 354 
131 227 305 
70 184 184 
70 70 70 70 93 93 93 93 225 225 
2 183 183 183 183 184 184 184 242 
81 329 329 329 
152 152 152 175 410 
315 
11 11 11 334 
169 169 169 184 

39 39 101 101 101 184 184 191 204 204 231 231 231 231 236 246 246 246 268 268 274 356 378 471 471 
47 191 191 267 267 274 274 274 274 
236 236 236 236 365 365 365 365 365 415 
193 
3 3 3 158 158 218 218 233 282 282 287 297 297 339 339 339 354 354 374 374 375 391 391 401 401 401 408 408 412 412 427 427 442 442 442 453 

5 256 256 256 354 354 472 472 475 475 
39 204 204 204 267 268 268 268 268 402 
129 129 236 
95 95 95 95 233 383 410 
338 415 
236 
5 5 184 331 
5 5 5 308 308 449 449 467 
67 67 192 298 298 421 
144 144 271 271 427 427 
177 
184 

413 413 413 
19 64 156 156 156 271 412 412 
62 99 247 247 247 401 401 
184 
23 23 97 97 171 171 196 480 
354 354 426 
51 51 76 118 184 184 184 226 226 364 364 423 423 
164 408 408 
58 58 58 114 114 114 114 397 397 408 
88 229 229 323 509 509 509 
68 68 169 169 389 389 389 389 425 425 
271 271 408 408 408 
67 67 67 67 192 192 192 281 281 
54 76 76 76 119 494 
177 177 236 236 236 
339 339 
39 321 321 463 485 
116 116 230 365 365 365 415 415 
56 148 183 
257 389 392 392 482 482 
87 239 239 239 370 408 408 
184 184 184 354 354 354 396 465 465 
280 280 364 364 364 467 467 467 
35 35 210 484 484 484 
122 212 212 233 233 353 353 375 375 375 
243 348 348 
84 160 160 
8 8 224 224 
76 80 95 95 95 96 96 214 215 222 222 317 349 349 354 354 354 384 398 398 398 413 413 413 418 418 434 449 449 455 455 455 467 
31 31 73 184 184 184 263 486 
444 444 
314 413 
382 
354 429 429 429 
140 357 
42 42 42 302 302 323 
24 76 162 162 509 
295 321 359 
41 184 184 
72 153 153 244 244 244 358 358 413 503 

218 218 218 218 
186 186 209 209 
81 98 165 261 261 261 
39 39 62 62 62 159 159 253 253 253 425 425 425 425 428 428 428 
108 108 108 279 
140 413 413 
339 339 385 413 413 452 452 452 452 
180 180 264 385 385 413 413 
174 174 

207 207 
213 213 213 213 213 277 415 
46 271 271 271 301 301 333 333 381 403 403 403 408 408 427 427 452 452 470 470 
182 182 
122 
129 239 239 
227 227 
69 173 236 447 
52 52 52 184 184 
25 25 47 104 104 509 
67 67 506 
84 84 85 85 158 204 311 311 
314 314 371 481 
8 8 196 196 224 224 
236 432 
402 402 
27 27 122 122 122 310 310 456 456 
5 31 41 41 76 76 76 99 99 134 134 151 151 151 184 184 256 271 271 273 273 291 291 307 307 307 314 314 314 319 411 450 450 502 502 508 
12 12 112 184 184 388 388 388 490 490 490 490 
267 
26 26 320 367 367 431 496 496 496 
38 45 89 89 90 193 213 244 244 244 325 325 466 466 503 503 
61 323 385 495 495 495 495 
76 229 229 229 

65 65 66 193 413 
182 182 442 
152 152 292 292 308 308 308 410 410 410 
269 269 269 269 269 303 303 303 415 
184 
114 181 357 357 496 496 496 
152 152 169 169 169 442 442 

87 221 221 306 
127 170 170 170 349 
190 197 449 
178 178 178 178 186 196 
119 154 233 233 250 250 271 271 408 408 417 417 442 
233 233 234 234 234 234 271 310 310 310 
174 174 222 
53 53 53 53 56 56 56 56 225 393 
101 140 140 140 267 
103 103 103 146 
52 134 134 
0 0 46 61 61 64 64 133 133 146 339 395 408 
187 187 318 
63 75 276 415 432 
314 
333 334 334 359 413 413 
198 198 
124 215 215 215 434 434 
235 355 355 355 474 474 
22 81 81 82 82 82 121 121 130 130 130 142 296 296 296 296 305 414 421 497 497 506 506 
17 153 153 161 168 168 448 465 
271 271 
227 305 305 
225 377 474 
81 81 495 495 
381 
184 307 465 465 465 
58 58 294 294 
73 228 228 228 228 314 314 314 
41 
5 50 
99 99 110 110 247 250 250 250 250 271 271 271 288 288 
39 159 159 219 274 352 352 510 
339 339 339 
92 182 195 195 246 
39 39 230 
37 134 134 
175 175 413 413 413 
25 25 25 26 26 26 87 87 87 150 150 158 158 158 233 271 271 293 293 294 297 297 297 306 306 339 339 374 374 381 437 453 453 453 470 470 470 
184 
76 76 209 262 276 364 364 364 
354 462 462 462 462 
87 238 248 271 271 287 287 
35 35 45 72 72 74 76 76 77 92 92 119 128 155 168 174 175 175 182 182 193 209 209 209 209 220 220 222 222 222 242 242 243 243 286 286 286 314 314 314 317 325 332 332 333 333 334 334 362 385 385 407 407 407 439 448 448 455 494 
22 108 108 108 177 177 389 
57 93 93 93 93 103 116 116 177 184 184 201 230 236 236 236 254 254 269 277 303 303 338 365 383 463 
65 65 
250 374 374 
80 117 117 314 314 
225 
136 136 136 136 192 441 441 441 
22 22 22 67 281 389 506 506 

76 76 292 292 

84 103 241 241 241 296 296 330 330 330 330 
184 291 
219 271 271 282 282 339 339 
59 71 71 71 71 71 159 330 330 330 
319 319 319 
62 235 235 
105 105 357 440 440 440 440 496 
192 236 236 241 351 383 460 460 
159 
215 215 314 387 387 
51 449 
22 22 22 474 474 474 474 474 
408 
79 79 79 122 
45 413 
76 186 431 431 431 431 
1 5 5 85 85 85 98 225 225 420 420 420 475 475 
271 271 271 363 368 368 374 468 
5 5 5 5 
15 59 59 182 316 316 
41 41 41 
56 56 
344 464 464 464 464 
17 17 390 413 413 455 
280 280 314 314 372 435 467 467 
41 41 41 354 354 460 460 462 462 
116 
148 148 148 148 333 333 333 333 339 339 464 
271 408 408 408 
4 4 124 124 219 232 232 
167 167 314 314 314 413 448 
76 76 353 353 491 491 
41 41 
225 
47 76 
211 211 236 236 432 432 450 450 
22 138 497 
411 411 411 411 450 450 
63 63 75 302 415 
61 447 447 447 447 452 
85 85 184 184 307 307 390 396 396 396 
54 358 358 
280 308 308 308 314 449 449 
123 442 
511 511 
339 339 408 408 408 474 474 
101 101 267 267 
273 273 
135 185 185 507 
56 191 191 191 191 191 388 388 393 436 436 436 436 436 470 470 
85 85 85 85 273 273 441 441 
10 496 496 
39 39 159 159 166 166 166 188 188 
76 76 207 207 
193 
108 108 108 290 
349 
305 305 
30 222 
309 309 309 
39 39 302 
31 120 120 120 315 489 489 
56 56 56 235 236 236 236 
184 223 223 223 223 
120 486 486 
84 184 355 355 355 355 
92 456 456 
156 156 156 
3 3 
128 128 128 299 413 
359 359 359 359 394 394 
10 10 10 32 32 100 197 240 240 357 357 357 367 367 367 431 476 476 
22 115 389 389 461 
160 
182 
92 193 

354 354 
234 234 325 358 358 
5 88 88 
212 212 212 233 
347 389 389 421 421 
104 473 
5 5 75 75 86 99 105 119 151 151 151 151 158 158 198 198 254 354 
27 76 295 295 295 322 346 
402 
159 159 469 469 
