nodes: 512 edges: 1561
381 
85 85 85 441 
28 91 91 92 111 182 182 183 183 242 260 260 260 
142 271 271 493 
327 454 
34 48 48 48 50 50 88 88 184 198 225 225 273 279 280 354 354 400 400 400 400 441 443 443 443 456 508 508 508 
195 195 195 195 404 
233 233 427 
196 313 350 413 
203 203 271 271 298 
240 476 496 496 
264 
184 184 184 184 202 355 
76 118 118 118 118 229 229 
117 184 184 
16 182 182 184 184 184 444 444 444 
15 184 184 
390 390 448 448 448 
85 85 85 
104 104 287 
102 102 102 428 444 

108 115 115 389 389 414 414 421 421 436 436 436 436 461 461 497 497 497 
171 171 176 176 176 290 
225 
346 
44 357 357 357 408 408 408 
47 122 346 346 346 353 353 353 353 353 509 
2 178 183 183 
56 487 487 487 
180 181 181 181 181 222 483 483 
155 155 172 172 172 184 243 243 243 315 315 354 354 486 486 
496 496 496 
67 67 84 
5 
210 222 309 413 

83 406 406 415 415 
90 118 199 326 
62 62 166 166 206 206 206 206 219 231 241 267 267 302 330 330 402 402 405 405 477 485 
67 67 192 192 249 
85 137 137 137 151 151 151 156 156 184 184 324 324 354 354 354 399 445 445 450 450 457 
321 321 321 
193 193 
26 137 137 214 214 214 214 
76 76 358 358 358 413 439 439 
64 339 381 
27 76 76 76 346 459 
5 5 5 387 
236 420 
5 5 58 58 400 
292 292 292 292 435 

208 225 225 377 
299 299 466 501 501 501 
195 236 
29 236 236 236 377 377 377 474 474 474 487 
374 
50 50 
192 444 

359 359 381 381 381 464 
39 39 241 288 330 330 430 
383 383 383 463 463 
46 287 287 287 381 381 381 
193 416 
141 362 362 362 
33 33 40 40 192 298 298 347 347 
179 179 179 296 296 
344 344 
184 258 258 259 259 
330 354 428 428 
325 413 466 
94 94 94 398 398 398 398 
76 76 76 76 413 
383 463 508 508 
13 45 45 47 47 47 74 74 74 74 78 78 109 109 109 109 119 184 184 186 196 196 199 228 242 245 245 299 299 299 314 314 322 322 346 346 346 353 354 360 360 360 361 410 410 413 413 423 423 440 456 456 456 459 478 509 509 
196 196 413 413 413 
76 76 
236 438 438 
314 314 418 418 
82 130 130 184 184 261 261 276 289 289 289 329 389 389 
81 143 
37 236 237 237 237 
33 85 85 312 312 312 348 425 
1 1 1 18 18 18 41 84 84 160 160 441 441 465 465 475 475 
198 198 254 254 254 
306 306 306 370 370 408 412 
5 5 504 504 
303 358 358 
38 358 
2 2 
2 182 182 413 
177 177 177 236 236 236 259 259 415 415 415 415 
73 73 73 315 315 
276 314 314 314 314 
224 224 224 314 314 
171 171 290 290 
223 
156 354 354 401 401 
114 197 197 476 476 496 496 
170 195 195 195 267 267 267 267 471 471 
20 20 20 117 117 117 117 135 136 136 216 216 
379 415 425 425 
19 19 116 116 134 134 134 138 236 236 237 346 346 
184 184 372 431 431 508 
190 190 

22 115 115 115 331 331 414 414 480 480 
76 76 76 76 483 
176 176 401 
2 182 182 234 234 234 
355 355 418 
184 237 289 
100 294 294 294 294 367 367 
22 22 108 108 108 461 497 497 
104 104 184 184 303 303 303 415 415 
14 102 102 102 102 125 125 125 136 136 184 184 236 418 418 418 
13 13 13 13 38 
76 122 299 299 339 413 508 
239 239 489 
130 130 130 157 157 157 159 159 171 171 171 389 389 
27 119 222 222 310 353 
468 
387 387 454 
117 117 117 136 136 
185 491 491 

413 413 448 448 494 
275 275 283 
81 81 121 121 121 389 389 389 
257 257 

381 
104 104 104 354 354 380 406 
102 
102 102 117 117 125 125 420 
41 41 41 44 44 184 184 
104 164 164 236 461 
381 
320 320 332 378 378 378 
66 237 325 413 413 
3 165 389 
82 171 217 
282 282 
452 
238 379 379 379 
236 344 
191 191 304 452 452 
250 250 349 
248 408 408 
41 41 41 198 354 508 508 508 508 
175 175 175 262 262 292 368 368 368 
325 325 390 390 390 
374 374 
31 31 243 243 413 413 
41 41 99 287 287 287 450 450 450 492 492 
121 121 121 261 276 276 
194 194 246 271 271 348 408 408 508 508 
121 121 177 177 177 177 177 188 205 205 227 231 231 305 305 330 402 402 433 477 511 511 
85 85 272 272 312 312 498 
390 
208 208 228 228 228 
166 
138 138 293 293 293 293 
142 329 329 
39 39 163 477 477 
220 455 
209 209 209 209 390 390 390 413 413 
233 233 265 296 296 368 371 
101 272 371 371 371 471 
23 23 97 97 121 121 121 143 184 
31 31 31 449 

222 335 335 376 376 376 413 413 
152 152 152 262 262 262 373 407 407 407 
23 23 23 110 110 247 
93 93 93 159 159 159 159 159 283 283 300 300 300 414 414 415 415 
28 183 183 373 373 373 
68 68 68 407 407 432 
30 222 222 222 334 334 
30 30 30 30 216 216 216 367 367 
2 2 15 15 92 92 111 111 220 363 363 385 413 413 413 444 499 499 
2 2 28 28 178 178 260 260 260 
5 12 12 12 12 14 14 15 15 15 16 16 31 41 41 70 76 76 81 81 105 105 113 116 116 117 117 137 137 171 202 202 202 213 213 221 221 221 226 236 236 236 246 258 258 258 258 260 260 260 265 267 279 279 279 284 284 284 289 289 289 292 292 307 315 324 345 354 354 354 355 356 366 366 366 396 409 409 409 415 415 415 426 426 426 465 465 484 490 496 496 496 
126 473 491 
76 245 328 328 328 373 440 440 
382 382 
159 477 
437 
106 106 372 
148 148 236 267 267 268 268 446 474 474 
40 40 59 67 236 281 281 298 298 298 298 432 
43 43 65 270 286 286 358 362 413 479 500 
158 158 230 230 
6 6 6 6 55 101 101 101 236 236 404 404 404 
8 76 76 77 77 200 200 290 290 350 373 373 422 
100 100 496 
5 86 86 151 386 508 508 
38 76 207 207 207 
196 196 
211 211 211 236 236 415 
12 184 184 184 
9 9 
274 274 
159 159 
39 39 39 39 402 
199 199 199 337 337 478 
53 162 162 
168 168 168 168 328 328 410 413 413 
35 309 
201 201 201 236 460 460 
233 233 233 310 310 505 505 505 505 
184 184 338 358 
44 44 44 44 215 215 314 314 
214 214 314 387 387 387 387 434 434 434 467 
102 102 181 181 181 
143 
271 271 327 
39 232 232 
167 182 413 413 
184 184 184 370 370 370 
30 35 122 122 174 180 180 180 314 376 413 
98 
96 96 96 313 313 313 350 350 350 
5 5 24 53 53 259 377 377 377 393 419 441 458 
184 292 
159 343 
76 162 162 162 245 245 398 
13 13 295 360 
194 194 236 303 405 415 
39 159 159 267 267 267 
219 219 
7 7 169 169 212 212 212 238 238 271 271 271 374 375 375 375 408 
111 111 111 296 486 503 503 
430 430 430 487 
49 55 56 56 56 79 83 93 93 93 104 104 117 138 147 184 184 184 191 192 195 195 201 201 211 230 249 267 267 269 269 278 283 283 300 300 344 344 415 432 438 
83 83 83 104 113 141 
146 233 233 
120 120 306 306 405 405 
10 476 
39 62 425 425 425 
2 76 260 413 413 413 
31 31 31 155 155 311 311 311 413 
325 358 358 
76 76 186 228 228 
158 184 267 267 267 267 281 
176 288 401 
150 408 408 
40 236 
149 149 401 401 401 401 417 417 417 


330 330 330 
86 86 86 415 415 508 

273 273 273 
131 131 
70 70 184 184 184 184 409 
70 70 93 93 225 
2 2 2 183 183 183 184 184 184 242 
81 81 157 329 329 
152 152 175 175 175 410 410 
315 315 315 315 
11 334 385 
169 184 

39 39 101 101 101 101 184 191 191 231 231 231 236 236 246 246 246 246 268 274 378 378 471 471 
191 191 267 274 274 274 
236 236 365 365 
193 286 
3 3 9 9 158 158 218 218 233 233 233 287 297 297 327 327 339 354 374 391 391 391 401 401 408 408 412 412 427 427 427 442 442 442 453 
160 160 170 
5 256 256 256 475 475 
204 204 267 268 268 268 402 402 
129 129 
81 95 157 157 
415 
236 
5 184 184 184 
5 308 449 449 467 467 
192 192 246 298 298 421 
144 144 284 427 
129 177 177 236 236 415 
184 184 184 282 
373 
193 193 270 413 413 
19 64 64 64 156 156 156 271 412 412 412 412 412 
62 247 401 
81 81 81 113 184 184 184 
23 97 97 196 196 
354 354 426 
51 51 51 51 152 184 184 226 423 423 423 
164 164 164 164 302 408 
114 114 114 114 397 397 
229 378 378 378 509 509 
68 68 169 169 234 389 389 425 
271 271 408 408 408 
9 67 67 192 192 192 192 281 281 
54 54 76 76 76 119 119 
177 177 177 236 236 
339 
39 293 321 321 321 321 485 
89 116 116 116 230 365 365 365 415 
148 
159 159 392 392 482 
87 87 87 239 239 370 370 408 408 
184 396 465 465 
280 364 364 364 364 364 467 467 
35 210 484 484 484 
122 212 212 353 353 375 375 
243 243 243 348 348 
84 84 84 160 160 
8 224 224 224 
76 76 80 80 95 95 95 95 96 96 214 214 215 222 317 317 349 349 354 354 384 398 413 418 418 434 449 449 455 455 455 467 467 467 481 481 481 
31 31 94 94 184 263 263 263 263 336 336 336 486 486 
444 444 
314 314 398 398 398 
382 413 
429 429 
140 140 
42 42 42 302 302 302 302 
76 76 
359 359 
41 41 184 508 
72 141 153 153 244 358 413 503 503 503 
38 
4 218 271 271 
186 186 186 209 209 
81 165 165 261 261 
39 39 62 62 71 159 253 253 253 369 425 428 428 428 428 
108 108 
140 407 413 
339 339 339 385 385 385 452 452 452 
180 180 264 385 385 
174 174 448 
315 315 315 
207 207 
213 415 415 
46 119 271 301 333 333 333 381 395 403 403 403 452 452 470 470 



227 
69 69 147 236 236 
184 
25 27 27 27 47 76 76 76 104 104 459 459 509 
67 67 506 
84 158 311 311 
149 314 314 371 481 
8 196 224 224 224 

402 477 
27 27 27 27 27 76 122 310 310 456 456 
5 5 31 31 41 41 41 71 76 99 99 134 134 151 184 184 184 271 291 291 314 314 411 411 411 450 450 450 490 502 508 
12 112 112 184 388 388 490 490 
184 
26 26 26 367 431 431 431 496 
45 45 45 89 89 90 193 213 244 244 325 466 500 503 503 503 
61 61 323 323 385 495 495 495 
76 76 76 229 
76 
66 66 66 193 413 
182 182 442 
308 308 308 308 308 410 410 
269 269 303 303 303 
184 184 184 
114 114 181 181 357 496 496 
152 152 152 169 442 442 442 
330 
87 87 221 221 221 306 306 
169 170 170 170 349 
105 190 449 449 449 
175 178 178 178 186 196 196 285 
57 154 154 233 271 408 417 417 417 442 442 468 505 
233 233 233 310 310 
174 174 174 222 
53 56 56 56 225 225 225 
140 140 140 267 267 295 295 295 
103 146 146 146 
134 
0 46 61 61 61 64 64 64 133 139 339 395 395 395 408 
187 187 318 413 
63 63 63 75 415 415 
314 449 449 
182 264 333 333 333 334 334 359 413 413 
198 
48 124 124 215 215 215 215 434 434 434 434 
355 355 474 474 474 474 
22 22 81 81 121 121 130 130 130 142 296 296 421 497 497 506 506 506 506 
17 17 153 153 153 161 168 168 168 465 
271 271 271 
305 305 
225 429 474 474 
495 495 
339 381 381 381 
184 307 465 465 465 
294 294 
73 73 73 73 228 314 317 317 317 
41 
5 5 5 5 50 
99 99 110 247 250 250 250 250 271 271 288 
39 39 159 159 206 274 274 352 
339 339 339 427 
6 195 195 195 453 
39 39 230 239 239 
37 37 134 
175 175 175 179 179 332 413 413 413 
26 26 26 87 150 150 158 158 233 248 248 271 271 293 297 297 297 306 306 374 381 437 437 453 453 453 453 470 470 470 
184 184 184 258 
76 76 209 262 262 364 364 
354 354 354 462 462 
87 271 271 287 287 287 287 287 458 
8 35 45 72 74 76 76 77 77 77 92 119 128 128 141 141 155 155 168 168 174 174 182 182 182 193 209 209 220 220 222 242 242 242 243 286 286 314 318 325 332 362 382 385 385 407 407 407 448 455 455 455 494 
22 22 108 108 177 177 
37 37 93 93 93 93 103 116 116 177 177 184 184 184 201 230 236 254 254 277 283 303 338 338 383 383 463 463 463 
65 
250 250 250 374 374 374 
80 80 112 117 117 117 314 314 
225 
49 136 441 
22 22 281 389 435 506 506 506 
196 
76 76 292 292 292 

84 103 103 241 241 241 296 330 
184 184 184 291 
7 271 271 271 282 403 
20 71 71 330 330 330 330 
319 319 393 
62 235 235 235 
105 105 357 357 357 440 440 440 440 496 496 
179 192 236 460 460 
159 
215 215 215 314 387 387 387 387 
51 421 449 
22 22 22 22 474 474 
189 408 408 
79 79 236 
45 45 
76 186 186 431 431 431 431 
1 5 85 85 225 420 475 475 475 475 
271 271 271 363 368 368 368 374 374 468 
5 5 5 
15 15 15 20 59 182 316 316 
41 41 
191 
464 464 
17 17 17 128 128 335 413 455 455 455 455 
172 280 280 314 314 372 372 372 384 384 435 467 467 467 
41 41 156 156 156 354 354 354 460 

145 148 148 333 333 333 339 339 464 464 467 
271 404 408 408 408 408 
4 124 
167 314 314 314 413 413 413 448 448 448 448 
5 76 76 76 353 353 491 491 
41 
225 412 
47 76 346 346 
211 211 432 432 450 
22 22 115 138 497 
411 411 
63 63 75 415 415 415 
61 447 447 452 452 
85 85 184 184 307 307 390 396 396 396 
54 72 358 
215 280 280 308 308 314 314 314 449 449 449 452 
123 374 442 
511 
339 339 408 408 408 474 474 474 474 
101 101 170 267 267 
475 
185 
56 56 56 191 191 388 388 388 388 393 393 436 436 470 470 470 470 487 487 
85 85 273 273 441 441 441 441 472 
10 100 100 240 496 496 
39 159 166 166 188 352 
76 207 
193 
108 108 
314 314 314 349 
305 
30 30 109 
184 309 309 309 488 488 488 488 
39 302 
31 31 234 315 315 489 
29 29 29 56 235 474 474 
484 484 484 484 
120 486 
184 354 355 355 
126 126 185 456 456 
156 156 
3 
128 413 
359 359 359 394 394 
10 10 32 32 32 100 100 184 184 184 197 357 367 367 431 431 476 476 
22 22 22 115 115 389 389 461 
160 
182 182 
193 358 
54 54 54 
354 
234 234 325 325 325 358 358 358 
88 88 
212 212 212 212 374 
347 389 389 389 389 421 421 421 

5 5 5 75 75 105 119 151 151 151 151 158 158 198 198 254 324 354 
27 76 76 295 295 346 

159 159 469 
