nodes: 256 edges: 792
60 119 119 119 119 
21 105 105 153 153 158 164 164 164 232 232 232 
153 
81 90 90 90 90 238 
14 14 18 18 18 32 85 138 138 138 208 208 208 
26 26 33 38 38 50 50 56 56 81 81 98 98 98 102 102 103 108 108 117 117 123 123 123 133 133 142 159 203 203 203 227 234 235 235 235 238 238 243 243 244 244 248 
212 212 212 253 253 253 
74 86 86 97 203 218 218 220 220 
71 71 71 81 81 228 247 247 
84 
14 
96 96 96 
56 56 56 205 205 222 222 222 
33 122 122 122 
4 4 10 18 32 47 47 51 51 58 58 58 58 58 93 138 138 139 139 146 146 152 180 180 208 208 
26 87 115 183 231 
78 89 89 93 95 
66 66 84 
4 4 4 14 51 51 60 60 61 61 63 90 90 90 105 120 120 120 137 152 152 152 186 186 206 223 223 
62 
98 98 98 114 114 114 166 166 166 
1 45 45 52 143 228 228 
43 180 180 180 245 245 
192 
225 225 225 
45 81 81 
5 5 15 33 33 33 36 44 44 70 70 70 82 84 84 84 98 98 98 108 108 117 122 122 141 141 196 196 213 222 231 231 237 
68 68 68 153 153 221 250 250 250 250 
88 108 108 
205 205 
175 175 
146 146 146 146 
4 14 236 
5 13 26 26 26 37 37 37 44 44 122 122 122 134 134 134 150 150 169 169 210 222 222 222 226 226 
137 137 
53 53 65 65 65 81 
26 72 75 75 75 171 171 171 203 203 
33 33 33 122 
5 5 222 222 222 
134 134 134 146 146 146 
203 
101 101 
81 81 102 102 102 102 114 125 125 176 222 222 222 235 235 243 243 243 
22 195 
26 26 33 33 59 59 59 122 122 122 150 188 188 222 222 222 
21 21 25 52 52 52 52 57 57 148 148 153 153 
106 106 106 
14 14 152 152 
58 152 152 163 163 251 
84 
5 5 123 123 
14 14 18 18 112 112 112 112 
21 45 45 45 45 228 
35 35 81 
109 109 109 246 246 
238 238 238 
5 5 12 12 12 142 150 150 150 227 
45 45 93 154 154 154 154 154 186 241 241 241 241 
14 14 14 14 14 48 104 104 104 152 152 203 203 214 214 251 252 
44 44 44 70 
0 18 18 76 76 152 152 206 236 
18 18 170 206 250 250 
19 
18 90 90 137 137 
182 182 182 
35 35 35 81 81 81 93 93 
17 17 84 84 
213 
27 27 27 
88 88 88 146 146 165 165 165 165 203 203 203 203 
26 26 26 59 77 77 77 122 122 122 222 222 222 222 222 
8 8 8 131 131 228 228 247 247 
36 213 
122 122 122 160 220 
7 156 203 218 
36 36 36 99 99 99 99 126 203 217 233 
60 60 170 
70 70 70 243 243 243 
16 89 89 89 
111 111 
137 137 
3 5 5 8 8 25 25 35 42 42 53 65 65 65 93 153 153 160 173 173 176 203 238 238 238 251 251 
26 108 
192 
9 17 26 26 26 49 66 66 127 189 189 249 249 249 249 
4 131 131 131 228 
7 7 203 203 203 218 218 
15 253 
28 69 69 69 203 
16 16 78 78 78 
3 3 3 3 18 18 18 63 63 137 140 201 201 206 206 242 
121 
203 
14 16 57 65 65 81 95 176 176 201 
112 
16 93 
11 11 11 144 144 144 144 200 200 216 229 229 
7 124 130 130 130 
5 5 5 20 20 20 26 26 26 209 213 213 237 237 
75 75 75 75 251 
109 109 194 194 198 255 255 
41 41 113 145 
5 5 42 42 42 42 181 181 181 203 203 234 234 
5 153 231 254 
58 58 58 111 129 152 152 152 
1 1 18 153 155 155 155 
46 46 46 145 145 195 195 195 
119 
5 5 26 26 28 28 82 
54 54 54 100 100 127 194 194 194 198 
153 153 
79 79 104 154 154 154 173 
51 51 51 51 94 
101 145 177 246 246 246 246 
20 20 20 42 209 209 227 227 235 235 
15 
203 203 
5 5 26 
188 188 
0 0 0 0 107 223 223 223 
18 18 18 170 170 170 
91 133 179 179 
13 13 13 26 26 33 33 33 37 44 44 44 70 70 70 73 73 73 210 243 
5 5 5 50 50 160 160 160 160 161 196 196 
97 
42 42 
75 203 247 247 
84 109 187 229 
228 232 
104 
97 97 97 
71 71 85 85 85 151 151 228 

5 5 121 141 141 141 227 227 234 234 234 234 
33 33 33 39 39 39 211 
175 175 175 
196 196 196 
18 34 34 63 63 80 80 90 202 202 250 250 250 
4 4 4 14 14 
14 14 
90 158 158 158 168 
26 26 133 133 133 248 248 248 
5 56 159 159 
21 149 149 165 165 165 203 203 
96 96 96 96 
101 106 106 113 
14 14 31 31 31 31 39 39 39 69 69 157 223 

45 45 153 153 
143 143 
33 33 44 56 56 56 181 181 181 181 181 
131 131 228 
14 18 18 18 47 47 48 48 58 58 60 60 104 104 104 157 157 163 170 170 170 225 225 
1 1 2 27 27 45 45 81 81 103 105 110 110 148 148 179 
57 57 57 57 57 111 111 111 176 176 238 
105 105 105 206 206 
74 203 203 236 
146 152 152 
1 140 140 140 164 164 
5 142 142 178 
73 81 123 123 123 123 251 251 
123 
239 239 239 239 239 
48 48 152 
1 1 1 158 158 232 232 
69 69 69 69 143 143 143 203 203 203 
20 20 20 209 
184 184 184 184 
140 
33 33 
61 76 120 120 120 152 152 152 206 
36 36 36 188 
197 197 197 197 219 
81 81 111 200 
206 206 
30 30 135 135 135 
42 81 93 93 154 154 235 
113 204 204 
159 
121 121 153 
14 14 22 22 22 
102 102 102 150 150 150 150 150 
64 64 64 196 244 244 244 
15 
167 167 167 167 228 228 
197 197 
18 18 57 
127 
44 44 118 118 171 
84 84 

205 205 205 
23 83 206 
237 253 
100 100 109 109 109 
43 106 106 106 245 245 245 
26 26 123 123 136 136 136 182 239 239 
172 172 172 172 185 185 
100 109 

96 96 173 229 
90 90 93 
137 137 
5 5 5 7 36 36 40 58 58 69 69 69 69 74 75 81 86 86 86 88 92 102 102 116 116 126 143 143 156 156 165 165 165 214 218 220 220 234 251 251 252 252 252 254 
177 177 245 245 245 246 246 
12 12 29 29 191 191 191 222 
18 60 61 90 90 155 155 170 174 174 192 

4 4 4 14 14 
98 114 114 166 
33 122 
134 
6 6 6 
26 67 72 98 98 
58 58 203 
247 
96 
75 233 
7 7 74 86 86 203 
172 
7 7 73 203 203 251 251 251 
27 
12 12 12 26 33 33 33 38 38 38 42 42 42 44 44 44 70 70 70 70 70 205 
18 18 119 119 119 146 
238 238 238 
24 24 24 152 152 
33 33 
5 56 114 114 133 133 
8 21 21 52 71 71 85 128 131 151 184 184 
96 96 127 200 240 

15 26 26 103 
1 1 1 128 164 164 
75 217 
5 102 102 133 133 133 133 203 
5 5 5 42 42 114 114 176 
32 60 156 
26 98 98 193 
3 5 5 55 55 55 81 81 81 154 224 224 224 
162 162 162 162 162 196 196 
229 
57 57 57 57 
90 
5 5 42 42 42 77 77 77 122 
5 5 182 182 182 248 248 248 
22 22 195 195 195 204 204 204 
54 54 113 113 113 113 204 204 
8 8 71 71 126 126 215 
5 141 141 141 244 244 244 
84 84 84 84 
27 27 27 27 61 61 137 137 137 
48 58 81 81 99 160 160 203 203 220 220 220 
58 203 203 203 
6 6 6 87 193 
103 203 
100 100 
