nodes: 256 edges: 472
119 236 236 
105 105 153 158 158 164 164 232 
153 
81 238 
14 14 14 18 32 32 85 138 
26 26 33 38 38 50 50 56 81 81 98 102 102 108 108 108 114 123 123 136 142 142 203 203 203 227 227 227 234 238 238 243 243 244 244 248 
42 253 
74 86 218 220 
71 71 81 81 81 168 228 247 
182 182 
14 
96 
56 222 
33 122 
4 4 4 10 18 32 58 138 139 146 152 180 208 208 
115 115 115 183 
78 89 89 93 95 
49 66 
4 14 60 90 120 137 152 152 186 223 223 

98 114 
45 45 52 140 143 153 153 
104 245 

152 225 225 
81 81 153 153 
5 5 33 33 33 36 70 70 72 82 82 84 84 84 98 108 117 117 122 122 196 196 213 222 231 231 237 237 237 
68 68 153 221 250 250 
69 
205 205 228 
175 182 196 196 
146 152 
4 4 14 
5 13 26 26 26 37 44 122 122 122 134 134 134 169 197 222 222 226 
137 
53 65 65 
26 75 75 171 171 179 203 203 
33 122 169 
5 5 42 222 
134 134 146 146 146 

101 101 101 101 
6 38 81 81 81 102 102 222 222 222 222 222 243 

33 122 222 222 222 
21 21 52 52 52 85 148 153 

152 
163 163 163 
17 84 
5 5 123 123 
112 112 
21 45 45 45 228 
35 81 81 
109 109 109 109 246 246 
238 
5 12 150 
93 154 186 241 
14 104 104 104 203 214 251 
70 
18 206 236 
206 250 250 250 



35 35 81 
17 84 84 

27 27 
28 88 88 88 146 165 165 
26 26 59 77 84 84 122 122 210 222 222 222 
8 8 131 228 
26 213 
122 122 122 
7 203 
36 36 99 99 147 203 203 205 205 
170 
70 122 243 243 
16 93 
111 111 
137 
3 5 5 8 8 8 25 25 42 42 42 53 53 65 93 153 153 153 160 160 160 173 173 176 176 176 203 203 203 238 238 238 238 251 251 251 
26 26 
204 
26 26 26 49 66 66 70 70 249 249 
4 45 131 
7 203 
253 
69 69 69 203 
16 16 
18 201 201 202 242 242 
121 121 

16 57 78 81 
112 112 
16 
11 200 216 229 229 240 
130 130 130 226 
5 20 26 209 
75 75 147 251 251 
109 
41 41 41 41 113 
5 5 42 42 203 
153 231 231 
22 58 58 58 111 152 
1 1 153 155 155 

119 152 
5 5 5 26 191 
54 54 54 54 100 124 127 194 198 198 

79 79 104 154 173 
51 51 94 94 
101 145 204 246 246 
5 20 
15 15 15 

26 26 

0 107 223 223 
18 170 
91 91 133 133 238 
13 26 26 33 33 33 37 44 70 70 73 73 73 77 210 243 
5 5 50 50 160 160 196 
109 

203 247 
109 187 229 229 
232 
190 
97 97 97 
71 85 151 151 228 228 
222 
121 121 141 227 227 227 
33 33 33 39 39 197 
175 
5 173 196 196 
18 34 80 153 250 
4 14 
14 251 
21 158 158 158 168 
133 
5 5 159 
21 149 165 203 

113 
14 31 39 39 39 69 223 
75 99 
45 153 
143 203 
56 181 
131 131 
14 18 18 24 31 47 104 107 225 
1 2 21 21 25 25 27 45 81 81 81 103 105 137 148 179 228 
57 111 241 
105 105 
199 203 

1 1 140 140 140 232 
142 
81 81 81 123 123 

238 
48 48 48 
1 1 232 
69 69 143 
209 
173 173 184 
8 140 
33 37 219 
76 120 
36 36 

81 81 111 136 167 167 

30 135 
81 81 81 235 
204 

36 153 
14 
150 
9 9 30 196 
15 
167 
197 197 
18 57 
127 


129 236 
108 

237 
109 
204 245 245 
26 26 30 30 123 136 136 182 239 239 
33 134 185 185 
109 109 
156 
96 229 229 
90 90 
90 
5 5 5 36 36 58 74 75 75 81 81 81 86 88 102 126 143 149 156 251 252 
83 113 177 195 245 245 
29 29 75 75 222 
60 61 

14 14 
98 166 
70 122 

222 
26 72 
58 
247 
96 
233 233 
7 
169 
7 
27 
12 26 33 33 38 42 42 42 42 42 44 44 44 70 70 70 132 205 212 
18 18 119 119 146 
238 238 238 
24 24 152 
33 97 
5 5 5 133 133 133 
8 29 52 71 131 131 153 238 
96 96 127 127 200 200 
238 238 
26 26 103 103 
1 128 158 164 
217 217 
5 
176 
0 0 60 190 
26 26 26 193 
3 5 5 55 81 81 81 81 121 162 224 224 224 228 230 230 
196 196 
96 
57 154 
90 90 
5 5 42 77 77 122 
5 5 
22 195 195 204 204 
54 54 113 113 
8 126 215 
5 
84 84 
27 27 61 61 61 137 
58 81 81 81 99 99 139 203 
203 
6 87 


