nodes: 256 edges: 486
60 119 236 
21 105 153 158 164 232 

81 90 90 90 93 238 238 
32 
26 26 33 50 50 81 81 81 98 98 102 102 102 114 117 117 123 133 142 159 178 203 203 203 221 227 227 235 238 240 244 
212 253 
86 97 97 203 203 220 
71 71 81 81 228 228 247 247 
41 

33 33 
56 205 205 
33 33 122 
47 51 51 51 58 146 180 180 208 
26 183 183 231 231 
78 78 89 89 93 95 
49 84 84 84 84 
105 152 186 206 223 223 
62 
98 98 114 114 166 166 
1 45 153 228 228 
43 104 180 180 245 


71 
5 5 15 33 33 36 44 67 70 70 72 72 82 84 84 98 98 108 117 117 117 122 122 141 196 222 231 231 237 237 246 
68 68 221 250 250 
108 108 108 
51 205 
175 196 196 
146 152 157 
4 
5 11 11 13 13 26 26 37 37 37 44 122 134 134 197 207 222 222 222 226 
137 
65 
26 72 75 75 171 171 179 203 203 
33 33 33 122 169 169 
222 222 
134 146 
203 
9 101 101 101 
81 81 81 102 102 102 102 114 125 176 222 222 222 222 222 235 243 
22 195 195 195 
26 33 122 122 122 222 
21 52 52 52 52 57 57 
106 106 
14 152 
163 163 
17 
5 5 98 
14 14 14 29 
45 45 45 45 
81 81 
127 246 
238 238 
12 142 142 142 150 150 150 150 
45 45 93 154 186 241 241 
14 104 203 214 214 251 
70 
0 76 152 236 
250 
19 
90 137 137 137 
182 
35 81 81 93 

26 
27 27 
126 146 146 165 203 
26 26 59 77 84 84 122 210 222 222 222 
8 8 25 119 131 247 247 
26 26 36 
122 122 
156 
36 36 203 205 205 217 233 
60 
70 122 243 
16 16 89 


3 5 5 5 8 8 42 42 42 53 53 65 65 93 93 93 153 153 153 160 173 173 173 203 238 238 238 238 238 251 251 
26 
177 246 
17 17 17 17 26 26 70 70 189 249 
131 
7 
98 253 

16 16 78 
3 3 3 63 201 201 201 206 242 242 
238 

3 16 57 65 81 81 81 95 95 95 111 201 224 
112 112 
16 93 93 93 
114 144 144 144 200 216 240 
7 7 124 130 
5 5 20 20 26 26 50 87 209 237 

109 194 
41 41 41 
5 5 5 42 42 42 42 181 203 203 234 234 

22 58 111 111 111 
1 18 155 
46 46 145 145 145 

26 28 28 28 
100 194 198 

93 104 104 104 
94 94 
246 246 
5 20 20 42 96 209 209 209 227 235 235 235 


5 5 26 26 26 
188 232 
0 71 152 152 152 223 223 223 

133 133 179 238 
13 26 26 33 37 44 44 44 70 73 73 77 
5 160 161 161 196 
97 
42 
69 203 247 
54 
228 232 

97 
71 85 228 

5 121 121 234 
33 33 39 197 211 
175 
196 
34 63 63 63 153 202 250 

251 
168 168 
26 248 248 
5 56 56 56 159 
149 
96 96 96 
106 106 106 
14 31 39 69 69 223 223 

153 153 
143 203 
56 56 56 56 181 181 
153 
18 31 47 60 119 119 119 157 170 170 170 
1 21 81 81 81 137 148 148 151 228 228 
57 238 
105 206 
74 199 199 203 
31 152 
1 
5 142 
81 123 251 
123 123 
239 
48 48 
1 
69 203 203 
20 20 209 
173 184 
140 140 
37 37 
152 152 152 
36 36 
197 197 197 
81 81 81 167 
206 206 
30 135 196 
42 
83 204 204 
5 
36 121 
14 14 22 22 
102 150 150 
64 244 244 244 
15 15 
167 228 
197 197 
18 57 
229 
118 
84 
236 236 


237 253 253 
100 109 
43 43 43 204 204 245 
26 30 30 123 136 175 239 
33 134 172 172 172 185 185 
109 
156 156 
96 229 229 
90 90 90 93 
137 
5 5 5 7 7 36 36 40 58 69 75 81 102 102 126 149 156 165 165 220 234 251 251 252 
177 177 195 195 245 246 246 
12 12 29 75 75 222 
18 90 155 174 174 
33 
14 
98 114 114 114 166 
70 
134 
6 

58 58 
247 
96 
75 233 


7 203 251 251 
5 27 
26 33 33 33 38 38 42 42 42 42 42 44 70 70 70 205 
18 18 119 119 119 146 146 
93 238 

33 
5 5 114 
8 8 21 21 128 131 153 153 184 238 
187 200 200 
238 238 238 238 238 
15 15 26 26 
1 118 128 
75 217 
102 102 133 203 
5 42 114 114 114 
0 60 190 190 
26 26 98 193 
3 3 5 55 55 81 81 81 81 81 91 121 154 224 228 230 230 230 230 230 
162 196 
5 96 
57 57 
90 90 
42 77 
5 182 182 182 248 248 248 
22 195 204 
26 54 83 113 113 204 204 
8 8 71 71 126 215 
141 141 244 244 244 
84 
27 27 61 137 
58 81 81 139 160 203 203 220 220 
203 
6 87 193 193 


