nodes: 256 edges: 475
119 119 236 
21 21 105 158 158 232 
153 
81 90 
14 18 32 138 208 208 
26 26 33 38 50 50 81 81 98 98 102 103 108 117 117 123 123 133 136 159 178 203 203 227 227 235 240 243 243 244 244 248 248 
42 212 253 253 
86 203 218 218 220 220 220 
168 228 247 
41 182 

28 33 239 
56 205 205 
122 
4 18 51 58 58 58 138 138 139 146 208 
183 183 231 
78 78 89 93 93 93 
66 84 
4 14 60 60 61 61 63 63 90 105 152 186 206 
62 
166 
1 1 45 52 140 140 228 
245 245 

146 225 225 
45 
5 5 33 33 36 44 44 67 70 84 84 98 108 117 122 196 196 213 222 231 237 237 237 
250 
11 69 108 
205 228 
196 239 
146 152 157 
4 236 
5 11 26 26 37 37 44 44 122 134 134 150 169 197 210 222 226 226 226 
137 137 137 
81 81 
26 75 75 171 171 203 
33 33 169 
5 222 222 
134 146 
203 
9 101 101 
6 81 81 102 102 114 125 222 222 235 235 235 235 243 243 

26 26 33 33 59 59 122 122 122 150 188 188 222 222 222 
21 25 52 57 57 57 153 
106 106 
152 
58 152 163 163 163 
84 194 
5 5 123 
14 112 112 
21 45 

109 127 

12 142 142 142 150 227 227 
45 45 45 93 186 186 186 241 
14 14 14 48 104 152 203 214 214 
44 44 70 
18 18 76 76 152 206 236 
18 18 206 250 250 
19 
18 18 90 137 137 137 
182 182 182 

17 84 
26 

28 88 126 165 203 203 
26 59 77 77 210 222 
119 228 247 
213 
122 122 
203 
36 36 126 205 205 217 217 217 
60 60 
70 70 122 122 
16 16 

137 137 
3 5 5 35 35 42 42 93 93 160 160 173 176 176 176 203 203 238 238 251 251 251 

204 
17 26 26 49 66 127 189 249 249 
228 
7 203 
220 231 253 
69 
16 
3 18 63 137 201 201 202 206 242 242 
121 121 238 238 
203 
16 16 16 57 81 81 95 95 111 111 224 241 241 
112 112 243 
93 93 
114 122 122 144 144 144 216 240 240 

5 5 26 213 237 
147 251 251 
255 
41 41 113 145 
5 42 42 181 203 203 234 
5 254 
58 152 
1 18 153 153 155 
46 46 145 195 195 
119 119 
5 26 28 
54 124 127 194 198 
153 
93 93 154 154 173 
51 51 94 94 
101 145 177 246 
42 96 209 209 235 235 235 

203 
5 5 26 
232 
0 0 71 107 107 152 223 
170 
91 91 133 238 
13 26 33 44 44 44 73 73 77 77 96 96 243 
5 5 50 160 161 
109 
42 
69 75 247 
54 84 109 187 
228 


151 151 228 228 228 

5 121 141 227 234 
33 33 39 
175 175 175 
5 196 196 
34 34 34 63 63 63 80 80 90 153 202 
4 14 14 
14 251 
21 21 168 
133 248 248 
56 56 56 159 
149 149 203 
96 96 96 197 
101 106 113 
14 24 31 39 223 
99 
153 153 
143 143 203 
33 44 56 181 
131 131 153 
18 31 47 48 58 60 104 119 163 225 
2 45 105 105 110 137 148 148 151 228 
111 111 
105 
203 
31 
1 1 
5 142 
81 81 123 251 
123 
238 239 239 
48 48 48 152 
232 232 
69 203 
20 
184 184 
8 140 
33 37 219 
120 206 
36 36 
197 197 197 219 
81 111 

135 135 135 196 196 196 
81 81 81 
113 
5 


102 150 
9 64 64 64 196 196 244 244 
15 15 
167 167 228 228 
197 
18 57 57 57 
127 229 
44 44 
84 
236 
205 

237 253 
49 109 
106 106 245 
26 26 30 136 136 175 175 175 182 182 
33 144 172 172 172 185 
109 

229 
90 90 
90 137 
5 5 7 36 40 58 69 69 74 81 81 86 92 102 102 116 143 149 156 165 220 251 251 
83 245 246 
12 12 29 75 75 191 
18 60 61 90 170 

4 4 14 
114 114 
33 70 

6 
26 72 98 
58 58 

96 
75 75 75 
7 7 
169 172 
7 7 7 87 203 251 251 

26 33 38 38 42 42 44 44 44 70 
119 146 
93 238 
24 24 152 
33 33 33 
5 5 56 56 133 
8 21 29 71 85 128 131 131 131 153 184 184 
187 200 240 240 
238 238 
15 26 87 
1 118 164 164 

102 133 
5 42 42 42 42 114 114 114 
0 32 60 190 
26 26 26 98 193 253 253 
81 81 91 91 121 162 224 230 230 
11 30 162 162 
5 96 96 229 229 
57 93 93 
90 90 
5 5 42 42 94 122 
5 5 182 182 
22 22 195 204 
113 204 
8 71 126 
5 5 141 141 
84 84 
27 61 61 
81 81 81 99 99 139 160 203 203 220 220 

6 6 87 193 237 237 
103 
100 
