nodes: 256 edges: 808
60 60 119 119 119 236 
21 21 105 105 153 158 164 164 232 232 232 
153 
90 90 
14 14 18 18 18 32 138 138 138 208 
26 26 38 38 50 50 56 56 81 81 102 102 103 108 117 117 123 123 133 136 136 142 142 159 159 159 178 221 227 227 234 234 235 238 238 238 240 243 243 243 244 244 244 248 
42 212 212 212 253 253 253 
74 86 97 97 218 220 220 220 220 220 
168 228 
41 41 182 182 
14 14 
28 33 96 96 96 96 
56 56 205 205 222 222 222 222 
33 122 122 187 
4 4 10 10 18 18 18 32 32 47 47 47 51 51 58 58 58 58 93 138 139 139 139 146 146 152 180 180 
26 26 26 115 231 231 
78 78 93 93 95 
49 66 84 84 84 
4 4 4 14 14 14 51 51 60 60 61 61 63 90 90 90 120 120 120 120 152 152 206 206 223 223 
62 
98 98 114 114 114 166 166 
1 1 45 52 52 153 153 228 228 
180 180 180 
192 192 
146 225 225 225 
45 
5 5 15 15 15 33 33 44 62 62 67 70 72 72 82 82 82 84 98 117 117 122 141 141 196 196 213 213 213 222 231 237 237 237 
68 68 153 153 
11 69 88 108 108 
205 205 
175 175 175 182 239 
146 146 157 
4 14 14 
11 13 26 26 37 37 44 122 122 134 150 150 150 207 210 222 222 222 226 226 
137 137 
53 65 65 65 65 81 81 147 
72 75 75 171 171 179 203 
33 33 169 
5 5 42 42 222 222 
146 146 146 
203 
9 9 84 101 101 101 101 
6 38 38 81 81 94 102 102 125 176 222 222 222 222 222 235 235 243 243 
195 195 
26 33 59 59 122 122 122 150 150 150 188 
21 25 52 52 52 148 148 148 153 153 153 
106 106 106 117 
14 14 14 152 152 
152 152 152 163 163 163 
17 84 84 
5 5 98 123 123 
14 14 18 18 112 112 112 112 
21 21 45 45 45 228 
35 75 81 81 
109 109 109 109 109 246 246 246 246 246 
238 
5 5 12 12 142 150 150 150 150 227 227 
93 93 93 154 154 186 186 186 186 186 241 241 
14 14 14 14 104 152 152 214 214 252 252 
44 44 70 70 70 70 
0 0 18 18 76 76 152 206 206 236 236 
18 18 206 250 250 250 250 
19 26 26 
18 90 90 137 137 137 
182 182 182 182 182 
35 35 35 35 81 
17 84 84 
26 213 
27 27 
28 88 88 88 126 165 165 165 165 165 203 203 203 
26 59 59 59 59 77 77 84 84 122 122 210 210 222 222 222 
228 247 247 
26 26 36 
122 122 122 122 160 
7 156 156 203 203 203 
36 36 53 99 99 99 99 99 191 203 203 205 217 233 
60 60 
70 70 243 243 
16 16 89 93 93 
111 111 
137 
5 5 35 35 42 42 53 53 65 160 160 173 173 176 176 203 203 238 238 238 251 
26 26 26 
204 204 246 
17 17 17 26 41 49 49 66 66 70 70 127 127 183 183 189 249 249 
131 131 228 
7 203 203 203 218 
220 231 253 253 
28 69 69 69 
78 
3 3 18 18 18 63 63 137 201 206 206 242 242 242 242 242 
238 238 
203 
14 16 16 57 57 57 78 78 95 95 95 201 241 241 
42 112 112 112 
16 93 93 93 
11 11 11 11 122 122 122 127 144 144 144 200 229 229 240 240 
7 7 124 130 130 130 226 
20 20 26 50 209 209 209 213 213 237 
75 75 75 75 75 251 251 251 
109 109 194 194 194 255 
41 41 41 41 113 113 113 145 
5 5 42 42 181 181 181 181 181 203 234 
5 231 231 231 231 231 254 
58 129 129 152 152 
1 1 153 153 153 155 155 155 155 
46 46 46 145 145 195 195 195 195 
119 119 152 
5 28 28 191 
54 54 54 54 54 100 100 124 127 194 194 194 198 198 198 
153 153 153 
79 79 154 154 173 
51 51 51 51 94 94 94 
101 101 101 177 177 204 246 246 246 
20 20 20 209 209 209 235 235 
15 
203 
5 5 26 26 46 
188 232 
0 0 0 107 107 152 223 223 223 223 
18 18 18 18 170 170 
133 133 179 179 179 179 238 
13 13 26 33 33 44 44 44 70 70 73 73 73 73 96 96 96 210 243 
5 5 50 50 160 160 160 161 161 196 196 
97 109 
42 
69 247 
84 84 96 109 161 187 189 229 229 229 
228 228 232 
104 104 190 
97 97 97 
85 85 151 151 228 
212 222 222 222 
5 121 121 141 141 234 234 
33 
175 175 
5 5 173 196 196 196 196 
34 34 63 63 63 80 90 
4 4 4 14 
14 14 14 
158 168 168 168 
26 26 133 133 248 248 248 248 
5 5 56 159 159 
149 149 165 165 165 203 203 
96 96 96 197 
101 106 106 
14 14 24 31 31 39 39 39 157 223 
35 222 
45 45 45 153 153 
143 143 203 203 
33 33 33 44 44 44 56 56 56 56 181 181 181 
131 131 153 153 
14 18 18 47 47 48 48 48 58 58 60 104 104 107 119 163 170 170 170 225 
1 2 21 21 27 27 45 45 45 105 105 105 110 110 110 148 148 151 151 179 228 228 
57 57 111 111 
105 105 105 105 
74 74 199 199 203 
31 146 
1 140 164 164 
5 5 5 142 142 
73 81 81 123 123 123 251 
123 123 127 
238 238 238 239 239 239 239 
48 48 48 152 
1 1 158 158 232 
69 69 69 69 69 143 143 143 203 203 
20 20 209 209 
173 184 184 
8 140 140 140 
37 
120 120 152 152 152 
36 36 
197 197 197 197 197 
81 81 111 136 167 200 
202 206 206 206 206 
30 30 30 135 135 196 196 
42 81 81 235 
113 113 204 
5 
36 121 121 121 121 153 
14 14 22 22 22 
102 102 102 102 102 150 150 150 
9 9 30 64 64 64 64 64 196 196 244 244 244 
84 84 
167 167 228 228 
197 197 197 197 
57 57 57 57 57 
13 127 
44 118 
84 127 
129 236 236 
75 108 205 
23 23 206 
237 253 253 
100 100 100 109 109 109 
43 43 106 106 106 106 204 204 245 
26 26 123 123 136 136 136 136 175 175 182 182 239 
144 172 172 172 172 172 185 185 185 185 
109 109 109 
156 156 
96 173 229 229 229 
90 93 
174 
36 40 69 69 69 74 74 74 75 75 81 81 86 86 86 92 102 116 143 143 149 149 156 165 165 218 220 234 251 251 254 
83 83 113 177 195 195 245 245 246 246 246 
12 12 29 29 75 191 222 
18 18 60 60 61 90 90 174 174 174 174 192 
33 
4 
98 98 98 114 114 114 166 166 
33 70 70 122 

6 6 6 132 
26 26 26 67 98 98 
58 58 


75 233 
7 86 203 

7 7 7 7 7 87 203 251 251 
5 
12 12 12 12 26 33 33 33 38 38 42 42 42 42 42 70 70 70 132 132 132 147 205 
18 18 119 119 119 119 146 
238 238 
24 24 24 152 
33 33 97 
5 5 56 56 
8 21 21 52 71 85 128 128 131 153 153 184 184 
96 96 127 127 127 200 200 200 240 240 
238 238 238 
15 15 26 87 103 103 103 103 103 
1 1 1 118 128 164 
75 217 
5 5 102 133 133 203 
5 42 42 114 114 176 
0 60 60 190 190 
26 26 26 98 193 253 
5 5 5 55 81 81 81 91 91 121 162 162 162 224 224 230 230 230 
30 162 162 162 162 196 
5 96 96 229 229 
57 57 93 93 
90 90 90 90 90 
5 5 5 42 42 77 77 122 
5 5 5 182 182 182 248 248 248 
195 204 204 
54 54 54 54 54 83 113 113 113 204 204 204 
71 71 126 
5 141 141 141 141 244 244 244 
84 84 
61 61 61 61 
81 99 99 99 160 203 203 220 220 
58 58 
6 6 6 87 87 193 193 237 
103 203 
100 
