nodes: 256 edges: 462
119 236 236 
21 21 153 232 232 232 
153 153 
81 81 90 90 238 238 238 
8 14 32 138 
26 26 33 68 81 98 102 108 117 133 133 136 142 142 142 178 203 227 234 234 235 243 244 244 
42 212 253 253 
86 220 220 220 
4 71 81 228 
41 41 41 

33 96 96 239 
56 56 205 205 222 222 
33 122 122 122 
4 18 47 47 51 58 58 93 138 139 146 152 
26 87 115 115 183 231 231 
78 93 95 95 
66 
14 60 60 61 61 63 90 120 120 120 206 206 223 
62 
114 114 114 
1 1 140 153 
180 180 180 245 
192 192 
146 225 225 225 225 
81 153 
5 5 15 33 62 70 72 84 84 98 108 122 196 222 231 237 237 
250 
108 108 108 
228 
175 182 239 
146 152 
4 
5 11 13 26 122 134 134 150 169 169 222 222 226 226 

53 65 65 81 
75 171 171 203 
122 
42 


9 9 9 84 
6 38 125 125 235 
195 195 
59 122 122 150 150 188 188 222 
52 57 57 57 148 
106 117 
14 14 152 
152 163 251 
84 

14 
45 228 
35 75 
246 
238 
12 12 142 142 150 227 
45 45 45 93 93 154 154 154 186 224 241 241 
14 14 104 104 203 214 252 
44 70 
18 18 152 206 
18 18 170 206 250 250 250 
19 26 
18 137 137 
182 
35 35 81 81 93 
17 84 
213 
5 
88 165 165 203 203 203 
26 59 77 77 77 84 84 122 
8 119 131 228 228 247 
26 
122 122 220 
203 203 218 
36 53 99 99 126 191 203 203 217 233 
170 
70 70 70 243 
16 89 89 
111 
137 137 
3 3 5 8 25 35 65 65 93 160 160 173 173 176 176 203 203 238 251 

101 177 
26 26 41 49 66 70 70 100 100 127 183 249 249 
131 228 228 
7 203 218 
15 253 
69 203 203 
78 78 
3 3 18 140 201 201 242 242 242 
121 238 
203 
14 16 57 57 65 81 95 95 95 111 111 176 176 201 
112 243 
16 16 93 93 93 
11 11 114 122 144 144 144 144 216 240 
124 226 
5 26 209 213 213 213 237 
75 75 251 
84 84 198 198 
83 113 
5 203 234 
231 
58 58 152 
153 155 155 
46 195 
119 152 152 
5 26 28 28 28 
124 194 198 198 
153 
79 93 93 
94 
101 204 246 
20 20 20 96 227 235 
15 15 
203 203 
5 46 
232 
0 71 107 223 
18 18 18 170 170 
91 133 179 179 
13 13 13 26 33 37 44 44 70 73 73 96 243 
160 160 160 161 161 196 
97 109 
42 42 
75 203 247 
84 
228 232 
190 

71 85 151 228 

5 5 121 141 141 227 227 234 234 234 234 
33 33 197 
175 
5 
63 63 80 80 153 202 202 
4 14 
14 
21 90 168 168 
133 133 248 248 248 
5 5 5 56 56 159 159 159 
149 203 
96 96 96 96 

14 24 31 223 

45 
143 
33 44 44 56 
131 
14 31 47 48 60 104 107 107 163 163 170 225 225 
1 2 2 21 25 105 110 137 179 179 228 
57 57 57 176 241 241 
105 105 206 
199 203 


142 142 142 
81 81 123 123 123 
123 123 

48 152 152 
232 
69 69 203 203 

173 173 184 
140 140 
33 33 219 
61 76 120 120 152 
36 36 
197 
81 81 167 167 
206 
30 135 196 
81 81 93 93 154 
83 204 
5 
121 121 153 153 
22 22 22 

30 64 196 244 
15 84 
167 228 
197 
57 

44 44 

129 236 
75 205 205 
23 23 
253 
109 
43 43 106 204 245 245 
26 123 175 182 239 239 
134 172 185 
100 100 109 109 
156 
229 229 229 
90 90 93 
137 137 
5 36 58 69 69 69 74 74 75 75 81 81 86 88 88 92 102 116 116 126 143 156 165 165 220 251 254 
113 177 195 246 
12 12 191 191 222 
18 18 60 61 155 174 


98 


6 222 
67 98 98 98 
58 

96 
75 233 233 233 
74 86 
169 
7 7 7 73 203 251 

12 12 26 33 33 44 205 212 
18 119 146 
57 238 238 
24 24 24 24 152 152 
33 33 97 
5 56 114 133 133 
8 29 52 71 71 85 85 128 131 153 184 
200 200 200 
238 
15 15 26 103 
1 1 1 118 128 164 
75 217 217 217 
5 5 102 133 133 133 133 
5 42 114 
0 0 190 
26 26 98 
3 3 3 55 81 91 224 224 230 
11 30 196 196 
96 
57 57 154 154 
90 90 90 
5 77 94 122 
5 5 182 248 248 
22 195 195 
54 113 204 
71 126 
141 141 141 244 244 
84 84 
27 61 61 61 
48 81 99 203 220 
58 
6 6 87 193 
203 

