nodes: 256 edges: 487
60 60 119 236 
105 105 153 153 232 
153 
90 238 
14 18 138 208 
26 26 33 38 50 56 68 81 81 81 98 98 102 102 103 108 117 142 143 178 203 203 203 221 221 227 227 227 235 238 238 240 243 244 248 
212 212 
74 203 218 220 220 220 
81 81 81 168 228 228 247 
41 41 
14 14 
28 96 96 
56 56 56 205 222 222 
33 
4 10 10 18 47 47 51 58 58 58 93 138 146 152 152 152 208 208 208 
115 115 115 115 
78 78 93 95 
49 66 84 84 
4 14 51 60 61 61 63 105 120 120 152 152 152 186 

98 114 166 
45 140 153 153 228 
245 
192 
146 225 225 225 225 
45 71 81 153 
5 5 33 36 44 44 62 70 70 84 84 84 98 98 108 122 213 213 222 246 
153 250 250 
11 69 88 108 108 108 
205 205 
196 196 239 
146 152 157 
236 
5 13 26 37 37 44 122 134 169 169 207 222 222 222 226 226 
137 
147 
26 72 171 179 203 203 
33 33 
5 42 222 222 
134 146 146 146 146 

9 9 101 101 
38 81 81 94 102 102 102 102 114 176 222 222 222 235 235 243 

26 26 33 59 122 150 188 222 
21 25 52 57 57 
106 
14 14 152 
58 152 163 163 
17 84 
5 98 123 123 
14 18 112 112 112 
45 
81 
109 109 127 246 
238 
5 12 12 12 142 142 227 
45 45 154 154 241 
14 14 14 48 152 251 252 
44 70 
0 0 18 76 152 206 206 236 
18 18 250 250 
26 
18 
182 182 182 
81 93 93 
17 84 

5 
28 88 88 88 126 165 165 203 
26 26 59 77 77 84 122 222 222 
25 131 228 
36 213 
122 122 220 
7 156 156 203 
99 99 217 233 233 
60 
70 70 122 
16 16 89 93 

137 
5 5 5 8 8 8 25 42 42 53 65 93 153 153 160 160 173 173 203 203 238 238 238 251 251 251 
108 
101 
17 17 26 26 26 49 66 70 183 249 249 249 249 
131 131 228 
218 
253 253 
28 69 69 69 203 203 
78 
3 137 140 201 206 242 
121 121 
203 
14 16 65 65 78 81 176 176 201 
42 112 248 
16 
11 11 144 144 200 216 229 240 
130 130 226 
5 5 20 26 26 50 213 237 237 
75 75 251 
194 
41 41 83 113 113 
5 5 42 42 42 42 181 181 203 203 234 
5 231 
129 129 
1 1 18 155 
46 145 195 195 
119 152 
5 26 28 28 28 82 191 
54 54 127 194 194 194 198 198 

154 154 173 
51 51 51 94 
101 101 145 204 246 
20 42 209 209 227 235 235 
15 15 15 15 
203 
5 

0 107 152 223 223 
18 18 170 
91 91 179 238 
26 33 44 70 73 73 77 
50 50 160 161 


69 203 247 
54 109 
228 
104 104 190 
97 97 
71 85 85 228 
212 222 
141 227 234 234 
33 39 
175 
196 196 196 
34 80 90 153 202 202 250 250 250 
4 14 

21 90 168 
133 248 248 
5 56 56 159 
5 149 165 165 203 203 
96 96 197 
106 113 
14 24 31 39 39 39 39 223 
35 222 

143 203 
44 181 181 

14 14 14 18 18 18 31 47 48 58 60 107 119 157 170 225 
1 1 2 21 21 25 27 81 81 137 179 228 228 
57 57 111 111 176 241 241 
105 206 206 
74 74 199 199 
31 152 
164 
142 
81 81 123 
123 

48 48 
158 
69 69 143 143 203 203 
20 209 
173 
8 140 
33 33 
120 152 
36 

81 81 111 167 
206 206 
135 196 
42 93 93 154 
204 
5 
36 121 153 

102 102 150 150 
64 64 64 244 244 244 
84 
228 
197 
18 
229 
44 

129 236 
108 
23 
237 253 
100 109 109 109 
106 106 204 245 245 
30 30 136 136 136 175 239 
144 185 
109 109 
156 156 
96 229 
90 93 
137 137 
5 5 5 7 36 36 69 74 81 81 88 88 92 102 102 116 126 143 143 149 165 165 251 251 252 254 
113 177 195 245 
12 29 29 
60 60 90 155 155 174 174 
33 
4 14 14 14 
114 114 166 


6 6 132 222 
26 26 72 98 


96 
75 
7 86 

7 7 7 73 251 251 
5 5 
12 12 26 33 33 33 38 38 42 42 42 44 70 70 132 147 212 
119 119 146 
238 238 
24 24 24 24 152 
33 33 97 
5 5 5 56 114 133 
8 8 21 71 85 128 131 153 153 184 
96 187 200 
238 238 238 
103 
1 
75 75 
102 133 133 
5 42 42 114 114 
0 32 60 190 
98 98 193 
3 5 5 55 81 81 81 121 224 224 230 230 230 
30 196 
5 96 
57 154 154 
90 
5 42 
5 182 182 182 248 
22 195 195 204 
26 54 113 
8 126 
5 94 141 141 244 
84 84 84 84 
27 27 61 61 137 137 137 
58 81 81 81 99 203 203 220 220 
58 203 
87 87 193 
203 

