nodes: 256 edges: 481
60 119 119 119 119 
105 153 232 232 
153 
81 90 90 238 238 
32 32 85 208 208 
26 26 33 38 56 68 81 81 81 98 98 98 102 114 117 123 133 133 136 143 203 203 203 227 238 238 238 240 243 248 
212 253 253 
218 220 
71 81 81 168 168 228 247 
41 41 182 182 

33 
56 205 
33 33 122 
18 32 32 138 138 138 139 139 139 146 146 180 
26 115 183 183 183 231 231 
78 78 89 
66 84 84 84 
14 51 60 61 63 137 152 186 223 
62 62 
114 114 166 
45 52 140 140 153 
104 180 245 
192 
146 
45 71 81 81 81 153 153 228 
5 5 15 33 33 33 36 44 44 62 62 67 67 70 70 70 72 84 84 84 98 98 98 117 117 117 122 122 196 222 231 231 
68 68 153 221 250 250 250 
88 108 
205 205 
182 182 196 239 239 
146 152 
4 4 14 14 
5 11 13 13 26 26 26 37 122 122 134 150 150 169 197 222 226 226 
137 137 
65 65 81 
26 72 75 171 203 203 
33 
5 222 222 222 

203 
9 9 101 
81 81 94 102 102 102 125 222 222 222 235 

26 26 150 150 222 
21 25 148 
106 106 106 
152 
58 163 163 251 
84 
123 
18 156 
21 

109 109 246 
238 
5 12 142 142 
93 154 154 154 186 186 
48 104 152 203 203 214 214 214 251 252 
70 
0 18 76 76 206 
18 206 206 250 
19 19 26 26 
18 90 
182 182 
35 35 81 
17 84 
26 26 
5 27 27 
88 146 146 203 203 203 203 
26 26 26 59 77 84 210 249 
8 25 131 131 167 247 
26 36 
122 122 122 160 220 
156 156 
36 99 99 191 203 217 233 
60 60 
70 243 243 
16 16 89 93 
111 111 

3 5 5 5 8 8 25 25 25 35 42 42 65 93 153 153 153 160 160 160 176 203 203 238 238 251 251 251 

204 246 
17 17 17 26 26 26 49 66 70 100 127 
4 131 131 228 
203 218 
220 253 
28 69 
16 78 
3 3 63 206 242 242 242 242 
121 

57 78 81 95 95 111 111 176 201 
42 112 112 
93 93 
122 122 122 127 144 200 200 200 216 240 
124 130 
5 5 5 26 26 26 209 213 237 
75 75 147 251 
84 198 255 
41 145 
5 42 42 42 181 203 203 203 
153 231 
22 58 111 111 111 129 129 129 
1 153 155 
46 46 46 145 145 195 195 195 195 
119 
28 
54 54 124 198 198 
153 
79 79 93 93 104 104 104 154 
94 94 
145 177 204 204 246 
5 20 20 209 209 235 235 
15 

5 26 26 26 
188 
0 0 0 0 107 

91 179 238 238 238 
13 26 26 33 33 73 73 73 96 96 96 
5 50 160 160 
97 109 
42 
203 247 
84 96 187 229 229 

104 104 104 
97 
71 71 85 85 151 151 151 151 228 228 

5 5 141 234 234 234 
33 211 
175 
5 173 196 
18 34 34 153 250 250 250 250 250 
14 14 14 
14 14 14 251 
21 21 158 158 158 168 
133 248 
56 56 
5 149 203 
96 
101 106 106 113 
14 14 24 31 69 69 157 
99 
45 
143 
33 33 44 44 181 
131 131 131 131 228 
18 31 47 58 170 
1 2 21 25 25 27 81 81 81 103 105 110 137 228 
57 57 57 111 176 176 
105 
51 74 74 199 203 203 
146 
140 140 140 164 
178 
73 81 81 81 123 123 251 

239 
48 48 
158 232 

20 
71 
8 8 140 
33 
152 
36 
219 
136 
206 206 
135 196 
81 93 154 154 
113 204 
159 
121 
14 22 
102 150 
9 9 30 30 64 64 196 
15 15 15 
228 
197 
18 57 57 
127 
118 

236 236 
75 205 205 
23 


106 106 106 106 204 245 245 
26 30 136 175 182 239 239 
33 185 
100 109 109 
156 
96 96 96 
93 

5 5 5 36 36 40 58 58 69 69 69 69 75 81 81 86 102 102 102 126 143 156 156 214 220 234 251 251 251 252 254 
83 113 113 177 195 245 245 
12 29 29 191 191 
60 61 61 90 174 174 

4 4 
98 114 114 
70 
134 
6 222 
98 
58 58 58 203 
247 
96 
75 233 
7 86 
172 
7 73 87 203 251 
27 
26 33 38 38 38 42 42 42 44 212 
18 


33 33 
5 
8 25 85 131 131 151 153 184 238 
127 127 240 
238 238 
15 15 26 26 103 
1 1 164 
75 217 
133 133 133 203 
42 114 114 
190 190 
98 253 
3 3 5 5 5 55 81 81 121 121 121 228 230 230 
30 30 162 196 196 
5 96 229 

90 90 90 90 
5 77 77 

22 195 195 204 204 
54 83 113 
8 71 126 215 
5 141 
70 
27 27 27 61 137 137 137 137 137 
48 58 81 81 81 99 139 160 203 203 203 220 
58 203 
6 6 87 237 
203 
100 
