nodes: 256 edges: 506
22 60 119 119 236 
21 105 153 164 232 232 
153 153 153 
81 81 90 90 90 90 93 238 238 
14 18 18 208 
26 26 33 38 56 56 56 81 81 81 98 98 102 114 117 117 123 123 133 133 136 143 203 203 221 234 235 238 238 243 243 243 244 244 
42 253 253 253 
74 86 218 218 
71 71 81 81 228 247 247 247 
41 182 
14 
28 96 96 96 
56 205 205 205 
33 122 122 122 
4 10 18 18 18 47 51 58 138 152 152 152 180 208 
26 26 115 115 183 
78 93 95 
66 84 84 
4 4 14 14 14 60 60 63 63 90 120 137 152 152 186 223 223 
62 62 
98 114 114 166 166 
1 52 
0 43 180 180 245 245 
192 192 

71 153 153 
5 5 15 15 33 33 33 36 44 67 70 70 70 72 84 84 84 98 98 98 108 117 117 122 141 141 196 213 222 231 237 246 
153 
11 69 88 88 108 
205 205 
196 196 196 239 
146 146 152 

5 13 26 26 26 44 44 44 122 122 122 134 134 150 169 169 210 222 222 222 226 
137 
53 81 
26 72 75 75 75 171 171 171 203 203 
122 122 169 169 
5 222 222 
146 146 146 
203 
9 86 101 101 101 
6 81 81 102 102 102 102 114 176 222 222 222 235 235 243 
22 195 195 
26 33 33 33 59 122 222 
57 148 
106 106 
14 152 
152 163 163 251 
84 
123 123 
14 112 
21 
35 
109 109 246 

5 5 5 12 142 142 142 150 
45 186 
14 203 214 251 251 252 
44 70 70 70 
0 18 18 206 236 
206 206 250 
19 19 
18 18 90 137 137 
182 182 182 
81 81 81 93 
17 84 
26 

28 165 203 
26 26 26 59 59 59 77 77 122 210 222 222 
8 8 25 119 131 131 247 
26 36 
122 122 122 122 220 
7 156 203 
36 36 36 203 203 
170 
70 70 122 243 243 
16 89 
111 
137 137 
3 3 5 5 5 8 8 35 42 42 65 65 65 93 153 153 153 160 160 173 176 203 238 238 251 
108 
192 204 246 
17 17 26 26 26 49 66 183 183 189 249 249 249 249 
228 
7 41 203 
220 253 253 
28 28 203 
78 
3 3 3 3 18 63 201 242 242 
121 
203 203 
3 16 65 81 111 176 224 224 241 
112 112 
16 
11 11 11 127 144 200 200 216 229 240 240 
226 
5 5 20 26 26 26 213 237 

109 194 255 255 
41 41 41 113 113 
5 42 42 42 42 181 203 203 234 

111 111 129 129 
1 153 
46 46 145 195 195 
119 119 
26 28 82 
54 54 100 127 

79 93 104 104 154 154 
51 94 94 
101 101 145 177 
5 20 20 42 209 209 227 235 235 235 
15 15 
203 203 
5 5 26 26 
188 
0 0 71 107 107 152 223 
18 170 
91 179 179 238 238 
13 13 13 26 33 33 33 37 37 44 70 73 73 73 73 77 210 
5 5 50 50 160 161 



96 109 187 229 
228 
104 104 

71 71 151 151 228 228 
222 
5 5 141 141 234 
33 33 211 
175 
5 173 
18 34 63 63 80 80 250 
14 
251 
158 168 
26 26 133 133 248 
56 56 56 159 159 
5 203 
96 197 
106 113 
31 31 39 39 39 

45 153 153 153 
203 
33 56 
131 131 228 
14 14 14 18 18 31 47 48 119 163 163 170 
1 2 2 2 25 25 27 81 81 81 105 148 148 148 179 179 228 228 228 
111 111 176 241 241 

74 199 199 203 203 

140 
142 142 
81 81 123 251 
123 
239 239 
48 48 152 152 
1 232 
69 
20 20 
173 184 184 184 
140 
33 33 37 37 
76 120 152 
36 36 36 188 
197 219 
81 136 167 200 
206 206 
135 196 196 
42 81 93 154 235 
113 204 

121 121 153 153 
14 22 22 
102 
9 64 64 64 196 244 244 
15 84 84 
167 167 167 

18 57 
127 229 
118 171 
84 
236 
205 
23 23 83 
237 253 
100 
43 43 106 106 245 
26 30 30 30 175 175 182 
144 172 

156 156 
96 96 173 
90 

5 5 36 36 40 58 69 74 75 75 81 86 88 92 92 102 102 116 116 143 149 156 156 220 252 
83 177 245 245 
12 12 12 29 29 191 222 
60 61 61 174 174 

4 14 
114 114 
33 70 122 
134 
222 
26 98 
58 

96 
233 
7 7 
172 
73 87 203 251 
5 
26 33 33 33 38 38 42 42 42 44 70 70 132 205 212 
18 18 119 
93 93 

33 97 
114 
8 85 128 131 131 151 153 153 153 238 
96 127 187 240 240 
238 238 238 238 
26 
1 1 164 
217 
5 102 133 
5 42 42 114 114 114 176 
0 60 190 
26 98 193 253 
3 3 5 5 81 81 121 121 228 230 230 230 230 
30 162 162 
96 96 229 229 
93 154 154 
90 90 
5 5 5 42 77 77 
5 5 182 182 248 
22 22 195 204 204 
26 54 83 
8 8 8 71 
141 244 
84 84 84 84 
61 137 
48 58 58 81 139 160 220 
58 203 
6 6 6 87 87 193 237 

100 100 
