nodes: 256 edges: 486
60 119 236 236 
21 21 21 153 158 164 232 
153 153 
81 90 90 238 238 
14 14 208 208 
26 26 33 56 56 56 68 81 81 81 98 98 98 102 108 108 114 117 117 123 136 143 203 203 203 227 227 227 235 238 238 244 244 248 
212 212 253 
86 203 218 220 
71 71 81 168 168 228 228 

14 14 
96 
56 205 205 205 
122 122 
4 4 10 10 51 58 138 139 146 152 180 
26 115 115 183 231 
78 78 93 
49 
51 60 61 61 90 137 152 152 186 186 206 206 223 223 
62 
98 98 98 114 114 166 166 
1 1 1 140 153 228 
43 180 245 

225 
45 81 153 153 
5 5 15 33 33 36 44 62 70 70 72 82 82 84 84 84 98 108 108 117 117 122 122 196 196 213 231 231 237 
68 153 221 250 
69 
51 
175 196 196 
146 146 146 152 157 

5 26 26 37 44 122 122 122 134 134 169 226 
137 
53 65 81 
26 72 75 75 171 203 
33 122 
222 
134 146 
203 
101 
81 81 94 102 102 125 176 222 222 235 235 243 
22 
26 33 122 150 188 222 
25 52 57 57 153 
106 
152 
58 163 251 
17 194 
123 
14 18 29 112 112 
45 
35 81 81 81 
109 109 
238 
5 5 5 12 142 142 142 150 150 227 227 
45 45 154 154 154 154 186 241 241 241 
14 48 152 152 203 252 
70 70 
0 18 152 236 236 
18 18 206 206 250 250 250 
19 26 
90 90 137 137 
182 
35 81 93 93 
84 

5 27 
28 88 165 203 203 203 
26 26 59 59 122 122 210 222 222 
8 8 119 131 131 167 228 
26 36 
122 122 122 
203 218 
36 36 99 99 126 147 203 

122 
16 16 89 93 93 

137 
3 5 5 5 8 25 35 42 42 53 53 53 65 153 153 160 173 176 176 203 203 203 238 251 251 251 
26 26 
177 192 204 204 
26 26 26 66 183 249 
228 228 
7 203 218 

69 
78 
3 3 18 63 63 140 201 201 201 206 206 
238 238 

16 65 65 78 78 111 176 224 241 
42 

11 114 122 144 144 229 
124 130 
5 5 5 20 20 20 26 209 209 213 213 237 
75 75 251 
109 255 255 
41 113 
5 42 42 181 203 203 203 
231 231 254 
111 111 129 129 129 
153 153 153 155 155 
46 

5 5 26 26 
54 54 100 124 194 194 
153 153 
93 104 104 154 
51 51 
101 204 204 
5 20 20 96 209 209 227 235 235 235 235 
15 15 
203 
5 5 26 26 
188 
0 71 152 152 152 223 223 
170 
133 133 
13 13 26 26 33 33 33 37 44 70 70 73 73 73 77 96 243 
5 50 160 161 196 
97 109 
42 
75 
161 187 189 

104 104 104 
97 
71 71 151 228 
212 
121 121 141 227 227 234 234 
33 33 39 197 
175 175 
5 173 196 196 196 
18 34 63 63 80 153 250 250 
14 
14 
21 90 158 158 168 
133 
56 56 56 159 
5 149 165 203 
96 96 

14 31 31 31 39 223 223 223 
75 222 
153 
143 203 203 
44 56 56 181 
131 
14 18 18 31 47 58 58 60 119 119 119 163 163 225 
1 2 2 21 25 25 27 45 81 81 105 105 105 110 110 137 148 179 179 228 228 
57 57 57 57 111 176 176 
105 105 206 
199 236 
31 
1 140 140 164 164 232 
142 
81 123 
123 127 
238 
48 152 152 
1 158 158 232 232 
69 143 
20 20 209 209 
71 184 184 
8 8 140 
33 
120 
36 
197 
81 136 

30 135 135 196 
42 81 81 93 154 154 
83 204 

153 153 
14 22 
102 150 
64 244 244 
15 84 
167 167 
197 197 197 197 
18 18 57 
127 
44 118 
127 
236 236 
205 
83 
237 237 
49 109 109 
204 245 245 245 
26 26 30 30 123 136 136 136 175 
134 172 185 185 185 185 

156 
229 
90 90 90 

5 5 5 7 36 40 58 69 69 69 74 75 81 81 81 86 102 102 102 116 143 149 149 234 251 
83 83 113 113 177 195 245 245 246 
12 12 12 191 222 
18 18 61 61 90 90 155 

4 4 
98 98 114 114 166 166 
70 

6 6 132 
26 98 98 




7 74 86 

7 251 
27 
38 42 42 44 70 70 147 205 
18 18 119 119 146 146 146 
93 238 238 
24 152 
33 
5 5 5 56 56 114 133 133 
8 8 21 71 85 85 131 153 153 238 
96 200 
238 238 238 
15 26 26 103 103 
1 158 164 164 

133 133 203 
5 42 42 114 114 114 114 
0 0 60 60 156 190 190 
26 98 193 193 253 
3 3 5 5 55 81 91 91 162 224 224 228 230 230 230 


57 57 57 93 

42 122 
5 5 182 182 248 248 
22 195 195 195 204 204 
204 

5 244 244 
84 
27 61 61 61 137 137 
48 81 81 81 99 203 220 
58 
6 237 
103 
100 100 
