nodes: 256 edges: 485
22 119 
153 164 164 164 232 
153 
81 90 90 93 238 238 238 
8 14 18 32 138 208 208 
26 26 33 50 56 56 56 68 68 81 81 98 98 102 102 108 108 114 123 123 133 133 136 159 203 203 227 234 235 238 238 243 244 244 
42 212 
86 86 97 203 203 220 
4 71 71 71 81 228 228 228 247 
41 41 182 182 
14 14 
33 
56 
122 122 
4 10 10 32 47 58 58 93 138 138 146 146 180 
26 115 183 
78 
84 84 
4 60 90 90 105 120 120 152 
62 
98 114 114 166 
153 228 228 228 
0 43 104 221 245 
192 
146 
153 228 
5 5 15 33 33 33 36 62 62 70 72 82 84 84 98 98 108 108 122 141 196 231 231 246 
68 221 250 250 250 
88 88 108 108 108 
205 
175 196 
152 157 
4 14 
5 11 26 26 26 37 37 37 44 44 122 122 134 134 134 150 169 169 222 226 

65 65 65 147 
26 75 171 179 203 
33 33 33 122 169 
42 222 222 
146 146 

9 9 84 86 101 101 
6 38 81 81 81 94 102 102 102 102 114 125 222 222 222 222 222 235 243 243 243 
22 195 
33 33 122 122 150 188 188 222 222 
52 52 85 148 148 153 153 
106 106 117 
14 152 
152 163 251 
84 
5 
112 112 112 
45 45 228 
81 
109 127 

5 5 5 12 142 142 227 227 
93 93 186 186 186 224 
14 14 203 203 214 252 252 
70 
18 206 206 
206 
19 26 26 125 
90 
182 
35 35 35 81 
84 

5 5 27 
146 146 165 203 203 
26 59 77 122 122 222 
8 8 8 131 131 167 228 247 
26 213 
122 122 122 122 160 220 
203 
36 99 203 205 217 

70 122 243 243 243 
16 89 89 
111 111 111 
137 
3 5 5 8 42 42 42 53 65 93 153 153 160 160 160 173 173 173 176 203 238 238 238 
26 
204 
17 17 26 26 41 49 66 183 189 189 249 249 249 
45 131 131 
7 7 41 203 203 218 
98 220 
28 28 203 203 
78 78 
3 3 18 18 63 137 201 201 206 206 242 242 
121 238 238 238 
203 
3 14 57 57 81 111 176 201 224 241 
42 112 243 

144 144 144 200 229 229 
7 130 226 
5 5 20 26 26 87 209 209 213 237 237 
75 147 251 
109 109 109 255 
41 41 113 145 145 145 
5 5 42 42 42 42 181 203 
231 231 231 
22 111 129 152 
18 153 153 155 
46 46 195 195 244 
119 152 152 152 
5 5 26 26 28 28 28 
54 100 100 100 194 198 198 198 
153 
79 79 79 93 104 154 
51 51 51 94 
101 145 204 246 
5 20 20 42 227 235 235 
15 
203 
46 
188 232 
0 107 
18 18 170 170 
91 133 179 179 179 238 
13 13 26 33 33 37 44 44 70 70 73 73 73 73 77 243 
5 5 160 196 

42 62 
203 247 247 
54 187 187 
228 
104 
97 
71 71 85 85 151 151 228 
212 
5 5 121 141 141 227 234 234 
33 33 33 

5 196 196 
80 90 153 202 250 250 250 
4 14 14 

158 158 158 168 168 
26 133 133 
56 56 
165 
96 96 96 
101 101 101 113 
14 14 24 39 39 69 69 
35 99 222 
45 45 
203 
33 44 
131 131 153 153 
18 31 47 48 104 107 107 107 157 163 170 170 170 
1 2 21 25 45 45 81 81 105 105 110 137 151 151 228 228 
111 
105 206 
203 203 
31 152 
140 140 140 232 
5 
73 81 81 81 123 

238 
48 152 
1 1 1 
69 143 
20 
71 
140 140 
33 33 37 
120 120 152 152 152 
36 188 
197 
81 81 81 200 
202 
30 
81 93 
204 

36 121 121 121 
14 
102 
9 9 64 244 
15 84 


57 57 57 
127 127 
44 44 118 171 
84 84 

205 
23 
237 237 
109 
43 106 106 204 245 
26 30 123 136 136 239 
172 
109 109 109 

96 173 229 
90 90 93 
137 174 
5 5 7 7 36 58 58 69 69 74 75 81 86 86 88 88 92 102 116 126 149 156 156 220 234 251 251 251 252 252 252 
83 113 177 195 246 
29 75 191 
60 60 61 90 90 155 

4 4 
98 98 


6 132 
72 98 
58 


75 
86 

7 73 87 203 251 
22 27 
33 38 38 42 42 42 42 42 44 44 70 147 

57 93 

33 97 
5 56 56 114 133 
8 8 8 21 21 21 25 52 71 128 131 153 153 238 
96 96 200 240 

26 26 103 103 103 
1 118 158 

5 133 133 203 
5 42 114 114 

98 98 193 193 
3 3 3 5 5 81 81 81 91 91 91 121 162 228 
196 
229 
93 
90 90 
5 42 42 42 77 77 77 94 122 
5 5 106 182 
22 195 
26 113 204 
8 71 126 126 

84 84 84 
27 27 27 137 137 137 
48 99 203 203 203 220 
58 58 203 203 203 


100 
