nodes: 256 edges: 794
60 60 119 119 236 
21 105 153 158 164 164 232 
153 153 
90 90 90 93 238 238 
8 14 18 32 32 32 85 138 138 208 208 
26 26 33 38 38 50 50 68 81 81 98 102 103 103 108 114 123 123 133 136 136 136 142 142 159 159 203 203 203 221 221 227 227 234 234 235 235 235 238 238 240 243 243 244 244 244 248 
42 253 
74 74 86 218 218 220 
4 71 81 168 228 247 247 
41 41 182 182 

33 96 96 96 239 
56 56 56 56 205 222 222 222 
33 122 122 122 122 187 
4 18 18 18 32 32 32 47 47 51 51 58 58 58 138 139 152 152 180 180 208 208 208 
115 115 115 115 115 183 183 183 183 
78 89 89 93 95 95 
49 66 66 84 
4 14 14 14 51 51 51 60 61 61 61 63 63 90 90 105 120 120 120 120 137 152 186 223 223 223 223 
62 
114 114 114 
1 45 45 45 52 140 143 228 228 
180 180 180 180 180 245 
192 
146 225 225 
45 71 81 81 153 153 
5 5 33 33 36 44 62 70 70 72 82 82 84 84 98 98 108 108 117 122 141 196 196 213 213 222 
68 68 68 68 250 250 
69 88 88 108 108 108 
205 228 
175 182 182 196 196 
146 146 146 146 152 152 152 152 157 157 
4 4 4 14 14 14 
5 11 13 26 26 37 37 37 44 44 44 122 122 134 150 169 169 210 222 222 222 226 226 

65 65 65 65 65 81 81 81 
26 75 75 75 75 171 171 171 203 
33 33 33 122 122 169 
5 5 42 222 
134 134 146 146 
203 203 
9 9 101 101 101 
6 38 81 81 94 102 102 125 176 222 222 222 222 222 235 235 235 235 243 243 
195 
26 33 33 33 59 59 122 122 122 122 150 150 188 222 222 
21 21 21 25 52 52 52 52 52 85 148 148 148 153 
106 106 106 
14 14 152 152 152 
58 58 152 152 152 163 251 
17 84 84 
5 5 98 123 123 
14 14 18 18 18 112 112 112 112 112 
21 45 45 45 45 45 228 
81 
109 109 246 246 246 
238 238 
12 12 12 12 142 142 150 150 150 227 227 
93 93 154 154 154 186 186 186 186 224 
14 14 14 48 48 104 104 152 152 203 203 214 214 251 251 252 
44 44 70 70 70 70 
0 0 18 76 152 152 206 236 236 236 
18 18 18 170 206 206 250 250 250 
19 26 125 
18 18 137 137 
182 182 182 182 
35 35 35 35 35 81 
17 17 84 84 84 

5 27 27 27 27 
28 88 88 88 88 146 146 146 165 165 203 203 203 203 
26 26 59 59 59 59 77 77 77 84 84 122 122 122 210 210 210 222 222 222 
8 25 247 
26 
122 122 122 220 
7 7 156 203 203 
36 36 36 36 99 99 147 205 205 205 217 217 233 
60 170 
70 70 70 122 243 243 243 
16 89 89 93 93 93 
111 111 
137 
5 5 8 25 25 35 35 35 42 42 53 65 153 160 160 160 173 173 173 176 176 176 203 203 238 238 238 238 251 251 251 
26 26 108 
192 246 
17 26 26 49 49 66 66 66 70 70 127 183 249 249 249 249 
4 45 131 131 131 228 
7 218 
231 253 
28 28 69 69 69 69 203 
16 16 78 78 
3 3 3 18 18 137 201 201 201 206 242 
121 121 121 238 238 
203 203 
3 16 57 57 78 78 78 95 95 95 111 176 176 176 201 241 
42 112 243 
16 16 93 93 93 
11 11 11 122 122 122 144 240 240 240 
130 130 130 130 130 
5 26 26 50 209 209 213 237 
75 75 
109 109 109 194 198 198 255 255 
41 41 41 113 145 145 
5 42 42 181 203 203 234 234 
5 5 231 231 
58 58 111 111 111 129 152 152 
1 18 153 155 155 155 
46 46 46 145 195 195 195 195 
119 152 152 
5 26 26 28 28 28 82 191 
54 54 100 100 100 194 194 198 198 

79 79 93 104 104 104 154 173 
51 51 51 51 51 94 
101 145 177 177 204 246 246 246 246 
5 20 20 20 209 209 209 227 235 235 235 
15 15 15 15 15 
203 
26 
188 188 232 
0 0 107 152 152 223 223 223 223 
18 18 18 18 
91 91 91 133 179 179 179 179 179 238 
13 13 13 13 26 33 33 37 37 44 44 44 44 70 70 70 73 73 73 77 96 96 96 210 210 243 
5 5 50 50 160 196 196 

42 62 
203 247 247 
84 161 187 189 189 189 229 229 
228 232 
104 
97 97 97 97 97 
85 85 85 151 151 151 228 228 
212 222 
5 121 227 227 234 234 234 234 
33 39 39 197 211 

5 5 5 196 196 196 196 196 
18 63 63 80 90 250 250 
4 4 14 
14 251 
21 158 158 158 168 168 168 
26 248 248 248 248 
5 5 56 56 
21 149 149 165 
96 197 
101 101 106 113 
24 31 31 31 31 39 39 69 69 69 157 223 223 
75 
45 45 45 153 
143 143 203 
33 44 44 56 56 56 181 181 181 181 
131 131 131 153 
14 14 18 31 31 31 31 47 47 47 48 48 48 58 58 60 60 104 104 107 107 119 119 157 157 163 170 
1 2 2 25 25 45 81 105 148 151 228 228 228 
57 57 57 111 176 176 238 241 
105 105 105 
74 203 203 203 236 
31 31 146 152 152 
1 140 140 140 164 164 
5 5 
81 81 81 123 251 251 
127 
238 238 239 239 
48 152 
1 1 158 158 
69 69 143 203 
209 209 
173 
8 140 140 140 
33 33 37 
61 76 152 
36 36 36 
197 197 197 219 
81 81 81 111 167 200 
206 206 
30 196 196 
42 81 81 81 93 93 93 154 154 
113 113 204 

121 121 121 121 121 
14 14 22 22 22 22 22 
102 150 150 150 150 
9 9 30 30 64 64 64 64 244 
15 15 15 15 84 

197 197 197 
18 57 57 57 57 
13 127 
44 118 118 
127 127 127 
236 
108 205 205 
23 83 
237 237 253 253 
100 109 109 
43 106 106 106 106 204 204 204 245 245 245 
26 26 30 30 123 123 136 136 136 136 136 175 175 239 
134 144 172 172 172 185 185 185 
100 100 109 109 

173 229 229 
90 90 90 93 

5 5 5 36 40 40 58 58 69 69 69 69 74 74 81 81 88 92 92 102 102 116 126 149 156 156 156 165 214 218 220 234 251 251 251 252 252 
113 177 195 195 195 245 246 246 246 
12 29 75 75 75 191 191 
60 61 61 90 174 174 

4 4 14 14 14 
98 98 114 114 114 166 166 
33 70 70 70 122 122 
134 
132 222 
26 26 98 
58 58 203 


75 75 233 
7 7 86 203 
172 
7 73 203 251 251 
5 5 
12 12 12 26 33 33 33 38 42 42 42 42 42 44 44 70 70 70 132 212 
18 18 18 18 119 119 119 119 146 146 
57 238 
24 24 
33 33 
5 5 56 56 114 133 133 
8 21 21 29 52 85 128 131 131 153 153 153 
127 127 200 200 240 
238 238 238 238 238 
87 103 103 
1 118 128 
75 217 
5 5 102 102 133 133 133 133 203 
5 5 5 42 42 42 42 114 114 114 
0 60 60 60 156 190 
98 193 193 253 253 
3 3 5 5 55 55 81 81 81 81 91 91 121 154 162 162 224 230 230 230 230 230 
11 162 162 196 
5 96 96 96 229 
93 154 
90 
5 5 42 42 77 77 77 94 122 
5 5 5 182 248 248 
22 195 195 195 204 
54 54 54 83 113 113 113 113 204 204 204 
8 8 71 126 126 
5 141 141 141 141 244 244 
84 84 84 84 
27 27 61 61 61 137 137 
48 58 58 81 81 81 139 160 160 203 203 203 220 220 
58 203 203 
6 87 193 193 237 237 

100 100 
