nodes: 256 edges: 793
60 60 119 119 236 
105 105 153 158 158 164 164 164 
153 153 153 
90 90 90 90 90 93 
8 14 14 14 18 18 32 138 138 208 208 208 
26 26 33 38 38 56 56 68 68 68 81 81 98 98 98 102 102 108 117 117 117 123 123 133 136 142 143 159 203 203 203 234 234 235 238 238 240 243 243 243 244 248 
212 212 253 253 
74 74 86 86 86 203 218 218 220 220 220 
4 71 228 228 
41 41 41 
14 14 14 
33 33 96 96 96 96 
56 56 56 205 205 222 222 222 
33 33 33 122 122 
4 4 4 10 10 10 18 18 32 32 47 47 47 51 58 58 139 139 146 146 146 152 152 180 180 180 
115 115 183 183 183 231 231 
78 89 89 93 95 
66 84 84 84 84 
4 4 14 14 51 60 60 60 61 61 61 63 63 90 90 120 120 120 120 152 152 186 186 206 223 223 
62 62 
98 98 98 114 166 166 166 
45 45 52 140 140 153 
104 180 180 180 
192 192 
225 225 225 225 
81 153 153 
5 5 33 33 33 36 44 44 67 67 70 70 72 84 84 84 98 98 98 117 117 122 122 196 213 213 222 237 
68 68 153 250 250 
69 88 88 108 108 108 
51 205 
175 182 
146 146 146 152 152 152 157 157 
4 14 14 
5 11 11 13 13 13 26 26 26 37 37 44 44 44 122 122 134 134 150 207 210 222 222 222 
137 
53 53 65 65 65 81 81 
26 72 75 75 75 75 171 171 171 179 203 203 
33 33 169 169 
5 5 42 42 222 222 222 
134 134 134 146 146 

9 9 9 101 101 101 
38 38 81 81 81 102 102 102 125 125 176 222 222 222 222 222 235 235 235 235 235 243 243 
195 
26 26 33 33 33 59 122 122 122 122 122 150 222 222 222 
21 21 52 52 52 52 57 148 148 148 153 
106 106 106 106 106 
14 14 14 152 152 152 
58 58 152 152 152 163 163 163 163 

98 
14 18 29 112 112 112 112 112 
21 45 45 45 45 
35 35 
109 246 246 246 
238 238 238 
5 5 12 12 12 142 142 142 142 150 150 150 150 227 
45 154 154 186 186 241 241 241 
14 14 48 48 104 104 104 152 152 203 203 203 214 214 251 252 252 252 
44 70 70 70 70 
0 0 18 18 18 76 76 152 152 152 206 206 236 236 
18 18 18 206 206 206 250 
19 19 
18 18 90 90 
182 182 
35 35 35 81 81 93 
17 84 84 
26 26 
5 5 5 27 27 
28 88 88 126 146 146 146 165 165 165 203 203 203 203 
26 26 59 59 59 59 77 77 77 77 84 84 84 84 84 122 122 210 210 222 222 222 249 249 
8 131 131 131 167 228 
26 36 
122 122 122 122 160 220 
7 7 156 156 203 218 
36 36 36 36 126 203 203 203 217 217 233 233 
60 60 
70 70 70 70 122 243 243 243 
16 89 89 89 93 
111 111 

5 5 25 35 35 42 42 42 65 65 93 93 93 160 176 176 203 203 203 238 238 238 238 238 251 251 

177 192 204 204 204 246 
17 17 17 17 26 26 26 66 66 70 70 70 70 70 127 127 127 249 249 
131 131 131 228 228 
7 7 7 218 
253 253 
28 28 69 69 203 203 203 
16 16 78 78 78 
3 3 3 3 3 18 18 63 63 137 201 206 242 242 
121 121 238 
203 203 
3 16 65 78 81 81 81 95 95 95 176 176 224 241 
112 243 248 
16 93 93 93 
11 11 11 11 114 122 122 127 127 144 144 144 144 200 216 229 229 240 240 
124 130 130 130 226 
5 5 5 20 20 20 26 26 26 50 209 209 213 237 
147 251 251 
109 194 194 255 255 
41 41 41 113 113 145 
5 5 42 42 42 181 181 181 181 203 203 203 
231 231 231 254 
22 58 58 58 111 111 111 111 111 129 
1 1 153 155 155 155 
46 46 46 46 46 145 145 195 
152 152 152 
5 28 28 28 
54 100 124 194 198 198 198 
153 
79 79 104 104 104 104 104 154 154 154 154 173 
51 51 51 51 51 94 
101 101 145 177 177 204 204 246 246 246 
20 96 209 209 235 235 235 235 
15 15 
203 
5 5 5 26 26 
188 
0 0 152 152 223 223 223 223 
18 18 18 18 170 170 170 
91 91 179 179 
13 13 26 26 33 33 44 44 44 44 44 70 70 73 73 73 73 77 96 96 210 243 
5 5 160 160 160 160 161 196 196 196 
97 109 
42 42 
69 75 247 247 247 247 
84 84 84 96 96 189 229 
228 228 228 
104 
97 97 97 
71 71 71 85 85 85 151 151 151 151 228 228 

5 141 227 234 234 234 
33 33 39 39 39 
175 175 175 
5 173 196 
34 90 202 250 250 250 
4 4 
14 14 
21 21 168 168 168 
133 248 248 
5 56 56 56 56 159 159 
5 149 165 165 203 
96 96 96 96 
101 106 106 113 
14 14 14 31 31 31 39 39 69 69 69 223 223 
99 
45 45 45 153 
143 203 
33 44 56 56 56 56 181 181 181 
131 131 131 131 
14 14 18 18 31 31 31 47 47 47 48 48 48 58 58 60 60 60 107 107 107 119 119 157 163 170 170 
1 2 2 2 21 25 25 27 45 105 110 148 179 179 
57 57 111 111 111 111 241 
105 105 105 
74 74 199 199 203 203 236 
31 31 152 
1 1 164 164 164 
5 142 142 
73 81 123 123 123 123 251 251 
123 
238 239 239 239 239 
48 48 48 48 152 
1 1 1 158 158 158 232 
69 69 69 143 143 203 203 
20 20 20 209 
71 173 173 184 184 184 184 184 
140 140 140 
37 37 
120 120 120 152 152 
36 36 36 
197 197 197 219 
111 136 167 167 

30 135 135 135 196 196 
42 81 81 93 93 
83 113 113 204 204 

36 121 121 153 153 
14 14 14 22 22 22 
102 102 102 102 150 150 150 
30 64 64 196 244 244 244 
15 15 15 
167 167 167 167 167 228 
197 
18 18 57 57 

118 
127 

205 
23 23 83 
237 253 253 
100 100 109 
43 106 204 245 
26 123 123 123 136 175 175 182 239 239 
172 172 172 185 
109 109 109 
156 156 
96 229 229 
90 
137 
5 5 5 7 36 36 58 58 58 69 69 69 69 74 75 75 75 81 81 81 88 88 88 92 92 102 102 102 116 143 149 156 156 165 165 214 218 220 234 251 251 251 
83 83 83 113 113 177 177 195 245 246 246 246 
12 12 29 191 222 
18 60 60 61 61 61 90 
33 
4 4 4 
98 98 114 114 166 
33 70 70 122 

6 6 222 
26 26 98 
58 58 203 
247 
96 
75 75 233 233 
7 7 74 86 203 
172 
7 7 7 73 203 251 251 251 

12 12 12 26 33 33 33 38 38 38 42 42 42 42 42 44 44 44 70 70 70 205 212 
18 18 119 119 119 119 146 146 
93 
24 24 24 24 
97 
56 133 
8 8 71 85 85 128 128 128 131 131 184 
96 96 127 200 200 240 240 
238 238 
15 15 103 103 103 
164 
75 75 217 217 
5 5 133 133 133 203 
5 42 42 42 42 42 114 114 114 114 
0 60 60 156 
26 98 193 
5 5 55 55 55 81 81 81 81 81 91 162 230 230 
162 162 162 162 196 196 
5 96 96 229 229 
57 57 57 93 154 
90 90 
5 5 5 42 42 77 77 77 94 122 
5 182 182 182 248 248 248 
195 204 
54 54 54 83 113 113 113 204 204 204 
126 126 126 126 215 
5 94 141 141 244 244 244 
70 70 84 84 
27 27 61 137 137 137 
58 81 81 99 99 160 160 203 203 203 220 220 220 
58 58 58 
6 6 87 87 193 193 
103 
100 100 
