nodes: 256 edges: 483
119 
21 21 232 
153 153 
81 93 238 238 
14 18 18 32 32 208 208 
33 38 50 56 68 68 98 102 108 108 117 117 123 142 159 178 203 203 221 235 235 238 238 244 244 248 248 
42 212 253 253 
86 86 97 97 218 220 
168 168 168 228 247 
41 41 84 182 
14 
28 
56 205 205 
33 33 122 122 
4 10 32 47 47 51 58 138 146 146 180 
115 183 183 231 231 231 
89 95 95 
84 
4 4 60 60 90 120 137 152 152 152 206 223 
62 
114 114 166 166 
1 1 52 140 228 228 228 
43 180 180 

146 152 225 225 
45 81 81 228 
33 62 67 70 72 84 84 98 98 117 117 141 213 213 222 231 231 237 237 
68 
11 88 108 
205 228 
175 175 182 196 239 239 
152 152 157 
4 4 14 
5 13 13 26 37 37 37 122 134 134 150 169 169 197 222 
137 
65 65 81 147 
75 
33 33 33 169 169 
5 42 42 222 
146 

9 9 101 101 101 
6 38 38 102 102 176 222 222 235 235 
22 
59 59 122 122 122 188 222 
25 52 52 52 148 148 153 
106 106 
14 14 152 152 152 
58 152 163 163 
84 
5 
14 112 112 156 
21 45 45 45 
75 81 
109 127 246 
238 
5 12 142 150 
154 186 186 186 241 241 
14 48 104 152 152 
44 44 70 70 70 
18 18 76 152 236 236 
206 
19 26 
90 
182 182 182 
35 35 93 
84 
26 213 
5 5 27 
88 88 165 165 203 203 
26 59 59 59 77 77 84 210 210 
131 167 
26 213 
122 122 122 
203 218 
36 53 99 147 203 203 217 
60 
70 70 122 122 243 
89 89 93 93 
111 111 
137 137 
3 25 25 35 53 93 160 160 176 176 203 203 203 238 238 238 251 

192 204 246 
9 17 26 26 49 66 70 100 127 189 249 249 
131 131 228 
7 7 218 
98 253 253 
28 69 69 203 
16 78 78 
18 63 242 242 242 
121 238 238 

3 65 78 78 81 95 95 95 95 111 241 
112 
16 16 93 93 93 93 
122 127 127 127 144 200 229 240 240 
7 7 130 130 130 
5 26 26 87 213 213 237 
75 251 251 251 
84 109 109 194 194 255 
41 41 41 113 145 
5 42 42 181 181 203 203 203 
231 231 
58 129 129 152 152 152 
155 155 
46 46 145 244 
119 152 152 
5 5 28 
54 100 100 127 194 194 198 198 
153 
79 79 93 154 
51 51 94 
101 246 246 
20 20 235 
15 
203 
5 5 26 26 
188 232 
0 107 152 223 
18 170 
91 179 238 238 
13 13 33 44 44 44 73 73 73 77 77 96 210 
5 196 196 


203 
54 84 96 96 96 109 187 189 189 229 
228 
104 104 
97 97 97 
71 85 85 151 151 151 228 
222 222 
141 227 227 234 234 234 234 
33 33 211 
175 
196 
18 34 80 80 
14 

21 158 158 168 
26 133 248 
5 56 
149 165 165 165 
96 197 
101 106 
14 14 24 39 223 
35 75 
45 45 153 
143 
33 56 181 181 181 
131 131 131 153 
18 18 18 24 31 31 47 47 47 48 58 58 60 104 104 104 107 107 119 225 225 
2 2 45 110 148 151 228 
57 111 176 176 238 241 241 
105 105 
51 199 
31 
140 140 164 164 
5 178 
81 81 

239 
48 48 
158 158 232 
69 69 143 143 143 203 203 
20 20 209 
71 173 173 184 
8 8 8 140 
33 33 37 37 219 
120 

197 
167 167 
202 206 
30 30 135 196 196 
42 81 81 154 154 

5 159 
121 
14 22 22 
102 102 150 150 150 
9 30 64 64 64 244 244 244 
15 15 
167 228 
197 197 197 
57 57 57 
127 
44 118 
84 127 127 

205 
83 
237 237 
100 100 109 109 
204 204 245 245 
30 123 123 136 175 175 
33 144 172 185 185 185 
109 109 
156 
96 

174 
5 5 69 69 74 75 75 81 81 81 88 102 102 102 116 126 165 165 218 220 251 252 254 
83 195 195 245 245 
12 12 29 191 
18 61 174 

4 4 
166 
70 70 122 
134 
6 
26 26 67 72 98 98 

247 

75 233 
7 74 86 203 
169 
7 203 
5 
26 33 38 42 42 44 132 132 
18 119 146 
238 238 
24 24 152 152 

133 133 
8 21 21 21 25 29 85 128 131 153 184 
96 127 240 
238 238 
15 15 15 26 26 103 103 
1 118 164 
217 
133 133 133 133 
5 5 42 42 114 
60 60 
26 26 98 193 193 253 
3 3 5 5 55 81 81 81 91 91 121 121 154 224 224 230 230 
30 30 162 
96 96 229 
57 57 93 154 154 
90 90 90 
77 
5 5 106 182 182 182 248 248 248 
195 195 204 204 
54 83 113 113 
8 215 
5 5 141 244 244 244 
84 84 

81 99 99 99 203 
203 
6 6 87 87 237 
203 
100 
