nodes: 256 edges: 792
60 119 236 236 
21 21 105 153 164 164 164 232 
153 153 
90 90 238 
14 18 18 32 32 32 85 
26 26 33 38 50 50 56 81 81 98 102 103 108 108 108 117 123 123 133 136 136 136 142 143 159 203 203 203 221 221 227 227 234 235 235 238 238 243 244 244 244 
212 212 212 253 253 253 
97 97 203 218 220 220 
71 71 71 81 228 247 
41 182 
14 14 14 
28 33 33 96 
56 56 56 222 222 
122 
4 10 10 10 18 18 32 32 32 47 47 47 51 51 51 58 58 58 58 93 138 138 139 139 146 146 152 152 180 208 
26 26 115 115 115 183 183 183 231 
78 95 95 
84 84 84 
4 4 14 14 51 51 51 60 60 61 63 90 105 120 120 120 120 137 152 186 186 206 206 223 223 223 
62 62 
98 98 114 114 114 166 166 166 166 
1 1 45 140 140 153 228 228 
43 180 180 180 180 221 245 
192 192 192 
146 225 225 225 225 225 
153 153 228 
5 5 15 15 33 62 62 67 70 70 70 72 82 82 84 84 98 98 98 108 117 122 122 141 141 196 213 222 231 237 
68 68 68 68 250 250 250 
11 69 108 108 108 
205 205 228 
175 175 175 182 196 196 
146 146 146 152 152 152 157 157 
4 4 4 14 14 14 236 
5 11 11 26 37 37 37 37 122 122 134 150 150 169 169 197 207 222 222 226 
137 
53 65 65 65 81 81 
72 171 171 179 203 
33 33 33 33 122 169 
5 42 42 42 222 222 
134 134 134 146 146 146 146 
203 
9 101 
38 38 38 81 81 102 102 102 102 114 125 125 176 222 222 222 222 235 235 243 243 243 
22 195 195 
122 122 150 188 188 
21 52 57 57 57 148 153 
106 106 106 
14 14 14 152 152 
58 58 152 152 152 163 163 163 251 

5 5 123 123 
14 14 14 18 18 18 112 156 
45 
35 
109 109 109 109 246 
238 
5 12 12 12 142 142 150 150 
45 45 45 154 154 154 186 186 186 186 241 241 241 
14 14 14 14 48 48 104 152 203 203 214 251 251 252 252 
70 70 70 70 
0 18 18 76 76 152 152 206 236 236 
18 170 206 
19 19 26 26 
18 90 
182 182 182 
35 35 35 93 93 
84 84 
26 213 
27 27 27 27 
28 88 88 88 88 146 146 146 165 203 203 203 
26 26 26 59 59 59 59 77 77 77 84 84 84 84 122 210 210 222 222 222 222 249 249 
8 8 8 131 131 228 228 247 247 
26 36 213 
122 122 122 122 160 
156 156 156 203 218 
99 99 99 99 99 126 203 217 233 233 
60 60 170 
70 70 70 122 122 243 243 243 
16 93 
111 
137 137 
5 5 8 35 35 42 42 93 153 153 160 160 160 160 173 176 176 176 203 203 203 238 238 238 251 251 
26 26 108 
101 177 192 204 204 204 
17 17 17 26 26 66 66 70 70 70 70 127 127 183 183 249 249 249 
4 131 131 131 228 
203 203 218 
98 231 253 
69 69 69 69 203 203 

3 3 18 63 201 201 206 242 242 242 242 242 
238 238 
203 203 
14 65 65 78 81 95 111 176 176 201 201 224 224 241 
112 112 112 243 
16 16 93 
11 114 127 127 144 144 144 144 200 200 216 229 229 229 240 
7 7 124 130 130 226 226 226 
5 20 20 26 26 26 87 209 209 213 213 237 
75 75 75 75 75 251 
109 194 194 198 255 255 
41 83 113 113 145 145 145 
5 42 42 42 42 181 203 203 234 
5 153 231 231 231 231 
58 111 111 111 129 129 152 152 
1 18 153 153 153 155 155 
46 46 46 145 145 145 195 195 195 195 
152 152 
5 5 5 26 28 28 28 82 
54 54 54 54 100 127 194 194 198 

79 93 104 104 104 154 
51 94 94 94 
101 101 145 177 204 246 246 246 
20 20 20 42 96 209 209 209 209 227 235 235 
15 15 15 
203 203 
5 26 
188 232 
0 152 152 223 223 223 223 
18 18 18 18 170 170 
133 133 133 133 179 
13 26 26 33 33 37 44 44 70 73 73 73 73 77 77 210 210 243 
5 5 50 50 160 160 160 161 161 196 196 196 
97 
42 42 
75 247 247 
84 84 96 96 109 187 189 189 189 229 
228 232 
104 104 190 
97 97 
71 71 85 85 85 151 151 151 151 228 
212 222 222 222 
5 121 121 121 121 141 141 227 227 227 234 234 
33 39 39 39 197 

5 5 5 196 196 196 
18 34 80 80 202 202 250 250 
14 14 
14 14 251 
21 21 158 158 158 168 168 168 168 
26 26 133 133 248 248 
5 56 56 159 159 
5 165 203 
96 96 96 96 
101 101 101 106 106 106 113 
14 14 24 31 31 31 39 39 39 39 69 69 69 157 223 223 

45 153 
203 
33 33 44 56 56 181 181 181 
131 131 131 131 
14 14 18 31 31 31 47 47 48 48 48 58 60 60 104 104 107 107 119 119 157 163 163 163 170 170 170 225 
1 2 2 21 25 25 45 81 81 103 105 105 105 148 
57 57 57 111 176 241 
105 105 206 
51 74 74 74 199 199 203 236 
31 31 146 152 
140 140 140 164 232 
5 142 142 
73 81 81 81 81 123 123 123 251 
123 123 
238 238 239 239 239 
48 48 48 152 152 152 
1 1 1 158 232 232 
69 143 203 203 203 
20 20 20 20 209 
184 184 184 
140 140 140 140 
33 33 37 
61 76 120 120 152 152 152 
36 36 188 
197 197 197 219 
81 200 
206 206 206 
30 30 30 
42 81 81 81 93 93 154 235 
83 113 204 204 204 204 

36 121 
14 22 22 22 22 
102 150 150 150 
9 30 64 64 64 196 244 
15 15 15 84 84 
167 167 167 228 228 228 
197 197 197 197 
18 18 57 57 57 57 
127 229 
44 44 118 171 
127 127 127 
129 236 236 

23 23 23 83 
253 253 
100 100 109 109 
43 43 106 106 106 106 204 245 
26 30 30 123 123 123 136 136 136 182 
33 134 172 172 172 185 185 185 185 
100 109 
156 156 
96 96 173 229 229 
90 90 93 93 
137 137 
5 5 5 7 36 40 58 58 69 69 69 74 75 81 81 81 86 86 88 88 92 92 102 102 116 116 143 149 156 165 165 165 214 218 220 234 251 251 252 252 254 
83 83 83 113 177 177 177 177 195 245 246 246 246 
29 29 
18 18 60 61 90 155 174 174 174 
33 
14 
98 98 114 114 114 114 166 
70 70 122 122 

6 6 6 132 222 
26 67 72 98 98 
58 203 

96 
75 233 
7 74 86 203 
172 
7 7 203 251 251 251 
5 5 22 
12 12 26 33 33 38 38 42 42 42 42 70 70 70 70 132 132 132 212 
18 18 18 119 119 119 119 146 146 
93 93 238 
24 24 24 24 24 152 
33 97 97 97 
5 5 114 133 133 133 
8 21 21 25 29 71 71 85 128 131 184 184 184 
96 96 96 127 187 200 200 240 240 
238 
15 26 87 103 103 103 103 
1 118 128 158 164 164 
75 75 217 
5 102 133 133 203 
5 5 42 42 114 114 176 
0 0 32 60 60 156 190 190 
26 98 253 253 
3 5 5 55 81 81 81 91 91 162 162 224 230 
162 162 162 
96 229 229 
57 57 57 93 154 
90 90 90 90 90 
5 42 42 42 77 77 77 94 122 
5 5 5 182 248 248 248 248 
22 195 204 
54 113 113 113 204 204 204 
8 71 71 126 126 
141 141 244 244 244 244 
70 70 84 84 84 
27 27 27 137 137 
48 58 58 81 81 99 139 160 203 203 220 220 220 
58 58 203 203 
6 6 6 87 193 193 237 237 
203 
100 100 
