nodes: 256 edges: 478
60 119 119 119 119 
21 153 153 158 232 232 

90 90 93 
8 18 18 18 32 32 138 
26 26 33 38 50 56 56 68 81 81 81 98 98 102 102 117 117 123 133 136 203 203 203 227 235 235 238 243 244 244 
212 212 212 
203 203 220 
4 81 81 247 
84 
14 
28 33 
205 205 
122 187 
10 18 32 32 58 139 139 152 152 
115 115 231 231 
78 89 89 93 93 
66 66 
4 4 4 14 51 60 63 90 105 120 137 137 223 
62 62 
98 98 114 114 114 166 
1 45 45 140 228 
43 180 180 221 245 245 245 

146 152 225 
81 153 153 
5 5 33 33 36 44 62 70 84 84 98 98 108 117 117 117 122 122 196 196 213 213 231 237 246 
68 68 250 250 
11 88 108 
51 205 
175 196 239 
146 157 
4 4 14 14 
5 11 26 26 37 37 122 122 134 150 197 222 226 226 
137 
53 65 81 147 
26 75 75 171 171 179 203 203 
33 33 
5 222 
134 134 146 

101 101 
81 102 102 102 114 125 222 235 243 243 
22 195 195 
26 59 122 222 
21 21 52 52 57 148 153 
106 

152 152 163 163 

5 
18 29 112 156 
45 45 
35 81 
127 246 
238 
5 5 142 142 142 150 150 
45 93 154 186 186 186 
14 104 152 203 214 214 251 252 
44 
0 18 76 152 
170 
19 19 26 
18 90 137 
182 182 182 
35 81 81 93 
17 17 84 84 
213 
5 27 27 
146 165 203 203 203 203 203 
26 77 77 77 122 210 210 222 249 
119 247 247 

122 220 

36 36 99 203 203 205 233 233 
60 
70 70 70 122 
16 
111 111 
137 
5 5 5 8 8 25 35 42 53 65 65 93 153 153 160 160 173 176 176 203 238 238 238 251 251 251 

101 204 246 
9 26 26 66 66 100 183 183 189 
131 131 228 228 
218 
231 253 253 
28 
16 16 
3 3 18 63 137 201 201 201 206 242 
121 238 

3 16 16 57 65 81 95 111 111 111 176 201 241 
112 
93 
127 127 144 144 200 200 216 229 240 240 
124 130 130 226 
5 5 20 20 26 26 209 209 213 237 
75 251 
84 109 194 255 255 
41 41 83 113 113 
5 5 42 42 42 203 
231 
58 111 111 152 152 
18 153 155 
46 145 195 244 
119 119 119 
26 28 
100 194 194 198 

79 79 93 93 93 104 104 154 154 173 
51 94 
101 101 145 177 246 246 246 
20 20 20 42 209 209 209 227 235 235 235 235 
15 15 
203 
5 5 26 26 26 
188 
0 0 0 0 71 107 107 107 
18 170 
91 133 133 179 
13 26 26 33 33 44 70 73 77 243 
5 161 196 
97 
42 
203 247 
54 96 96 
228 228 

97 97 
85 85 151 151 151 228 228 

5 121 121 141 141 227 227 234 
33 39 39 197 

5 196 196 
18 18 34 63 80 90 153 202 
4 
14 14 
21 158 168 168 
133 133 248 
56 56 56 159 
165 
96 96 
106 113 
24 31 39 69 157 223 
35 
45 153 
203 
33 56 56 181 181 
131 131 131 153 228 
14 14 24 48 48 58 60 104 104 225 
1 1 25 25 45 81 81 105 137 148 151 228 228 
57 111 111 176 
105 206 
51 199 203 
31 146 
1 140 164 232 
142 
81 81 251 
123 
239 239 
48 48 
158 232 
69 143 
20 209 
173 184 184 
140 140 
219 
61 120 
36 36 188 
197 
81 111 167 
206 
30 
81 81 93 154 
113 204 

36 121 
22 22 
150 150 
64 64 64 196 244 244 
84 84 
167 167 228 228 
197 197 197 
57 57 57 
13 
118 171 
84 
236 


237 253 
100 109 109 
43 43 106 245 245 
26 26 30 123 136 136 182 239 239 
33 134 172 185 185 185 
109 
156 
96 96 229 
90 90 90 93 
137 
5 5 5 7 7 36 36 58 69 69 69 69 69 75 75 81 102 116 126 149 156 251 251 251 252 
83 177 246 246 
12 12 29 75 222 
90 155 174 


98 98 114 114 114 166 
70 70 

6 6 6 
26 26 67 98 
58 58 

96 
233 
86 
169 
7 73 251 251 
22 
33 38 42 44 70 205 
18 146 

24 152 
33 33 97 
5 114 133 133 
21 85 85 128 128 131 131 151 153 153 184 184 238 
96 200 240 240 
238 238 238 
15 15 26 87 103 
1 1 158 164 
75 75 217 
133 
5 5 42 114 114 114 114 
190 
26 98 193 253 
5 55 81 81 81 91 228 230 230 230 
30 162 162 196 196 
96 96 229 229 
93 
90 
5 42 42 122 
5 5 106 182 182 
22 22 22 195 195 
26 54 83 113 113 113 204 204 
8 71 71 126 
141 
70 
27 27 
58 81 81 81 99 160 203 203 203 220 220 
58 203 
87 87 193 237 

100 100 
