nodes: 256 edges: 812
60 60 60 119 119 119 236 236 
21 105 164 

81 81 90 90 
8 14 14 18 18 18 32 85 138 138 138 208 
26 26 33 38 38 38 50 50 50 56 56 81 81 98 98 102 102 103 108 114 117 117 123 123 123 133 142 142 142 159 159 159 203 203 221 227 235 238 238 240 243 244 244 244 
253 
74 74 86 203 220 220 220 
4 71 71 81 81 168 168 228 228 247 
41 182 182 
14 
28 33 96 96 96 
56 56 56 56 56 205 205 205 205 222 222 222 
33 33 122 122 122 122 122 
4 4 10 18 18 32 32 32 47 47 51 51 51 58 58 58 93 138 138 139 146 146 146 152 152 152 180 180 208 208 208 
26 26 115 115 115 115 231 
78 78 89 93 93 95 95 
49 66 84 84 84 
4 4 4 14 14 51 60 60 60 61 61 63 63 90 90 90 120 120 120 120 137 137 152 152 186 186 186 206 223 223 223 
62 
98 166 166 166 
1 45 52 140 143 228 
104 180 180 180 180 221 245 
192 
152 225 225 
71 81 81 228 
5 5 15 15 33 33 33 36 44 44 67 67 70 70 72 82 82 84 84 84 98 98 98 108 108 122 122 213 213 222 237 
68 68 68 
11 88 
205 205 
175 182 196 196 239 239 
146 146 152 152 157 
4 14 14 14 236 
5 11 13 13 26 26 26 37 44 44 44 122 122 122 134 134 134 150 150 150 169 207 222 222 222 226 226 
137 
53 65 65 81 
26 75 75 75 171 171 171 179 203 203 
33 122 122 169 169 
5 5 5 42 222 222 222 222 
134 134 146 146 
203 
9 101 101 101 
38 81 81 81 102 102 102 102 114 125 176 222 222 222 222 222 235 235 235 235 235 243 243 
195 
26 26 33 33 33 59 122 122 150 150 150 188 222 222 
21 52 52 52 52 57 57 57 85 148 148 153 153 153 
106 106 106 
14 14 152 152 
58 152 152 163 163 163 
17 84 
5 5 5 123 123 
14 14 14 18 112 112 112 112 112 
21 45 45 45 45 228 
35 
109 109 109 109 127 127 246 246 
238 238 238 238 
5 5 12 12 12 12 12 142 142 142 150 150 150 227 
45 45 45 93 93 154 186 186 224 241 241 241 241 
14 14 14 48 104 104 104 152 203 203 203 214 214 214 251 252 252 252 
44 70 
0 0 0 18 18 18 76 76 152 206 236 236 
18 18 170 206 250 250 250 
19 125 
18 18 90 90 90 137 
182 182 182 182 
35 35 93 
17 84 
26 26 213 
27 27 27 
88 88 126 146 146 165 165 165 165 165 203 203 
26 26 59 77 77 84 84 84 84 122 122 122 210 210 222 222 222 222 
8 8 25 119 131 247 247 247 
26 213 
122 122 160 220 
7 7 203 203 
36 36 36 99 99 99 126 147 205 205 233 233 
60 60 170 
70 70 122 122 122 243 243 243 243 
16 16 89 89 93 

137 137 
3 3 5 5 8 8 25 25 35 42 42 42 93 153 153 160 176 203 203 203 238 238 238 251 251 251 
26 26 108 
192 
17 17 17 26 26 26 49 66 70 70 70 70 183 183 183 249 249 249 249 
4 45 131 131 131 
7 203 218 
98 253 
28 69 69 203 
16 78 78 
3 3 18 18 18 63 63 63 137 201 201 201 206 242 
121 121 121 238 

14 16 16 57 57 65 78 81 95 95 95 111 176 176 201 224 241 241 
112 
16 16 93 93 93 
11 11 11 114 122 122 122 144 216 240 
130 130 130 226 
5 5 20 26 26 26 87 209 213 213 
75 75 75 147 251 
109 109 109 194 194 194 255 
41 41 41 113 145 145 
5 5 42 42 42 42 181 203 203 203 234 234 
5 231 231 231 231 254 
22 58 58 58 111 111 111 129 152 152 
1 153 153 155 155 155 
46 46 46 145 195 195 195 195 
119 119 152 
5 26 26 82 
54 54 54 54 100 100 100 127 127 127 194 194 198 198 198 
153 
93 104 104 104 154 154 154 
51 51 51 51 51 94 
101 145 177 204 246 246 
5 42 96 209 209 235 235 235 235 
15 15 15 15 
203 
5 5 
188 232 
0 0 0 71 107 107 152 152 152 223 223 
18 18 18 18 
91 91 91 133 133 133 179 179 
13 13 13 13 13 26 26 33 33 33 37 37 44 44 70 70 70 73 73 77 77 77 96 96 96 210 243 
5 5 5 50 50 160 160 160 160 160 161 

42 62 
69 75 203 203 203 247 247 
54 54 109 109 109 187 187 229 
228 228 232 
104 
97 97 97 
71 85 85 85 151 151 228 228 
212 222 222 222 
5 121 121 121 227 227 234 234 234 
33 33 33 39 39 
175 175 
196 196 196 196 
18 18 34 63 80 80 90 153 202 202 202 250 250 250 
4 4 4 14 14 
14 251 
21 158 158 158 158 168 168 168 
248 248 248 
5 5 5 56 56 56 159 159 
21 149 165 165 203 
96 197 
101 101 106 113 
14 14 14 31 31 39 39 69 69 223 223 223 
75 99 
45 45 153 153 
143 203 
33 33 33 44 44 44 56 56 56 181 
131 131 153 153 153 228 
14 14 14 18 18 24 31 31 47 47 48 48 58 60 104 104 107 119 119 119 157 157 163 163 170 225 225 225 
45 45 45 81 81 105 105 110 137 148 148 151 151 151 228 
57 111 111 111 176 238 241 
105 105 105 206 206 
203 203 203 236 
31 152 152 
140 140 140 140 164 164 164 232 
5 5 5 142 142 
73 81 123 123 123 123 123 251 
123 
238 
48 48 48 152 152 
1 158 158 158 232 
69 69 69 69 69 143 143 203 203 
20 20 20 
173 173 184 184 184 
8 8 140 140 140 
33 37 37 
61 76 152 
36 36 36 
197 197 197 
167 167 
206 206 
30 135 135 196 196 196 
42 81 93 93 154 235 
113 204 204 204 

36 121 121 
14 14 22 22 22 22 
102 150 
9 9 30 64 64 64 64 196 244 
84 84 84 
167 167 167 
197 197 197 197 
18 18 18 57 57 
127 127 229 
44 118 

236 236 
205 205 
23 83 206 
237 237 253 
100 100 100 109 109 
43 106 106 106 106 204 204 245 
30 30 136 136 136 136 175 175 175 182 239 
144 172 172 172 185 185 185 185 
109 109 109 

229 
90 90 90 93 
137 137 137 
5 5 7 36 36 40 58 58 58 69 69 74 74 81 81 81 86 88 102 102 102 116 126 126 126 143 149 156 156 156 165 165 214 220 220 251 252 
113 177 177 177 195 195 245 246 246 246 
12 12 12 12 29 29 75 75 191 191 222 
18 60 61 90 155 155 174 174 192 
33 
4 14 14 14 
98 114 114 
70 70 122 

132 
26 26 67 72 98 98 
58 58 58 203 

96 
233 233 233 
86 

7 7 7 73 203 203 251 
5 22 
12 12 12 26 33 33 33 38 38 38 38 42 42 42 42 42 44 44 70 70 70 70 132 132 132 205 
18 18 18 119 119 146 146 146 
57 93 238 238 238 238 238 
24 24 152 152 152 
33 33 97 
5 56 133 133 
8 8 21 25 52 128 128 131 131 151 153 
127 187 200 
238 238 
15 103 103 103 103 
118 128 158 164 
75 75 217 217 217 
102 102 133 133 133 
5 42 42 42 42 42 114 114 114 114 176 
0 0 32 60 60 156 190 190 
26 193 193 253 253 
5 5 55 55 55 55 81 81 81 91 154 162 224 224 224 224 224 230 230 
30 30 196 
5 96 
57 57 57 57 93 93 154 
90 
5 42 42 77 77 77 77 122 
5 5 5 182 248 248 248 248 
22 195 204 
54 54 113 113 204 204 204 
8 71 71 71 126 126 
141 141 141 244 244 244 244 
84 84 84 84 
61 61 61 137 137 137 
58 81 81 81 99 139 160 203 220 
58 58 58 203 
6 87 193 237 237 
103 
100 
