nodes: 256 edges: 481
60 119 
232 232 

81 90 238 238 
14 14 18 32 32 32 138 138 
26 26 33 38 38 50 50 56 56 56 81 81 98 98 98 102 103 103 108 114 123 133 136 136 142 159 203 203 227 235 235 238 238 243 243 243 244 244 248 
42 212 212 253 
74 74 97 220 220 
168 228 247 
41 
14 
96 96 
56 205 222 222 222 
33 33 122 122 
4 4 10 18 32 58 139 146 152 152 152 180 180 180 
26 26 115 231 
78 78 89 89 93 93 
49 84 84 84 84 
4 14 60 61 105 120 120 137 137 206 223 223 

98 114 114 
45 140 143 228 
180 180 180 221 245 245 245 

225 
81 81 153 
5 5 15 15 33 33 33 36 62 70 72 82 82 84 84 84 98 98 108 108 117 122 122 141 196 213 231 231 237 246 
221 
88 108 108 108 
205 
175 239 
146 152 157 
4 4 4 14 
5 13 13 26 26 26 37 37 44 44 122 122 122 134 134 150 169 169 222 222 226 226 
137 137 137 
81 147 
26 75 
33 33 122 122 
5 5 42 222 
134 134 146 146 

9 84 86 101 101 
6 38 81 81 81 102 102 102 125 222 222 222 222 235 235 243 
195 
33 33 150 222 222 
21 57 57 153 
106 117 
152 
163 163 
17 
5 5 123 
112 112 


127 
238 
5 5 5 12 142 150 150 
45 45 93 154 186 186 
14 152 214 252 252 252 
70 70 
0 18 206 206 
18 170 206 250 
26 
90 90 137 
182 182 

84 


126 146 203 
26 59 59 77 77 122 210 210 210 222 
131 131 167 
26 
122 122 160 220 
7 7 156 156 203 
36 99 99 99 191 203 205 217 
170 
70 70 122 243 
16 16 89 93 
111 
137 
3 5 5 25 25 35 42 42 42 93 93 153 153 160 160 173 176 176 203 203 238 238 238 251 251 
26 26 108 
177 
17 17 17 17 26 26 26 41 66 249 
131 228 
41 203 
253 
28 
16 16 78 
3 63 63 242 242 
121 
203 
16 16 57 78 81 81 176 176 201 224 
243 

11 11 127 144 144 200 229 240 
7 130 
5 5 5 20 26 26 209 209 237 
75 75 75 251 
109 109 198 255 
41 41 
5 42 42 42 203 
5 5 231 231 
111 111 
18 153 153 155 155 
46 195 195 195 195 
119 152 
5 26 26 28 28 28 82 
100 100 124 194 

79 104 104 154 
51 51 
177 177 246 246 
5 20 20 235 
15 
203 
26 46 
188 188 
0 107 223 223 223 
18 18 
91 133 133 133 238 
13 13 26 26 33 33 33 37 37 70 73 73 77 
5 50 160 160 160 161 196 196 
109 
42 
69 203 247 247 247 
54 96 187 189 229 229 

190 
97 
71 71 85 151 228 
222 222 
5 121 121 121 141 227 227 234 234 
33 33 39 39 
175 175 
5 5 196 196 
18 18 34 34 34 63 80 153 250 
4 4 
14 
21 158 158 168 
26 133 248 248 248 248 
5 56 159 
21 165 203 
96 96 197 

14 31 39 39 69 157 223 223 
35 222 

203 
33 44 56 56 181 
131 153 228 
14 14 14 31 47 58 107 157 163 170 
25 45 81 81 105 105 137 151 228 
57 111 238 241 
105 105 206 
74 74 203 
31 146 152 
140 140 
5 142 
73 81 81 123 123 123 251 251 
123 
238 
48 48 152 
232 
143 203 
209 
71 184 
8 140 
33 33 219 
61 76 152 

197 219 
81 
206 206 
30 135 135 196 196 
81 81 93 93 
83 113 113 204 


14 14 14 22 22 22 
150 
64 64 244 244 244 

167 228 
197 197 
57 57 
127 229 
118 118 
127 
129 
75 205 


109 
43 106 106 106 106 204 245 245 245 245 
26 123 123 136 136 175 175 239 239 
144 172 185 185 
100 

96 229 229 
93 

5 5 69 74 75 81 81 86 92 102 116 126 143 149 156 165 220 251 251 252 254 
177 195 245 
12 29 75 191 222 
18 60 60 61 155 174 174 


98 98 166 
70 70 70 

6 6 222 222 
26 
58 


75 233 233 

169 172 
7 7 73 203 251 
22 27 
12 12 12 33 33 38 42 42 42 42 44 44 70 132 132 147 205 212 212 
18 18 119 119 119 146 146 
93 
24 
33 33 
5 133 133 
8 21 85 131 151 153 184 238 
96 127 127 187 200 200 
238 238 238 
15 26 26 103 103 
1 1 164 
217 217 
133 133 
5 5 42 42 114 

26 98 
3 3 5 5 55 81 81 81 121 154 162 228 230 230 230 
30 196 196 
96 
154 
90 90 
5 5 5 42 77 94 
5 5 182 182 182 248 
22 22 22 195 195 195 195 204 
26 113 113 
8 126 126 126 
5 141 141 141 141 244 
84 
61 137 
81 81 99 160 160 203 203 220 
58 58 58 203 
6 87 
203 
100 
