nodes: 256 edges: 486
119 119 119 
153 164 232 232 
153 
81 90 90 
18 32 85 138 208 208 
26 26 33 50 56 56 68 68 81 81 98 98 102 102 102 108 108 123 133 136 142 143 203 203 221 227 227 234 235 238 238 240 243 243 244 244 248 
42 253 
97 203 203 218 220 220 
81 228 

14 
239 
56 205 
122 122 122 
10 32 32 51 58 58 93 138 138 139 152 180 208 
115 
78 89 89 89 93 93 
49 84 84 
4 51 51 61 61 120 120 120 137 152 186 223 
62 
98 114 166 
52 140 153 228 
245 245 
192 
152 225 225 
45 81 
5 5 33 33 33 36 44 62 70 70 72 82 84 84 84 98 98 98 108 108 117 122 122 141 196 196 213 231 246 
68 68 153 153 153 250 250 
88 108 108 108 
51 
175 196 196 239 239 
146 146 157 
4 14 14 
5 26 26 26 44 44 122 134 134 197 222 222 222 
137 137 
65 
26 72 75 171 203 
169 
42 42 222 222 
134 146 
203 
86 101 101 
6 38 38 81 81 94 102 102 114 176 222 222 222 222 235 235 243 
195 195 195 
26 33 33 59 59 122 188 222 
25 57 57 148 148 153 153 
106 117 
152 
58 163 163 
17 84 
5 98 123 
14 18 18 29 112 156 
21 
81 
109 109 109 
238 
5 5 12 142 142 150 150 227 227 
45 45 93 154 186 186 186 241 
14 14 48 104 203 214 251 
44 44 70 
152 206 236 236 
18 18 170 206 250 
19 26 125 
90 90 
182 182 
35 93 93 


5 5 27 27 
88 203 203 203 
26 26 59 77 77 77 77 84 122 210 
119 167 228 228 247 
26 36 
122 122 122 160 
156 156 203 218 
36 99 99 126 203 203 205 233 

70 70 70 70 122 243 243 243 
16 89 89 93 
111 111 

3 5 5 8 25 42 42 53 93 153 153 173 173 176 203 238 238 251 251 
26 108 
204 246 
17 17 26 26 26 49 70 249 249 
4 131 131 228 
41 203 218 218 
98 220 
28 69 
16 16 16 78 78 
3 3 63 63 242 242 
121 238 
203 
14 16 16 57 65 65 78 81 95 111 176 176 241 
42 112 112 
93 
122 127 
7 130 130 
5 5 20 26 26 26 50 87 213 
75 75 251 
109 255 
41 41 145 
5 5 5 42 42 181 181 181 203 203 
231 
58 129 152 152 
153 153 155 
46 145 145 244 
119 152 
5 5 26 26 28 28 28 82 
54 54 54 100 127 194 198 

79 79 93 154 154 173 
51 94 94 
145 177 204 204 246 
20 42 209 209 209 235 235 235 
15 
203 
26 46 

0 0 0 71 107 223 223 
18 18 18 170 
91 133 133 133 179 
13 13 13 26 26 33 44 70 73 73 73 77 96 210 243 
5 50 160 161 

62 
75 203 
96 109 161 189 
228 232 
104 
97 97 
85 85 151 228 
222 
5 121 121 121 141 227 227 234 234 
33 33 39 
175 175 
5 196 196 
18 34 34 153 202 250 
4 14 14 
14 
21 168 
26 133 248 
5 56 56 
5 149 203 203 203 

101 106 106 113 
31 31 39 

45 45 153 
143 
56 56 181 181 
131 153 228 
14 18 24 47 60 104 104 107 163 170 225 
1 2 21 27 27 27 45 45 81 81 105 105 137 148 151 228 228 228 
57 111 111 238 241 
105 206 206 
51 74 74 203 203 
31 
164 

73 123 251 
123 127 
239 
48 48 152 
1 158 232 
203 203 
20 
71 184 
140 
37 219 
61 120 152 
36 
197 
81 81 111 
202 
30 135 135 196 196 
42 81 93 93 235 
113 

121 
14 
102 102 102 150 150 
64 64 244 244 

167 228 
197 197 
18 57 57 57 

44 
127 
236 
205 205 
23 206 
253 253 
109 
43 43 43 204 204 245 245 245 
26 26 30 30 136 136 175 175 
33 172 185 185 
109 

229 229 

137 174 
5 5 7 7 36 40 58 69 69 69 74 75 75 81 86 92 102 102 116 126 143 143 143 156 156 165 165 218 
83 113 113 195 195 245 246 
12 75 191 191 
60 61 155 155 192 

4 4 14 
114 114 114 
70 122 

222 
26 98 
58 


233 233 
7 74 86 86 203 
169 
7 7 87 251 251 
5 
33 33 33 38 38 42 42 42 42 44 132 212 
18 119 119 
238 238 
24 24 152 

5 5 56 56 133 133 
8 21 71 71 85 128 131 151 153 153 153 184 
200 200 240 

26 103 
1 1 128 164 
75 217 217 
5 133 133 
5 42 42 114 114 114 176 
60 60 190 

5 5 55 81 81 91 154 224 224 
11 30 30 162 
5 229 
57 93 154 
90 90 
5 5 42 77 77 77 122 
5 5 106 182 182 248 
22 22 195 195 195 204 
26 83 113 204 
71 
5 141 244 
84 84 
27 27 61 137 
58 81 81 99 160 220 220 

6 193 193 

100 
