nodes: 256 edges: 489
119 
21 21 105 158 164 164 164 232 232 
153 153 

14 14 32 32 138 208 
26 38 38 50 56 56 68 81 81 98 108 117 117 123 123 133 133 136 136 143 159 178 203 203 234 234 238 238 240 243 244 244 248 
212 
74 86 86 97 218 220 220 
81 168 228 247 
41 41 182 

96 96 
56 205 222 222 
33 122 122 
4 4 32 32 51 51 58 139 146 152 180 
26 115 115 183 
89 89 95 
49 66 84 84 
90 120 120 152 152 
62 62 62 
114 114 
1 1 228 228 
180 180 180 221 
192 
225 225 225 
45 81 
5 15 33 36 44 44 67 67 70 70 84 84 98 108 117 122 122 141 141 196 222 
68 68 153 153 153 
108 

175 175 196 239 
146 146 146 152 157 
4 4 14 14 236 
13 26 37 44 44 122 150 150 197 197 226 226 
137 
53 65 65 65 81 81 
26 75 171 171 179 
33 122 169 169 
5 5 42 
134 
203 203 
9 9 84 101 
38 81 102 102 125 125 222 235 235 243 243 
195 
26 26 33 33 59 59 122 122 222 
25 52 52 148 153 153 
106 106 106 
152 
58 58 152 163 163 163 163 
17 84 84 
5 98 123 123 
14 14 112 112 112 
45 45 
35 81 81 
109 109 246 246 
238 
5 5 12 142 142 150 227 227 227 
93 154 186 186 186 241 
14 48 48 104 104 152 152 214 
44 44 70 70 
76 76 76 152 152 152 236 
206 206 
19 19 19 125 

182 
35 35 35 
17 
26 26 
5 27 27 
88 126 165 165 165 165 
26 26 59 59 77 122 222 249 
131 167 228 228 247 

122 160 
7 203 203 218 
36 99 203 205 205 
60 60 60 
70 122 122 243 243 
89 93 93 

137 
5 5 8 25 35 35 42 53 53 153 153 153 160 160 173 173 173 176 176 203 203 203 238 238 238 251 
108 
204 
17 17 26 26 41 49 49 127 127 183 249 
131 228 228 
7 7 203 
220 231 
69 
16 16 78 
18 242 
121 238 

57 78 78 95 95 176 224 
112 
16 93 93 
11 11 122 127 144 144 144 240 240 
7 124 130 130 130 226 
5 26 50 213 237 
75 
198 255 
41 145 145 
42 42 181 181 
231 231 
58 58 129 152 
1 153 
46 46 46 195 195 195 
119 
5 26 28 82 191 
54 54 124 194 198 198 
153 153 
154 154 173 
51 51 51 94 
204 204 246 
20 20 209 209 209 
15 15 
203 
5 5 26 
188 
0 107 152 152 223 
18 18 
91 133 133 133 238 
13 13 26 26 33 37 44 44 70 73 77 77 96 243 
5 5 50 50 160 160 161 161 196 196 
97 109 
42 42 62 
69 247 247 247 247 247 
84 84 96 189 
228 232 
104 
97 97 97 
71 85 151 151 
212 222 
5 5 121 121 121 141 141 141 227 234 234 
39 

5 5 173 196 196 196 
34 80 202 202 250 250 
4 
14 
158 158 158 168 168 
26 26 133 133 133 248 248 
56 56 159 159 
5 149 165 165 
96 96 96 197 
101 101 
14 31 31 31 
222 
45 153 153 
143 203 203 
33 33 56 181 
131 131 153 153 153 
14 18 18 31 47 48 58 58 60 60 60 104 119 119 170 225 225 
2 2 27 27 27 45 45 81 81 81 105 110 110 148 148 151 151 151 228 228 
57 111 111 
206 206 
199 199 
31 
1 140 140 140 164 164 232 
5 142 142 
73 81 81 123 123 251 
123 123 
239 
48 48 48 48 
1 1 1 158 158 232 232 
69 69 69 69 143 143 203 

71 173 184 184 184 184 
8 140 140 
37 37 
152 
36 36 
197 
81 81 81 111 136 167 
206 
30 30 
81 81 93 

5 
36 
14 22 22 22 
102 102 150 
9 64 196 196 244 
15 84 
167 167 167 167 228 228 

57 57 57 

118 
127 
236 
108 
23 206 
253 
109 
43 106 106 106 204 245 
26 30 123 123 136 136 136 182 182 239 239 
33 33 144 172 
100 109 109 
156 156 
229 

137 137 
5 5 40 40 74 74 75 81 81 81 86 116 149 149 165 252 
83 113 113 195 245 246 246 
12 75 75 222 
61 61 155 155 174 192 

4 
114 114 114 


6 132 222 
98 
58 
247 

233 
7 74 

7 7 87 251 
22 
12 12 26 42 44 70 132 147 205 212 
119 
93 
24 24 24 152 152 
33 33 97 
56 56 56 133 
8 21 21 71 71 85 85 128 153 153 184 184 238 
200 240 
238 
87 103 103 
1 1 128 158 164 164 
217 
5 5 133 133 
42 42 
32 60 190 
98 253 
5 5 55 81 81 81 91 121 228 230 
30 162 196 196 
5 96 96 229 
57 
90 
5 42 42 77 77 122 
5 5 182 248 248 
195 204 
54 54 113 204 204 
8 71 126 126 126 126 126 215 
5 141 141 244 244 
70 84 
137 137 
81 160 220 
203 
193 237 

100 
