nodes: 256 edges: 475
60 119 236 
21 105 153 158 164 232 232 
153 
81 93 238 238 
18 18 138 138 208 208 
26 26 33 38 50 50 56 81 81 98 98 98 102 108 108 123 133 133 143 159 159 203 203 203 221 227 227 235 235 235 238 238 243 243 243 244 248 
212 253 
86 97 218 218 220 220 220 
71 81 168 168 228 228 247 247 
41 182 

33 
56 205 222 222 222 
122 122 187 
18 18 47 93 138 139 152 152 180 180 208 
87 115 115 115 183 183 
78 95 
84 84 84 84 
4 4 14 14 51 60 63 90 105 152 152 186 186 223 
62 62 
114 166 166 166 
1 143 228 228 
180 245 

146 225 
81 153 
5 5 33 33 33 36 62 70 70 70 72 82 84 84 84 98 98 108 117 122 122 196 222 231 231 237 
68 68 221 250 250 
88 108 
205 
182 182 196 239 
146 146 152 157 157 

5 11 26 26 26 37 44 122 122 134 134 150 210 222 226 
137 
53 
26 75 75 171 179 
33 122 
5 42 42 222 222 
134 146 
203 
9 101 101 101 
38 38 81 81 94 102 102 114 222 222 235 243 243 243 

33 59 59 150 150 188 222 
52 57 85 148 153 153 
106 117 
14 
152 163 163 163 251 
84 
5 5 123 
18 112 112 
45 
35 81 81 
109 109 246 
238 238 
5 12 142 150 227 
45 154 186 186 241 
203 203 214 251 251 252 
44 44 70 70 
0 18 76 152 206 236 236 
170 250 250 
19 19 26 
18 90 
182 182 
81 
84 
213 
27 27 
88 126 165 203 203 203 
26 26 26 59 59 77 77 77 84 84 222 222 249 249 
8 119 131 247 
26 
122 
203 
36 36 99 203 205 233 233 
60 
70 70 70 243 
16 89 93 
111 
137 
3 5 5 8 25 42 42 53 53 65 93 153 153 173 176 176 203 203 238 238 251 
26 
101 177 204 204 
17 17 17 17 26 26 26 49 66 70 70 249 249 
45 228 228 
7 203 203 203 218 
15 253 
28 69 203 
78 
18 63 140 201 242 242 
121 

3 14 78 81 111 176 201 224 241 
42 243 248 
16 
122 216 229 
7 130 
5 5 5 26 26 213 237 
75 251 251 
194 
41 41 41 83 145 
5 42 42 181 181 203 234 234 

111 129 
1 18 153 153 155 155 155 
46 195 195 195 
119 
5 5 26 28 
54 54 127 194 198 198 198 

79 93 104 154 154 154 173 
51 51 
177 
20 42 209 209 209 235 235 235 
15 15 15 
203 
26 46 
188 
0 71 107 223 

91 133 179 238 238 
13 13 26 26 33 33 37 73 96 243 
5 50 161 


69 203 203 247 
109 229 
228 228 
104 
97 
71 151 228 
222 222 
5 5 121 141 227 234 234 
33 33 39 211 

196 196 196 
34 80 202 
4 4 14 
14 251 
90 
133 248 248 
56 159 159 
5 21 165 165 203 203 

101 
24 31 31 39 157 223 
222 
45 153 
203 
33 44 44 56 
131 228 
14 14 18 18 31 48 60 157 157 170 225 225 225 
1 2 25 45 45 81 81 105 105 148 
57 111 111 111 
105 105 105 206 206 

31 31 146 152 152 
1 232 
5 5 142 142 
251 
123 
238 238 
48 48 48 
1 
69 143 143 203 
20 20 20 209 
184 
8 8 
219 
61 152 
36 
197 197 
81 111 200 
206 
196 
81 81 93 
83 113 204 

36 121 
14 14 22 
102 102 
9 30 30 64 64 244 
15 15 
167 
197 
18 18 57 57 
13 
44 118 

236 236 
205 

237 253 
100 109 
106 106 106 204 
26 30 136 136 136 175 239 239 
172 172 185 
109 109 109 

173 229 
90 93 
137 
5 5 5 40 58 58 69 69 69 74 75 81 81 86 86 86 88 102 116 126 126 143 143 149 165 214 220 220 234 251 251 252 
83 83 177 195 245 245 246 246 
12 29 75 191 
60 155 155 174 

4 4 14 
114 114 114 166 
33 
134 
6 
67 98 
58 203 

96 
233 
7 7 86 
169 
7 7 7 203 203 251 
5 27 
12 12 12 26 33 38 38 42 42 44 70 70 132 132 147 
18 119 146 
93 238 238 
24 152 152 152 
33 
5 5 56 133 
8 8 21 21 85 85 128 128 131 151 
96 127 200 

26 26 
1 1 158 
75 75 217 
102 102 133 133 203 
5 5 5 42 114 114 114 
0 60 60 190 190 
26 98 193 253 
3 3 5 5 55 55 81 81 121 121 162 162 224 224 
30 196 196 

57 93 
90 90 
5 5 5 42 42 42 77 94 122 
5 182 248 
22 204 204 
54 204 204 
8 8 71 126 
5 94 141 141 244 
70 70 84 84 
27 27 61 61 
48 58 58 81 99 99 139 160 203 203 220 
58 203 
6 87 193 237 


