nodes: 256 edges: 808
22 60 60 236 236 
21 105 105 158 158 164 164 164 232 232 232 232 
153 
81 93 238 238 
14 14 18 32 32 138 208 208 
26 26 38 38 50 56 56 68 68 81 81 81 102 102 103 117 123 123 133 142 178 178 203 203 203 221 221 227 234 234 235 235 238 238 238 240 243 243 244 244 248 
42 212 212 212 
74 74 86 86 97 97 203 218 220 220 220 
71 71 81 81 168 168 168 247 247 
41 182 182 
14 
33 33 96 96 
56 205 205 205 205 205 222 
122 122 122 122 
4 4 10 18 18 32 47 47 51 51 51 58 58 58 58 138 138 139 146 152 152 180 208 208 
26 26 87 115 115 115 183 183 183 183 231 231 231 
78 89 89 89 95 
49 66 66 84 84 84 84 84 
4 14 14 51 51 60 60 60 61 63 63 90 90 90 120 120 120 120 120 137 137 152 152 152 206 206 223 223 223 

114 114 114 114 114 166 166 
1 45 45 52 52 140 143 228 228 
0 104 180 180 180 180 
192 192 
225 
45 71 81 81 81 153 
5 5 15 15 33 33 36 44 44 62 67 70 70 82 82 82 84 98 98 98 117 117 117 122 141 196 196 213 222 231 237 237 
68 68 68 68 153 153 
69 88 108 108 
205 205 
175 175 182 182 196 196 239 239 
146 146 152 
4 4 14 236 
11 11 26 26 37 37 37 44 44 122 134 134 150 169 169 207 210 222 222 226 226 226 226 
137 
53 53 65 81 
26 72 75 75 75 75 75 171 171 203 203 
33 33 33 169 169 
5 5 222 222 
134 146 146 
203 203 
9 101 101 101 
6 81 81 102 102 125 125 222 222 222 222 235 235 235 243 
195 195 
26 26 33 33 59 122 150 150 188 188 188 222 222 
21 21 25 52 57 148 148 153 
106 106 106 106 106 
14 14 152 152 
152 152 152 163 163 163 
17 84 
5 98 123 123 
14 14 14 18 18 112 112 112 
21 21 45 228 
35 35 75 81 81 
109 109 246 
238 238 238 
5 5 12 142 142 150 150 227 227 
45 154 154 154 186 186 186 224 241 241 
14 14 14 14 104 104 152 214 214 
44 70 70 70 70 
0 0 18 18 18 76 76 152 152 206 206 236 236 
18 206 250 250 250 250 
26 
18 18 90 90 90 90 
182 182 182 
35 
17 17 84 84 
26 
5 5 27 27 27 27 
28 88 165 165 203 203 203 203 
26 26 59 59 59 59 77 77 77 77 84 122 122 210 210 210 222 222 249 
8 8 25 131 131 131 167 228 228 247 
36 
122 122 122 160 
7 7 156 156 156 203 203 218 
36 36 36 36 36 53 99 99 126 203 203 203 205 205 217 217 233 
60 60 
70 70 70 70 122 122 122 243 243 
16 89 89 93 93 
111 111 
137 
3 5 5 5 8 8 25 25 25 35 42 42 53 53 153 160 160 160 173 173 176 203 203 203 238 238 238 238 251 251 251 
26 26 26 108 
177 192 204 
17 17 17 17 17 26 49 66 66 70 100 100 183 189 249 249 249 
131 131 131 228 228 
7 7 203 218 
15 231 253 253 
28 69 203 
16 16 16 78 78 
18 18 18 63 63 63 63 137 206 206 206 242 242 242 
121 121 121 238 
203 203 203 
3 78 78 95 95 95 95 111 224 241 241 241 

16 93 93 93 93 
11 11 122 127 127 144 200 200 216 229 229 240 240 
7 7 124 130 130 130 226 226 226 
26 26 26 50 209 209 213 213 
75 75 147 251 251 
84 84 109 109 194 194 255 255 255 
41 41 41 113 113 113 145 145 
5 5 42 42 181 181 181 181 203 203 234 
5 153 231 254 
22 58 58 129 
1 1 153 153 155 155 
46 46 46 46 46 145 145 195 195 195 
119 119 152 
28 28 82 
54 54 100 100 127 127 127 194 198 198 
153 153 
79 79 93 154 154 
51 51 51 
101 101 101 145 145 177 177 204 246 246 246 
20 20 20 20 20 209 209 209 209 227 235 235 
15 15 15 
203 
5 26 26 26 
188 
107 107 152 152 152 223 223 223 
18 18 18 18 18 170 170 
91 91 91 133 179 179 238 238 
13 13 13 13 26 33 44 70 70 73 73 73 77 77 77 96 210 243 
5 5 50 50 160 161 196 196 
97 
42 42 
75 203 247 247 247 
96 96 109 109 109 187 187 189 
228 228 228 
104 
97 97 97 
71 71 71 85 85 85 151 151 151 228 228 
222 222 
5 121 141 141 141 227 234 234 234 234 
33 33 39 197 211 
175 175 
173 196 196 196 
18 18 34 80 90 202 250 250 250 
4 14 14 
14 
21 158 158 168 
26 133 133 133 248 248 248 
5 56 56 159 159 
21 149 149 149 165 165 203 203 
96 
101 101 106 106 113 113 
14 31 31 39 39 223 223 
99 
45 45 153 153 
143 143 143 203 203 203 
33 44 44 56 56 181 181 181 181 
131 131 131 
14 14 18 18 18 31 47 47 48 48 48 58 60 60 107 119 119 119 157 157 163 170 170 225 
2 25 27 27 45 81 103 105 105 110 110 148 148 179 179 
57 57 57 111 111 176 176 241 
105 105 
74 74 74 203 
152 152 
1 1 140 140 164 232 
142 142 178 
73 81 81 81 123 
123 
238 238 239 239 
48 48 48 152 
1 1 1 158 232 
69 69 143 143 203 
20 20 209 209 
71 173 173 173 184 
8 8 8 140 
33 33 37 37 219 
120 120 152 152 
36 36 188 
197 197 197 197 219 
81 81 136 167 167 167 200 
202 206 206 
30 30 135 135 
81 154 154 235 
83 113 113 204 204 204 204 
5 5 159 
121 121 153 153 
14 22 22 22 22 
102 102 102 102 150 150 150 150 
9 9 30 30 64 64 64 196 196 244 
15 15 15 15 84 
167 228 
197 197 197 197 
57 57 57 
127 127 229 
44 44 44 118 171 
84 127 
236 
205 205 
23 23 83 
237 237 253 253 253 
100 100 109 
43 43 106 106 106 204 204 204 245 245 245 245 
26 26 30 30 123 123 136 136 136 182 182 239 239 
134 172 172 172 172 185 185 185 185 
109 109 

96 96 173 229 

137 174 
5 5 5 7 36 36 40 40 69 69 69 69 74 74 75 75 75 81 81 81 86 88 92 92 92 102 102 116 126 143 143 149 149 149 156 165 220 220 251 251 251 252 254 
83 113 177 177 177 177 195 195 195 245 245 245 246 
12 12 12 12 12 29 29 75 75 191 191 222 
18 18 60 60 61 90 90 90 174 174 
33 
4 4 14 14 
98 98 114 114 114 114 166 166 
33 70 70 70 122 
134 
6 6 6 222 
26 98 98 
58 58 

96 
75 75 233 233 
7 74 86 
169 172 
7 7 7 203 203 251 251 
5 5 
12 26 33 33 38 38 42 42 42 42 44 44 70 70 132 132 205 212 
18 18 18 119 119 119 146 146 
57 93 238 238 238 
24 152 
33 33 33 33 97 97 97 
5 56 56 114 133 
21 21 52 71 71 85 85 128 128 128 131 131 184 
96 96 187 200 240 240 
238 
15 15 15 26 87 103 
1 1 1 1 158 164 
75 217 217 
5 5 102 133 133 133 133 
5 5 42 42 42 114 114 176 
0 0 32 60 60 190 
26 26 193 193 253 
3 3 5 5 5 55 55 55 81 81 81 81 91 121 121 162 162 224 224 224 230 
30 30 162 162 196 196 
5 96 96 229 229 
57 57 93 93 93 154 
90 90 90 
5 5 42 77 77 122 
5 5 182 248 248 248 
195 195 195 195 204 204 204 
54 113 113 113 204 
8 8 71 126 126 126 
5 141 141 141 244 244 244 
70 84 84 84 
61 61 61 61 137 137 137 
81 81 81 99 99 203 203 203 220 220 
203 
87 87 193 193 193 237 
103 203 
100 100 100 
