nodes: 256 edges: 465

105 153 153 158 164 232 

238 
14 14 32 138 208 
26 38 50 50 56 81 81 102 103 103 108 117 123 123 133 136 136 142 159 178 203 203 221 235 235 238 238 240 243 244 248 
253 253 
86 86 97 203 203 218 220 220 220 
71 81 168 228 228 247 
41 182 
14 
28 96 96 
56 205 222 
33 33 
4 4 10 18 32 47 51 93 139 146 152 180 208 208 
115 115 115 115 183 231 
78 89 89 93 95 95 
49 66 84 84 
14 51 60 60 60 61 90 120 137 137 152 152 186 206 223 
62 
98 98 114 114 
140 228 228 
180 180 180 221 
192 
146 225 225 225 
228 
5 33 62 67 70 70 72 84 84 84 98 108 117 196 196 213 222 231 
68 68 68 153 
11 88 88 
51 
175 182 196 196 239 
146 152 157 
4 14 
13 13 26 44 44 44 134 150 150 150 169 222 222 226 

53 65 81 81 
203 
169 
5 42 222 222 


9 101 101 101 
38 81 81 102 125 125 222 222 222 222 235 243 
195 
33 33 33 59 122 150 150 188 
52 85 153 
106 106 
14 152 152 
58 58 163 163 163 
17 194 
5 5 123 123 
14 18 29 
45 228 
35 81 
127 127 246 246 
238 238 
5 12 142 150 150 227 
93 93 224 
48 48 214 214 214 
44 70 
18 18 18 76 236 236 
18 250 
19 26 

182 182 
35 81 81 93 
17 84 
26 
27 27 27 
88 88 165 203 203 
26 26 59 77 77 84 84 210 222 249 
8 131 247 247 
26 213 
122 122 
203 
99 99 147 191 205 
60 
70 70 122 
16 89 89 89 93 

137 
5 5 8 35 35 42 42 53 65 65 93 153 153 153 173 203 238 251 251 
108 
177 204 204 
17 17 26 26 26 66 70 70 183 189 189 249 
45 131 228 
7 7 218 
98 253 
28 28 69 69 
16 16 78 78 78 
18 137 242 242 
238 

14 16 57 57 65 78 81 95 95 95 95 176 224 
243 248 
16 16 93 93 93 93 
11 11 114 122 144 144 200 200 229 240 240 240 
7 124 130 130 226 226 
20 20 26 87 
75 75 147 251 251 
109 194 255 255 
41 41 41 113 145 
5 42 181 181 234 
5 5 231 231 
129 129 129 
1 153 155 
46 46 
119 
5 26 82 191 
100 124 194 194 194 198 198 
153 153 


101 145 145 246 
20 20 96 209 209 209 227 235 
15 15 15 15 
203 
5 26 
232 
107 152 
18 170 170 
133 133 133 133 179 179 179 179 238 
44 73 73 77 96 210 
5 5 50 50 160 160 160 161 161 196 
97 109 
42 42 
203 247 247 
54 54 161 189 229 229 
228 228 
104 104 104 
97 97 
71 85 151 
222 
5 121 121 121 121 141 141 227 227 234 
33 197 

5 5 196 196 196 
18 18 80 90 
4 
14 
21 158 158 168 
133 133 248 248 248 
5 56 159 
165 
96 96 
101 113 113 
14 24 31 
75 99 222 
153 

33 33 33 44 44 56 56 181 181 
131 
14 18 18 31 47 47 119 157 163 170 170 225 
1 1 27 45 81 81 81 105 110 110 148 228 228 228 
176 
105 
199 199 203 
31 152 
1 140 140 164 
5 142 
123 123 123 251 
123 123 127 
238 239 
48 48 48 152 
1 158 
69 143 203 203 203 

173 
8 140 
33 37 
120 120 152 152 

197 
81 167 
206 
30 196 196 
93 154 235 
83 
5 
121 121 121 121 
14 22 22 22 
102 102 150 150 
9 30 64 64 196 196 244 244 
15 84 
228 

18 

44 
84 84 127 

75 108 
23 206 

49 100 109 109 109 
43 204 245 
26 26 30 30 123 136 136 136 175 175 182 182 
134 172 
109 109 
156 156 
96 96 229 229 


5 5 7 7 36 69 69 74 81 116 126 156 165 165 165 220 251 252 254 
83 83 195 245 246 246 
12 75 
18 174 192 

4 14 14 
114 114 114 
70 122 


26 72 
58 58 58 
247 

233 233 
7 86 

7 7 7 203 
5 22 
12 26 33 33 38 38 42 42 42 42 70 132 147 
18 
57 93 238 
24 24 24 152 
33 97 97 
56 114 133 133 
8 8 21 21 25 52 85 128 128 153 153 153 184 
96 127 127 200 200 240 
238 
15 26 103 103 
1 118 
217 217 
102 133 
5 5 42 114 176 
60 60 
253 
3 5 5 55 55 81 91 121 162 224 230 
30 162 
5 96 96 96 229 

90 90 
5 42 94 
5 182 182 248 
195 204 
54 54 113 204 204 
8 71 71 126 126 215 
5 94 141 141 141 244 
70 84 
61 
81 81 99 99 160 203 
203 
6 6 87 237 
203 
100 100 
